date : 2015-12-31
동화약품 000020 유동자산 135,014,685,939 120,547,703,134
동화약품 000020 현금및현금성자산 44,889,375,505 32,623,181,172
동화약품 000020 매출채권 및 기타채권
동화약품 000020 재고자산 26,150,930,100 28,382,297,360
동화약품 000020 기타유동금융자산 0 0
동화약품 000020 기타유동자산 217,017,704 306,505,206
동화약품 000020 매각예정비유동자산 0 0
동화약품 000020 비유동자산 182,172,344,113 192,525,396,530
동화약품 000020 장기금융상품 0 0
동화약품 000020 기타포괄손익-공정가치 0 0
동화약품 000020 당기손익인식공정가치측정금융자산 0 0
동화약품 000020 종속회사투자 0 0
동화약품 000020 관계회사투자 0 0
동화약품 000020 렌탈자산 0 0
동화약품 000020 유형자산 151,777,299,159 161,854,136,727
동화약품 000020 무형자산 6,431,795,520 7,107,597,237
동화약품 000020 기타비유동금융자산 0 0
동화약품 000020 기타비유동자산 0 0
동화약품 000020 사용권자산 0 0
동화약품 000020 이연법인세자산 7,274,353,691 5,624,533,084
동화약품 000020 자산총계 317,187,030,052 313,073,099,664
동화약품 000020 유동부채 69,149,048,099 68,915,134,703
동화약품 000020 단기매입채무 0 0
동화약품 000020 단기차입금 2,000,000,000 2,000,000,000
동화약품 000020 유동성장기차입금 2,000,000,000 2,000,000,000
동화약품 000020 유동성사채 0 0
동화약품 000020 기타유동금융부채 0 0
동화약품 000020 기타유동부채 33,007,061,122 33,003,472,156
동화약품 000020 당기법인세부채 0 0
동화약품 000020 유동리스부채 0 0
동화약품 000020 비유동부채 17,920,239,528 14,432,182,545
동화약품 000020 사채 0 0
동화약품 000020 장기차입금 2,000,000,000 14,432,182,545
동화약품 000020 기타비유동금융부채 0 0
동화약품 000020 이연법인세부채 0 0
동화약품 000020 비유동리스부채 0 0
동화약품 000020 부채총계 87,069,287,627 83,347,317,248
동화약품 000020 자본금 27,931,470,000 27,931,470,000
동화약품 000020 자본잉여금 27,005,250,981 26,919,757,981
동화약품 000020 자본조정 0 0
동화약품 000020 기타포괄손익누계액 2,946,737,224 1,770,841,885
동화약품 000020 이익잉여금(결손금) 174,195,360,608 173,103,712,550
동화약품 000020 자본총계 230,117,742,425 229,725,782,416
동화약품 000020 자본과부채총계 317,187,030,052 313,073,099,664
date : 2016-03-31
동화약품 000020 유동자산 141,710,932,364 135,014,685,939
동화약품 000020 현금및현금성자산 47,495,604,990 44,889,375,505
동화약품 000020 매출채권 및 기타채권
동화약품 000020 재고자산 28,995,633,999 26,150,930,100
동화약품 000020 기타유동금융자산 0 0
동화약품 000020 기타유동자산 424,637,535 217,017,704
동화약품 000020 매각예정비유동자산 0 0
동화약품 000020 비유동자산 182,568,082,618 182,172,344,113
동화약품 000020 장기금융상품 0 0
동화약품 000020 기타포괄손익-공정가치 0 0
동화약품 000020 당기손익인식공정가치측정금융자산 0 0
동화약품 000020 종속회사투자 0 0
동화약품 000020 관계회사투자 0 0
동화약품 000020 렌탈자산 0 0
동화약품 000020 유형자산 149,260,432,370 151,777,299,159
동화약품 000020 무형자산 6,265,461,096 6,431,795,520
동화약품 000020 기타비유동금융자산 0 0
동화약품 000020 기타비유동자산 0 0
동화약품 000020 사용권자산 0 0
동화약품 000020 이연법인세자산 6,670,808,623 7,274,353,691
동화약품 000020 자산총계 324,279,014,982 317,187,030,052
동화약품 000020 유동부채 71,083,295,531 68,981,227,859
동화약품 000020 단기매입채무 0 0
동화약품 000020 단기차입금 2,000,000,000 2,000,000,000
동화약품 000020 유동성장기차입금 2,000,000,000 2,000,000,000
동화약품 000020 유동성사채 0 0
동화약품 000020 기타유동금융부채 0 0
동화약품 000020 기타유동부채 34,412,290,030 32,839,240,882
동화약품 000020 당기법인세부채 0 0
동화약품 000020 유동리스부채 0 0
동화약품 000020 비유동부채 19,294,549,722 18,088,059,768
동화약품 000020 사채 0 0
동화약품 000020 장기차입금 0 0
동화약품 000020 기타비유동금융부채 0 0
동화약품 000020 이연법인세부채 0 0
동화약품 000020 비유동리스부채 0 0
동화약품 000020 부채총계 90,377,845,253 87,069,287,627
동화약품 000020 자본금 27,931,470,000 27,931,470,000
동화약품 000020 자본잉여금 27,005,250,981 27,005,250,981
동화약품 000020 자본조정 0 0
동화약품 000020 기타포괄손익누계액 4,158,320,038 2,946,737,224
동화약품 000020 이익잉여금(결손금) 176,767,205,098 174,195,360,608
동화약품 000020 자본총계 233,901,169,729 230,117,742,425
동화약품 000020 자본과부채총계 324,279,014,982 317,187,030,052
date : 2016-06-30
동화약품 000020 유동자산 149,945,779,150 135,014,685,939
동화약품 000020 현금및현금성자산 52,981,880,213 44,889,375,505
동화약품 000020 매출채권 및 기타채권
동화약품 000020 재고자산 29,355,626,442 26,150,930,100
동화약품 000020 기타유동금융자산 0 0
동화약품 000020 기타유동자산 424,900,925 217,017,704
동화약품 000020 매각예정비유동자산 0 0
동화약품 000020 비유동자산 180,966,533,506 182,172,344,113
동화약품 000020 장기금융상품 0 0
동화약품 000020 기타포괄손익-공정가치 0 0
동화약품 000020 당기손익인식공정가치측정금융자산 0 0
동화약품 000020 종속회사투자 0 0
동화약품 000020 관계회사투자 0 0
동화약품 000020 렌탈자산 0 0
동화약품 000020 유형자산 146,897,039,956 151,777,299,159
동화약품 000020 무형자산 6,906,904,309 6,431,795,520
동화약품 000020 기타비유동금융자산 0 0
동화약품 000020 기타비유동자산 0 0
동화약품 000020 사용권자산 0 0
동화약품 000020 이연법인세자산 7,486,515,648 7,274,353,691
동화약품 000020 자산총계 330,912,312,656 317,187,030,052
동화약품 000020 유동부채 76,186,707,200 68,981,227,859
동화약품 000020 단기매입채무 0 0
동화약품 000020 단기차입금 2,000,000,000 2,000,000,000
동화약품 000020 유동성장기차입금 2,000,000,000 2,000,000,000
동화약품 000020 유동성사채 0 0
동화약품 000020 기타유동금융부채 0 0
동화약품 000020 기타유동부채 34,806,292,615 32,839,240,882
동화약품 000020 당기법인세부채 0 0
동화약품 000020 유동리스부채 0 0
동화약품 000020 비유동부채 20,455,809,149 18,088,059,768
동화약품 000020 사채 0 0
동화약품 000020 장기차입금 0 0
동화약품 000020 기타비유동금융부채 0 0
동화약품 000020 이연법인세부채 0 0
동화약품 000020 비유동리스부채 0 0
동화약품 000020 부채총계 96,642,516,349 87,069,287,627
동화약품 000020 자본금 27,931,470,000 27,931,470,000
동화약품 000020 자본잉여금 27,005,250,981 27,005,250,981
동화약품 000020 자본조정 0 0
동화약품 000020 기타포괄손익누계액 3,548,736,435 2,946,737,224
동화약품 000020 이익잉여금(결손금) 177,745,415,279 174,195,360,608
동화약품 000020 자본총계 234,269,796,307 230,117,742,425
동화약품 000020 자본과부채총계 330,912,312,656 317,187,030,052
date : 2016-09-30
동화약품 000020 유동자산 149,676,992,780 135,014,685,939
동화약품 000020 현금및현금성자산 48,211,303,802 44,889,375,505
동화약품 000020 매출채권 및 기타채권
동화약품 000020 재고자산 28,583,320,104 26,150,930,100
동화약품 000020 기타유동금융자산 0 0
동화약품 000020 기타유동자산 364,823,275 217,017,704
동화약품 000020 매각예정비유동자산 0 0
동화약품 000020 비유동자산 178,746,942,420 182,172,344,113
동화약품 000020 장기금융상품 0 0
동화약품 000020 기타포괄손익-공정가치 0 0
동화약품 000020 당기손익인식공정가치측정금융자산 0 0
동화약품 000020 종속회사투자 0 0
동화약품 000020 관계회사투자 0 0
동화약품 000020 렌탈자산 0 0
동화약품 000020 유형자산 144,573,849,054 151,777,299,159
동화약품 000020 무형자산 6,781,647,745 6,431,795,520
동화약품 000020 기타비유동금융자산 0 0
동화약품 000020 기타비유동자산 0 0
동화약품 000020 사용권자산 0 0
동화약품 000020 이연법인세자산 8,319,421,512 7,274,353,691
동화약품 000020 자산총계 328,423,935,200 317,187,030,052
동화약품 000020 유동부채 71,579,498,433 68,981,227,859
동화약품 000020 단기매입채무 0 0
동화약품 000020 단기차입금 2,000,000,000 2,000,000,000
동화약품 000020 유동성장기차입금 2,000,000,000 2,000,000,000
동화약품 000020 유동성사채 0 0
동화약품 000020 기타유동금융부채 0 0
동화약품 000020 기타유동부채 36,318,997,777 32,839,240,882
동화약품 000020 당기법인세부채 0 0
동화약품 000020 유동리스부채 0 0
동화약품 000020 비유동부채 21,654,872,261 18,088,059,768
동화약품 000020 사채 0 0
동화약품 000020 장기차입금 0 0
동화약품 000020 기타비유동금융부채 0 0
동화약품 000020 이연법인세부채 0 0
동화약품 000020 비유동리스부채 0 0
동화약품 000020 부채총계 93,234,370,694 87,069,287,627
동화약품 000020 자본금 27,931,470,000 27,931,470,000
동화약품 000020 자본잉여금 27,005,250,981 27,005,250,981
동화약품 000020 자본조정 0 0
동화약품 000020 기타포괄손익누계액 3,030,657,612 2,946,737,224
동화약품 000020 이익잉여금(결손금) 179,183,262,301 174,195,360,608
동화약품 000020 자본총계 235,189,564,506 230,117,742,425
동화약품 000020 자본과부채총계 328,423,935,200 317,187,030,052
date : 2016-12-31
동화약품 000020 유동자산 151,491,847,872 135,014,685,939
동화약품 000020 현금및현금성자산 35,730,376,719 44,889,375,505
동화약품 000020 매출채권 및 기타채권
동화약품 000020 재고자산 26,577,326,534 26,150,930,100
동화약품 000020 기타유동금융자산 0 0
동화약품 000020 기타유동자산 337,010,141 217,017,704
동화약품 000020 매각예정비유동자산 0 0
동화약품 000020 비유동자산 173,112,688,778 182,172,344,113
동화약품 000020 장기금융상품 0 0
동화약품 000020 기타포괄손익-공정가치 0 0
동화약품 000020 당기손익인식공정가치측정금융자산 0 0
동화약품 000020 종속회사투자 0 0
동화약품 000020 관계회사투자 0 0
동화약품 000020 렌탈자산 0 0
동화약품 000020 유형자산 142,170,913,278 151,777,299,159
동화약품 000020 무형자산 6,442,337,293 6,431,795,520
동화약품 000020 기타비유동금융자산 0 0
동화약품 000020 기타비유동자산 0 0
동화약품 000020 사용권자산 0 0
동화약품 000020 이연법인세자산 3,100,328,268 7,274,353,691
동화약품 000020 자산총계 324,604,536,650 317,187,030,052
동화약품 000020 유동부채 55,452,075,959 68,981,227,859
동화약품 000020 단기매입채무 0 0
동화약품 000020 단기차입금 0 2,000,000,000
동화약품 000020 유동성장기차입금 0 0
동화약품 000020 유동성사채 0 0
동화약품 000020 기타유동금융부채 0 0
동화약품 000020 기타유동부채 7,506,620,262 31,836,508,400
동화약품 000020 당기법인세부채 0 0
동화약품 000020 유동리스부채 0 0
동화약품 000020 비유동부채 16,227,160,789 18,088,059,768
동화약품 000020 사채 0 0
동화약품 000020 장기차입금 0 0
동화약품 000020 기타비유동금융부채 0 0
동화약품 000020 이연법인세부채 0 0
동화약품 000020 비유동리스부채 0 0
동화약품 000020 부채총계 71,679,236,748 87,069,287,627
동화약품 000020 자본금 27,931,470,000 27,931,470,000
동화약품 000020 자본잉여금 27,005,250,981 27,005,250,981
동화약품 000020 자본조정 0 0
동화약품 000020 기타포괄손익누계액 2,753,736,283 2,946,737,224
동화약품 000020 이익잉여금(결손금) 197,195,919,026 174,195,360,608
동화약품 000020 자본총계 252,925,299,902 230,117,742,425
동화약품 000020 자본과부채총계 324,604,536,650 317,187,030,052
date : 2017-03-31
동화약품 000020 유동자산 151,943,258,257 151,491,847,872
동화약품 000020 현금및현금성자산 39,920,511,280 35,730,376,719
동화약품 000020 매출채권 및 기타채권
동화약품 000020 재고자산 28,169,723,404 26,577,326,534
동화약품 000020 기타유동금융자산 0 0
동화약품 000020 기타유동자산 486,999,110 337,010,141
동화약품 000020 매각예정비유동자산 0 0
동화약품 000020 비유동자산 170,547,526,836 173,112,688,778
동화약품 000020 장기금융상품 0 0
동화약품 000020 기타포괄손익-공정가치 0 0
동화약품 000020 당기손익인식공정가치측정금융자산 0 0
동화약품 000020 종속회사투자 0 0
동화약품 000020 관계회사투자 0 0
동화약품 000020 렌탈자산 0 0
동화약품 000020 유형자산 139,753,470,276 142,170,913,278
동화약품 000020 무형자산 6,291,028,814 6,442,337,293
동화약품 000020 기타비유동금융자산 0 0
동화약품 000020 기타비유동자산 0 0
동화약품 000020 사용권자산 0 0
동화약품 000020 이연법인세자산 2,973,141,672 3,100,328,268
동화약품 000020 자산총계 322,490,785,093 324,604,536,650
동화약품 000020 유동부채 51,946,042,864 55,452,075,959
동화약품 000020 단기매입채무 0 0
동화약품 000020 단기차입금 0 0
동화약품 000020 유동성장기차입금 0 0
동화약품 000020 유동성사채 0 0
동화약품 000020 기타유동금융부채 0 0
동화약품 000020 기타유동부채 7,536,246,034 7,506,620,262
동화약품 000020 당기법인세부채 0 0
동화약품 000020 유동리스부채 0 0
동화약품 000020 비유동부채 17,316,402,896 16,227,160,789
동화약품 000020 사채 0 0
동화약품 000020 장기차입금 0 0
동화약품 000020 기타비유동금융부채 0 0
동화약품 000020 이연법인세부채 0 0
동화약품 000020 비유동리스부채 0 0
동화약품 000020 부채총계 69,262,445,760 71,679,236,748
동화약품 000020 자본금 27,931,470,000 27,931,470,000
동화약품 000020 자본잉여금 27,005,250,981 27,005,250,981
동화약품 000020 자본조정 0 0
동화약품 000020 기타포괄손익누계액 2,669,989,824 2,753,736,283
동화약품 000020 이익잉여금(결손금) 197,582,704,916 197,195,919,026
동화약품 000020 자본총계 253,228,339,333 252,925,299,902
동화약품 000020 자본과부채총계 322,490,785,093 324,604,536,650
date : 2017-06-30
동화약품 000020 유동자산 162,256,931,331 151,491,847,872
동화약품 000020 현금및현금성자산 41,294,355,580 35,730,376,719
동화약품 000020 매출채권 및 기타채권
동화약품 000020 재고자산 32,414,643,662 26,577,326,534
동화약품 000020 기타유동금융자산 0 0
동화약품 000020 기타유동자산 660,799,846 337,010,141
동화약품 000020 매각예정비유동자산 0 0
동화약품 000020 비유동자산 170,261,343,189 173,112,688,778
동화약품 000020 장기금융상품 0 0
동화약품 000020 기타포괄손익-공정가치 0 0
동화약품 000020 당기손익인식공정가치측정금융자산 0 0
동화약품 000020 종속회사투자 0 0
동화약품 000020 관계회사투자 0 0
동화약품 000020 렌탈자산 0 0
동화약품 000020 유형자산 138,412,146,058 142,170,913,278
동화약품 000020 무형자산 6,187,427,590 6,442,337,293
동화약품 000020 기타비유동금융자산 0 0
동화약품 000020 기타비유동자산 0 0
동화약품 000020 사용권자산 0 0
동화약품 000020 이연법인세자산 3,621,223,936 3,100,328,268
동화약품 000020 자산총계 332,518,274,520 324,604,536,650
동화약품 000020 유동부채 57,215,671,823 55,452,075,959
동화약품 000020 단기매입채무 0 0
동화약품 000020 단기차입금 0 0
동화약품 000020 유동성장기차입금 0 0
동화약품 000020 유동성사채 0 0
동화약품 000020 기타유동금융부채 0 0
동화약품 000020 기타유동부채 7,394,036,433 7,506,620,262
동화약품 000020 당기법인세부채 0 0
동화약품 000020 유동리스부채 0 0
동화약품 000020 비유동부채 18,546,260,743 16,227,160,789
동화약품 000020 사채 0 0
동화약품 000020 장기차입금 0 0
동화약품 000020 기타비유동금융부채 0 0
동화약품 000020 이연법인세부채 0 0
동화약품 000020 비유동리스부채 0 0
동화약품 000020 부채총계 75,761,932,566 71,679,236,748
동화약품 000020 자본금 27,931,470,000 27,931,470,000
동화약품 000020 자본잉여금 27,005,250,981 27,005,250,981
동화약품 000020 자본조정 0 0
동화약품 000020 기타포괄손익누계액 3,010,358,096 2,753,736,283
동화약품 000020 이익잉여금(결손금) 200,770,339,265 197,195,919,026
동화약품 000020 자본총계 256,756,341,954 252,925,299,902
동화약품 000020 자본과부채총계 332,518,274,520 324,604,536,650
date : 2017-09-30
동화약품 000020 유동자산 168,967,530,513 151,491,847,872
동화약품 000020 현금및현금성자산 38,837,886,527 35,730,376,719
동화약품 000020 매출채권 및 기타채권
동화약품 000020 재고자산 37,336,942,395 26,577,326,534
동화약품 000020 기타유동금융자산 0 0
동화약품 000020 기타유동자산 576,089,875 337,010,141
동화약품 000020 매각예정비유동자산 0 0
동화약품 000020 비유동자산 169,945,511,368 173,112,688,778
동화약품 000020 장기금융상품 0 0
동화약품 000020 기타포괄손익-공정가치 0 0
동화약품 000020 당기손익인식공정가치측정금융자산 0 0
동화약품 000020 종속회사투자 0 0
동화약품 000020 관계회사투자 0 0
동화약품 000020 렌탈자산 0 0
동화약품 000020 유형자산 136,136,746,909 142,170,913,278
동화약품 000020 무형자산 6,314,771,232 6,442,337,293
동화약품 000020 기타비유동금융자산 0 0
동화약품 000020 기타비유동자산 0 0
동화약품 000020 사용권자산 0 0
동화약품 000020 이연법인세자산 4,446,702,393 3,100,328,268
동화약품 000020 자산총계 338,913,041,881 324,604,536,650
동화약품 000020 유동부채 62,156,065,842 55,452,075,959
동화약품 000020 단기매입채무 0 0
동화약품 000020 단기차입금 0 0
동화약품 000020 유동성장기차입금 0 0
동화약품 000020 유동성사채 0 0
동화약품 000020 기타유동금융부채 0 0
동화약품 000020 기타유동부채 16,219,503,423 7,506,620,262
동화약품 000020 당기법인세부채 0 0
동화약품 000020 유동리스부채 0 0
동화약품 000020 비유동부채 19,715,747,979 16,227,160,789
동화약품 000020 사채 0 0
동화약품 000020 장기차입금 0 0
동화약품 000020 기타비유동금융부채 0 0
동화약품 000020 이연법인세부채 0 0
동화약품 000020 비유동리스부채 0 0
동화약품 000020 부채총계 81,871,813,821 71,679,236,748
동화약품 000020 자본금 27,931,470,000 27,931,470,000
동화약품 000020 자본잉여금 27,069,234,981 27,005,250,981
동화약품 000020 자본조정 0 0
동화약품 000020 기타포괄손익누계액 3,007,720,613 2,753,736,283
동화약품 000020 이익잉여금(결손금) 201,554,255,990 197,195,919,026
동화약품 000020 자본총계 257,041,228,060 252,925,299,902
동화약품 000020 자본과부채총계 338,913,041,881 324,604,536,650
date : 2017-12-31
동화약품 000020 유동자산 234,500,029,735 151,491,847,872
동화약품 000020 현금및현금성자산 31,588,170,227 35,730,376,719
동화약품 000020 매출채권 및 기타채권
동화약품 000020 재고자산 36,606,243,054 26,577,326,534
동화약품 000020 기타유동금융자산 0 0
동화약품 000020 기타유동자산 1,418,571,978 337,010,141
동화약품 000020 매각예정비유동자산 0 0
동화약품 000020 비유동자산 132,725,103,693 173,112,688,778
동화약품 000020 장기금융상품 0 0
동화약품 000020 기타포괄손익-공정가치 0 0
동화약품 000020 당기손익인식공정가치측정금융자산 0 0
동화약품 000020 종속회사투자 0 0
동화약품 000020 관계회사투자 0 0
동화약품 000020 렌탈자산 0 0
동화약품 000020 유형자산 103,746,340,780 142,170,913,278
동화약품 000020 무형자산 6,137,025,678 6,442,337,293
동화약품 000020 기타비유동금융자산 0 0
동화약품 000020 기타비유동자산 0 0
동화약품 000020 사용권자산 0 0
동화약품 000020 이연법인세자산 883,831,622 3,100,328,268
동화약품 000020 자산총계 367,225,133,428 324,604,536,650
동화약품 000020 유동부채 60,716,648,749 55,452,075,959
동화약품 000020 단기매입채무 0 0
동화약품 000020 단기차입금 0 0
동화약품 000020 유동성장기차입금 0 0
동화약품 000020 유동성사채 0 0
동화약품 000020 기타유동금융부채 0 0
동화약품 000020 기타유동부채 8,319,381,795 7,506,620,262
동화약품 000020 당기법인세부채 0 0
동화약품 000020 유동리스부채 0 0
동화약품 000020 비유동부채 9,563,756,250 16,227,160,789
동화약품 000020 사채 0 0
동화약품 000020 장기차입금 0 0
동화약품 000020 기타비유동금융부채 0 0
동화약품 000020 이연법인세부채 0 0
동화약품 000020 비유동리스부채 0 0
동화약품 000020 부채총계 70,280,404,999 71,679,236,748
동화약품 000020 자본금 27,931,470,000 27,931,470,000
동화약품 000020 자본잉여금 27,069,234,981 27,005,250,981
동화약품 000020 자본조정 0 0
동화약품 000020 기타포괄손익누계액 4,567,827,460 2,753,736,283
동화약품 000020 이익잉여금(결손금) 239,897,649,512 197,195,919,026
동화약품 000020 자본총계 296,944,728,429 252,925,299,902
동화약품 000020 자본과부채총계 367,225,133,428 324,604,536,650
date : 2018-03-31
동화약품 000020 유동자산 249,506,715,608 234,500,029,735
동화약품 000020 현금및현금성자산 35,564,400,250 31,588,170,227
동화약품 000020 매출채권 및 기타채권
동화약품 000020 재고자산 35,954,340,539 36,606,243,054
동화약품 000020 기타유동금융자산 0 0
동화약품 000020 기타유동자산 669,976,622 1,418,571,978
동화약품 000020 매각예정비유동자산 0 0
동화약품 000020 비유동자산 131,170,557,317 132,725,103,693
동화약품 000020 장기금융상품 0 0
동화약품 000020 기타포괄손익-공정가치 0 0
동화약품 000020 당기손익인식공정가치측정금융자산 0 0
동화약품 000020 종속회사투자 0 0
동화약품 000020 관계회사투자 0 0
동화약품 000020 렌탈자산 0 0
동화약품 000020 유형자산 102,134,098,166 103,746,340,780
동화약품 000020 무형자산 6,284,028,006 6,137,025,678
동화약품 000020 기타비유동금융자산 0 0
동화약품 000020 기타비유동자산 0 0
동화약품 000020 사용권자산 0 0
동화약품 000020 이연법인세자산 483,105,032 883,831,622
동화약품 000020 자산총계 380,677,272,925 367,225,133,428
동화약품 000020 유동부채 71,158,214,722 60,716,648,749
동화약품 000020 단기매입채무 0 0
동화약품 000020 단기차입금 0 0
동화약품 000020 유동성장기차입금 0 0
동화약품 000020 유동성사채 0 0
동화약품 000020 기타유동금융부채 0 0
동화약품 000020 기타유동부채 9,006,925,463 8,319,381,795
동화약품 000020 당기법인세부채 0 0
동화약품 000020 유동리스부채 0 0
동화약품 000020 비유동부채 10,852,766,007 9,563,756,250
동화약품 000020 사채 0 0
동화약품 000020 장기차입금 0 0
동화약품 000020 기타비유동금융부채 0 0
동화약품 000020 이연법인세부채 0 0
동화약품 000020 비유동리스부채 0 0
동화약품 000020 부채총계 82,010,980,729 70,280,404,999
동화약품 000020 자본금 27,931,470,000 27,931,470,000
동화약품 000020 자본잉여금 27,069,234,981 27,069,234,981
동화약품 000020 자본조정 0 0
동화약품 000020 기타포괄손익누계액 6,254,253,997 4,567,827,460
동화약품 000020 이익잉여금(결손금) 239,932,786,742 239,897,649,512
동화약품 000020 자본총계 298,666,292,196 296,944,728,429
동화약품 000020 자본과부채총계 380,677,272,925 367,225,133,428
date : 2018-06-30
동화약품 000020 유동자산 240,910,329,182 234,500,029,735
동화약품 000020 현금및현금성자산 35,886,865,312 31,588,170,227
동화약품 000020 매출채권 및 기타채권
동화약품 000020 재고자산 41,968,123,247 36,606,243,054
동화약품 000020 기타유동금융자산 0 0
동화약품 000020 기타유동자산 881,117,040 1,418,571,978
동화약품 000020 매각예정비유동자산 0 0
동화약품 000020 비유동자산 134,016,437,743 132,725,103,693
동화약품 000020 장기금융상품 0 0
동화약품 000020 기타포괄손익-공정가치 0 0
동화약품 000020 당기손익인식공정가치측정금융자산 0 0
동화약품 000020 종속회사투자 0 0
동화약품 000020 관계회사투자 0 0
동화약품 000020 렌탈자산 0 0
동화약품 000020 유형자산 100,054,310,141 103,746,340,780
동화약품 000020 무형자산 6,090,396,149 6,137,025,678
동화약품 000020 기타비유동금융자산 0 0
동화약품 000020 기타비유동자산 0 0
동화약품 000020 사용권자산 0 0
동화약품 000020 이연법인세자산 1,393,308,796 883,831,622
동화약품 000020 자산총계 374,926,766,925 367,225,133,428
동화약품 000020 유동부채 63,762,779,413 60,716,648,749
동화약품 000020 단기매입채무 0 0
동화약품 000020 단기차입금 0 0
동화약품 000020 유동성장기차입금 0 0
동화약품 000020 유동성사채 0 0
동화약품 000020 기타유동금융부채 0 0
동화약품 000020 기타유동부채 8,463,395,395 8,319,381,795
동화약품 000020 당기법인세부채 0 0
동화약품 000020 유동리스부채 0 0
동화약품 000020 비유동부채 12,413,252,706 9,563,756,250
동화약품 000020 사채 0 0
동화약품 000020 장기차입금 0 0
동화약품 000020 기타비유동금융부채 0 0
동화약품 000020 이연법인세부채 0 0
동화약품 000020 비유동리스부채 0 0
동화약품 000020 부채총계 76,176,032,119 70,280,404,999
동화약품 000020 자본금 27,931,470,000 27,931,470,000
동화약품 000020 자본잉여금 27,069,234,981 27,069,234,981
동화약품 000020 자본조정 0 0
동화약품 000020 기타포괄손익누계액 5,588,792,287 4,567,827,460
동화약품 000020 이익잉여금(결손금) 240,682,691,062 239,897,649,512
동화약품 000020 자본총계 298,750,734,806 296,944,728,429
동화약품 000020 자본과부채총계 374,926,766,925 367,225,133,428
date : 2018-09-30
동화약품 000020 유동자산 237,352,726,541 234,500,029,735
동화약품 000020 현금및현금성자산 33,756,378,953 31,588,170,227
동화약품 000020 매출채권 및 기타유동채권
동화약품 000020 재고자산 42,028,338,714 36,606,243,054
동화약품 000020 기타유동금융자산 0 0
동화약품 000020 기타유동자산 782,381,936 1,418,571,978
동화약품 000020 매각예정비유동자산 0 0
동화약품 000020 비유동자산 135,179,805,771 132,725,103,693
동화약품 000020 장기금융상품 0 0
동화약품 000020 기타포괄손익-공정가치 0 0
동화약품 000020 당기손익인식공정가치측정금융자산 0 0
동화약품 000020 종속회사투자 0 0
동화약품 000020 관계회사투자 0 0
동화약품 000020 렌탈자산 0 0
동화약품 000020 유형자산 98,001,112,961 103,746,340,780
동화약품 000020 무형자산 5,881,436,882 6,137,025,678
동화약품 000020 기타비유동금융자산 8,045,201,790 3,128,916,860
동화약품 000020 기타비유동자산 0 0
동화약품 000020 사용권자산 0 0
동화약품 000020 이연법인세자산 2,277,150,473 883,831,622
동화약품 000020 자산총계 372,532,532,312 367,225,133,428
동화약품 000020 유동부채 58,090,901,763 60,716,648,749
동화약품 000020 단기매입채무 0 0
동화약품 000020 단기차입금 0 0
동화약품 000020 유동성장기차입금 0 0
동화약품 000020 유동성사채 0 0
동화약품 000020 기타유동금융부채 0 0
동화약품 000020 기타유동부채 9,992,661,901 8,319,381,795
동화약품 000020 당기법인세부채 0 0
동화약품 000020 유동리스부채 0 0
동화약품 000020 비유동부채 13,959,556,801 9,563,756,250
동화약품 000020 사채 0 0
동화약품 000020 장기차입금 0 0
동화약품 000020 기타비유동금융부채 0 0
동화약품 000020 이연법인세부채 0 0
동화약품 000020 비유동리스부채 0 0
동화약품 000020 부채총계 72,050,458,564 70,280,404,999
동화약품 000020 자본금 27,931,470,000 27,931,470,000
동화약품 000020 자본잉여금 27,069,234,981 27,069,234,981
동화약품 000020 자본조정 0 0
동화약품 000020 기타포괄손익누계액 6,142,571,312 4,567,827,460
동화약품 000020 이익잉여금(결손금) 241,860,250,979 239,897,649,512
동화약품 000020 자본총계 300,482,073,748 296,944,728,429
동화약품 000020 자본과부채총계 372,532,532,312 367,225,133,428
date : 2018-12-31
동화약품 000020 유동자산 226,382,730,762 234,500,029,735
동화약품 000020 현금및현금성자산 39,729,885,059 31,588,170,227
동화약품 000020 매출채권 및 기타채권
동화약품 000020 재고자산 43,717,602,702 36,606,243,054
동화약품 000020 기타유동금융자산 63,444,816,506 98,442,201,326
동화약품 000020 기타유동자산 932,588,603 1,418,571,978
동화약품 000020 매각예정비유동자산 0 0
동화약품 000020 비유동자산 143,911,768,000 132,725,103,693
동화약품 000020 장기금융상품 0 0
동화약품 000020 기타포괄손익-공정가치 0 0
동화약품 000020 당기손익인식공정가치측정금융자산 0 0
동화약품 000020 종속회사투자 0 0
동화약품 000020 관계회사투자 0 0
동화약품 000020 렌탈자산 0 0
동화약품 000020 유형자산 96,772,494,841 103,746,340,780
동화약품 000020 무형자산 5,581,168,923 6,137,025,678
동화약품 000020 기타비유동금융자산 12,872,437,777 3,128,916,860
동화약품 000020 기타비유동자산 0 0
동화약품 000020 사용권자산 0 0
동화약품 000020 이연법인세자산 3,858,358,162 883,831,622
동화약품 000020 자산총계 370,294,498,762 367,225,133,428
동화약품 000020 유동부채 60,797,175,590 60,716,648,749
동화약품 000020 단기매입채무 0 0
동화약품 000020 단기차입금 0 0
동화약품 000020 유동성장기차입금 0 0
동화약품 000020 유동성사채 0 0
동화약품 000020 기타유동금융부채 0 0
동화약품 000020 기타유동부채 9,840,462,668 8,319,381,795
동화약품 000020 당기법인세부채 0 0
동화약품 000020 유동리스부채 0 0
동화약품 000020 비유동부채 12,400,309,641 9,563,756,250
동화약품 000020 사채 0 0
동화약품 000020 장기차입금 0 0
동화약품 000020 기타비유동금융부채 246,000,000 239,300,000
동화약품 000020 이연법인세부채 0 0
동화약품 000020 비유동리스부채 0 0
동화약품 000020 부채총계 73,197,485,231 70,280,404,999
동화약품 000020 자본금 27,931,470,000 27,931,470,000
동화약품 000020 자본잉여금 27,069,234,981 27,069,234,981
동화약품 000020 자본조정 0 0
동화약품 000020 기타포괄손익누계액 1,464,724,509 4,567,827,460
동화약품 000020 이익잉여금(결손금) 243,153,037,565 239,897,649,512
동화약품 000020 자본총계 297,097,013,531 296,944,728,429
동화약품 000020 자본과부채총계 370,294,498,762 367,225,133,428
date : 2019-03-31
동화약품 000020 유동자산 223,274,873,371 226,382,730,762
동화약품 000020 현금및현금성자산 34,071,436,570 39,729,885,059
동화약품 000020 매출채권 및 기타채권
동화약품 000020 재고자산 44,361,626,893 43,717,602,702
동화약품 000020 기타유동금융자산 63,615,016,135 63,444,816,506
동화약품 000020 기타유동자산 773,339,264 932,588,603
동화약품 000020 매각예정비유동자산 0 0
동화약품 000020 비유동자산 148,727,671,974 143,911,768,000
동화약품 000020 장기금융상품 0 0
동화약품 000020 기타포괄손익-공정가치 0 0
동화약품 000020 당기손익인식공정가치측정금융자산 0 0
동화약품 000020 종속회사투자 0 0
동화약품 000020 관계회사투자 0 0
동화약품 000020 렌탈자산 0 0
동화약품 000020 유형자산 94,618,247,597 96,772,494,841
동화약품 000020 무형자산 5,438,476,908 5,581,168,923
동화약품 000020 기타비유동금융자산 19,165,311,527 12,872,437,777
동화약품 000020 기타비유동자산 0 0
동화약품 000020 사용권자산 725,250,690 0
동화약품 000020 이연법인세자산 3,349,170,638 3,858,358,162
동화약품 000020 자산총계 372,002,545,345 370,294,498,762
동화약품 000020 유동부채 61,426,673,399 60,797,175,590
동화약품 000020 단기매입채무 0 0
동화약품 000020 단기차입금 0 0
동화약품 000020 유동성장기차입금 0 0
동화약품 000020 유동성사채 0 0
동화약품 000020 기타유동금융부채 0 0
동화약품 000020 기타유동부채 10,353,586,733 9,840,462,668
동화약품 000020 당기법인세부채 0 0
동화약품 000020 유동리스부채 0 0
동화약품 000020 비유동부채 14,297,430,086 12,400,309,641
동화약품 000020 사채 0 0
동화약품 000020 장기차입금 0 0
동화약품 000020 기타비유동금융부채 246,000,000 246,000,000
동화약품 000020 이연법인세부채 0 0
동화약품 000020 비유동리스부채 0 0
동화약품 000020 부채총계 75,724,103,485 73,197,485,231
동화약품 000020 자본금 27,931,470,000 27,931,470,000
동화약품 000020 자본잉여금 27,069,234,981 27,069,234,981
동화약품 000020 자본조정 0 0
동화약품 000020 기타포괄손익누계액 2,089,475,478 1,464,724,509
동화약품 000020 이익잉여금(결손금) 0 0
동화약품 000020 자본총계 296,278,441,860 297,097,013,531
동화약품 000020 자본과부채총계 372,002,545,345 370,294,498,762
