date : 2015-12-31
중앙에너비스 000440 유동자산 4,947,560,824 5,902,126,167
중앙에너비스 000440 현금및현금성자산 88,900,019 236,415,847
중앙에너비스 000440 매출채권 2,219,016,397 2,641,628,580
중앙에너비스 000440 재고자산 1,482,500,900 1,242,855,352
중앙에너비스 000440 기타유동금융자산 0 0
중앙에너비스 000440 기타유동자산 264,421,497 1,105,172,980
중앙에너비스 000440 매각예정비유동자산 0 0
중앙에너비스 000440 비유동자산 59,848,763,710 55,414,338,699
중앙에너비스 000440 장기금융상품 5,000,000 5,500,000
중앙에너비스 000440 기타포괄손익-공정가치 0 0
중앙에너비스 000440 당기손익인식공정가치측정금융자산 0 0
중앙에너비스 000440 종속회사투자 0 0
중앙에너비스 000440 관계회사투자 0 0
중앙에너비스 000440 렌탈자산 0 0
중앙에너비스 000440 유형자산 47,167,241,936 42,084,825,998
중앙에너비스 000440 무형자산 2,143,886,282 2,157,186,278
중앙에너비스 000440 기타비유동금융자산 0 0
중앙에너비스 000440 기타비유동자산 656,157,137 146,301,900
중앙에너비스 000440 사용권자산 0 0
중앙에너비스 000440 이연법인세자산 0 0
중앙에너비스 000440 자산총계 64,796,324,534 61,316,464,866
중앙에너비스 000440 유동부채 17,351,214,674 15,443,952,756
중앙에너비스 000440 단기매입채무 0 0
중앙에너비스 000440 단기차입금 14,218,767,201 13,865,588,628
중앙에너비스 000440 유동성장기차입금 0 0
중앙에너비스 000440 유동성사채 0 0
중앙에너비스 000440 기타유동금융부채 0 0
중앙에너비스 000440 기타유동부채 2,495,892,918 1,048,818,939
중앙에너비스 000440 당기법인세부채 0 0
중앙에너비스 000440 유동리스부채 0 0
중앙에너비스 000440 비유동부채 2,770,661,142 1,764,475,763
중앙에너비스 000440 사채 0 0
중앙에너비스 000440 장기차입금 2,516,834,167 1,453,634,000
중앙에너비스 000440 기타비유동금융부채 1,782,379 58,084,348
중앙에너비스 000440 이연법인세부채 0 0
중앙에너비스 000440 비유동리스부채 0 0
중앙에너비스 000440 부채총계 20,121,875,816 17,208,428,519
중앙에너비스 000440 자본금 3,113,565,000 3,113,565,000
중앙에너비스 000440 자본잉여금 27,718,747,567 27,718,747,567
중앙에너비스 000440 자본조정 0 0
중앙에너비스 000440 기타포괄손익누계액 0 0
중앙에너비스 000440 이익잉여금(결손금) 0 0
중앙에너비스 000440 자본총계 44,674,448,718 44,108,036,347
중앙에너비스 000440 자본과부채총계 64,796,324,534 61,316,464,866
date : 2016-03-31
중앙에너비스 000440 유동자산 5,456,684,880 4,947,560,824
중앙에너비스 000440 현금및현금성자산 83,995,666 88,900,019
중앙에너비스 000440 매출채권 2,215,900,564 2,219,016,397
중앙에너비스 000440 재고자산 2,164,712,551 1,482,500,900
중앙에너비스 000440 기타유동금융자산 0 0
중앙에너비스 000440 기타유동자산 174,797,831 264,421,497
중앙에너비스 000440 매각예정비유동자산 0 0
중앙에너비스 000440 비유동자산 59,661,126,942 59,848,763,710
중앙에너비스 000440 장기금융상품 5,000,000 5,000,000
중앙에너비스 000440 기타포괄손익-공정가치 0 0
중앙에너비스 000440 당기손익인식공정가치측정금융자산 0 0
중앙에너비스 000440 종속회사투자 0 0
중앙에너비스 000440 관계회사투자 0 0
중앙에너비스 000440 렌탈자산 0 0
중앙에너비스 000440 유형자산 47,009,641,095 47,167,241,936
중앙에너비스 000440 무형자산 2,140,561,283 2,143,886,282
중앙에너비스 000440 기타비유동금융자산 0 0
중앙에너비스 000440 기타비유동자산 636,157,137 656,157,137
중앙에너비스 000440 사용권자산 0 0
중앙에너비스 000440 이연법인세자산 0 0
중앙에너비스 000440 자산총계 65,117,811,822 64,796,324,534
중앙에너비스 000440 유동부채 18,290,000,179 17,351,214,674
중앙에너비스 000440 단기매입채무 0 0
중앙에너비스 000440 단기차입금 14,380,538,141 14,218,767,201
중앙에너비스 000440 유동성장기차입금 0 0
중앙에너비스 000440 유동성사채 0 0
중앙에너비스 000440 기타유동금융부채 0 0
중앙에너비스 000440 기타유동부채 3,068,357,468 2,495,892,918
중앙에너비스 000440 당기법인세부채 0 0
중앙에너비스 000440 유동리스부채 0 0
중앙에너비스 000440 비유동부채 2,772,273,423 2,770,661,142
중앙에너비스 000440 사채 0 0
중앙에너비스 000440 장기차입금 2,439,417,500 2,516,834,167
중앙에너비스 000440 기타비유동금융부채 1,782,379 2,516,834,167
중앙에너비스 000440 이연법인세부채 0 0
중앙에너비스 000440 비유동리스부채 0 0
중앙에너비스 000440 부채총계 21,062,273,602 20,121,875,816
중앙에너비스 000440 자본금 3,113,565,000 3,113,565,000
중앙에너비스 000440 자본잉여금 27,718,747,567 27,718,747,567
중앙에너비스 000440 자본조정 0 0
중앙에너비스 000440 기타포괄손익누계액 0 0
중앙에너비스 000440 이익잉여금(결손금) 0 0
중앙에너비스 000440 자본총계 44,055,538,220 44,674,448,718
중앙에너비스 000440 자본과부채총계 65,117,811,822 64,796,324,534
date : 2016-06-30
중앙에너비스 000440 유동자산 5,425,398,869 4,947,560,824
중앙에너비스 000440 현금및현금성자산 78,714,202 88,900,019
중앙에너비스 000440 매출채권 2,315,868,058 2,219,016,397
중앙에너비스 000440 재고자산 2,078,206,517 1,482,500,900
중앙에너비스 000440 기타유동금융자산 0 0
중앙에너비스 000440 기타유동자산 268,593,637 264,421,497
중앙에너비스 000440 매각예정비유동자산 0 0
중앙에너비스 000440 비유동자산 59,388,482,906 59,848,763,710
중앙에너비스 000440 장기금융상품 5,000,000 5,000,000
중앙에너비스 000440 기타포괄손익-공정가치 0 0
중앙에너비스 000440 당기손익인식공정가치측정금융자산 0 0
중앙에너비스 000440 종속회사투자 0 0
중앙에너비스 000440 관계회사투자 0 0
중앙에너비스 000440 렌탈자산 0 0
중앙에너비스 000440 유형자산 46,806,729,399 47,167,241,936
중앙에너비스 000440 무형자산 2,093,473,871 2,143,886,282
중앙에너비스 000440 기타비유동금융자산 0 0
중앙에너비스 000440 기타비유동자산 620,223,137 656,157,137
중앙에너비스 000440 사용권자산 0 0
중앙에너비스 000440 이연법인세자산 0 0
중앙에너비스 000440 자산총계 64,813,881,775 64,796,324,534
중앙에너비스 000440 유동부채 17,877,828,816 17,351,214,674
중앙에너비스 000440 단기매입채무 0 0
중앙에너비스 000440 단기차입금 14,613,332,981 14,218,767,201
중앙에너비스 000440 유동성장기차입금 0 0
중앙에너비스 000440 유동성사채 0 0
중앙에너비스 000440 기타유동금융부채 0 0
중앙에너비스 000440 기타유동부채 2,470,751,184 2,495,892,918
중앙에너비스 000440 당기법인세부채 0 0
중앙에너비스 000440 유동리스부채 0 0
중앙에너비스 000440 비유동부채 2,603,927,051 2,770,661,142
중앙에너비스 000440 사채 0 0
중앙에너비스 000440 장기차입금 2,205,750,500 2,516,834,167
중앙에너비스 000440 기타비유동금융부채 1,782,379 2,516,834,167
중앙에너비스 000440 이연법인세부채 0 0
중앙에너비스 000440 비유동리스부채 0 0
중앙에너비스 000440 부채총계 20,481,755,867 20,121,875,816
중앙에너비스 000440 자본금 3,113,565,000 3,113,565,000
중앙에너비스 000440 자본잉여금 27,718,747,567 27,718,747,567
중앙에너비스 000440 자본조정 0 0
중앙에너비스 000440 기타포괄손익누계액 0 0
중앙에너비스 000440 이익잉여금(결손금) 0 0
중앙에너비스 000440 자본총계 44,332,125,908 44,674,448,718
중앙에너비스 000440 자본과부채총계 64,813,881,775 64,796,324,534
date : 2016-09-30
중앙에너비스 000440 유동자산 5,330,958,924 4,947,560,824
중앙에너비스 000440 현금및현금성자산 82,370,136 88,900,019
중앙에너비스 000440 매출채권 2,288,322,952 2,219,016,397
중앙에너비스 000440 재고자산 2,047,578,406 1,482,500,900
중앙에너비스 000440 기타유동금융자산 0 0
중앙에너비스 000440 기타유동자산 263,038,469 264,421,497
중앙에너비스 000440 매각예정비유동자산 0 0
중앙에너비스 000440 비유동자산 59,125,431,296 59,848,763,710
중앙에너비스 000440 장기금융상품 5,000,000 5,000,000
중앙에너비스 000440 기타포괄손익-공정가치 0 0
중앙에너비스 000440 당기손익인식공정가치측정금융자산 0 0
중앙에너비스 000440 종속회사투자 0 0
중앙에너비스 000440 관계회사투자 0 0
중앙에너비스 000440 렌탈자산 0 0
중앙에너비스 000440 유형자산 46,555,218,718 47,167,241,936
중앙에너비스 000440 무형자산 2,092,643,870 2,143,886,282
중앙에너비스 000440 기타비유동금융자산 0 0
중앙에너비스 000440 기타비유동자산 616,223,137 656,157,137
중앙에너비스 000440 사용권자산 0 0
중앙에너비스 000440 이연법인세자산 0 0
중앙에너비스 000440 자산총계 64,456,390,220 64,796,324,534
중앙에너비스 000440 유동부채 17,008,391,999 17,351,214,674
중앙에너비스 000440 단기매입채무 0 0
중앙에너비스 000440 단기차입금 13,679,395,537 14,218,767,201
중앙에너비스 000440 유동성장기차입금 0 0
중앙에너비스 000440 유동성사채 0 0
중앙에너비스 000440 기타유동금융부채 0 0
중앙에너비스 000440 기타유동부채 2,680,504,047 2,495,892,918
중앙에너비스 000440 당기법인세부채 0 0
중앙에너비스 000440 유동리스부채 0 0
중앙에너비스 000440 비유동부채 2,662,150,469 2,770,661,142
중앙에너비스 000440 사채 0 0
중앙에너비스 000440 장기차입금 2,201,250,500 2,516,834,167
중앙에너비스 000440 기타비유동금융부채 1,782,379 2,516,834,167
중앙에너비스 000440 이연법인세부채 0 0
중앙에너비스 000440 비유동리스부채 0 0
중앙에너비스 000440 부채총계 19,670,542,468 20,121,875,816
중앙에너비스 000440 자본금 3,113,565,000 3,113,565,000
중앙에너비스 000440 자본잉여금 27,718,747,567 27,718,747,567
중앙에너비스 000440 자본조정 0 0
중앙에너비스 000440 기타포괄손익누계액 0 0
중앙에너비스 000440 이익잉여금(결손금) 0 0
중앙에너비스 000440 자본총계 44,785,847,752 44,674,448,718
중앙에너비스 000440 자본과부채총계 64,456,390,220 64,796,324,534
date : 2016-12-31
중앙에너비스 000440 유동자산 5,703,006,810 4,947,560,824
중앙에너비스 000440 현금및현금성자산 93,689,980 88,900,019
중앙에너비스 000440 매출채권 2,570,503,965 2,219,016,397
중앙에너비스 000440 재고자산 2,532,956,455 1,482,500,900
중앙에너비스 000440 기타유동금융자산 0 0
중앙에너비스 000440 기타유동자산 271,329,124 264,421,497
중앙에너비스 000440 매각예정비유동자산 0 0
중앙에너비스 000440 비유동자산 58,863,798,811 59,848,763,710
중앙에너비스 000440 장기금융상품 5,000,000 5,000,000
중앙에너비스 000440 기타포괄손익-공정가치 0 0
중앙에너비스 000440 당기손익인식공정가치측정금융자산 0 0
중앙에너비스 000440 종속회사투자 0 0
중앙에너비스 000440 관계회사투자 0 0
중앙에너비스 000440 렌탈자산 0 0
중앙에너비스 000440 유형자산 46,283,990,154 47,167,241,936
중앙에너비스 000440 무형자산 2,025,180,430 2,143,886,282
중앙에너비스 000440 기타비유동금융자산 0 0
중앙에너비스 000440 기타비유동자산 699,993,607 656,157,137
중앙에너비스 000440 사용권자산 0 0
중앙에너비스 000440 이연법인세자산 0 0
중앙에너비스 000440 자산총계 64,566,805,621 64,796,324,534
중앙에너비스 000440 유동부채 17,959,011,682 17,351,214,674
중앙에너비스 000440 단기매입채무 0 0
중앙에너비스 000440 단기차입금 14,257,555,368 14,218,767,201
중앙에너비스 000440 유동성장기차입금 0 0
중앙에너비스 000440 유동성사채 0 0
중앙에너비스 000440 기타유동금융부채 0 0
중앙에너비스 000440 기타유동부채 2,615,393,391 2,495,892,918
중앙에너비스 000440 당기법인세부채 0 0
중앙에너비스 000440 유동리스부채 0 0
중앙에너비스 000440 비유동부채 2,234,161,826 2,770,661,142
중앙에너비스 000440 사채 0 0
중앙에너비스 000440 장기차입금 2,071,750,250 2,516,834,167
중앙에너비스 000440 기타비유동금융부채 1,782,379 2,516,834,167
중앙에너비스 000440 이연법인세부채 0 0
중앙에너비스 000440 비유동리스부채 0 0
중앙에너비스 000440 부채총계 20,193,173,508 20,121,875,816
중앙에너비스 000440 자본금 3,113,565,000 3,113,565,000
중앙에너비스 000440 자본잉여금 27,718,747,567 27,718,747,567
중앙에너비스 000440 자본조정 0 0
중앙에너비스 000440 기타포괄손익누계액 0 0
중앙에너비스 000440 이익잉여금(결손금) 0 0
중앙에너비스 000440 자본총계 44,373,632,113 44,674,448,718
중앙에너비스 000440 자본과부채총계 64,566,805,621 64,796,324,534
date : 2017-03-31
중앙에너비스 000440 유동자산 5,435,065,533 5,703,006,810
중앙에너비스 000440 현금및현금성자산 75,506,967 93,689,980
중앙에너비스 000440 매출채권 2,380,533,889 2,570,503,965
중앙에너비스 000440 재고자산 2,099,401,757 2,532,956,455
중앙에너비스 000440 기타유동금융자산 0 0
중앙에너비스 000440 기타유동자산 681,497,177 271,329,124
중앙에너비스 000440 매각예정비유동자산 0 0
중앙에너비스 000440 비유동자산 58,605,729,359 58,863,798,811
중앙에너비스 000440 장기금융상품 5,000,000 5,000,000
중앙에너비스 000440 기타포괄손익-공정가치 0 0
중앙에너비스 000440 당기손익인식공정가치측정금융자산 0 0
중앙에너비스 000440 종속회사투자 0 0
중앙에너비스 000440 관계회사투자 0 0
중앙에너비스 000440 렌탈자산 0 0
중앙에너비스 000440 유형자산 45,990,951,616 46,283,990,154
중앙에너비스 000440 무형자산 2,024,350,444 2,025,180,430
중앙에너비스 000440 기타비유동금융자산 0 0
중앙에너비스 000440 기타비유동자산 742,503,607 699,993,607
중앙에너비스 000440 사용권자산 0 0
중앙에너비스 000440 이연법인세자산 0 0
중앙에너비스 000440 자산총계 64,040,794,892 64,566,805,621
중앙에너비스 000440 유동부채 18,255,195,762 17,959,011,682
중앙에너비스 000440 단기매입채무 0 0
중앙에너비스 000440 단기차입금 14,349,087,009 14,257,555,368
중앙에너비스 000440 유동성장기차입금 0 0
중앙에너비스 000440 유동성사채 0 0
중앙에너비스 000440 기타유동금융부채 0 0
중앙에너비스 000440 기타유동부채 3,214,520,501 2,615,393,391
중앙에너비스 000440 당기법인세부채 0 0
중앙에너비스 000440 유동리스부채 0 0
중앙에너비스 000440 비유동부채 2,179,299,616 2,234,161,826
중앙에너비스 000440 사채 0 0
중앙에너비스 000440 장기차입금 1,957,875,250 2,071,750,250
중앙에너비스 000440 기타비유동금융부채 0 2,071,750,250
중앙에너비스 000440 이연법인세부채 0 0
중앙에너비스 000440 비유동리스부채 0 0
중앙에너비스 000440 부채총계 20,434,495,378 20,193,173,508
중앙에너비스 000440 자본금 3,113,565,000 3,113,565,000
중앙에너비스 000440 자본잉여금 27,718,747,567 27,718,747,567
중앙에너비스 000440 자본조정 0 0
중앙에너비스 000440 기타포괄손익누계액 0 0
중앙에너비스 000440 이익잉여금(결손금) 0 0
중앙에너비스 000440 자본총계 43,606,299,514 44,373,632,113
중앙에너비스 000440 자본과부채총계 64,040,794,892 64,566,805,621
date : 2017-06-30
중앙에너비스 000440 유동자산 8,169,486,699 5,703,006,810
중앙에너비스 000440 현금및현금성자산 81,103,748 93,689,980
중앙에너비스 000440 매출채권 2,385,544,233 2,570,503,965
중앙에너비스 000440 재고자산 1,295,676,265 2,532,956,455
중앙에너비스 000440 기타유동금융자산 0 0
중앙에너비스 000440 기타유동자산 947,727,255 271,329,124
중앙에너비스 000440 매각예정비유동자산 0 0
중앙에너비스 000440 비유동자산 55,101,233,577 58,863,798,811
중앙에너비스 000440 장기금융상품 5,000,000 5,000,000
중앙에너비스 000440 기타포괄손익-공정가치 0 0
중앙에너비스 000440 당기손익인식공정가치측정금융자산 0 0
중앙에너비스 000440 종속회사투자 0 0
중앙에너비스 000440 관계회사투자 0 0
중앙에너비스 000440 렌탈자산 0 0
중앙에너비스 000440 유형자산 45,438,457,454 46,283,990,154
중앙에너비스 000440 무형자산 2,023,703,782 2,025,180,430
중앙에너비스 000440 기타비유동금융자산 0 0
중앙에너비스 000440 기타비유동자산 912,503,607 699,993,607
중앙에너비스 000440 사용권자산 0 0
중앙에너비스 000440 이연법인세자산 0 0
중앙에너비스 000440 자산총계 63,270,720,276 64,566,805,621
중앙에너비스 000440 유동부채 16,444,331,204 17,959,011,682
중앙에너비스 000440 단기매입채무 0 0
중앙에너비스 000440 단기차입금 12,695,608,997 14,257,555,368
중앙에너비스 000440 유동성장기차입금 0 0
중앙에너비스 000440 유동성사채 0 0
중앙에너비스 000440 기타유동금융부채 0 0
중앙에너비스 000440 기타유동부채 3,095,902,949 2,615,393,391
중앙에너비스 000440 당기법인세부채 0 0
중앙에너비스 000440 유동리스부채 0 0
중앙에너비스 000440 비유동부채 2,082,542,221 2,234,161,826
중앙에너비스 000440 사채 0 0
중앙에너비스 000440 장기차입금 1,797,125,125 2,071,750,250
중앙에너비스 000440 기타비유동금융부채 0 2,071,750,250
중앙에너비스 000440 이연법인세부채 0 0
중앙에너비스 000440 비유동리스부채 0 0
중앙에너비스 000440 부채총계 18,526,873,425 20,193,173,508
중앙에너비스 000440 자본금 3,113,565,000 3,113,565,000
중앙에너비스 000440 자본잉여금 27,718,747,567 27,718,747,567
중앙에너비스 000440 자본조정 0 0
중앙에너비스 000440 기타포괄손익누계액 0 0
중앙에너비스 000440 이익잉여금(결손금) 0 0
중앙에너비스 000440 자본총계 44,743,846,851 44,373,632,113
중앙에너비스 000440 자본과부채총계 63,270,720,276 64,566,805,621
date : 2017-09-30
중앙에너비스 000440 유동자산 5,243,808,139 5,703,006,810
중앙에너비스 000440 현금및현금성자산 108,155,403 93,689,980
중앙에너비스 000440 매출채권 2,613,123,241 2,570,503,965
중앙에너비스 000440 재고자산 1,966,910,921 2,532,956,455
중앙에너비스 000440 기타유동금융자산 0 0
중앙에너비스 000440 기타유동자산 215,404,905 271,329,124
중앙에너비스 000440 매각예정비유동자산 0 0
중앙에너비스 000440 비유동자산 55,584,434,326 58,863,798,811
중앙에너비스 000440 장기금융상품 5,000,000 5,000,000
중앙에너비스 000440 기타포괄손익-공정가치 0 0
중앙에너비스 000440 당기손익인식공정가치측정금융자산 0 0
중앙에너비스 000440 종속회사투자 0 0
중앙에너비스 000440 관계회사투자 0 0
중앙에너비스 000440 렌탈자산 0 0
중앙에너비스 000440 유형자산 45,958,924,131 46,283,990,154
중앙에너비스 000440 무형자산 2,023,148,782 2,025,180,430
중앙에너비스 000440 기타비유동금융자산 0 0
중앙에너비스 000440 기타비유동자산 882,503,607 699,993,607
중앙에너비스 000440 사용권자산 0 0
중앙에너비스 000440 이연법인세자산 0 0
중앙에너비스 000440 자산총계 60,828,242,465 64,566,805,621
중앙에너비스 000440 유동부채 15,350,049,424 17,959,011,682
중앙에너비스 000440 단기매입채무 0 0
중앙에너비스 000440 단기차입금 9,783,447,456 14,257,555,368
중앙에너비스 000440 유동성장기차입금 0 0
중앙에너비스 000440 유동성사채 0 0
중앙에너비스 000440 기타유동금융부채 0 0
중앙에너비스 000440 기타유동부채 2,935,771,497 2,615,393,391
중앙에너비스 000440 당기법인세부채 0 0
중앙에너비스 000440 유동리스부채 0 0
중앙에너비스 000440 비유동부채 524,114,451 2,234,161,826
중앙에너비스 000440 사채 0 0
중앙에너비스 000440 장기차입금 183,250,125 2,071,750,250
중앙에너비스 000440 기타비유동금융부채 0 2,071,750,250
중앙에너비스 000440 이연법인세부채 0 0
중앙에너비스 000440 비유동리스부채 0 0
중앙에너비스 000440 부채총계 15,874,163,875 20,193,173,508
중앙에너비스 000440 자본금 3,113,565,000 3,113,565,000
중앙에너비스 000440 자본잉여금 27,718,747,567 27,718,747,567
중앙에너비스 000440 자본조정 0 0
중앙에너비스 000440 기타포괄손익누계액 0 0
중앙에너비스 000440 이익잉여금(결손금) 21,445,504,453 20,865,057,976
중앙에너비스 000440 자본총계 44,954,078,590 44,373,632,113
중앙에너비스 000440 자본과부채총계 60,828,242,465 64,566,805,621
date : 2017-12-31
중앙에너비스 000440 유동자산 5,099,749,871 5,703,006,810
중앙에너비스 000440 현금및현금성자산 109,170,618 93,689,980
중앙에너비스 000440 매출채권 2,898,808,224 2,570,503,965
중앙에너비스 000440 재고자산 1,588,214,774 2,532,956,455
중앙에너비스 000440 기타유동금융자산 0 0
중앙에너비스 000440 기타유동자산 176,012,706 271,329,124
중앙에너비스 000440 매각예정비유동자산 0 0
중앙에너비스 000440 비유동자산 55,393,811,966 58,863,798,811
중앙에너비스 000440 장기금융상품 5,000,000 5,000,000
중앙에너비스 000440 기타포괄손익-공정가치 0 0
중앙에너비스 000440 당기손익인식공정가치측정금융자산 0 0
중앙에너비스 000440 종속회사투자 0 0
중앙에너비스 000440 관계회사투자 0 0
중앙에너비스 000440 렌탈자산 0 0
중앙에너비스 000440 유형자산 45,744,682,864 46,283,990,154
중앙에너비스 000440 무형자산 2,078,447,116 2,025,180,430
중앙에너비스 000440 기타비유동금융자산 0 0
중앙에너비스 000440 기타비유동자산 843,850,900 691,340,900
중앙에너비스 000440 사용권자산 0 0
중앙에너비스 000440 이연법인세자산 0 0
중앙에너비스 000440 자산총계 60,493,561,837 64,566,805,621
중앙에너비스 000440 유동부채 15,145,366,281 17,959,011,682
중앙에너비스 000440 단기매입채무 0 0
중앙에너비스 000440 단기차입금 9,699,831,397 14,257,555,368
중앙에너비스 000440 유동성장기차입금 0 0
중앙에너비스 000440 유동성사채 0 0
중앙에너비스 000440 기타유동금융부채 0 0
중앙에너비스 000440 기타유동부채 2,868,076,420 2,615,393,391
중앙에너비스 000440 당기법인세부채 0 0
중앙에너비스 000440 유동리스부채 0 0
중앙에너비스 000440 비유동부채 154,069,553 2,234,161,826
중앙에너비스 000440 사채 0 0
중앙에너비스 000440 장기차입금 22,500,000 2,071,750,250
중앙에너비스 000440 기타비유동금융부채 0 0
중앙에너비스 000440 이연법인세부채 0 0
중앙에너비스 000440 비유동리스부채 0 0
중앙에너비스 000440 부채총계 15,299,435,834 20,193,173,508
중앙에너비스 000440 자본금 3,113,565,000 3,113,565,000
중앙에너비스 000440 자본잉여금 27,718,747,567 27,718,747,567
중앙에너비스 000440 자본조정 0 0
중앙에너비스 000440 기타포괄손익누계액 0 0
중앙에너비스 000440 이익잉여금(결손금) 21,685,551,866 20,865,057,976
중앙에너비스 000440 자본총계 45,194,126,003 44,373,632,113
중앙에너비스 000440 자본과부채총계 60,493,561,837 64,566,805,621
date : 2018-03-31
중앙에너비스 000440 유동자산 5,865,958,872 5,099,749,871
중앙에너비스 000440 현금및현금성자산 94,606,414 109,170,618
중앙에너비스 000440 매출채권 2,683,166,116 2,898,808,224
중앙에너비스 000440 재고자산 2,494,832,066 1,588,214,774
중앙에너비스 000440 기타유동금융자산 0 0
중앙에너비스 000440 기타유동자산 202,588,707 176,012,706
중앙에너비스 000440 매각예정비유동자산 0 0
중앙에너비스 000440 비유동자산 55,082,883,287 55,393,811,966
중앙에너비스 000440 장기금융상품 5,000,000 5,000,000
중앙에너비스 000440 기타포괄손익-공정가치 0 0
중앙에너비스 000440 당기손익인식공정가치측정금융자산 0 0
중앙에너비스 000440 종속회사투자 0 0
중앙에너비스 000440 관계회사투자 0 0
중앙에너비스 000440 렌탈자산 0 0
중앙에너비스 000440 유형자산 45,488,860,111 45,744,682,864
중앙에너비스 000440 무형자산 2,075,052,118 2,078,447,116
중앙에너비스 000440 기타비유동금융자산 0 0
중앙에너비스 000440 기타비유동자산 798,850,900 843,850,900
중앙에너비스 000440 사용권자산 0 0
중앙에너비스 000440 이연법인세자산 0 0
중앙에너비스 000440 자산총계 60,948,842,159 60,493,561,837
중앙에너비스 000440 유동부채 16,106,655,032 15,145,366,281
중앙에너비스 000440 단기매입채무 0 0
중앙에너비스 000440 단기차입금 9,985,879,081 9,699,831,397
중앙에너비스 000440 유동성장기차입금 0 0
중앙에너비스 000440 유동성사채 0 0
중앙에너비스 000440 기타유동금융부채 0 0
중앙에너비스 000440 기타유동부채 3,553,387,418 2,868,076,420
중앙에너비스 000440 당기법인세부채 0 0
중앙에너비스 000440 유동리스부채 0 0
중앙에너비스 000440 비유동부채 203,651,517 154,069,553
중앙에너비스 000440 사채 0 0
중앙에너비스 000440 장기차입금 18,000,000 22,500,000
중앙에너비스 000440 기타비유동금융부채 0 0
중앙에너비스 000440 이연법인세부채 0 0
중앙에너비스 000440 비유동리스부채 0 0
중앙에너비스 000440 부채총계 16,310,306,549 15,299,435,834
중앙에너비스 000440 자본금 3,113,565,000 3,113,565,000
중앙에너비스 000440 자본잉여금 27,718,747,567 27,718,747,567
중앙에너비스 000440 자본조정 0 0
중앙에너비스 000440 기타포괄손익누계액 0 0
중앙에너비스 000440 이익잉여금(결손금) 21,129,961,473 21,685,551,866
중앙에너비스 000440 자본총계 44,638,535,610 45,194,126,003
중앙에너비스 000440 자본과부채총계 60,948,842,159 60,493,561,837
date : 2018-06-30
중앙에너비스 000440 유동자산 5,609,440,323 5,099,749,871
중앙에너비스 000440 현금및현금성자산 93,682,833 109,170,618
중앙에너비스 000440 매출채권 2,799,612,555 2,898,808,224
중앙에너비스 000440 재고자산 2,139,044,059 1,588,214,774
중앙에너비스 000440 기타유동금융자산 0 0
중앙에너비스 000440 기타유동자산 202,649,308 176,012,706
중앙에너비스 000440 매각예정비유동자산 0 0
중앙에너비스 000440 비유동자산 54,887,795,765 55,393,811,966
중앙에너비스 000440 장기금융상품 5,000,000 5,000,000
중앙에너비스 000440 기타포괄손익-공정가치 0 0
중앙에너비스 000440 당기손익인식공정가치측정금융자산 0 0
중앙에너비스 000440 종속회사투자 0 0
중앙에너비스 000440 관계회사투자 0 0
중앙에너비스 000440 렌탈자산 0 0
중앙에너비스 000440 유형자산 45,353,045,515 45,744,682,864
중앙에너비스 000440 무형자산 2,071,657,120 2,078,447,116
중앙에너비스 000440 기타비유동금융자산 0 0
중앙에너비스 000440 기타비유동자산 749,683,900 843,850,900
중앙에너비스 000440 사용권자산 0 0
중앙에너비스 000440 이연법인세자산 13,684,231 13,684,231
중앙에너비스 000440 자산총계 60,497,236,088 60,493,561,837
중앙에너비스 000440 유동부채 15,464,103,836 15,145,366,281
중앙에너비스 000440 단기매입채무 0 0
중앙에너비스 000440 단기차입금 10,518,904,854 9,699,831,397
중앙에너비스 000440 유동성장기차입금 0 0
중앙에너비스 000440 유동성사채 0 0
중앙에너비스 000440 기타유동금융부채 0 0
중앙에너비스 000440 기타유동부채 2,575,494,677 2,868,076,420
중앙에너비스 000440 당기법인세부채 0 0
중앙에너비스 000440 유동리스부채 0 0
중앙에너비스 000440 비유동부채 191,764,521 154,069,553
중앙에너비스 000440 사채 0 0
중앙에너비스 000440 장기차입금 13,500,000 22,500,000
중앙에너비스 000440 기타비유동금융부채 0 0
중앙에너비스 000440 이연법인세부채 0 0
중앙에너비스 000440 비유동리스부채 0 0
중앙에너비스 000440 부채총계 15,655,868,357 15,299,435,834
중앙에너비스 000440 자본금 3,113,565,000 3,113,565,000
중앙에너비스 000440 자본잉여금 27,718,747,567 27,718,747,567
중앙에너비스 000440 자본조정 0 0
중앙에너비스 000440 기타포괄손익누계액 0 0
중앙에너비스 000440 이익잉여금(결손금) 21,332,793,594 21,685,551,866
중앙에너비스 000440 자본총계 44,841,367,731 45,194,126,003
중앙에너비스 000440 자본과부채총계 60,497,236,088 60,493,561,837
date : 2018-09-30
중앙에너비스 000440 유동자산 6,455,182,002 5,099,749,871
중앙에너비스 000440 현금및현금성자산 97,094,117 109,170,618
중앙에너비스 000440 매출채권 3,352,706,523 2,898,808,224
중앙에너비스 000440 재고자산 2,465,593,777 1,588,214,774
중앙에너비스 000440 기타유동금융자산 0 0
중앙에너비스 000440 기타유동자산 188,350,508 176,012,706
중앙에너비스 000440 매각예정비유동자산 0 0
중앙에너비스 000440 비유동자산 54,767,619,615 55,393,811,966
중앙에너비스 000440 장기금융상품 5,000,000 5,000,000
중앙에너비스 000440 기타포괄손익-공정가치 0 0
중앙에너비스 000440 당기손익인식공정가치측정금융자산 0 0
중앙에너비스 000440 종속회사투자 0 0
중앙에너비스 000440 관계회사투자 0 0
중앙에너비스 000440 렌탈자산 0 0
중앙에너비스 000440 유형자산 45,209,179,291 45,744,682,864
중앙에너비스 000440 무형자산 2,068,262,122 2,078,447,116
중앙에너비스 000440 기타비유동금융자산 0 0
중앙에너비스 000440 기타비유동자산 783,479,900 843,850,900
중앙에너비스 000440 사용권자산 0 0
중앙에너비스 000440 이연법인세자산 13,684,231 13,684,231
중앙에너비스 000440 자산총계 61,222,801,617 60,493,561,837
중앙에너비스 000440 유동부채 16,115,529,777 15,145,366,281
중앙에너비스 000440 단기매입채무 0 0
중앙에너비스 000440 단기차입금 12,308,407,022 9,699,831,397
중앙에너비스 000440 유동성장기차입금 0 0
중앙에너비스 000440 유동성사채 0 0
중앙에너비스 000440 기타유동금융부채 0 0
중앙에너비스 000440 기타유동부채 2,729,075,545 2,868,076,420
중앙에너비스 000440 당기법인세부채 0 0
중앙에너비스 000440 유동리스부채 0 0
중앙에너비스 000440 비유동부채 236,761,386 154,069,553
중앙에너비스 000440 사채 0 0
중앙에너비스 000440 장기차입금 9,000,000 22,500,000
중앙에너비스 000440 기타비유동금융부채 0 0
중앙에너비스 000440 이연법인세부채 0 0
중앙에너비스 000440 비유동리스부채 0 0
중앙에너비스 000440 부채총계 16,352,291,163 15,299,435,834
중앙에너비스 000440 자본금 3,113,565,000 3,113,565,000
중앙에너비스 000440 자본잉여금 27,718,747,567 27,718,747,567
중앙에너비스 000440 자본조정 0 0
중앙에너비스 000440 기타포괄손익누계액 0 0
중앙에너비스 000440 이익잉여금(결손금) 21,361,936,317 21,685,551,866
중앙에너비스 000440 자본총계 44,870,510,454 45,194,126,003
중앙에너비스 000440 자본과부채총계 61,222,801,617 60,493,561,837
date : 2018-12-31
중앙에너비스 000440 유동자산 4,174,205,980 5,099,749,871
중앙에너비스 000440 현금및현금성자산 76,739,750 109,170,618
중앙에너비스 000440 매출채권 2,649,717,350 2,898,808,224
중앙에너비스 000440 재고자산 934,202,908 1,588,214,774
중앙에너비스 000440 기타유동금융자산 0 0
중앙에너비스 000440 기타유동자산 176,477,637 176,012,706
중앙에너비스 000440 매각예정비유동자산 0 0
중앙에너비스 000440 비유동자산 54,569,532,234 55,393,811,966
중앙에너비스 000440 장기금융상품 5,000,000 5,000,000
중앙에너비스 000440 기타포괄손익-공정가치 0 0
중앙에너비스 000440 당기손익인식공정가치측정금융자산 0 0
중앙에너비스 000440 종속회사투자 0 0
중앙에너비스 000440 관계회사투자 0 0
중앙에너비스 000440 렌탈자산 0 0
중앙에너비스 000440 유형자산 44,979,962,469 45,744,682,864
중앙에너비스 000440 무형자산 2,064,867,116 2,078,447,116
중앙에너비스 000440 기타비유동금융자산 0 0
중앙에너비스 000440 기타비유동자산 763,479,900 843,850,900
중앙에너비스 000440 사용권자산 0 0
중앙에너비스 000440 이연법인세자산 33,154,937 13,684,231
중앙에너비스 000440 자산총계 58,743,738,214 60,493,561,837
중앙에너비스 000440 유동부채 13,391,589,589 15,145,366,281
중앙에너비스 000440 단기매입채무 0 0
중앙에너비스 000440 단기차입금 10,262,572,934 9,699,831,397
중앙에너비스 000440 유동성장기차입금 0 0
중앙에너비스 000440 유동성사채 0 0
중앙에너비스 000440 기타유동금융부채 0 0
중앙에너비스 000440 기타유동부채 2,784,794,320 2,868,076,420
중앙에너비스 000440 당기법인세부채 0 0
중앙에너비스 000440 유동리스부채 0 0
중앙에너비스 000440 비유동부채 88,430,697 154,069,553
중앙에너비스 000440 사채 0 0
중앙에너비스 000440 장기차입금 4,500,000 22,500,000
중앙에너비스 000440 기타비유동금융부채 0 0
중앙에너비스 000440 이연법인세부채 0 0
중앙에너비스 000440 비유동리스부채 0 0
중앙에너비스 000440 부채총계 13,480,020,286 15,299,435,834
중앙에너비스 000440 자본금 3,113,565,000 3,113,565,000
중앙에너비스 000440 자본잉여금 27,718,747,567 27,718,747,567
중앙에너비스 000440 자본조정 0 0
중앙에너비스 000440 기타포괄손익누계액 32,576,460 27,718,747,567
중앙에너비스 000440 이익잉여금(결손금) 21,722,567,331 21,685,551,866
중앙에너비스 000440 자본총계 45,263,717,928 45,194,126,003
중앙에너비스 000440 자본과부채총계 58,743,738,214 60,493,561,837
date : 2019-03-31
중앙에너비스 000440 유동자산 5,533,219,009 4,174,205,980
중앙에너비스 000440 현금및현금성자산 91,318,526 76,739,750
중앙에너비스 000440 매출채권 2,564,028,300 2,649,717,350
중앙에너비스 000440 재고자산 2,154,542,201 934,202,908
중앙에너비스 000440 기타유동금융자산 0 0
중앙에너비스 000440 기타유동자산 366,560,740 176,477,637
중앙에너비스 000440 매각예정비유동자산 0 0
중앙에너비스 000440 비유동자산 54,491,900,422 54,569,532,234
중앙에너비스 000440 장기금융상품 5,000,000 5,000,000
중앙에너비스 000440 기타포괄손익-공정가치 0 0
중앙에너비스 000440 당기손익인식공정가치측정금융자산 0 0
중앙에너비스 000440 종속회사투자 0 0
중앙에너비스 000440 관계회사투자 0 0
중앙에너비스 000440 렌탈자산 0 0
중앙에너비스 000440 유형자산 44,912,436,583 44,979,962,469
중앙에너비스 000440 무형자산 2,061,472,118 2,064,867,116
중앙에너비스 000440 기타비유동금융자산 0 0
중앙에너비스 000440 기타비유동자산 763,479,900 763,479,900
중앙에너비스 000440 사용권자산 0 0
중앙에너비스 000440 이연법인세자산 33,154,937 33,154,937
중앙에너비스 000440 자산총계 60,025,119,431 58,743,738,214
중앙에너비스 000440 유동부채 15,285,151,106 13,391,589,589
중앙에너비스 000440 단기매입채무 0 0
중앙에너비스 000440 단기차입금 11,555,257,703 10,262,572,934
중앙에너비스 000440 유동성장기차입금 0 0
중앙에너비스 000440 유동성사채 0 0
중앙에너비스 000440 기타유동금융부채 0 0
중앙에너비스 000440 기타유동부채 3,124,610,741 2,784,794,320
중앙에너비스 000440 당기법인세부채 0 0
중앙에너비스 000440 유동리스부채 0 0
중앙에너비스 000440 비유동부채 272,356,590 88,430,697
중앙에너비스 000440 사채 0 0
중앙에너비스 000440 장기차입금 4,500,000 88,430,697
중앙에너비스 000440 기타비유동금융부채 0 0
중앙에너비스 000440 이연법인세부채 0 0
중앙에너비스 000440 비유동리스부채 0 0
중앙에너비스 000440 부채총계 15,557,507,696 13,480,020,286
중앙에너비스 000440 자본금 3,113,565,000 3,113,565,000
중앙에너비스 000440 자본잉여금 27,718,747,567 27,718,747,567
중앙에너비스 000440 자본조정 0 0
중앙에너비스 000440 기타포괄손익누계액 32,576,460 32,576,460
중앙에너비스 000440 이익잉여금(결손금) 20,926,461,138 21,722,567,331
중앙에너비스 000440 자본총계 44,467,611,735 45,263,717,928
중앙에너비스 000440 자본과부채총계 60,025,119,431 58,743,738,214
