date : 2015-12-31
CS홀딩스 000590 유동자산 37,080,414,997 22,231,489,664
CS홀딩스 000590 현금및현금성자산 10,029,735,371 11,225,922,711
CS홀딩스 000590 매출채권 351,172,287 403,558,168
CS홀딩스 000590 재고자산 0 0
CS홀딩스 000590 기타유동금융자산 26,305,655,000 10,400,000,000
CS홀딩스 000590 기타유동자산 314,025 465,914
CS홀딩스 000590 매각예정비유동자산 0 0
CS홀딩스 000590 비유동자산 136,375,901,698 147,886,001,454
CS홀딩스 000590 장기금융상품 0 0
CS홀딩스 000590 기타포괄손익-공정가치 0 0
CS홀딩스 000590 당기손익인식공정가치측정금융자산 0 0
CS홀딩스 000590 종속회사투자 0 0
CS홀딩스 000590 관계회사투자 0 0
CS홀딩스 000590 렌탈자산 0 0
CS홀딩스 000590 유형자산 175,012,223 214,800,717
CS홀딩스 000590 무형자산 722,047,717 834,960,417
CS홀딩스 000590 기타비유동금융자산 813,677,400 12,226,767,800
CS홀딩스 000590 기타비유동자산 0 0
CS홀딩스 000590 사용권자산 0 0
CS홀딩스 000590 이연법인세자산 0 0
CS홀딩스 000590 자산총계 173,456,316,695 170,117,491,118
CS홀딩스 000590 유동부채 3,037,541,066 511,412,642
CS홀딩스 000590 단기매입채무 0 0
CS홀딩스 000590 단기차입금 0 511,412,642
CS홀딩스 000590 유동성장기차입금 0 0
CS홀딩스 000590 유동성사채 0 0
CS홀딩스 000590 기타유동금융부채 0 0
CS홀딩스 000590 기타유동부채 37,814,297 55,570,430
CS홀딩스 000590 당기법인세부채 2,683,576,413 232,433,680
CS홀딩스 000590 유동리스부채 0 0
CS홀딩스 000590 비유동부채 7,340,275,189 9,443,642,959
CS홀딩스 000590 사채 0 0
CS홀딩스 000590 장기차입금 0 0
CS홀딩스 000590 기타비유동금융부채 0 0
CS홀딩스 000590 이연법인세부채 7,217,541,901 9,348,575,860
CS홀딩스 000590 비유동리스부채 0 0
CS홀딩스 000590 부채총계 10,377,816,255 9,955,055,601
CS홀딩스 000590 자본금 5,772,410,000 5,772,410,000
CS홀딩스 000590 자본잉여금 0 0
CS홀딩스 000590 자본조정 0 0
CS홀딩스 000590 기타포괄손익누계액 489,688,780 8,118,976,666
CS홀딩스 000590 이익잉여금(결손금) 106,574,069,835 96,028,717,026
CS홀딩스 000590 자본총계 163,078,500,440 160,162,435,517
CS홀딩스 000590 자본과부채총계 173,456,316,695 170,117,491,118
date : 2016-03-31
CS홀딩스 000590 유동자산 36,071,126,756 37,080,414,997
CS홀딩스 000590 현금및현금성자산 8,937,653,951 10,029,735,371
CS홀딩스 000590 매출채권 330,197,586 351,172,287
CS홀딩스 000590 재고자산 0 0
CS홀딩스 000590 기타유동금융자산 26,300,000,000 26,305,655,000
CS홀딩스 000590 기타유동자산 2,107,988 314,025
CS홀딩스 000590 매각예정비유동자산 0 0
CS홀딩스 000590 비유동자산 136,473,766,977 136,375,901,698
CS홀딩스 000590 장기금융상품 0 0
CS홀딩스 000590 기타포괄손익-공정가치 0 0
CS홀딩스 000590 당기손익인식공정가치측정금융자산 0 0
CS홀딩스 000590 종속회사투자 0 0
CS홀딩스 000590 관계회사투자 0 0
CS홀딩스 000590 렌탈자산 0 0
CS홀딩스 000590 유형자산 161,633,410 175,012,223
CS홀딩스 000590 무형자산 705,701,250 722,047,717
CS홀딩스 000590 기타비유동금융자산 941,969,450 813,677,400
CS홀딩스 000590 기타비유동자산 0 0
CS홀딩스 000590 사용권자산 0 0
CS홀딩스 000590 이연법인세자산 0 0
CS홀딩스 000590 자산총계 172,544,893,733 173,456,316,695
CS홀딩스 000590 유동부채 1,731,103,658 3,037,541,066
CS홀딩스 000590 단기매입채무 0 0
CS홀딩스 000590 단기차입금 0 3,037,541,066
CS홀딩스 000590 유동성장기차입금 0 0
CS홀딩스 000590 유동성사채 0 0
CS홀딩스 000590 기타유동금융부채 0 0
CS홀딩스 000590 기타유동부채 34,187,238 37,814,297
CS홀딩스 000590 당기법인세부채 1,489,687,253 2,683,576,413
CS홀딩스 000590 유동리스부채 0 0
CS홀딩스 000590 비유동부채 7,417,788,524 7,340,275,189
CS홀딩스 000590 사채 0 0
CS홀딩스 000590 장기차입금 0 0
CS홀딩스 000590 기타비유동금융부채 0 0
CS홀딩스 000590 이연법인세부채 7,263,629,400 7,217,541,901
CS홀딩스 000590 비유동리스부채 0 0
CS홀딩스 000590 부채총계 9,148,892,182 10,377,816,255
CS홀딩스 000590 자본금 5,772,410,000 5,772,410,000
CS홀딩스 000590 자본잉여금 0 0
CS홀딩스 000590 자본조정 0 0
CS홀딩스 000590 기타포괄손익누계액 589,756,579 489,688,780
CS홀딩스 000590 이익잉여금(결손금) 106,791,503,147 106,574,069,835
CS홀딩스 000590 자본총계 163,396,001,551 163,078,500,440
CS홀딩스 000590 자본과부채총계 172,544,893,733 173,456,316,695
date : 2016-06-30
CS홀딩스 000590 유동자산 34,827,042,450 37,080,414,997
CS홀딩스 000590 현금및현금성자산 4,668,711,954 10,029,735,371
CS홀딩스 000590 매출채권 330,490,125 351,172,287
CS홀딩스 000590 재고자산 0 0
CS홀딩스 000590 기타유동금융자산 29,521,622,828 26,305,655,000
CS홀딩스 000590 기타유동자산 1,399,992 314,025
CS홀딩스 000590 매각예정비유동자산 0 0
CS홀딩스 000590 비유동자산 136,503,914,852 136,375,901,698
CS홀딩스 000590 장기금융상품 0 0
CS홀딩스 000590 기타포괄손익-공정가치 0 0
CS홀딩스 000590 당기손익인식공정가치측정금융자산 0 0
CS홀딩스 000590 종속회사투자 0 0
CS홀딩스 000590 관계회사투자 0 0
CS홀딩스 000590 렌탈자산 0 0
CS홀딩스 000590 유형자산 152,053,593 175,012,223
CS홀딩스 000590 무형자산 725,383,983 722,047,717
CS홀딩스 000590 기타비유동금융자산 962,715,900 813,677,400
CS홀딩스 000590 기타비유동자산 0 0
CS홀딩스 000590 사용권자산 0 0
CS홀딩스 000590 이연법인세자산 0 0
CS홀딩스 000590 자산총계 171,330,957,302 173,456,316,695
CS홀딩스 000590 유동부채 319,226,095 3,037,541,066
CS홀딩스 000590 단기매입채무 0 0
CS홀딩스 000590 단기차입금 0 3,037,541,066
CS홀딩스 000590 유동성장기차입금 0 0
CS홀딩스 000590 유동성사채 0 0
CS홀딩스 000590 기타유동금융부채 0 0
CS홀딩스 000590 기타유동부채 30,272,566 37,814,297
CS홀딩스 000590 당기법인세부채 55,552,940 2,683,576,413
CS홀딩스 000590 유동리스부채 0 0
CS홀딩스 000590 비유동부채 7,408,933,106 7,340,275,189
CS홀딩스 000590 사채 0 0
CS홀딩스 000590 장기차입금 0 0
CS홀딩스 000590 기타비유동금융부채 0 0
CS홀딩스 000590 이연법인세부채 7,216,667,176 7,217,541,901
CS홀딩스 000590 비유동리스부채 0 0
CS홀딩스 000590 부채총계 7,728,159,201 10,377,816,255
CS홀딩스 000590 자본금 5,772,410,000 5,772,410,000
CS홀딩스 000590 자본잉여금 0 0
CS홀딩스 000590 자본조정 0 0
CS홀딩스 000590 기타포괄손익누계액 605,938,810 489,688,780
CS홀딩스 000590 이익잉여금(결손금) 106,982,117,466 106,574,069,835
CS홀딩스 000590 자본총계 163,602,798,101 163,078,500,440
CS홀딩스 000590 자본과부채총계 171,330,957,302 173,456,316,695
date : 2016-09-30
CS홀딩스 000590 유동자산 34,946,933,494 37,080,414,997
CS홀딩스 000590 현금및현금성자산 4,660,797,333 10,029,735,371
CS홀딩스 000590 매출채권 327,966,407 351,172,287
CS홀딩스 000590 재고자산 0 0
CS홀딩스 000590 기타유동금융자산 29,673,822,828 26,305,655,000
CS홀딩스 000590 기타유동자산 699,996 314,025
CS홀딩스 000590 매각예정비유동자산 0 0
CS홀딩스 000590 비유동자산 136,539,162,600 136,375,901,698
CS홀딩스 000590 장기금융상품 0 0
CS홀딩스 000590 기타포괄손익-공정가치 0 0
CS홀딩스 000590 당기손익인식공정가치측정금융자산 0 0
CS홀딩스 000590 종속회사투자 0 0
CS홀딩스 000590 관계회사투자 0 0
CS홀딩스 000590 렌탈자산 0 0
CS홀딩스 000590 유형자산 139,636,281 175,012,223
CS홀딩스 000590 무형자산 718,677,483 722,047,717
CS홀딩스 000590 기타비유동금융자산 1,017,788,950 813,677,400
CS홀딩스 000590 기타비유동자산 0 0
CS홀딩스 000590 사용권자산 0 0
CS홀딩스 000590 이연법인세자산 0 0
CS홀딩스 000590 자산총계 171,486,096,094 173,456,316,695
CS홀딩스 000590 유동부채 311,447,704 3,037,541,066
CS홀딩스 000590 단기매입채무 0 0
CS홀딩스 000590 단기차입금 0 3,037,541,066
CS홀딩스 000590 유동성장기차입금 0 0
CS홀딩스 000590 유동성사채 0 0
CS홀딩스 000590 기타유동금융부채 0 0
CS홀딩스 000590 기타유동부채 29,987,611 37,814,297
CS홀딩스 000590 당기법인세부채 14,699,862 2,683,576,413
CS홀딩스 000590 유동리스부채 0 0
CS홀딩스 000590 비유동부채 7,402,707,026 7,340,275,189
CS홀딩스 000590 사채 0 0
CS홀딩스 000590 장기차입금 0 0
CS홀딩스 000590 기타비유동금융부채 0 0
CS홀딩스 000590 이연법인세부채 7,217,233,887 7,217,541,901
CS홀딩스 000590 비유동리스부채 0 0
CS홀딩스 000590 부채총계 7,714,154,730 10,377,816,255
CS홀딩스 000590 자본금 5,772,410,000 5,772,410,000
CS홀딩스 000590 자본잉여금 0 0
CS홀딩스 000590 자본조정 0 0
CS홀딩스 000590 기타포괄손익누계액 648,895,789 489,688,780
CS홀딩스 000590 이익잉여금(결손금) 107,108,303,750 106,574,069,835
CS홀딩스 000590 자본총계 163,771,941,364 163,078,500,440
CS홀딩스 000590 자본과부채총계 171,486,096,094 173,456,316,695
date : 2016-12-31
CS홀딩스 000590 유동자산 35,217,945,283 37,080,414,997
CS홀딩스 000590 현금및현금성자산 4,865,071,029 10,029,735,371
CS홀딩스 000590 매출채권 317,343,405 351,172,287
CS홀딩스 000590 재고자산 0 0
CS홀딩스 000590 기타유동금융자산 29,673,822,828 26,305,655,000
CS홀딩스 000590 기타유동자산 314,025 465,914
CS홀딩스 000590 매각예정비유동자산 0 0
CS홀딩스 000590 비유동자산 136,367,939,056 136,375,901,698
CS홀딩스 000590 장기금융상품 0 0
CS홀딩스 000590 기타포괄손익-공정가치 0 0
CS홀딩스 000590 당기손익인식공정가치측정금융자산 0 0
CS홀딩스 000590 종속회사투자 0 0
CS홀딩스 000590 관계회사투자 0 0
CS홀딩스 000590 렌탈자산 0 0
CS홀딩스 000590 유형자산 186,581,973 175,012,223
CS홀딩스 000590 무형자산 702,820,983 722,047,717
CS홀딩스 000590 기타비유동금융자산 810,123,100 813,677,400
CS홀딩스 000590 기타비유동자산 0 0
CS홀딩스 000590 사용권자산 0 0
CS홀딩스 000590 이연법인세자산 0 0
CS홀딩스 000590 자산총계 171,585,884,339 173,456,316,695
CS홀딩스 000590 유동부채 653,481,414 3,037,541,066
CS홀딩스 000590 단기매입채무 0 0
CS홀딩스 000590 단기차입금 0 3,037,541,066
CS홀딩스 000590 유동성장기차입금 0 0
CS홀딩스 000590 유동성사채 0 0
CS홀딩스 000590 기타유동금융부채 0 0
CS홀딩스 000590 기타유동부채 28,297,065 37,814,297
CS홀딩스 000590 당기법인세부채 299,296,252 2,683,576,413
CS홀딩스 000590 유동리스부채 0 0
CS홀딩스 000590 비유동부채 7,230,810,209 7,340,275,189
CS홀딩스 000590 사채 0 0
CS홀딩스 000590 장기차입금 0 0
CS홀딩스 000590 기타비유동금융부채 0 0
CS홀딩스 000590 이연법인세부채 7,220,810,209 7,217,541,901
CS홀딩스 000590 비유동리스부채 0 0
CS홀딩스 000590 부채총계 7,884,291,623 10,377,816,255
CS홀딩스 000590 자본금 5,772,410,000 5,772,410,000
CS홀딩스 000590 자본잉여금 0 0
CS홀딩스 000590 자본조정 0 0
CS홀딩스 000590 기타포괄손익누계액 486,916,426 489,688,780
CS홀딩스 000590 이익잉여금(결손금) 107,199,934,465 106,574,069,835
CS홀딩스 000590 자본총계 163,701,592,716 163,078,500,440
CS홀딩스 000590 자본과부채총계 171,585,884,339 173,456,316,695
date : 2017-03-31
CS홀딩스 000590 유동자산 35,365,460,149 35,217,945,283
CS홀딩스 000590 현금및현금성자산 4,051,148,091 4,865,071,029
CS홀딩스 000590 매출채권 311,069,834 317,343,405
CS홀딩스 000590 재고자산 0 0
CS홀딩스 000590 기타유동금융자산 29,673,822,828 29,673,822,828
CS홀딩스 000590 기타유동자산 10,309,606 314,025
CS홀딩스 000590 매각예정비유동자산 0 0
CS홀딩스 000590 비유동자산 136,905,126,546 136,367,939,056
CS홀딩스 000590 장기금융상품 0 0
CS홀딩스 000590 기타포괄손익-공정가치 0 0
CS홀딩스 000590 당기손익인식공정가치측정금융자산 0 0
CS홀딩스 000590 종속회사투자 0 0
CS홀딩스 000590 관계회사투자 0 0
CS홀딩스 000590 렌탈자산 0 0
CS홀딩스 000590 유형자산 437,888,659 186,581,973
CS홀딩스 000590 무형자산 686,964,483 702,820,983
CS홀딩스 000590 기타비유동금융자산 778,616,500 810,123,100
CS홀딩스 000590 기타비유동자산 0 0
CS홀딩스 000590 사용권자산 0 0
CS홀딩스 000590 이연법인세자산 0 0
CS홀딩스 000590 자산총계 172,270,586,695 171,585,884,339
CS홀딩스 000590 유동부채 1,005,457,032 653,481,414
CS홀딩스 000590 단기매입채무 0 0
CS홀딩스 000590 단기차입금 0 653,481,414
CS홀딩스 000590 유동성장기차입금 0 0
CS홀딩스 000590 유동성사채 0 0
CS홀딩스 000590 기타유동금융부채 0 0
CS홀딩스 000590 기타유동부채 11,735,810 28,297,065
CS홀딩스 000590 당기법인세부채 177,381,235 299,296,252
CS홀딩스 000590 유동리스부채 0 0
CS홀딩스 000590 비유동부채 7,252,286,840 7,230,810,209
CS홀딩스 000590 사채 0 0
CS홀딩스 000590 장기차입금 0 0
CS홀딩스 000590 기타비유동금융부채 0 0
CS홀딩스 000590 이연법인세부채 7,236,159,511 7,220,810,209
CS홀딩스 000590 비유동리스부채 0 0
CS홀딩스 000590 부채총계 8,257,743,872 7,884,291,623
CS홀딩스 000590 자본금 5,772,410,000 5,772,410,000
CS홀딩스 000590 자본잉여금 0 0
CS홀딩스 000590 자본조정 0 0
CS홀딩스 000590 기타포괄손익누계액 462,341,278 486,916,426
CS홀딩스 000590 이익잉여금(결손금) 107,535,759,720 107,199,934,465
CS홀딩스 000590 자본총계 164,012,842,823 163,701,592,716
CS홀딩스 000590 자본과부채총계 172,270,586,695 171,585,884,339
date : 2017-06-30
CS홀딩스 000590 유동자산 34,176,877,356 35,217,945,283
CS홀딩스 000590 현금및현금성자산 7,647,488,168 4,865,071,029
CS홀딩스 000590 매출채권 343,959,027 317,343,405
CS홀딩스 000590 재고자산 0 0
CS홀딩스 000590 기타유동금융자산 25,788,300,000 29,673,822,828
CS홀딩스 000590 기타유동자산 86,730,105 29,673,822,828
CS홀딩스 000590 매각예정비유동자산 0 0
CS홀딩스 000590 비유동자산 137,552,370,843 136,367,939,056
CS홀딩스 000590 장기금융상품 0 0
CS홀딩스 000590 기타포괄손익-공정가치 0 0
CS홀딩스 000590 당기손익인식공정가치측정금융자산 0 0
CS홀딩스 000590 종속회사투자 0 0
CS홀딩스 000590 관계회사투자 0 0
CS홀딩스 000590 렌탈자산 0 0
CS홀딩스 000590 유형자산 1,072,727,097 186,581,973
CS홀딩스 000590 무형자산 671,107,983 702,820,983
CS홀딩스 000590 기타비유동금융자산 807,580,350 810,123,100
CS홀딩스 000590 기타비유동자산 0 0
CS홀딩스 000590 사용권자산 0 0
CS홀딩스 000590 이연법인세자산 0 0
CS홀딩스 000590 자산총계 171,729,248,199 171,585,884,339
CS홀딩스 000590 유동부채 298,136,257 653,481,414
CS홀딩스 000590 단기매입채무 0 0
CS홀딩스 000590 단기차입금 0 653,481,414
CS홀딩스 000590 유동성장기차입금 0 0
CS홀딩스 000590 유동성사채 0 0
CS홀딩스 000590 기타유동금융부채 0 0
CS홀딩스 000590 기타유동부채 11,619,670 28,297,065
CS홀딩스 000590 당기법인세부채 13,356,828 299,296,252
CS홀딩스 000590 유동리스부채 0 0
CS홀딩스 000590 비유동부채 7,230,576,407 7,230,810,209
CS홀딩스 000590 사채 0 0
CS홀딩스 000590 장기차입금 0 0
CS홀딩스 000590 기타비유동금융부채 0 0
CS홀딩스 000590 이연법인세부채 7,202,553,034 7,220,810,209
CS홀딩스 000590 비유동리스부채 0 0
CS홀딩스 000590 부채총계 7,528,712,664 7,884,291,623
CS홀딩스 000590 자본금 5,772,410,000 5,772,410,000
CS홀딩스 000590 자본잉여금 0 0
CS홀딩스 000590 자본조정 0 0
CS홀딩스 000590 기타포괄손익누계액 484,933,081 486,916,426
CS홀딩스 000590 이익잉여금(결손금) 107,700,860,629 107,199,934,465
CS홀딩스 000590 자본총계 164,200,535,535 163,701,592,716
CS홀딩스 000590 자본과부채총계 171,729,248,199 171,585,884,339
date : 2017-09-30
CS홀딩스 000590 유동자산 34,282,266,267 35,217,945,283
CS홀딩스 000590 현금및현금성자산 7,586,678,929 4,865,071,029
CS홀딩스 000590 매출채권 378,529,654 317,343,405
CS홀딩스 000590 재고자산 0 0
CS홀딩스 000590 기타유동금융자산 25,917,800,000 29,673,822,828
CS홀딩스 000590 기타유동자산 22,941,833 29,673,822,828
CS홀딩스 000590 매각예정비유동자산 0 0
CS홀딩스 000590 비유동자산 137,531,186,407 136,367,939,056
CS홀딩스 000590 장기금융상품 0 0
CS홀딩스 000590 기타포괄손익-공정가치 0 0
CS홀딩스 000590 당기손익인식공정가치측정금융자산 0 0
CS홀딩스 000590 종속회사투자 0 0
CS홀딩스 000590 관계회사투자 0 0
CS홀딩스 000590 렌탈자산 0 0
CS홀딩스 000590 유형자산 1,247,182,801 186,581,973
CS홀딩스 000590 무형자산 655,252,483 702,820,983
CS홀딩스 000590 기타비유동금융자산 628,497,200 810,123,100
CS홀딩스 000590 기타비유동자산 0 702,820,983
CS홀딩스 000590 사용권자산 0 0
CS홀딩스 000590 이연법인세자산 0 702,820,983
CS홀딩스 000590 자산총계 171,813,452,674 171,585,884,339
CS홀딩스 000590 유동부채 459,202,683 653,481,414
CS홀딩스 000590 단기매입채무 0 0
CS홀딩스 000590 단기차입금 0 0
CS홀딩스 000590 유동성장기차입금 0 0
CS홀딩스 000590 유동성사채 0 0
CS홀딩스 000590 기타유동금융부채 0 0
CS홀딩스 000590 기타유동부채 11,676,580 28,297,065
CS홀딩스 000590 당기법인세부채 299,296,252 28,297,065
CS홀딩스 000590 유동리스부채 0 0
CS홀딩스 000590 비유동부채 7,193,722,456 7,230,810,209
CS홀딩스 000590 사채 0 0
CS홀딩스 000590 장기차입금 0 0
CS홀딩스 000590 기타비유동금융부채 0 0
CS홀딩스 000590 이연법인세부채 7,154,468,589 7,220,810,209
CS홀딩스 000590 비유동리스부채 0 0
CS홀딩스 000590 부채총계 7,652,925,139 7,884,291,623
CS홀딩스 000590 자본금 5,772,410,000 5,772,410,000
CS홀딩스 000590 자본잉여금 0 0
CS홀딩스 000590 자본조정 0 0
CS홀딩스 000590 기타포괄손익누계액 345,248,224 486,916,426
CS홀딩스 000590 이익잉여금(결손금) 107,800,537,486 107,199,934,465
CS홀딩스 000590 자본총계 164,160,527,535 163,701,592,716
CS홀딩스 000590 자본과부채총계 171,813,452,674 171,585,884,339
date : 2017-12-31
CS홀딩스 000590 유동자산 34,311,816,795 35,217,945,283
CS홀딩스 000590 현금및현금성자산 7,353,577,207 4,865,071,029
CS홀딩스 000590 매출채권 432,167,390 317,343,405
CS홀딩스 000590 재고자산 0 0
CS홀딩스 000590 기타유동금융자산 25,917,800,000 29,673,822,828
CS홀딩스 000590 기타유동자산 24,173,967 314,025
CS홀딩스 000590 매각예정비유동자산 0 0
CS홀딩스 000590 비유동자산 137,744,921,364 136,367,939,056
CS홀딩스 000590 장기금융상품 0 0
CS홀딩스 000590 기타포괄손익-공정가치 0 0
CS홀딩스 000590 당기손익인식공정가치측정금융자산 0 0
CS홀딩스 000590 종속회사투자 0 0
CS홀딩스 000590 관계회사투자 0 0
CS홀딩스 000590 렌탈자산 0 0
CS홀딩스 000590 유형자산 561,298,842 186,581,973
CS홀딩스 000590 무형자산 1,589,836,790 702,820,983
CS홀딩스 000590 기타비유동금융자산 594,233,300 810,123,100
CS홀딩스 000590 기타비유동자산 0 702,820,983
CS홀딩스 000590 사용권자산 0 0
CS홀딩스 000590 이연법인세자산 0 702,820,983
CS홀딩스 000590 자산총계 172,056,738,159 171,585,884,339
CS홀딩스 000590 유동부채 622,000,207 653,481,414
CS홀딩스 000590 단기매입채무 0 0
CS홀딩스 000590 단기차입금 0 0
CS홀딩스 000590 유동성장기차입금 0 0
CS홀딩스 000590 유동성사채 0 0
CS홀딩스 000590 기타유동금융부채 0 0
CS홀딩스 000590 기타유동부채 12,829,650 28,297,065
CS홀딩스 000590 당기법인세부채 299,296,252 2,683,576,413
CS홀딩스 000590 유동리스부채 0 0
CS홀딩스 000590 비유동부채 7,213,132,176 7,230,810,209
CS홀딩스 000590 사채 0 0
CS홀딩스 000590 장기차입금 0 0
CS홀딩스 000590 기타비유동금융부채 0 0
CS홀딩스 000590 이연법인세부채 7,172,834,327 7,220,810,209
CS홀딩스 000590 비유동리스부채 0 0
CS홀딩스 000590 부채총계 7,835,132,383 7,884,291,623
CS홀딩스 000590 자본금 5,772,410,000 5,772,410,000
CS홀딩스 000590 자본잉여금 0 0
CS홀딩스 000590 자본조정 0 0
CS홀딩스 000590 기타포괄손익누계액 318,522,382 486,916,426
CS홀딩스 000590 이익잉여금(결손금) 107,888,341,569 107,199,934,465
CS홀딩스 000590 자본총계 164,221,605,776 163,701,592,716
CS홀딩스 000590 자본과부채총계 172,056,738,159 171,585,884,339
date : 2018-03-31
CS홀딩스 000590 유동자산 35,401,851,355 34,311,816,795
CS홀딩스 000590 현금및현금성자산 7,341,844,938 7,353,577,207
CS홀딩스 000590 매출채권 433,508,812 432,167,390
CS홀딩스 000590 재고자산 0 0
CS홀딩스 000590 기타유동금융자산 25,917,800,000 25,917,800,000
CS홀딩스 000590 기타유동자산 15,078,415 24,173,967
CS홀딩스 000590 매각예정비유동자산 0 0
CS홀딩스 000590 비유동자산 137,400,740,183 137,744,921,364
CS홀딩스 000590 장기금융상품 0 0
CS홀딩스 000590 기타포괄손익-공정가치 0 0
CS홀딩스 000590 당기손익인식공정가치측정금융자산 0 0
CS홀딩스 000590 종속회사투자 0 0
CS홀딩스 000590 관계회사투자 0 0
CS홀딩스 000590 렌탈자산 0 0
CS홀딩스 000590 유형자산 586,831,670 561,298,842
CS홀딩스 000590 무형자산 1,537,982,222 1,589,836,790
CS홀딩스 000590 기타비유동금융자산 617,075,350 594,233,300
CS홀딩스 000590 기타비유동자산 0 1,589,836,790
CS홀딩스 000590 사용권자산 0 0
CS홀딩스 000590 이연법인세자산 0 1,589,836,790
CS홀딩스 000590 자산총계 172,802,591,538 172,056,738,159
CS홀딩스 000590 유동부채 866,145,275 622,000,207
CS홀딩스 000590 단기매입채무 0 0
CS홀딩스 000590 단기차입금 0 0
CS홀딩스 000590 유동성장기차입금 0 0
CS홀딩스 000590 유동성사채 0 0
CS홀딩스 000590 기타유동금융부채 0 0
CS홀딩스 000590 기타유동부채 18,316,111 12,829,650
CS홀딩스 000590 당기법인세부채 0 12,829,650
CS홀딩스 000590 유동리스부채 0 0
CS홀딩스 000590 비유동부채 7,256,585,969 7,213,132,176
CS홀딩스 000590 사채 0 0
CS홀딩스 000590 장기차입금 0 0
CS홀딩스 000590 기타비유동금융부채 0 0
CS홀딩스 000590 이연법인세부채 7,202,449,686 7,172,834,327
CS홀딩스 000590 비유동리스부채 0 0
CS홀딩스 000590 부채총계 8,122,731,244 7,835,132,383
CS홀딩스 000590 자본금 5,772,410,000 5,772,410,000
CS홀딩스 000590 자본잉여금 0 0
CS홀딩스 000590 자본조정 0 0
CS홀딩스 000590 기타포괄손익누계액 336,339,181 318,522,382
CS홀딩스 000590 이익잉여금(결손금) 108,328,779,288 107,888,341,569
CS홀딩스 000590 자본총계 164,679,860,294 164,221,605,776
CS홀딩스 000590 자본과부채총계 172,802,591,538 172,056,738,159
date : 2018-06-30
CS홀딩스 000590 유동자산 35,160,522,115 34,311,816,795
CS홀딩스 000590 현금및현금성자산 8,209,036,007 7,353,577,207
CS홀딩스 000590 매출채권 309,013,148 432,167,390
CS홀딩스 000590 재고자산 0 0
CS홀딩스 000590 기타유동금융자산 26,108,700,000 25,917,800,000
CS홀딩스 000590 기타유동자산 12,827,776 24,173,967
CS홀딩스 000590 매각예정비유동자산 0 0
CS홀딩스 000590 비유동자산 137,324,228,864 137,744,921,364
CS홀딩스 000590 장기금융상품 0 0
CS홀딩스 000590 기타포괄손익-공정가치 0 0
CS홀딩스 000590 당기손익인식공정가치측정금융자산 0 0
CS홀딩스 000590 종속회사투자 0 0
CS홀딩스 000590 관계회사투자 0 0
CS홀딩스 000590 렌탈자산 0 0
CS홀딩스 000590 유형자산 483,590,193 561,298,842
CS홀딩스 000590 무형자산 1,584,490,420 1,589,836,790
CS홀딩스 000590 기타비유동금융자산 597,998,800 594,233,300
CS홀딩스 000590 기타비유동자산 0 1,589,836,790
CS홀딩스 000590 사용권자산 0 0
CS홀딩스 000590 이연법인세자산 0 1,589,836,790
CS홀딩스 000590 자산총계 172,484,750,979 172,056,738,159
CS홀딩스 000590 유동부채 363,402,277 622,000,207
CS홀딩스 000590 단기매입채무 0 0
CS홀딩스 000590 단기차입금 0 0
CS홀딩스 000590 유동성장기차입금 0 0
CS홀딩스 000590 유동성사채 0 0
CS홀딩스 000590 기타유동금융부채 0 0
CS홀딩스 000590 기타유동부채 31,524,072 12,829,650
CS홀딩스 000590 당기법인세부채 36,528,365 12,829,650
CS홀딩스 000590 유동리스부채 0 0
CS홀딩스 000590 비유동부채 7,256,218,773 7,213,132,176
CS홀딩스 000590 사채 0 0
CS홀딩스 000590 장기차입금 0 0
CS홀딩스 000590 기타비유동금융부채 0 0
CS홀딩스 000590 이연법인세부채 7,172,886,805 7,172,834,327
CS홀딩스 000590 비유동리스부채 0 0
CS홀딩스 000590 부채총계 7,619,621,050 7,835,132,383
CS홀딩스 000590 자본금 5,772,410,000 5,772,410,000
CS홀딩스 000590 자본잉여금 0 0
CS홀딩스 000590 자본조정 0 0
CS홀딩스 000590 기타포괄손익누계액 322,187,013 318,522,382
CS홀딩스 000590 이익잉여금(결손금) 108,528,201,091 107,888,341,569
CS홀딩스 000590 자본총계 164,865,129,929 164,221,605,776
CS홀딩스 000590 자본과부채총계 172,484,750,979 172,056,738,159
date : 2018-09-30
CS홀딩스 000590 유동자산 35,441,399,505 34,311,816,795
CS홀딩스 000590 현금및현금성자산 8,312,310,731 7,353,577,207
CS홀딩스 000590 매출채권 191,374,601 432,167,390
CS홀딩스 000590 재고자산 0 0
CS홀딩스 000590 기타유동금융자산 26,307,000,000 25,917,800,000
CS홀딩스 000590 기타유동자산 10,726,810 24,173,967
CS홀딩스 000590 매각예정비유동자산 0 0
CS홀딩스 000590 비유동자산 137,116,353,735 137,744,921,364
CS홀딩스 000590 장기금융상품 0 0
CS홀딩스 000590 기타포괄손익-공정가치 0 0
CS홀딩스 000590 당기손익인식공정가치측정금융자산 0 0
CS홀딩스 000590 종속회사투자 0 0
CS홀딩스 000590 관계회사투자 0 0
CS홀딩스 000590 렌탈자산 0 0
CS홀딩스 000590 유형자산 447,958,928 561,298,842
CS홀딩스 000590 무형자산 1,514,338,847 1,589,836,790
CS홀딩스 000590 기타비유동금융자산 496,608,000 594,233,300
CS홀딩스 000590 기타비유동자산 0 1,589,836,790
CS홀딩스 000590 사용권자산 0 0
CS홀딩스 000590 이연법인세자산 0 1,589,836,790
CS홀딩스 000590 자산총계 172,557,753,240 172,056,738,159
CS홀딩스 000590 유동부채 390,565,724 622,000,207
CS홀딩스 000590 단기매입채무 0 0
CS홀딩스 000590 단기차입금 0 0
CS홀딩스 000590 유동성장기차입금 0 0
CS홀딩스 000590 유동성사채 0 0
CS홀딩스 000590 기타유동금융부채 0 0
CS홀딩스 000590 기타유동부채 39,704,990 12,829,650
CS홀딩스 000590 당기법인세부채 49,914,673 12,829,650
CS홀딩스 000590 유동리스부채 0 0
CS홀딩스 000590 비유동부채 7,224,882,438 7,213,132,176
CS홀딩스 000590 사채 0 0
CS홀딩스 000590 장기차입금 0 0
CS홀딩스 000590 기타비유동금융부채 0 0
CS홀딩스 000590 이연법인세부채 7,127,801,008 7,172,834,327
CS홀딩스 000590 비유동리스부채 0 0
CS홀딩스 000590 부채총계 7,615,448,162 7,835,132,383
CS홀딩스 000590 자본금 5,772,410,000 5,772,410,000
CS홀딩스 000590 자본잉여금 0 0
CS홀딩스 000590 자본조정 0 0
CS홀딩스 000590 기타포괄손익누계액 243,102,189 318,522,382
CS홀딩스 000590 이익잉여금(결손금) 108,684,461,064 107,888,341,569
CS홀딩스 000590 자본총계 164,942,305,078 164,221,605,776
CS홀딩스 000590 자본과부채총계 172,557,753,240 172,056,738,159
date : 2018-12-31
CS홀딩스 000590 유동자산 35,865,107,158 34,311,816,795
CS홀딩스 000590 현금및현금성자산 8,701,182,018 7,353,577,207
CS홀딩스 000590 매출채권 199,004,786 432,167,390
CS홀딩스 000590 재고자산 0 0
CS홀딩스 000590 기타유동금융자산 26,307,000,000 25,917,800,000
CS홀딩스 000590 기타유동자산 9,131,026 24,173,967
CS홀딩스 000590 매각예정비유동자산 0 0
CS홀딩스 000590 비유동자산 136,949,992,644 137,744,921,364
CS홀딩스 000590 장기금융상품 0 0
CS홀딩스 000590 기타포괄손익-공정가치 0 0
CS홀딩스 000590 당기손익인식공정가치측정금융자산 0 0
CS홀딩스 000590 종속회사투자 0 0
CS홀딩스 000590 관계회사투자 0 0
CS홀딩스 000590 렌탈자산 0 0
CS홀딩스 000590 유형자산 413,736,034 561,298,842
CS홀딩스 000590 무형자산 1,453,254,941 1,589,836,790
CS홀딩스 000590 기타비유동금융자산 426,255,200 594,233,300
CS홀딩스 000590 기타비유동자산 0 1,589,836,790
CS홀딩스 000590 사용권자산 0 0
CS홀딩스 000590 이연법인세자산 0 1,589,836,790
CS홀딩스 000590 자산총계 172,815,099,802 172,056,738,159
CS홀딩스 000590 유동부채 385,393,783 622,000,207
CS홀딩스 000590 단기매입채무 0 0
CS홀딩스 000590 단기차입금 0 0
CS홀딩스 000590 유동성장기차입금 0 0
CS홀딩스 000590 유동성사채 0 0
CS홀딩스 000590 기타유동금융부채 0 0
CS홀딩스 000590 기타유동부채 50,351,897 12,829,650
CS홀딩스 000590 당기법인세부채 87,580,103 299,296,252
CS홀딩스 000590 유동리스부채 0 0
CS홀딩스 000590 비유동부채 7,243,889,084 7,213,132,176
CS홀딩스 000590 사채 0 0
CS홀딩스 000590 장기차입금 0 0
CS홀딩스 000590 기타비유동금융부채 0 0
CS홀딩스 000590 이연법인세부채 7,143,193,668 7,172,834,327
CS홀딩스 000590 비유동리스부채 0 0
CS홀딩스 000590 부채총계 7,629,282,867 7,835,132,383
CS홀딩스 000590 자본금 5,772,410,000 5,772,410,000
CS홀딩스 000590 자본잉여금 0 0
CS홀딩스 000590 자본조정 0 0
CS홀딩스 000590 기타포괄손익누계액 188,227,005 318,522,382
CS홀딩스 000590 이익잉여금(결손금) 108,982,848,105 107,888,341,569
CS홀딩스 000590 자본총계 165,185,816,935 164,221,605,776
CS홀딩스 000590 자본과부채총계 172,815,099,802 172,056,738,159
date : 2019-03-31
CS홀딩스 000590 유동자산 37,240,010,442 35,865,107,158
CS홀딩스 000590 현금및현금성자산 9,033,885,235 8,701,182,018
CS홀딩스 000590 매출채권 192,731,940 199,004,786
CS홀딩스 000590 재고자산 0 0
CS홀딩스 000590 기타유동금융자산 26,307,000,000 26,307,000,000
CS홀딩스 000590 기타유동자산 8,852,776 9,131,026
CS홀딩스 000590 매각예정비유동자산 0 0
CS홀딩스 000590 비유동자산 136,905,876,303 136,949,992,644
CS홀딩스 000590 장기금융상품 0 0
CS홀딩스 000590 기타포괄손익-공정가치 0 0
CS홀딩스 000590 당기손익인식공정가치측정금융자산 0 0
CS홀딩스 000590 종속회사투자 0 0
CS홀딩스 000590 관계회사투자 0 0
CS홀딩스 000590 렌탈자산 0 0
CS홀딩스 000590 유형자산 379,826,912 413,736,034
CS홀딩스 000590 무형자산 1,385,811,613 1,453,254,941
CS홀딩스 000590 기타비유동금융자산 484,192,800 426,255,200
CS홀딩스 000590 기타비유동자산 0 1,453,254,941
CS홀딩스 000590 사용권자산 0 0
CS홀딩스 000590 이연법인세자산 0 1,453,254,941
CS홀딩스 000590 자산총계 174,145,886,745 172,815,099,802
CS홀딩스 000590 유동부채 1,026,126,083 385,393,783
CS홀딩스 000590 단기매입채무 0 0
CS홀딩스 000590 단기차입금 0 0
CS홀딩스 000590 유동성장기차입금 0 0
CS홀딩스 000590 유동성사채 0 0
CS홀딩스 000590 기타유동금융부채 0 0
CS홀딩스 000590 기타유동부채 44,711,129 50,351,897
CS홀딩스 000590 당기법인세부채 139,542,390 87,580,103
CS홀딩스 000590 유동리스부채 0 0
CS홀딩스 000590 비유동부채 7,299,744,797 7,243,889,084
CS홀딩스 000590 사채 0 0
CS홀딩스 000590 장기차입금 0 0
CS홀딩스 000590 기타비유동금융부채 0 0
CS홀딩스 000590 이연법인세부채 7,183,609,766 7,143,193,668
CS홀딩스 000590 비유동리스부채 0 0
CS홀딩스 000590 부채총계 8,325,870,880 7,629,282,867
CS홀딩스 000590 자본금 5,772,410,000 5,772,410,000
CS홀딩스 000590 자본잉여금 0 0
CS홀딩스 000590 자본조정 0 0
CS홀딩스 000590 기타포괄손익누계액 233,418,333 188,227,005
CS홀딩스 000590 이익잉여금(결손금) 109,571,855,707 108,982,848,105
CS홀딩스 000590 자본총계 165,820,015,865 165,185,816,935
CS홀딩스 000590 자본과부채총계 174,145,886,745 172,815,099,802
