date : 2015-12-31
유수홀딩스 000700 유동자산 20,707,233,018 23,955,646,255
유수홀딩스 000700 현금및현금성자산 13,371,940,182 16,192,210,012
유수홀딩스 000700 매출채권 및 기타유동채권
유수홀딩스 000700 재고자산 7,030,030 6,254,675
유수홀딩스 000700 기타유동금융자산 6,850,663,563 5,498,566,375
유수홀딩스 000700 기타유동자산 0 0
유수홀딩스 000700 매각예정비유동자산 0 0
유수홀딩스 000700 비유동자산 253,756,371,595 246,961,414,949
유수홀딩스 000700 장기금융상품 0 0
유수홀딩스 000700 기타포괄손익-공정가치 0 0
유수홀딩스 000700 당기손익인식공정가치측정금융자산 0 0
유수홀딩스 000700 종속회사투자 0 0
유수홀딩스 000700 관계회사투자 0 0
유수홀딩스 000700 렌탈자산 0 0
유수홀딩스 000700 유형자산 202,523,518,351 196,739,581,705
유수홀딩스 000700 무형자산 699,520,000 536,000,000
유수홀딩스 000700 기타비유동금융자산 800,000,000 0
유수홀딩스 000700 기타비유동자산 0 0
유수홀딩스 000700 사용권자산 0 0
유수홀딩스 000700 이연법인세자산 0 0
유수홀딩스 000700 자산총계 274,463,604,613 270,917,061,204
유수홀딩스 000700 유동부채 8,642,982,834 8,436,401,082
유수홀딩스 000700 단기매입채무 572,925,576 413,180,619
유수홀딩스 000700 단기차입금 0 0
유수홀딩스 000700 유동성장기차입금 0 0
유수홀딩스 000700 유동성사채 0 0
유수홀딩스 000700 기타유동금융부채 0 0
유수홀딩스 000700 기타유동부채 0 0
유수홀딩스 000700 당기법인세부채 0 0
유수홀딩스 000700 유동리스부채 0 0
유수홀딩스 000700 비유동부채 87,589,188,826 86,416,156,047
유수홀딩스 000700 사채 0 0
유수홀딩스 000700 장기차입금 80,000,000,000 80,000,000,000
유수홀딩스 000700 기타비유동금융부채 0 0
유수홀딩스 000700 이연법인세부채 4,051,008,981 4,138,486,636
유수홀딩스 000700 비유동리스부채 0 0
유수홀딩스 000700 부채총계 96,232,171,660 94,852,557,129
유수홀딩스 000700 자본금 65,104,530,000 65,104,530,000
유수홀딩스 000700 자본잉여금 0 0
유수홀딩스 000700 자본조정 20,581,755,677 95,090,814,651
유수홀딩스 000700 기타포괄손익누계액 0 0
유수홀딩스 000700 이익잉여금(결손금) 2,510,062,092 45,890,709,834
유수홀딩스 000700 자본총계 178,231,432,953 176,064,504,075
유수홀딩스 000700 자본과부채총계 274,463,604,613 270,917,061,204
date : 2016-03-31
유수홀딩스 000700 유동자산 24,113,479,072 20,707,233,018
유수홀딩스 000700 현금및현금성자산 14,454,345,055 13,371,940,182
유수홀딩스 000700 매출채권 및 기타유동채권
유수홀딩스 000700 재고자산 7,001,762 7,030,030
유수홀딩스 000700 기타유동금융자산 6,878,049,953 6,850,663,563
유수홀딩스 000700 기타유동자산 0 0
유수홀딩스 000700 매각예정비유동자산 0 0
유수홀딩스 000700 비유동자산 253,663,747,944 253,756,371,595
유수홀딩스 000700 장기금융상품 0 0
유수홀딩스 000700 기타포괄손익-공정가치 0 0
유수홀딩스 000700 당기손익인식공정가치측정금융자산 0 0
유수홀딩스 000700 종속회사투자 0 0
유수홀딩스 000700 관계회사투자 0 0
유수홀딩스 000700 렌탈자산 0 0
유수홀딩스 000700 유형자산 202,455,894,638 202,523,518,351
유수홀딩스 000700 무형자산 674,520,000 699,520,000
유수홀딩스 000700 기타비유동금융자산 800,000,000 800,000,000
유수홀딩스 000700 기타비유동자산 0 0
유수홀딩스 000700 사용권자산 0 0
유수홀딩스 000700 이연법인세자산 0 0
유수홀딩스 000700 자산총계 277,777,227,016 274,463,604,613
유수홀딩스 000700 유동부채 10,478,141,871 8,642,982,834
유수홀딩스 000700 단기매입채무 532,769,906 572,925,576
유수홀딩스 000700 단기차입금 0 0
유수홀딩스 000700 유동성장기차입금 0 0
유수홀딩스 000700 유동성사채 0 0
유수홀딩스 000700 기타유동금융부채 0 0
유수홀딩스 000700 기타유동부채 0 0
유수홀딩스 000700 당기법인세부채 0 0
유수홀딩스 000700 유동리스부채 0 0
유수홀딩스 000700 비유동부채 88,113,765,311 87,589,188,826
유수홀딩스 000700 사채 0 0
유수홀딩스 000700 장기차입금 80,000,000,000 80,000,000,000
유수홀딩스 000700 기타비유동금융부채 0 0
유수홀딩스 000700 이연법인세부채 3,992,715,901 4,051,008,981
유수홀딩스 000700 비유동리스부채 0 0
유수홀딩스 000700 부채총계 98,591,907,182 96,232,171,660
유수홀딩스 000700 자본금 65,104,530,000 65,104,530,000
유수홀딩스 000700 자본잉여금 0 0
유수홀딩스 000700 자본조정 20,581,755,677 20,581,755,677
유수홀딩스 000700 기타포괄손익누계액 0 0
유수홀딩스 000700 이익잉여금(결손금) 3,488,918,126 2,510,062,092
유수홀딩스 000700 자본총계 179,185,319,834 178,231,432,953
유수홀딩스 000700 자본과부채총계 277,777,227,016 274,463,604,613
date : 2016-06-30
유수홀딩스 000700 유동자산 23,076,547,642 20,707,233,018
유수홀딩스 000700 현금및현금성자산 15,679,486,109 13,371,940,182
유수홀딩스 000700 매출채권 및 기타유동채권
유수홀딩스 000700 재고자산 5,859,580 7,030,030
유수홀딩스 000700 기타유동금융자산 6,878,049,953 6,850,663,563
유수홀딩스 000700 기타유동자산 0 0
유수홀딩스 000700 매각예정비유동자산 0 0
유수홀딩스 000700 비유동자산 253,860,053,179 253,756,371,595
유수홀딩스 000700 장기금융상품 0 0
유수홀딩스 000700 기타포괄손익-공정가치 0 0
유수홀딩스 000700 당기손익인식공정가치측정금융자산 0 0
유수홀딩스 000700 종속회사투자 0 0
유수홀딩스 000700 관계회사투자 0 0
유수홀딩스 000700 렌탈자산 0 0
유수홀딩스 000700 유형자산 202,731,786,873 202,523,518,351
유수홀딩스 000700 무형자산 674,520,000 699,520,000
유수홀딩스 000700 기타비유동금융자산 800,000,000 800,000,000
유수홀딩스 000700 기타비유동자산 0 0
유수홀딩스 000700 사용권자산 0 0
유수홀딩스 000700 이연법인세자산 0 0
유수홀딩스 000700 자산총계 276,936,600,821 274,463,604,613
유수홀딩스 000700 유동부채 8,837,183,677 8,642,982,834
유수홀딩스 000700 단기매입채무 604,679,180 572,925,576
유수홀딩스 000700 단기차입금 0 0
유수홀딩스 000700 유동성장기차입금 0 0
유수홀딩스 000700 유동성사채 0 0
유수홀딩스 000700 기타유동금융부채 0 0
유수홀딩스 000700 기타유동부채 0 0
유수홀딩스 000700 당기법인세부채 0 0
유수홀딩스 000700 유동리스부채 0 0
유수홀딩스 000700 비유동부채 88,681,217,990 87,589,188,826
유수홀딩스 000700 사채 0 0
유수홀딩스 000700 장기차입금 80,000,000,000 80,000,000,000
유수홀딩스 000700 기타비유동금융부채 166,078,875 0
유수홀딩스 000700 이연법인세부채 3,955,001,051 4,051,008,981
유수홀딩스 000700 비유동리스부채 0 0
유수홀딩스 000700 부채총계 97,518,401,667 96,232,171,660
유수홀딩스 000700 자본금 65,104,530,000 65,104,530,000
유수홀딩스 000700 자본잉여금 0 0
유수홀딩스 000700 자본조정 20,581,755,677 20,581,755,677
유수홀딩스 000700 기타포괄손익누계액 0 0
유수홀딩스 000700 이익잉여금(결손금) 3,719,023,887 2,510,062,092
유수홀딩스 000700 자본총계 179,418,199,154 178,231,432,953
유수홀딩스 000700 자본과부채총계 276,936,600,821 274,463,604,613
date : 2016-09-30
유수홀딩스 000700 유동자산 19,998,678,730 20,707,233,018
유수홀딩스 000700 현금및현금성자산 11,431,983,852 13,371,940,182
유수홀딩스 000700 매출채권 및 기타유동채권
유수홀딩스 000700 재고자산 6,947,652 7,030,030
유수홀딩스 000700 기타유동금융자산 6,895,069,639 6,850,663,563
유수홀딩스 000700 기타유동자산 0 0
유수홀딩스 000700 매각예정비유동자산 0 0
유수홀딩스 000700 비유동자산 256,910,601,411 253,756,371,595
유수홀딩스 000700 장기금융상품 0 0
유수홀딩스 000700 기타포괄손익-공정가치 0 0
유수홀딩스 000700 당기손익인식공정가치측정금융자산 0 0
유수홀딩스 000700 종속회사투자 0 0
유수홀딩스 000700 관계회사투자 0 0
유수홀딩스 000700 렌탈자산 0 0
유수홀딩스 000700 유형자산 202,282,335,105 202,523,518,351
유수홀딩스 000700 무형자산 674,520,000 699,520,000
유수홀딩스 000700 기타비유동금융자산 4,300,000,000 800,000,000
유수홀딩스 000700 기타비유동자산 0 0
유수홀딩스 000700 사용권자산 0 0
유수홀딩스 000700 이연법인세자산 0 0
유수홀딩스 000700 자산총계 276,909,280,141 274,463,604,613
유수홀딩스 000700 유동부채 8,249,965,704 8,642,982,834
유수홀딩스 000700 단기매입채무 693,997,411 572,925,576
유수홀딩스 000700 단기차입금 0 0
유수홀딩스 000700 유동성장기차입금 0 0
유수홀딩스 000700 유동성사채 0 0
유수홀딩스 000700 기타유동금융부채 0 0
유수홀딩스 000700 기타유동부채 0 0
유수홀딩스 000700 당기법인세부채 0 0
유수홀딩스 000700 유동리스부채 0 0
유수홀딩스 000700 비유동부채 88,488,220,268 87,589,188,826
유수홀딩스 000700 사채 0 0
유수홀딩스 000700 장기차입금 80,000,000,000 80,000,000,000
유수홀딩스 000700 기타비유동금융부채 128,182,009 0
유수홀딩스 000700 이연법인세부채 3,993,763,204 4,051,008,981
유수홀딩스 000700 비유동리스부채 0 0
유수홀딩스 000700 부채총계 96,738,185,972 96,232,171,660
유수홀딩스 000700 자본금 65,104,530,000 65,104,530,000
유수홀딩스 000700 자본잉여금 0 0
유수홀딩스 000700 자본조정 20,581,755,677 20,581,755,677
유수홀딩스 000700 기타포괄손익누계액 0 0
유수홀딩스 000700 이익잉여금(결손금) 4,283,659,341 2,510,062,092
유수홀딩스 000700 자본총계 180,171,094,169 178,231,432,953
유수홀딩스 000700 자본과부채총계 276,909,280,141 274,463,604,613
date : 2016-12-31
유수홀딩스 000700 유동자산 17,668,897,644 20,707,233,018
유수홀딩스 000700 현금및현금성자산 6,802,242,022 13,371,940,182
유수홀딩스 000700 매출채권 및 기타유동채권
유수홀딩스 000700 재고자산 6,872,592 7,030,030
유수홀딩스 000700 기타유동금융자산 10,370,411,914 6,850,663,563
유수홀딩스 000700 기타유동자산 0 0
유수홀딩스 000700 매각예정비유동자산 0 0
유수홀딩스 000700 비유동자산 256,139,244,985 253,756,371,595
유수홀딩스 000700 장기금융상품 0 0
유수홀딩스 000700 기타포괄손익-공정가치 0 0
유수홀딩스 000700 당기손익인식공정가치측정금융자산 0 0
유수홀딩스 000700 종속회사투자 0 0
유수홀딩스 000700 관계회사투자 0 0
유수홀딩스 000700 렌탈자산 0 0
유수홀딩스 000700 유형자산 201,810,978,679 202,523,518,351
유수홀딩스 000700 무형자산 674,520,000 699,520,000
유수홀딩스 000700 기타비유동금융자산 4,000,000,000 800,000,000
유수홀딩스 000700 기타비유동자산 0 0
유수홀딩스 000700 사용권자산 0 0
유수홀딩스 000700 이연법인세자산 0 0
유수홀딩스 000700 자산총계 273,808,142,629 274,463,604,613
유수홀딩스 000700 유동부채 86,740,932,647 8,642,982,834
유수홀딩스 000700 단기매입채무 1,033,368,311 572,925,576
유수홀딩스 000700 단기차입금 0 0
유수홀딩스 000700 유동성장기차입금 80,000,000,000 0
유수홀딩스 000700 유동성사채 0 0
유수홀딩스 000700 기타유동금융부채 0 0
유수홀딩스 000700 기타유동부채 0 0
유수홀딩스 000700 당기법인세부채 0 0
유수홀딩스 000700 유동리스부채 0 0
유수홀딩스 000700 비유동부채 7,276,419,748 87,589,188,826
유수홀딩스 000700 사채 0 0
유수홀딩스 000700 장기차입금 0 80,000,000,000
유수홀딩스 000700 기타비유동금융부채 0 0
유수홀딩스 000700 이연법인세부채 4,774,843,107 4,051,008,981
유수홀딩스 000700 비유동리스부채 0 0
유수홀딩스 000700 부채총계 94,017,352,395 96,232,171,660
유수홀딩스 000700 자본금 65,104,530,000 65,104,530,000
유수홀딩스 000700 자본잉여금 0 0
유수홀딩스 000700 자본조정 20,581,755,677 20,581,755,677
유수홀딩스 000700 기타포괄손익누계액 0 0
유수홀딩스 000700 이익잉여금(결손금) 3,602,731,909 2,510,062,092
유수홀딩스 000700 자본총계 179,790,790,234 178,231,432,953
유수홀딩스 000700 자본과부채총계 273,808,142,629 274,463,604,613
date : 2017-03-31
유수홀딩스 000700 유동자산 16,314,533,379 17,668,897,644
유수홀딩스 000700 현금및현금성자산 7,404,214,211 6,802,242,022
유수홀딩스 000700 매출채권 및 기타유동채권
유수홀딩스 000700 재고자산 7,091,790 6,872,592
유수홀딩스 000700 기타유동금융자산 7,406,181,775 10,370,411,914
유수홀딩스 000700 기타유동자산 0 0
유수홀딩스 000700 매각예정비유동자산 0 0
유수홀딩스 000700 비유동자산 260,679,794,839 256,139,244,985
유수홀딩스 000700 장기금융상품 0 0
유수홀딩스 000700 기타포괄손익-공정가치 0 0
유수홀딩스 000700 당기손익인식공정가치측정금융자산 0 0
유수홀딩스 000700 종속회사투자 0 0
유수홀딩스 000700 관계회사투자 0 0
유수홀딩스 000700 렌탈자산 0 0
유수홀딩스 000700 유형자산 201,351,528,533 201,810,978,679
유수홀딩스 000700 무형자산 674,520,000 674,520,000
유수홀딩스 000700 기타비유동금융자산 9,000,000,000 4,000,000,000
유수홀딩스 000700 기타비유동자산 0 0
유수홀딩스 000700 사용권자산 0 0
유수홀딩스 000700 이연법인세자산 0 0
유수홀딩스 000700 자산총계 276,994,328,218 273,808,142,629
유수홀딩스 000700 유동부채 91,625,085,269 86,740,932,647
유수홀딩스 000700 단기매입채무 1,056,417,246 1,033,368,311
유수홀딩스 000700 단기차입금 0 1,033,368,311
유수홀딩스 000700 유동성장기차입금 80,000,000,000 80,000,000,000
유수홀딩스 000700 유동성사채 0 0
유수홀딩스 000700 기타유동금융부채 0 0
유수홀딩스 000700 기타유동부채 0 0
유수홀딩스 000700 당기법인세부채 0 80,000,000,000
유수홀딩스 000700 유동리스부채 0 0
유수홀딩스 000700 비유동부채 6,245,153,559 7,276,419,748
유수홀딩스 000700 사채 0 0
유수홀딩스 000700 장기차입금 0 7,276,419,748
유수홀딩스 000700 기타비유동금융부채 0 0
유수홀딩스 000700 이연법인세부채 4,882,404,314 4,774,843,107
유수홀딩스 000700 비유동리스부채 0 0
유수홀딩스 000700 부채총계 97,870,238,828 94,017,352,395
유수홀딩스 000700 자본금 65,104,530,000 65,104,530,000
유수홀딩스 000700 자본잉여금 0 0
유수홀딩스 000700 자본조정 20,581,755,677 20,581,755,677
유수홀딩스 000700 기타포괄손익누계액 0 65,104,530,000
유수홀딩스 000700 이익잉여금(결손금) 2,789,076,059 3,602,731,909
유수홀딩스 000700 자본총계 179,124,089,390 179,790,790,234
유수홀딩스 000700 자본과부채총계 276,994,328,218 273,808,142,629
date : 2017-06-30
유수홀딩스 000700 유동자산 25,149,905,948 17,668,897,644
유수홀딩스 000700 현금및현금성자산 8,624,815,251 6,802,242,022
유수홀딩스 000700 매출채권 및 기타유동채권
유수홀딩스 000700 재고자산 5,988,003 6,872,592
유수홀딩스 000700 기타유동금융자산 4,947,405,441 10,370,411,914
유수홀딩스 000700 기타유동자산 0 0
유수홀딩스 000700 매각예정비유동자산 0 0
유수홀딩스 000700 비유동자산 244,302,268,358 256,139,244,985
유수홀딩스 000700 장기금융상품 0 0
유수홀딩스 000700 기타포괄손익-공정가치 0 0
유수홀딩스 000700 당기손익인식공정가치측정금융자산 0 0
유수홀딩스 000700 종속회사투자 0 0
유수홀딩스 000700 관계회사투자 0 0
유수홀딩스 000700 렌탈자산 0 0
유수홀딩스 000700 유형자산 200,891,002,052 201,810,978,679
유수홀딩스 000700 무형자산 674,520,000 674,520,000
유수홀딩스 000700 기타비유동금융자산 11,000,000,000 4,000,000,000
유수홀딩스 000700 기타비유동자산 0 0
유수홀딩스 000700 사용권자산 0 0
유수홀딩스 000700 이연법인세자산 0 674,520,000
유수홀딩스 000700 자산총계 269,452,174,306 273,808,142,629
유수홀딩스 000700 유동부채 90,564,433,279 86,740,932,647
유수홀딩스 000700 단기매입채무 867,654,630 1,033,368,311
유수홀딩스 000700 단기차입금 0 1,033,368,311
유수홀딩스 000700 유동성장기차입금 80,000,000,000 80,000,000,000
유수홀딩스 000700 유동성사채 0 0
유수홀딩스 000700 기타유동금융부채 0 0
유수홀딩스 000700 기타유동부채 0 0
유수홀딩스 000700 당기법인세부채 0 0
유수홀딩스 000700 유동리스부채 0 0
유수홀딩스 000700 비유동부채 4,862,596,072 7,276,419,748
유수홀딩스 000700 사채 0 0
유수홀딩스 000700 장기차입금 0 7,276,419,748
유수홀딩스 000700 기타비유동금융부채 0 0
유수홀딩스 000700 이연법인세부채 3,345,776,984 4,774,843,107
유수홀딩스 000700 비유동리스부채 0 0
유수홀딩스 000700 부채총계 95,427,029,351 94,017,352,395
유수홀딩스 000700 자본금 65,104,530,000 65,104,530,000
유수홀딩스 000700 자본잉여금 0 0
유수홀딩스 000700 자본조정 20,581,755,677 20,581,755,677
유수홀딩스 000700 기타포괄손익누계액 0 65,104,530,000
유수홀딩스 000700 이익잉여금(결손금) -2,446,443,448 3,602,731,909
유수홀딩스 000700 자본총계 174,025,144,955 179,790,790,234
유수홀딩스 000700 자본과부채총계 269,452,174,306 273,808,142,629
date : 2017-09-30
유수홀딩스 000700 유동자산 18,695,253,191 17,668,897,644
유수홀딩스 000700 현금및현금성자산 6,066,512,593 6,802,242,022
유수홀딩스 000700 매출채권 169,054,413 119,550,564
유수홀딩스 000700 재고자산 8,140,524 6,872,592
유수홀딩스 000700 기타유동금융자산 0 0
유수홀딩스 000700 기타유동자산 113,537,072 142,344,923
유수홀딩스 000700 매각예정비유동자산 0 0
유수홀딩스 000700 비유동자산 251,194,386,303 256,139,244,985
유수홀딩스 000700 장기금융상품 0 0
유수홀딩스 000700 기타포괄손익-공정가치 0 0
유수홀딩스 000700 당기손익인식공정가치측정금융자산 0 0
유수홀딩스 000700 종속회사투자 0 0
유수홀딩스 000700 관계회사투자 0 0
유수홀딩스 000700 렌탈자산 0 0
유수홀딩스 000700 유형자산 200,417,119,997 201,810,978,679
유수홀딩스 000700 무형자산 674,520,000 674,520,000
유수홀딩스 000700 기타비유동금융자산 0 0
유수홀딩스 000700 기타비유동자산 597,201,225 597,201,225
유수홀딩스 000700 사용권자산 0 0
유수홀딩스 000700 이연법인세자산 0 0
유수홀딩스 000700 자산총계 269,889,639,494 273,808,142,629
유수홀딩스 000700 유동부채 89,792,364,236 86,740,932,647
유수홀딩스 000700 단기매입채무 953,632,156 1,033,368,311
유수홀딩스 000700 단기차입금 0 0
유수홀딩스 000700 유동성장기차입금 80,000,000,000 80,000,000,000
유수홀딩스 000700 유동성사채 0 0
유수홀딩스 000700 기타유동금융부채 0 0
유수홀딩스 000700 기타유동부채 405,990,368 600,182,305
유수홀딩스 000700 당기법인세부채 0 0
유수홀딩스 000700 유동리스부채 0 0
유수홀딩스 000700 비유동부채 6,574,645,766 7,276,419,748
유수홀딩스 000700 사채 0 0
유수홀딩스 000700 장기차입금 0 0
유수홀딩스 000700 기타비유동금융부채 0 0
유수홀딩스 000700 이연법인세부채 4,866,504,518 4,774,843,107
유수홀딩스 000700 비유동리스부채 0 0
유수홀딩스 000700 부채총계 96,367,010,002 94,017,352,395
유수홀딩스 000700 자본금 65,104,530,000 65,104,530,000
유수홀딩스 000700 자본잉여금 39,676,728,061 39,676,728,061
유수홀딩스 000700 자본조정 0 0
유수홀딩스 000700 기타포괄손익누계액 92,437,136,132 91,988,555,941
유수홀딩스 000700 이익잉여금(결손금) -3,114,009,024 3,602,731,909
유수홀딩스 000700 자본총계 173,522,629,492 179,790,790,234
유수홀딩스 000700 자본과부채총계 269,889,639,494 273,808,142,629
date : 2017-12-31
유수홀딩스 000700 유동자산 19,413,166,363 17,668,897,644
유수홀딩스 000700 현금및현금성자산 6,828,303,067 6,802,242,022
유수홀딩스 000700 매출채권 0 0
유수홀딩스 000700 재고자산 6,246,212 6,872,592
유수홀딩스 000700 기타유동금융자산 0 0
유수홀딩스 000700 기타유동자산 134,054,622 142,344,923
유수홀딩스 000700 매각예정비유동자산 0 0
유수홀딩스 000700 비유동자산 250,800,615,138 256,139,244,985
유수홀딩스 000700 장기금융상품 1,366,000,000 0
유수홀딩스 000700 기타포괄손익-공정가치 0 0
유수홀딩스 000700 당기손익인식공정가치측정금융자산 0 0
유수홀딩스 000700 종속회사투자 0 0
유수홀딩스 000700 관계회사투자 0 0
유수홀딩스 000700 렌탈자산 0 0
유수홀딩스 000700 유형자산 199,943,506,801 201,810,978,679
유수홀딩스 000700 무형자산 674,520,000 674,520,000
유수홀딩스 000700 기타비유동금융자산 0 0
유수홀딩스 000700 기타비유동자산 597,201,225 597,201,225
유수홀딩스 000700 사용권자산 0 0
유수홀딩스 000700 이연법인세자산 0 0
유수홀딩스 000700 자산총계 270,213,781,501 273,808,142,629
유수홀딩스 000700 유동부채 9,859,149,995 86,740,932,647
유수홀딩스 000700 단기매입채무 0 0
유수홀딩스 000700 단기차입금 0 0
유수홀딩스 000700 유동성장기차입금 0 0
유수홀딩스 000700 유동성사채 0 0
유수홀딩스 000700 기타유동금융부채 0 0
유수홀딩스 000700 기타유동부채 395,359,083 600,182,305
유수홀딩스 000700 당기법인세부채 0 0
유수홀딩스 000700 유동리스부채 0 0
유수홀딩스 000700 비유동부채 91,947,317,976 7,276,419,748
유수홀딩스 000700 사채 0 0
유수홀딩스 000700 장기차입금 0 0
유수홀딩스 000700 기타비유동금융부채 0 0
유수홀딩스 000700 이연법인세부채 10,703,706,518 4,774,843,107
유수홀딩스 000700 비유동리스부채 0 0
유수홀딩스 000700 부채총계 101,806,467,971 94,017,352,395
유수홀딩스 000700 자본금 65,104,530,000 65,104,530,000
유수홀딩스 000700 자본잉여금 39,676,728,061 39,676,728,061
유수홀딩스 000700 자본조정 -20,581,755,677 -20,581,755,677
유수홀딩스 000700 기타포괄손익누계액 0 0
유수홀딩스 000700 이익잉여금(결손금) -8,188,192,245 3,602,731,909
유수홀딩스 000700 자본총계 168,407,313,530 179,790,790,234
유수홀딩스 000700 자본과부채총계 270,213,781,501 273,808,142,629
date : 2018-03-31
유수홀딩스 000700 유동자산 13,671,885,060 19,413,166,363
유수홀딩스 000700 현금및현금성자산 6,437,434,493 6,828,303,067
유수홀딩스 000700 매출채권 0 0
유수홀딩스 000700 재고자산 6,212,456 6,246,212
유수홀딩스 000700 기타유동금융자산 0 0
유수홀딩스 000700 기타유동자산 99,615,559 134,054,622
유수홀딩스 000700 매각예정비유동자산 0 0
유수홀딩스 000700 비유동자산 257,791,649,606 250,800,615,138
유수홀딩스 000700 장기금융상품 1,803,651,000 1,366,000,000
유수홀딩스 000700 기타포괄손익-공정가치 0 0
유수홀딩스 000700 당기손익인식공정가치측정금융자산 0 0
유수홀딩스 000700 종속회사투자 0 0
유수홀딩스 000700 관계회사투자 0 0
유수홀딩스 000700 렌탈자산 0 0
유수홀딩스 000700 유형자산 199,469,835,464 199,943,506,801
유수홀딩스 000700 무형자산 674,520,000 674,520,000
유수홀딩스 000700 기타비유동금융자산 0 0
유수홀딩스 000700 기타비유동자산 597,201,225 597,201,225
유수홀딩스 000700 사용권자산 0 0
유수홀딩스 000700 이연법인세자산 0 0
유수홀딩스 000700 자산총계 271,463,534,666 270,213,781,501
유수홀딩스 000700 유동부채 8,633,106,977 9,859,149,995
유수홀딩스 000700 단기매입채무 0 0
유수홀딩스 000700 단기차입금 0 0
유수홀딩스 000700 유동성장기차입금 0 0
유수홀딩스 000700 유동성사채 0 0
유수홀딩스 000700 기타유동금융부채 0 0
유수홀딩스 000700 기타유동부채 487,590,246 395,359,083
유수홀딩스 000700 당기법인세부채 0 0
유수홀딩스 000700 유동리스부채 0 0
유수홀딩스 000700 비유동부채 92,062,303,608 91,947,317,976
유수홀딩스 000700 사채 0 0
유수홀딩스 000700 장기차입금 0 0
유수홀딩스 000700 기타비유동금융부채 0 0
유수홀딩스 000700 이연법인세부채 10,647,182,754 10,703,706,518
유수홀딩스 000700 비유동리스부채 0 0
유수홀딩스 000700 부채총계 100,695,410,585 101,806,467,971
유수홀딩스 000700 자본금 65,104,530,000 65,104,530,000
유수홀딩스 000700 자본잉여금 39,676,728,061 39,676,728,061
유수홀딩스 000700 자본조정 -20,581,755,677 -20,581,755,677
유수홀딩스 000700 기타포괄손익누계액 0 0
유수홀딩스 000700 이익잉여금(결손금) -5,874,765,152 -8,188,192,245
유수홀딩스 000700 자본총계 170,768,124,081 168,407,313,530
유수홀딩스 000700 자본과부채총계 271,463,534,666 270,213,781,501
date : 2018-06-30
유수홀딩스 000700 유동자산 14,501,511,931 19,413,166,363
유수홀딩스 000700 현금및현금성자산 9,061,742,090 6,828,303,067
유수홀딩스 000700 매출채권 0 0
유수홀딩스 000700 재고자산 6,270,835 6,246,212
유수홀딩스 000700 기타유동금융자산 0 0
유수홀딩스 000700 기타유동자산 95,326,284 134,054,622
유수홀딩스 000700 매각예정비유동자산 0 0
유수홀딩스 000700 비유동자산 256,917,704,230 250,800,615,138
유수홀딩스 000700 장기금융상품 0 0
유수홀딩스 000700 기타포괄손익-공정가치 0 0
유수홀딩스 000700 당기손익인식공정가치측정금융자산 0 0
유수홀딩스 000700 종속회사투자 0 0
유수홀딩스 000700 관계회사투자 0 0
유수홀딩스 000700 렌탈자산 0 0
유수홀딩스 000700 유형자산 199,119,923,317 199,943,506,801
유수홀딩스 000700 무형자산 674,520,000 674,520,000
유수홀딩스 000700 기타비유동금융자산 0 0
유수홀딩스 000700 기타비유동자산 600,001,225 597,201,225
유수홀딩스 000700 사용권자산 0 0
유수홀딩스 000700 이연법인세자산 0 0
유수홀딩스 000700 자산총계 271,419,216,161 270,213,781,501
유수홀딩스 000700 유동부채 9,658,518,889 9,859,149,995
유수홀딩스 000700 단기매입채무 0 0
유수홀딩스 000700 단기차입금 0 0
유수홀딩스 000700 유동성장기차입금 0 0
유수홀딩스 000700 유동성사채 0 0
유수홀딩스 000700 기타유동금융부채 0 0
유수홀딩스 000700 기타유동부채 559,711,811 395,359,083
유수홀딩스 000700 당기법인세부채 83,769,701 0
유수홀딩스 000700 유동리스부채 0 0
유수홀딩스 000700 비유동부채 92,240,779,924 91,947,317,976
유수홀딩스 000700 사채 0 0
유수홀딩스 000700 장기차입금 0 0
유수홀딩스 000700 기타비유동금융부채 0 0
유수홀딩스 000700 이연법인세부채 10,577,013,798 10,703,706,518
유수홀딩스 000700 비유동리스부채 0 0
유수홀딩스 000700 부채총계 101,899,298,813 101,806,467,971
유수홀딩스 000700 자본금 65,104,530,000 65,104,530,000
유수홀딩스 000700 자본잉여금 39,676,728,061 39,676,728,061
유수홀딩스 000700 자본조정 -20,581,755,677 -20,581,755,677
유수홀딩스 000700 기타포괄손익누계액 0 0
유수홀딩스 000700 이익잉여금(결손금) -7,013,519,671 -8,188,192,245
유수홀딩스 000700 자본총계 169,519,917,348 168,407,313,530
유수홀딩스 000700 자본과부채총계 271,419,216,161 270,213,781,501
date : 2018-09-30
유수홀딩스 000700 유동자산 12,649,252,421 19,413,166,363
유수홀딩스 000700 현금및현금성자산 4,295,000,469 6,828,303,067
유수홀딩스 000700 매출채권 0 0
유수홀딩스 000700 재고자산 6,060,543 6,246,212
유수홀딩스 000700 기타유동금융자산 0 0
유수홀딩스 000700 기타유동자산 80,966,119 134,054,622
유수홀딩스 000700 매각예정비유동자산 0 0
유수홀딩스 000700 비유동자산 256,886,639,033 250,800,615,138
유수홀딩스 000700 장기금융상품 0 0
유수홀딩스 000700 기타포괄손익-공정가치 0 0
유수홀딩스 000700 당기손익인식공정가치측정금융자산 0 0
유수홀딩스 000700 종속회사투자 0 0
유수홀딩스 000700 관계회사투자 0 0
유수홀딩스 000700 렌탈자산 0 0
유수홀딩스 000700 유형자산 198,650,749,235 199,943,506,801
유수홀딩스 000700 무형자산 674,520,000 674,520,000
유수홀딩스 000700 기타비유동금융자산 0 0
유수홀딩스 000700 기타비유동자산 600,001,225 597,201,225
유수홀딩스 000700 사용권자산 0 0
유수홀딩스 000700 이연법인세자산 0 0
유수홀딩스 000700 자산총계 269,535,891,454 270,213,781,501
유수홀딩스 000700 유동부채 9,145,440,206 9,859,149,995
유수홀딩스 000700 단기매입채무 0 0
유수홀딩스 000700 단기차입금 0 0
유수홀딩스 000700 유동성장기차입금 0 0
유수홀딩스 000700 유동성사채 0 0
유수홀딩스 000700 기타유동금융부채 0 0
유수홀딩스 000700 기타유동부채 320,027,780 395,359,083
유수홀딩스 000700 당기법인세부채 1,096,751 0
유수홀딩스 000700 유동리스부채 0 0
유수홀딩스 000700 비유동부채 91,134,656,181 91,947,317,976
유수홀딩스 000700 사채 0 0
유수홀딩스 000700 장기차입금 0 0
유수홀딩스 000700 기타비유동금융부채 0 0
유수홀딩스 000700 이연법인세부채 10,858,745,223 10,703,706,518
유수홀딩스 000700 비유동리스부채 0 0
유수홀딩스 000700 부채총계 100,280,096,387 101,806,467,971
유수홀딩스 000700 자본금 65,104,530,000 65,104,530,000
유수홀딩스 000700 자본잉여금 39,676,728,061 39,676,728,061
유수홀딩스 000700 자본조정 -20,581,755,677 -20,581,755,677
유수홀딩스 000700 기타포괄손익누계액 0 0
유수홀딩스 000700 이익잉여금(결손금) -7,246,939,990 -8,188,192,245
유수홀딩스 000700 자본총계 169,255,795,067 168,407,313,530
유수홀딩스 000700 자본과부채총계 269,535,891,454 270,213,781,501
date : 2018-12-31
유수홀딩스 000700 유동자산 9,904,539,792 19,413,166,363
유수홀딩스 000700 현금및현금성자산 2,718,199,822 6,828,303,067
유수홀딩스 000700 매출채권 0 0
유수홀딩스 000700 재고자산 6,277,043 6,246,212
유수홀딩스 000700 기타유동금융자산 0 0
유수홀딩스 000700 기타유동자산 117,505,978 134,054,622
유수홀딩스 000700 매각예정비유동자산 0 0
유수홀딩스 000700 비유동자산 266,141,403,769 250,800,615,138
유수홀딩스 000700 장기금융상품 0 0
유수홀딩스 000700 기타포괄손익-공정가치 0 0
유수홀딩스 000700 당기손익인식공정가치측정금융자산 0 0
유수홀딩스 000700 종속회사투자 0 0
유수홀딩스 000700 관계회사투자 0 0
유수홀딩스 000700 렌탈자산 0 0
유수홀딩스 000700 유형자산 217,963,726,642 199,943,506,801
유수홀딩스 000700 무형자산 674,520,000 674,520,000
유수홀딩스 000700 기타비유동금융자산 0 0
유수홀딩스 000700 기타비유동자산 600,001,225 597,201,225
유수홀딩스 000700 사용권자산 0 0
유수홀딩스 000700 이연법인세자산 0 0
유수홀딩스 000700 자산총계 276,045,943,561 270,213,781,501
유수홀딩스 000700 유동부채 8,685,231,395 9,859,149,995
유수홀딩스 000700 단기매입채무 0 0
유수홀딩스 000700 단기차입금 0 0
유수홀딩스 000700 유동성장기차입금 0 0
유수홀딩스 000700 유동성사채 0 0
유수홀딩스 000700 기타유동금융부채 0 0
유수홀딩스 000700 기타유동부채 572,239,809 395,359,083
유수홀딩스 000700 당기법인세부채 0 0
유수홀딩스 000700 유동리스부채 0 0
유수홀딩스 000700 비유동부채 109,495,866,587 91,947,317,976
유수홀딩스 000700 사채 0 0
유수홀딩스 000700 장기차입금 0 0
유수홀딩스 000700 기타비유동금융부채 0 0
유수홀딩스 000700 이연법인세부채 14,096,988,222 10,703,706,518
유수홀딩스 000700 비유동리스부채 0 0
유수홀딩스 000700 부채총계 118,181,097,982 101,806,467,971
유수홀딩스 000700 자본금 65,104,530,000 65,104,530,000
유수홀딩스 000700 자본잉여금 39,676,728,061 39,676,728,061
유수홀딩스 000700 자본조정 -20,581,755,677 -20,581,755,677
유수홀딩스 000700 기타포괄손익누계액 0 0
유수홀딩스 000700 이익잉여금(결손금) -33,971,443,501 -8,188,192,245
유수홀딩스 000700 자본총계 157,864,845,579 168,407,313,530
유수홀딩스 000700 자본과부채총계 276,045,943,561 270,213,781,501
date : 2019-03-31
유수홀딩스 000700 유동자산 11,354,674,383 9,904,539,792
유수홀딩스 000700 현금및현금성자산 6,750,801,947 2,718,199,822
유수홀딩스 000700 매출채권 0 0
유수홀딩스 000700 재고자산 6,494,255 6,277,043
유수홀딩스 000700 기타유동금융자산 0 0
유수홀딩스 000700 기타유동자산 77,057,676 117,505,978
유수홀딩스 000700 매각예정비유동자산 0 0
유수홀딩스 000700 비유동자산 265,705,625,453 266,141,403,769
유수홀딩스 000700 장기금융상품 0 0
유수홀딩스 000700 기타포괄손익-공정가치 0 0
유수홀딩스 000700 당기손익인식공정가치측정금융자산 0 0
유수홀딩스 000700 종속회사투자 0 0
유수홀딩스 000700 관계회사투자 0 0
유수홀딩스 000700 렌탈자산 0 0
유수홀딩스 000700 유형자산 217,508,439,211 217,963,726,642
유수홀딩스 000700 무형자산 674,520,000 674,520,000
유수홀딩스 000700 기타비유동금융자산 0 0
유수홀딩스 000700 기타비유동자산 600,001,225 600,001,225
유수홀딩스 000700 사용권자산 0 0
유수홀딩스 000700 이연법인세자산 0 0
유수홀딩스 000700 자산총계 277,060,299,836 276,045,943,561
유수홀딩스 000700 유동부채 9,204,929,736 8,685,231,395
유수홀딩스 000700 단기매입채무 0 0
유수홀딩스 000700 단기차입금 0 0
유수홀딩스 000700 유동성장기차입금 0 0
유수홀딩스 000700 유동성사채 0 0
유수홀딩스 000700 기타유동금융부채 0 0
유수홀딩스 000700 기타유동부채 510,854,458 572,239,809
유수홀딩스 000700 당기법인세부채 0 0
유수홀딩스 000700 유동리스부채 0 0
유수홀딩스 000700 비유동부채 109,543,365,701 109,495,866,587
유수홀딩스 000700 사채 0 0
유수홀딩스 000700 장기차입금 0 0
유수홀딩스 000700 기타비유동금융부채 0 0
유수홀딩스 000700 이연법인세부채 14,073,743,736 14,096,988,222
유수홀딩스 000700 비유동리스부채 0 0
유수홀딩스 000700 부채총계 118,748,295,437 118,181,097,982
유수홀딩스 000700 자본금 65,104,530,000 65,104,530,000
유수홀딩스 000700 자본잉여금 39,676,728,061 39,676,728,061
유수홀딩스 000700 자본조정 -20,581,755,677 -20,581,755,677
유수홀딩스 000700 기타포괄손익누계액 0 0
유수홀딩스 000700 이익잉여금(결손금) -33,469,104,674 -33,971,443,501
유수홀딩스 000700 자본총계 158,312,004,399 157,864,845,579
유수홀딩스 000700 자본과부채총계 277,060,299,836 276,045,943,561
