date : 2015-12-31
대한방직 001070 유동자산 121,689,747,009 109,376,296,773
대한방직 001070 현금및현금성자산 3,359,846,620 3,343,309,196
대한방직 001070 매출채권 40,114,928,395 39,464,737,782
대한방직 001070 재고자산 51,273,816,312 42,523,758,403
대한방직 001070 기타유동금융자산 0 0
대한방직 001070 기타유동자산 843,572,530 946,394,482
대한방직 001070 매각예정비유동자산 0 0
대한방직 001070 비유동자산 259,518,517,582 264,582,638,368
대한방직 001070 장기금융상품 13,000,000 13,000,000
대한방직 001070 기타포괄손익-공정가치 0 0
대한방직 001070 당기손익인식공정가치측정금융자산 0 0
대한방직 001070 종속회사투자 0 0
대한방직 001070 관계회사투자 0 0
대한방직 001070 렌탈자산 0 0
대한방직 001070 유형자산 223,084,885,525 226,033,685,180
대한방직 001070 무형자산 496,662,973 496,415,970
대한방직 001070 기타비유동금융자산 0 0
대한방직 001070 기타비유동자산 12,705,000 13,860,000
대한방직 001070 사용권자산 0 0
대한방직 001070 이연법인세자산 0 0
대한방직 001070 자산총계 381,208,264,591 373,958,935,141
대한방직 001070 유동부채 171,530,935,236 147,679,229,734
대한방직 001070 단기매입채무 0 0
대한방직 001070 단기차입금 135,310,270,805 107,851,192,975
대한방직 001070 유동성장기차입금 0 0
대한방직 001070 유동성사채 0 0
대한방직 001070 기타유동금융부채 0 0
대한방직 001070 기타유동부채 6,470,019,524 3,383,251,848
대한방직 001070 당기법인세부채 0 0
대한방직 001070 유동리스부채 0 0
대한방직 001070 비유동부채 34,177,817,165 47,991,611,832
대한방직 001070 사채 0 11,273,706,113
대한방직 001070 장기차입금 637,220,736 1,721,707,900
대한방직 001070 기타비유동금융부채 0 0
대한방직 001070 이연법인세부채 21,732,078,063 22,375,134,370
대한방직 001070 비유동리스부채 0 0
대한방직 001070 부채총계 205,708,752,401 195,670,841,566
대한방직 001070 자본금 5,300,000,000 5,300,000,000
대한방직 001070 자본잉여금 0 0
대한방직 001070 자본조정 0 0
대한방직 001070 기타포괄손익누계액 111,434,948,432 111,434,948,432
대한방직 001070 이익잉여금(결손금) 0 0
대한방직 001070 자본총계 175,499,512,190 178,288,093,575
대한방직 001070 자본과부채총계 0 0
date : 2016-03-31
대한방직 001070 유동자산 119,778,455,349 121,689,747,009
대한방직 001070 현금및현금성자산 3,413,979,054 3,359,846,620
대한방직 001070 매출채권 40,648,063,139 40,114,928,395
대한방직 001070 재고자산 48,780,921,306 51,273,816,312
대한방직 001070 기타유동금융자산 0 0
대한방직 001070 기타유동자산 1,786,205,369 843,572,530
대한방직 001070 매각예정비유동자산 0 0
대한방직 001070 비유동자산 258,932,424,020 259,518,517,582
대한방직 001070 장기금융상품 13,000,000 13,000,000
대한방직 001070 기타포괄손익-공정가치 0 0
대한방직 001070 당기손익인식공정가치측정금융자산 0 0
대한방직 001070 종속회사투자 0 0
대한방직 001070 관계회사투자 0 0
대한방직 001070 렌탈자산 0 0
대한방직 001070 유형자산 222,629,692,692 223,084,885,525
대한방직 001070 무형자산 496,580,839 496,662,973
대한방직 001070 기타비유동금융자산 0 0
대한방직 001070 기타비유동자산 12,705,000 12,705,000
대한방직 001070 사용권자산 0 0
대한방직 001070 이연법인세자산 0 0
대한방직 001070 자산총계 378,710,879,369 381,208,264,591
대한방직 001070 유동부채 166,562,594,027 171,530,935,236
대한방직 001070 단기매입채무 0 0
대한방직 001070 단기차입금 127,976,715,126 135,310,270,805
대한방직 001070 유동성장기차입금 0 0
대한방직 001070 유동성사채 0 0
대한방직 001070 기타유동금융부채 0 0
대한방직 001070 기타유동부채 2,768,794,561 6,470,019,524
대한방직 001070 당기법인세부채 0 0
대한방직 001070 유동리스부채 0 0
대한방직 001070 비유동부채 37,245,686,994 34,177,817,165
대한방직 001070 사채 0 0
대한방직 001070 장기차입금 3,623,164,236 637,220,736
대한방직 001070 기타비유동금융부채 0 0
대한방직 001070 이연법인세부채 21,592,234,165 21,732,078,063
대한방직 001070 비유동리스부채 0 0
대한방직 001070 부채총계 203,808,281,021 205,708,752,401
대한방직 001070 자본금 5,300,000,000 5,300,000,000
대한방직 001070 자본잉여금 0 0
대한방직 001070 자본조정 0 0
대한방직 001070 기타포괄손익누계액 111,434,948,432 111,434,948,432
대한방직 001070 이익잉여금(결손금) 0 0
대한방직 001070 자본총계 174,902,598,348 175,499,512,190
대한방직 001070 자본과부채총계 0 0
date : 2016-06-30
대한방직 001070 유동자산 123,186,776,204 121,689,747,009
대한방직 001070 현금및현금성자산 4,227,246,862 3,359,846,620
대한방직 001070 매출채권 42,514,354,614 40,114,928,395
대한방직 001070 재고자산 50,358,778,586 51,273,816,312
대한방직 001070 기타유동금융자산 0 0
대한방직 001070 기타유동자산 1,046,535,264 843,572,530
대한방직 001070 매각예정비유동자산 0 0
대한방직 001070 비유동자산 258,773,889,167 259,518,517,582
대한방직 001070 장기금융상품 13,000,000 13,000,000
대한방직 001070 기타포괄손익-공정가치 0 0
대한방직 001070 당기손익인식공정가치측정금융자산 0 0
대한방직 001070 종속회사투자 0 0
대한방직 001070 관계회사투자 0 0
대한방직 001070 렌탈자산 0 0
대한방직 001070 유형자산 222,378,333,195 223,084,885,525
대한방직 001070 무형자산 499,996,145 496,662,973
대한방직 001070 기타비유동금융자산 0 0
대한방직 001070 기타비유동자산 12,705,000 12,705,000
대한방직 001070 사용권자산 0 0
대한방직 001070 이연법인세자산 0 0
대한방직 001070 자산총계 381,960,665,371 381,208,264,591
대한방직 001070 유동부채 169,425,907,203 171,530,935,236
대한방직 001070 단기매입채무 0 0
대한방직 001070 단기차입금 130,096,110,470 135,310,270,805
대한방직 001070 유동성장기차입금 0 0
대한방직 001070 유동성사채 0 0
대한방직 001070 기타유동금융부채 0 0
대한방직 001070 기타유동부채 2,389,194,821 6,470,019,524
대한방직 001070 당기법인세부채 0 0
대한방직 001070 유동리스부채 0 0
대한방직 001070 비유동부채 38,649,813,173 34,177,817,165
대한방직 001070 사채 3,654,370,741 0
대한방직 001070 장기차입금 2,107,049,136 637,220,736
대한방직 001070 기타비유동금융부채 0 0
대한방직 001070 이연법인세부채 21,321,709,264 21,732,078,063
대한방직 001070 비유동리스부채 0 0
대한방직 001070 부채총계 208,075,720,376 205,708,752,401
대한방직 001070 자본금 5,300,000,000 5,300,000,000
대한방직 001070 자본잉여금 0 0
대한방직 001070 자본조정 0 0
대한방직 001070 기타포괄손익누계액 111,434,948,432 111,434,948,432
대한방직 001070 이익잉여금(결손금) 55,214,570,276 56,829,137,471
대한방직 001070 자본총계 173,884,944,995 175,499,512,190
대한방직 001070 자본과부채총계 0 0
date : 2016-09-30
대한방직 001070 유동자산 122,471,260,639 121,689,747,009
대한방직 001070 현금및현금성자산 8,817,671,843 3,359,846,620
대한방직 001070 매출채권 38,823,040,325 40,114,928,395
대한방직 001070 재고자산 50,954,993,377 51,273,816,312
대한방직 001070 기타유동금융자산 0 0
대한방직 001070 기타유동자산 1,329,707,932 843,572,530
대한방직 001070 매각예정비유동자산 0 0
대한방직 001070 비유동자산 248,119,340,988 259,518,517,582
대한방직 001070 장기금융상품 10,000,000 13,000,000
대한방직 001070 기타포괄손익-공정가치 0 0
대한방직 001070 당기손익인식공정가치측정금융자산 0 0
대한방직 001070 종속회사투자 0 0
대한방직 001070 관계회사투자 0 0
대한방직 001070 렌탈자산 0 0
대한방직 001070 유형자산 222,285,293,001 223,084,885,525
대한방직 001070 무형자산 499,758,275 496,662,973
대한방직 001070 기타비유동금융자산 0 0
대한방직 001070 기타비유동자산 12,705,000 12,705,000
대한방직 001070 사용권자산 0 0
대한방직 001070 이연법인세자산 0 0
대한방직 001070 자산총계 370,590,601,627 381,208,264,591
대한방직 001070 유동부채 156,207,234,572 171,530,935,236
대한방직 001070 단기매입채무 0 0
대한방직 001070 단기차입금 124,258,052,353 135,310,270,805
대한방직 001070 유동성장기차입금 0 0
대한방직 001070 유동성사채 0 0
대한방직 001070 기타유동금융부채 0 0
대한방직 001070 기타유동부채 2,325,135,558 6,470,019,524
대한방직 001070 당기법인세부채 0 0
대한방직 001070 유동리스부채 0 0
대한방직 001070 비유동부채 36,862,092,472 34,177,817,165
대한방직 001070 사채 3,656,425,741 0
대한방직 001070 장기차입금 588,862,236 637,220,736
대한방직 001070 기타비유동금융부채 0 0
대한방직 001070 이연법인세부채 22,371,679,210 21,732,078,063
대한방직 001070 비유동리스부채 0 0
대한방직 001070 부채총계 193,069,327,044 205,708,752,401
대한방직 001070 자본금 5,300,000,000 5,300,000,000
대한방직 001070 자본잉여금 0 0
대한방직 001070 자본조정 0 0
대한방직 001070 기타포괄손익누계액 111,434,948,432 111,434,948,432
대한방직 001070 이익잉여금(결손금) 0 0
대한방직 001070 자본총계 177,521,274,583 175,499,512,190
대한방직 001070 자본과부채총계 0 0
date : 2016-12-31
대한방직 001070 유동자산 114,408,912,014 121,689,747,009
대한방직 001070 현금및현금성자산 4,146,592,822 3,359,846,620
대한방직 001070 매출채권 38,337,936,451 40,114,928,395
대한방직 001070 재고자산 48,820,896,793 51,273,816,312
대한방직 001070 기타유동금융자산 0 0
대한방직 001070 기타유동자산 1,004,370,535 843,572,530
대한방직 001070 매각예정비유동자산 0 0
대한방직 001070 비유동자산 271,522,044,176 259,518,517,582
대한방직 001070 장기금융상품 10,000,000 13,000,000
대한방직 001070 기타포괄손익-공정가치 0 0
대한방직 001070 당기손익인식공정가치측정금융자산 0 0
대한방직 001070 종속회사투자 0 0
대한방직 001070 관계회사투자 0 0
대한방직 001070 렌탈자산 0 0
대한방직 001070 유형자산 245,601,504,120 223,084,885,525
대한방직 001070 무형자산 499,520,405 496,662,973
대한방직 001070 기타비유동금융자산 0 0
대한방직 001070 기타비유동자산 11,550,000 12,705,000
대한방직 001070 사용권자산 0 0
대한방직 001070 이연법인세자산 0 0
대한방직 001070 자산총계 385,930,956,190 381,208,264,591
대한방직 001070 유동부채 146,637,854,594 171,530,935,236
대한방직 001070 단기매입채무 0 0
대한방직 001070 단기차입금 126,871,231,458 135,310,270,805
대한방직 001070 유동성장기차입금 0 0
대한방직 001070 유동성사채 0 0
대한방직 001070 기타유동금융부채 0 0
대한방직 001070 기타유동부채 1,033,157,210 6,470,019,524
대한방직 001070 당기법인세부채 0 0
대한방직 001070 유동리스부채 0 0
대한방직 001070 비유동부채 45,010,775,709 34,177,817,165
대한방직 001070 사채 8,449,285,672 0
대한방직 001070 장기차입금 560,122,246 637,220,736
대한방직 001070 기타비유동금융부채 0 0
대한방직 001070 이연법인세부채 27,009,622,821 21,732,078,063
대한방직 001070 비유동리스부채 0 0
대한방직 001070 부채총계 191,648,630,303 205,708,752,401
대한방직 001070 자본금 5,300,000,000 5,300,000,000
대한방직 001070 자본잉여금 0 0
대한방직 001070 자본조정 0 0
대한방직 001070 기타포괄손익누계액 129,920,626,043 111,434,948,432
대한방직 001070 이익잉여금(결손금) 0 0
대한방직 001070 자본총계 194,282,325,887 175,499,512,190
대한방직 001070 자본과부채총계 0 0
date : 2017-03-31
대한방직 001070 유동자산 115,778,148,984 114,408,912,014
대한방직 001070 현금및현금성자산 7,054,706,367 4,146,592,822
대한방직 001070 매출채권 37,513,376,244 38,337,936,451
대한방직 001070 재고자산 48,789,138,489 48,820,896,793
대한방직 001070 기타유동금융자산 0 0
대한방직 001070 기타유동자산 958,685,048 1,004,370,535
대한방직 001070 매각예정비유동자산 0 0
대한방직 001070 비유동자산 271,564,301,878 271,522,044,176
대한방직 001070 장기금융상품 10,000,000 10,000,000
대한방직 001070 기타포괄손익-공정가치 0 0
대한방직 001070 당기손익인식공정가치측정금융자산 0 0
대한방직 001070 종속회사투자 0 0
대한방직 001070 관계회사투자 0 0
대한방직 001070 렌탈자산 0 0
대한방직 001070 유형자산 245,619,754,751 245,601,504,120
대한방직 001070 무형자산 499,282,535 499,520,405
대한방직 001070 기타비유동금융자산 0 0
대한방직 001070 기타비유동자산 11,550,000 11,550,000
대한방직 001070 사용권자산 0 0
대한방직 001070 이연법인세자산 0 0
대한방직 001070 자산총계 387,342,450,862 385,930,956,190
대한방직 001070 유동부채 147,679,823,126 146,637,854,594
대한방직 001070 단기매입채무 0 0
대한방직 001070 단기차입금 125,192,077,129 126,871,231,458
대한방직 001070 유동성장기차입금 0 0
대한방직 001070 유동성사채 0 0
대한방직 001070 기타유동금융부채 0 0
대한방직 001070 기타유동부채 1,254,989,247 1,033,157,210
대한방직 001070 당기법인세부채 0 0
대한방직 001070 유동리스부채 0 0
대한방직 001070 비유동부채 45,364,496,642 45,010,775,709
대한방직 001070 사채 8,452,553,172 8,449,285,672
대한방직 001070 장기차입금 530,229,346 560,122,246
대한방직 001070 기타비유동금융부채 0 0
대한방직 001070 이연법인세부채 27,122,323,950 27,009,622,821
대한방직 001070 비유동리스부채 0 0
대한방직 001070 부채총계 193,044,319,768 191,648,630,303
대한방직 001070 자본금 5,300,000,000 5,300,000,000
대한방직 001070 자본잉여금 0 0
대한방직 001070 자본조정 0 0
대한방직 001070 기타포괄손익누계액 129,920,626,043 129,920,626,043
대한방직 001070 이익잉여금(결손금) 0 0
대한방직 001070 자본총계 194,298,131,094 194,282,325,887
대한방직 001070 자본과부채총계 0 0
date : 2017-06-30
대한방직 001070 유동자산 111,259,106,890 114,408,912,014
대한방직 001070 현금및현금성자산 2,437,186,290 4,146,592,822
대한방직 001070 매출채권 37,885,968,890 38,337,936,451
대한방직 001070 재고자산 47,548,229,485 48,820,896,793
대한방직 001070 기타유동금융자산 0 0
대한방직 001070 기타유동자산 482,370,470 1,004,370,535
대한방직 001070 매각예정비유동자산 0 0
대한방직 001070 비유동자산 271,154,666,217 271,522,044,176
대한방직 001070 장기금융상품 10,000,000 10,000,000
대한방직 001070 기타포괄손익-공정가치 0 0
대한방직 001070 당기손익인식공정가치측정금융자산 0 0
대한방직 001070 종속회사투자 0 0
대한방직 001070 관계회사투자 0 0
대한방직 001070 렌탈자산 0 0
대한방직 001070 유형자산 245,370,686,705 245,601,504,120
대한방직 001070 무형자산 499,044,665 499,520,405
대한방직 001070 기타비유동금융자산 0 0
대한방직 001070 기타비유동자산 11,550,000 11,550,000
대한방직 001070 사용권자산 0 0
대한방직 001070 이연법인세자산 0 0
대한방직 001070 자산총계 382,413,773,107 385,930,956,190
대한방직 001070 유동부채 149,674,938,837 146,637,854,594
대한방직 001070 단기매입채무 0 0
대한방직 001070 단기차입금 123,303,351,032 126,871,231,458
대한방직 001070 유동성장기차입금 0 0
대한방직 001070 유동성사채 0 0
대한방직 001070 기타유동금융부채 0 0
대한방직 001070 기타유동부채 1,249,973,182 1,033,157,210
대한방직 001070 당기법인세부채 0 0
대한방직 001070 유동리스부채 0 0
대한방직 001070 비유동부채 40,882,603,529 45,010,775,709
대한방직 001070 사채 4,793,229,931 8,449,285,672
대한방직 001070 장기차입금 519,072,046 560,122,246
대한방직 001070 기타비유동금융부채 0 0
대한방직 001070 이연법인세부채 26,437,986,590 27,009,622,821
대한방직 001070 비유동리스부채 0 0
대한방직 001070 부채총계 190,557,542,366 191,648,630,303
대한방직 001070 자본금 5,300,000,000 5,300,000,000
대한방직 001070 자본잉여금 0 0
대한방직 001070 자본조정 0 0
대한방직 001070 기타포괄손익누계액 129,920,626,043 129,920,626,043
대한방직 001070 이익잉여금(결손금) 0 0
대한방직 001070 자본총계 191,856,230,741 194,282,325,887
대한방직 001070 자본과부채총계 0 0
date : 2017-09-30
대한방직 001070 유동자산 110,625,440,996 114,408,912,014
대한방직 001070 현금및현금성자산 4,049,504,205 4,146,592,822
대한방직 001070 매출채권 36,021,422,206 38,337,936,451
대한방직 001070 재고자산 47,715,843,739 48,820,896,793
대한방직 001070 기타유동금융자산 0 0
대한방직 001070 기타유동자산 723,360,011 1,004,370,535
대한방직 001070 매각예정비유동자산 0 0
대한방직 001070 비유동자산 270,933,578,132 271,522,044,176
대한방직 001070 장기금융상품 10,000,000 10,000,000
대한방직 001070 기타포괄손익-공정가치 0 0
대한방직 001070 당기손익인식공정가치측정금융자산 0 0
대한방직 001070 종속회사투자 0 0
대한방직 001070 관계회사투자 0 0
대한방직 001070 렌탈자산 0 0
대한방직 001070 유형자산 245,351,893,660 245,601,504,120
대한방직 001070 무형자산 498,806,795 499,520,405
대한방직 001070 기타비유동금융자산 0 0
대한방직 001070 기타비유동자산 11,550,000 11,550,000
대한방직 001070 사용권자산 0 0
대한방직 001070 이연법인세자산 0 0
대한방직 001070 자산총계 381,559,019,128 385,930,956,190
대한방직 001070 유동부채 149,996,517,223 146,637,854,594
대한방직 001070 단기매입채무 0 0
대한방직 001070 단기차입금 115,278,825,379 126,871,231,458
대한방직 001070 유동성장기차입금 0 0
대한방직 001070 유동성사채 0 0
대한방직 001070 기타유동금융부채 0 0
대한방직 001070 기타유동부채 4,889,948,318 1,033,157,210
대한방직 001070 당기법인세부채 0 0
대한방직 001070 유동리스부채 0 0
대한방직 001070 비유동부채 41,125,870,232 45,010,775,709
대한방직 001070 사채 4,794,442,431 8,449,285,672
대한방직 001070 장기차입금 1,519,072,046 560,122,246
대한방직 001070 기타비유동금융부채 0 0
대한방직 001070 이연법인세부채 26,062,782,161 27,009,622,821
대한방직 001070 비유동리스부채 0 0
대한방직 001070 부채총계 191,122,387,455 191,648,630,303
대한방직 001070 자본금 5,300,000,000 5,300,000,000
대한방직 001070 자본잉여금 0 0
대한방직 001070 자본조정 0 0
대한방직 001070 기타포괄손익누계액 129,920,626,043 129,920,626,043
대한방직 001070 이익잉여금(결손금) 0 0
대한방직 001070 자본총계 190,436,631,673 194,282,325,887
대한방직 001070 자본과부채총계 0 0
date : 2017-12-31
대한방직 001070 유동자산 259,032,382,456 114,408,912,014
대한방직 001070 현금및현금성자산 4,255,287,134 4,146,592,822
대한방직 001070 매출채권 32,976,063,237 38,337,936,451
대한방직 001070 재고자산 43,585,418,500 48,820,896,793
대한방직 001070 기타유동금융자산 0 0
대한방직 001070 기타유동자산 234,668,452 1,004,370,535
대한방직 001070 매각예정비유동자산 0 0
대한방직 001070 비유동자산 104,281,268,469 271,522,044,176
대한방직 001070 장기금융상품 10,000,000 10,000,000
대한방직 001070 기타포괄손익-공정가치 0 0
대한방직 001070 당기손익인식공정가치측정금융자산 0 0
대한방직 001070 종속회사투자 0 0
대한방직 001070 관계회사투자 0 0
대한방직 001070 렌탈자산 0 0
대한방직 001070 유형자산 82,436,600,492 245,601,504,120
대한방직 001070 무형자산 271,734,499 499,520,405
대한방직 001070 기타비유동금융자산 0 0
대한방직 001070 기타비유동자산 10,395,000 11,550,000
대한방직 001070 사용권자산 0 0
대한방직 001070 이연법인세자산 0 0
대한방직 001070 자산총계 363,313,650,925 385,930,956,190
대한방직 001070 유동부채 154,094,142,582 146,637,854,594
대한방직 001070 단기매입채무 0 0
대한방직 001070 단기차입금 102,161,097,541 126,871,231,458
대한방직 001070 유동성장기차입금 0 0
대한방직 001070 유동성사채 0 0
대한방직 001070 기타유동금융부채 0 0
대한방직 001070 기타유동부채 21,186,448,849 1,033,157,210
대한방직 001070 당기법인세부채 0 0
대한방직 001070 유동리스부채 0 0
대한방직 001070 비유동부채 34,448,241,013 45,010,775,709
대한방직 001070 사채 8,449,285,672 0
대한방직 001070 장기차입금 499,847,156 560,122,246
대한방직 001070 기타비유동금융부채 0 0
대한방직 001070 이연법인세부채 25,953,104,571 27,009,622,821
대한방직 001070 비유동리스부채 0 0
대한방직 001070 부채총계 188,542,383,595 191,648,630,303
대한방직 001070 자본금 5,300,000,000 5,300,000,000
대한방직 001070 자본잉여금 0 0
대한방직 001070 자본조정 0 0
대한방직 001070 기타포괄손익누계액 127,023,650,749 129,920,626,043
대한방직 001070 이익잉여금(결손금) 0 0
대한방직 001070 자본총계 174,771,267,330 194,282,325,887
대한방직 001070 자본과부채총계 0 0
date : 2018-03-31
대한방직 001070 유동자산 271,199,907,184 259,032,382,456
대한방직 001070 현금및현금성자산 9,449,195,060 4,255,287,134
대한방직 001070 매출채권 34,331,875,330 32,976,063,237
대한방직 001070 재고자산 47,803,511,042 43,585,418,500
대한방직 001070 기타유동금융자산 0 0
대한방직 001070 기타유동자산 313,548,056 234,668,452
대한방직 001070 매각예정비유동자산 0 0
대한방직 001070 비유동자산 104,017,273,547 104,281,268,469
대한방직 001070 장기금융상품 10,000,000 10,000,000
대한방직 001070 기타포괄손익-공정가치 0 0
대한방직 001070 당기손익인식공정가치측정금융자산 0 0
대한방직 001070 종속회사투자 0 0
대한방직 001070 관계회사투자 0 0
대한방직 001070 렌탈자산 0 0
대한방직 001070 유형자산 82,224,424,924 82,436,600,492
대한방직 001070 무형자산 271,525,207 271,734,499
대한방직 001070 기타비유동금융자산 0 0
대한방직 001070 기타비유동자산 10,395,000 10,395,000
대한방직 001070 사용권자산 0 0
대한방직 001070 이연법인세자산 0 0
대한방직 001070 자산총계 375,217,180,731 363,313,650,925
대한방직 001070 유동부채 167,428,747,462 154,094,142,582
대한방직 001070 단기매입채무 0 0
대한방직 001070 단기차입금 114,812,988,038 102,161,097,541
대한방직 001070 유동성장기차입금 0 0
대한방직 001070 유동성사채 0 0
대한방직 001070 기타유동금융부채 0 0
대한방직 001070 기타유동부채 21,163,953,789 21,186,448,849
대한방직 001070 당기법인세부채 0 0
대한방직 001070 유동리스부채 0 0
대한방직 001070 비유동부채 34,384,971,043 34,448,241,013
대한방직 001070 사채 0 0
대한방직 001070 장기차입금 499,847,156 499,847,156
대한방직 001070 기타비유동금융부채 0 445,531
대한방직 001070 이연법인세부채 25,572,203,385 25,953,104,571
대한방직 001070 비유동리스부채 0 0
대한방직 001070 부채총계 201,813,718,505 188,542,383,595
대한방직 001070 자본금 5,300,000,000 5,300,000,000
대한방직 001070 자본잉여금 0 0
대한방직 001070 자본조정 0 0
대한방직 001070 기타포괄손익누계액 127,023,650,749 127,023,650,749
대한방직 001070 이익잉여금(결손금) 0 0
대한방직 001070 자본총계 173,403,462,226 174,771,267,330
대한방직 001070 자본과부채총계 0 0
date : 2018-06-30
대한방직 001070 유동자산 262,916,329,599 259,032,382,456
대한방직 001070 현금및현금성자산 4,384,190,696 4,255,287,134
대한방직 001070 매출채권 35,182,970,198 32,976,063,237
대한방직 001070 재고자산 45,440,209,938 43,585,418,500
대한방직 001070 기타유동금융자산 0 0
대한방직 001070 기타유동자산 1,054,384,185 234,668,452
대한방직 001070 매각예정비유동자산 0 0
대한방직 001070 비유동자산 104,851,218,925 104,281,268,469
대한방직 001070 장기금융상품 10,000,000 10,000,000
대한방직 001070 기타포괄손익-공정가치 0 0
대한방직 001070 당기손익인식공정가치측정금융자산 0 0
대한방직 001070 종속회사투자 0 0
대한방직 001070 관계회사투자 0 0
대한방직 001070 렌탈자산 0 0
대한방직 001070 유형자산 82,610,945,073 82,436,600,492
대한방직 001070 무형자산 271,315,915 271,734,499
대한방직 001070 기타비유동금융자산 0 0
대한방직 001070 기타비유동자산 10,395,000 10,395,000
대한방직 001070 사용권자산 0 0
대한방직 001070 이연법인세자산 0 0
대한방직 001070 자산총계 367,767,548,524 363,313,650,925
대한방직 001070 유동부채 166,461,200,447 154,094,142,582
대한방직 001070 단기매입채무 0 0
대한방직 001070 단기차입금 115,442,199,590 102,161,097,541
대한방직 001070 유동성장기차입금 0 0
대한방직 001070 유동성사채 0 0
대한방직 001070 기타유동금융부채 0 0
대한방직 001070 기타유동부채 21,156,150,460 21,186,448,849
대한방직 001070 당기법인세부채 0 0
대한방직 001070 유동리스부채 0 0
대한방직 001070 비유동부채 34,417,585,036 34,448,241,013
대한방직 001070 사채 2,735,906,667 34,448,241,013
대한방직 001070 장기차입금 499,847,156 499,847,156
대한방직 001070 기타비유동금융부채 0 0
대한방직 001070 이연법인세부채 23,571,784,911 25,953,104,571
대한방직 001070 비유동리스부채 0 0
대한방직 001070 부채총계 200,878,785,483 188,542,383,595
대한방직 001070 자본금 5,300,000,000 5,300,000,000
대한방직 001070 자본잉여금 0 0
대한방직 001070 자본조정 0 0
대한방직 001070 기타포괄손익누계액 127,023,650,749 127,023,650,749
대한방직 001070 이익잉여금(결손금) 0 0
대한방직 001070 자본총계 166,888,763,041 174,771,267,330
대한방직 001070 자본과부채총계 0 0
date : 2018-09-30
대한방직 001070 유동자산 267,609,764,952 259,032,382,456
대한방직 001070 현금및현금성자산 2,181,006,352 4,255,287,134
대한방직 001070 매출채권 40,737,462,944 32,976,063,237
대한방직 001070 재고자산 49,777,820,908 43,585,418,500
대한방직 001070 기타유동금융자산 0 0
대한방직 001070 기타유동자산 488,640,922 234,668,452
대한방직 001070 매각예정비유동자산 0 0
대한방직 001070 비유동자산 105,234,410,400 104,281,268,469
대한방직 001070 장기금융상품 10,000,000 10,000,000
대한방직 001070 기타포괄손익-공정가치 0 0
대한방직 001070 당기손익인식공정가치측정금융자산 0 0
대한방직 001070 종속회사투자 0 0
대한방직 001070 관계회사투자 0 0
대한방직 001070 렌탈자산 0 0
대한방직 001070 유형자산 82,791,518,004 82,436,600,492
대한방직 001070 무형자산 707,077,610 271,734,499
대한방직 001070 기타비유동금융자산 0 0
대한방직 001070 기타비유동자산 10,395,000 10,395,000
대한방직 001070 사용권자산 0 0
대한방직 001070 이연법인세자산 0 0
대한방직 001070 자산총계 372,844,175,352 363,313,650,925
대한방직 001070 유동부채 178,418,230,188 154,094,142,582
대한방직 001070 단기매입채무 0 0
대한방직 001070 단기차입금 126,115,116,489 102,161,097,541
대한방직 001070 유동성장기차입금 0 0
대한방직 001070 유동성사채 0 0
대한방직 001070 기타유동금융부채 0 0
대한방직 001070 기타유동부채 23,126,567,981 21,186,448,849
대한방직 001070 당기법인세부채 0 0
대한방직 001070 유동리스부채 0 0
대한방직 001070 비유동부채 33,240,150,937 34,448,241,013
대한방직 001070 사채 2,737,731,667 0
대한방직 001070 장기차입금 499,847,156 499,847,156
대한방직 001070 기타비유동금융부채 0 0
대한방직 001070 이연법인세부채 21,930,081,860 25,953,104,571
대한방직 001070 비유동리스부채 0 0
대한방직 001070 부채총계 211,658,381,125 188,542,383,595
대한방직 001070 자본금 5,300,000,000 5,300,000,000
대한방직 001070 자본잉여금 0 0
대한방직 001070 자본조정 0 0
대한방직 001070 기타포괄손익누계액 127,023,650,749 127,023,650,749
대한방직 001070 이익잉여금(결손금) 0 0
대한방직 001070 자본총계 161,185,794,227 174,771,267,330
대한방직 001070 자본과부채총계 0 0
date : 2018-12-31
대한방직 001070 유동자산 167,896,919,178 259,032,382,456
대한방직 001070 현금및현금성자산 86,758,131,815 4,255,287,134
대한방직 001070 매출채권 33,495,974,292 32,976,063,237
대한방직 001070 재고자산 37,195,763,174 43,585,418,500
대한방직 001070 기타유동금융자산 0 0
대한방직 001070 기타유동자산 198,187,322 234,668,452
대한방직 001070 매각예정비유동자산 0 0
대한방직 001070 비유동자산 99,218,846,297 104,281,268,469
대한방직 001070 장기금융상품 10,000,000 10,000,000
대한방직 001070 기타포괄손익-공정가치 0 0
대한방직 001070 당기손익인식공정가치측정금융자산 0 0
대한방직 001070 종속회사투자 0 0
대한방직 001070 관계회사투자 0 0
대한방직 001070 렌탈자산 0 0
대한방직 001070 유형자산 81,316,548,213 82,436,600,492
대한방직 001070 무형자산 708,401,589 271,734,499
대한방직 001070 기타비유동금융자산 0 0
대한방직 001070 기타비유동자산 9,240,000 10,395,000
대한방직 001070 사용권자산 0 0
대한방직 001070 이연법인세자산 0 0
대한방직 001070 자산총계 267,115,765,475 363,313,650,925
대한방직 001070 유동부채 68,827,747,207 154,094,142,582
대한방직 001070 단기매입채무 0 0
대한방직 001070 단기차입금 48,687,985,882 102,161,097,541
대한방직 001070 유동성장기차입금 0 0
대한방직 001070 유동성사채 0 0
대한방직 001070 기타유동금융부채 0 0
대한방직 001070 기타유동부채 2,562,697,131 21,186,448,849
대한방직 001070 당기법인세부채 3,641,605,460 0
대한방직 001070 유동리스부채 0 0
대한방직 001070 비유동부채 22,477,472,287 34,448,241,013
대한방직 001070 사채 0 0
대한방직 001070 장기차입금 480,622,266 499,847,156
대한방직 001070 기타비유동금융부채 0 0
대한방직 001070 이연법인세부채 20,048,737,963 25,953,104,571
대한방직 001070 비유동리스부채 0 0
대한방직 001070 부채총계 91,305,219,494 188,542,383,595
대한방직 001070 자본금 5,300,000,000 5,300,000,000
대한방직 001070 자본잉여금 0 0
대한방직 001070 자본조정 0 0
대한방직 001070 기타포괄손익누계액 27,209,683,805 127,023,650,749
대한방직 001070 이익잉여금(결손금) 0 0
대한방직 001070 자본총계 175,810,545,981 174,771,267,330
대한방직 001070 자본과부채총계 0 0
date : 2019-03-31
대한방직 001070 유동자산 147,545,221,420 167,896,919,178
대한방직 001070 현금및현금성자산 59,614,566,131 86,758,131,815
대한방직 001070 매출채권 30,760,212,852 33,495,974,292
대한방직 001070 재고자산 33,431,804,997 37,195,763,174
대한방직 001070 기타유동금융자산 0 0
대한방직 001070 기타유동자산 207,211,874 198,187,322
대한방직 001070 매각예정비유동자산 0 0
대한방직 001070 비유동자산 99,779,244,306 99,218,846,297
대한방직 001070 장기금융상품 10,000,000 10,000,000
대한방직 001070 기타포괄손익-공정가치 0 0
대한방직 001070 당기손익인식공정가치측정금융자산 0 0
대한방직 001070 종속회사투자 0 0
대한방직 001070 관계회사투자 0 0
대한방직 001070 렌탈자산 0 0
대한방직 001070 유형자산 81,926,475,360 81,316,548,213
대한방직 001070 무형자산 704,204,539 708,401,589
대한방직 001070 기타비유동금융자산 0 0
대한방직 001070 기타비유동자산 9,240,000 9,240,000
대한방직 001070 사용권자산 0 0
대한방직 001070 이연법인세자산 0 0
대한방직 001070 자산총계 247,324,465,726 267,115,765,475
대한방직 001070 유동부채 58,550,964,186 68,827,747,207
대한방직 001070 단기매입채무 0 0
대한방직 001070 단기차입금 30,433,822,488 48,687,985,882
대한방직 001070 유동성장기차입금 0 0
대한방직 001070 유동성사채 0 0
대한방직 001070 기타유동금융부채 0 0
대한방직 001070 기타유동부채 3,112,583,727 2,562,697,131
대한방직 001070 당기법인세부채 5,749,096,974 3,641,605,460
대한방직 001070 유동리스부채 0 0
대한방직 001070 비유동부채 18,969,990,887 22,477,472,287
대한방직 001070 사채 0 0
대한방직 001070 장기차입금 480,622,266 480,622,266
대한방직 001070 기타비유동금융부채 0 0
대한방직 001070 이연법인세부채 17,545,824,639 20,048,737,963
대한방직 001070 비유동리스부채 0 0
대한방직 001070 부채총계 77,520,955,073 91,305,219,494
대한방직 001070 자본금 5,300,000,000 5,300,000,000
대한방직 001070 자본잉여금 0 0
대한방직 001070 자본조정 0 0
대한방직 001070 기타포괄손익누계액 27,209,683,805 27,209,683,805
대한방직 001070 이익잉여금(결손금) 0 0
대한방직 001070 자본총계 169,803,510,653 175,810,545,981
대한방직 001070 자본과부채총계 0 0
