date : 2015-12-31
국보 001140 유동자산 25,758,663,950 30,298,511,468
국보 001140 현금및현금성자산 204,562,264 362,649,584
국보 001140 매출채권 17,350,422,894 19,434,690,236
국보 001140 재고자산 413,180,845 665,254,097
국보 001140 기타유동금융자산 0 0
국보 001140 기타유동자산 538,097,260 930,564,287
국보 001140 매각예정비유동자산 0 0
국보 001140 비유동자산 54,400,002,796 57,299,397,150
국보 001140 장기금융상품 0 0
국보 001140 기타포괄손익-공정가치 0 0
국보 001140 당기손익인식공정가치측정금융자산 0 0
국보 001140 종속회사투자 0 0
국보 001140 관계회사투자 0 0
국보 001140 렌탈자산 0 0
국보 001140 유형자산 40,409,825,564 41,186,594,032
국보 001140 무형자산 5,303,150,131 5,664,209,212
국보 001140 기타비유동금융자산 285,400,000 245,400,000
국보 001140 기타비유동자산 298,195,153 144,313,827
국보 001140 사용권자산 0 0
국보 001140 이연법인세자산 0 0
국보 001140 자산총계 80,158,666,746 87,597,908,618
국보 001140 유동부채 51,329,699,170 54,035,254,945
국보 001140 단기매입채무 0 0
국보 001140 단기차입금 24,803,456,615 26,480,274,167
국보 001140 유동성장기차입금 0 0
국보 001140 유동성사채 0 0
국보 001140 기타유동금융부채 0 0
국보 001140 기타유동부채 0 0
국보 001140 당기법인세부채 0 0
국보 001140 유동리스부채 0 0
국보 001140 비유동부채 11,715,502,205 12,577,901,682
국보 001140 사채 0 0
국보 001140 장기차입금 3,599,269,073 4,802,813,610
국보 001140 기타비유동금융부채 0 0
국보 001140 이연법인세부채 4,972,683,826 4,932,760,175
국보 001140 비유동리스부채 0 0
국보 001140 부채총계 63,045,201,375 66,613,156,627
국보 001140 자본금 5,136,520,000 5,136,520,000
국보 001140 자본잉여금 0 0
국보 001140 자본조정 0 0
국보 001140 기타포괄손익누계액 121,976,156 222,753,656
국보 001140 이익잉여금(결손금) 0 0
국보 001140 자본총계 17,113,465,371 20,984,751,991
국보 001140 자본과부채총계 80,158,666,746 87,597,908,618
date : 2016-03-31
국보 001140 유동자산 27,624,693,810 25,758,663,950
국보 001140 현금및현금성자산 151,486,688 204,562,264
국보 001140 매출채권 16,974,736,595 17,350,422,894
국보 001140 재고자산 416,149,925 413,180,845
국보 001140 기타유동금융자산 0 0
국보 001140 기타유동자산 2,735,311,887 538,097,260
국보 001140 매각예정비유동자산 0 0
국보 001140 비유동자산 54,266,237,968 54,400,002,796
국보 001140 장기금융상품 0 0
국보 001140 기타포괄손익-공정가치 0 0
국보 001140 당기손익인식공정가치측정금융자산 0 0
국보 001140 종속회사투자 0 0
국보 001140 관계회사투자 0 0
국보 001140 렌탈자산 0 0
국보 001140 유형자산 40,208,393,429 40,409,825,564
국보 001140 무형자산 5,215,447,027 5,303,150,131
국보 001140 기타비유동금융자산 405,400,000 285,400,000
국보 001140 기타비유동자산 364,165,246 298,195,153
국보 001140 사용권자산 0 0
국보 001140 이연법인세자산 0 0
국보 001140 자산총계 81,890,931,778 80,158,666,746
국보 001140 유동부채 53,077,403,954 51,329,699,170
국보 001140 단기매입채무 0 0
국보 001140 단기차입금 24,962,435,317 24,803,456,615
국보 001140 유동성장기차입금 0 0
국보 001140 유동성사채 0 0
국보 001140 기타유동금융부채 0 0
국보 001140 기타유동부채 0 0
국보 001140 당기법인세부채 0 0
국보 001140 유동리스부채 0 0
국보 001140 비유동부채 12,460,109,975 11,715,502,205
국보 001140 사채 0 0
국보 001140 장기차입금 4,305,826,722 3,599,269,073
국보 001140 기타비유동금융부채 0 0
국보 001140 이연법인세부채 4,787,474,476 4,972,683,826
국보 001140 비유동리스부채 0 0
국보 001140 부채총계 65,537,513,929 63,045,201,375
국보 001140 자본금 5,136,520,000 5,136,520,000
국보 001140 자본잉여금 0 0
국보 001140 자본조정 0 0
국보 001140 기타포괄손익누계액 85,193,485 121,976,156
국보 001140 이익잉여금(결손금) 0 0
국보 001140 자본총계 16,353,417,849 17,113,465,371
국보 001140 자본과부채총계 81,890,931,778 80,158,666,746
date : 2016-06-30
국보 001140 유동자산 27,450,130,760 25,758,663,950
국보 001140 현금및현금성자산 100,516,548 204,562,264
국보 001140 매출채권 16,207,777,862 17,350,422,894
국보 001140 재고자산 392,335,395 413,180,845
국보 001140 기타유동금융자산 0 0
국보 001140 기타유동자산 3,470,942,663 538,097,260
국보 001140 매각예정비유동자산 0 0
국보 001140 비유동자산 53,796,912,742 54,400,002,796
국보 001140 장기금융상품 0 0
국보 001140 기타포괄손익-공정가치 0 0
국보 001140 당기손익인식공정가치측정금융자산 0 0
국보 001140 종속회사투자 0 0
국보 001140 관계회사투자 0 0
국보 001140 렌탈자산 0 0
국보 001140 유형자산 40,020,724,707 40,409,825,564
국보 001140 무형자산 5,127,743,924 5,303,150,131
국보 001140 기타비유동금융자산 545,400,000 285,400,000
국보 001140 기타비유동자산 430,135,339 298,195,153
국보 001140 사용권자산 0 0
국보 001140 이연법인세자산 0 0
국보 001140 자산총계 81,247,043,502 80,158,666,746
국보 001140 유동부채 53,278,314,710 51,329,699,170
국보 001140 단기매입채무 0 0
국보 001140 단기차입금 25,762,183,803 24,803,456,615
국보 001140 유동성장기차입금 0 0
국보 001140 유동성사채 0 0
국보 001140 기타유동금융부채 0 0
국보 001140 기타유동부채 337,329,758 414,898,733
국보 001140 당기법인세부채 0 0
국보 001140 유동리스부채 0 0
국보 001140 비유동부채 11,285,903,531 11,715,502,205
국보 001140 사채 0 0
국보 001140 장기차입금 3,983,639,696 3,599,269,073
국보 001140 기타비유동금융부채 0 0
국보 001140 이연법인세부채 4,237,529,731 4,972,683,826
국보 001140 비유동리스부채 0 0
국보 001140 부채총계 64,564,218,241 63,045,201,375
국보 001140 자본금 5,136,520,000 5,136,520,000
국보 001140 자본잉여금 0 0
국보 001140 자본조정 0 0
국보 001140 기타포괄손익누계액 67,486,251 121,976,156
국보 001140 이익잉여금(결손금) 0 0
국보 001140 자본총계 16,682,825,261 17,113,465,371
국보 001140 자본과부채총계 81,247,043,502 80,158,666,746
date : 2016-09-30
국보 001140 유동자산 27,000,710,389 25,758,663,950
국보 001140 현금및현금성자산 198,710,817 204,562,264
국보 001140 매출채권 15,216,267,417 17,350,422,894
국보 001140 재고자산 397,158,515 413,180,845
국보 001140 기타유동금융자산 0 0
국보 001140 기타유동자산 3,881,270,252 538,097,260
국보 001140 매각예정비유동자산 0 0
국보 001140 비유동자산 53,822,581,625 54,400,002,796
국보 001140 장기금융상품 0 0
국보 001140 기타포괄손익-공정가치 0 0
국보 001140 당기손익인식공정가치측정금융자산 0 0
국보 001140 종속회사투자 0 0
국보 001140 관계회사투자 0 0
국보 001140 렌탈자산 0 0
국보 001140 유형자산 39,835,571,782 40,409,825,564
국보 001140 무형자산 5,040,040,820 5,303,150,131
국보 001140 기타비유동금융자산 695,400,000 285,400,000
국보 001140 기타비유동자산 496,105,432 298,195,153
국보 001140 사용권자산 0 0
국보 001140 이연법인세자산 0 0
국보 001140 자산총계 80,823,292,014 80,158,666,746
국보 001140 유동부채 53,493,121,723 51,329,699,170
국보 001140 단기매입채무 0 0
국보 001140 단기차입금 25,347,897,541 24,803,456,615
국보 001140 유동성장기차입금 0 0
국보 001140 유동성사채 0 0
국보 001140 기타유동금융부채 0 0
국보 001140 기타유동부채 322,413,894 414,898,733
국보 001140 당기법인세부채 0 0
국보 001140 유동리스부채 0 0
국보 001140 비유동부채 10,624,682,492 11,715,502,205
국보 001140 사채 0 0
국보 001140 장기차입금 3,479,852,070 3,599,269,073
국보 001140 기타비유동금융부채 0 0
국보 001140 이연법인세부채 4,089,153,303 4,972,683,826
국보 001140 비유동리스부채 0 0
국보 001140 부채총계 64,117,804,215 63,045,201,375
국보 001140 자본금 5,136,520,000 5,136,520,000
국보 001140 자본잉여금 0 0
국보 001140 자본조정 0 0
국보 001140 기타포괄손익누계액 144,020,032 121,976,156
국보 001140 이익잉여금(결손금) 0 0
국보 001140 자본총계 16,705,487,799 17,113,465,371
국보 001140 자본과부채총계 80,823,292,014 80,158,666,746
date : 2016-12-31
국보 001140 유동자산 24,610,414,265 25,758,663,950
국보 001140 현금및현금성자산 134,391,175 204,562,264
국보 001140 매출채권 16,285,605,583 17,350,422,894
국보 001140 재고자산 376,717,315 413,180,845
국보 001140 기타유동금융자산 0 0
국보 001140 기타유동자산 447,013,789 538,097,260
국보 001140 매각예정비유동자산 0 0
국보 001140 비유동자산 52,877,376,328 54,400,002,796
국보 001140 장기금융상품 0 0
국보 001140 기타포괄손익-공정가치 0 0
국보 001140 당기손익인식공정가치측정금융자산 0 0
국보 001140 종속회사투자 0 0
국보 001140 관계회사투자 0 0
국보 001140 렌탈자산 0 0
국보 001140 유형자산 39,652,036,853 40,409,825,564
국보 001140 무형자산 4,612,011,717 5,303,150,131
국보 001140 기타비유동금융자산 845,400,000 285,400,000
국보 001140 기타비유동자산 151,983,733 298,195,153
국보 001140 사용권자산 0 0
국보 001140 이연법인세자산 0 0
국보 001140 자산총계 77,487,790,593 80,158,666,746
국보 001140 유동부채 53,668,775,328 51,329,699,170
국보 001140 단기매입채무 0 0
국보 001140 단기차입금 24,350,388,637 24,803,456,615
국보 001140 유동성장기차입금 0 0
국보 001140 유동성사채 0 0
국보 001140 기타유동금융부채 0 0
국보 001140 기타유동부채 399,149,636 414,898,733
국보 001140 당기법인세부채 0 0
국보 001140 유동리스부채 0 0
국보 001140 비유동부채 10,618,366,758 11,715,502,205
국보 001140 사채 0 0
국보 001140 장기차입금 2,927,218,539 3,599,269,073
국보 001140 기타비유동금융부채 0 0
국보 001140 이연법인세부채 4,972,683,826 4,972,683,826
국보 001140 비유동리스부채 0 0
국보 001140 부채총계 64,287,142,086 63,045,201,375
국보 001140 자본금 5,136,520,000 5,136,520,000
국보 001140 자본잉여금 0 0
국보 001140 자본조정 0 0
국보 001140 기타포괄손익누계액 340,484,457 121,976,156
국보 001140 이익잉여금(결손금) 0 0
국보 001140 자본총계 13,200,648,507 17,113,465,371
국보 001140 자본과부채총계 77,487,790,593 80,158,666,746
date : 2017-06-30
국보 001140 유동자산 22,638,121,336 24,610,414,265
국보 001140 현금및현금성자산 3,173,191,655 134,391,175
국보 001140 매출채권 15,242,909,672 16,285,605,583
국보 001140 재고자산 390,861,265 376,717,315
국보 001140 기타유동금융자산 0 0
국보 001140 기타유동자산 983,965,428 447,013,789
국보 001140 매각예정비유동자산 0 0
국보 001140 비유동자산 53,361,267,380 52,877,376,328
국보 001140 장기금융상품 0 0
국보 001140 기타포괄손익-공정가치 0 0
국보 001140 당기손익인식공정가치측정금융자산 0 0
국보 001140 종속회사투자 0 0
국보 001140 관계회사투자 0 0
국보 001140 렌탈자산 0 0
국보 001140 유형자산 39,372,493,497 39,652,036,853
국보 001140 무형자산 5,268,571,606 4,612,011,717
국보 001140 기타비유동금융자산 465,400,000 845,400,000
국보 001140 기타비유동자산 587,481,377 151,983,733
국보 001140 사용권자산 0 0
국보 001140 이연법인세자산 0 0
국보 001140 자산총계 75,999,388,716 77,487,790,593
국보 001140 유동부채 44,819,604,431 53,668,775,328
국보 001140 단기매입채무 0 0
국보 001140 단기차입금 23,513,441,158 24,350,388,637
국보 001140 유동성장기차입금 0 0
국보 001140 유동성사채 0 0
국보 001140 기타유동금융부채 0 0
국보 001140 기타유동부채 263,072,476 399,149,636
국보 001140 당기법인세부채 0 0
국보 001140 유동리스부채 0 0
국보 001140 비유동부채 13,001,311,764 10,618,366,758
국보 001140 사채 0 0
국보 001140 장기차입금 4,323,817,247 2,927,218,539
국보 001140 기타비유동금융부채 0 0
국보 001140 이연법인세부채 5,356,617,663 4,972,683,826
국보 001140 비유동리스부채 0 0
국보 001140 부채총계 57,820,916,195 64,287,142,086
국보 001140 자본금 8,411,520,000 5,136,520,000
국보 001140 자본잉여금 0 0
국보 001140 자본조정 0 0
국보 001140 기타포괄손익누계액 -87,623,519 340,484,457
국보 001140 이익잉여금(결손금) 0 0
국보 001140 자본총계 18,178,472,521 13,200,648,507
국보 001140 자본과부채총계 75,999,388,716 77,487,790,593
date : 2017-09-30
국보 001140 유동자산 23,154,812,863 24,610,414,265
국보 001140 현금및현금성자산 3,059,104,793 134,391,175
국보 001140 매출채권 16,068,653,844 16,285,605,583
국보 001140 재고자산 418,544,005 376,717,315
국보 001140 기타유동금융자산 1,860,000,000 6,966,614,920
국보 001140 기타유동자산 1,239,995,584 447,013,789
국보 001140 매각예정비유동자산 0 0
국보 001140 비유동자산 53,047,521,737 52,877,376,328
국보 001140 장기금융상품 0 0
국보 001140 기타포괄손익-공정가치 0 0
국보 001140 당기손익인식공정가치측정금융자산 0 0
국보 001140 종속회사투자 0 0
국보 001140 관계회사투자 0 0
국보 001140 렌탈자산 0 0
국보 001140 유형자산 39,523,496,411 39,652,036,853
국보 001140 무형자산 5,167,143,097 4,612,011,717
국보 001140 기타비유동금융자산 95,400,000 845,400,000
국보 001140 기타비유동자산 544,481,279 151,983,733
국보 001140 사용권자산 0 0
국보 001140 이연법인세자산 0 0
국보 001140 자산총계 76,202,334,600 77,487,790,593
국보 001140 유동부채 45,682,483,374 53,668,775,328
국보 001140 단기매입채무 0 0
국보 001140 단기차입금 21,920,760,271 24,350,388,637
국보 001140 유동성장기차입금 0 0
국보 001140 유동성사채 0 0
국보 001140 기타유동금융부채 0 0
국보 001140 기타유동부채 391,248,498 399,149,636
국보 001140 당기법인세부채 0 0
국보 001140 유동리스부채 0 0
국보 001140 비유동부채 12,961,304,947 10,618,366,758
국보 001140 사채 0 0
국보 001140 장기차입금 4,039,556,603 2,927,218,539
국보 001140 기타비유동금융부채 0 0
국보 001140 이연법인세부채 5,406,015,990 4,972,683,826
국보 001140 비유동리스부채 0 0
국보 001140 부채총계 58,643,788,321 64,287,142,086
국보 001140 자본금 8,411,520,000 5,136,520,000
국보 001140 자본잉여금 0 0
국보 001140 자본조정 0 0
국보 001140 기타포괄손익누계액 -89,091,830 340,484,457
국보 001140 이익잉여금(결손금) -2,444,936,613 -1,625,094,132
국보 001140 자본총계 17,558,546,279 13,200,648,507
국보 001140 자본과부채총계 76,202,334,600 77,487,790,593
date : 2017-12-31
국보 001140 유동자산 17,793,061,565 24,610,414,265
국보 001140 현금및현금성자산 915,034,462 134,391,175
국보 001140 매출채권 13,184,022,640 16,285,605,583
국보 001140 재고자산 405,426,865 376,717,315
국보 001140 기타유동금융자산 0 0
국보 001140 기타유동자산 866,863,170 447,013,789
국보 001140 매각예정비유동자산 0 0
국보 001140 비유동자산 52,026,178,473 52,877,376,328
국보 001140 장기금융상품 0 0
국보 001140 기타포괄손익-공정가치 0 0
국보 001140 당기손익인식공정가치측정금융자산 0 0
국보 001140 종속회사투자 0 0
국보 001140 관계회사투자 0 0
국보 001140 렌탈자산 0 0
국보 001140 유형자산 39,364,720,829 39,652,036,853
국보 001140 무형자산 5,035,741,860 4,612,011,717
국보 001140 기타비유동금융자산 0 0
국보 001140 기타비유동자산 152,357,728 151,983,733
국보 001140 사용권자산 0 0
국보 001140 이연법인세자산 0 0
국보 001140 자산총계 69,819,240,038 77,487,790,593
국보 001140 유동부채 44,683,850,979 53,668,775,328
국보 001140 단기매입채무 0 0
국보 001140 단기차입금 21,515,376,573 24,350,388,637
국보 001140 유동성장기차입금 2,086,060,347 1,202,623,330
국보 001140 유동성사채 0 0
국보 001140 기타유동금융부채 0 0
국보 001140 기타유동부채 653,510,524 399,149,636
국보 001140 당기법인세부채 0 0
국보 001140 유동리스부채 0 0
국보 001140 비유동부채 9,096,218,384 10,618,366,758
국보 001140 사채 0 0
국보 001140 장기차입금 3,532,842,830 2,927,218,539
국보 001140 기타비유동금융부채 0 0
국보 001140 이연법인세부채 2,625,738,073 4,972,683,826
국보 001140 비유동리스부채 0 0
국보 001140 부채총계 53,780,069,363 64,287,142,086
국보 001140 자본금 8,411,520,000 5,136,520,000
국보 001140 자본잉여금 0 0
국보 001140 자본조정 0 0
국보 001140 기타포괄손익누계액 92,767,923 340,484,457
국보 001140 이익잉여금(결손금) -4,146,171,970 -1,625,094,132
국보 001140 자본총계 16,039,170,675 13,200,648,507
국보 001140 자본과부채총계 69,819,240,038 77,487,790,593
date : 2018-03-31
국보 001140 유동자산 16,783,520,308 17,793,061,565
국보 001140 현금및현금성자산 120,893,873 915,034,462
국보 001140 매출채권 13,326,944,409 13,184,022,640
국보 001140 재고자산 406,467,095 405,426,865
국보 001140 기타유동금융자산 0 0
국보 001140 기타유동자산 896,121,650 866,863,170
국보 001140 매각예정비유동자산 0 0
국보 001140 비유동자산 51,874,813,655 52,026,178,473
국보 001140 장기금융상품 0 0
국보 001140 기타포괄손익-공정가치 0 0
국보 001140 당기손익인식공정가치측정금융자산 0 0
국보 001140 종속회사투자 0 0
국보 001140 관계회사투자 0 0
국보 001140 렌탈자산 0 0
국보 001140 유형자산 39,227,837,518 39,364,720,829
국보 001140 무형자산 4,935,373,767 5,035,741,860
국보 001140 기타비유동금융자산 0 0
국보 001140 기타비유동자산 189,999,314 152,357,728
국보 001140 사용권자산 0 0
국보 001140 이연법인세자산 0 0
국보 001140 자산총계 68,658,333,963 69,819,240,038
국보 001140 유동부채 43,950,320,820 44,683,850,979
국보 001140 단기매입채무 0 0
국보 001140 단기차입금 22,979,436,555 21,515,376,573
국보 001140 유동성장기차입금 2,082,960,385 2,086,060,347
국보 001140 유동성사채 0 0
국보 001140 기타유동금융부채 0 0
국보 001140 기타유동부채 616,425,789 653,510,524
국보 001140 당기법인세부채 0 0
국보 001140 유동리스부채 0 0
국보 001140 비유동부채 8,825,832,434 9,096,218,384
국보 001140 사채 0 0
국보 001140 장기차입금 3,024,155,148 3,532,842,830
국보 001140 기타비유동금융부채 0 0
국보 001140 이연법인세부채 2,278,320,115 2,625,738,073
국보 001140 비유동리스부채 0 0
국보 001140 부채총계 52,776,153,254 53,780,069,363
국보 001140 자본금 8,411,520,000 8,411,520,000
국보 001140 자본잉여금 0 0
국보 001140 자본조정 0 0
국보 001140 기타포괄손익누계액 94,080,273 92,767,923
국보 001140 이익잉여금(결손금) -4,304,474,286 -4,146,171,970
국보 001140 자본총계 15,882,180,709 16,039,170,675
국보 001140 자본과부채총계 68,658,333,963 69,819,240,038
date : 2018-06-30
국보 001140 유동자산 41,152,578,150 17,793,061,565
국보 001140 현금및현금성자산 1,047,509,224 915,034,462
국보 001140 매출채권 13,485,631,957 13,184,022,640
국보 001140 재고자산 376,606,295 405,426,865
국보 001140 기타유동금융자산 0 0
국보 001140 기타유동자산 882,229,160 866,863,170
국보 001140 매각예정비유동자산 24,104,100,000 0
국보 001140 비유동자산 27,817,285,175 52,026,178,473
국보 001140 장기금융상품 0 0
국보 001140 기타포괄손익-공정가치 측정 금융자산
국보 001140 당기손익인식공정가치측정금융자산 0 0
국보 001140 종속회사투자 0 0
국보 001140 관계회사투자 0 0
국보 001140 렌탈자산 0 0
국보 001140 유형자산 15,095,861,775 39,364,720,829
국보 001140 무형자산 4,835,005,674 5,035,741,860
국보 001140 기타비유동금융자산 0 0
국보 001140 기타비유동자산 219,999,020 152,357,728
국보 001140 사용권자산 0 0
국보 001140 이연법인세자산 0 0
국보 001140 자산총계 68,969,863,325 69,819,240,038
국보 001140 유동부채 48,300,817,213 44,683,850,979
국보 001140 단기매입채무 0 0
국보 001140 단기차입금 22,835,216,232 21,515,376,573
국보 001140 유동성장기차입금 3,537,144,697 2,086,060,347
국보 001140 유동성사채 0 0
국보 001140 기타유동금융부채 0 0
국보 001140 기타유동부채 3,278,939,356 653,510,524
국보 001140 당기법인세부채 0 0
국보 001140 유동리스부채 0 0
국보 001140 비유동부채 6,558,787,593 9,096,218,384
국보 001140 사채 0 0
국보 001140 장기차입금 1,077,082,799 3,532,842,830
국보 001140 기타비유동금융부채 0 0
국보 001140 이연법인세부채 1,824,206,376 2,625,738,073
국보 001140 비유동리스부채 0 0
국보 001140 부채총계 54,859,604,806 53,780,069,363
국보 001140 자본금 8,411,520,000 8,411,520,000
국보 001140 자본잉여금 0 0
국보 001140 자본조정 0 0
국보 001140 기타포괄손익누계액 92,717,730 92,767,923
국보 001140 이익잉여금(결손금) -6,075,033,933 -4,146,171,970
국보 001140 자본총계 14,110,258,519 16,039,170,675
국보 001140 자본과부채총계 68,969,863,325 69,819,240,038
date : 2018-09-30
국보 001140 유동자산 17,928,902,412 17,793,061,565
국보 001140 현금및현금성자산 3,131,782,801 915,034,462
국보 001140 매출채권 12,574,360,358 13,184,022,640
국보 001140 재고자산 371,422,395 405,426,865
국보 001140 기타유동금융자산 0 0
국보 001140 기타유동자산 529,424,605 866,863,170
국보 001140 매각예정비유동자산 0 0
국보 001140 비유동자산 36,920,848,467 52,026,178,473
국보 001140 장기금융상품 0 0
국보 001140 기타포괄손익-공정가치 측정 금융자산
국보 001140 당기손익인식공정가치측정금융자산 0 0
국보 001140 종속회사투자 0 0
국보 001140 관계회사투자 0 0
국보 001140 렌탈자산 0 0
국보 001140 유형자산 19,689,473,423 39,364,720,829
국보 001140 무형자산 6,240,597,846 5,035,741,860
국보 001140 기타비유동금융자산 0 0
국보 001140 기타비유동자산 249,998,726 152,357,728
국보 001140 사용권자산 0 0
국보 001140 이연법인세자산 2,929,114,416 0
국보 001140 자산총계 54,849,750,879 69,819,240,038
국보 001140 유동부채 30,809,807,467 44,683,850,979
국보 001140 단기매입채무 0 0
국보 001140 단기차입금 11,910,743,387 21,515,376,573
국보 001140 유동성장기차입금 908,545,171 2,086,060,347
국보 001140 유동성사채 0 0
국보 001140 기타유동금융부채 0 0
국보 001140 기타유동부채 196,150,678 653,510,524
국보 001140 당기법인세부채 4,994,452,291 0
국보 001140 유동리스부채 0 0
국보 001140 비유동부채 5,053,398,525 9,096,218,384
국보 001140 사채 0 0
국보 001140 장기차입금 966,047,167 3,532,842,830
국보 001140 기타비유동금융부채 0 0
국보 001140 이연법인세부채 0 2,625,738,073
국보 001140 비유동리스부채 0 0
국보 001140 부채총계 35,863,205,992 53,780,069,363
국보 001140 자본금 8,411,520,000 8,411,520,000
국보 001140 자본잉여금 0 0
국보 001140 자본조정 0 0
국보 001140 기타포괄손익누계액 91,690,353 92,767,923
국보 001140 이익잉여금(결손금) -1,197,720,188 -4,146,171,970
국보 001140 자본총계 18,986,544,887 16,039,170,675
국보 001140 자본과부채총계 54,849,750,879 69,819,240,038
date : 2018-12-31
국보 001140 유동자산 11,593,846,346 17,793,061,565
국보 001140 현금및현금성자산 260,748,082 915,034,462
국보 001140 매출채권 9,958,077,453 13,184,022,640
국보 001140 재고자산 354,646,345 405,426,865
국보 001140 기타유동금융자산 0 0
국보 001140 기타유동자산 496,022,780 866,863,170
국보 001140 매각예정비유동자산 0 0
국보 001140 비유동자산 34,005,437,068 52,026,178,473
국보 001140 장기금융상품 0 0
국보 001140 기타포괄손익-공정가치 금융자산 2,473,546,173
국보 001140 당기손익인식공정가치측정금융자산 0 0
국보 001140 종속회사투자 0 0
국보 001140 관계회사투자 0 0
국보 001140 렌탈자산 0 0
국보 001140 유형자산 16,527,334,906 39,364,720,829
국보 001140 무형자산 6,110,110,548 5,035,741,860
국보 001140 기타비유동금융자산 0 0
국보 001140 기타비유동자산 273,719,578 152,357,728
국보 001140 사용권자산 0 0
국보 001140 이연법인세자산 0 0
국보 001140 자산총계 45,599,283,414 69,819,240,038
국보 001140 유동부채 27,888,971,620 44,683,850,979
국보 001140 단기매입채무 0 0
국보 001140 단기차입금 10,298,735,080 21,515,376,573
국보 001140 유동성장기차입금 910,747,004 2,086,060,347
국보 001140 유동성사채 0 0
국보 001140 기타유동금융부채 0 0
국보 001140 기타유동부채 400,428,093 653,510,524
국보 001140 당기법인세부채 4,845,726,521 0
국보 001140 유동리스부채 0 0
국보 001140 비유동부채 6,132,169,200 9,096,218,384
국보 001140 사채 0 0
국보 001140 장기차입금 737,524,605 3,532,842,830
국보 001140 기타비유동금융부채 0 0
국보 001140 이연법인세부채 652,374,886 2,625,738,073
국보 001140 비유동리스부채 0 0
국보 001140 부채총계 34,021,140,820 53,780,069,363
국보 001140 자본금 8,411,520,000 8,411,520,000
국보 001140 자본잉여금 0 0
국보 001140 자본조정 0 0
국보 001140 기타포괄손익누계액 300,755,993 92,767,923
국보 001140 이익잉여금(결손금) -8,815,188,121 -4,146,171,970
국보 001140 자본총계 11,578,142,594 16,039,170,675
국보 001140 자본과부채총계 45,599,283,414 69,819,240,038
date : 2019-03-31
국보 001140 유동자산 11,896,361,428 11,593,846,346
국보 001140 현금및현금성자산 297,190,249 260,748,082
국보 001140 매출채권 9,988,052,350 9,958,077,453
국보 001140 재고자산 348,498,345 354,646,345
국보 001140 기타유동금융자산 0 0
국보 001140 기타유동자산 446,259,031 496,022,780
국보 001140 매각예정비유동자산 0 0
국보 001140 비유동자산 31,726,864,592 34,005,437,068
국보 001140 장기금융상품 0 0
국보 001140 기타포괄손익-공정가치 금융자산 591,558,873
국보 001140 당기손익인식공정가치측정금융자산 0 0
국보 001140 종속회사투자 0 0
국보 001140 관계회사투자 0 0
국보 001140 렌탈자산 0 0
국보 001140 유형자산 16,383,790,002 16,527,334,906
국보 001140 무형자산 5,979,985,750 6,110,110,548
국보 001140 기타비유동금융자산 0 0
국보 001140 기타비유동자산 309,998,138 273,719,578
국보 001140 사용권자산 0 0
국보 001140 이연법인세자산 0 0
국보 001140 자산총계 43,623,226,020 45,599,283,414
국보 001140 유동부채 27,643,583,047 27,888,971,620
국보 001140 단기매입채무 0 0
국보 001140 단기차입금 9,653,005,903 10,298,735,080
국보 001140 유동성장기차입금 912,981,472 910,747,004
국보 001140 유동성사채 0 0
국보 001140 기타유동금융부채 0 0
국보 001140 기타유동부채 278,459,724 400,428,093
국보 001140 당기법인세부채 4,939,882,689 4,845,726,521
국보 001140 유동리스부채 0 0
국보 001140 비유동부채 6,258,616,173 6,132,169,200
국보 001140 사채 0 0
국보 001140 장기차입금 508,431,038 737,524,605
국보 001140 기타비유동금융부채 0 0
국보 001140 이연법인세부채 632,227,192 652,374,886
국보 001140 비유동리스부채 0 0
국보 001140 부채총계 33,902,199,220 34,021,140,820
국보 001140 자본금 8,411,520,000 8,411,520,000
국보 001140 자본잉여금 0 0
국보 001140 자본조정 0 0
국보 001140 기타포괄손익누계액 -309,907,659 300,755,993
국보 001140 이익잉여금(결손금) -10,061,640,263 -8,815,188,121
국보 001140 자본총계 9,721,026,800 11,578,142,594
국보 001140 자본과부채총계 43,623,226,020 45,599,283,414
