date : 2019-03-31
남광토건 001260 유동자산 97,412,568,285 98,964,692,699
남광토건 001260 현금및현금성자산 20,791,265,923 37,792,619,585
남광토건 001260 매출채권 24,490,996,065 19,227,353,428
남광토건 001260 재고자산 127,224,000 127,224,000
남광토건 001260 기타유동자산 4,479,846,137 3,580,900,751
남광토건 001260 비유동자산 54,649,459,982 49,805,724,973
남광토건 001260 기타포괄손익-공정가치 측정 금융자산
남광토건 001260 장기금융상품 1,435,977,639 1,435,977,639
남광토건 001260 유형자산 3,315,875,344 3,382,565,532
남광토건 001260 사용권자산 3,238,836,866 0
남광토건 001260 무형자산 1,615,982,249 1,618,482,249
남광토건 001260 기타비유동자산 710,792,664 804,118,986
남광토건 001260 자산총계 152,062,028,267 148,770,417,672
남광토건 001260 유동부채 89,231,942,692 91,810,088,799
남광토건 001260 단기매입채무 20,006,025,310 20,325,907,367
남광토건 001260 단기차입금 9,245,011,352 9,245,011,352
남광토건 001260 비유동부채 10,994,181,096 7,847,725,370
남광토건 001260 비유동리스부채 3,238,836,866 0
남광토건 001260 기타비유동금융부채 323,293,497 323,293,497
남광토건 001260 부채총계 100,226,123,788 99,657,814,169
남광토건 001260 자본금 49,136,980,000 49,136,980,000
남광토건 001260 기타포괄손익누계액 -851,396,496 -851,396,496
남광토건 001260 이익잉여금(결손금) 17,605,459,512 14,888,233,536
남광토건 001260 자본총계 51,835,904,479 49,112,603,503
남광토건 001260 자본과부채총계 152,062,028,267 148,770,417,672
