date : 2019-03-31
KG케미칼 001390 유동자산 87,886,252,752 64,149,641,523
KG케미칼 001390 현금및현금성자산 760,494,686 1,963,992,300
KG케미칼 001390 매출채권 42,069,837,141 27,179,521,534
KG케미칼 001390 재고자산 34,292,657,418 30,667,548,519
KG케미칼 001390 기타유동자산 4,367,197,303 3,174,825,911
KG케미칼 001390 비유동자산 221,679,248,537 221,833,135,405
KG케미칼 001390 장기금융상품 8,718,204 8,718,204
KG케미칼 001390 유형자산 42,557,196,686 43,244,245,559
KG케미칼 001390 무형자산 573,566,563 606,504,004
KG케미칼 001390 사용권자산 745,800,828 0
KG케미칼 001390 기타비유동자산 4,769,280,038 4,769,033,248
KG케미칼 001390 자산총계 309,565,501,289 285,982,776,928
KG케미칼 001390 유동부채 118,359,720,788 93,201,742,153
KG케미칼 001390 단기차입금 86,710,533,786 71,648,524,644
KG케미칼 001390 당기법인세부채 2,160,328,415 1,537,696,311
KG케미칼 001390 기타유동부채 1,579,763,186 1,959,345,380
KG케미칼 001390 비유동부채 9,637,678,257 9,145,949,294
KG케미칼 001390 이연법인세부채 4,544,203,583 4,544,149,289
KG케미칼 001390 부채총계 127,997,399,045 102,347,691,447
KG케미칼 001390 자본금 64,585,875,000 64,585,875,000
KG케미칼 001390 자본잉여금 22,110,808,464 22,110,808,464
KG케미칼 001390 이익잉여금(결손금) 96,868,259,708 98,935,435,441
KG케미칼 001390 자본총계 181,568,102,244 183,635,085,481
KG케미칼 001390 자본과부채총계 309,565,501,289 285,982,776,928
