date : 2015-12-31
SG충남방적 001380 유동자산 36,306,287,360 33,377,638,921
SG충남방적 001380 현금및현금성자산 3,741,645,727 857,694,485
SG충남방적 001380 매출채권 및 기타채권
SG충남방적 001380 재고자산 19,492,036,816 20,877,136,721
SG충남방적 001380 기타유동금융자산 0 0
SG충남방적 001380 기타유동자산 86,653,795 317,060,571
SG충남방적 001380 매각예정비유동자산 0 0
SG충남방적 001380 비유동자산 134,181,782,228 139,127,487,820
SG충남방적 001380 장기금융상품 0 0
SG충남방적 001380 기타포괄손익-공정가치 0 0
SG충남방적 001380 당기손익인식공정가치측정금융자산 0 0
SG충남방적 001380 종속회사투자 0 0
SG충남방적 001380 관계회사투자 0 0
SG충남방적 001380 렌탈자산 0 0
SG충남방적 001380 유형자산 7,851,189,188 23,237,165,456
SG충남방적 001380 무형자산 64,675,577 90,073,025
SG충남방적 001380 기타비유동금융자산 0 0
SG충남방적 001380 기타비유동자산 0 0
SG충남방적 001380 사용권자산 0 0
SG충남방적 001380 이연법인세자산 0 0
SG충남방적 001380 자산총계 170,488,069,588 172,505,126,741
SG충남방적 001380 유동부채 58,162,230,518 34,884,444,557
SG충남방적 001380 단기매입채무 0 0
SG충남방적 001380 단기차입금 22,337,890,252 22,814,850,759
SG충남방적 001380 유동성장기차입금 0 0
SG충남방적 001380 유동성사채 0 0
SG충남방적 001380 기타유동금융부채 0 0
SG충남방적 001380 기타유동부채 579,514,649 311,729,778
SG충남방적 001380 당기법인세부채 2,356,768 0
SG충남방적 001380 유동리스부채 0 0
SG충남방적 001380 비유동부채 14,651,809,137 36,165,277,568
SG충남방적 001380 사채 0 0
SG충남방적 001380 장기차입금 0 20,797,185,200
SG충남방적 001380 기타비유동금융부채 0 0
SG충남방적 001380 이연법인세부채 10,639,917,253 10,935,221,354
SG충남방적 001380 비유동리스부채 0 0
SG충남방적 001380 부채총계 72,814,039,655 71,049,722,125
SG충남방적 001380 자본금 20,873,790,000 20,873,790,000
SG충남방적 001380 자본잉여금 0 0
SG충남방적 001380 자본조정 0 0
SG충남방적 001380 기타포괄손익누계액 0 0
SG충남방적 001380 이익잉여금(결손금) 39,670,001,625 42,437,691,437
SG충남방적 001380 자본총계 97,674,029,933 101,455,404,616
SG충남방적 001380 자본과부채총계 170,488,069,588 172,505,126,741
date : 2016-03-31
SG충방 001380 유동자산 37,172,074,446 36,306,287,360
SG충방 001380 현금및현금성자산 4,125,575,556 3,741,645,727
SG충방 001380 매출채권 및 기타채권
SG충방 001380 재고자산 16,779,300,675 19,492,036,816
SG충방 001380 기타유동금융자산 0 0
SG충방 001380 기타유동자산 108,547,239 86,653,795
SG충방 001380 매각예정비유동자산 0 0
SG충방 001380 비유동자산 133,229,154,240 134,181,782,228
SG충방 001380 장기금융상품 0 0
SG충방 001380 기타포괄손익-공정가치 0 0
SG충방 001380 당기손익인식공정가치측정금융자산 0 0
SG충방 001380 종속회사투자 0 0
SG충방 001380 관계회사투자 0 0
SG충방 001380 렌탈자산 0 0
SG충방 001380 유형자산 6,626,529,581 7,851,189,188
SG충방 001380 무형자산 65,683,148 64,675,577
SG충방 001380 기타비유동금융자산 0 0
SG충방 001380 기타비유동자산 0 0
SG충방 001380 사용권자산 0 0
SG충방 001380 이연법인세자산 0 0
SG충방 001380 자산총계 170,401,228,686 170,488,069,588
SG충방 001380 유동부채 56,387,933,429 58,162,230,518
SG충방 001380 단기매입채무 0 0
SG충방 001380 단기차입금 22,349,672,945 22,337,890,252
SG충방 001380 유동성장기차입금 0 0
SG충방 001380 유동성사채 0 0
SG충방 001380 기타유동금융부채 0 0
SG충방 001380 기타유동부채 497,051,958 579,514,649
SG충방 001380 당기법인세부채 4,876,069 2,356,768
SG충방 001380 유동리스부채 0 0
SG충방 001380 비유동부채 15,147,097,215 14,651,809,137
SG충방 001380 사채 0 0
SG충방 001380 장기차입금 0 0
SG충방 001380 기타비유동금융부채 0 0
SG충방 001380 이연법인세부채 10,616,292,991 10,639,917,253
SG충방 001380 비유동리스부채 0 0
SG충방 001380 부채총계 71,535,030,644 72,814,039,655
SG충방 001380 자본금 20,873,790,000 20,873,790,000
SG충방 001380 자본잉여금 0 0
SG충방 001380 자본조정 0 0
SG충방 001380 기타포괄손익누계액 0 0
SG충방 001380 이익잉여금(결손금) 40,746,542,534 39,670,001,625
SG충방 001380 자본총계 98,866,198,042 97,674,029,933
SG충방 001380 자본과부채총계 170,401,228,686 170,488,069,588
date : 2016-06-30
SG충방 001380 유동자산 40,786,587,219 36,306,287,360
SG충방 001380 현금및현금성자산 5,895,875,558 3,741,645,727
SG충방 001380 매출채권 및 기타채권
SG충방 001380 재고자산 15,278,677,620 19,492,036,816
SG충방 001380 기타유동금융자산 0 0
SG충방 001380 기타유동자산 86,864,004 86,653,795
SG충방 001380 매각예정비유동자산 0 0
SG충방 001380 비유동자산 132,638,528,883 134,181,782,228
SG충방 001380 장기금융상품 0 0
SG충방 001380 기타포괄손익-공정가치 0 0
SG충방 001380 당기손익인식공정가치측정금융자산 0 0
SG충방 001380 종속회사투자 0 0
SG충방 001380 관계회사투자 0 0
SG충방 001380 렌탈자산 0 0
SG충방 001380 유형자산 6,279,204,919 7,851,189,188
SG충방 001380 무형자산 60,202,272 64,675,577
SG충방 001380 기타비유동금융자산 0 0
SG충방 001380 기타비유동자산 0 0
SG충방 001380 사용권자산 0 0
SG충방 001380 이연법인세자산 0 0
SG충방 001380 자산총계 173,425,116,102 170,488,069,588
SG충방 001380 유동부채 56,844,957,945 58,162,230,518
SG충방 001380 단기매입채무 0 0
SG충방 001380 단기차입금 20,635,105,948 22,337,890,252
SG충방 001380 유동성장기차입금 0 0
SG충방 001380 유동성사채 0 0
SG충방 001380 기타유동금융부채 0 0
SG충방 001380 기타유동부채 479,525,387 579,514,649
SG충방 001380 당기법인세부채 2,519,301 2,356,768
SG충방 001380 유동리스부채 0 0
SG충방 001380 비유동부채 15,224,058,870 14,651,809,137
SG충방 001380 사채 0 0
SG충방 001380 장기차입금 0 0
SG충방 001380 기타비유동금융부채 0 0
SG충방 001380 이연법인세부채 10,582,015,603 10,639,917,253
SG충방 001380 비유동리스부채 0 0
SG충방 001380 부채총계 72,069,016,815 72,814,039,655
SG충방 001380 자본금 20,873,790,000 20,873,790,000
SG충방 001380 자본잉여금 0 0
SG충방 001380 자본조정 0 0
SG충방 001380 기타포괄손익누계액 0 0
SG충방 001380 이익잉여금(결손금) 43,290,856,579 39,670,001,625
SG충방 001380 자본총계 101,356,099,287 97,674,029,933
SG충방 001380 자본과부채총계 173,425,116,102 170,488,069,588
date : 2016-09-30
SG충방 001380 유동자산 42,508,310,317 36,306,287,360
SG충방 001380 현금및현금성자산 3,456,857,838 3,741,645,727
SG충방 001380 매출채권 및 기타채권
SG충방 001380 재고자산 14,982,463,823 19,492,036,816
SG충방 001380 기타유동금융자산 0 0
SG충방 001380 기타유동자산 126,720,802 86,653,795
SG충방 001380 매각예정비유동자산 0 0
SG충방 001380 비유동자산 132,944,795,650 134,181,782,228
SG충방 001380 장기금융상품 0 0
SG충방 001380 기타포괄손익-공정가치 0 0
SG충방 001380 당기손익인식공정가치측정금융자산 0 0
SG충방 001380 종속회사투자 0 0
SG충방 001380 관계회사투자 0 0
SG충방 001380 렌탈자산 0 0
SG충방 001380 유형자산 5,962,797,103 7,851,189,188
SG충방 001380 무형자산 54,196,674 64,675,577
SG충방 001380 기타비유동금융자산 0 0
SG충방 001380 기타비유동자산 0 0
SG충방 001380 사용권자산 0 0
SG충방 001380 이연법인세자산 0 0
SG충방 001380 자산총계 175,453,105,967 170,488,069,588
SG충방 001380 유동부채 57,456,042,956 58,162,230,518
SG충방 001380 단기매입채무 0 0
SG충방 001380 단기차입금 24,559,149,505 22,337,890,252
SG충방 001380 유동성장기차입금 0 0
SG충방 001380 유동성사채 0 0
SG충방 001380 기타유동금융부채 0 0
SG충방 001380 기타유동부채 585,396,112 579,514,649
SG충방 001380 당기법인세부채 492,303,967 2,356,768
SG충방 001380 유동리스부채 0 0
SG충방 001380 비유동부채 14,992,700,085 14,651,809,137
SG충방 001380 사채 0 0
SG충방 001380 장기차입금 0 0
SG충방 001380 기타비유동금융부채 0 0
SG충방 001380 이연법인세부채 10,212,805,447 10,639,917,253
SG충방 001380 비유동리스부채 0 0
SG충방 001380 부채총계 72,448,743,041 72,814,039,655
SG충방 001380 자본금 20,873,790,000 20,873,790,000
SG충방 001380 자본잉여금 0 0
SG충방 001380 자본조정 0 0
SG충방 001380 기타포괄손익누계액 0 0
SG충방 001380 이익잉여금(결손금) 44,313,373,018 39,670,001,625
SG충방 001380 자본총계 103,004,362,926 97,674,029,933
SG충방 001380 자본과부채총계 175,453,105,967 170,488,069,588
date : 2016-12-31
SG충방 001380 유동자산 46,940,754,680 36,306,287,360
SG충방 001380 현금및현금성자산 3,118,513,055 3,741,645,727
SG충방 001380 매출채권 및 기타채권
SG충방 001380 재고자산 13,917,945,066 19,492,036,816
SG충방 001380 기타유동금융자산 0 0
SG충방 001380 기타유동자산 640,903,570 86,653,795
SG충방 001380 매각예정비유동자산 0 0
SG충방 001380 비유동자산 130,676,236,635 134,181,782,228
SG충방 001380 장기금융상품 0 0
SG충방 001380 기타포괄손익-공정가치 0 0
SG충방 001380 당기손익인식공정가치측정금융자산 0 0
SG충방 001380 종속회사투자 0 0
SG충방 001380 관계회사투자 0 0
SG충방 001380 렌탈자산 0 0
SG충방 001380 유형자산 5,626,892,665 7,851,189,188
SG충방 001380 무형자산 48,216,237 64,675,577
SG충방 001380 기타비유동금융자산 0 0
SG충방 001380 기타비유동자산 0 0
SG충방 001380 사용권자산 0 0
SG충방 001380 이연법인세자산 0 0
SG충방 001380 자산총계 177,616,991,315 170,488,069,588
SG충방 001380 유동부채 61,449,058,287 58,162,230,518
SG충방 001380 단기매입채무 0 0
SG충방 001380 단기차입금 43,696,631,983 22,337,890,252
SG충방 001380 유동성장기차입금 0 0
SG충방 001380 유동성사채 0 0
SG충방 001380 기타유동금융부채 0 0
SG충방 001380 기타유동부채 488,259,445 579,514,649
SG충방 001380 당기법인세부채 744,409,295 2,356,768
SG충방 001380 유동리스부채 0 0
SG충방 001380 비유동부채 15,308,139,956 14,651,809,137
SG충방 001380 사채 0 0
SG충방 001380 장기차입금 0 0
SG충방 001380 기타비유동금융부채 0 0
SG충방 001380 이연법인세부채 10,347,728,086 10,639,917,253
SG충방 001380 비유동리스부채 0 0
SG충방 001380 부채총계 76,757,198,243 72,814,039,655
SG충방 001380 자본금 20,873,790,000 20,873,790,000
SG충방 001380 자본잉여금 0 0
SG충방 001380 자본조정 0 0
SG충방 001380 기타포괄손익누계액 0 0
SG충방 001380 이익잉여금(결손금) 42,712,931,164 39,670,001,625
SG충방 001380 자본총계 100,859,793,072 97,674,029,933
SG충방 001380 자본과부채총계 177,616,991,315 170,488,069,588
date : 2017-03-31
SG충방 001380 유동자산 45,497,625,237 46,940,754,680
SG충방 001380 현금및현금성자산 1,472,071,723 3,118,513,055
SG충방 001380 매출채권 및 기타채권
SG충방 001380 재고자산 13,588,487,487 13,917,945,066
SG충방 001380 기타유동금융자산 0 0
SG충방 001380 기타유동자산 392,999,289 640,903,570
SG충방 001380 매각예정비유동자산 0 0
SG충방 001380 비유동자산 128,664,917,456 130,676,236,635
SG충방 001380 장기금융상품 0 0
SG충방 001380 기타포괄손익-공정가치 0 0
SG충방 001380 당기손익인식공정가치측정금융자산 0 0
SG충방 001380 종속회사투자 0 0
SG충방 001380 관계회사투자 0 0
SG충방 001380 렌탈자산 0 0
SG충방 001380 유형자산 5,322,642,890 5,626,892,665
SG충방 001380 무형자산 43,380,639 48,216,237
SG충방 001380 기타비유동금융자산 0 0
SG충방 001380 기타비유동자산 0 0
SG충방 001380 사용권자산 0 0
SG충방 001380 이연법인세자산 0 0
SG충방 001380 자산총계 174,162,542,693 177,616,991,315
SG충방 001380 유동부채 56,453,317,809 61,449,058,287
SG충방 001380 단기매입채무 0 0
SG충방 001380 단기차입금 40,278,716,768 43,696,631,983
SG충방 001380 유동성장기차입금 0 0
SG충방 001380 유동성사채 0 0
SG충방 001380 기타유동금융부채 0 0
SG충방 001380 기타유동부채 479,519,509 488,259,445
SG충방 001380 당기법인세부채 1,224,462,173 744,409,295
SG충방 001380 유동리스부채 0 0
SG충방 001380 비유동부채 15,155,884,942 15,308,139,956
SG충방 001380 사채 0 0
SG충방 001380 장기차입금 0 0
SG충방 001380 기타비유동금융부채 0 0
SG충방 001380 이연법인세부채 10,037,348,298 10,347,728,086
SG충방 001380 비유동리스부채 0 0
SG충방 001380 부채총계 71,609,202,751 76,757,198,243
SG충방 001380 자본금 20,873,790,000 20,873,790,000
SG충방 001380 자본잉여금 0 0
SG충방 001380 자본조정 0 0
SG충방 001380 기타포괄손익누계액 0 0
SG충방 001380 이익잉여금(결손금) 45,351,670,437 42,712,931,164
SG충방 001380 자본총계 102,553,339,942 100,859,793,072
SG충방 001380 자본과부채총계 174,162,542,693 177,616,991,315
date : 2017-06-30
SG충방 001380 유동자산 49,166,340,758 46,940,754,680
SG충방 001380 현금및현금성자산 3,905,608,013 3,118,513,055
SG충방 001380 매출채권 및 기타채권
SG충방 001380 재고자산 10,483,806,670 13,917,945,066
SG충방 001380 기타유동금융자산 0 0
SG충방 001380 기타유동자산 399,852,720 640,903,570
SG충방 001380 매각예정비유동자산 0 0
SG충방 001380 비유동자산 128,868,003,911 130,676,236,635
SG충방 001380 장기금융상품 0 0
SG충방 001380 기타포괄손익-공정가치 0 0
SG충방 001380 당기손익인식공정가치측정금융자산 0 0
SG충방 001380 종속회사투자 0 0
SG충방 001380 관계회사투자 0 0
SG충방 001380 렌탈자산 0 0
SG충방 001380 유형자산 5,320,435,099 5,626,892,665
SG충방 001380 무형자산 38,545,041 48,216,237
SG충방 001380 기타비유동금융자산 0 0
SG충방 001380 기타비유동자산 0 0
SG충방 001380 사용권자산 0 0
SG충방 001380 이연법인세자산 0 0
SG충방 001380 자산총계 178,034,344,669 177,616,991,315
SG충방 001380 유동부채 59,588,392,293 61,449,058,287
SG충방 001380 단기매입채무 0 0
SG충방 001380 단기차입금 45,481,881,443 43,696,631,983
SG충방 001380 유동성장기차입금 0 0
SG충방 001380 유동성사채 0 0
SG충방 001380 기타유동금융부채 0 0
SG충방 001380 기타유동부채 741,906,035 488,259,445
SG충방 001380 당기법인세부채 1,130,628,049 744,409,295
SG충방 001380 유동리스부채 0 0
SG충방 001380 비유동부채 15,108,896,372 15,308,139,956
SG충방 001380 사채 0 0
SG충방 001380 장기차입금 0 0
SG충방 001380 기타비유동금융부채 0 0
SG충방 001380 이연법인세부채 9,953,765,499 10,347,728,086
SG충방 001380 비유동리스부채 0 0
SG충방 001380 부채총계 74,697,288,665 76,757,198,243
SG충방 001380 자본금 20,873,790,000 20,873,790,000
SG충방 001380 자본잉여금 0 0
SG충방 001380 자본조정 0 0
SG충방 001380 기타포괄손익누계액 0 0
SG충방 001380 이익잉여금(결손금) 46,092,560,638 42,712,931,164
SG충방 001380 자본총계 103,337,056,004 100,859,793,072
SG충방 001380 자본과부채총계 178,034,344,669 177,616,991,315
date : 2017-09-30
SG충방 001380 유동자산 49,859,308,824 46,940,754,680
SG충방 001380 현금및현금성자산 0 0
SG충방 001380 매출채권 및 기타채권
SG충방 001380 재고자산 10,044,904,272 13,917,945,066
SG충방 001380 기타유동금융자산 0 0
SG충방 001380 기타유동자산 376,055,412 640,903,570
SG충방 001380 매각예정비유동자산 0 0
SG충방 001380 비유동자산 128,781,451,064 130,676,236,635
SG충방 001380 장기금융상품 0 0
SG충방 001380 기타포괄손익-공정가치 0 0
SG충방 001380 당기손익인식공정가치측정금융자산 0 0
SG충방 001380 종속회사투자 0 0
SG충방 001380 관계회사투자 0 0
SG충방 001380 렌탈자산 0 0
SG충방 001380 유형자산 6,887,823,822 5,626,892,665
SG충방 001380 무형자산 33,709,443 48,216,237
SG충방 001380 기타비유동금융자산 0 0
SG충방 001380 기타비유동자산 0 0
SG충방 001380 사용권자산 0 0
SG충방 001380 이연법인세자산 0 0
SG충방 001380 자산총계 178,640,759,888 177,616,991,315
SG충방 001380 유동부채 50,860,223,059 61,449,058,287
SG충방 001380 단기매입채무 0 0
SG충방 001380 단기차입금 37,768,995,668 43,696,631,983
SG충방 001380 유동성장기차입금 0 0
SG충방 001380 유동성사채 0 0
SG충방 001380 기타유동금융부채 0 0
SG충방 001380 기타유동부채 502,253,881 488,259,445
SG충방 001380 당기법인세부채 444,227,695 744,409,295
SG충방 001380 유동리스부채 0 0
SG충방 001380 비유동부채 16,196,137,999 15,308,139,956
SG충방 001380 사채 0 0
SG충방 001380 장기차입금 0 0
SG충방 001380 기타비유동금융부채 0 0
SG충방 001380 이연법인세부채 10,638,088,720 10,347,728,086
SG충방 001380 비유동리스부채 0 0
SG충방 001380 부채총계 67,056,361,058 76,757,198,243
SG충방 001380 자본금 22,482,126,500 20,873,790,000
SG충방 001380 자본잉여금 0 0
SG충방 001380 자본조정 0 0
SG충방 001380 기타포괄손익누계액 0 0
SG충방 001380 이익잉여금(결손금) 45,876,775,852 42,712,931,164
SG충방 001380 자본총계 111,584,398,830 100,859,793,072
SG충방 001380 자본과부채총계 178,640,759,888 177,616,991,315
date : 2017-12-31
SG충방 001380 유동자산 41,670,892,516 46,940,754,680
SG충방 001380 현금및현금성자산 0 0
SG충방 001380 매출채권 및 기타채권
SG충방 001380 재고자산 8,760,988,370 13,917,945,066
SG충방 001380 기타유동금융자산 0 0
SG충방 001380 기타유동자산 399,944,454 640,903,570
SG충방 001380 매각예정비유동자산 0 0
SG충방 001380 비유동자산 128,111,264,777 130,676,236,635
SG충방 001380 장기금융상품 0 0
SG충방 001380 기타포괄손익-공정가치 0 0
SG충방 001380 당기손익인식공정가치측정금융자산 0 0
SG충방 001380 종속회사투자 0 0
SG충방 001380 관계회사투자 0 0
SG충방 001380 렌탈자산 0 0
SG충방 001380 유형자산 6,522,360,640 5,626,892,665
SG충방 001380 무형자산 28,873,845 48,216,237
SG충방 001380 기타비유동금융자산 0 0
SG충방 001380 기타비유동자산 0 0
SG충방 001380 사용권자산 0 0
SG충방 001380 이연법인세자산 0 0
SG충방 001380 자산총계 169,782,157,293 177,616,991,315
SG충방 001380 유동부채 41,109,422,462 61,449,058,287
SG충방 001380 단기매입채무 0 0
SG충방 001380 단기차입금 25,688,060,809 43,696,631,983
SG충방 001380 유동성장기차입금 0 0
SG충방 001380 유동성사채 0 0
SG충방 001380 기타유동금융부채 0 0
SG충방 001380 기타유동부채 74,084,748 488,259,445
SG충방 001380 당기법인세부채 777,054,300 744,409,295
SG충방 001380 유동리스부채 0 0
SG충방 001380 비유동부채 16,385,845,022 15,308,139,956
SG충방 001380 사채 0 0
SG충방 001380 장기차입금 0 0
SG충방 001380 기타비유동금융부채 0 0
SG충방 001380 이연법인세부채 10,812,194,259 10,347,728,086
SG충방 001380 비유동리스부채 0 0
SG충방 001380 부채총계 57,495,267,484 76,757,198,243
SG충방 001380 자본금 22,482,126,500 20,873,790,000
SG충방 001380 자본잉여금 0 0
SG충방 001380 자본조정 0 0
SG충방 001380 기타포괄손익누계액 0 0
SG충방 001380 이익잉여금(결손금) 46,650,649,779 42,712,931,164
SG충방 001380 자본총계 112,286,889,809 100,859,793,072
SG충방 001380 자본과부채총계 169,782,157,293 177,616,991,315
date : 2018-03-31
SG충방 001380 유동자산 40,015,093,579 41,670,892,516
SG충방 001380 현금및현금성자산 0 0
SG충방 001380 매출채권 및 기타채권
SG충방 001380 재고자산 8,132,518,036 8,760,988,370
SG충방 001380 기타유동금융자산 0 0
SG충방 001380 기타유동자산 335,620,692 399,944,454
SG충방 001380 매각예정비유동자산 0 0
SG충방 001380 비유동자산 129,332,435,931 128,111,264,777
SG충방 001380 장기금융상품 0 0
SG충방 001380 기타포괄손익-공정가치 0 0
SG충방 001380 당기손익인식공정가치측정금융자산 0 0
SG충방 001380 종속회사투자 0 0
SG충방 001380 관계회사투자 0 0
SG충방 001380 렌탈자산 0 0
SG충방 001380 유형자산 8,540,104,605 6,522,360,640
SG충방 001380 무형자산 24,038,247 28,873,845
SG충방 001380 기타비유동금융자산 0 0
SG충방 001380 기타비유동자산 0 0
SG충방 001380 사용권자산 0 0
SG충방 001380 이연법인세자산 0 0
SG충방 001380 자산총계 169,347,529,510 169,782,157,293
SG충방 001380 유동부채 40,524,183,454 41,109,422,462
SG충방 001380 단기매입채무 0 0
SG충방 001380 단기차입금 24,015,225,420 25,688,060,809
SG충방 001380 유동성장기차입금 0 0
SG충방 001380 유동성사채 0 0
SG충방 001380 기타유동금융부채 0 0
SG충방 001380 기타유동부채 186,571,133 74,084,748
SG충방 001380 당기법인세부채 637,512,545 777,054,300
SG충방 001380 유동리스부채 0 0
SG충방 001380 비유동부채 16,357,092,349 16,385,845,022
SG충방 001380 사채 0 0
SG충방 001380 장기차입금 0 0
SG충방 001380 기타비유동금융부채 0 0
SG충방 001380 이연법인세부채 10,672,572,392 10,812,194,259
SG충방 001380 비유동리스부채 0 0
SG충방 001380 부채총계 56,881,275,803 57,495,267,484
SG충방 001380 자본금 22,482,126,500 22,482,126,500
SG충방 001380 자본잉여금 0 0
SG충방 001380 자본조정 0 0
SG충방 001380 기타포괄손익누계액 0 0
SG충방 001380 이익잉여금(결손금) 47,305,856,577 46,650,649,779
SG충방 001380 자본총계 112,466,253,707 112,286,889,809
SG충방 001380 자본과부채총계 169,347,529,510 169,782,157,293
date : 2018-06-30
SG충방 001380 유동자산 43,242,432,046 41,670,892,516
SG충방 001380 현금및현금성자산 0 0
SG충방 001380 매출채권 및 기타채권
SG충방 001380 재고자산 7,653,381,843 8,760,988,370
SG충방 001380 기타유동금융자산 0 0
SG충방 001380 기타유동자산 334,242,879 399,944,454
SG충방 001380 매각예정비유동자산 0 0
SG충방 001380 비유동자산 130,486,408,565 128,111,264,777
SG충방 001380 장기금융상품 0 0
SG충방 001380 기타포괄손익-공정가치 0 0
SG충방 001380 당기손익인식공정가치측정금융자산 0 0
SG충방 001380 종속회사투자 0 0
SG충방 001380 관계회사투자 0 0
SG충방 001380 렌탈자산 0 0
SG충방 001380 유형자산 8,823,434,005 6,522,360,640
SG충방 001380 무형자산 19,223,780 28,873,845
SG충방 001380 기타비유동금융자산 0 0
SG충방 001380 기타비유동자산 0 0
SG충방 001380 사용권자산 0 0
SG충방 001380 이연법인세자산 0 0
SG충방 001380 자산총계 173,728,840,611 169,782,157,293
SG충방 001380 유동부채 43,638,745,519 41,109,422,462
SG충방 001380 단기매입채무 0 0
SG충방 001380 단기차입금 27,000,843,375 25,688,060,809
SG충방 001380 유동성장기차입금 0 0
SG충방 001380 유동성사채 0 0
SG충방 001380 기타유동금융부채 0 0
SG충방 001380 기타유동부채 116,278,248 74,084,748
SG충방 001380 당기법인세부채 460,737,950 777,054,300
SG충방 001380 유동리스부채 0 0
SG충방 001380 비유동부채 16,311,579,895 16,385,845,022
SG충방 001380 사채 0 0
SG충방 001380 장기차입금 0 0
SG충방 001380 기타비유동금융부채 0 0
SG충방 001380 이연법인세부채 10,634,624,747 10,812,194,259
SG충방 001380 비유동리스부채 0 0
SG충방 001380 부채총계 59,950,325,414 57,495,267,484
SG충방 001380 자본금 22,482,126,500 22,482,126,500
SG충방 001380 자본잉여금 0 0
SG충방 001380 자본조정 0 0
SG충방 001380 기타포괄손익누계액 0 0
SG충방 001380 이익잉여금(결손금) 48,494,398,913 46,650,649,779
SG충방 001380 자본총계 113,778,515,197 112,286,889,809
SG충방 001380 자본과부채총계 173,728,840,611 169,782,157,293
date : 2018-09-30
SG충방 001380 유동자산 39,734,558,132 41,670,892,516
SG충방 001380 현금및현금성자산 0 0
SG충방 001380 매출채권 및 기타채권
SG충방 001380 재고자산 7,885,344,958 8,760,988,370
SG충방 001380 기타유동금융자산 0 0
SG충방 001380 기타유동자산 304,962,092 399,944,454
SG충방 001380 매각예정비유동자산 0 0
SG충방 001380 비유동자산 130,202,699,891 128,111,264,777
SG충방 001380 장기금융상품 0 0
SG충방 001380 기타포괄손익-공정가치 0 0
SG충방 001380 당기손익인식공정가치측정금융자산 0 0
SG충방 001380 종속회사투자 0 0
SG충방 001380 관계회사투자 0 0
SG충방 001380 렌탈자산 0 0
SG충방 001380 유형자산 8,814,134,304 6,522,360,640
SG충방 001380 무형자산 15,338,183 28,873,845
SG충방 001380 기타비유동금융자산 0 0
SG충방 001380 기타비유동자산 0 0
SG충방 001380 사용권자산 0 0
SG충방 001380 이연법인세자산 0 0
SG충방 001380 자산총계 169,937,258,023 169,782,157,293
SG충방 001380 유동부채 39,799,574,223 41,109,422,462
SG충방 001380 단기매입채무 0 0
SG충방 001380 단기차입금 26,130,112,962 25,688,060,809
SG충방 001380 유동성장기차입금 0 0
SG충방 001380 유동성사채 0 0
SG충방 001380 기타유동금융부채 0 0
SG충방 001380 기타유동부채 314,211,992 74,084,748
SG충방 001380 당기법인세부채 353,469,132 777,054,300
SG충방 001380 유동리스부채 0 0
SG충방 001380 비유동부채 16,651,977,259 16,385,845,022
SG충방 001380 사채 0 0
SG충방 001380 장기차입금 0 0
SG충방 001380 기타비유동금융부채 0 0
SG충방 001380 이연법인세부채 10,625,005,052 10,812,194,259
SG충방 001380 비유동리스부채 0 0
SG충방 001380 부채총계 56,451,551,482 57,495,267,484
SG충방 001380 자본금 22,482,126,500 22,482,126,500
SG충방 001380 자본잉여금 0 0
SG충방 001380 자본조정 0 0
SG충방 001380 기타포괄손익누계액 0 0
SG충방 001380 이익잉여금(결손금) 48,234,899,260 46,650,649,779
SG충방 001380 자본총계 113,485,706,541 112,286,889,809
SG충방 001380 자본과부채총계 169,937,258,023 169,782,157,293
date : 2018-12-31
SG충방 001380 유동자산 42,288,214,586 41,670,892,516
SG충방 001380 현금및현금성자산 0 0
SG충방 001380 매출채권 및 기타채권
SG충방 001380 재고자산 6,681,777,129 8,760,988,370
SG충방 001380 기타유동금융자산 0 0
SG충방 001380 기타유동자산 372,148,769 399,944,454
SG충방 001380 매각예정비유동자산 0 0
SG충방 001380 비유동자산 126,475,494,186 128,111,264,777
SG충방 001380 장기금융상품 0 0
SG충방 001380 기타포괄손익-공정가치 측정 금융자산
SG충방 001380 당기손익인식공정가치측정금융자산 0 0
SG충방 001380 종속회사투자 0 0
SG충방 001380 관계회사투자 0 0
SG충방 001380 렌탈자산 0 0
SG충방 001380 유형자산 9,861,653,670 6,522,360,640
SG충방 001380 무형자산 11,452,586 28,873,845
SG충방 001380 기타비유동금융자산 0 0
SG충방 001380 기타비유동자산 0 0
SG충방 001380 사용권자산 0 0
SG충방 001380 이연법인세자산 0 0
SG충방 001380 자산총계 168,763,708,772 169,782,157,293
SG충방 001380 유동부채 28,492,078,305 41,109,422,462
SG충방 001380 단기매입채무 0 0
SG충방 001380 단기차입금 14,103,591,702 25,688,060,809
SG충방 001380 유동성장기차입금 0 0
SG충방 001380 유동성사채 0 0
SG충방 001380 기타유동금융부채 0 0
SG충방 001380 기타유동부채 188,046,772 74,084,748
SG충방 001380 당기법인세부채 38,745,551 777,054,300
SG충방 001380 유동리스부채 0 0
SG충방 001380 비유동부채 26,378,534,538 16,385,845,022
SG충방 001380 사채 0 0
SG충방 001380 장기차입금 10,000,000,000 0
SG충방 001380 기타비유동금융부채 0 0
SG충방 001380 이연법인세부채 10,558,065,489 10,812,194,259
SG충방 001380 비유동리스부채 0 0
SG충방 001380 부채총계 54,870,612,843 57,495,267,484
SG충방 001380 자본금 22,482,126,500 22,482,126,500
SG충방 001380 자본잉여금 0 0
SG충방 001380 자본조정 0 0
SG충방 001380 기타포괄손익누계액 0 0
SG충방 001380 이익잉여금(결손금) 48,813,592,092 46,650,649,779
SG충방 001380 자본총계 113,893,095,929 112,286,889,809
SG충방 001380 자본과부채총계 168,763,708,772 169,782,157,293
date : 2019-03-31
SG충방 001380 유동자산 43,768,440,700 42,288,214,586
SG충방 001380 현금및현금성자산 0 0
SG충방 001380 매출채권 및 기타채권
SG충방 001380 재고자산 6,556,671,343 6,681,777,129
SG충방 001380 기타유동금융자산 0 0
SG충방 001380 기타유동자산 1,168,083,267 372,148,769
SG충방 001380 매각예정비유동자산 0 0
SG충방 001380 비유동자산 131,647,199,709 126,475,494,186
SG충방 001380 장기금융상품 0 0
SG충방 001380 기타포괄손익-공정가치 측정 금융자산
SG충방 001380 당기손익인식공정가치측정금융자산 0 0
SG충방 001380 종속회사투자 0 0
SG충방 001380 관계회사투자 0 0
SG충방 001380 렌탈자산 0 0
SG충방 001380 유형자산 9,601,121,654 9,861,653,670
SG충방 001380 무형자산 7,566,989 11,452,586
SG충방 001380 기타비유동금융자산 0 0
SG충방 001380 기타비유동자산 0 0
SG충방 001380 사용권자산 5,961,940,793 0
SG충방 001380 이연법인세자산 0 0
SG충방 001380 자산총계 175,415,640,409 168,763,708,772
SG충방 001380 유동부채 29,154,429,494 28,492,078,305
SG충방 001380 단기매입채무 0 0
SG충방 001380 단기차입금 13,000,000,000 14,103,591,702
SG충방 001380 유동성장기차입금 0 0
SG충방 001380 유동성사채 0 0
SG충방 001380 기타유동금융부채 0 0
SG충방 001380 기타유동부채 539,410,932 188,046,772
SG충방 001380 당기법인세부채 593,911,897 38,745,551
SG충방 001380 유동리스부채 1,407,904,754 0
SG충방 001380 비유동부채 30,553,113,984 26,378,534,538
SG충방 001380 사채 0 0
SG충방 001380 장기차입금 10,000,000,000 10,000,000,000
SG충방 001380 기타비유동금융부채 0 0
SG충방 001380 이연법인세부채 10,451,303,606 10,558,065,489
SG충방 001380 비유동리스부채 4,573,394,096 0
SG충방 001380 부채총계 59,707,543,478 54,870,612,843
SG충방 001380 자본금 22,482,126,500 22,482,126,500
SG충방 001380 자본잉여금 0 0
SG충방 001380 자본조정 0 0
SG충방 001380 기타포괄손익누계액 0 0
SG충방 001380 이익잉여금(결손금) 50,909,340,405 48,813,592,092
SG충방 001380 자본총계 115,708,096,931 113,893,095,929
SG충방 001380 자본과부채총계 175,415,640,409 168,763,708,772
