date : 2019-03-31
백광산업 001340 유동자산 47,619,308,075 47,551,081,230
백광산업 001340 현금및현금성자산 6,878,255,202 9,911,822,266
백광산업 001340 매출채권 및 기타유동채권
백광산업 001340 매출채권 23,972,631,337 21,191,937,486
백광산업 001340 재고자산 7,771,764,203 8,086,897,672
백광산업 001340 비유동자산 244,060,440,804 242,390,072,930
백광산업 001340 장기금융상품 1,011,065,454 1,011,065,454
백광산업 001340 유형자산 239,200,576,230 237,471,090,981
백광산업 001340 무형자산 1,000 1,000
백광산업 001340 기타비유동금융자산 1,069,612,670 1,011,985,956
백광산업 001340 기타포괄손익-공정가치 측정 금융자산
백광산업 001340 자산총계 291,679,748,879 289,941,154,160
백광산업 001340 유동부채 92,477,286,472 93,956,399,796
백광산업 001340 단기매입채무 7,498,036,397 7,549,659,173
백광산업 001340 단기차입금 63,994,206,880 68,522,125,513
백광산업 001340 유동성장기차입금 3,548,457,000 3,738,582,000
백광산업 001340 기타유동금융부채 28,936,953 25,706,524
백광산업 001340 비유동부채 39,239,604,631 40,563,659,506
백광산업 001340 장기차입금 9,298,609,000 10,644,442,000
백광산업 001340 기타비유동금융부채 23,055,809 23,550,617
백광산업 001340 이연법인세부채 21,021,940,181 21,021,940,181
백광산업 001340 부채총계 131,716,891,103 134,520,059,302
백광산업 001340 자본금 22,459,203,500 22,459,203,500
백광산업 001340 자본잉여금 57,784,790,071 57,784,790,071
백광산업 001340 기타포괄손익누계액 73,317,458,317 73,317,458,317
백광산업 001340 이익잉여금(결손금) 13,006,427,412 8,464,664,494
백광산업 001340 자본총계 159,962,857,776 155,421,094,858
백광산업 001340 자본과부채총계 291,679,748,879 289,941,154,160
