date : 2019-03-31
태원물산 001420 유동자산 23,578,915,402 21,595,414,737
태원물산 001420 현금및현금성자산 1,349,152,785 1,580,135,378
태원물산 001420 기타유동금융자산 1,407,178,600 343,544,440
태원물산 001420 매출채권 및 기타유동채권
태원물산 001420 재고자산 1,252,988,971 1,164,748,674
태원물산 001420 기타유동자산 393,341,879 287,858,950
태원물산 001420 비유동자산 16,612,354,606 16,750,658,373
태원물산 001420 장기금융상품 4,500,000 4,500,000
태원물산 001420 기타비유동금융자산 301,000,000 301,000,000
태원물산 001420 기타포괄손익-공정가치 측정 지정
태원물산 001420 유형자산 15,699,959,547 15,848,879,112
태원물산 001420 무형자산 2,375,911 2,578,247
태원물산 001420 이연법인세자산 503,044,158 492,226,024
태원물산 001420 기타비유동자산 101,474,990 101,474,990
태원물산 001420 자산총계 40,191,270,008 38,346,073,110
태원물산 001420 유동부채 6,261,203,817 3,890,493,073
태원물산 001420 유동성장기차입금 0 233,030,000
태원물산 001420 기타유동부채 528,703,577 56,226,307
태원물산 001420 비유동부채 2,322,242,288 2,248,820,188
태원물산 001420 장기차입금 0 0
태원물산 001420 이연법인세부채 0 0
태원물산 001420 부채총계 8,583,446,105 6,139,313,261
태원물산 001420 자본금 3,800,000,000 3,800,000,000
태원물산 001420 자본잉여금 14,853,850,939 14,853,850,939
태원물산 001420 기타포괄손익누계액 0 0
태원물산 001420 이익잉여금(결손금) 13,747,401,945 14,346,337,891
태원물산 001420 자본총계 31,607,823,903 32,206,759,849
태원물산 001420 자본과부채총계 40,191,270,008 38,346,073,110
