date : 2019-03-31
동양 001520 비유동자산 663,767,479,617 654,646,115,529
동양 001520 유형자산 222,223,567,532 217,994,624,541
동양 001520 사용권자산 1,874,750,851 0
동양 001520 무형자산 2,345,751,511 1,935,458,504
동양 001520 기타포괄손익-공정가치 측정 금융자산
동양 001520 장기금융상품 4,598,083,571 5,600,763,420
동양 001520 이연법인세자산 15,994,019,478 16,316,755,869
동양 001520 기타비유동자산 41,290,665 42,066,845
동양 001520 유동자산 259,752,334,406 259,067,515,226
동양 001520 재고자산 18,623,709,254 18,802,504,212
동양 001520 매출채권 78,522,501,839 79,864,647,991
동양 001520 기타유동자산 3,979,678,442 2,346,139,422
동양 001520 현금및현금성자산 2,534,854,568 15,662,282,658
동양 001520 자산총계 923,519,814,023 913,713,630,755
동양 001520 자본금 119,855,249,500 119,855,249,500
동양 001520 자본총계 845,442,059,407 853,471,154,431
동양 001520 비유동부채 15,071,606,036 12,316,976,084
동양 001520 비유동리스부채 1,152,748,685 0
동양 001520 유동부채 63,006,148,580 47,925,500,240
동양 001520 단기매입채무 27,854,543,658 27,696,875,317
동양 001520 단기차입금 3,000,000,000 0
동양 001520 유동리스부채 1,073,581,988 0
동양 001520 당기법인세부채 1,292,694,861 919,269,189
동양 001520 기타유동부채 1,570,608,085 1,269,356,210
동양 001520 부채총계 78,077,754,616 60,242,476,324
동양 001520 자본과부채총계 923,519,814,023 913,713,630,755
