date : 2019-03-31
대상 001680 유동자산 849,550,900,458 660,797,750,855
대상 001680 현금및현금성자산 187,675,303,462 88,323,461,355
대상 001680 매출채권 284,254,141,646 234,364,747,516
대상 001680 기타유동금융자산 782,300,000 269,000,000
대상 001680 재고자산 218,259,431,889 221,480,982,560
대상 001680 비유동자산 1,189,206,483,134 1,169,567,401,371
대상 001680 장기금융상품 15,000,000 15,000,000
대상 001680 유형자산 683,656,254,498 681,895,259,503
대상 001680 무형자산 65,659,021,111 66,053,111,967
대상 001680 사용권자산 8,148,855,829 0
대상 001680 기타비유동금융자산 6,742,973,532 7,084,296,416
대상 001680 이연법인세자산 17,274,441,184 15,796,557,479
대상 001680 기타비유동자산 17,824,038,043 18,384,770,027
대상 001680 자산총계 2,038,757,383,592 1,830,365,152,226
대상 001680 유동부채 543,099,362,249 484,915,248,012
대상 001680 단기차입금 169,132,110,408 103,912,789,477
대상 001680 당기법인세부채 11,446,795,343 23,511,662,253
대상 001680 유동성사채 59,931,186,216 109,989,686,424
대상 001680 기타유동금융부채 31,139,276,891 6,974,334,328
대상 001680 기타유동부채 12,273,119,604 9,123,014,171
대상 001680 비유동부채 565,594,053,172 425,604,774,876
대상 001680 장기차입금 3,622,753,722 3,568,248,689
대상 001680 사채 419,021,658,520 289,544,541,326
대상 001680 기타비유동금융부채 9,764,704,907 5,959,822,342
대상 001680 부채총계 1,108,693,415,421 910,520,022,888
대상 001680 자본총계 930,063,968,171 919,845,129,338
