date : 2015-12-31
종근당홀딩스 001630 유동자산 85,755,692,499 36,693,077,264
종근당홀딩스 001630 현금및현금성자산 70,937,178,536 22,222,662,794
종근당홀딩스 001630 매출채권 580,842,900 438,261,128
종근당홀딩스 001630 재고자산 0 0
종근당홀딩스 001630 기타유동금융자산 0 0
종근당홀딩스 001630 기타유동자산 0 0
종근당홀딩스 001630 매각예정비유동자산 0 0
종근당홀딩스 001630 비유동자산 186,132,887,244 99,587,042,850
종근당홀딩스 001630 장기금융상품 0 0
종근당홀딩스 001630 기타포괄손익-공정가치 0 0
종근당홀딩스 001630 당기손익인식공정가치측정금융자산 0 0
종근당홀딩스 001630 종속회사투자 0 0
종근당홀딩스 001630 관계회사투자 0 0
종근당홀딩스 001630 렌탈자산 0 0
종근당홀딩스 001630 유형자산 130,519,341 9,679,384
종근당홀딩스 001630 무형자산 2,493,243,974 2,452,424,324
종근당홀딩스 001630 기타비유동금융자산 0 0
종근당홀딩스 001630 기타비유동자산 0 0
종근당홀딩스 001630 사용권자산 0 0
종근당홀딩스 001630 이연법인세자산 135,016,365 978,396,943
종근당홀딩스 001630 자산총계 271,888,579,743 136,280,120,114
종근당홀딩스 001630 유동부채 16,492,596,750 1,217,607,769
종근당홀딩스 001630 단기매입채무 0 0
종근당홀딩스 001630 단기차입금 0 0
종근당홀딩스 001630 유동성장기차입금 0 0
종근당홀딩스 001630 유동성사채 0 0
종근당홀딩스 001630 기타유동금융부채 0 0
종근당홀딩스 001630 기타유동부채 0 0
종근당홀딩스 001630 당기법인세부채 15,934,193,283 363,626,479
종근당홀딩스 001630 유동리스부채 0 0
종근당홀딩스 001630 비유동부채 74,578,213 32,333,253
종근당홀딩스 001630 사채 0 0
종근당홀딩스 001630 장기차입금 0 0
종근당홀딩스 001630 기타비유동금융부채 0 0
종근당홀딩스 001630 이연법인세부채 47,420,754 32,333,253
종근당홀딩스 001630 비유동리스부채 0 0
종근당홀딩스 001630 부채총계 16,567,174,963 1,249,941,022
종근당홀딩스 001630 자본금 11,194,415,000 9,102,375,000
종근당홀딩스 001630 자본잉여금 0 0
종근당홀딩스 001630 자본조정 0 0
종근당홀딩스 001630 기타포괄손익누계액 0 0
종근당홀딩스 001630 이익잉여금(결손금) 0 0
종근당홀딩스 001630 자본총계 255,321,404,780 135,030,179,092
종근당홀딩스 001630 자본과부채총계 271,888,579,743 136,280,120,114
date : 2016-03-31
종근당홀딩스 001630 유동자산 78,583,119,562 85,755,692,499
종근당홀딩스 001630 현금및현금성자산 59,904,633,192 70,937,178,536
종근당홀딩스 001630 매출채권 579,081,800 580,842,900
종근당홀딩스 001630 재고자산 0 0
종근당홀딩스 001630 기타유동금융자산 0 0
종근당홀딩스 001630 기타유동자산 0 0
종근당홀딩스 001630 매각예정비유동자산 0 0
종근당홀딩스 001630 비유동자산 191,025,665,989 186,132,887,244
종근당홀딩스 001630 장기금융상품 0 0
종근당홀딩스 001630 기타포괄손익-공정가치 0 0
종근당홀딩스 001630 당기손익인식공정가치측정금융자산 0 0
종근당홀딩스 001630 종속회사투자 0 0
종근당홀딩스 001630 관계회사투자 0 0
종근당홀딩스 001630 렌탈자산 0 0
종근당홀딩스 001630 유형자산 122,543,779 130,519,341
종근당홀딩스 001630 무형자산 2,467,710,198 2,493,243,974
종근당홀딩스 001630 기타비유동금융자산 0 0
종근당홀딩스 001630 기타비유동자산 0 0
종근당홀딩스 001630 사용권자산 0 0
종근당홀딩스 001630 이연법인세자산 135,016,365 2,493,243,974
종근당홀딩스 001630 자산총계 269,608,785,551 271,888,579,743
종근당홀딩스 001630 유동부채 15,604,572,866 16,492,596,750
종근당홀딩스 001630 단기매입채무 0 0
종근당홀딩스 001630 단기차입금 0 0
종근당홀딩스 001630 유동성장기차입금 0 0
종근당홀딩스 001630 유동성사채 0 0
종근당홀딩스 001630 기타유동금융부채 0 0
종근당홀딩스 001630 기타유동부채 0 0
종근당홀딩스 001630 당기법인세부채 9,834,854,295 15,934,193,283
종근당홀딩스 001630 유동리스부채 0 0
종근당홀딩스 001630 비유동부채 203,950,136 74,578,213
종근당홀딩스 001630 사채 0 0
종근당홀딩스 001630 장기차입금 0 0
종근당홀딩스 001630 기타비유동금융부채 0 0
종근당홀딩스 001630 이연법인세부채 174,739,259 47,420,754
종근당홀딩스 001630 비유동리스부채 0 0
종근당홀딩스 001630 부채총계 15,808,523,002 16,567,174,963
종근당홀딩스 001630 자본금 11,194,415,000 11,194,415,000
종근당홀딩스 001630 자본잉여금 0 0
종근당홀딩스 001630 자본조정 0 0
종근당홀딩스 001630 기타포괄손익누계액 0 0
종근당홀딩스 001630 이익잉여금(결손금) 0 0
종근당홀딩스 001630 자본총계 253,800,262,549 255,321,404,780
종근당홀딩스 001630 자본과부채총계 269,608,785,551 271,888,579,743
date : 2016-06-30
종근당홀딩스 001630 유동자산 66,838,836,455 85,755,692,499
종근당홀딩스 001630 현금및현금성자산 51,871,849,717 70,937,178,536
종근당홀딩스 001630 매출채권 623,992,600 580,842,900
종근당홀딩스 001630 재고자산 0 0
종근당홀딩스 001630 기타유동금융자산 0 0
종근당홀딩스 001630 기타유동자산 0 0
종근당홀딩스 001630 매각예정비유동자산 0 0
종근당홀딩스 001630 비유동자산 191,419,574,441 186,132,887,244
종근당홀딩스 001630 장기금융상품 0 0
종근당홀딩스 001630 기타포괄손익-공정가치 0 0
종근당홀딩스 001630 당기손익인식공정가치측정금융자산 0 0
종근당홀딩스 001630 종속회사투자 0 0
종근당홀딩스 001630 관계회사투자 0 0
종근당홀딩스 001630 렌탈자산 0 0
종근당홀딩스 001630 유형자산 115,542,103 130,519,341
종근당홀딩스 001630 무형자산 2,435,909,516 2,493,243,974
종근당홀딩스 001630 기타비유동금융자산 0 0
종근당홀딩스 001630 기타비유동자산 0 0
종근당홀딩스 001630 사용권자산 0 0
종근당홀딩스 001630 이연법인세자산 135,016,365 2,493,243,974
종근당홀딩스 001630 자산총계 258,258,410,896 271,888,579,743
종근당홀딩스 001630 유동부채 2,032,640,965 16,492,596,750
종근당홀딩스 001630 단기매입채무 0 0
종근당홀딩스 001630 단기차입금 0 0
종근당홀딩스 001630 유동성장기차입금 0 0
종근당홀딩스 001630 유동성사채 0 0
종근당홀딩스 001630 기타유동금융부채 0 0
종근당홀딩스 001630 기타유동부채 0 0
종근당홀딩스 001630 당기법인세부채 1,492,207,704 15,934,193,283
종근당홀딩스 001630 유동리스부채 0 0
종근당홀딩스 001630 비유동부채 345,023,644 74,578,213
종근당홀딩스 001630 사채 0 0
종근당홀딩스 001630 장기차입금 0 0
종근당홀딩스 001630 기타비유동금융부채 0 0
종근당홀딩스 001630 이연법인세부채 317,340,089 47,420,754
종근당홀딩스 001630 비유동리스부채 0 0
종근당홀딩스 001630 부채총계 2,377,664,609 16,567,174,963
종근당홀딩스 001630 자본금 0 0
종근당홀딩스 001630 자본잉여금 0 0
종근당홀딩스 001630 자본조정 0 0
종근당홀딩스 001630 기타포괄손익누계액 0 0
종근당홀딩스 001630 이익잉여금(결손금) 173,918,609,482 174,342,290,479
종근당홀딩스 001630 자본총계 255,880,746,287 255,321,404,780
종근당홀딩스 001630 자본과부채총계 258,258,410,896 271,888,579,743
date : 2016-09-30
종근당홀딩스 001630 유동자산 69,430,260,854 85,755,692,499
종근당홀딩스 001630 현금및현금성자산 54,430,662,821 70,937,178,536
종근당홀딩스 001630 매출채권 623,992,600 580,842,900
종근당홀딩스 001630 재고자산 0 0
종근당홀딩스 001630 기타유동금융자산 0 0
종근당홀딩스 001630 기타유동자산 0 0
종근당홀딩스 001630 매각예정비유동자산 0 0
종근당홀딩스 001630 비유동자산 245,091,904,318 186,132,887,244
종근당홀딩스 001630 장기금융상품 0 0
종근당홀딩스 001630 기타포괄손익-공정가치 0 0
종근당홀딩스 001630 당기손익인식공정가치측정금융자산 0 0
종근당홀딩스 001630 종속회사투자 0 0
종근당홀딩스 001630 관계회사투자 0 0
종근당홀딩스 001630 렌탈자산 0 0
종근당홀딩스 001630 유형자산 106,702,431 130,519,341
종근당홀딩스 001630 무형자산 2,405,711,667 2,493,243,974
종근당홀딩스 001630 기타비유동금융자산 0 0
종근당홀딩스 001630 기타비유동자산 0 0
종근당홀딩스 001630 사용권자산 0 0
종근당홀딩스 001630 이연법인세자산 412,121,203 135,016,365
종근당홀딩스 001630 자산총계 314,522,165,172 271,888,579,743
종근당홀딩스 001630 유동부채 2,084,475,011 16,492,596,750
종근당홀딩스 001630 단기매입채무 0 0
종근당홀딩스 001630 단기차입금 0 0
종근당홀딩스 001630 유동성장기차입금 0 0
종근당홀딩스 001630 유동성사채 0 0
종근당홀딩스 001630 기타유동금융부채 0 0
종근당홀딩스 001630 기타유동부채 0 0
종근당홀딩스 001630 당기법인세부채 1,463,470,337 15,934,193,283
종근당홀딩스 001630 유동리스부채 0 0
종근당홀딩스 001630 비유동부채 28,418,571 74,578,213
종근당홀딩스 001630 사채 0 0
종근당홀딩스 001630 장기차입금 0 0
종근당홀딩스 001630 기타비유동금융부채 0 0
종근당홀딩스 001630 이연법인세부채 47,420,754 74,578,213
종근당홀딩스 001630 비유동리스부채 0 0
종근당홀딩스 001630 부채총계 2,112,893,582 16,567,174,963
종근당홀딩스 001630 자본금 12,524,652,500 11,194,415,000
종근당홀딩스 001630 자본잉여금 0 0
종근당홀딩스 001630 자본조정 0 0
종근당홀딩스 001630 기타포괄손익누계액 0 0
종근당홀딩스 001630 이익잉여금(결손금) 0 0
종근당홀딩스 001630 자본총계 312,409,271,590 255,321,404,780
종근당홀딩스 001630 자본과부채총계 314,522,165,172 271,888,579,743
date : 2016-12-31
종근당홀딩스 001630 유동자산 70,130,817,634 85,755,692,499
종근당홀딩스 001630 현금및현금성자산 55,103,248,080 70,937,178,536
종근당홀딩스 001630 매출채권 620,393,400 580,842,900
종근당홀딩스 001630 재고자산 0 0
종근당홀딩스 001630 기타유동금융자산 0 0
종근당홀딩스 001630 기타유동자산 0 0
종근당홀딩스 001630 매각예정비유동자산 0 0
종근당홀딩스 001630 비유동자산 244,891,848,124 186,132,887,244
종근당홀딩스 001630 장기금융상품 0 0
종근당홀딩스 001630 기타포괄손익-공정가치 0 0
종근당홀딩스 001630 당기손익인식공정가치측정금융자산 0 0
종근당홀딩스 001630 종속회사투자 0 0
종근당홀딩스 001630 관계회사투자 0 0
종근당홀딩스 001630 렌탈자산 0 0
종근당홀딩스 001630 유형자산 97,862,751 130,519,341
종근당홀딩스 001630 무형자산 2,372,498,868 2,493,243,974
종근당홀딩스 001630 기타비유동금융자산 0 0
종근당홀딩스 001630 기타비유동자산 0 0
종근당홀딩스 001630 사용권자산 0 0
종근당홀딩스 001630 이연법인세자산 509,061,973 135,016,365
종근당홀딩스 001630 자산총계 315,022,665,758 271,888,579,743
종근당홀딩스 001630 유동부채 2,159,581,940 16,492,596,750
종근당홀딩스 001630 단기매입채무 0 0
종근당홀딩스 001630 단기차입금 0 0
종근당홀딩스 001630 유동성장기차입금 0 0
종근당홀딩스 001630 유동성사채 0 0
종근당홀딩스 001630 기타유동금융부채 0 0
종근당홀딩스 001630 기타유동부채 0 0
종근당홀딩스 001630 당기법인세부채 1,436,694,664 15,934,193,283
종근당홀딩스 001630 유동리스부채 0 0
종근당홀딩스 001630 비유동부채 21,832,110 74,578,213
종근당홀딩스 001630 사채 0 0
종근당홀딩스 001630 장기차입금 0 0
종근당홀딩스 001630 기타비유동금융부채 0 0
종근당홀딩스 001630 이연법인세부채 47,420,754 74,578,213
종근당홀딩스 001630 비유동리스부채 0 0
종근당홀딩스 001630 부채총계 2,181,414,050 16,567,174,963
종근당홀딩스 001630 자본금 12,524,652,500 11,194,415,000
종근당홀딩스 001630 자본잉여금 0 0
종근당홀딩스 001630 자본조정 0 0
종근당홀딩스 001630 기타포괄손익누계액 0 0
종근당홀딩스 001630 이익잉여금(결손금) 0 0
종근당홀딩스 001630 자본총계 312,841,251,708 255,321,404,780
종근당홀딩스 001630 자본과부채총계 315,022,665,758 271,888,579,743
date : 2017-03-31
종근당홀딩스 001630 유동자산 50,704,392,561 70,130,817,634
종근당홀딩스 001630 현금및현금성자산 31,275,517,190 55,103,248,080
종근당홀딩스 001630 매출채권 617,568,600 620,393,400
종근당홀딩스 001630 재고자산 0 0
종근당홀딩스 001630 기타유동금융자산 0 0
종근당홀딩스 001630 기타유동자산 0 0
종근당홀딩스 001630 매각예정비유동자산 0 0
종근당홀딩스 001630 비유동자산 268,374,415,062 244,891,848,124
종근당홀딩스 001630 장기금융상품 0 0
종근당홀딩스 001630 기타포괄손익-공정가치 0 0
종근당홀딩스 001630 당기손익인식공정가치측정금융자산 0 0
종근당홀딩스 001630 종속회사투자 0 0
종근당홀딩스 001630 관계회사투자 0 0
종근당홀딩스 001630 렌탈자산 0 0
종근당홀딩스 001630 유형자산 90,478,657 97,862,751
종근당홀딩스 001630 무형자산 2,340,067,199 2,372,498,868
종근당홀딩스 001630 기타비유동금융자산 0 0
종근당홀딩스 001630 기타비유동자산 0 0
종근당홀딩스 001630 사용권자산 0 0
종근당홀딩스 001630 이연법인세자산 471,787,721 509,061,973
종근당홀딩스 001630 자산총계 319,078,807,623 315,022,665,758
종근당홀딩스 001630 유동부채 8,363,910,462 2,159,581,940
종근당홀딩스 001630 단기매입채무 0 0
종근당홀딩스 001630 단기차입금 0 0
종근당홀딩스 001630 유동성장기차입금 0 0
종근당홀딩스 001630 유동성사채 0 0
종근당홀딩스 001630 기타유동금융부채 0 0
종근당홀딩스 001630 기타유동부채 0 0
종근당홀딩스 001630 당기법인세부채 1,009,194,498 1,436,694,664
종근당홀딩스 001630 유동리스부채 0 0
종근당홀딩스 001630 비유동부채 22,206,681 21,832,110
종근당홀딩스 001630 사채 0 0
종근당홀딩스 001630 장기차입금 0 0
종근당홀딩스 001630 기타비유동금융부채 0 0
종근당홀딩스 001630 이연법인세부채 47,420,754 21,832,110
종근당홀딩스 001630 비유동리스부채 0 0
종근당홀딩스 001630 부채총계 8,386,117,143 2,181,414,050
종근당홀딩스 001630 자본금 0 0
종근당홀딩스 001630 자본잉여금 0 0
종근당홀딩스 001630 자본조정 0 0
종근당홀딩스 001630 기타포괄손익누계액 0 0
종근당홀딩스 001630 이익잉여금(결손금) 177,463,604,808 179,695,877,185
종근당홀딩스 001630 자본총계 310,692,690,480 312,841,251,708
종근당홀딩스 001630 자본과부채총계 319,078,807,623 315,022,665,758
date : 2017-06-30
종근당홀딩스 001630 유동자산 45,113,783,417 70,130,817,634
종근당홀딩스 001630 현금및현금성자산 27,379,767,351 55,103,248,080
종근당홀딩스 001630 매출채권 2,267,318,900 620,393,400
종근당홀딩스 001630 재고자산 0 0
종근당홀딩스 001630 기타유동금융자산 0 0
종근당홀딩스 001630 기타유동자산 0 0
종근당홀딩스 001630 매각예정비유동자산 0 0
종근당홀딩스 001630 비유동자산 287,516,960,904 244,891,848,124
종근당홀딩스 001630 장기금융상품 0 0
종근당홀딩스 001630 기타포괄손익-공정가치 0 0
종근당홀딩스 001630 당기손익인식공정가치측정금융자산 0 0
종근당홀딩스 001630 종속회사투자 0 0
종근당홀딩스 001630 관계회사투자 0 0
종근당홀딩스 001630 렌탈자산 0 0
종근당홀딩스 001630 유형자산 94,787,244 97,862,751
종근당홀딩스 001630 무형자산 2,308,119,645 2,372,498,868
종근당홀딩스 001630 기타비유동금융자산 0 0
종근당홀딩스 001630 기타비유동자산 0 0
종근당홀딩스 001630 사용권자산 0 0
종근당홀딩스 001630 이연법인세자산 509,061,973 2,372,498,868
종근당홀딩스 001630 자산총계 332,630,744,321 315,022,665,758
종근당홀딩스 001630 유동부채 4,184,553,596 2,159,581,940
종근당홀딩스 001630 단기매입채무 0 0
종근당홀딩스 001630 단기차입금 0 0
종근당홀딩스 001630 유동성장기차입금 0 0
종근당홀딩스 001630 유동성사채 0 0
종근당홀딩스 001630 기타유동금융부채 0 0
종근당홀딩스 001630 기타유동부채 0 0
종근당홀딩스 001630 당기법인세부채 3,591,342,519 1,436,694,664
종근당홀딩스 001630 유동리스부채 0 0
종근당홀딩스 001630 비유동부채 121,406,566 21,832,110
종근당홀딩스 001630 사채 0 0
종근당홀딩스 001630 장기차입금 0 0
종근당홀딩스 001630 기타비유동금융부채 0 0
종근당홀딩스 001630 이연법인세부채 94,185,507 21,832,110
종근당홀딩스 001630 비유동리스부채 0 0
종근당홀딩스 001630 부채총계 4,305,960,162 2,181,414,050
종근당홀딩스 001630 자본금 0 0
종근당홀딩스 001630 자본잉여금 0 0
종근당홀딩스 001630 자본조정 0 0
종근당홀딩스 001630 기타포괄손익누계액 0 0
종근당홀딩스 001630 이익잉여금(결손금) 177,861,295,153 179,695,877,185
종근당홀딩스 001630 자본총계 328,324,784,159 312,841,251,708
종근당홀딩스 001630 자본과부채총계 332,630,744,321 315,022,665,758
date : 2017-09-30
종근당홀딩스 001630 유동자산 44,538,269,453 70,130,817,634
종근당홀딩스 001630 현금및현금성자산 19,531,232,081 55,103,248,080
종근당홀딩스 001630 매출채권 4,429,891,400 620,393,400
종근당홀딩스 001630 재고자산 0 0
종근당홀딩스 001630 기타유동금융자산 0 0
종근당홀딩스 001630 기타유동자산 0 0
종근당홀딩스 001630 매각예정비유동자산 0 0
종근당홀딩스 001630 비유동자산 289,039,548,129 244,891,848,124
종근당홀딩스 001630 장기금융상품 0 0
종근당홀딩스 001630 기타포괄손익-공정가치 0 0
종근당홀딩스 001630 당기손익인식공정가치측정금융자산 0 0
종근당홀딩스 001630 종속회사투자 0 0
종근당홀딩스 001630 관계회사투자 0 0
종근당홀딩스 001630 렌탈자산 0 0
종근당홀딩스 001630 유형자산 91,654,167 97,862,751
종근당홀딩스 001630 무형자산 2,275,702,387 2,372,498,868
종근당홀딩스 001630 기타비유동금융자산 0 0
종근당홀딩스 001630 기타비유동자산 81,412,626 104,802,384
종근당홀딩스 001630 사용권자산 0 0
종근당홀딩스 001630 이연법인세자산 509,061,973 2,372,498,868
종근당홀딩스 001630 자산총계 333,577,817,582 315,022,665,758
종근당홀딩스 001630 유동부채 4,136,688,513 2,159,581,940
종근당홀딩스 001630 단기매입채무 0 0
종근당홀딩스 001630 단기차입금 0 0
종근당홀딩스 001630 유동성장기차입금 0 0
종근당홀딩스 001630 유동성사채 0 0
종근당홀딩스 001630 기타유동금융부채 0 0
종근당홀딩스 001630 기타유동부채 0 0
종근당홀딩스 001630 당기법인세부채 3,443,015,975 1,436,694,664
종근당홀딩스 001630 유동리스부채 0 0
종근당홀딩스 001630 비유동부채 145,644,485 21,832,110
종근당홀딩스 001630 사채 0 0
종근당홀딩스 001630 장기차입금 0 0
종근당홀딩스 001630 기타비유동금융부채 0 0
종근당홀딩스 001630 이연법인세부채 118,469,983 21,832,110
종근당홀딩스 001630 비유동리스부채 0 0
종근당홀딩스 001630 부채총계 4,282,332,998 2,181,414,050
종근당홀딩스 001630 자본금 12,524,652,500 12,524,652,500
종근당홀딩스 001630 자본잉여금 137,290,134,848 120,840,406,807
종근당홀딩스 001630 자본조정 0 0
종근당홀딩스 001630 기타포괄손익누계액 0 0
종근당홀딩스 001630 이익잉여금(결손금) 178,808,064,683 179,695,877,185
종근당홀딩스 001630 자본총계 329,295,484,584 312,841,251,708
종근당홀딩스 001630 자본과부채총계 333,577,817,582 315,022,665,758
date : 2017-12-31
종근당홀딩스 001630 유동자산 39,733,160,728 70,130,817,634
종근당홀딩스 001630 현금및현금성자산 13,591,952,879 55,103,248,080
종근당홀딩스 001630 매출채권 및 기타유동채권
종근당홀딩스 001630 재고자산 0 0
종근당홀딩스 001630 기타유동금융자산 0 0
종근당홀딩스 001630 기타유동자산 0 0
종근당홀딩스 001630 매각예정비유동자산 0 0
종근당홀딩스 001630 비유동자산 295,319,373,933 244,891,848,124
종근당홀딩스 001630 장기금융상품 0 0
종근당홀딩스 001630 기타포괄손익-공정가치 0 0
종근당홀딩스 001630 당기손익인식공정가치측정금융자산 0 0
종근당홀딩스 001630 종속회사투자 0 0
종근당홀딩스 001630 관계회사투자 0 0
종근당홀딩스 001630 렌탈자산 0 0
종근당홀딩스 001630 유형자산 81,443,737 97,862,751
종근당홀딩스 001630 무형자산 2,243,145,637 2,372,498,868
종근당홀딩스 001630 기타비유동금융자산 0 0
종근당홀딩스 001630 기타비유동자산 75,821,155 104,802,384
종근당홀딩스 001630 사용권자산 0 0
종근당홀딩스 001630 이연법인세자산 509,061,973 2,372,498,868
종근당홀딩스 001630 자산총계 335,052,534,661 315,022,665,758
종근당홀딩스 001630 유동부채 4,057,134,488 2,159,581,940
종근당홀딩스 001630 단기매입채무 0 0
종근당홀딩스 001630 단기차입금 0 0
종근당홀딩스 001630 유동성장기차입금 0 0
종근당홀딩스 001630 유동성사채 0 0
종근당홀딩스 001630 기타유동금융부채 0 0
종근당홀딩스 001630 기타유동부채 0 0
종근당홀딩스 001630 당기법인세부채 3,348,859,015 1,436,694,664
종근당홀딩스 001630 유동리스부채 0 0
종근당홀딩스 001630 비유동부채 659,379,729 21,832,110
종근당홀딩스 001630 사채 0 0
종근당홀딩스 001630 장기차입금 0 0
종근당홀딩스 001630 기타비유동금융부채 0 0
종근당홀딩스 001630 이연법인세부채 543,887,420 47,420,754
종근당홀딩스 001630 비유동리스부채 0 0
종근당홀딩스 001630 부채총계 4,716,514,217 2,181,414,050
종근당홀딩스 001630 자본금 12,524,652,500 12,524,652,500
종근당홀딩스 001630 자본잉여금 137,290,134,848 120,840,406,807
종근당홀딩스 001630 자본조정 0 0
종근당홀딩스 001630 기타포괄손익누계액 0 0
종근당홀딩스 001630 이익잉여금(결손금) 179,143,874,456 179,695,877,185
종근당홀딩스 001630 자본총계 330,336,020,444 312,841,251,708
종근당홀딩스 001630 자본과부채총계 335,052,534,661 315,022,665,758
date : 2018-03-31
종근당홀딩스 001630 유동자산 38,287,069,683 39,733,160,728
종근당홀딩스 001630 현금및현금성자산 11,217,765,742 13,591,952,879
종근당홀딩스 001630 매출채권 763,977,500 961,024,900
종근당홀딩스 001630 재고자산 0 0
종근당홀딩스 001630 기타유동금융자산 0 0
종근당홀딩스 001630 기타유동자산 0 0
종근당홀딩스 001630 매각예정비유동자산 0 0
종근당홀딩스 001630 비유동자산 306,072,821,315 295,319,373,933
종근당홀딩스 001630 장기금융상품 0 0
종근당홀딩스 001630 기타포괄손익-공정가치 0 0
종근당홀딩스 001630 당기손익인식공정가치측정금융자산 0 0
종근당홀딩스 001630 종속회사투자 0 0
종근당홀딩스 001630 관계회사투자 0 0
종근당홀딩스 001630 렌탈자산 0 0
종근당홀딩스 001630 유형자산 71,592,709 81,443,737
종근당홀딩스 001630 무형자산 2,211,275,509 2,243,145,637
종근당홀딩스 001630 기타비유동금융자산 0 0
종근당홀딩스 001630 기타비유동자산 63,773,254 75,821,155
종근당홀딩스 001630 사용권자산 0 0
종근당홀딩스 001630 이연법인세자산 0 0
종근당홀딩스 001630 자산총계 344,359,890,998 335,052,534,661
종근당홀딩스 001630 유동부채 9,003,043,470 4,057,134,488
종근당홀딩스 001630 단기매입채무 0 0
종근당홀딩스 001630 단기차입금 0 0
종근당홀딩스 001630 유동성장기차입금 0 0
종근당홀딩스 001630 유동성사채 0 0
종근당홀딩스 001630 기타유동금융부채 0 0
종근당홀딩스 001630 기타유동부채 0 0
종근당홀딩스 001630 당기법인세부채 3,994,240,278 3,348,859,015
종근당홀딩스 001630 유동리스부채 0 0
종근당홀딩스 001630 비유동부채 1,440,559,239 659,379,729
종근당홀딩스 001630 사채 0 0
종근당홀딩스 001630 장기차입금 0 0
종근당홀딩스 001630 기타비유동금융부채 0 0
종근당홀딩스 001630 이연법인세부채 1,328,963,238 543,887,420
종근당홀딩스 001630 비유동리스부채 0 0
종근당홀딩스 001630 부채총계 10,443,602,709 4,716,514,217
종근당홀딩스 001630 자본금 12,524,652,500 12,524,652,500
종근당홀딩스 001630 자본잉여금 137,290,134,848 137,290,134,848
종근당홀딩스 001630 자본조정 0 0
종근당홀딩스 001630 기타포괄손익누계액 0 0
종근당홀딩스 001630 이익잉여금(결손금) 181,324,806,431 179,143,874,456
종근당홀딩스 001630 자본총계 333,916,288,289 330,336,020,444
종근당홀딩스 001630 자본과부채총계 344,359,890,998 335,052,534,661
date : 2018-06-30
종근당홀딩스 001630 유동자산 24,724,238,127 39,733,160,728
종근당홀딩스 001630 현금및현금성자산 4,023,728,077 13,591,952,879
종근당홀딩스 001630 매출채권 814,383,900 961,024,900
종근당홀딩스 001630 재고자산 0 0
종근당홀딩스 001630 기타유동금융자산 0 0
종근당홀딩스 001630 기타유동자산 0 0
종근당홀딩스 001630 매각예정비유동자산 0 0
종근당홀딩스 001630 비유동자산 316,933,416,742 295,319,373,933
종근당홀딩스 001630 장기금융상품 0 0
종근당홀딩스 001630 기타포괄손익-공정가치 0 0
종근당홀딩스 001630 당기손익인식공정가치측정금융자산 0 0
종근당홀딩스 001630 종속회사투자 0 0
종근당홀딩스 001630 관계회사투자 0 0
종근당홀딩스 001630 렌탈자산 0 0
종근당홀딩스 001630 유형자산 61,919,882 81,443,737
종근당홀딩스 001630 무형자산 2,187,835,726 2,243,145,637
종근당홀딩스 001630 기타비유동금융자산 0 0
종근당홀딩스 001630 기타비유동자산 20,000,000 2,243,145,637
종근당홀딩스 001630 사용권자산 0 0
종근당홀딩스 001630 이연법인세자산 0 0
종근당홀딩스 001630 자산총계 341,657,654,869 335,052,534,661
종근당홀딩스 001630 유동부채 2,504,261,407 4,057,134,488
종근당홀딩스 001630 단기매입채무 0 0
종근당홀딩스 001630 단기차입금 0 0
종근당홀딩스 001630 유동성장기차입금 0 0
종근당홀딩스 001630 유동성사채 0 0
종근당홀딩스 001630 기타유동금융부채 0 0
종근당홀딩스 001630 기타유동부채 0 0
종근당홀딩스 001630 당기법인세부채 1,940,020,012 3,348,859,015
종근당홀딩스 001630 유동리스부채 0 0
종근당홀딩스 001630 비유동부채 1,224,048,562 659,379,729
종근당홀딩스 001630 사채 0 0
종근당홀딩스 001630 장기차입금 0 0
종근당홀딩스 001630 기타비유동금융부채 0 0
종근당홀딩스 001630 이연법인세부채 1,112,337,772 543,887,420
종근당홀딩스 001630 비유동리스부채 0 0
종근당홀딩스 001630 부채총계 3,728,309,969 4,716,514,217
종근당홀딩스 001630 자본금 12,524,652,500 12,524,652,500
종근당홀딩스 001630 자본잉여금 137,290,134,848 137,290,134,848
종근당홀딩스 001630 자본조정 0 0
종근당홀딩스 001630 기타포괄손익누계액 0 0
종근당홀딩스 001630 이익잉여금(결손금) 186,100,525,806 179,143,874,456
종근당홀딩스 001630 자본총계 337,929,344,900 330,336,020,444
종근당홀딩스 001630 자본과부채총계 341,657,654,869 335,052,534,661
date : 2018-09-30
종근당홀딩스 001630 유동자산 14,172,749,668 39,733,160,728
종근당홀딩스 001630 현금및현금성자산 5,046,679,842 13,591,952,879
종근당홀딩스 001630 매출채권 818,327,400 961,024,900
종근당홀딩스 001630 재고자산 0 0
종근당홀딩스 001630 기타유동금융자산 0 0
종근당홀딩스 001630 기타유동자산 0 0
종근당홀딩스 001630 매각예정비유동자산 0 0
종근당홀딩스 001630 비유동자산 329,578,753,165 295,319,373,933
종근당홀딩스 001630 장기금융상품 0 0
종근당홀딩스 001630 기타포괄손익-공정가치 0 0
종근당홀딩스 001630 당기손익인식공정가치측정금융자산 0 0
종근당홀딩스 001630 종속회사투자 0 0
종근당홀딩스 001630 관계회사투자 0 0
종근당홀딩스 001630 렌탈자산 0 0
종근당홀딩스 001630 유형자산 16,201,007 81,443,737
종근당홀딩스 001630 무형자산 2,152,233,702 2,243,145,637
종근당홀딩스 001630 기타비유동금융자산 0 0
종근당홀딩스 001630 기타비유동자산 20,000,000 2,243,145,637
종근당홀딩스 001630 사용권자산 0 0
종근당홀딩스 001630 이연법인세자산 0 0
종근당홀딩스 001630 자산총계 343,751,502,833 335,052,534,661
종근당홀딩스 001630 유동부채 1,029,902,280 4,057,134,488
종근당홀딩스 001630 단기매입채무 0 0
종근당홀딩스 001630 단기차입금 0 0
종근당홀딩스 001630 유동성장기차입금 0 0
종근당홀딩스 001630 유동성사채 0 0
종근당홀딩스 001630 기타유동금융부채 0 0
종근당홀딩스 001630 기타유동부채 0 0
종근당홀딩스 001630 당기법인세부채 380,257,790 3,348,859,015
종근당홀딩스 001630 유동리스부채 0 0
종근당홀딩스 001630 비유동부채 1,829,790,938 659,379,729
종근당홀딩스 001630 사채 0 0
종근당홀딩스 001630 장기차입금 0 0
종근당홀딩스 001630 기타비유동금융부채 0 0
종근당홀딩스 001630 이연법인세부채 1,716,409,786 543,887,420
종근당홀딩스 001630 비유동리스부채 0 0
종근당홀딩스 001630 부채총계 2,859,693,218 4,716,514,217
종근당홀딩스 001630 자본금 12,524,652,500 12,524,652,500
종근당홀딩스 001630 자본잉여금 137,290,134,848 137,290,134,848
종근당홀딩스 001630 자본조정 0 0
종근당홀딩스 001630 기타포괄손익누계액 0 0
종근당홀딩스 001630 이익잉여금(결손금) 187,062,040,623 179,143,874,456
종근당홀딩스 001630 자본총계 340,891,809,615 330,336,020,444
종근당홀딩스 001630 자본과부채총계 343,751,502,833 335,052,534,661
date : 2018-12-31
종근당홀딩스 001630 유동자산 13,418,460,021 39,733,160,728
종근당홀딩스 001630 현금및현금성자산 3,983,907,000 13,591,952,879
종근당홀딩스 001630 매출채권 818,327,400 961,024,900
종근당홀딩스 001630 재고자산 0 0
종근당홀딩스 001630 기타유동금융자산 0 0
종근당홀딩스 001630 기타유동자산 0 0
종근당홀딩스 001630 매각예정비유동자산 0 0
종근당홀딩스 001630 비유동자산 333,071,964,706 295,319,373,933
종근당홀딩스 001630 장기금융상품 0 0
종근당홀딩스 001630 기타포괄손익-공정가치 측정 금융자산
종근당홀딩스 001630 당기손익인식공정가치측정금융자산 0 0
종근당홀딩스 001630 종속회사투자 0 0
종근당홀딩스 001630 관계회사투자 0 0
종근당홀딩스 001630 렌탈자산 0 0
종근당홀딩스 001630 유형자산 19,118,021 81,443,737
종근당홀딩스 001630 무형자산 2,118,678,730 2,243,145,637
종근당홀딩스 001630 기타비유동금융자산 0 0
종근당홀딩스 001630 기타비유동자산 20,000,000 2,243,145,637
종근당홀딩스 001630 사용권자산 0 0
종근당홀딩스 001630 이연법인세자산 509,061,973 2,243,145,637
종근당홀딩스 001630 자산총계 346,490,424,727 335,052,534,661
종근당홀딩스 001630 유동부채 1,714,991,106 4,057,134,488
종근당홀딩스 001630 단기매입채무 0 0
종근당홀딩스 001630 단기차입금 0 0
종근당홀딩스 001630 유동성장기차입금 0 0
종근당홀딩스 001630 유동성사채 0 0
종근당홀딩스 001630 기타유동금융부채 0 0
종근당홀딩스 001630 기타유동부채 0 0
종근당홀딩스 001630 당기법인세부채 998,435,627 3,348,859,015
종근당홀딩스 001630 유동리스부채 0 0
종근당홀딩스 001630 비유동부채 1,033,984,573 659,379,729
종근당홀딩스 001630 사채 0 0
종근당홀딩스 001630 장기차입금 0 0
종근당홀딩스 001630 기타비유동금융부채 0 0
종근당홀딩스 001630 이연법인세부채 787,726,001 543,887,420
종근당홀딩스 001630 비유동리스부채 0 0
종근당홀딩스 001630 부채총계 2,748,975,679 4,716,514,217
종근당홀딩스 001630 자본금 12,524,652,500 12,524,652,500
종근당홀딩스 001630 자본잉여금 137,290,134,848 137,290,134,848
종근당홀딩스 001630 자본조정 0 0
종근당홀딩스 001630 기타포괄손익누계액 0 0
종근당홀딩스 001630 이익잉여금(결손금) 191,601,014,399 179,143,874,456
종근당홀딩스 001630 자본총계 343,741,449,048 330,336,020,444
종근당홀딩스 001630 자본과부채총계 346,490,424,727 335,052,534,661
date : 2019-03-31
종근당홀딩스 001630 유동자산 28,228,361,937 13,418,460,021
종근당홀딩스 001630 현금및현금성자산 10,975,279,785 3,983,907,000
종근당홀딩스 001630 매출채권 907,360,300 818,327,400
종근당홀딩스 001630 재고자산 0 0
종근당홀딩스 001630 기타유동금융자산 0 0
종근당홀딩스 001630 기타유동자산 0 0
종근당홀딩스 001630 매각예정비유동자산 0 0
종근당홀딩스 001630 비유동자산 343,615,086,552 333,071,964,706
종근당홀딩스 001630 장기금융상품 0 0
종근당홀딩스 001630 기타포괄손익-공정가치 측정 금융자산
종근당홀딩스 001630 당기손익인식공정가치측정금융자산 0 0
종근당홀딩스 001630 종속회사투자 0 0
종근당홀딩스 001630 관계회사투자 0 0
종근당홀딩스 001630 렌탈자산 0 0
종근당홀딩스 001630 유형자산 17,095,895 19,118,021
종근당홀딩스 001630 무형자산 2,091,219,990 2,118,678,730
종근당홀딩스 001630 기타비유동금융자산 0 0
종근당홀딩스 001630 기타비유동자산 20,000,000 20,000,000
종근당홀딩스 001630 사용권자산 0 0
종근당홀딩스 001630 이연법인세자산 0 2,118,678,730
종근당홀딩스 001630 자산총계 371,843,448,489 346,490,424,727
종근당홀딩스 001630 유동부채 23,599,666,977 1,714,991,106
종근당홀딩스 001630 단기매입채무 0 0
종근당홀딩스 001630 단기차입금 15,000,000,000 1,714,991,106
종근당홀딩스 001630 유동성장기차입금 0 0
종근당홀딩스 001630 유동성사채 0 0
종근당홀딩스 001630 기타유동금융부채 0 0
종근당홀딩스 001630 기타유동부채 0 0
종근당홀딩스 001630 당기법인세부채 1,352,472,048 998,435,627
종근당홀딩스 001630 유동리스부채 0 0
종근당홀딩스 001630 비유동부채 1,421,018,749 1,033,984,573
종근당홀딩스 001630 사채 0 0
종근당홀딩스 001630 장기차입금 0 0
종근당홀딩스 001630 기타비유동금융부채 0 0
종근당홀딩스 001630 이연법인세부채 1,175,766,932 787,726,001
종근당홀딩스 001630 비유동리스부채 0 0
종근당홀딩스 001630 부채총계 25,020,685,726 2,748,975,679
종근당홀딩스 001630 자본금 12,524,652,500 12,524,652,500
종근당홀딩스 001630 자본잉여금 137,290,134,848 137,290,134,848
종근당홀딩스 001630 자본조정 0 0
종근당홀딩스 001630 기타포괄손익누계액 0 0
종근당홀딩스 001630 이익잉여금(결손금) 192,277,940,245 191,601,014,399
종근당홀딩스 001630 자본총계 346,822,762,763 343,741,449,048
종근당홀딩스 001630 자본과부채총계 371,843,448,489 346,490,424,727
