date : 2015-12-31
한국유리공업 002000 유동자산 106,001,854,765 111,138,639,396
한국유리공업 002000 현금및현금성자산 42,597,512,719 40,353,097,323
한국유리공업 002000 매출채권 11,782,857,857 17,137,892,114
한국유리공업 002000 재고자산 48,962,449,297 49,793,520,210
한국유리공업 002000 기타유동금융자산 0 0
한국유리공업 002000 기타유동자산 0 0
한국유리공업 002000 매각예정비유동자산 33,380,484,857 33,746,805,328
한국유리공업 002000 비유동자산 443,997,006,205 388,742,753,320
한국유리공업 002000 장기금융상품 0 0
한국유리공업 002000 기타포괄손익-공정가치 0 0
한국유리공업 002000 당기손익인식공정가치측정금융자산 0 0
한국유리공업 002000 종속회사투자 0 0
한국유리공업 002000 관계회사투자 0 0
한국유리공업 002000 렌탈자산 0 0
한국유리공업 002000 유형자산 188,981,245,264 166,394,476,341
한국유리공업 002000 무형자산 1,949,886,446 1,999,320,401
한국유리공업 002000 기타비유동금융자산 0 0
한국유리공업 002000 기타비유동자산 0 0
한국유리공업 002000 사용권자산 0 0
한국유리공업 002000 이연법인세자산 0 7,588,792,621
한국유리공업 002000 자산총계 583,379,345,827 533,628,198,044
한국유리공업 002000 유동부채 57,721,842,002 58,483,732,804
한국유리공업 002000 단기매입채무 0 0
한국유리공업 002000 단기차입금 0 0
한국유리공업 002000 유동성장기차입금 0 0
한국유리공업 002000 유동성사채 0 0
한국유리공업 002000 기타유동금융부채 0 0
한국유리공업 002000 기타유동부채 0 0
한국유리공업 002000 당기법인세부채 0 0
한국유리공업 002000 유동리스부채 0 0
한국유리공업 002000 비유동부채 17,021,962,222 17,171,530,472
한국유리공업 002000 사채 0 0
한국유리공업 002000 장기차입금 0 0
한국유리공업 002000 기타비유동금융부채 0 0
한국유리공업 002000 이연법인세부채 1,653,661,527 0
한국유리공업 002000 비유동리스부채 0 0
한국유리공업 002000 부채총계 74,743,804,224 75,655,263,276
한국유리공업 002000 자본금 69,882,185,000 69,882,185,000
한국유리공업 002000 자본잉여금 0 0
한국유리공업 002000 자본조정 0 0
한국유리공업 002000 기타포괄손익누계액 0 0
한국유리공업 002000 이익잉여금(결손금) 31,766,015,149 5,560,144,196
한국유리공업 002000 자본총계 508,635,541,603 457,972,934,768
한국유리공업 002000 자본과부채총계 583,379,345,827 533,628,198,044
date : 2016-03-31
한국유리공업 002000 유동자산 99,600,333,445 106,001,854,765
한국유리공업 002000 현금및현금성자산 28,508,518,808 42,597,512,719
한국유리공업 002000 매출채권 12,430,013,897 11,782,857,857
한국유리공업 002000 재고자산 54,875,322,001 48,962,449,297
한국유리공업 002000 기타유동금융자산 0 0
한국유리공업 002000 기타유동자산 0 0
한국유리공업 002000 매각예정비유동자산 33,380,483,857 33,380,484,857
한국유리공업 002000 비유동자산 440,845,230,379 443,997,006,205
한국유리공업 002000 장기금융상품 0 0
한국유리공업 002000 기타포괄손익-공정가치 0 0
한국유리공업 002000 당기손익인식공정가치측정금융자산 0 0
한국유리공업 002000 종속회사투자 0 0
한국유리공업 002000 관계회사투자 0 0
한국유리공업 002000 렌탈자산 0 0
한국유리공업 002000 유형자산 188,238,720,666 188,981,245,264
한국유리공업 002000 무형자산 1,916,275,818 1,949,886,446
한국유리공업 002000 기타비유동금융자산 0 0
한국유리공업 002000 기타비유동자산 0 0
한국유리공업 002000 사용권자산 0 0
한국유리공업 002000 이연법인세자산 0 0
한국유리공업 002000 자산총계 573,826,047,681 583,379,345,827
한국유리공업 002000 유동부채 56,059,647,045 57,721,842,002
한국유리공업 002000 단기매입채무 0 0
한국유리공업 002000 단기차입금 0 0
한국유리공업 002000 유동성장기차입금 0 0
한국유리공업 002000 유동성사채 0 0
한국유리공업 002000 기타유동금융부채 0 0
한국유리공업 002000 기타유동부채 0 0
한국유리공업 002000 당기법인세부채 0 0
한국유리공업 002000 유동리스부채 0 0
한국유리공업 002000 비유동부채 17,392,901,967 17,021,962,222
한국유리공업 002000 사채 0 0
한국유리공업 002000 장기차입금 0 0
한국유리공업 002000 기타비유동금융부채 0 0
한국유리공업 002000 이연법인세부채 1,612,469,287 1,653,661,527
한국유리공업 002000 비유동리스부채 0 0
한국유리공업 002000 부채총계 73,452,549,012 74,743,804,224
한국유리공업 002000 자본금 69,882,185,000 69,882,185,000
한국유리공업 002000 자본잉여금 0 0
한국유리공업 002000 자본조정 0 0
한국유리공업 002000 기타포괄손익누계액 0 0
한국유리공업 002000 이익잉여금(결손금) 24,168,068,453 31,766,015,149
한국유리공업 002000 자본총계 500,373,498,669 508,635,541,603
한국유리공업 002000 자본과부채총계 573,826,047,681 583,379,345,827
date : 2016-06-30
한국유리공업 002000 유동자산 114,568,167,806 106,001,854,765
한국유리공업 002000 현금및현금성자산 40,662,392,938 42,597,512,719
한국유리공업 002000 매출채권 15,856,067,097 11,782,857,857
한국유리공업 002000 재고자산 50,102,609,113 48,962,449,297
한국유리공업 002000 기타유동금융자산 0 0
한국유리공업 002000 기타유동자산 0 0
한국유리공업 002000 매각예정비유동자산 69,011,822,465 33,380,484,857
한국유리공업 002000 비유동자산 406,067,712,145 443,997,006,205
한국유리공업 002000 장기금융상품 0 0
한국유리공업 002000 기타포괄손익-공정가치 0 0
한국유리공업 002000 당기손익인식공정가치측정금융자산 0 0
한국유리공업 002000 종속회사투자 0 0
한국유리공업 002000 관계회사투자 0 0
한국유리공업 002000 렌탈자산 0 0
한국유리공업 002000 유형자산 152,319,114,176 188,981,245,264
한국유리공업 002000 무형자산 3,078,632,774 1,949,886,446
한국유리공업 002000 기타비유동금융자산 0 0
한국유리공업 002000 기타비유동자산 0 0
한국유리공업 002000 사용권자산 0 0
한국유리공업 002000 이연법인세자산 0 0
한국유리공업 002000 자산총계 589,647,702,416 583,379,345,827
한국유리공업 002000 유동부채 60,360,642,198 57,721,842,002
한국유리공업 002000 단기매입채무 0 0
한국유리공업 002000 단기차입금 0 0
한국유리공업 002000 유동성장기차입금 0 0
한국유리공업 002000 유동성사채 0 0
한국유리공업 002000 기타유동금융부채 0 0
한국유리공업 002000 기타유동부채 0 0
한국유리공업 002000 당기법인세부채 0 0
한국유리공업 002000 유동리스부채 0 0
한국유리공업 002000 비유동부채 19,948,992,197 17,021,962,222
한국유리공업 002000 사채 0 0
한국유리공업 002000 장기차입금 0 0
한국유리공업 002000 기타비유동금융부채 0 0
한국유리공업 002000 이연법인세부채 2,626,734,828 1,653,661,527
한국유리공업 002000 비유동리스부채 0 0
한국유리공업 002000 부채총계 80,309,634,395 74,743,804,224
한국유리공업 002000 자본금 69,882,185,000 69,882,185,000
한국유리공업 002000 자본잉여금 0 0
한국유리공업 002000 자본조정 0 0
한국유리공업 002000 기타포괄손익누계액 0 0
한국유리공업 002000 이익잉여금(결손금) 33,158,274,278 31,766,015,149
한국유리공업 002000 자본총계 509,338,068,021 508,635,541,603
한국유리공업 002000 자본과부채총계 589,647,702,416 583,379,345,827
date : 2016-09-30
한국유리공업 002000 유동자산 108,763,288,005 106,001,854,765
한국유리공업 002000 현금및현금성자산 43,759,625,155 42,597,512,719
한국유리공업 002000 매출채권 12,349,472,833 11,782,857,857
한국유리공업 002000 재고자산 49,475,922,284 48,962,449,297
한국유리공업 002000 기타유동금융자산 0 0
한국유리공업 002000 기타유동자산 0 0
한국유리공업 002000 매각예정비유동자산 78,207,866,848 33,380,484,857
한국유리공업 002000 비유동자산 410,830,923,740 443,997,006,205
한국유리공업 002000 장기금융상품 0 0
한국유리공업 002000 기타포괄손익-공정가치 0 0
한국유리공업 002000 당기손익인식공정가치측정금융자산 0 0
한국유리공업 002000 종속회사투자 0 0
한국유리공업 002000 관계회사투자 0 0
한국유리공업 002000 렌탈자산 0 0
한국유리공업 002000 유형자산 152,651,818,600 188,981,245,264
한국유리공업 002000 무형자산 3,740,382,603 1,949,886,446
한국유리공업 002000 기타비유동금융자산 0 0
한국유리공업 002000 기타비유동자산 0 0
한국유리공업 002000 사용권자산 0 0
한국유리공업 002000 이연법인세자산 12,846,371,518 0
한국유리공업 002000 자산총계 597,802,078,593 583,379,345,827
한국유리공업 002000 유동부채 55,516,348,440 57,721,842,002
한국유리공업 002000 단기매입채무 0 0
한국유리공업 002000 단기차입금 0 0
한국유리공업 002000 유동성장기차입금 0 0
한국유리공업 002000 유동성사채 0 0
한국유리공업 002000 기타유동금융부채 0 0
한국유리공업 002000 기타유동부채 0 0
한국유리공업 002000 당기법인세부채 0 0
한국유리공업 002000 유동리스부채 0 0
한국유리공업 002000 비유동부채 17,436,878,606 17,021,962,222
한국유리공업 002000 사채 0 0
한국유리공업 002000 장기차입금 0 0
한국유리공업 002000 기타비유동금융부채 0 0
한국유리공업 002000 이연법인세부채 0 1,653,661,527
한국유리공업 002000 비유동리스부채 0 0
한국유리공업 002000 부채총계 72,953,227,046 74,743,804,224
한국유리공업 002000 자본금 69,882,185,000 69,882,185,000
한국유리공업 002000 자본잉여금 0 0
한국유리공업 002000 자본조정 0 0
한국유리공업 002000 기타포괄손익누계액 0 0
한국유리공업 002000 이익잉여금(결손금) 48,944,531,583 31,766,015,149
한국유리공업 002000 자본총계 524,848,851,547 508,635,541,603
한국유리공업 002000 자본과부채총계 597,802,078,593 583,379,345,827
date : 2016-12-31
한국유리공업 002000 유동자산 154,066,255,645 106,001,854,765
한국유리공업 002000 현금및현금성자산 73,997,989,813 42,597,512,719
한국유리공업 002000 매출채권 19,732,927,673 11,782,857,857
한국유리공업 002000 재고자산 44,376,058,948 48,962,449,297
한국유리공업 002000 기타유동금융자산 0 0
한국유리공업 002000 기타유동자산 0 0
한국유리공업 002000 매각예정비유동자산 68,819,422,947 33,380,484,857
한국유리공업 002000 비유동자산 412,152,832,872 443,997,006,205
한국유리공업 002000 장기금융상품 0 0
한국유리공업 002000 기타포괄손익-공정가치 0 0
한국유리공업 002000 당기손익인식공정가치측정금융자산 0 0
한국유리공업 002000 종속회사투자 0 0
한국유리공업 002000 관계회사투자 0 0
한국유리공업 002000 렌탈자산 0 0
한국유리공업 002000 유형자산 154,990,265,401 188,981,245,264
한국유리공업 002000 무형자산 3,929,854,479 1,949,886,446
한국유리공업 002000 기타비유동금융자산 0 0
한국유리공업 002000 기타비유동자산 0 0
한국유리공업 002000 사용권자산 0 0
한국유리공업 002000 이연법인세자산 11,664,432,533 0
한국유리공업 002000 자산총계 635,038,511,464 583,379,345,827
한국유리공업 002000 유동부채 93,460,592,460 57,721,842,002
한국유리공업 002000 단기매입채무 0 0
한국유리공업 002000 단기차입금 0 0
한국유리공업 002000 유동성장기차입금 0 0
한국유리공업 002000 유동성사채 0 0
한국유리공업 002000 기타유동금융부채 0 0
한국유리공업 002000 기타유동부채 0 0
한국유리공업 002000 당기법인세부채 0 0
한국유리공업 002000 유동리스부채 0 0
한국유리공업 002000 비유동부채 14,343,863,529 17,021,962,222
한국유리공업 002000 사채 0 0
한국유리공업 002000 장기차입금 0 0
한국유리공업 002000 기타비유동금융부채 0 0
한국유리공업 002000 이연법인세부채 0 1,653,661,527
한국유리공업 002000 비유동리스부채 0 0
한국유리공업 002000 부채총계 107,804,455,989 74,743,804,224
한국유리공업 002000 자본금 69,882,185,000 69,882,185,000
한국유리공업 002000 자본잉여금 0 0
한국유리공업 002000 자본조정 0 0
한국유리공업 002000 기타포괄손익누계액 0 0
한국유리공업 002000 이익잉여금(결손금) 0 0
한국유리공업 002000 자본총계 527,234,055,475 508,635,541,603
한국유리공업 002000 자본과부채총계 635,038,511,464 583,379,345,827
date : 2017-03-31
한국유리공업 002000 유동자산 144,810,963,407 154,066,255,645
한국유리공업 002000 현금및현금성자산 83,141,322,735 73,997,989,813
한국유리공업 002000 매출채권 13,581,940,472 19,732,927,673
한국유리공업 002000 재고자산 43,165,085,535 44,376,058,948
한국유리공업 002000 기타유동금융자산 0 0
한국유리공업 002000 기타유동자산 0 0
한국유리공업 002000 매각예정비유동자산 68,819,422,947 68,819,422,947
한국유리공업 002000 비유동자산 408,965,832,172 412,152,832,872
한국유리공업 002000 장기금융상품 0 0
한국유리공업 002000 기타포괄손익-공정가치 0 0
한국유리공업 002000 당기손익인식공정가치측정금융자산 0 0
한국유리공업 002000 종속회사투자 0 0
한국유리공업 002000 관계회사투자 0 0
한국유리공업 002000 렌탈자산 0 0
한국유리공업 002000 유형자산 152,510,798,677 154,990,265,401
한국유리공업 002000 무형자산 3,854,914,475 3,929,854,479
한국유리공업 002000 기타비유동금융자산 0 0
한국유리공업 002000 기타비유동자산 0 0
한국유리공업 002000 사용권자산 0 0
한국유리공업 002000 이연법인세자산 11,130,138,561 11,664,432,533
한국유리공업 002000 자산총계 622,596,218,526 635,038,511,464
한국유리공업 002000 유동부채 86,657,611,477 93,460,592,460
한국유리공업 002000 단기매입채무 0 0
한국유리공업 002000 단기차입금 0 0
한국유리공업 002000 유동성장기차입금 0 0
한국유리공업 002000 유동성사채 0 0
한국유리공업 002000 기타유동금융부채 0 0
한국유리공업 002000 기타유동부채 0 0
한국유리공업 002000 당기법인세부채 0 0
한국유리공업 002000 유동리스부채 0 0
한국유리공업 002000 비유동부채 14,572,477,382 14,343,863,529
한국유리공업 002000 사채 0 0
한국유리공업 002000 장기차입금 0 0
한국유리공업 002000 기타비유동금융부채 0 0
한국유리공업 002000 이연법인세부채 0 0
한국유리공업 002000 비유동리스부채 0 0
한국유리공업 002000 부채총계 101,230,088,859 107,804,455,989
한국유리공업 002000 자본금 69,882,185,000 69,882,185,000
한국유리공업 002000 자본잉여금 0 0
한국유리공업 002000 자본조정 0 0
한국유리공업 002000 기타포괄손익누계액 0 0
한국유리공업 002000 이익잉여금(결손금) 0 0
한국유리공업 002000 자본총계 521,366,129,667 527,234,055,475
한국유리공업 002000 자본과부채총계 622,596,218,526 635,038,511,464
date : 2017-06-30
한국유리공업 002000 유동자산 201,951,315,268 154,066,255,645
한국유리공업 002000 현금및현금성자산 135,474,083,494 73,997,989,813
한국유리공업 002000 매출채권 18,121,546,275 19,732,927,673
한국유리공업 002000 재고자산 45,400,012,660 44,376,058,948
한국유리공업 002000 기타유동금융자산 0 0
한국유리공업 002000 기타유동자산 0 0
한국유리공업 002000 매각예정비유동자산 33,221,150,127 68,819,422,947
한국유리공업 002000 비유동자산 397,763,070,087 412,152,832,872
한국유리공업 002000 장기금융상품 0 0
한국유리공업 002000 기타포괄손익-공정가치 0 0
한국유리공업 002000 당기손익인식공정가치측정금융자산 0 0
한국유리공업 002000 종속회사투자 0 0
한국유리공업 002000 관계회사투자 0 0
한국유리공업 002000 렌탈자산 0 0
한국유리공업 002000 유형자산 150,814,463,597 154,990,265,401
한국유리공업 002000 무형자산 3,777,320,784 3,929,854,479
한국유리공업 002000 기타비유동금융자산 0 0
한국유리공업 002000 기타비유동자산 0 0
한국유리공업 002000 사용권자산 0 0
한국유리공업 002000 이연법인세자산 1,606,209,045 11,664,432,533
한국유리공업 002000 자산총계 632,935,535,482 635,038,511,464
한국유리공업 002000 유동부채 54,370,809,296 93,460,592,460
한국유리공업 002000 단기매입채무 0 0
한국유리공업 002000 단기차입금 0 0
한국유리공업 002000 유동성장기차입금 0 0
한국유리공업 002000 유동성사채 0 0
한국유리공업 002000 기타유동금융부채 0 0
한국유리공업 002000 기타유동부채 0 0
한국유리공업 002000 당기법인세부채 0 0
한국유리공업 002000 유동리스부채 0 0
한국유리공업 002000 비유동부채 14,864,414,589 14,343,863,529
한국유리공업 002000 사채 0 0
한국유리공업 002000 장기차입금 0 0
한국유리공업 002000 기타비유동금융부채 0 0
한국유리공업 002000 이연법인세부채 0 0
한국유리공업 002000 비유동리스부채 0 0
한국유리공업 002000 부채총계 69,235,223,885 107,804,455,989
한국유리공업 002000 자본금 69,882,185,000 69,882,185,000
한국유리공업 002000 자본잉여금 0 0
한국유리공업 002000 자본조정 0 0
한국유리공업 002000 기타포괄손익누계액 0 0
한국유리공업 002000 이익잉여금(결손금) 0 0
한국유리공업 002000 자본총계 563,700,311,597 527,234,055,475
한국유리공업 002000 자본과부채총계 632,935,535,482 635,038,511,464
date : 2017-09-30
한국유리공업 002000 유동자산 205,540,203,767 154,066,255,645
한국유리공업 002000 현금및현금성자산 136,209,261,727 73,997,989,813
한국유리공업 002000 매출채권 21,119,475,074 19,732,927,673
한국유리공업 002000 재고자산 45,490,938,456 44,376,058,948
한국유리공업 002000 기타유동금융자산 0 0
한국유리공업 002000 기타유동자산 0 0
한국유리공업 002000 매각예정비유동자산 0 0
한국유리공업 002000 비유동자산 394,975,129,597 412,152,832,872
한국유리공업 002000 장기금융상품 0 0
한국유리공업 002000 기타포괄손익-공정가치 0 0
한국유리공업 002000 당기손익인식공정가치측정금융자산 0 0
한국유리공업 002000 종속회사투자 0 0
한국유리공업 002000 관계회사투자 0 0
한국유리공업 002000 렌탈자산 0 0
한국유리공업 002000 유형자산 149,035,191,342 154,990,265,401
한국유리공업 002000 무형자산 3,574,296,100 3,929,854,479
한국유리공업 002000 기타비유동금융자산 0 0
한국유리공업 002000 기타비유동자산 0 0
한국유리공업 002000 사용권자산 0 0
한국유리공업 002000 이연법인세자산 870,665,494 11,664,432,533
한국유리공업 002000 자산총계 633,736,476,491 635,038,511,464
한국유리공업 002000 유동부채 53,134,525,802 93,460,592,460
한국유리공업 002000 단기매입채무 0 0
한국유리공업 002000 단기차입금 0 0
한국유리공업 002000 유동성장기차입금 0 0
한국유리공업 002000 유동성사채 0 0
한국유리공업 002000 기타유동금융부채 0 0
한국유리공업 002000 기타유동부채 0 0
한국유리공업 002000 당기법인세부채 0 0
한국유리공업 002000 유동리스부채 0 0
한국유리공업 002000 비유동부채 15,074,185,440 14,343,863,529
한국유리공업 002000 사채 0 0
한국유리공업 002000 장기차입금 0 0
한국유리공업 002000 기타비유동금융부채 0 0
한국유리공업 002000 이연법인세부채 0 0
한국유리공업 002000 비유동리스부채 0 0
한국유리공업 002000 부채총계 68,208,711,242 107,804,455,989
한국유리공업 002000 자본금 69,882,185,000 69,882,185,000
한국유리공업 002000 자본잉여금 0 0
한국유리공업 002000 자본조정 0 0
한국유리공업 002000 기타포괄손익누계액 0 0
한국유리공업 002000 이익잉여금(결손금) 89,460,681,444 51,186,044,719
한국유리공업 002000 자본총계 565,527,765,249 527,234,055,475
한국유리공업 002000 자본과부채총계 633,736,476,491 635,038,511,464
date : 2017-12-31
한국유리공업 002000 유동자산 351,259,139,662 154,066,255,645
한국유리공업 002000 현금및현금성자산 281,556,062,452 73,997,989,813
한국유리공업 002000 매출채권 18,481,356,823 19,732,927,673
한국유리공업 002000 재고자산 47,887,003,664 44,376,058,948
한국유리공업 002000 기타유동금융자산 0 0
한국유리공업 002000 기타유동자산 0 0
한국유리공업 002000 매각예정비유동자산 0 0
한국유리공업 002000 비유동자산 397,314,609,644 412,152,832,872
한국유리공업 002000 장기금융상품 0 0
한국유리공업 002000 기타포괄손익-공정가치 0 0
한국유리공업 002000 당기손익인식공정가치측정금융자산 0 0
한국유리공업 002000 종속회사투자 0 0
한국유리공업 002000 관계회사투자 0 0
한국유리공업 002000 렌탈자산 0 0
한국유리공업 002000 유형자산 138,128,157,783 154,990,265,401
한국유리공업 002000 무형자산 3,618,596,430 3,929,854,479
한국유리공업 002000 기타비유동금융자산 0 0
한국유리공업 002000 기타비유동자산 0 0
한국유리공업 002000 사용권자산 0 0
한국유리공업 002000 이연법인세자산 0 11,664,432,533
한국유리공업 002000 자산총계 748,573,749,306 635,038,511,464
한국유리공업 002000 유동부채 77,206,139,667 93,460,592,460
한국유리공업 002000 단기매입채무 0 0
한국유리공업 002000 단기차입금 0 0
한국유리공업 002000 유동성장기차입금 0 0
한국유리공업 002000 유동성사채 0 0
한국유리공업 002000 기타유동금융부채 0 0
한국유리공업 002000 기타유동부채 0 0
한국유리공업 002000 당기법인세부채 0 0
한국유리공업 002000 유동리스부채 0 0
한국유리공업 002000 비유동부채 23,472,106,104 14,343,863,529
한국유리공업 002000 사채 0 0
한국유리공업 002000 장기차입금 0 0
한국유리공업 002000 기타비유동금융부채 0 0
한국유리공업 002000 이연법인세부채 11,178,378,937 1,653,661,527
한국유리공업 002000 비유동리스부채 0 0
한국유리공업 002000 부채총계 100,678,245,771 107,804,455,989
한국유리공업 002000 자본금 69,882,185,000 69,882,185,000
한국유리공업 002000 자본잉여금 0 0
한국유리공업 002000 자본조정 0 0
한국유리공업 002000 기타포괄손익누계액 0 0
한국유리공업 002000 이익잉여금(결손금) 162,520,342,813 51,186,044,719
한국유리공업 002000 자본총계 647,895,503,535 527,234,055,475
한국유리공업 002000 자본과부채총계 748,573,749,306 635,038,511,464
date : 2018-03-31
한국유리공업 002000 유동자산 335,215,697,032 351,259,139,662
한국유리공업 002000 현금및현금성자산 263,279,351,014 281,556,062,452
한국유리공업 002000 매출채권 18,031,637,406 18,481,356,823
한국유리공업 002000 재고자산 48,019,290,619 47,887,003,664
한국유리공업 002000 기타유동금융자산 0 0
한국유리공업 002000 기타유동자산 0 0
한국유리공업 002000 매각예정비유동자산 0 0
한국유리공업 002000 비유동자산 393,985,825,019 397,314,609,644
한국유리공업 002000 장기금융상품 0 0
한국유리공업 002000 기타포괄손익-공정가치 0 0
한국유리공업 002000 당기손익인식공정가치측정금융자산 0 0
한국유리공업 002000 종속회사투자 0 0
한국유리공업 002000 관계회사투자 0 0
한국유리공업 002000 렌탈자산 0 0
한국유리공업 002000 유형자산 134,997,728,782 138,128,157,783
한국유리공업 002000 무형자산 3,507,340,806 3,618,596,430
한국유리공업 002000 기타비유동금융자산 0 0
한국유리공업 002000 기타비유동자산 0 0
한국유리공업 002000 사용권자산 0 0
한국유리공업 002000 이연법인세자산 0 0
한국유리공업 002000 자산총계 729,201,522,051 748,573,749,306
한국유리공업 002000 유동부채 66,924,587,799 77,206,139,667
한국유리공업 002000 단기매입채무 0 0
한국유리공업 002000 단기차입금 0 0
한국유리공업 002000 유동성장기차입금 0 0
한국유리공업 002000 유동성사채 0 0
한국유리공업 002000 기타유동금융부채 0 0
한국유리공업 002000 기타유동부채 0 0
한국유리공업 002000 당기법인세부채 0 0
한국유리공업 002000 유동리스부채 0 0
한국유리공업 002000 비유동부채 24,597,549,928 23,472,106,104
한국유리공업 002000 사채 0 0
한국유리공업 002000 장기차입금 0 0
한국유리공업 002000 기타비유동금융부채 0 0
한국유리공업 002000 이연법인세부채 11,580,757,810 11,178,378,937
한국유리공업 002000 비유동리스부채 0 0
한국유리공업 002000 부채총계 91,522,137,727 100,678,245,771
한국유리공업 002000 자본금 69,882,185,000 69,882,185,000
한국유리공업 002000 자본잉여금 0 0
한국유리공업 002000 자본조정 0 0
한국유리공업 002000 기타포괄손익누계액 0 0
한국유리공업 002000 이익잉여금(결손금) 152,095,652,221 162,520,342,813
한국유리공업 002000 자본총계 637,679,384,324 647,895,503,535
한국유리공업 002000 자본과부채총계 729,201,522,051 748,573,749,306
date : 2018-06-30
한국유리공업 002000 유동자산 329,093,688,326 351,259,139,662
한국유리공업 002000 현금및현금성자산 250,694,268,672 281,556,062,452
한국유리공업 002000 매출채권 17,218,440,153 18,481,356,823
한국유리공업 002000 재고자산 52,881,947,665 47,887,003,664
한국유리공업 002000 기타유동금융자산 0 0
한국유리공업 002000 기타유동자산 0 0
한국유리공업 002000 매각예정비유동자산 0 0
한국유리공업 002000 비유동자산 390,659,784,711 397,314,609,644
한국유리공업 002000 장기금융상품 0 0
한국유리공업 002000 기타포괄손익-공정가치 0 0
한국유리공업 002000 당기손익인식공정가치측정금융자산 0 0
한국유리공업 002000 종속회사투자 0 0
한국유리공업 002000 관계회사투자 0 0
한국유리공업 002000 렌탈자산 0 0
한국유리공업 002000 유형자산 131,855,075,501 138,128,157,783
한국유리공업 002000 무형자산 3,304,953,779 3,618,596,430
한국유리공업 002000 기타비유동금융자산 0 0
한국유리공업 002000 기타비유동자산 0 0
한국유리공업 002000 사용권자산 0 0
한국유리공업 002000 이연법인세자산 0 0
한국유리공업 002000 자산총계 719,753,473,037 748,573,749,306
한국유리공업 002000 유동부채 47,134,153,658 77,206,139,667
한국유리공업 002000 단기매입채무 0 0
한국유리공업 002000 단기차입금 0 0
한국유리공업 002000 유동성장기차입금 0 0
한국유리공업 002000 유동성사채 0 0
한국유리공업 002000 기타유동금융부채 0 0
한국유리공업 002000 기타유동부채 0 0
한국유리공업 002000 당기법인세부채 0 0
한국유리공업 002000 유동리스부채 0 0
한국유리공업 002000 비유동부채 25,582,932,793 23,472,106,104
한국유리공업 002000 사채 0 0
한국유리공업 002000 장기차입금 0 0
한국유리공업 002000 기타비유동금융부채 0 0
한국유리공업 002000 이연법인세부채 11,977,323,722 11,178,378,937
한국유리공업 002000 비유동리스부채 0 0
한국유리공업 002000 부채총계 72,717,086,451 100,678,245,771
한국유리공업 002000 자본금 69,882,185,000 69,882,185,000
한국유리공업 002000 자본잉여금 0 0
한국유리공업 002000 자본조정 0 0
한국유리공업 002000 기타포괄손익누계액 0 0
한국유리공업 002000 이익잉여금(결손금) 161,248,515,830 162,520,342,813
한국유리공업 002000 자본총계 647,036,386,586 647,895,503,535
한국유리공업 002000 자본과부채총계 719,753,473,037 748,573,749,306
date : 2018-09-30
한국유리공업 002000 유동자산 89,399,021,209 351,259,139,662
한국유리공업 002000 현금및현금성자산 9,377,991,991 281,556,062,452
한국유리공업 002000 매출채권 17,978,976,111 18,481,356,823
한국유리공업 002000 재고자산 56,648,579,021 47,887,003,664
한국유리공업 002000 기타유동금융자산 0 0
한국유리공업 002000 기타유동자산 0 0
한국유리공업 002000 매각예정비유동자산 0 0
한국유리공업 002000 비유동자산 519,923,789,935 397,314,609,644
한국유리공업 002000 장기금융상품 0 0
한국유리공업 002000 기타포괄손익-공정가치 0 0
한국유리공업 002000 당기손익인식공정가치측정금융자산 0 0
한국유리공업 002000 종속회사투자 0 0
한국유리공업 002000 관계회사투자 0 0
한국유리공업 002000 렌탈자산 0 0
한국유리공업 002000 유형자산 130,349,925,336 138,128,157,783
한국유리공업 002000 무형자산 3,243,250,280 3,618,596,430
한국유리공업 002000 기타비유동금융자산 0 0
한국유리공업 002000 기타비유동자산 0 0
한국유리공업 002000 사용권자산 0 0
한국유리공업 002000 이연법인세자산 0 0
한국유리공업 002000 자산총계 609,322,811,144 748,573,749,306
한국유리공업 002000 유동부채 44,324,453,174 77,206,139,667
한국유리공업 002000 단기매입채무 0 0
한국유리공업 002000 단기차입금 0 0
한국유리공업 002000 유동성장기차입금 0 0
한국유리공업 002000 유동성사채 0 0
한국유리공업 002000 기타유동금융부채 0 0
한국유리공업 002000 기타유동부채 0 0
한국유리공업 002000 당기법인세부채 0 0
한국유리공업 002000 유동리스부채 0 0
한국유리공업 002000 비유동부채 24,669,076,174 23,472,106,104
한국유리공업 002000 사채 0 0
한국유리공업 002000 장기차입금 0 0
한국유리공업 002000 기타비유동금융부채 0 0
한국유리공업 002000 이연법인세부채 12,450,628,959 11,178,378,937
한국유리공업 002000 비유동리스부채 0 0
한국유리공업 002000 부채총계 68,993,529,348 100,678,245,771
한국유리공업 002000 자본금 69,882,185,000 69,882,185,000
한국유리공업 002000 자본잉여금 0 0
한국유리공업 002000 자본조정 0 0
한국유리공업 002000 기타포괄손익누계액 0 0
한국유리공업 002000 이익잉여금(결손금) 163,539,274,915 162,520,342,813
한국유리공업 002000 자본총계 540,329,281,796 647,895,503,535
한국유리공업 002000 자본과부채총계 609,322,811,144 748,573,749,306
