date : 2019-03-31
삼일기업공사 002290 유동자산 55,602,491,163 52,881,080,391
삼일기업공사 002290 현금및현금성자산 40,539,095,918 19,227,048,908
삼일기업공사 002290 기타유동자산 297,590,036 147,859,561
삼일기업공사 002290 재고자산 2,497,162,096 2,510,474,996
삼일기업공사 002290 비유동자산 8,876,691,779 8,896,216,145
삼일기업공사 002290 유형자산 4,086,971,444 4,106,246,207
삼일기업공사 002290 무형자산 440,388,110 440,388,110
삼일기업공사 002290 이연법인세자산 177,763,175 178,012,778
삼일기업공사 002290 자산총계 64,479,182,942 61,777,296,536
삼일기업공사 002290 유동부채 7,198,358,999 4,240,075,637
삼일기업공사 002290 당기법인세부채 683,467,872 453,998,589
삼일기업공사 002290 기타유동부채 1,580,407,784 153,855,226
삼일기업공사 002290 비유동부채 745,855,182 764,862,994
삼일기업공사 002290 부채총계 7,944,214,181 5,004,938,631
삼일기업공사 002290 자본금 6,200,000,000 6,200,000,000
삼일기업공사 002290 이익잉여금(결손금) 50,334,968,761 50,572,357,905
삼일기업공사 002290 자본총계 56,534,968,761 56,772,357,905
삼일기업공사 002290 자본과부채총계 64,479,182,942 61,777,296,536
