date : 2019-03-31
한일철강 002220 유동자산 77,156,816,207 60,237,409,926
한일철강 002220 현금및현금성자산 7,888,269,580 4,007,951,530
한일철강 002220 매출채권 및 기타유동채권
한일철강 002220 기타유동자산 457,551,980 364,678,584
한일철강 002220 재고자산 29,771,654,486 29,178,238,058
한일철강 002220 비유동자산 242,047,400,265 242,242,592,911
한일철강 002220 장기금융상품 375,000,000 342,000,000
한일철강 002220 기타포괄손익-공정가치 측정 금융자산
한일철강 002220 기타비유동금융자산 329,192,020 329,192,020
한일철강 002220 유형자산 95,541,775,204 95,718,753,596
한일철강 002220 무형자산 367,920,000 367,920,000
한일철강 002220 자산총계 319,204,216,472 302,480,002,837
한일철강 002220 유동부채 89,547,228,110 91,161,818,929
한일철강 002220 단기차입금 63,201,021,200 71,589,811,400
한일철강 002220 기타유동금융부채 1,897,911,570 1,855,557,352
한일철강 002220 기타유동부채 2,007,868,213 1,667,506,011
한일철강 002220 비유동부채 73,682,732,008 53,233,563,541
한일철강 002220 장기차입금 32,657,070,000 12,577,240,000
한일철강 002220 이연법인세부채 33,654,110,337 33,654,110,337
한일철강 002220 부채총계 163,229,960,118 144,395,382,470
한일철강 002220 자본금 11,161,165,000 11,161,165,000
한일철강 002220 이익잉여금(결손금) 139,448,307,308 141,542,817,041
한일철강 002220 자본총계 155,974,256,354 158,084,620,367
한일철강 002220 자본과부채총계 319,204,216,472 302,480,002,837
