date : 2019-03-31
피에스텍 002230 유동자산 97,817,952,118 107,713,795,003
피에스텍 002230 현금및현금성자산 15,768,155,210 31,760,226,485
피에스텍 002230 기타유동금융자산 50,571,077,404 49,780,845,488
피에스텍 002230 매출채권 및 기타유동채권
피에스텍 002230 기타유동자산 1,067,988,592 954,671,241
피에스텍 002230 재고자산 8,824,539,621 8,281,017,694
피에스텍 002230 비유동자산 68,862,790,314 56,056,439,872
피에스텍 002230 장기금융상품 0 0
피에스텍 002230 기타비유동금융자산 41,824,135,565 28,302,452,052
피에스텍 002230 기타포괄손익-공정가치 측정 금융자산
피에스텍 002230 유형자산 12,888,625,626 12,980,763,979
피에스텍 002230 무형자산 1,196,231,347 1,255,735,328
피에스텍 002230 기타비유동자산 363,038,000 364,604,000
피에스텍 002230 이연법인세자산 1,572,645,676 2,134,770,413
피에스텍 002230 자산총계 166,680,742,432 163,770,234,875
피에스텍 002230 유동부채 8,658,098,288 6,840,971,355
피에스텍 002230 단기차입금 500,000,000 500,000,000
피에스텍 002230 유동성장기차입금 0 0
피에스텍 002230 기타유동부채 1,205,930,676 1,573,479,670
피에스텍 002230 당기법인세부채 724,637,076 664,484,178
피에스텍 002230 비유동부채 14,269,844,661 14,258,447,023
피에스텍 002230 장기차입금 7,000,000,000 7,000,000,000
피에스텍 002230 이연법인세부채 0 0
피에스텍 002230 부채총계 22,927,942,949 21,099,418,378
피에스텍 002230 자본금 9,834,621,500 9,834,621,500
피에스텍 002230 자본잉여금 18,802,747,765 18,802,747,765
피에스텍 002230 이익잉여금(결손금) 116,219,175,930 115,137,192,944
피에스텍 002230 자본총계 143,752,799,483 142,670,816,497
피에스텍 002230 자본과부채총계 166,680,742,432 163,770,234,875
