date : 2019-03-31
넥센타이어 002350 유동자산 789,823,694,800 771,852,337,668
넥센타이어 002350 현금및현금성자산 8,471,272,903 28,386,998,632
넥센타이어 002350 매출채권 470,723,986,702 435,283,196,484
넥센타이어 002350 기타유동자산 20,555,939,020 12,118,118,155
넥센타이어 002350 재고자산 143,467,157,817 148,519,821,102
넥센타이어 002350 비유동자산 1,794,431,954,825 1,747,511,039,847
넥센타이어 002350 기타포괄손익-공정가치 금융자산 33,608,856,485
넥센타이어 002350 유형자산 1,273,705,721,984 1,263,036,065,979
넥센타이어 002350 무형자산 12,811,196,531 11,676,877,737
넥센타이어 002350 이연법인세자산 8,222,906,387 5,841,717,849
넥센타이어 002350 자산총계 2,584,255,649,625 2,519,363,377,515
넥센타이어 002350 유동부채 482,375,006,249 444,405,213,157
넥센타이어 002350 당기법인세부채 32,143,201,728 22,589,420,318
넥센타이어 002350 기타유동부채 30,400,957,252 28,934,306,671
넥센타이어 002350 비유동부채 673,721,383,764 672,024,872,777
넥센타이어 002350 부채총계 1,156,096,390,013 1,116,430,085,934
넥센타이어 002350 자본금 54,083,938,500 54,083,938,500
넥센타이어 002350 기타포괄손익누계액 -164,815,794 -393,697,675
넥센타이어 002350 자본총계 1,428,159,259,612 1,402,933,291,581
넥센타이어 002350 자본과부채총계 2,584,255,649,625 2,519,363,377,515
