date : 2019-03-31
아세아제지 002310 유동자산 164,948,432,980 176,689,525,235
아세아제지 002310 현금및현금성자산 47,691,331,555 59,540,955,506
아세아제지 002310 매출채권 및 기타유동채권
아세아제지 002310 재고자산 48,325,076,527 44,292,726,174
아세아제지 002310 비유동자산 488,235,507,907 454,621,372,270
아세아제지 002310 장기금융상품 343,341,600 322,351,500
아세아제지 002310 기타포괄손익-공정가치 측정 금융자산
아세아제지 002310 유형자산 259,224,719,903 248,961,940,207
아세아제지 002310 무형자산 2,321,966,600 2,321,966,600
아세아제지 002310 사용권자산 299,798,376 0
아세아제지 002310 자산총계 653,183,940,887 631,310,897,505
아세아제지 002310 유동부채 68,610,532,587 56,396,701,627
아세아제지 002310 단기차입금 3,738,207,134 385,827,696
아세아제지 002310 유동성장기차입금 4,542,660,000 4,018,260,000
아세아제지 002310 당기법인세부채 21,630,074,679 18,279,281,903
아세아제지 002310 비유동부채 53,352,033,479 48,571,758,943
아세아제지 002310 장기차입금 23,779,790,000 25,082,290,000
아세아제지 002310 이연법인세부채 20,849,855,501 20,635,412,828
아세아제지 002310 부채총계 121,962,566,066 104,968,460,570
아세아제지 002310 자본금 44,782,510,000 44,782,510,000
아세아제지 002310 이익잉여금(결손금) 259,573,646,767 254,694,708,881
아세아제지 002310 자본총계 531,221,374,821 526,342,436,935
아세아제지 002310 자본과부채총계 653,183,940,887 631,310,897,505
