date : 2019-03-31
화성산업 002460 유동자산 440,088,250,495 448,396,176,300
화성산업 002460 현금및현금성자산 52,606,507,153 131,918,897,677
화성산업 002460 매출채권 및 기타유동채권
화성산업 002460 기타포괄손익-공정가치 측정 금융자산
화성산업 002460 기타유동금융자산 12,148,444,607 1,056,279,728
화성산업 002460 기타유동자산 5,128,605,966 4,050,127,134
화성산업 002460 재고자산 211,049,985,875 210,989,998,179
화성산업 002460 비유동자산 189,563,020,269 192,465,185,680
화성산업 002460 기타포괄손익-공정가치 측정 금융자산
화성산업 002460 유형자산 52,108,804,069 52,478,948,675
화성산업 002460 기타비유동금융자산 16,206,256,350 16,900,476,350
화성산업 002460 기타비유동자산 1,434,346,196 1,507,279,052
화성산업 002460 이연법인세자산 9,888,271,266 9,130,486,330
화성산업 002460 자산총계 629,651,270,764 640,861,361,980
화성산업 002460 유동부채 205,833,607,995 157,217,586,289
화성산업 002460 기타유동금융부채 29,624,264,937 20,334,895,515
화성산업 002460 기타유동부채 120,102,901,006 66,518,542,191
화성산업 002460 당기법인세부채 12,658,365,202 11,462,523,559
화성산업 002460 비유동부채 58,519,284,402 108,850,346,848
화성산업 002460 장기차입금 11,064,000,000 11,064,000,000
화성산업 002460 기타비유동금융부채 3,506,950,281 1,034,616,939
화성산업 002460 부채총계 264,352,892,397 266,067,933,137
화성산업 002460 자본금 62,254,000,000 62,254,000,000
화성산업 002460 이익잉여금(결손금) 265,818,074,766 274,841,962,729
화성산업 002460 자본총계 365,298,378,367 374,793,428,843
화성산업 002460 자본과부채총계 629,651,270,764 640,861,361,980
