date : 2015-12-31
세기상사 002420 유동자산 3,483,433,905 4,464,195,185
세기상사 002420 현금및현금성자산 517,797,238 433,090,833
세기상사 002420 매출채권 142,763,055 311,014,988
세기상사 002420 재고자산 14,120,280 11,753,135
세기상사 002420 기타유동금융자산 0 0
세기상사 002420 기타유동자산 0 0
세기상사 002420 매각예정비유동자산 0 0
세기상사 002420 비유동자산 40,955,214,508 41,341,088,988
세기상사 002420 장기금융상품 5,500,000 5,500,000
세기상사 002420 기타포괄손익-공정가치 0 0
세기상사 002420 당기손익인식공정가치측정금융자산 0 0
세기상사 002420 종속회사투자 0 0
세기상사 002420 관계회사투자 0 0
세기상사 002420 렌탈자산 0 0
세기상사 002420 유형자산 40,758,464,508 41,171,838,988
세기상사 002420 무형자산 0 0
세기상사 002420 기타비유동금융자산 0 0
세기상사 002420 기타비유동자산 0 0
세기상사 002420 사용권자산 0 0
세기상사 002420 이연법인세자산 0 0
세기상사 002420 자산총계 44,438,648,413 45,805,284,173
세기상사 002420 유동부채 4,452,343,107 13,530,140,593
세기상사 002420 단기매입채무 0 0
세기상사 002420 단기차입금 3,250,000,000 3,250,000,000
세기상사 002420 유동성장기차입금 0 9,000,000,000
세기상사 002420 유동성사채 0 0
세기상사 002420 기타유동금융부채 0 0
세기상사 002420 기타유동부채 0 0
세기상사 002420 당기법인세부채 0 0
세기상사 002420 유동리스부채 0 0
세기상사 002420 비유동부채 14,990,547,992 5,977,770,263
세기상사 002420 사채 0 0
세기상사 002420 장기차입금 9,000,000,000 0
세기상사 002420 기타비유동금융부채 0 0
세기상사 002420 이연법인세부채 4,787,750,602 4,787,750,602
세기상사 002420 비유동리스부채 0 0
세기상사 002420 부채총계 19,442,891,099 19,507,910,856
세기상사 002420 자본금 2,037,960,000 2,037,960,000
세기상사 002420 자본잉여금 0 0
세기상사 002420 자본조정 0 0
세기상사 002420 기타포괄손익누계액 16,974,752,129 16,974,752,129
세기상사 002420 이익잉여금(결손금) -1,804,592,309 -502,976,306
세기상사 002420 자본총계 24,995,757,314 26,297,373,317
세기상사 002420 자본과부채총계 0 0
date : 2016-03-31
세기상사 002420 유동자산 3,214,168,990 3,483,433,905
세기상사 002420 현금및현금성자산 226,827,583 517,797,238
세기상사 002420 매출채권 128,194,339 142,763,055
세기상사 002420 재고자산 23,305,965 14,120,280
세기상사 002420 기타유동금융자산 0 0
세기상사 002420 기타유동자산 0 0
세기상사 002420 매각예정비유동자산 0 0
세기상사 002420 비유동자산 40,855,170,247 40,955,214,508
세기상사 002420 장기금융상품 5,500,000 5,500,000
세기상사 002420 기타포괄손익-공정가치 0 0
세기상사 002420 당기손익인식공정가치측정금융자산 0 0
세기상사 002420 종속회사투자 0 0
세기상사 002420 관계회사투자 0 0
세기상사 002420 렌탈자산 0 0
세기상사 002420 유형자산 40,658,420,247 40,758,464,508
세기상사 002420 무형자산 0 0
세기상사 002420 기타비유동금융자산 0 0
세기상사 002420 기타비유동자산 0 0
세기상사 002420 사용권자산 0 0
세기상사 002420 이연법인세자산 0 0
세기상사 002420 자산총계 44,069,339,237 44,438,648,413
세기상사 002420 유동부채 4,327,552,723 4,452,343,107
세기상사 002420 단기매입채무 0 0
세기상사 002420 단기차입금 3,250,000,000 3,250,000,000
세기상사 002420 유동성장기차입금 0 0
세기상사 002420 유동성사채 0 0
세기상사 002420 기타유동금융부채 0 0
세기상사 002420 기타유동부채 0 0
세기상사 002420 당기법인세부채 0 0
세기상사 002420 유동리스부채 0 0
세기상사 002420 비유동부채 15,013,972,063 14,990,547,992
세기상사 002420 사채 0 0
세기상사 002420 장기차입금 9,000,000,000 9,000,000,000
세기상사 002420 기타비유동금융부채 0 0
세기상사 002420 이연법인세부채 4,787,750,602 4,787,750,602
세기상사 002420 비유동리스부채 0 0
세기상사 002420 부채총계 19,341,524,786 19,442,891,099
세기상사 002420 자본금 2,037,960,000 2,037,960,000
세기상사 002420 자본잉여금 0 0
세기상사 002420 자본조정 0 0
세기상사 002420 기타포괄손익누계액 16,974,752,129 16,974,752,129
세기상사 002420 이익잉여금(결손금) -2,072,535,172 -1,804,592,309
세기상사 002420 자본총계 24,727,814,451 24,995,757,314
세기상사 002420 자본과부채총계 0 0
date : 2016-06-30
세기상사 002420 유동자산 3,010,522,765 3,483,433,905
세기상사 002420 현금및현금성자산 225,785,652 517,797,238
세기상사 002420 매출채권 128,419,619 142,763,055
세기상사 002420 재고자산 11,727,507 14,120,280
세기상사 002420 기타유동금융자산 0 0
세기상사 002420 기타유동자산 0 0
세기상사 002420 매각예정비유동자산 0 0
세기상사 002420 비유동자산 40,734,152,040 40,955,214,508
세기상사 002420 장기금융상품 5,500,000 5,500,000
세기상사 002420 기타포괄손익-공정가치 0 0
세기상사 002420 당기손익인식공정가치측정금융자산 0 0
세기상사 002420 종속회사투자 0 0
세기상사 002420 관계회사투자 0 0
세기상사 002420 렌탈자산 0 0
세기상사 002420 유형자산 40,551,152,040 40,758,464,508
세기상사 002420 무형자산 0 0
세기상사 002420 기타비유동금융자산 0 0
세기상사 002420 기타비유동자산 0 0
세기상사 002420 사용권자산 0 0
세기상사 002420 이연법인세자산 0 0
세기상사 002420 자산총계 43,744,674,805 44,438,648,413
세기상사 002420 유동부채 13,334,846,069 4,452,343,107
세기상사 002420 단기매입채무 0 0
세기상사 002420 단기차입금 3,250,000,000 3,250,000,000
세기상사 002420 유동성장기차입금 9,000,000,000 0
세기상사 002420 유동성사채 0 0
세기상사 002420 기타유동금융부채 0 0
세기상사 002420 기타유동부채 0 0
세기상사 002420 당기법인세부채 0 0
세기상사 002420 유동리스부채 0 0
세기상사 002420 비유동부채 6,019,688,529 14,990,547,992
세기상사 002420 사채 0 0
세기상사 002420 장기차입금 0 9,000,000,000
세기상사 002420 기타비유동금융부채 0 0
세기상사 002420 이연법인세부채 4,787,750,602 4,787,750,602
세기상사 002420 비유동리스부채 0 0
세기상사 002420 부채총계 19,354,534,598 19,442,891,099
세기상사 002420 자본금 2,037,960,000 2,037,960,000
세기상사 002420 자본잉여금 0 0
세기상사 002420 자본조정 0 0
세기상사 002420 기타포괄손익누계액 16,974,752,129 16,974,752,129
세기상사 002420 이익잉여금(결손금) -2,410,209,416 -1,804,592,309
세기상사 002420 자본총계 24,390,140,207 24,995,757,314
세기상사 002420 자본과부채총계 0 0
date : 2016-09-30
세기상사 002420 유동자산 2,942,213,716 3,483,433,905
세기상사 002420 현금및현금성자산 289,846,075 517,797,238
세기상사 002420 매출채권 192,564,000 142,763,055
세기상사 002420 재고자산 22,494,846 14,120,280
세기상사 002420 기타유동금융자산 0 0
세기상사 002420 기타유동자산 0 0
세기상사 002420 매각예정비유동자산 0 0
세기상사 002420 비유동자산 40,595,463,979 40,955,214,508
세기상사 002420 장기금융상품 5,500,000 5,500,000
세기상사 002420 기타포괄손익-공정가치 0 0
세기상사 002420 당기손익인식공정가치측정금융자산 0 0
세기상사 002420 종속회사투자 0 0
세기상사 002420 관계회사투자 0 0
세기상사 002420 렌탈자산 0 0
세기상사 002420 유형자산 40,412,463,979 40,758,464,508
세기상사 002420 무형자산 0 0
세기상사 002420 기타비유동금융자산 0 0
세기상사 002420 기타비유동자산 0 0
세기상사 002420 사용권자산 0 0
세기상사 002420 이연법인세자산 0 0
세기상사 002420 자산총계 43,537,677,695 44,438,648,413
세기상사 002420 유동부채 13,460,122,540 4,452,343,107
세기상사 002420 단기매입채무 0 0
세기상사 002420 단기차입금 3,250,000,000 3,250,000,000
세기상사 002420 유동성장기차입금 9,000,000,000 0
세기상사 002420 유동성사채 0 0
세기상사 002420 기타유동금융부채 0 0
세기상사 002420 기타유동부채 0 0
세기상사 002420 당기법인세부채 0 0
세기상사 002420 유동리스부채 0 0
세기상사 002420 비유동부채 6,021,772,130 14,990,547,992
세기상사 002420 사채 0 0
세기상사 002420 장기차입금 0 9,000,000,000
세기상사 002420 기타비유동금융부채 0 0
세기상사 002420 이연법인세부채 4,787,750,602 4,787,750,602
세기상사 002420 비유동리스부채 0 0
세기상사 002420 부채총계 19,481,894,670 19,442,891,099
세기상사 002420 자본금 2,037,960,000 2,037,960,000
세기상사 002420 자본잉여금 0 0
세기상사 002420 자본조정 0 0
세기상사 002420 기타포괄손익누계액 16,974,752,129 16,974,752,129
세기상사 002420 이익잉여금(결손금) -2,744,566,598 -1,804,592,309
세기상사 002420 자본총계 24,055,783,025 24,995,757,314
세기상사 002420 자본과부채총계 0 0
date : 2016-12-31
세기상사 002420 유동자산 2,722,029,656 3,483,433,905
세기상사 002420 현금및현금성자산 985,781,743 517,797,238
세기상사 002420 매출채권 163,275,079 142,763,055
세기상사 002420 재고자산 14,155,184 14,120,280
세기상사 002420 기타유동금융자산 0 0
세기상사 002420 기타유동자산 0 0
세기상사 002420 매각예정비유동자산 0 0
세기상사 002420 비유동자산 40,486,642,879 40,955,214,508
세기상사 002420 장기금융상품 5,500,000 5,500,000
세기상사 002420 기타포괄손익-공정가치 0 0
세기상사 002420 당기손익인식공정가치측정금융자산 0 0
세기상사 002420 종속회사투자 0 0
세기상사 002420 관계회사투자 0 0
세기상사 002420 렌탈자산 0 0
세기상사 002420 유형자산 40,317,392,879 40,758,464,508
세기상사 002420 무형자산 0 0
세기상사 002420 기타비유동금융자산 0 0
세기상사 002420 기타비유동자산 0 0
세기상사 002420 사용권자산 0 0
세기상사 002420 이연법인세자산 0 0
세기상사 002420 자산총계 43,208,672,535 44,438,648,413
세기상사 002420 유동부채 13,351,243,678 4,452,343,107
세기상사 002420 단기매입채무 0 0
세기상사 002420 단기차입금 3,250,000,000 3,250,000,000
세기상사 002420 유동성장기차입금 9,000,000,000 0
세기상사 002420 유동성사채 0 0
세기상사 002420 기타유동금융부채 0 0
세기상사 002420 기타유동부채 0 0
세기상사 002420 당기법인세부채 0 0
세기상사 002420 유동리스부채 0 0
세기상사 002420 비유동부채 6,288,090,693 14,990,547,992
세기상사 002420 사채 0 0
세기상사 002420 장기차입금 0 9,000,000,000
세기상사 002420 기타비유동금융부채 0 0
세기상사 002420 이연법인세부채 4,787,750,602 4,787,750,602
세기상사 002420 비유동리스부채 0 0
세기상사 002420 부채총계 19,639,334,371 19,442,891,099
세기상사 002420 자본금 2,037,960,000 2,037,960,000
세기상사 002420 자본잉여금 0 0
세기상사 002420 자본조정 0 0
세기상사 002420 기타포괄손익누계액 16,974,752,129 16,974,752,129
세기상사 002420 이익잉여금(결손금) -3,231,011,459 -1,804,592,309
세기상사 002420 자본총계 23,569,338,164 24,995,757,314
세기상사 002420 자본과부채총계 0 0
date : 2017-03-31
세기상사 002420 유동자산 4,052,377,222 2,722,029,656
세기상사 002420 현금및현금성자산 2,358,645,131 985,781,743
세기상사 002420 매출채권 203,530,601 163,275,079
세기상사 002420 재고자산 14,546,876 14,155,184
세기상사 002420 기타유동금융자산 0 0
세기상사 002420 기타유동자산 0 0
세기상사 002420 매각예정비유동자산 0 0
세기상사 002420 비유동자산 41,181,418,060 40,486,642,879
세기상사 002420 장기금융상품 5,500,000 5,500,000
세기상사 002420 기타포괄손익-공정가치 0 0
세기상사 002420 당기손익인식공정가치측정금융자산 0 0
세기상사 002420 종속회사투자 0 0
세기상사 002420 관계회사투자 0 0
세기상사 002420 렌탈자산 0 0
세기상사 002420 유형자산 41,052,168,060 40,317,392,879
세기상사 002420 무형자산 0 0
세기상사 002420 기타비유동금융자산 0 0
세기상사 002420 기타비유동자산 0 0
세기상사 002420 사용권자산 0 0
세기상사 002420 이연법인세자산 0 0
세기상사 002420 자산총계 45,233,795,282 43,208,672,535
세기상사 002420 유동부채 15,058,495,930 13,351,243,678
세기상사 002420 단기매입채무 0 0
세기상사 002420 단기차입금 3,250,000,000 3,250,000,000
세기상사 002420 유동성장기차입금 9,000,000,000 9,000,000,000
세기상사 002420 유동성사채 0 0
세기상사 002420 기타유동금융부채 0 0
세기상사 002420 기타유동부채 0 0
세기상사 002420 당기법인세부채 0 0
세기상사 002420 유동리스부채 0 0
세기상사 002420 비유동부채 6,097,782,877 6,288,090,693
세기상사 002420 사채 0 0
세기상사 002420 장기차입금 0 0
세기상사 002420 기타비유동금융부채 0 0
세기상사 002420 이연법인세부채 4,787,750,602 4,787,750,602
세기상사 002420 비유동리스부채 0 0
세기상사 002420 부채총계 21,156,278,807 19,639,334,371
세기상사 002420 자본금 2,037,960,000 2,037,960,000
세기상사 002420 자본잉여금 0 0
세기상사 002420 자본조정 0 0
세기상사 002420 기타포괄손익누계액 16,974,752,129 16,974,752,129
세기상사 002420 이익잉여금(결손금) -2,722,833,148 -3,231,011,459
세기상사 002420 자본총계 24,077,516,475 23,569,338,164
세기상사 002420 자본과부채총계 0 0
date : 2017-06-30
세기상사 002420 유동자산 2,235,847,346 2,722,029,656
세기상사 002420 현금및현금성자산 242,151,663 985,781,743
세기상사 002420 매출채권 287,100,987 163,275,079
세기상사 002420 재고자산 14,507,764 14,155,184
세기상사 002420 기타유동금융자산 0 0
세기상사 002420 기타유동자산 0 0
세기상사 002420 매각예정비유동자산 0 0
세기상사 002420 비유동자산 41,128,470,676 40,486,642,879
세기상사 002420 장기금융상품 5,500,000 5,500,000
세기상사 002420 기타포괄손익-공정가치 0 0
세기상사 002420 당기손익인식공정가치측정금융자산 0 0
세기상사 002420 종속회사투자 0 0
세기상사 002420 관계회사투자 0 0
세기상사 002420 렌탈자산 0 0
세기상사 002420 유형자산 40,999,220,676 40,317,392,879
세기상사 002420 무형자산 0 0
세기상사 002420 기타비유동금융자산 0 0
세기상사 002420 기타비유동자산 0 0
세기상사 002420 사용권자산 0 0
세기상사 002420 이연법인세자산 0 0
세기상사 002420 자산총계 43,364,318,022 43,208,672,535
세기상사 002420 유동부채 13,369,358,847 13,351,243,678
세기상사 002420 단기매입채무 0 0
세기상사 002420 단기차입금 12,250,000,000 3,250,000,000
세기상사 002420 유동성장기차입금 0 9,000,000,000
세기상사 002420 유동성사채 0 0
세기상사 002420 기타유동금융부채 0 0
세기상사 002420 기타유동부채 0 0
세기상사 002420 당기법인세부채 0 0
세기상사 002420 유동리스부채 0 0
세기상사 002420 비유동부채 6,056,220,536 6,288,090,693
세기상사 002420 사채 0 0
세기상사 002420 장기차입금 0 0
세기상사 002420 기타비유동금융부채 0 0
세기상사 002420 이연법인세부채 4,787,750,602 4,787,750,602
세기상사 002420 비유동리스부채 0 0
세기상사 002420 부채총계 19,425,579,383 19,639,334,371
세기상사 002420 자본금 2,037,960,000 2,037,960,000
세기상사 002420 자본잉여금 0 0
세기상사 002420 자본조정 0 0
세기상사 002420 기타포괄손익누계액 16,974,752,129 16,974,752,129
세기상사 002420 이익잉여금(결손금) -2,861,610,984 -3,231,011,459
세기상사 002420 자본총계 23,938,738,639 23,569,338,164
세기상사 002420 자본과부채총계 0 0
date : 2017-09-30
세기상사 002420 유동자산 2,419,553,920 2,722,029,656
세기상사 002420 현금및현금성자산 857,026,191 985,781,743
세기상사 002420 매출채권 및 기타유동채권
세기상사 002420 재고자산 29,888,726 14,155,184
세기상사 002420 기타유동금융자산 0 0
세기상사 002420 기타유동자산 0 0
세기상사 002420 매각예정비유동자산 0 0
세기상사 002420 비유동자산 41,003,143,916 40,486,642,879
세기상사 002420 장기금융상품 5,500,000 5,500,000
세기상사 002420 기타포괄손익-공정가치 0 0
세기상사 002420 당기손익인식공정가치측정금융자산 0 0
세기상사 002420 종속회사투자 0 0
세기상사 002420 관계회사투자 0 0
세기상사 002420 렌탈자산 0 0
세기상사 002420 유형자산 40,869,993,916 40,317,392,879
세기상사 002420 무형자산 0 0
세기상사 002420 기타비유동금융자산 0 0
세기상사 002420 기타비유동자산 127,650,000 123,750,000
세기상사 002420 사용권자산 0 0
세기상사 002420 이연법인세자산 0 0
세기상사 002420 자산총계 43,422,697,836 43,208,672,535
세기상사 002420 유동부채 13,606,009,201 13,351,243,678
세기상사 002420 단기매입채무 0 0
세기상사 002420 단기차입금 12,250,000,000 3,250,000,000
세기상사 002420 유동성장기차입금 0 9,000,000,000
세기상사 002420 유동성사채 0 0
세기상사 002420 기타유동금융부채 0 0
세기상사 002420 기타유동부채 22,420,111 19,167,190
세기상사 002420 당기법인세부채 0 0
세기상사 002420 유동리스부채 0 0
세기상사 002420 비유동부채 6,012,203,607 6,288,090,693
세기상사 002420 사채 0 0
세기상사 002420 장기차입금 0 0
세기상사 002420 기타비유동금융부채 0 0
세기상사 002420 이연법인세부채 4,787,750,602 4,787,750,602
세기상사 002420 비유동리스부채 0 0
세기상사 002420 부채총계 19,618,212,808 19,639,334,371
세기상사 002420 자본금 2,037,960,000 2,037,960,000
세기상사 002420 자본잉여금 0 0
세기상사 002420 자본조정 0 0
세기상사 002420 기타포괄손익누계액 0 0
세기상사 002420 이익잉여금(결손금) -2,995,864,595 -3,231,011,459
세기상사 002420 자본총계 23,804,485,028 23,569,338,164
세기상사 002420 자본과부채총계 43,422,697,836 43,208,672,535
date : 2017-12-31
세기상사 002420 유동자산 2,034,860,337 2,722,029,656
세기상사 002420 현금및현금성자산 158,657,605 985,781,743
세기상사 002420 매출채권 및 기타유동채권
세기상사 002420 재고자산 22,820,314 14,155,184
세기상사 002420 기타유동금융자산 0 0
세기상사 002420 기타유동자산 0 0
세기상사 002420 매각예정비유동자산 0 0
세기상사 002420 비유동자산 41,004,003,614 40,486,642,879
세기상사 002420 장기금융상품 5,500,000 5,500,000
세기상사 002420 기타포괄손익-공정가치 0 0
세기상사 002420 당기손익인식공정가치측정금융자산 0 0
세기상사 002420 종속회사투자 0 0
세기상사 002420 관계회사투자 0 0
세기상사 002420 렌탈자산 0 0
세기상사 002420 유형자산 40,897,453,614 40,317,392,879
세기상사 002420 무형자산 0 0
세기상사 002420 기타비유동금융자산 0 0
세기상사 002420 기타비유동자산 101,050,000 123,750,000
세기상사 002420 사용권자산 0 0
세기상사 002420 이연법인세자산 0 0
세기상사 002420 자산총계 43,038,863,951 43,208,672,535
세기상사 002420 유동부채 13,403,978,341 13,351,243,678
세기상사 002420 단기매입채무 0 0
세기상사 002420 단기차입금 12,250,000,000 3,250,000,000
세기상사 002420 유동성장기차입금 0 9,000,000,000
세기상사 002420 유동성사채 0 0
세기상사 002420 기타유동금융부채 0 0
세기상사 002420 기타유동부채 21,697,552 19,167,190
세기상사 002420 당기법인세부채 0 0
세기상사 002420 유동리스부채 0 0
세기상사 002420 비유동부채 5,955,904,882 6,288,090,693
세기상사 002420 사채 0 0
세기상사 002420 장기차입금 0 0
세기상사 002420 기타비유동금융부채 0 0
세기상사 002420 이연법인세부채 4,774,806,902 4,787,750,602
세기상사 002420 비유동리스부채 0 0
세기상사 002420 부채총계 19,359,883,223 19,639,334,371
세기상사 002420 자본금 2,037,960,000 2,037,960,000
세기상사 002420 자본잉여금 0 0
세기상사 002420 자본조정 0 0
세기상사 002420 기타포괄손익누계액 0 0
세기상사 002420 이익잉여금(결손금) -3,062,533,895 -3,231,011,459
세기상사 002420 자본총계 23,678,980,728 23,569,338,164
세기상사 002420 자본과부채총계 43,038,863,951 43,208,672,535
date : 2018-03-31
세기상사 002420 유동자산 1,860,792,024 2,034,860,337
세기상사 002420 현금및현금성자산 867,379,903 158,657,605
세기상사 002420 매출채권 및 기타유동채권
세기상사 002420 재고자산 22,258,166 22,820,314
세기상사 002420 기타유동금융자산 0 0
세기상사 002420 기타유동자산 0 0
세기상사 002420 매각예정비유동자산 0 0
세기상사 002420 비유동자산 40,955,851,269 41,004,003,614
세기상사 002420 장기금융상품 5,500,000 5,500,000
세기상사 002420 기타포괄손익-공정가치 0 0
세기상사 002420 당기손익인식공정가치측정금융자산 0 0
세기상사 002420 종속회사투자 0 0
세기상사 002420 관계회사투자 0 0
세기상사 002420 렌탈자산 0 0
세기상사 002420 유형자산 40,814,501,269 40,897,453,614
세기상사 002420 무형자산 0 0
세기상사 002420 기타비유동금융자산 0 0
세기상사 002420 기타비유동자산 135,850,000 101,050,000
세기상사 002420 사용권자산 0 0
세기상사 002420 이연법인세자산 0 0
세기상사 002420 자산총계 42,816,643,293 43,038,863,951
세기상사 002420 유동부채 13,369,112,995 13,403,978,341
세기상사 002420 단기매입채무 0 0
세기상사 002420 단기차입금 12,250,000,000 12,250,000,000
세기상사 002420 유동성장기차입금 0 0
세기상사 002420 유동성사채 0 0
세기상사 002420 기타유동금융부채 0 0
세기상사 002420 기타유동부채 21,697,552 21,697,552
세기상사 002420 당기법인세부채 0 0
세기상사 002420 유동리스부채 0 0
세기상사 002420 비유동부채 5,956,154,343 5,955,904,882
세기상사 002420 사채 0 0
세기상사 002420 장기차입금 0 0
세기상사 002420 기타비유동금융부채 0 0
세기상사 002420 이연법인세부채 4,774,806,902 4,774,806,902
세기상사 002420 비유동리스부채 0 0
세기상사 002420 부채총계 19,325,267,338 19,359,883,223
세기상사 002420 자본금 2,037,960,000 2,037,960,000
세기상사 002420 자본잉여금 0 0
세기상사 002420 자본조정 0 0
세기상사 002420 기타포괄손익누계액 0 0
세기상사 002420 이익잉여금(결손금) -3,250,138,668 -3,062,533,895
세기상사 002420 자본총계 23,491,375,955 23,678,980,728
세기상사 002420 자본과부채총계 42,816,643,293 43,038,863,951
date : 2018-06-30
세기상사 002420 유동자산 1,663,889,555 2,034,860,337
세기상사 002420 현금및현금성자산 173,921,743 158,657,605
세기상사 002420 매출채권 199,404,263 260,904,999
세기상사 002420 재고자산 21,265,419 22,820,314
세기상사 002420 기타유동금융자산 0 0
세기상사 002420 기타유동자산 0 0
세기상사 002420 매각예정비유동자산 0 0
세기상사 002420 비유동자산 40,797,783,593 41,004,003,614
세기상사 002420 장기금융상품 0 5,500,000
세기상사 002420 기타포괄손익-공정가치 0 0
세기상사 002420 당기손익인식공정가치측정금융자산 0 0
세기상사 002420 종속회사투자 0 0
세기상사 002420 관계회사투자 0 0
세기상사 002420 렌탈자산 0 0
세기상사 002420 유형자산 40,675,683,593 40,897,453,614
세기상사 002420 무형자산 0 0
세기상사 002420 기타비유동금융자산 0 0
세기상사 002420 기타비유동자산 122,100,000 101,050,000
세기상사 002420 사용권자산 0 0
세기상사 002420 이연법인세자산 0 0
세기상사 002420 자산총계 42,461,673,148 43,038,863,951
세기상사 002420 유동부채 7,264,630,090 13,403,978,341
세기상사 002420 단기매입채무 0 0
세기상사 002420 단기차입금 6,300,000,000 12,250,000,000
세기상사 002420 유동성장기차입금 0 0
세기상사 002420 유동성사채 0 0
세기상사 002420 기타유동금융부채 0 0
세기상사 002420 기타유동부채 0 0
세기상사 002420 당기법인세부채 0 8,586,840
세기상사 002420 유동리스부채 0 0
세기상사 002420 비유동부채 11,910,858,246 5,955,904,882
세기상사 002420 사채 0 0
세기상사 002420 장기차입금 6,000,000,000 0
세기상사 002420 기타비유동금융부채 0 0
세기상사 002420 이연법인세부채 4,774,806,902 4,774,806,902
세기상사 002420 비유동리스부채 0 0
세기상사 002420 부채총계 19,175,488,336 19,359,883,223
세기상사 002420 자본금 2,037,960,000 2,037,960,000
세기상사 002420 자본잉여금 0 0
세기상사 002420 자본조정 0 0
세기상사 002420 기타포괄손익누계액 16,915,917,129 16,915,917,129
세기상사 002420 이익잉여금(결손금) -3,455,329,811 -3,062,533,895
세기상사 002420 자본총계 23,286,184,812 23,678,980,728
세기상사 002420 자본과부채총계 42,461,673,148 43,038,863,951
date : 2018-09-30
세기상사 002420 유동자산 1,644,332,771 2,034,860,337
세기상사 002420 현금및현금성자산 148,347,511 158,657,605
세기상사 002420 매출채권 200,333,985 260,904,999
세기상사 002420 재고자산 30,587,312 22,820,314
세기상사 002420 기타유동금융자산 0 0
세기상사 002420 기타유동자산 0 0
세기상사 002420 매각예정비유동자산 0 0
세기상사 002420 비유동자산 40,709,642,137 41,004,003,614
세기상사 002420 장기금융상품 0 5,500,000
세기상사 002420 기타포괄손익-공정가치 0 0
세기상사 002420 당기손익인식공정가치측정금융자산 0 0
세기상사 002420 종속회사투자 0 0
세기상사 002420 관계회사투자 0 0
세기상사 002420 렌탈자산 0 0
세기상사 002420 유형자산 40,587,542,137 40,897,453,614
세기상사 002420 무형자산 0 0
세기상사 002420 기타비유동금융자산 0 0
세기상사 002420 기타비유동자산 122,100,000 101,050,000
세기상사 002420 사용권자산 0 0
세기상사 002420 이연법인세자산 0 0
세기상사 002420 자산총계 42,353,974,908 43,038,863,951
세기상사 002420 유동부채 7,313,918,087 13,403,978,341
세기상사 002420 단기매입채무 0 0
세기상사 002420 단기차입금 6,250,000,000 12,250,000,000
세기상사 002420 유동성장기차입금 0 0
세기상사 002420 유동성사채 0 0
세기상사 002420 기타유동금융부채 0 0
세기상사 002420 기타유동부채 0 0
세기상사 002420 당기법인세부채 0 8,586,840
세기상사 002420 유동리스부채 0 0
세기상사 002420 비유동부채 11,953,972,707 5,955,904,882
세기상사 002420 사채 0 0
세기상사 002420 장기차입금 6,000,000,000 0
세기상사 002420 기타비유동금융부채 0 0
세기상사 002420 이연법인세부채 4,774,806,902 4,774,806,902
세기상사 002420 비유동리스부채 0 0
세기상사 002420 부채총계 19,267,890,794 19,359,883,223
세기상사 002420 자본금 2,037,960,000 2,037,960,000
세기상사 002420 자본잉여금 0 0
세기상사 002420 자본조정 0 0
세기상사 002420 기타포괄손익누계액 16,915,917,129 16,915,917,129
세기상사 002420 이익잉여금(결손금) -3,655,430,509 -3,062,533,895
세기상사 002420 자본총계 23,086,084,114 23,678,980,728
세기상사 002420 자본과부채총계 42,353,974,908 43,038,863,951
date : 2018-12-31
세기상사 002420 유동자산 2,370,830,372 2,034,860,337
세기상사 002420 현금및현금성자산 293,962,317 158,657,605
세기상사 002420 매출채권 220,037,727 260,904,999
세기상사 002420 재고자산 17,683,650 22,820,314
세기상사 002420 기타유동금융자산 0 0
세기상사 002420 기타유동자산 0 0
세기상사 002420 매각예정비유동자산 0 0
세기상사 002420 비유동자산 40,293,173,649 41,004,003,614
세기상사 002420 장기금융상품 0 5,500,000
세기상사 002420 기타포괄손익-공정가치 0 0
세기상사 002420 당기손익인식공정가치측정금융자산 0 0
세기상사 002420 종속회사투자 0 0
세기상사 002420 관계회사투자 0 0
세기상사 002420 렌탈자산 0 0
세기상사 002420 유형자산 40,184,823,649 40,897,453,614
세기상사 002420 무형자산 0 0
세기상사 002420 기타비유동금융자산 0 0
세기상사 002420 기타비유동자산 108,350,000 101,050,000
세기상사 002420 사용권자산 0 0
세기상사 002420 이연법인세자산 0 0
세기상사 002420 자산총계 42,664,004,021 43,038,863,951
세기상사 002420 유동부채 7,382,298,272 13,403,978,341
세기상사 002420 단기매입채무 0 0
세기상사 002420 단기차입금 6,250,000,000 12,250,000,000
세기상사 002420 유동성장기차입금 0 0
세기상사 002420 유동성사채 0 0
세기상사 002420 기타유동금융부채 0 0
세기상사 002420 기타유동부채 0 0
세기상사 002420 당기법인세부채 44,010,940 8,586,840
세기상사 002420 유동리스부채 0 0
세기상사 002420 비유동부채 11,936,222,727 5,955,904,882
세기상사 002420 사채 0 0
세기상사 002420 장기차입금 6,000,000,000 0
세기상사 002420 기타비유동금융부채 0 0
세기상사 002420 이연법인세부채 4,774,806,902 4,774,806,902
세기상사 002420 비유동리스부채 0 0
세기상사 002420 부채총계 19,318,520,999 19,359,883,223
세기상사 002420 자본금 2,037,960,000 2,037,960,000
세기상사 002420 자본잉여금 0 0
세기상사 002420 자본조정 0 0
세기상사 002420 기타포괄손익누계액 16,915,917,129 16,915,917,129
세기상사 002420 이익잉여금(결손금) -3,396,031,601 -3,062,533,895
세기상사 002420 자본총계 23,345,483,022 23,678,980,728
세기상사 002420 자본과부채총계 42,664,004,021 43,038,863,951
date : 2019-03-31
세기상사 002420 유동자산 2,182,871,198 2,370,830,372
세기상사 002420 현금및현금성자산 170,754,449 293,962,317
세기상사 002420 매출채권 134,026,186 220,037,727
세기상사 002420 재고자산 21,011,151 17,683,650
세기상사 002420 기타유동금융자산 0 0
세기상사 002420 기타유동자산 0 0
세기상사 002420 매각예정비유동자산 0 0
세기상사 002420 비유동자산 40,203,048,788 40,293,173,649
세기상사 002420 장기금융상품 0 0
세기상사 002420 기타포괄손익-공정가치 0 0
세기상사 002420 당기손익인식공정가치측정금융자산 0 0
세기상사 002420 종속회사투자 0 0
세기상사 002420 관계회사투자 0 0
세기상사 002420 렌탈자산 0 0
세기상사 002420 유형자산 40,094,698,788 40,184,823,649
세기상사 002420 무형자산 0 0
세기상사 002420 기타비유동금융자산 0 0
세기상사 002420 기타비유동자산 108,350,000 108,350,000
세기상사 002420 사용권자산 0 0
세기상사 002420 이연법인세자산 0 0
세기상사 002420 자산총계 42,385,919,986 42,664,004,021
세기상사 002420 유동부채 1,114,759,311 7,382,298,272
세기상사 002420 단기매입채무 0 0
세기상사 002420 단기차입금 0 6,250,000,000
세기상사 002420 유동성장기차입금 0 0
세기상사 002420 유동성사채 0 0
세기상사 002420 기타유동금융부채 0 0
세기상사 002420 기타유동부채 0 0
세기상사 002420 당기법인세부채 0 44,010,940
세기상사 002420 유동리스부채 0 0
세기상사 002420 비유동부채 18,190,344,345 11,936,222,727
세기상사 002420 사채 0 0
세기상사 002420 장기차입금 12,242,500,000 6,000,000,000
세기상사 002420 기타비유동금융부채 0 0
세기상사 002420 이연법인세부채 4,774,806,902 4,774,806,902
세기상사 002420 비유동리스부채 0 0
세기상사 002420 부채총계 19,305,103,656 19,318,520,999
세기상사 002420 자본금 2,037,960,000 2,037,960,000
세기상사 002420 자본잉여금 0 0
세기상사 002420 자본조정 0 0
세기상사 002420 기타포괄손익누계액 16,915,917,129 16,915,917,129
세기상사 002420 이익잉여금(결손금) -3,660,698,293 -3,396,031,601
세기상사 002420 자본총계 23,080,816,330 23,345,483,022
세기상사 002420 자본과부채총계 42,385,919,986 42,664,004,021
