date : 2015-12-31
동일제강 002690 유동자산 69,496,124,954 66,055,447,137
동일제강 002690 현금및현금성자산 17,563,263,251 9,766,812,458
동일제강 002690 매출채권 및 기타채권
동일제강 002690 재고자산 17,282,764,639 19,549,512,871
동일제강 002690 기타유동금융자산 0 0
동일제강 002690 기타유동자산 25,187,214 44,439,071
동일제강 002690 매각예정비유동자산 0 0
동일제강 002690 비유동자산 75,093,380,718 71,436,831,137
동일제강 002690 장기금융상품 0 0
동일제강 002690 기타포괄손익-공정가치 0 0
동일제강 002690 당기손익인식공정가치측정금융자산 0 0
동일제강 002690 종속회사투자 0 0
동일제강 002690 관계회사투자 0 0
동일제강 002690 렌탈자산 0 0
동일제강 002690 유형자산 65,158,363,151 57,583,667,670
동일제강 002690 무형자산 135,166,666 239,487,784
동일제강 002690 기타비유동금융자산 0 0
동일제강 002690 기타비유동자산 0 0
동일제강 002690 사용권자산 0 0
동일제강 002690 이연법인세자산 0 0
동일제강 002690 자산총계 144,589,505,672 137,492,278,274
동일제강 002690 유동부채 11,324,018,407 21,656,595,980
동일제강 002690 단기매입채무 0 0
동일제강 002690 단기차입금 148,532,552 6,363,913,470
동일제강 002690 유동성장기차입금 26,600,000 16,550,000
동일제강 002690 유동성사채 0 0
동일제강 002690 기타유동금융부채 0 0
동일제강 002690 기타유동부채 30,509,534 64,046,810
동일제강 002690 당기법인세부채 581,179,496 1,487,455,381
동일제강 002690 유동리스부채 0 0
동일제강 002690 비유동부채 4,833,431,970 5,460,386,711
동일제강 002690 사채 0 0
동일제강 002690 장기차입금 86,450,000 116,450,000
동일제강 002690 기타비유동금융부채 0 0
동일제강 002690 이연법인세부채 4,351,458,088 5,343,936,711
동일제강 002690 비유동리스부채 0 0
동일제강 002690 부채총계 16,157,450,377 27,116,982,691
동일제강 002690 자본금 7,500,000,000 5,000,000,000
동일제강 002690 자본잉여금 0 0
동일제강 002690 자본조정 0 0
동일제강 002690 기타포괄손익누계액 0 0
동일제강 002690 이익잉여금(결손금) 87,520,183,282 81,097,621,186
동일제강 002690 자본총계 128,432,055,295 110,375,295,583
동일제강 002690 자본과부채총계 144,589,505,672 137,492,278,274
date : 2016-03-31
동일제강 002690 유동자산 67,738,252,442 69,496,124,954
동일제강 002690 현금및현금성자산 18,060,808,225 17,563,263,251
동일제강 002690 매출채권 및 기타채권
동일제강 002690 재고자산 14,329,254,045 17,282,764,639
동일제강 002690 기타유동금융자산 0 0
동일제강 002690 기타유동자산 8,148,752 25,187,214
동일제강 002690 매각예정비유동자산 0 0
동일제강 002690 비유동자산 81,643,489,639 75,093,380,718
동일제강 002690 장기금융상품 0 0
동일제강 002690 기타포괄손익-공정가치 0 0
동일제강 002690 당기손익인식공정가치측정금융자산 0 0
동일제강 002690 종속회사투자 0 0
동일제강 002690 관계회사투자 0 0
동일제강 002690 렌탈자산 0 0
동일제강 002690 유형자산 70,898,282,616 65,158,363,151
동일제강 002690 무형자산 135,166,666 135,166,666
동일제강 002690 기타비유동금융자산 0 0
동일제강 002690 기타비유동자산 0 0
동일제강 002690 사용권자산 0 0
동일제강 002690 이연법인세자산 0 0
동일제강 002690 자산총계 149,381,742,081 144,589,505,672
동일제강 002690 유동부채 15,156,103,760 11,324,018,407
동일제강 002690 단기매입채무 0 0
동일제강 002690 단기차입금 0 148,532,552
동일제강 002690 유동성장기차입금 26,600,000 26,600,000
동일제강 002690 유동성사채 0 0
동일제강 002690 기타유동금융부채 0 0
동일제강 002690 기타유동부채 119,062,671 30,509,534
동일제강 002690 당기법인세부채 418,628,179 581,179,496
동일제강 002690 유동리스부채 0 0
동일제강 002690 비유동부채 5,145,750,447 4,833,431,970
동일제강 002690 사채 0 0
동일제강 002690 장기차입금 79,800,000 86,450,000
동일제강 002690 기타비유동금융부채 0 0
동일제강 002690 이연법인세부채 4,484,184,163 4,351,458,088
동일제강 002690 비유동리스부채 0 0
동일제강 002690 부채총계 20,301,854,207 16,157,450,377
동일제강 002690 자본금 7,500,000,000 7,500,000,000
동일제강 002690 자본잉여금 0 0
동일제강 002690 자본조정 0 0
동일제강 002690 기타포괄손익누계액 0 0
동일제강 002690 이익잉여금(결손금) 87,701,764,894 87,520,183,282
동일제강 002690 자본총계 129,079,887,874 128,432,055,295
동일제강 002690 자본과부채총계 149,381,742,081 144,589,505,672
date : 2016-06-30
동일제강 002690 유동자산 67,835,764,028 69,496,124,954
동일제강 002690 현금및현금성자산 18,366,367,980 17,563,263,251
동일제강 002690 매출채권 및 기타채권
동일제강 002690 재고자산 13,308,424,886 17,282,764,639
동일제강 002690 기타유동금융자산 0 0
동일제강 002690 기타유동자산 29,152,871 25,187,214
동일제강 002690 매각예정비유동자산 0 0
동일제강 002690 비유동자산 78,769,129,809 75,093,380,718
동일제강 002690 장기금융상품 0 0
동일제강 002690 기타포괄손익-공정가치 0 0
동일제강 002690 당기손익인식공정가치측정금융자산 0 0
동일제강 002690 종속회사투자 0 0
동일제강 002690 관계회사투자 0 0
동일제강 002690 렌탈자산 0 0
동일제강 002690 유형자산 70,184,778,929 65,158,363,151
동일제강 002690 무형자산 135,166,666 135,166,666
동일제강 002690 기타비유동금융자산 0 0
동일제강 002690 기타비유동자산 0 0
동일제강 002690 사용권자산 0 0
동일제강 002690 이연법인세자산 0 0
동일제강 002690 자산총계 146,604,893,837 144,589,505,672
동일제강 002690 유동부채 12,665,922,683 11,324,018,407
동일제강 002690 단기매입채무 0 0
동일제강 002690 단기차입금 644,522,359 148,532,552
동일제강 002690 유동성장기차입금 26,600,000 26,600,000
동일제강 002690 유동성사채 0 0
동일제강 002690 기타유동금융부채 0 0
동일제강 002690 기타유동부채 79,364,600 30,509,534
동일제강 002690 당기법인세부채 535,746,310 581,179,496
동일제강 002690 유동리스부채 0 0
동일제강 002690 비유동부채 4,748,550,327 4,833,431,970
동일제강 002690 사채 0 0
동일제강 002690 장기차입금 73,150,000 86,450,000
동일제강 002690 기타비유동금융부채 0 0
동일제강 002690 이연법인세부채 4,092,787,137 4,351,458,088
동일제강 002690 비유동리스부채 0 0
동일제강 002690 부채총계 17,414,473,010 16,157,450,377
동일제강 002690 자본금 7,500,000,000 7,500,000,000
동일제강 002690 자본잉여금 0 0
동일제강 002690 자본조정 0 0
동일제강 002690 기타포괄손익누계액 0 0
동일제강 002690 이익잉여금(결손금) 89,314,021,668 87,520,183,282
동일제강 002690 자본총계 129,190,420,827 128,432,055,295
동일제강 002690 자본과부채총계 146,604,893,837 144,589,505,672
date : 2016-09-30
동일제강 002690 유동자산 65,833,759,605 69,496,124,954
동일제강 002690 현금및현금성자산 18,376,511,347 17,563,263,251
동일제강 002690 매출채권 및 기타유동채권
동일제강 002690 재고자산 14,082,917,816 17,282,764,639
동일제강 002690 기타유동금융자산 0 0
동일제강 002690 기타유동자산 22,812,751 25,187,214
동일제강 002690 매각예정비유동자산 0 0
동일제강 002690 비유동자산 80,091,852,445 75,093,380,718
동일제강 002690 장기금융상품 0 0
동일제강 002690 기타포괄손익-공정가치 0 0
동일제강 002690 당기손익인식공정가치측정금융자산 0 0
동일제강 002690 종속회사투자 0 0
동일제강 002690 관계회사투자 0 0
동일제강 002690 렌탈자산 0 0
동일제강 002690 유형자산 69,440,010,278 65,158,363,151
동일제강 002690 무형자산 135,166,666 135,166,666
동일제강 002690 기타비유동금융자산 0 0
동일제강 002690 기타비유동자산 0 0
동일제강 002690 사용권자산 0 0
동일제강 002690 이연법인세자산 0 0
동일제강 002690 자산총계 145,925,612,050 144,589,505,672
동일제강 002690 유동부채 11,499,862,481 11,324,018,407
동일제강 002690 단기매입채무 0 0
동일제강 002690 단기차입금 569,356,924 148,532,552
동일제강 002690 유동성장기차입금 26,600,000 26,600,000
동일제강 002690 유동성사채 0 0
동일제강 002690 기타유동금융부채 0 0
동일제강 002690 기타유동부채 58,686,987 30,509,534
동일제강 002690 당기법인세부채 0 581,179,496
동일제강 002690 유동리스부채 0 0
동일제강 002690 비유동부채 4,834,069,310 4,833,431,970
동일제강 002690 사채 0 0
동일제강 002690 장기차입금 66,500,000 86,450,000
동일제강 002690 기타비유동금융부채 0 0
동일제강 002690 이연법인세부채 4,063,159,751 4,351,458,088
동일제강 002690 비유동리스부채 0 0
동일제강 002690 부채총계 16,333,931,791 16,157,450,377
동일제강 002690 자본금 7,500,000,000 7,500,000,000
동일제강 002690 자본잉여금 0 0
동일제강 002690 자본조정 0 0
동일제강 002690 기타포괄손익누계액 0 0
동일제강 002690 이익잉여금(결손금) 89,782,700,650 87,520,183,282
동일제강 002690 자본총계 129,591,680,259 128,432,055,295
동일제강 002690 자본과부채총계 145,925,612,050 144,589,505,672
date : 2016-12-31
동일제강 002690 유동자산 66,591,051,708 69,496,124,954
동일제강 002690 현금및현금성자산 6,820,584,082 17,563,263,251
동일제강 002690 매출채권 및 기타유동채권
동일제강 002690 재고자산 15,249,272,002 17,282,764,639
동일제강 002690 기타유동금융자산 0 0
동일제강 002690 기타유동자산 49,115,427 25,187,214
동일제강 002690 매각예정비유동자산 0 0
동일제강 002690 비유동자산 80,214,273,585 75,093,380,718
동일제강 002690 장기금융상품 0 0
동일제강 002690 기타포괄손익-공정가치 0 0
동일제강 002690 당기손익인식공정가치측정금융자산 0 0
동일제강 002690 종속회사투자 0 0
동일제강 002690 관계회사투자 0 0
동일제강 002690 렌탈자산 0 0
동일제강 002690 유형자산 68,973,499,568 65,158,363,151
동일제강 002690 무형자산 135,166,666 135,166,666
동일제강 002690 기타비유동금융자산 0 0
동일제강 002690 기타비유동자산 0 0
동일제강 002690 사용권자산 0 0
동일제강 002690 이연법인세자산 0 0
동일제강 002690 자산총계 146,805,325,293 144,589,505,672
동일제강 002690 유동부채 11,274,519,848 11,324,018,407
동일제강 002690 단기매입채무 0 0
동일제강 002690 단기차입금 634,789,252 148,532,552
동일제강 002690 유동성장기차입금 26,600,000 26,600,000
동일제강 002690 유동성사채 0 0
동일제강 002690 기타유동금융부채 0 0
동일제강 002690 기타유동부채 75,758,829 30,509,534
동일제강 002690 당기법인세부채 11,566,016 581,179,496
동일제강 002690 유동리스부채 0 0
동일제강 002690 비유동부채 4,522,688,889 4,833,431,970
동일제강 002690 사채 0 0
동일제강 002690 장기차입금 59,850,000 86,450,000
동일제강 002690 기타비유동금융부채 0 0
동일제강 002690 이연법인세부채 4,150,019,423 4,351,458,088
동일제강 002690 비유동리스부채 0 0
동일제강 002690 부채총계 15,797,208,737 16,157,450,377
동일제강 002690 자본금 7,500,000,000 7,500,000,000
동일제강 002690 자본잉여금 0 0
동일제강 002690 자본조정 0 0
동일제강 002690 기타포괄손익누계액 0 0
동일제강 002690 이익잉여금(결손금) 91,797,437,631 87,520,183,282
동일제강 002690 자본총계 131,008,116,556 128,432,055,295
동일제강 002690 자본과부채총계 146,805,325,293 144,589,505,672
date : 2017-03-31
동일제강 002690 유동자산 71,809,655,443 66,591,051,708
동일제강 002690 현금및현금성자산 5,476,195,242 6,820,584,082
동일제강 002690 매출채권 및 기타유동채권
동일제강 002690 재고자산 15,490,206,362 15,249,272,002
동일제강 002690 기타유동금융자산 0 0
동일제강 002690 기타유동자산 50,351,093 49,115,427
동일제강 002690 매각예정비유동자산 0 0
동일제강 002690 비유동자산 79,322,874,291 80,214,273,585
동일제강 002690 장기금융상품 0 0
동일제강 002690 기타포괄손익-공정가치 0 0
동일제강 002690 당기손익인식공정가치측정금융자산 0 0
동일제강 002690 종속회사투자 0 0
동일제강 002690 관계회사투자 0 0
동일제강 002690 렌탈자산 0 0
동일제강 002690 유형자산 68,188,784,548 68,973,499,568
동일제강 002690 무형자산 135,166,666 135,166,666
동일제강 002690 기타비유동금융자산 0 0
동일제강 002690 기타비유동자산 0 0
동일제강 002690 사용권자산 0 0
동일제강 002690 이연법인세자산 0 0
동일제강 002690 자산총계 151,132,529,734 146,805,325,293
동일제강 002690 유동부채 14,343,153,396 11,274,519,848
동일제강 002690 단기매입채무 0 0
동일제강 002690 단기차입금 534,482,654 634,789,252
동일제강 002690 유동성장기차입금 26,600,000 26,600,000
동일제강 002690 유동성사채 0 0
동일제강 002690 기타유동금융부채 0 0
동일제강 002690 기타유동부채 27,131,122 75,758,829
동일제강 002690 당기법인세부채 378,540,682 11,566,016
동일제강 002690 유동리스부채 0 0
동일제강 002690 비유동부채 4,714,814,850 4,522,688,889
동일제강 002690 사채 0 0
동일제강 002690 장기차입금 53,200,000 59,850,000
동일제강 002690 기타비유동금융부채 0 0
동일제강 002690 이연법인세부채 4,182,254,143 4,150,019,423
동일제강 002690 비유동리스부채 0 0
동일제강 002690 부채총계 19,057,968,246 15,797,208,737
동일제강 002690 자본금 7,500,000,000 7,500,000,000
동일제강 002690 자본잉여금 0 0
동일제강 002690 자본조정 0 0
동일제강 002690 기타포괄손익누계액 0 0
동일제강 002690 이익잉여금(결손금) 92,954,422,919 91,797,437,631
동일제강 002690 자본총계 132,074,561,488 131,008,116,556
동일제강 002690 자본과부채총계 151,132,529,734 146,805,325,293
date : 2017-06-30
동일제강 002690 유동자산 71,935,885,239 66,591,051,708
동일제강 002690 현금및현금성자산 6,496,991,406 6,820,584,082
동일제강 002690 매출채권 및 기타유동채권
동일제강 002690 재고자산 16,830,631,233 15,249,272,002
동일제강 002690 기타유동금융자산 0 0
동일제강 002690 기타유동자산 71,446,760 49,115,427
동일제강 002690 매각예정비유동자산 0 0
동일제강 002690 비유동자산 80,718,349,152 80,214,273,585
동일제강 002690 장기금융상품 0 0
동일제강 002690 기타포괄손익-공정가치 0 0
동일제강 002690 당기손익인식공정가치측정금융자산 0 0
동일제강 002690 종속회사투자 0 0
동일제강 002690 관계회사투자 0 0
동일제강 002690 렌탈자산 0 0
동일제강 002690 유형자산 68,582,363,090 68,973,499,568
동일제강 002690 무형자산 135,166,666 135,166,666
동일제강 002690 기타비유동금융자산 0 0
동일제강 002690 기타비유동자산 0 0
동일제강 002690 사용권자산 0 0
동일제강 002690 이연법인세자산 0 0
동일제강 002690 자산총계 152,654,234,391 146,805,325,293
동일제강 002690 유동부채 15,063,830,115 11,274,519,848
동일제강 002690 단기매입채무 0 0
동일제강 002690 단기차입금 1,177,688,631 634,789,252
동일제강 002690 유동성장기차입금 26,600,000 26,600,000
동일제강 002690 유동성사채 0 0
동일제강 002690 기타유동금융부채 0 0
동일제강 002690 기타유동부채 80,229,015 75,758,829
동일제강 002690 당기법인세부채 442,139,390 11,566,016
동일제강 002690 유동리스부채 0 0
동일제강 002690 비유동부채 4,909,303,489 4,522,688,889
동일제강 002690 사채 0 0
동일제강 002690 장기차입금 46,550,000 59,850,000
동일제강 002690 기타비유동금융부채 0 0
동일제강 002690 이연법인세부채 4,249,573,671 4,150,019,423
동일제강 002690 비유동리스부채 0 0
동일제강 002690 부채총계 19,973,133,604 15,797,208,737
동일제강 002690 자본금 7,500,000,000 7,500,000,000
동일제강 002690 자본잉여금 0 0
동일제강 002690 자본조정 0 0
동일제강 002690 기타포괄손익누계액 0 0
동일제강 002690 이익잉여금(결손금) 93,478,229,678 91,797,437,631
동일제강 002690 자본총계 132,681,100,787 131,008,116,556
동일제강 002690 자본과부채총계 152,654,234,391 146,805,325,293
date : 2017-09-30
동일제강 002690 유동자산 71,233,291,683 66,591,051,708
동일제강 002690 현금및현금성자산 6,837,892,630 6,820,584,082
동일제강 002690 매출채권 및 기타유동채권
동일제강 002690 재고자산 16,214,648,023 15,249,272,002
동일제강 002690 기타유동금융자산 0 0
동일제강 002690 기타유동자산 51,548,052 49,115,427
동일제강 002690 매각예정비유동자산 0 0
동일제강 002690 비유동자산 79,111,299,471 80,214,273,585
동일제강 002690 장기금융상품 0 0
동일제강 002690 기타포괄손익-공정가치 0 0
동일제강 002690 당기손익인식공정가치측정금융자산 0 0
동일제강 002690 종속회사투자 0 0
동일제강 002690 관계회사투자 0 0
동일제강 002690 렌탈자산 0 0
동일제강 002690 유형자산 68,070,553,013 68,973,499,568
동일제강 002690 무형자산 135,166,666 135,166,666
동일제강 002690 기타비유동금융자산 0 0
동일제강 002690 기타비유동자산 0 0
동일제강 002690 사용권자산 0 0
동일제강 002690 이연법인세자산 0 0
동일제강 002690 자산총계 150,344,591,154 146,805,325,293
동일제강 002690 유동부채 13,494,118,474 11,274,519,848
동일제강 002690 단기매입채무 0 0
동일제강 002690 단기차입금 1,336,387,640 634,789,252
동일제강 002690 유동성장기차입금 26,600,000 26,600,000
동일제강 002690 유동성사채 0 0
동일제강 002690 기타유동금융부채 3,818,000,000 3,751,000,000
동일제강 002690 기타유동부채 115,944,796 75,758,829
동일제강 002690 당기법인세부채 212,306,478 11,566,016
동일제강 002690 유동리스부채 0 0
동일제강 002690 비유동부채 4,868,495,622 4,522,688,889
동일제강 002690 사채 0 0
동일제강 002690 장기차입금 39,900,000 59,850,000
동일제강 002690 기타비유동금융부채 0 0
동일제강 002690 이연법인세부채 4,104,223,404 4,150,019,423
동일제강 002690 비유동리스부채 0 0
동일제강 002690 부채총계 18,362,614,096 15,797,208,737
동일제강 002690 자본금 7,500,000,000 7,500,000,000
동일제강 002690 자본잉여금 29,136,193,850 29,136,193,850
동일제강 002690 자본조정 0 0
동일제강 002690 기타포괄손익누계액 2,171,771,135 2,574,485,075
동일제강 002690 이익잉여금(결손금) 93,174,012,073 91,797,437,631
동일제강 002690 자본총계 131,981,977,058 131,008,116,556
동일제강 002690 자본과부채총계 150,344,591,154 146,805,325,293
date : 2017-12-31
동일제강 002690 유동자산 71,948,558,335 66,591,051,708
동일제강 002690 현금및현금성자산 7,346,330,734 6,820,584,082
동일제강 002690 매출채권 및 기타유동채권
동일제강 002690 재고자산 16,200,730,120 15,249,272,002
동일제강 002690 기타유동금융자산 0 0
동일제강 002690 기타유동자산 64,325,034 49,115,427
동일제강 002690 매각예정비유동자산 0 0
동일제강 002690 비유동자산 78,228,398,206 80,214,273,585
동일제강 002690 장기금융상품 0 0
동일제강 002690 기타포괄손익-공정가치 0 0
동일제강 002690 당기손익인식공정가치측정금융자산 0 0
동일제강 002690 종속회사투자 0 0
동일제강 002690 관계회사투자 0 0
동일제강 002690 렌탈자산 0 0
동일제강 002690 유형자산 68,104,807,127 68,973,499,568
동일제강 002690 무형자산 135,166,666 135,166,666
동일제강 002690 기타비유동금융자산 0 0
동일제강 002690 기타비유동자산 0 0
동일제강 002690 사용권자산 0 0
동일제강 002690 이연법인세자산 0 0
동일제강 002690 자산총계 150,176,956,541 146,805,325,293
동일제강 002690 유동부채 14,811,004,708 11,274,519,848
동일제강 002690 단기매입채무 0 0
동일제강 002690 단기차입금 1,694,807,744 634,789,252
동일제강 002690 유동성장기차입금 26,600,000 26,600,000
동일제강 002690 유동성사채 0 0
동일제강 002690 기타유동금융부채 0 0
동일제강 002690 기타유동부채 76,111,809 75,758,829
동일제강 002690 당기법인세부채 120,878,345 11,566,016
동일제강 002690 유동리스부채 0 0
동일제강 002690 비유동부채 4,063,009,843 4,522,688,889
동일제강 002690 사채 0 0
동일제강 002690 장기차입금 33,250,000 59,850,000
동일제강 002690 기타비유동금융부채 0 0
동일제강 002690 이연법인세부채 3,813,134,815 4,150,019,423
동일제강 002690 비유동리스부채 0 0
동일제강 002690 부채총계 18,874,014,551 15,797,208,737
동일제강 002690 자본금 7,500,000,000 7,500,000,000
동일제강 002690 자본잉여금 0 0
동일제강 002690 자본조정 0 0
동일제강 002690 기타포괄손익누계액 1,717,583,767 2,574,485,075
동일제강 002690 이익잉여금(결손금) 92,949,164,373 91,797,437,631
동일제강 002690 자본총계 131,302,941,990 131,008,116,556
동일제강 002690 자본과부채총계 150,176,956,541 146,805,325,293
date : 2018-03-31
동일제강 002690 유동자산 75,257,283,023 71,948,558,335
동일제강 002690 현금및현금성자산 8,293,459,801 7,346,330,734
동일제강 002690 매출채권 및 기타유동채권
동일제강 002690 재고자산 18,597,465,136 16,200,730,120
동일제강 002690 기타유동금융자산 0 0
동일제강 002690 기타유동자산 61,246,809 64,325,034
동일제강 002690 매각예정비유동자산 0 0
동일제강 002690 비유동자산 76,784,321,218 78,228,398,206
동일제강 002690 장기금융상품 0 0
동일제강 002690 기타포괄손익-공정가치 0 0
동일제강 002690 당기손익인식공정가치측정금융자산 0 0
동일제강 002690 종속회사투자 0 0
동일제강 002690 관계회사투자 0 0
동일제강 002690 렌탈자산 0 0
동일제강 002690 유형자산 67,359,044,660 68,104,807,127
동일제강 002690 무형자산 135,166,666 135,166,666
동일제강 002690 기타비유동금융자산 0 0
동일제강 002690 기타비유동자산 0 0
동일제강 002690 사용권자산 0 0
동일제강 002690 이연법인세자산 0 0
동일제강 002690 자산총계 152,041,604,241 150,176,956,541
동일제강 002690 유동부채 16,740,876,030 14,811,004,708
동일제강 002690 단기매입채무 0 0
동일제강 002690 단기차입금 2,138,942,638 1,694,807,744
동일제강 002690 유동성장기차입금 26,600,000 26,600,000
동일제강 002690 유동성사채 0 0
동일제강 002690 기타유동금융부채 0 0
동일제강 002690 기타유동부채 229,469,792 76,111,809
동일제강 002690 당기법인세부채 616,407,831 120,878,345
동일제강 002690 유동리스부채 0 0
동일제강 002690 비유동부채 4,138,067,530 4,063,009,843
동일제강 002690 사채 0 0
동일제강 002690 장기차입금 26,600,000 33,250,000
동일제강 002690 기타비유동금융부채 0 0
동일제강 002690 이연법인세부채 3,833,490,168 3,813,134,815
동일제강 002690 비유동리스부채 0 0
동일제강 002690 부채총계 20,878,943,560 18,874,014,551
동일제강 002690 자본금 7,500,000,000 7,500,000,000
동일제강 002690 자본잉여금 29,136,193,850 29,136,193,850
동일제강 002690 자본조정 0 0
동일제강 002690 기타포괄손익누계액 1,714,352,383 1,717,583,767
동일제강 002690 이익잉여금(결손금) 92,812,114,448 92,949,164,373
동일제강 002690 자본총계 131,162,660,681 131,302,941,990
동일제강 002690 자본과부채총계 152,041,604,241 150,176,956,541
date : 2018-06-30
동일제강 002690 유동자산 76,114,741,545 71,948,558,335
동일제강 002690 현금및현금성자산 7,427,951,364 7,346,330,734
동일제강 002690 매출채권 및 기타유동채권
동일제강 002690 재고자산 20,323,299,311 16,200,730,120
동일제강 002690 기타유동금융자산 0 0
동일제강 002690 기타유동자산 63,437,487 64,325,034
동일제강 002690 매각예정비유동자산 0 0
동일제강 002690 비유동자산 78,490,620,425 78,228,398,206
동일제강 002690 장기금융상품 0 0
동일제강 002690 기타포괄손익-공정가치 측정 금융자산
동일제강 002690 당기손익인식공정가치측정금융자산 0 0
동일제강 002690 종속회사투자 0 0
동일제강 002690 관계회사투자 0 0
동일제강 002690 렌탈자산 0 0
동일제강 002690 유형자산 67,055,763,376 68,104,807,127
동일제강 002690 무형자산 135,166,666 135,166,666
동일제강 002690 기타비유동금융자산 0 0
동일제강 002690 기타비유동자산 0 0
동일제강 002690 사용권자산 0 0
동일제강 002690 이연법인세자산 0 0
동일제강 002690 자산총계 154,605,361,970 150,176,956,541
동일제강 002690 유동부채 17,069,786,378 14,811,004,708
동일제강 002690 단기매입채무 0 0
동일제강 002690 단기차입금 1,009,979,024 1,694,807,744
동일제강 002690 유동성장기차입금 26,600,000 26,600,000
동일제강 002690 유동성사채 0 0
동일제강 002690 기타유동금융부채 0 0
동일제강 002690 기타유동부채 142,790,544 76,111,809
동일제강 002690 당기법인세부채 185,856,827 120,878,345
동일제강 002690 유동리스부채 0 0
동일제강 002690 비유동부채 4,632,472,029 4,063,009,843
동일제강 002690 사채 0 0
동일제강 002690 장기차입금 19,950,000 33,250,000
동일제강 002690 기타비유동금융부채 0 0
동일제강 002690 이연법인세부채 4,175,710,846 3,813,134,815
동일제강 002690 비유동리스부채 0 0
동일제강 002690 부채총계 21,702,258,407 18,874,014,551
동일제강 002690 자본금 7,500,000,000 7,500,000,000
동일제강 002690 자본잉여금 29,136,193,850 29,136,193,850
동일제강 002690 자본조정 0 0
동일제강 002690 기타포괄손익누계액 2,873,654,839 1,717,583,767
동일제강 002690 이익잉여금(결손금) 93,393,254,874 92,949,164,373
동일제강 002690 자본총계 132,903,103,563 131,302,941,990
동일제강 002690 자본과부채총계 154,605,361,970 150,176,956,541
date : 2018-09-30
동일제강 002690 유동자산 73,447,558,366 71,948,558,335
동일제강 002690 현금및현금성자산 7,249,978,940 7,346,330,734
동일제강 002690 매출채권 및 기타유동채권
동일제강 002690 재고자산 18,942,528,324 16,200,730,120
동일제강 002690 기타유동금융자산 0 0
동일제강 002690 기타유동자산 59,201,502 64,325,034
동일제강 002690 매각예정비유동자산 0 0
동일제강 002690 비유동자산 76,645,413,029 78,228,398,206
동일제강 002690 장기금융상품 0 0
동일제강 002690 기타포괄손익-공정가치 측정 금융자산
동일제강 002690 당기손익인식공정가치측정금융자산 0 0
동일제강 002690 종속회사투자 0 0
동일제강 002690 관계회사투자 0 0
동일제강 002690 렌탈자산 0 0
동일제강 002690 유형자산 66,359,851,728 68,104,807,127
동일제강 002690 무형자산 135,166,666 135,166,666
동일제강 002690 기타비유동금융자산 0 0
동일제강 002690 기타비유동자산 0 0
동일제강 002690 사용권자산 0 0
동일제강 002690 이연법인세자산 0 0
동일제강 002690 자산총계 150,092,971,395 150,176,956,541
동일제강 002690 유동부채 13,411,625,637 14,811,004,708
동일제강 002690 단기매입채무 0 0
동일제강 002690 단기차입금 1,109,573,141 1,694,807,744
동일제강 002690 유동성장기차입금 26,600,000 26,600,000
동일제강 002690 유동성사채 0 0
동일제강 002690 기타유동금융부채 0 0
동일제강 002690 기타유동부채 86,401,512 76,111,809
동일제강 002690 당기법인세부채 95,642,879 120,878,345
동일제강 002690 유동리스부채 0 0
동일제강 002690 비유동부채 4,645,416,576 4,063,009,843
동일제강 002690 사채 0 0
동일제강 002690 장기차입금 13,300,000 33,250,000
동일제강 002690 기타비유동금융부채 0 0
동일제강 002690 이연법인세부채 3,936,673,176 3,813,134,815
동일제강 002690 비유동리스부채 0 0
동일제강 002690 부채총계 18,057,042,213 18,874,014,551
동일제강 002690 자본금 7,500,000,000 7,500,000,000
동일제강 002690 자본잉여금 29,136,193,850 29,136,193,850
동일제강 002690 자본조정 0 0
동일제강 002690 기타포괄손익누계액 2,637,500,635 1,717,583,767
동일제강 002690 이익잉여금(결손금) 92,762,234,697 92,949,164,373
동일제강 002690 자본총계 132,035,929,182 131,302,941,990
동일제강 002690 자본과부채총계 150,092,971,395 150,176,956,541
date : 2018-12-31
동일제강 002690 유동자산 74,848,455,616 71,948,558,335
동일제강 002690 현금및현금성자산 10,895,863,852 7,346,330,734
동일제강 002690 매출채권 및 기타유동채권
동일제강 002690 재고자산 18,367,844,464 16,200,730,120
동일제강 002690 기타유동금융자산 0 0
동일제강 002690 기타유동자산 27,222,281 64,325,034
동일제강 002690 매각예정비유동자산 0 0
동일제강 002690 비유동자산 75,382,390,566 78,228,398,206
동일제강 002690 장기금융상품 0 0
동일제강 002690 기타포괄손익-공정가치 금융자산 6,330,474,000
동일제강 002690 당기손익인식공정가치측정금융자산 0 0
동일제강 002690 종속회사투자 0 0
동일제강 002690 관계회사투자 0 0
동일제강 002690 렌탈자산 0 0
동일제강 002690 유형자산 65,452,387,773 68,104,807,127
동일제강 002690 무형자산 135,166,666 135,166,666
동일제강 002690 기타비유동금융자산 0 0
동일제강 002690 기타비유동자산 0 0
동일제강 002690 사용권자산 0 0
동일제강 002690 이연법인세자산 0 0
동일제강 002690 자산총계 150,230,846,182 150,176,956,541
동일제강 002690 유동부채 15,681,984,639 14,811,004,708
동일제강 002690 단기매입채무 0 0
동일제강 002690 단기차입금 1,186,951,566 1,694,807,744
동일제강 002690 유동성장기차입금 26,600,000 26,600,000
동일제강 002690 유동성사채 0 0
동일제강 002690 기타유동금융부채 0 0
동일제강 002690 기타유동부채 68,211,863 76,111,809
동일제강 002690 당기법인세부채 0 120,878,345
동일제강 002690 유동리스부채 0 0
동일제강 002690 비유동부채 3,654,119,161 4,063,009,843
동일제강 002690 사채 0 0
동일제강 002690 장기차입금 6,650,000 33,250,000
동일제강 002690 기타비유동금융부채 0 0
동일제강 002690 이연법인세부채 3,647,469,161 3,813,134,815
동일제강 002690 비유동리스부채 0 0
동일제강 002690 부채총계 19,336,103,800 18,874,014,551
동일제강 002690 자본금 7,500,000,000 7,500,000,000
동일제강 002690 자본잉여금 29,136,193,850 29,136,193,850
동일제강 002690 자본조정 0 0
동일제강 002690 기타포괄손익누계액 1,499,666,743 1,717,583,767
동일제강 002690 이익잉여금(결손금) 92,758,881,789 92,949,164,373
동일제강 002690 자본총계 130,894,742,382 131,302,941,990
동일제강 002690 자본과부채총계 150,230,846,182 150,176,956,541
date : 2019-03-31
동일제강 002690 유동자산 74,309,572,690 74,848,455,616
동일제강 002690 현금및현금성자산 10,710,604,752 10,895,863,852
동일제강 002690 매출채권 및 기타유동채권
동일제강 002690 재고자산 19,603,744,318 18,367,844,464
동일제강 002690 기타유동금융자산 0 0
동일제강 002690 기타유동자산 9,505,495 27,222,281
동일제강 002690 매각예정비유동자산 0 0
동일제강 002690 비유동자산 74,899,312,736 75,382,390,566
동일제강 002690 장기금융상품 0 0
동일제강 002690 기타포괄손익-공정가치 금융자산 7,789,235,400
동일제강 002690 당기손익인식공정가치측정금융자산 0 0
동일제강 002690 종속회사투자 0 0
동일제강 002690 관계회사투자 0 0
동일제강 002690 렌탈자산 0 0
동일제강 002690 유형자산 64,783,936,840 65,452,387,773
동일제강 002690 무형자산 135,166,666 135,166,666
동일제강 002690 기타비유동금융자산 0 0
동일제강 002690 기타비유동자산 0 0
동일제강 002690 사용권자산 0 0
동일제강 002690 이연법인세자산 0 0
동일제강 002690 자산총계 149,208,885,426 150,230,846,182
동일제강 002690 유동부채 13,013,770,871 15,681,984,639
동일제강 002690 단기매입채무 0 0
동일제강 002690 단기차입금 415,073,512 1,186,951,566
동일제강 002690 유동성장기차입금 26,600,000 26,600,000
동일제강 002690 유동성사채 0 0
동일제강 002690 기타유동금융부채 0 0
동일제강 002690 기타유동부채 70,859,841 68,211,863
동일제강 002690 당기법인세부채 376,804 0
동일제강 002690 유동리스부채 0 0
동일제강 002690 비유동부채 4,003,147,881 3,654,119,161
동일제강 002690 사채 0 0
동일제강 002690 장기차입금 0 6,650,000
동일제강 002690 기타비유동금융부채 647,435 0
동일제강 002690 이연법인세부채 4,002,341,587 3,647,469,161
동일제강 002690 비유동리스부채 0 0
동일제강 002690 부채총계 17,016,918,752 19,336,103,800
동일제강 002690 자본금 7,500,000,000 7,500,000,000
동일제강 002690 자본잉여금 29,136,193,850 29,136,193,850
동일제강 002690 자본조정 0 0
동일제강 002690 기타포괄손익누계액 2,637,500,635 1,499,666,743
동일제강 002690 이익잉여금(결손금) 92,918,272,189 92,758,881,789
동일제강 002690 자본총계 132,191,966,674 130,894,742,382
동일제강 002690 자본과부채총계 149,208,885,426 150,230,846,182
