date : 2015-12-31
진흥기업 002780 유동자산 334,985,710,679 286,619,690,117
진흥기업 002780 현금및현금성자산 12,281,637,517 10,629,796,957
진흥기업 002780 매출채권 및 기타유동채권
진흥기업 002780 재고자산 5,636,915,113 5,428,546,083
진흥기업 002780 기타유동금융자산 6,584,374,143 57,392,455,770
진흥기업 002780 기타유동자산 0 0
진흥기업 002780 매각예정비유동자산 0 0
진흥기업 002780 비유동자산 195,482,574,976 155,507,563,075
진흥기업 002780 장기금융상품 0 0
진흥기업 002780 기타포괄손익-공정가치 0 0
진흥기업 002780 당기손익인식공정가치측정금융자산 0 0
진흥기업 002780 종속회사투자 0 0
진흥기업 002780 관계회사투자 0 0
진흥기업 002780 렌탈자산 0 0
진흥기업 002780 유형자산 4,206,428,110 4,202,460,887
진흥기업 002780 무형자산 918,493,447 981,391,104
진흥기업 002780 기타비유동금융자산 187,642,451,354 148,917,102,668
진흥기업 002780 기타비유동자산 0 0
진흥기업 002780 사용권자산 0 0
진흥기업 002780 이연법인세자산 0 0
진흥기업 002780 자산총계 530,468,285,655 442,127,253,192
진흥기업 002780 유동부채 430,390,779,709 269,901,681,972
진흥기업 002780 단기매입채무 0 0
진흥기업 002780 단기차입금 44,110,222,562 15,829,690,000
진흥기업 002780 유동성장기차입금 0 0
진흥기업 002780 유동성사채 0 0
진흥기업 002780 기타유동금융부채 7,752,274,508 11,867,145,407
진흥기업 002780 기타유동부채 0 0
진흥기업 002780 당기법인세부채 0 0
진흥기업 002780 유동리스부채 0 0
진흥기업 002780 비유동부채 34,190,790,280 62,339,528,080
진흥기업 002780 사채 0 0
진흥기업 002780 장기차입금 1,625,325,317 29,918,231,688
진흥기업 002780 기타비유동금융부채 50,000,000 30,000,000
진흥기업 002780 이연법인세부채 0 0
진흥기업 002780 비유동리스부채 0 0
진흥기업 002780 부채총계 464,581,569,989 332,241,210,052
진흥기업 002780 자본금 76,857,107,500 62,325,107,500
진흥기업 002780 자본잉여금 0 0
진흥기업 002780 자본조정 0 0
진흥기업 002780 기타포괄손익누계액 0 0
진흥기업 002780 이익잉여금(결손금) -44,232,784,518 -33,792,592,532
진흥기업 002780 자본총계 65,886,715,666 109,886,043,140
진흥기업 002780 자본과부채총계 530,468,285,655 442,127,253,192
date : 2016-03-31
진흥기업 002780 유동자산 323,983,855,665 334,985,710,679
진흥기업 002780 현금및현금성자산 8,154,142,938 12,281,637,517
진흥기업 002780 매출채권 및 기타유동채권
진흥기업 002780 재고자산 5,123,568,283 5,636,915,113
진흥기업 002780 기타유동금융자산 8,837,844,494 6,584,374,143
진흥기업 002780 기타유동자산 0 0
진흥기업 002780 매각예정비유동자산 0 0
진흥기업 002780 비유동자산 200,137,061,520 195,482,574,976
진흥기업 002780 장기금융상품 0 0
진흥기업 002780 기타포괄손익-공정가치 0 0
진흥기업 002780 당기손익인식공정가치측정금융자산 0 0
진흥기업 002780 종속회사투자 0 0
진흥기업 002780 관계회사투자 0 0
진흥기업 002780 렌탈자산 0 0
진흥기업 002780 유형자산 4,054,163,597 4,206,428,110
진흥기업 002780 무형자산 968,265,361 918,493,447
진흥기업 002780 기타비유동금융자산 192,577,153,694 187,642,451,354
진흥기업 002780 기타비유동자산 0 0
진흥기업 002780 사용권자산 0 0
진흥기업 002780 이연법인세자산 0 0
진흥기업 002780 자산총계 524,120,917,185 530,468,285,655
진흥기업 002780 유동부채 418,681,672,603 430,390,779,709
진흥기업 002780 단기매입채무 0 0
진흥기업 002780 단기차입금 44,330,222,562 44,110,222,562
진흥기업 002780 유동성장기차입금 0 0
진흥기업 002780 유동성사채 0 0
진흥기업 002780 기타유동금융부채 7,096,006,904 7,752,274,508
진흥기업 002780 기타유동부채 0 0
진흥기업 002780 당기법인세부채 0 0
진흥기업 002780 유동리스부채 0 0
진흥기업 002780 비유동부채 42,442,053,058 34,190,790,280
진흥기업 002780 사채 0 0
진흥기업 002780 장기차입금 1,625,325,317 1,625,325,317
진흥기업 002780 기타비유동금융부채 50,000,000 50,000,000
진흥기업 002780 이연법인세부채 0 0
진흥기업 002780 비유동리스부채 0 0
진흥기업 002780 부채총계 461,123,725,661 464,581,569,989
진흥기업 002780 자본금 76,857,107,500 76,857,107,500
진흥기업 002780 자본잉여금 0 0
진흥기업 002780 자본조정 0 0
진흥기업 002780 기타포괄손익누계액 0 0
진흥기업 002780 이익잉여금(결손금) -19,750,164,537 -44,232,784,518
진흥기업 002780 자본총계 62,997,191,524 65,886,715,666
진흥기업 002780 자본과부채총계 524,120,917,185 530,468,285,655
date : 2016-06-30
진흥기업 002780 유동자산 294,545,571,027 334,985,710,679
진흥기업 002780 현금및현금성자산 11,410,971,049 12,281,637,517
진흥기업 002780 매출채권 및 기타유동채권
진흥기업 002780 재고자산 4,619,523,363 5,636,915,113
진흥기업 002780 기타유동금융자산 5,704,329,736 6,584,374,143
진흥기업 002780 기타유동자산 0 0
진흥기업 002780 매각예정비유동자산 0 0
진흥기업 002780 비유동자산 187,531,234,585 195,482,574,976
진흥기업 002780 장기금융상품 0 0
진흥기업 002780 기타포괄손익-공정가치 0 0
진흥기업 002780 당기손익인식공정가치측정금융자산 0 0
진흥기업 002780 종속회사투자 0 0
진흥기업 002780 관계회사투자 0 0
진흥기업 002780 렌탈자산 0 0
진흥기업 002780 유형자산 3,875,061,637 4,206,428,110
진흥기업 002780 무형자산 941,977,384 918,493,447
진흥기업 002780 기타비유동금융자산 182,184,697,097 187,642,451,354
진흥기업 002780 기타비유동자산 0 0
진흥기업 002780 사용권자산 0 0
진흥기업 002780 이연법인세자산 0 0
진흥기업 002780 자산총계 482,076,805,612 530,468,285,655
진흥기업 002780 유동부채 376,531,524,424 430,390,779,709
진흥기업 002780 단기매입채무 0 0
진흥기업 002780 단기차입금 41,633,555,902 44,110,222,562
진흥기업 002780 유동성장기차입금 0 0
진흥기업 002780 유동성사채 0 0
진흥기업 002780 기타유동금융부채 7,581,591,904 7,752,274,508
진흥기업 002780 기타유동부채 0 0
진흥기업 002780 당기법인세부채 0 0
진흥기업 002780 유동리스부채 0 0
진흥기업 002780 비유동부채 46,085,194,021 34,190,790,280
진흥기업 002780 사채 0 0
진흥기업 002780 장기차입금 1,646,834,315 1,625,325,317
진흥기업 002780 기타비유동금융부채 85,000,000 50,000,000
진흥기업 002780 이연법인세부채 0 0
진흥기업 002780 비유동리스부채 0 0
진흥기업 002780 부채총계 422,616,718,445 464,581,569,989
진흥기업 002780 자본금 76,857,107,500 76,857,107,500
진흥기업 002780 자본잉여금 0 0
진흥기업 002780 자본조정 0 0
진흥기업 002780 기타포괄손익누계액 0 0
진흥기업 002780 이익잉여금(결손금) -23,315,613,700 -44,232,784,518
진흥기업 002780 자본총계 59,460,087,167 65,886,715,666
진흥기업 002780 자본과부채총계 482,076,805,612 530,468,285,655
date : 2016-09-30
진흥기업 002780 유동자산 238,125,746,368 334,985,710,679
진흥기업 002780 현금및현금성자산 16,792,046,946 12,281,637,517
진흥기업 002780 매출채권 및 기타유동채권
진흥기업 002780 재고자산 3,729,218,418 5,636,915,113
진흥기업 002780 기타유동금융자산 6,134,838,968 6,584,374,143
진흥기업 002780 기타유동자산 0 0
진흥기업 002780 매각예정비유동자산 0 0
진흥기업 002780 비유동자산 167,752,323,548 195,482,574,976
진흥기업 002780 장기금융상품 0 0
진흥기업 002780 기타포괄손익-공정가치 0 0
진흥기업 002780 당기손익인식공정가치측정금융자산 0 0
진흥기업 002780 종속회사투자 0 0
진흥기업 002780 관계회사투자 0 0
진흥기업 002780 렌탈자산 0 0
진흥기업 002780 유형자산 3,837,569,426 4,206,428,110
진흥기업 002780 무형자산 930,422,197 918,493,447
진흥기업 002780 기타비유동금융자산 162,462,344,717 187,642,451,354
진흥기업 002780 기타비유동자산 0 0
진흥기업 002780 사용권자산 0 0
진흥기업 002780 이연법인세자산 0 0
진흥기업 002780 자산총계 405,878,069,916 530,468,285,655
진흥기업 002780 유동부채 299,479,066,320 430,390,779,709
진흥기업 002780 단기매입채무 0 0
진흥기업 002780 단기차입금 41,633,555,902 44,110,222,562
진흥기업 002780 유동성장기차입금 0 0
진흥기업 002780 유동성사채 0 0
진흥기업 002780 기타유동금융부채 4,529,264,026 7,752,274,508
진흥기업 002780 기타유동부채 0 0
진흥기업 002780 당기법인세부채 0 0
진흥기업 002780 유동리스부채 0 0
진흥기업 002780 비유동부채 46,371,895,622 34,190,790,280
진흥기업 002780 사채 0 0
진흥기업 002780 장기차입금 1,646,834,315 1,625,325,317
진흥기업 002780 기타비유동금융부채 85,000,000 50,000,000
진흥기업 002780 이연법인세부채 0 0
진흥기업 002780 비유동리스부채 0 0
진흥기업 002780 부채총계 345,850,961,942 464,581,569,989
진흥기업 002780 자본금 76,857,107,500 76,857,107,500
진흥기업 002780 자본잉여금 0 0
진흥기업 002780 자본조정 0 0
진흥기업 002780 기타포괄손익누계액 0 0
진흥기업 002780 이익잉여금(결손금) -22,756,322,691 -44,232,784,518
진흥기업 002780 자본총계 60,027,107,974 65,886,715,666
진흥기업 002780 자본과부채총계 405,878,069,916 530,468,285,655
date : 2016-12-31
진흥기업 002780 유동자산 208,050,030,801 334,985,710,679
진흥기업 002780 현금및현금성자산 23,018,213,427 12,281,637,517
진흥기업 002780 매출채권 및 기타유동채권
진흥기업 002780 재고자산 3,801,096,458 5,636,915,113
진흥기업 002780 기타유동금융자산 6,069,453,599 6,584,374,143
진흥기업 002780 기타유동자산 0 0
진흥기업 002780 매각예정비유동자산 0 0
진흥기업 002780 비유동자산 94,054,450,626 195,482,574,976
진흥기업 002780 장기금융상품 0 0
진흥기업 002780 기타포괄손익-공정가치 0 0
진흥기업 002780 당기손익인식공정가치측정금융자산 0 0
진흥기업 002780 종속회사투자 0 0
진흥기업 002780 관계회사투자 0 0
진흥기업 002780 렌탈자산 0 0
진흥기업 002780 유형자산 4,117,295,920 4,206,428,110
진흥기업 002780 무형자산 907,757,982 918,493,447
진흥기업 002780 기타비유동금융자산 88,409,316,240 187,642,451,354
진흥기업 002780 기타비유동자산 0 0
진흥기업 002780 사용권자산 0 0
진흥기업 002780 이연법인세자산 0 0
진흥기업 002780 자산총계 302,104,481,427 530,468,285,655
진흥기업 002780 유동부채 242,137,082,355 430,390,779,709
진흥기업 002780 단기매입채무 0 0
진흥기업 002780 단기차입금 20,679,722,562 44,110,222,562
진흥기업 002780 유동성장기차입금 0 0
진흥기업 002780 유동성사채 0 0
진흥기업 002780 기타유동금융부채 5,569,769,257 7,752,274,508
진흥기업 002780 기타유동부채 0 0
진흥기업 002780 당기법인세부채 0 0
진흥기업 002780 유동리스부채 0 0
진흥기업 002780 비유동부채 69,976,107,895 34,190,790,280
진흥기업 002780 사채 0 0
진흥기업 002780 장기차입금 10,416,023,589 1,625,325,317
진흥기업 002780 기타비유동금융부채 85,000,000 50,000,000
진흥기업 002780 이연법인세부채 0 0
진흥기업 002780 비유동리스부채 0 0
진흥기업 002780 부채총계 312,113,190,250 464,581,569,989
진흥기업 002780 자본금 76,857,107,500 76,857,107,500
진흥기업 002780 자본잉여금 0 0
진흥기업 002780 자본조정 0 0
진흥기업 002780 기타포괄손익누계액 0 0
진흥기업 002780 이익잉여금(결손금) -92,206,243,737 -44,232,784,518
진흥기업 002780 자본총계 -10,008,708,823 65,886,715,666
진흥기업 002780 자본과부채총계 302,104,481,427 530,468,285,655
date : 2017-03-31
진흥기업 002780 유동자산 233,663,059,805 208,050,030,801
진흥기업 002780 현금및현금성자산 10,744,157,840 23,018,213,427
진흥기업 002780 매출채권 및 기타유동채권
진흥기업 002780 재고자산 3,816,668,642 3,801,096,458
진흥기업 002780 기타유동금융자산 5,481,501,692 6,069,453,599
진흥기업 002780 기타유동자산 0 0
진흥기업 002780 매각예정비유동자산 0 0
진흥기업 002780 비유동자산 93,553,980,221 94,054,450,626
진흥기업 002780 장기금융상품 0 0
진흥기업 002780 기타포괄손익-공정가치 0 0
진흥기업 002780 당기손익인식공정가치측정금융자산 0 0
진흥기업 002780 종속회사투자 0 0
진흥기업 002780 관계회사투자 0 0
진흥기업 002780 렌탈자산 0 0
진흥기업 002780 유형자산 4,188,914,903 4,117,295,920
진흥기업 002780 무형자산 918,534,382 907,757,982
진흥기업 002780 기타비유동금융자산 87,878,179,710 88,409,316,240
진흥기업 002780 기타비유동자산 0 0
진흥기업 002780 사용권자산 0 0
진흥기업 002780 이연법인세자산 0 0
진흥기업 002780 자산총계 327,217,040,026 302,104,481,427
진흥기업 002780 유동부채 219,016,456,876 242,137,082,355
진흥기업 002780 단기매입채무 0 0
진흥기업 002780 단기차입금 11,856,222,562 20,679,722,562
진흥기업 002780 유동성장기차입금 0 0
진흥기업 002780 유동성사채 0 0
진흥기업 002780 기타유동금융부채 4,046,922,486 5,569,769,257
진흥기업 002780 기타유동부채 0 0
진흥기업 002780 당기법인세부채 0 0
진흥기업 002780 유동리스부채 0 0
진흥기업 002780 비유동부채 63,308,763,688 69,976,107,895
진흥기업 002780 사채 0 0
진흥기업 002780 장기차입금 7,394,597,920 10,416,023,589
진흥기업 002780 기타비유동금융부채 85,000,000 85,000,000
진흥기업 002780 이연법인세부채 0 0
진흥기업 002780 비유동리스부채 0 0
진흥기업 002780 부채총계 282,325,220,564 312,113,190,250
진흥기업 002780 자본금 70,423,965,500 76,857,107,500
진흥기업 002780 자본잉여금 0 0
진흥기업 002780 자본조정 0 0
진흥기업 002780 기타포괄손익누계액 0 0
진흥기업 002780 이익잉여금(결손금) -87,148,840,618 -92,206,243,737
진흥기업 002780 자본총계 44,891,819,462 -10,008,708,823
진흥기업 002780 자본과부채총계 327,217,040,026 302,104,481,427
date : 2017-06-30
진흥기업 002780 유동자산 235,885,485,893 208,050,030,801
진흥기업 002780 현금및현금성자산 57,990,565,456 23,018,213,427
진흥기업 002780 매출채권 및 기타유동채권
진흥기업 002780 재고자산 4,036,293,871 3,801,096,458
진흥기업 002780 기타유동금융자산 8,689,072,150 6,069,453,599
진흥기업 002780 기타유동자산 0 0
진흥기업 002780 매각예정비유동자산 0 0
진흥기업 002780 비유동자산 103,638,277,428 94,054,450,626
진흥기업 002780 장기금융상품 0 0
진흥기업 002780 기타포괄손익-공정가치 0 0
진흥기업 002780 당기손익인식공정가치측정금융자산 0 0
진흥기업 002780 종속회사투자 0 0
진흥기업 002780 관계회사투자 0 0
진흥기업 002780 렌탈자산 0 0
진흥기업 002780 유형자산 9,087,921,438 4,117,295,920
진흥기업 002780 무형자산 904,568,316 907,757,982
진흥기업 002780 기타비유동금융자산 91,354,755,589 88,409,316,240
진흥기업 002780 기타비유동자산 0 0
진흥기업 002780 사용권자산 0 0
진흥기업 002780 이연법인세자산 0 0
진흥기업 002780 자산총계 339,523,763,321 302,104,481,427
진흥기업 002780 유동부채 217,740,558,993 242,137,082,355
진흥기업 002780 단기매입채무 0 0
진흥기업 002780 단기차입금 11,856,222,562 20,679,722,562
진흥기업 002780 유동성장기차입금 0 0
진흥기업 002780 유동성사채 0 0
진흥기업 002780 기타유동금융부채 5,271,840,416 5,569,769,257
진흥기업 002780 기타유동부채 0 0
진흥기업 002780 당기법인세부채 0 0
진흥기업 002780 유동리스부채 0 0
진흥기업 002780 비유동부채 60,603,008,326 69,976,107,895
진흥기업 002780 사채 0 0
진흥기업 002780 장기차입금 11,088,729,022 10,416,023,589
진흥기업 002780 기타비유동금융부채 85,000,000 85,000,000
진흥기업 002780 이연법인세부채 0 0
진흥기업 002780 비유동리스부채 0 0
진흥기업 002780 부채총계 278,343,567,319 312,113,190,250
진흥기업 002780 자본금 73,252,554,000 76,857,107,500
진흥기업 002780 자본잉여금 0 0
진흥기업 002780 자본조정 0 0
진흥기업 002780 기타포괄손익누계액 0 0
진흥기업 002780 이익잉여금(결손금) -84,328,039,354 -92,206,243,737
진흥기업 002780 자본총계 61,180,196,002 -10,008,708,823
진흥기업 002780 자본과부채총계 339,523,763,321 302,104,481,427
date : 2017-09-30
진흥기업 002780 유동자산 224,852,899,094 208,050,030,801
진흥기업 002780 현금및현금성자산 76,368,051,053 23,018,213,427
진흥기업 002780 매출채권 및 기타유동채권
진흥기업 002780 재고자산 4,079,688,581 3,801,096,458
진흥기업 002780 기타유동금융자산 4,406,258,012 6,069,453,599
진흥기업 002780 기타유동자산 20,061,800,572 19,522,503,254
진흥기업 002780 매각예정비유동자산 0 0
진흥기업 002780 비유동자산 101,809,298,756 94,054,450,626
진흥기업 002780 장기금융상품 0 0
진흥기업 002780 기타포괄손익-공정가치 0 0
진흥기업 002780 당기손익인식공정가치측정금융자산 0 0
진흥기업 002780 종속회사투자 0 0
진흥기업 002780 관계회사투자 0 0
진흥기업 002780 렌탈자산 0 0
진흥기업 002780 유형자산 10,024,300,642 4,117,295,920
진흥기업 002780 무형자산 887,793,912 907,757,982
진흥기업 002780 기타비유동금융자산 89,622,967,142 88,409,316,240
진흥기업 002780 기타비유동자산 0 0
진흥기업 002780 사용권자산 0 0
진흥기업 002780 이연법인세자산 0 0
진흥기업 002780 자산총계 326,662,197,850 302,104,481,427
진흥기업 002780 유동부채 195,816,456,247 242,137,082,355
진흥기업 002780 단기매입채무 0 0
진흥기업 002780 단기차입금 11,856,222,562 20,679,722,562
진흥기업 002780 유동성장기차입금 0 0
진흥기업 002780 유동성사채 0 0
진흥기업 002780 기타유동금융부채 3,719,776,795 3,883,604,850
진흥기업 002780 기타유동부채 2,218,124,027 5,927,212,673
진흥기업 002780 당기법인세부채 0 0
진흥기업 002780 유동리스부채 0 0
진흥기업 002780 비유동부채 60,378,251,398 69,976,107,895
진흥기업 002780 사채 0 0
진흥기업 002780 장기차입금 11,088,729,022 10,416,023,589
진흥기업 002780 기타비유동금융부채 50,000,000 85,000,000
진흥기업 002780 이연법인세부채 0 0
진흥기업 002780 비유동리스부채 0 0
진흥기업 002780 부채총계 256,194,707,645 312,113,190,250
진흥기업 002780 자본금 73,252,554,000 76,857,107,500
진흥기업 002780 자본잉여금 0 0
진흥기업 002780 자본조정 0 0
진흥기업 002780 기타포괄손익누계액 0 0
진흥기업 002780 이익잉여금(결손금) -74,914,651,476 -92,206,243,737
진흥기업 002780 자본총계 70,467,490,205 -10,008,708,823
진흥기업 002780 자본과부채총계 326,662,197,850 302,104,481,427
date : 2017-12-31
진흥기업 002780 유동자산 210,492,004,278 208,050,030,801
진흥기업 002780 현금및현금성자산 46,976,924,896 23,018,213,427
진흥기업 002780 매출채권 및 기타유동채권
진흥기업 002780 재고자산 3,944,787,509 3,801,096,458
진흥기업 002780 기타유동금융자산 1,871,527,236 6,069,453,599
진흥기업 002780 기타유동자산 15,037,932,893 19,522,503,254
진흥기업 002780 매각예정비유동자산 0 0
진흥기업 002780 비유동자산 103,086,695,676 94,054,450,626
진흥기업 002780 장기금융상품 0 0
진흥기업 002780 기타포괄손익-공정가치 0 0
진흥기업 002780 당기손익인식공정가치측정금융자산 0 0
진흥기업 002780 종속회사투자 0 0
진흥기업 002780 관계회사투자 0 0
진흥기업 002780 렌탈자산 0 0
진흥기업 002780 유형자산 10,883,949,554 4,117,295,920
진흥기업 002780 무형자산 376,392,545 907,757,982
진흥기업 002780 기타비유동금융자산 89,564,556,552 88,409,316,240
진흥기업 002780 기타비유동자산 1,929,241,876 88,409,316,240
진흥기업 002780 사용권자산 0 0
진흥기업 002780 이연법인세자산 0 0
진흥기업 002780 자산총계 313,578,699,954 302,104,481,427
진흥기업 002780 유동부채 186,575,906,456 242,137,082,355
진흥기업 002780 단기매입채무 0 0
진흥기업 002780 단기차입금 21,594,990,326 20,679,722,562
진흥기업 002780 유동성장기차입금 0 0
진흥기업 002780 유동성사채 0 0
진흥기업 002780 기타유동금융부채 4,593,773,337 3,883,604,850
진흥기업 002780 기타유동부채 3,225,005,609 5,927,212,673
진흥기업 002780 당기법인세부채 0 0
진흥기업 002780 유동리스부채 0 0
진흥기업 002780 비유동부채 51,203,298,075 69,976,107,895
진흥기업 002780 사채 0 0
진흥기업 002780 장기차입금 1,344,737,063 10,416,023,589
진흥기업 002780 기타비유동금융부채 85,000,000 85,000,000
진흥기업 002780 이연법인세부채 0 0
진흥기업 002780 비유동리스부채 0 0
진흥기업 002780 부채총계 237,779,204,531 312,113,190,250
진흥기업 002780 자본금 73,252,554,000 76,857,107,500
진흥기업 002780 자본잉여금 0 0
진흥기업 002780 자본조정 0 0
진흥기업 002780 기타포괄손익누계액 0 0
진흥기업 002780 이익잉여금(결손금) -70,025,868,594 -92,206,243,737
진흥기업 002780 자본총계 75,799,495,423 -10,008,708,823
진흥기업 002780 자본과부채총계 313,578,699,954 302,104,481,427
date : 2018-03-31
진흥기업 002780 유동자산 269,023,272,144 210,492,004,278
진흥기업 002780 현금및현금성자산 71,782,342,328 46,976,924,896
진흥기업 002780 매출채권 및 기타유동채권
진흥기업 002780 재고자산 4,839,898,614 3,944,787,509
진흥기업 002780 기타유동금융자산 1,632,934,806 1,871,527,236
진흥기업 002780 기타유동자산 11,315,495,795 15,037,932,893
진흥기업 002780 매각예정비유동자산 0 0
진흥기업 002780 비유동자산 104,217,128,621 103,086,695,676
진흥기업 002780 장기금융상품 0 0
진흥기업 002780 기타포괄손익-공정가치 0 0
진흥기업 002780 당기손익인식공정가치측정금융자산 0 0
진흥기업 002780 종속회사투자 0 0
진흥기업 002780 관계회사투자 0 0
진흥기업 002780 렌탈자산 0 0
진흥기업 002780 유형자산 10,847,598,149 10,883,949,554
진흥기업 002780 무형자산 355,501,189 376,392,545
진흥기업 002780 기타비유동금융자산 90,921,731,921 89,564,556,552
진흥기업 002780 기타비유동자산 1,777,980,446 1,929,241,876
진흥기업 002780 사용권자산 0 0
진흥기업 002780 이연법인세자산 0 0
진흥기업 002780 자산총계 373,240,400,765 313,578,699,954
진흥기업 002780 유동부채 235,744,589,353 186,575,906,456
진흥기업 002780 단기매입채무 0 0
진흥기업 002780 단기차입금 21,594,990,326 21,594,990,326
진흥기업 002780 유동성장기차입금 0 0
진흥기업 002780 유동성사채 0 0
진흥기업 002780 기타유동금융부채 5,610,828,235 4,593,773,337
진흥기업 002780 기타유동부채 1,889,942,129 3,225,005,609
진흥기업 002780 당기법인세부채 0 0
진흥기업 002780 유동리스부채 0 0
진흥기업 002780 비유동부채 52,696,509,603 51,203,298,075
진흥기업 002780 사채 0 0
진흥기업 002780 장기차입금 1,344,737,063 1,344,737,063
진흥기업 002780 기타비유동금융부채 85,000,000 85,000,000
진흥기업 002780 이연법인세부채 0 0
진흥기업 002780 비유동리스부채 0 0
진흥기업 002780 부채총계 288,441,098,956 237,779,204,531
진흥기업 002780 자본금 73,252,554,000 73,252,554,000
진흥기업 002780 자본잉여금 0 0
진흥기업 002780 자본조정 0 0
진흥기업 002780 기타포괄손익누계액 0 0
진흥기업 002780 이익잉여금(결손금) 356,922,488 -70,025,868,594
진흥기업 002780 자본총계 84,799,301,809 75,799,495,423
진흥기업 002780 자본과부채총계 373,240,400,765 313,578,699,954
date : 2018-06-30
진흥기업 002780 유동자산 319,619,516,188 210,500,745,541
진흥기업 002780 현금및현금성자산 67,223,855,701 46,977,532,509
진흥기업 002780 매출채권 및 기타유동채권
진흥기업 002780 재고자산 3,965,324,702 3,944,787,509
진흥기업 002780 기타유동금융자산 21,868,979,773 1,871,527,236
진흥기업 002780 기타유동자산 12,367,260,045 15,037,932,893
진흥기업 002780 매각예정비유동자산 0 0
진흥기업 002780 비유동자산 73,143,599,573 103,101,695,676
진흥기업 002780 장기금융상품 0 0
진흥기업 002780 기타포괄손익-공정가치 0 0
진흥기업 002780 당기손익인식공정가치측정금융자산 0 0
진흥기업 002780 종속회사투자 0 0
진흥기업 002780 관계회사투자 0 0
진흥기업 002780 렌탈자산 0 0
진흥기업 002780 유형자산 10,786,755,743 10,883,949,554
진흥기업 002780 무형자산 344,860,788 376,392,545
진흥기업 002780 기타비유동금융자산 60,228,590,950 89,579,556,552
진흥기업 002780 기타비유동자산 1,488,040,159 1,929,241,876
진흥기업 002780 사용권자산 0 0
진흥기업 002780 이연법인세자산 0 0
진흥기업 002780 자산총계 392,763,115,761 313,602,441,217
진흥기업 002780 유동부채 274,600,879,161 186,525,218,511
진흥기업 002780 단기매입채무 0 0
진흥기업 002780 단기차입금 21,593,719,173 21,594,990,326
진흥기업 002780 유동성장기차입금 0 0
진흥기업 002780 유동성사채 0 0
진흥기업 002780 기타유동금융부채 7,005,135,618 4,593,921,587
진흥기업 002780 기타유동부채 3,721,383,329 3,174,169,414
진흥기업 002780 당기법인세부채 0 0
진흥기업 002780 유동리스부채 0 0
진흥기업 002780 비유동부채 53,603,761,238 51,203,298,075
진흥기업 002780 사채 0 0
진흥기업 002780 장기차입금 1,167,746,865 1,344,737,063
진흥기업 002780 기타비유동금융부채 85,000,000 85,000,000
진흥기업 002780 이연법인세부채 0 0
진흥기업 002780 비유동리스부채 0 0
진흥기업 002780 부채총계 328,204,640,399 237,728,516,586
진흥기업 002780 자본금 73,252,554,000 73,252,554,000
진흥기업 002780 자본잉여금 0 0
진흥기업 002780 자본조정 0 0
진흥기업 002780 기타포괄손익누계액 0 0
진흥기업 002780 이익잉여금(결손금) -15,000,891,192 -69,951,439,386
진흥기업 002780 자본총계 64,558,475,362 75,873,924,631
진흥기업 002780 자본과부채총계 392,763,115,761 313,602,441,217
date : 2018-09-30
진흥기업 002780 유동자산 332,984,207,611 210,500,745,541
진흥기업 002780 현금및현금성자산 13,802,897,852 46,977,532,509
진흥기업 002780 매출채권 및 기타유동채권
진흥기업 002780 재고자산 3,674,128,487 3,944,787,509
진흥기업 002780 기타유동금융자산 76,746,083,611 1,871,527,236
진흥기업 002780 기타유동자산 13,208,430,800 15,037,932,893
진흥기업 002780 매각예정비유동자산 0 0
진흥기업 002780 비유동자산 76,463,953,692 103,101,695,676
진흥기업 002780 장기금융상품 0 0
진흥기업 002780 기타포괄손익-공정가치 0 0
진흥기업 002780 당기손익인식공정가치측정금융자산 0 0
진흥기업 002780 종속회사투자 0 0
진흥기업 002780 관계회사투자 0 0
진흥기업 002780 렌탈자산 0 0
진흥기업 002780 유형자산 10,757,650,483 10,883,949,554
진흥기업 002780 무형자산 355,222,282 376,392,545
진흥기업 002780 기타비유동금융자산 63,662,424,287 89,579,556,552
진흥기업 002780 기타비유동자산 1,455,330,756 1,929,241,876
진흥기업 002780 사용권자산 0 0
진흥기업 002780 이연법인세자산 0 0
진흥기업 002780 자산총계 409,448,161,303 313,602,441,217
진흥기업 002780 유동부채 280,002,055,185 186,525,218,511
진흥기업 002780 단기매입채무 0 0
진흥기업 002780 단기차입금 22,580,171,665 21,594,990,326
진흥기업 002780 유동성장기차입금 0 0
진흥기업 002780 유동성사채 0 0
진흥기업 002780 기타유동금융부채 6,986,206,788 4,593,921,587
진흥기업 002780 기타유동부채 5,861,036,458 3,174,169,414
진흥기업 002780 당기법인세부채 0 0
진흥기업 002780 유동리스부채 0 0
진흥기업 002780 비유동부채 53,845,510,572 51,203,298,075
진흥기업 002780 사채 0 0
진흥기업 002780 장기차입금 1,167,746,865 1,344,737,063
진흥기업 002780 기타비유동금융부채 85,000,000 85,000,000
진흥기업 002780 이연법인세부채 0 0
진흥기업 002780 비유동리스부채 0 0
진흥기업 002780 부채총계 333,847,565,757 237,728,516,586
진흥기업 002780 자본금 73,252,554,000 73,252,554,000
진흥기업 002780 자본잉여금 0 0
진흥기업 002780 자본조정 0 0
진흥기업 002780 기타포괄손익누계액 0 0
진흥기업 002780 이익잉여금(결손금) -3,963,105,852 -69,951,439,386
진흥기업 002780 자본총계 75,600,595,546 75,873,924,631
진흥기업 002780 자본과부채총계 409,448,161,303 313,602,441,217
date : 2018-12-31
진흥기업 002780 유동자산 286,361,415,386 210,500,745,541
진흥기업 002780 현금및현금성자산 12,555,530,444 46,977,532,509
진흥기업 002780 매출채권 및 기타유동채권
진흥기업 002780 재고자산 3,714,987,182 3,944,787,509
진흥기업 002780 기타유동금융자산 50,162,325,361 1,871,527,236
진흥기업 002780 기타유동자산 8,388,083,524 15,037,932,893
진흥기업 002780 매각예정비유동자산 0 0
진흥기업 002780 비유동자산 79,880,405,803 103,101,695,676
진흥기업 002780 장기금융상품 0 0
진흥기업 002780 기타포괄손익-공정가치 0 0
진흥기업 002780 당기손익인식공정가치측정금융자산 0 0
진흥기업 002780 종속회사투자 0 0
진흥기업 002780 관계회사투자 0 0
진흥기업 002780 렌탈자산 0 0
진흥기업 002780 유형자산 10,707,695,970 10,883,949,554
진흥기업 002780 무형자산 341,273,776 376,392,545
진흥기업 002780 기타비유동금융자산 67,215,117,119 89,579,556,552
진흥기업 002780 기타비유동자산 1,395,530,183 1,929,241,876
진흥기업 002780 사용권자산 0 0
진흥기업 002780 이연법인세자산 0 0
진흥기업 002780 자산총계 366,241,821,189 313,602,441,217
진흥기업 002780 유동부채 228,546,159,408 186,525,218,511
진흥기업 002780 단기매입채무 0 0
진흥기업 002780 단기차입금 12,471,567,192 21,594,990,326
진흥기업 002780 유동성장기차입금 0 0
진흥기업 002780 유동성사채 0 0
진흥기업 002780 기타유동금융부채 8,535,042,101 4,593,921,587
진흥기업 002780 기타유동부채 4,906,716,172 3,174,169,414
진흥기업 002780 당기법인세부채 0 0
진흥기업 002780 유동리스부채 0 0
진흥기업 002780 비유동부채 58,891,515,529 51,203,298,075
진흥기업 002780 사채 0 0
진흥기업 002780 장기차입금 11,232,068,780 1,344,737,063
진흥기업 002780 기타비유동금융부채 85,000,000 85,000,000
진흥기업 002780 이연법인세부채 0 0
진흥기업 002780 비유동리스부채 0 0
진흥기업 002780 부채총계 287,437,674,937 237,728,516,586
진흥기업 002780 자본금 73,311,885,500 73,252,554,000
진흥기업 002780 자본잉여금 0 0
진흥기업 002780 자본조정 0 0
진흥기업 002780 기타포괄손익누계액 6,404,024,702 11,236,391,698
진흥기업 002780 이익잉여금(결손금) -944,897,318 -69,951,439,386
진흥기업 002780 자본총계 78,804,146,252 75,873,924,631
진흥기업 002780 자본과부채총계 366,241,821,189 313,602,441,217
date : 2019-03-31
진흥기업 002780 유동자산 306,930,066,526 286,361,415,386
진흥기업 002780 현금및현금성자산 8,202,056,429 12,555,530,444
진흥기업 002780 매출채권 및 기타유동채권
진흥기업 002780 재고자산 3,595,062,899 3,714,987,182
진흥기업 002780 기타유동금융자산 53,858,160,070 50,162,325,361
진흥기업 002780 기타유동자산 11,527,534,671 8,388,083,524
진흥기업 002780 매각예정비유동자산 0 0
진흥기업 002780 비유동자산 80,660,935,615 79,880,405,803
진흥기업 002780 장기금융상품 0 0
진흥기업 002780 기타포괄손익-공정가치 0 0
진흥기업 002780 당기손익인식공정가치측정금융자산 0 0
진흥기업 002780 종속회사투자 0 0
진흥기업 002780 관계회사투자 0 0
진흥기업 002780 렌탈자산 0 0
진흥기업 002780 유형자산 10,655,357,707 10,707,695,970
진흥기업 002780 무형자산 355,435,271 341,273,776
진흥기업 002780 기타비유동금융자산 66,739,434,574 67,215,117,119
진흥기업 002780 기타비유동자산 1,453,761,777 1,395,530,183
진흥기업 002780 사용권자산 1,248,694,660 10,707,695,970
진흥기업 002780 이연법인세자산 0 0
진흥기업 002780 자산총계 387,591,002,141 366,241,821,189
진흥기업 002780 유동부채 238,220,238,719 228,546,159,408
진흥기업 002780 단기매입채무 0 0
진흥기업 002780 단기차입금 12,471,567,192 12,471,567,192
진흥기업 002780 유동성장기차입금 0 0
진흥기업 002780 유동성사채 0 0
진흥기업 002780 기타유동금융부채 9,466,406,790 8,535,042,101
진흥기업 002780 기타유동부채 5,735,950,043 4,906,716,172
진흥기업 002780 당기법인세부채 0 0
진흥기업 002780 유동리스부채 0 0
진흥기업 002780 비유동부채 63,084,473,505 58,891,515,529
진흥기업 002780 사채 0 0
진흥기업 002780 장기차입금 11,024,744,520 11,232,068,780
진흥기업 002780 기타비유동금융부채 85,000,000 85,000,000
진흥기업 002780 이연법인세부채 0 0
진흥기업 002780 비유동리스부채 1,111,217,436 11,232,068,780
진흥기업 002780 부채총계 301,304,712,224 287,437,674,937
진흥기업 002780 자본금 73,311,885,500 73,311,885,500
진흥기업 002780 자본잉여금 0 0
진흥기업 002780 자본조정 0 0
진흥기업 002780 기타포괄손익누계액 6,400,681,004 6,404,024,702
진흥기업 002780 이익잉여금(결손금) 6,635,457,185 -944,897,318
진흥기업 002780 자본총계 86,286,289,917 78,804,146,252
진흥기업 002780 자본과부채총계 387,591,002,141 366,241,821,189
