date : 2015-12-31
미원상사 002840 유동자산 66,459,533,335 62,426,095,160
미원상사 002840 현금및현금성자산 5,873,960,434 3,141,677,608
미원상사 002840 매출채권 및 기타수취채권
미원상사 002840 재고자산 33,212,289,699 32,469,095,139
미원상사 002840 기타유동금융자산 0 0
미원상사 002840 기타유동자산 388,084,807 482,930,708
미원상사 002840 매각예정비유동자산 0 0
미원상사 002840 비유동자산 99,161,350,363 99,433,985,965
미원상사 002840 장기금융상품 0 0
미원상사 002840 기타포괄손익-공정가치 0 0
미원상사 002840 당기손익인식공정가치측정금융자산 0 0
미원상사 002840 종속회사투자 0 0
미원상사 002840 관계회사투자 0 0
미원상사 002840 렌탈자산 0 0
미원상사 002840 유형자산 60,051,037,012 61,265,580,545
미원상사 002840 무형자산 1,302,840,346 1,225,843,509
미원상사 002840 기타비유동금융자산 0 0
미원상사 002840 기타비유동자산 0 0
미원상사 002840 사용권자산 0 0
미원상사 002840 이연법인세자산 0 0
미원상사 002840 자산총계 165,620,883,698 161,860,081,125
미원상사 002840 유동부채 20,078,669,932 27,538,666,336
미원상사 002840 단기매입채무 11,050,115,264 10,064,046,958
미원상사 002840 단기차입금 423,883,100 501,399,311
미원상사 002840 유동성장기차입금 0 8,890,000,000
미원상사 002840 유동성사채 0 0
미원상사 002840 기타유동금융부채 0 0
미원상사 002840 기타유동부채 840,357,063 419,489,188
미원상사 002840 당기법인세부채 2,542,788,685 2,226,082,645
미원상사 002840 유동리스부채 0 0
미원상사 002840 비유동부채 10,848,897,273 10,809,042,297
미원상사 002840 사채 0 0
미원상사 002840 장기차입금 0 0
미원상사 002840 기타비유동금융부채 0 0
미원상사 002840 이연법인세부채 3,850,085,023 4,869,992,756
미원상사 002840 비유동리스부채 0 0
미원상사 002840 부채총계 30,927,567,205 38,347,708,633
미원상사 002840 자본금 7,892,070,000 7,837,185,000
미원상사 002840 자본잉여금 29,365,190,802 27,391,301,372
미원상사 002840 자본조정 0 0
미원상사 002840 기타포괄손익누계액 8,848,086,446 7,724,569,571
미원상사 002840 이익잉여금(결손금) 0 0
미원상사 002840 자본총계 134,693,316,493 123,512,372,492
미원상사 002840 자본과부채총계 165,620,883,698 161,860,081,125
date : 2016-03-31
미원상사 002840 유동자산 69,233,831,377 66,459,533,335
미원상사 002840 현금및현금성자산 9,219,619,033 5,873,960,434
미원상사 002840 매출채권 및 기타수취채권
미원상사 002840 재고자산 31,664,244,259 33,212,289,699
미원상사 002840 기타유동금융자산 0 0
미원상사 002840 기타유동자산 366,693,350 388,084,807
미원상사 002840 매각예정비유동자산 0 0
미원상사 002840 비유동자산 99,311,815,346 99,161,350,363
미원상사 002840 장기금융상품 0 0
미원상사 002840 기타포괄손익-공정가치 0 0
미원상사 002840 당기손익인식공정가치측정금융자산 0 0
미원상사 002840 종속회사투자 0 0
미원상사 002840 관계회사투자 0 0
미원상사 002840 렌탈자산 0 0
미원상사 002840 유형자산 58,897,206,143 60,051,037,012
미원상사 002840 무형자산 1,301,914,213 1,302,840,346
미원상사 002840 기타비유동금융자산 0 0
미원상사 002840 기타비유동자산 0 0
미원상사 002840 사용권자산 0 0
미원상사 002840 이연법인세자산 0 0
미원상사 002840 자산총계 168,545,646,723 165,620,883,698
미원상사 002840 유동부채 17,545,804,239 20,078,669,932
미원상사 002840 단기매입채무 9,433,634,374 11,050,115,264
미원상사 002840 단기차입금 0 423,883,100
미원상사 002840 유동성장기차입금 0 0
미원상사 002840 유동성사채 0 0
미원상사 002840 기타유동금융부채 0 0
미원상사 002840 기타유동부채 416,540,825 840,357,063
미원상사 002840 당기법인세부채 2,596,697,484 2,542,788,685
미원상사 002840 유동리스부채 0 0
미원상사 002840 비유동부채 11,539,402,680 10,848,897,273
미원상사 002840 사채 0 0
미원상사 002840 장기차입금 0 0
미원상사 002840 기타비유동금융부채 0 0
미원상사 002840 이연법인세부채 4,114,192,520 3,850,085,023
미원상사 002840 비유동리스부채 0 0
미원상사 002840 부채총계 29,085,206,919 30,927,567,205
미원상사 002840 자본금 7,892,070,000 7,892,070,000
미원상사 002840 자본잉여금 29,365,190,802 29,365,190,802
미원상사 002840 자본조정 0 0
미원상사 002840 기타포괄손익누계액 9,950,610,206 8,848,086,446
미원상사 002840 이익잉여금(결손금) 0 0
미원상사 002840 자본총계 139,460,439,804 134,693,316,493
미원상사 002840 자본과부채총계 168,545,646,723 165,620,883,698
date : 2016-06-30
미원상사 002840 유동자산 73,755,224,762 66,459,533,335
미원상사 002840 현금및현금성자산 10,483,080,778 5,873,960,434
미원상사 002840 매출채권 및 기타수취채권
미원상사 002840 재고자산 32,546,348,113 33,212,289,699
미원상사 002840 기타유동금융자산 0 0
미원상사 002840 기타유동자산 484,629,585 388,084,807
미원상사 002840 매각예정비유동자산 0 0
미원상사 002840 비유동자산 106,432,040,311 99,161,350,363
미원상사 002840 장기금융상품 0 0
미원상사 002840 기타포괄손익-공정가치 0 0
미원상사 002840 당기손익인식공정가치측정금융자산 0 0
미원상사 002840 종속회사투자 0 0
미원상사 002840 관계회사투자 0 0
미원상사 002840 렌탈자산 0 0
미원상사 002840 유형자산 59,926,075,400 60,051,037,012
미원상사 002840 무형자산 1,422,123,181 1,302,840,346
미원상사 002840 기타비유동금융자산 0 0
미원상사 002840 기타비유동자산 0 0
미원상사 002840 사용권자산 0 0
미원상사 002840 이연법인세자산 0 0
미원상사 002840 자산총계 180,187,265,073 165,620,883,698
미원상사 002840 유동부채 21,086,038,557 20,078,669,932
미원상사 002840 단기매입채무 10,813,568,648 11,050,115,264
미원상사 002840 단기차입금 822,593,135 423,883,100
미원상사 002840 유동성장기차입금 0 0
미원상사 002840 유동성사채 0 0
미원상사 002840 기타유동금융부채 0 0
미원상사 002840 기타유동부채 509,960,601 840,357,063
미원상사 002840 당기법인세부채 2,177,938,823 2,542,788,685
미원상사 002840 유동리스부채 0 0
미원상사 002840 비유동부채 13,056,894,698 10,848,897,273
미원상사 002840 사채 0 0
미원상사 002840 장기차입금 0 0
미원상사 002840 기타비유동금융부채 0 0
미원상사 002840 이연법인세부채 5,226,040,881 3,850,085,023
미원상사 002840 비유동리스부채 0 0
미원상사 002840 부채총계 34,142,933,255 30,927,567,205
미원상사 002840 자본금 7,892,070,000 7,892,070,000
미원상사 002840 자본잉여금 29,365,190,802 29,365,190,802
미원상사 002840 자본조정 0 0
미원상사 002840 기타포괄손익누계액 14,808,510,216 8,848,086,446
미원상사 002840 이익잉여금(결손금) 0 0
미원상사 002840 자본총계 146,044,331,818 134,693,316,493
미원상사 002840 자본과부채총계 180,187,265,073 165,620,883,698
date : 2016-09-30
미원상사 002840 유동자산 75,793,606,169 66,459,533,335
미원상사 002840 현금및현금성자산 16,197,641,333 5,873,960,434
미원상사 002840 매출채권 및 기타수취채권
미원상사 002840 재고자산 30,891,484,134 33,212,289,699
미원상사 002840 기타유동금융자산 0 0
미원상사 002840 기타유동자산 465,680,225 388,084,807
미원상사 002840 매각예정비유동자산 0 0
미원상사 002840 비유동자산 104,136,675,246 99,161,350,363
미원상사 002840 장기금융상품 0 0
미원상사 002840 기타포괄손익-공정가치 0 0
미원상사 002840 당기손익인식공정가치측정금융자산 0 0
미원상사 002840 종속회사투자 0 0
미원상사 002840 관계회사투자 0 0
미원상사 002840 렌탈자산 0 0
미원상사 002840 유형자산 59,096,092,224 60,051,037,012
미원상사 002840 무형자산 1,423,677,020 1,302,840,346
미원상사 002840 기타비유동금융자산 0 0
미원상사 002840 기타비유동자산 0 0
미원상사 002840 사용권자산 0 0
미원상사 002840 이연법인세자산 0 0
미원상사 002840 자산총계 179,930,281,415 165,620,883,698
미원상사 002840 유동부채 16,935,642,655 20,078,669,932
미원상사 002840 단기매입채무 9,375,963,728 11,050,115,264
미원상사 002840 단기차입금 0 423,883,100
미원상사 002840 유동성장기차입금 0 0
미원상사 002840 유동성사채 0 0
미원상사 002840 기타유동금융부채 0 0
미원상사 002840 기타유동부채 477,675,847 840,357,063
미원상사 002840 당기법인세부채 1,559,589,835 2,542,788,685
미원상사 002840 유동리스부채 0 0
미원상사 002840 비유동부채 13,723,741,594 10,848,897,273
미원상사 002840 사채 0 0
미원상사 002840 장기차입금 0 0
미원상사 002840 기타비유동금융부채 0 0
미원상사 002840 이연법인세부채 5,366,968,244 3,850,085,023
미원상사 002840 비유동리스부채 0 0
미원상사 002840 부채총계 30,659,384,249 30,927,567,205
미원상사 002840 자본금 7,892,070,000 7,892,070,000
미원상사 002840 자본잉여금 29,369,035,274 29,365,190,802
미원상사 002840 자본조정 0 0
미원상사 002840 기타포괄손익누계액 15,476,007,852 8,848,086,446
미원상사 002840 이익잉여금(결손금) 0 0
미원상사 002840 자본총계 149,270,897,166 134,693,316,493
미원상사 002840 자본과부채총계 179,930,281,415 165,620,883,698
date : 2016-12-31
미원상사 002840 유동자산 81,089,720,819 66,459,533,335
미원상사 002840 현금및현금성자산 17,580,245,699 5,873,960,434
미원상사 002840 매출채권 및 기타수취채권
미원상사 002840 재고자산 32,928,804,596 33,212,289,699
미원상사 002840 기타유동금융자산 0 0
미원상사 002840 기타유동자산 276,379,984 388,084,807
미원상사 002840 매각예정비유동자산 0 0
미원상사 002840 비유동자산 127,724,734,817 99,161,350,363
미원상사 002840 장기금융상품 0 0
미원상사 002840 기타포괄손익-공정가치 0 0
미원상사 002840 당기손익인식공정가치측정금융자산 0 0
미원상사 002840 종속회사투자 0 0
미원상사 002840 관계회사투자 0 0
미원상사 002840 렌탈자산 0 0
미원상사 002840 유형자산 59,712,666,204 60,051,037,012
미원상사 002840 무형자산 1,376,781,708 1,302,840,346
미원상사 002840 기타비유동금융자산 0 0
미원상사 002840 기타비유동자산 0 0
미원상사 002840 사용권자산 0 0
미원상사 002840 이연법인세자산 0 0
미원상사 002840 자산총계 208,814,455,636 165,620,883,698
미원상사 002840 유동부채 19,988,117,769 20,078,669,932
미원상사 002840 단기매입채무 10,202,114,144 11,050,115,264
미원상사 002840 단기차입금 658,670,628 423,883,100
미원상사 002840 유동성장기차입금 0 0
미원상사 002840 유동성사채 0 0
미원상사 002840 기타유동금융부채 0 0
미원상사 002840 기타유동부채 869,587,506 840,357,063
미원상사 002840 당기법인세부채 1,795,095,338 2,542,788,685
미원상사 002840 유동리스부채 0 0
미원상사 002840 비유동부채 18,324,864,024 10,848,897,273
미원상사 002840 사채 0 0
미원상사 002840 장기차입금 0 0
미원상사 002840 기타비유동금융부채 0 0
미원상사 002840 이연법인세부채 10,546,012,915 3,850,085,023
미원상사 002840 비유동리스부채 0 0
미원상사 002840 부채총계 38,312,981,793 30,927,567,205
미원상사 002840 자본금 7,949,030,000 7,892,070,000
미원상사 002840 자본잉여금 31,810,543,874 29,365,190,802
미원상사 002840 자본조정 0 0
미원상사 002840 기타포괄손익누계액 16,068,985,692 8,848,086,446
미원상사 002840 이익잉여금(결손금) 0 0
미원상사 002840 자본총계 170,501,473,843 134,693,316,493
미원상사 002840 자본과부채총계 208,814,455,636 165,620,883,698
date : 2017-03-31
미원상사 002840 유동자산 79,725,641,129 81,089,720,819
미원상사 002840 현금및현금성자산 13,275,287,630 17,580,245,699
미원상사 002840 매출채권 및 기타수취채권
미원상사 002840 재고자산 32,944,441,559 32,928,804,596
미원상사 002840 기타유동금융자산 0 0
미원상사 002840 기타유동자산 971,819,698 276,379,984
미원상사 002840 매각예정비유동자산 0 0
미원상사 002840 비유동자산 131,872,965,249 127,724,734,817
미원상사 002840 장기금융상품 0 0
미원상사 002840 기타포괄손익-공정가치 0 0
미원상사 002840 당기손익인식공정가치측정금융자산 0 0
미원상사 002840 종속회사투자 0 0
미원상사 002840 관계회사투자 0 0
미원상사 002840 렌탈자산 0 0
미원상사 002840 유형자산 60,328,692,484 59,712,666,204
미원상사 002840 무형자산 1,358,104,139 1,376,781,708
미원상사 002840 기타비유동금융자산 0 0
미원상사 002840 기타비유동자산 0 0
미원상사 002840 사용권자산 0 0
미원상사 002840 이연법인세자산 0 0
미원상사 002840 자산총계 211,598,606,378 208,814,455,636
미원상사 002840 유동부채 17,123,338,821 19,988,117,769
미원상사 002840 단기매입채무 8,952,570,025 10,202,114,144
미원상사 002840 단기차입금 0 658,670,628
미원상사 002840 유동성장기차입금 0 0
미원상사 002840 유동성사채 0 0
미원상사 002840 기타유동금융부채 0 0
미원상사 002840 기타유동부채 456,009,146 869,587,506
미원상사 002840 당기법인세부채 2,106,011,846 1,795,095,338
미원상사 002840 유동리스부채 0 0
미원상사 002840 비유동부채 18,598,535,670 18,324,864,024
미원상사 002840 사채 0 0
미원상사 002840 장기차입금 0 0
미원상사 002840 기타비유동금융부채 0 0
미원상사 002840 이연법인세부채 10,693,476,826 10,546,012,915
미원상사 002840 비유동리스부채 0 0
미원상사 002840 부채총계 35,721,874,491 38,312,981,793
미원상사 002840 자본금 7,949,030,000 7,949,030,000
미원상사 002840 자본잉여금 31,813,339,853 31,810,543,874
미원상사 002840 자본조정 0 0
미원상사 002840 기타포괄손익누계액 18,944,505,612 16,068,985,692
미원상사 002840 이익잉여금(결손금) 0 0
미원상사 002840 자본총계 175,876,731,887 170,501,473,843
미원상사 002840 자본과부채총계 211,598,606,378 208,814,455,636
date : 2017-06-30
미원상사 002840 유동자산 84,757,051,465 81,089,720,819
미원상사 002840 현금및현금성자산 13,808,085,324 17,580,245,699
미원상사 002840 매출채권 및 기타수취채권
미원상사 002840 재고자산 33,999,714,776 32,928,804,596
미원상사 002840 기타유동금융자산 0 0
미원상사 002840 기타유동자산 654,524,144 276,379,984
미원상사 002840 매각예정비유동자산 0 0
미원상사 002840 비유동자산 139,405,464,957 127,724,734,817
미원상사 002840 장기금융상품 0 0
미원상사 002840 기타포괄손익-공정가치 0 0
미원상사 002840 당기손익인식공정가치측정금융자산 0 0
미원상사 002840 종속회사투자 0 0
미원상사 002840 관계회사투자 0 0
미원상사 002840 렌탈자산 0 0
미원상사 002840 유형자산 64,839,790,391 59,712,666,204
미원상사 002840 무형자산 1,358,104,139 1,376,781,708
미원상사 002840 기타비유동금융자산 0 0
미원상사 002840 기타비유동자산 0 0
미원상사 002840 사용권자산 0 0
미원상사 002840 이연법인세자산 0 0
미원상사 002840 자산총계 224,162,516,422 208,814,455,636
미원상사 002840 유동부채 20,577,895,852 19,988,117,769
미원상사 002840 단기매입채무 10,550,791,111 10,202,114,144
미원상사 002840 단기차입금 139,798,151 658,670,628
미원상사 002840 유동성장기차입금 0 0
미원상사 002840 유동성사채 0 0
미원상사 002840 기타유동금융부채 0 0
미원상사 002840 기타유동부채 559,327,748 869,587,506
미원상사 002840 당기법인세부채 2,563,037,771 1,795,095,338
미원상사 002840 유동리스부채 0 0
미원상사 002840 비유동부채 19,246,486,726 18,324,864,024
미원상사 002840 사채 0 0
미원상사 002840 장기차입금 0 0
미원상사 002840 기타비유동금융부채 0 0
미원상사 002840 이연법인세부채 10,961,458,047 10,546,012,915
미원상사 002840 비유동리스부채 0 0
미원상사 002840 부채총계 39,824,382,578 38,312,981,793
미원상사 002840 자본금 7,949,030,000 7,949,030,000
미원상사 002840 자본잉여금 31,827,319,750 31,810,543,874
미원상사 002840 자본조정 0 0
미원상사 002840 기타포괄손익누계액 8,496,399,782 16,068,985,692
미원상사 002840 이익잉여금(결손금) 139,088,754,130 117,696,284,095
미원상사 002840 자본총계 184,338,133,844 170,501,473,843
미원상사 002840 자본과부채총계 224,162,516,422 208,814,455,636
date : 2017-09-30
미원상사 002840 유동자산 85,280,175,050 81,089,720,819
미원상사 002840 현금및현금성자산 15,684,950,920 17,580,245,699
미원상사 002840 매출채권 34,023,171,297 28,129,932,062
미원상사 002840 재고자산 33,016,395,519 32,928,804,596
미원상사 002840 기타유동금융자산 0 0
미원상사 002840 기타유동자산 401,660,379 276,379,984
미원상사 002840 매각예정비유동자산 0 0
미원상사 002840 비유동자산 137,673,122,857 127,724,734,817
미원상사 002840 장기금융상품 0 0
미원상사 002840 기타포괄손익-공정가치 0 0
미원상사 002840 당기손익인식공정가치측정금융자산 0 0
미원상사 002840 종속회사투자 0 0
미원상사 002840 관계회사투자 0 0
미원상사 002840 렌탈자산 0 0
미원상사 002840 유형자산 64,106,708,222 59,712,666,204
미원상사 002840 무형자산 1,358,104,139 1,376,781,708
미원상사 002840 기타비유동금융자산 0 0
미원상사 002840 기타비유동자산 0 0
미원상사 002840 사용권자산 0 0
미원상사 002840 이연법인세자산 0 0
미원상사 002840 자산총계 222,953,297,907 208,814,455,636
미원상사 002840 유동부채 18,072,346,689 19,988,117,769
미원상사 002840 단기매입채무 11,598,907,106 10,202,114,144
미원상사 002840 단기차입금 0 658,670,628
미원상사 002840 유동성장기차입금 0 0
미원상사 002840 유동성사채 0 0
미원상사 002840 기타유동금융부채 0 0
미원상사 002840 기타유동부채 842,219,879 869,587,506
미원상사 002840 당기법인세부채 1,048,373,067 1,795,095,338
미원상사 002840 유동리스부채 0 0
미원상사 002840 비유동부채 19,519,857,500 18,324,864,024
미원상사 002840 사채 0 0
미원상사 002840 장기차입금 0 0
미원상사 002840 기타비유동금융부채 0 0
미원상사 002840 이연법인세부채 10,834,460,605 10,546,012,915
미원상사 002840 비유동리스부채 0 0
미원상사 002840 부채총계 37,592,204,189 38,312,981,793
미원상사 002840 자본금 7,949,030,000 7,949,030,000
미원상사 002840 자본잉여금 31,827,319,750 31,810,543,874
미원상사 002840 자본조정 0 0
미원상사 002840 기타포괄손익누계액 7,794,451,811 16,068,985,692
미원상사 002840 이익잉여금(결손금) 140,813,661,975 117,696,284,095
미원상사 002840 자본총계 185,361,093,718 170,501,473,843
미원상사 002840 자본과부채총계 222,953,297,907 208,814,455,636
date : 2017-12-31
미원상사 002840 유동자산 76,185,830,975 81,089,720,819
미원상사 002840 현금및현금성자산 2,652,425,805 17,580,245,699
미원상사 002840 매출채권 33,557,375,517 28,129,932,062
미원상사 002840 재고자산 37,680,198,302 32,928,804,596
미원상사 002840 기타유동금융자산 0 0
미원상사 002840 기타유동자산 428,629,586 276,379,984
미원상사 002840 매각예정비유동자산 0 0
미원상사 002840 비유동자산 126,100,672,440 127,724,734,817
미원상사 002840 장기금융상품 0 0
미원상사 002840 기타포괄손익-공정가치 0 0
미원상사 002840 당기손익인식공정가치측정금융자산 0 0
미원상사 002840 종속회사투자 0 0
미원상사 002840 관계회사투자 0 0
미원상사 002840 렌탈자산 0 0
미원상사 002840 유형자산 62,347,972,153 59,712,666,204
미원상사 002840 무형자산 1,354,634,139 1,376,781,708
미원상사 002840 기타비유동금융자산 0 0
미원상사 002840 기타비유동자산 0 0
미원상사 002840 사용권자산 0 0
미원상사 002840 이연법인세자산 0 0
미원상사 002840 자산총계 202,286,503,415 208,814,455,636
미원상사 002840 유동부채 21,239,598,091 19,988,117,769
미원상사 002840 단기매입채무 12,196,821,586 10,202,114,144
미원상사 002840 단기차입금 811,879,197 658,670,628
미원상사 002840 유동성장기차입금 0 0
미원상사 002840 유동성사채 0 0
미원상사 002840 기타유동금융부채 0 0
미원상사 002840 기타유동부채 932,556,178 869,587,506
미원상사 002840 당기법인세부채 1,689,421,244 1,795,095,338
미원상사 002840 유동리스부채 0 0
미원상사 002840 비유동부채 16,942,466,600 18,324,864,024
미원상사 002840 사채 0 0
미원상사 002840 장기차입금 0 0
미원상사 002840 기타비유동금융부채 0 0
미원상사 002840 이연법인세부채 8,165,847,231 10,546,012,915
미원상사 002840 비유동리스부채 0 0
미원상사 002840 부채총계 38,182,064,691 38,312,981,793
미원상사 002840 자본금 7,968,720,000 7,949,030,000
미원상사 002840 자본잉여금 32,777,380,052 31,810,543,874
미원상사 002840 자본조정 0 0
미원상사 002840 기타포괄손익누계액 4,344,698,016 16,068,985,692
미원상사 002840 이익잉여금(결손금) 122,037,010,474 117,696,284,095
미원상사 002840 자본총계 164,104,438,724 170,501,473,843
미원상사 002840 자본과부채총계 202,286,503,415 208,814,455,636
date : 2018-03-31
미원상사 002840 유동자산 82,521,116,107 76,185,830,975
미원상사 002840 현금및현금성자산 6,698,329,463 2,652,425,805
미원상사 002840 매출채권 36,017,207,381 33,557,375,517
미원상사 002840 재고자산 37,375,879,318 37,680,198,302
미원상사 002840 기타유동금융자산 0 0
미원상사 002840 기타유동자산 492,048,089 428,629,586
미원상사 002840 매각예정비유동자산 0 0
미원상사 002840 비유동자산 125,568,406,191 126,100,672,440
미원상사 002840 장기금융상품 0 0
미원상사 002840 기타포괄손익-공정가치 0 0
미원상사 002840 당기손익인식공정가치측정금융자산 0 0
미원상사 002840 종속회사투자 0 0
미원상사 002840 관계회사투자 0 0
미원상사 002840 렌탈자산 0 0
미원상사 002840 유형자산 62,257,494,521 62,347,972,153
미원상사 002840 무형자산 1,354,634,139 1,354,634,139
미원상사 002840 기타비유동금융자산 0 0
미원상사 002840 기타비유동자산 0 0
미원상사 002840 사용권자산 0 0
미원상사 002840 이연법인세자산 0 0
미원상사 002840 자산총계 208,089,522,298 202,286,503,415
미원상사 002840 유동부채 20,891,747,384 21,239,598,091
미원상사 002840 단기매입채무 11,266,755,660 12,196,821,586
미원상사 002840 단기차입금 0 811,879,197
미원상사 002840 유동성장기차입금 0 0
미원상사 002840 유동성사채 0 0
미원상사 002840 기타유동금융부채 0 0
미원상사 002840 기타유동부채 1,008,003,151 932,556,178
미원상사 002840 당기법인세부채 2,934,928,929 1,689,421,244
미원상사 002840 유동리스부채 0 0
미원상사 002840 비유동부채 17,127,243,400 16,942,466,600
미원상사 002840 사채 0 0
미원상사 002840 장기차입금 0 0
미원상사 002840 기타비유동금융부채 0 0
미원상사 002840 이연법인세부채 7,922,716,055 8,165,847,231
미원상사 002840 비유동리스부채 0 0
미원상사 002840 부채총계 38,018,990,784 38,182,064,691
미원상사 002840 자본금 7,968,720,000 7,968,720,000
미원상사 002840 자본잉여금 28,229,862,868 32,777,380,052
미원상사 002840 자본조정 0 0
미원상사 002840 기타포괄손익누계액 4,191,860,856 4,344,698,016
미원상사 002840 이익잉여금(결손금) 133,184,429,018 122,037,010,474
미원상사 002840 자본총계 170,070,531,514 164,104,438,724
미원상사 002840 자본과부채총계 208,089,522,298 202,286,503,415
date : 2018-06-30
미원상사 002840 유동자산 88,905,058,409 76,185,830,975
미원상사 002840 현금및현금성자산 7,363,110,402 2,652,425,805
미원상사 002840 매출채권 36,536,760,506 33,557,375,517
미원상사 002840 재고자산 40,319,919,819 37,680,198,302
미원상사 002840 기타유동금융자산 0 0
미원상사 002840 기타유동자산 1,381,347,685 428,629,586
미원상사 002840 매각예정비유동자산 0 0
미원상사 002840 비유동자산 127,572,888,100 126,100,672,440
미원상사 002840 장기금융상품 0 0
미원상사 002840 기타포괄손익-공정가치 0 0
미원상사 002840 당기손익인식공정가치측정금융자산 0 0
미원상사 002840 종속회사투자 0 0
미원상사 002840 관계회사투자 0 0
미원상사 002840 렌탈자산 0 0
미원상사 002840 유형자산 65,298,828,718 62,347,972,153
미원상사 002840 무형자산 1,354,634,139 1,354,634,139
미원상사 002840 기타비유동금융자산 0 0
미원상사 002840 기타비유동자산 0 0
미원상사 002840 사용권자산 0 0
미원상사 002840 이연법인세자산 0 0
미원상사 002840 자산총계 216,477,946,509 202,286,503,415
미원상사 002840 유동부채 24,614,858,440 21,239,598,091
미원상사 002840 단기매입채무 13,051,487,545 12,196,821,586
미원상사 002840 단기차입금 435,340,856 811,879,197
미원상사 002840 유동성장기차입금 0 0
미원상사 002840 유동성사채 0 0
미원상사 002840 기타유동금융부채 0 0
미원상사 002840 기타유동부채 931,538,125 932,556,178
미원상사 002840 당기법인세부채 2,651,286,836 1,689,421,244
미원상사 002840 유동리스부채 0 0
미원상사 002840 비유동부채 17,066,001,054 16,942,466,600
미원상사 002840 사채 0 0
미원상사 002840 장기차입금 0 0
미원상사 002840 기타비유동금융부채 0 0
미원상사 002840 이연법인세부채 7,476,076,444 8,165,847,231
미원상사 002840 비유동리스부채 0 0
미원상사 002840 부채총계 41,680,859,494 38,182,064,691
미원상사 002840 자본금 7,968,720,000 7,968,720,000
미원상사 002840 자본잉여금 28,307,415,674 32,777,380,052
미원상사 002840 자본조정 0 0
미원상사 002840 기타포괄손익누계액 3,439,067,875 4,344,698,016
미원상사 002840 이익잉여금(결손금) 138,249,567,906 122,037,010,474
미원상사 002840 자본총계 174,797,087,015 164,104,438,724
미원상사 002840 자본과부채총계 216,477,946,509 202,286,503,415
date : 2018-09-30
미원상사 002840 유동자산 100,958,923,275 76,185,830,975
미원상사 002840 현금및현금성자산 7,055,248,437 2,652,425,805
미원상사 002840 매출채권 35,183,306,845 33,557,375,517
미원상사 002840 재고자산 41,186,357,122 37,680,198,302
미원상사 002840 기타유동금융자산 0 0
미원상사 002840 기타유동자산 742,107,546 428,629,586
미원상사 002840 매각예정비유동자산 0 0
미원상사 002840 비유동자산 117,517,372,053 126,100,672,440
미원상사 002840 장기금융상품 0 0
미원상사 002840 기타포괄손익-공정가치 0 0
미원상사 002840 당기손익인식공정가치측정금융자산 0 0
미원상사 002840 종속회사투자 0 0
미원상사 002840 관계회사투자 0 0
미원상사 002840 렌탈자산 0 0
미원상사 002840 유형자산 69,543,788,645 62,347,972,153
미원상사 002840 무형자산 1,354,634,139 1,354,634,139
미원상사 002840 기타비유동금융자산 0 0
미원상사 002840 기타비유동자산 0 0
미원상사 002840 사용권자산 0 0
미원상사 002840 이연법인세자산 0 0
미원상사 002840 자산총계 218,476,295,328 202,286,503,415
미원상사 002840 유동부채 22,717,106,370 21,239,598,091
미원상사 002840 단기매입채무 12,443,167,523 12,196,821,586
미원상사 002840 단기차입금 0 811,879,197
미원상사 002840 유동성장기차입금 0 0
미원상사 002840 유동성사채 0 0
미원상사 002840 기타유동금융부채 0 0
미원상사 002840 기타유동부채 1,175,333,906 932,556,178
미원상사 002840 당기법인세부채 2,474,056,547 1,689,421,244
미원상사 002840 유동리스부채 0 0
미원상사 002840 비유동부채 16,981,198,767 16,942,466,600
미원상사 002840 사채 0 0
미원상사 002840 장기차입금 0 0
미원상사 002840 기타비유동금융부채 0 0
미원상사 002840 이연법인세부채 7,326,847,491 8,165,847,231
미원상사 002840 비유동리스부채 0 0
미원상사 002840 부채총계 39,698,305,137 38,182,064,691
미원상사 002840 자본금 7,968,720,000 7,968,720,000
미원상사 002840 자본잉여금 28,307,415,674 32,777,380,052
미원상사 002840 자본조정 0 0
미원상사 002840 기타포괄손익누계액 2,377,629,692 4,344,698,016
미원상사 002840 이익잉여금(결손금) 143,049,593,283 122,037,010,474
미원상사 002840 자본총계 178,777,990,191 164,104,438,724
미원상사 002840 자본과부채총계 218,476,295,328 202,286,503,415
date : 2018-12-31
미원상사 002840 유동자산 105,218,555,009 76,185,830,975
미원상사 002840 현금및현금성자산 22,924,519,876 2,652,425,805
미원상사 002840 매출채권 33,502,766,771 33,557,375,517
미원상사 002840 재고자산 45,029,835,299 37,680,198,302
미원상사 002840 기타유동금융자산 0 0
미원상사 002840 기타유동자산 740,745,431 428,629,586
미원상사 002840 매각예정비유동자산 0 0
미원상사 002840 비유동자산 119,516,299,105 126,100,672,440
미원상사 002840 장기금융상품 0 0
미원상사 002840 기타포괄손익-공정가치 측정 금융자산
미원상사 002840 당기손익인식공정가치측정금융자산 0 0
미원상사 002840 종속회사투자 0 0
미원상사 002840 관계회사투자 0 0
미원상사 002840 렌탈자산 0 0
미원상사 002840 유형자산 77,896,530,623 62,347,972,153
미원상사 002840 무형자산 1,354,634,139 1,354,634,139
미원상사 002840 기타비유동금융자산 0 0
미원상사 002840 기타비유동자산 0 0
미원상사 002840 사용권자산 0 0
미원상사 002840 이연법인세자산 0 0
미원상사 002840 자산총계 224,734,854,114 202,286,503,415
미원상사 002840 유동부채 29,281,346,268 21,239,598,091
미원상사 002840 단기매입채무 12,800,192,055 12,196,821,586
미원상사 002840 단기차입금 282,811,934 811,879,197
미원상사 002840 유동성장기차입금 0 0
미원상사 002840 유동성사채 0 0
미원상사 002840 기타유동금융부채 0 0
미원상사 002840 기타유동부채 2,063,410,441 932,556,178
미원상사 002840 당기법인세부채 5,743,940,557 1,689,421,244
미원상사 002840 유동리스부채 0 0
미원상사 002840 비유동부채 14,753,212,030 16,942,466,600
미원상사 002840 사채 0 0
미원상사 002840 장기차입금 0 0
미원상사 002840 기타비유동금융부채 0 0
미원상사 002840 이연법인세부채 4,153,244,758 8,165,847,231
미원상사 002840 비유동리스부채 0 0
미원상사 002840 부채총계 44,034,558,298 38,182,064,691
미원상사 002840 자본금 7,992,480,000 7,968,720,000
미원상사 002840 자본잉여금 29,439,615,257 32,777,380,052
미원상사 002840 자본조정 0 0
미원상사 002840 기타포괄손익누계액 2,432,214,092 4,344,698,016
미원상사 002840 이익잉여금(결손금) 140,835,986,467 122,037,010,474
미원상사 002840 자본총계 180,700,295,816 164,104,438,724
미원상사 002840 자본과부채총계 224,734,854,114 202,286,503,415
date : 2019-03-31
미원상사 002840 유동자산 107,518,314,995 105,218,555,009
미원상사 002840 현금및현금성자산 18,454,406,821 22,924,519,876
미원상사 002840 매출채권 34,797,061,169 33,502,766,771
미원상사 002840 재고자산 48,123,233,326 45,029,835,299
미원상사 002840 기타유동금융자산 0 0
미원상사 002840 기타유동자산 1,218,889,373 740,745,431
미원상사 002840 매각예정비유동자산 0 0
미원상사 002840 비유동자산 123,555,506,032 119,516,299,105
미원상사 002840 장기금융상품 0 0
미원상사 002840 기타포괄손익-공정가치 측정 금융자산
미원상사 002840 당기손익인식공정가치측정금융자산 0 0
미원상사 002840 종속회사투자 0 0
미원상사 002840 관계회사투자 0 0
미원상사 002840 렌탈자산 0 0
미원상사 002840 유형자산 82,573,056,415 77,896,530,623
미원상사 002840 무형자산 1,354,634,139 1,354,634,139
미원상사 002840 기타비유동금융자산 0 0
미원상사 002840 기타비유동자산 0 0
미원상사 002840 사용권자산 0 0
미원상사 002840 이연법인세자산 0 0
미원상사 002840 자산총계 231,073,821,027 224,734,854,114
미원상사 002840 유동부채 31,329,363,831 29,281,346,268
미원상사 002840 단기매입채무 12,281,943,998 12,800,192,055
미원상사 002840 단기차입금 0 282,811,934
미원상사 002840 유동성장기차입금 0 0
미원상사 002840 유동성사채 0 0
미원상사 002840 기타유동금융부채 0 0
미원상사 002840 기타유동부채 747,839,054 2,063,410,441
미원상사 002840 당기법인세부채 6,985,250,820 5,743,940,557
미원상사 002840 유동리스부채 0 0
미원상사 002840 비유동부채 15,077,093,005 14,753,212,030
미원상사 002840 사채 0 0
미원상사 002840 장기차입금 0 0
미원상사 002840 기타비유동금융부채 0 0
미원상사 002840 이연법인세부채 3,979,738,214 4,153,244,758
미원상사 002840 비유동리스부채 0 0
미원상사 002840 부채총계 46,406,456,836 44,034,558,298
미원상사 002840 자본금 7,992,480,000 7,992,480,000
미원상사 002840 자본잉여금 29,439,615,257 29,439,615,257
미원상사 002840 자본조정 0 0
미원상사 002840 기타포괄손익누계액 2,198,663,071 2,432,214,092
미원상사 002840 이익잉여금(결손금) 145,036,605,863 140,835,986,467
미원상사 002840 자본총계 184,667,364,191 180,700,295,816
미원상사 002840 자본과부채총계 231,073,821,027 224,734,854,114
