date : 2019-03-31
금호산업 002990 유동자산 623,629,096,216 616,384,597,700
금호산업 002990 현금및현금성자산 56,721,147,579 40,218,526,319
금호산업 002990 매출채권 및 기타유동채권
금호산업 002990 재고자산 61,121,516,816 58,274,255,875
금호산업 002990 기타유동자산 15,488,148,463 812,065,525
금호산업 002990 비유동자산 592,353,840,637 548,822,599,029
금호산업 002990 장기금융상품 1,393,960,550 1,306,047,200
금호산업 002990 유형자산 41,898,756,746 9,602,193,876
금호산업 002990 무형자산 8,804,856,975 6,216,361,108
금호산업 002990 이연법인세자산 77,263,718,563 76,997,638,197
금호산업 002990 기타비유동자산 1,207,972,623 0
금호산업 002990 자산총계 1,215,982,936,853 1,165,207,196,729
금호산업 002990 유동부채 682,260,467,297 638,734,249,331
금호산업 002990 당기법인세부채 303,890,681 994,410,164
금호산업 002990 단기차입금 47,100,000,000 53,500,000,000
금호산업 002990 유동성사채 10,800,000,000 10,800,000,000
금호산업 002990 유동성장기차입금 29,587,212,059 34,587,212,059
금호산업 002990 비유동부채 200,985,639,624 178,521,111,926
금호산업 002990 사채 35,400,000,000 47,390,812,592
금호산업 002990 장기차입금 46,006,775,207 37,482,080,022
금호산업 002990 부채총계 883,246,106,921 817,255,361,257
금호산업 002990 자본금 181,638,075,000 181,638,075,000
금호산업 002990 자본잉여금 29,490,147,109 29,490,147,109
금호산업 002990 기타포괄손익누계액 -39,465,850,950 -39,213,532,056
금호산업 002990 이익잉여금(결손금) 171,391,968,884 186,354,655,530
금호산업 002990 자본과부채총계 1,215,982,936,853 1,165,207,196,729
