date : 2015-12-31
대웅 003090 유동자산 81,542,445,325 33,124,761,809
대웅 003090 현금및현금성자산 18,036,815,709 1,101,658,638
대웅 003090 매출채권 0 0
대웅 003090 재고자산 0 0
대웅 003090 기타유동금융자산 0 0
대웅 003090 기타유동자산 1,645,917,911 240,700,017
대웅 003090 매각예정비유동자산 0 0
대웅 003090 비유동자산 247,782,510,971 282,845,671,329
대웅 003090 장기금융상품 0 0
대웅 003090 기타포괄손익-공정가치 0 0
대웅 003090 당기손익인식공정가치측정금융자산 0 0
대웅 003090 종속회사투자 0 0
대웅 003090 관계회사투자 0 0
대웅 003090 렌탈자산 0 0
대웅 003090 유형자산 1,515,190,528 1,334,873,170
대웅 003090 무형자산 3,587,421,320 4,144,236,670
대웅 003090 기타비유동금융자산 0 0
대웅 003090 기타비유동자산 0 0
대웅 003090 사용권자산 0 0
대웅 003090 이연법인세자산 0 0
대웅 003090 자산총계 329,324,956,296 315,970,433,138
대웅 003090 유동부채 12,878,194,788 4,627,772,555
대웅 003090 단기매입채무 0 0
대웅 003090 단기차입금 0 0
대웅 003090 유동성장기차입금 0 0
대웅 003090 유동성사채 0 0
대웅 003090 기타유동금융부채 2,037,665,411 1,625,039,951
대웅 003090 기타유동부채 0 0
대웅 003090 당기법인세부채 7,814,075,182 1,221,383,485
대웅 003090 유동리스부채 0 0
대웅 003090 비유동부채 12,457,291,944 12,236,835,999
대웅 003090 사채 0 0
대웅 003090 장기차입금 0 0
대웅 003090 기타비유동금융부채 0 0
대웅 003090 이연법인세부채 11,522,053,714 11,703,430,578
대웅 003090 비유동리스부채 0 0
대웅 003090 부채총계 25,335,486,732 16,864,608,554
대웅 003090 자본금 29,070,990,000 29,070,990,000
대웅 003090 자본잉여금 0 0
대웅 003090 자본조정 0 0
대웅 003090 기타포괄손익누계액 0 0
대웅 003090 이익잉여금(결손금) 158,720,877,487 153,837,232,507
대웅 003090 자본총계 303,989,469,564 299,105,824,584
대웅 003090 자본과부채총계 329,324,956,296 315,970,433,138
date : 2016-03-31
대웅 003090 유동자산 82,340,338,521 81,542,445,325
대웅 003090 현금및현금성자산 15,395,905,432 18,036,815,709
대웅 003090 매출채권 0 0
대웅 003090 재고자산 289,856,160 316,206,720
대웅 003090 기타유동금융자산 0 0
대웅 003090 기타유동자산 1,301,075,847 1,329,711,191
대웅 003090 매각예정비유동자산 0 0
대웅 003090 비유동자산 247,467,640,285 247,782,510,971
대웅 003090 장기금융상품 0 0
대웅 003090 기타포괄손익-공정가치 0 0
대웅 003090 당기손익인식공정가치측정금융자산 0 0
대웅 003090 종속회사투자 0 0
대웅 003090 관계회사투자 0 0
대웅 003090 렌탈자산 0 0
대웅 003090 유형자산 1,455,959,263 1,515,190,528
대웅 003090 무형자산 3,503,857,705 3,587,421,320
대웅 003090 기타비유동금융자산 0 0
대웅 003090 기타비유동자산 0 0
대웅 003090 사용권자산 0 0
대웅 003090 이연법인세자산 0 0
대웅 003090 자산총계 329,807,978,806 329,324,956,296
대웅 003090 유동부채 13,124,926,675 12,878,194,788
대웅 003090 단기매입채무 0 0
대웅 003090 단기차입금 0 0
대웅 003090 유동성장기차입금 0 0
대웅 003090 유동성사채 0 0
대웅 003090 기타유동금융부채 1,601,582,077 2,037,665,411
대웅 003090 기타유동부채 0 0
대웅 003090 당기법인세부채 5,751,636,492 7,814,075,182
대웅 003090 유동리스부채 0 0
대웅 003090 비유동부채 12,831,092,048 12,457,291,944
대웅 003090 사채 0 0
대웅 003090 장기차입금 0 0
대웅 003090 기타비유동금융부채 0 0
대웅 003090 이연법인세부채 11,531,347,311 11,522,053,714
대웅 003090 비유동리스부채 0 0
대웅 003090 부채총계 25,956,018,723 25,335,486,732
대웅 003090 자본금 29,070,990,000 29,070,990,000
대웅 003090 자본잉여금 0 0
대웅 003090 자본조정 0 0
대웅 003090 기타포괄손익누계액 0 0
대웅 003090 이익잉여금(결손금) 152,697,733,227 158,720,877,487
대웅 003090 자본총계 303,851,960,083 303,989,469,564
대웅 003090 자본과부채총계 329,807,978,806 329,324,956,296
date : 2016-06-30
대웅 003090 유동자산 79,187,831,920 81,542,445,325
대웅 003090 현금및현금성자산 14,576,753,138 18,036,815,709
대웅 003090 매출채권 0 0
대웅 003090 재고자산 316,206,720 18,036,815,709
대웅 003090 기타유동금융자산 0 0
대웅 003090 기타유동자산 1,324,681,996 1,329,711,191
대웅 003090 매각예정비유동자산 0 0
대웅 003090 비유동자산 247,132,708,544 247,782,510,971
대웅 003090 장기금융상품 0 0
대웅 003090 기타포괄손익-공정가치 0 0
대웅 003090 당기손익인식공정가치측정금융자산 0 0
대웅 003090 종속회사투자 0 0
대웅 003090 관계회사투자 0 0
대웅 003090 렌탈자산 0 0
대웅 003090 유형자산 1,434,857,526 1,515,190,528
대웅 003090 무형자산 3,434,276,623 3,587,421,320
대웅 003090 기타비유동금융자산 0 0
대웅 003090 기타비유동자산 0 0
대웅 003090 사용권자산 0 0
대웅 003090 이연법인세자산 0 0
대웅 003090 자산총계 326,320,540,464 329,324,956,296
대웅 003090 유동부채 6,630,917,462 12,878,194,788
대웅 003090 단기매입채무 0 0
대웅 003090 단기차입금 0 0
대웅 003090 유동성장기차입금 0 0
대웅 003090 유동성사채 0 0
대웅 003090 기타유동금융부채 1,906,019,933 2,037,665,411
대웅 003090 기타유동부채 0 0
대웅 003090 당기법인세부채 2,196,171,522 7,814,075,182
대웅 003090 유동리스부채 0 0
대웅 003090 비유동부채 13,803,549,124 12,457,291,944
대웅 003090 사채 0 0
대웅 003090 장기차입금 0 0
대웅 003090 기타비유동금융부채 0 0
대웅 003090 이연법인세부채 11,361,031,591 11,522,053,714
대웅 003090 비유동리스부채 0 0
대웅 003090 부채총계 20,434,466,586 25,335,486,732
대웅 003090 자본금 29,070,990,000 29,070,990,000
대웅 003090 자본잉여금 0 0
대웅 003090 자본조정 0 0
대웅 003090 기타포괄손익누계액 0 0
대웅 003090 이익잉여금(결손금) 154,731,847,022 158,720,877,487
대웅 003090 자본총계 305,886,073,878 303,989,469,564
대웅 003090 자본과부채총계 326,320,540,464 329,324,956,296
date : 2016-09-30
대웅 003090 유동자산 80,806,479,319 81,542,445,325
대웅 003090 현금및현금성자산 16,267,779,460 18,036,815,709
대웅 003090 매출채권 0 0
대웅 003090 재고자산 237,114,730 316,206,720
대웅 003090 기타유동금융자산 0 0
대웅 003090 기타유동자산 1,391,382,347 1,329,711,191
대웅 003090 매각예정비유동자산 0 0
대웅 003090 비유동자산 246,970,385,431 247,782,510,971
대웅 003090 장기금융상품 0 0
대웅 003090 기타포괄손익-공정가치 0 0
대웅 003090 당기손익인식공정가치측정금융자산 0 0
대웅 003090 종속회사투자 0 0
대웅 003090 관계회사투자 0 0
대웅 003090 렌탈자산 0 0
대웅 003090 유형자산 1,472,996,866 1,515,190,528
대웅 003090 무형자산 3,358,014,947 3,587,421,320
대웅 003090 기타비유동금융자산 0 0
대웅 003090 기타비유동자산 0 0
대웅 003090 사용권자산 0 0
대웅 003090 이연법인세자산 0 0
대웅 003090 자산총계 327,776,864,750 329,324,956,296
대웅 003090 유동부채 6,122,720,498 12,878,194,788
대웅 003090 단기매입채무 0 0
대웅 003090 단기차입금 0 0
대웅 003090 유동성장기차입금 0 0
대웅 003090 유동성사채 0 0
대웅 003090 기타유동금융부채 1,991,518,656 2,037,665,411
대웅 003090 기타유동부채 0 0
대웅 003090 당기법인세부채 1,239,559,516 7,814,075,182
대웅 003090 유동리스부채 0 0
대웅 003090 비유동부채 13,874,101,241 12,457,291,944
대웅 003090 사채 0 0
대웅 003090 장기차입금 0 0
대웅 003090 기타비유동금융부채 0 0
대웅 003090 이연법인세부채 11,109,052,764 11,522,053,714
대웅 003090 비유동리스부채 0 0
대웅 003090 부채총계 19,996,821,739 25,335,486,732
대웅 003090 자본금 29,070,990,000 29,070,990,000
대웅 003090 자본잉여금 0 0
대웅 003090 자본조정 0 0
대웅 003090 기타포괄손익누계액 0 0
대웅 003090 이익잉여금(결손금) 156,625,816,155 158,720,877,487
대웅 003090 자본총계 307,780,043,011 303,989,469,564
대웅 003090 자본과부채총계 327,776,864,750 329,324,956,296
date : 2016-12-31
대웅 003090 유동자산 83,522,681,329 81,542,445,325
대웅 003090 현금및현금성자산 12,109,680,524 18,036,815,709
대웅 003090 매출채권 0 0
대웅 003090 재고자산 0 0
대웅 003090 기타유동금융자산 0 0
대웅 003090 기타유동자산 1,494,914,084 1,645,917,911
대웅 003090 매각예정비유동자산 0 0
대웅 003090 비유동자산 246,514,461,830 247,782,510,971
대웅 003090 장기금융상품 0 0
대웅 003090 기타포괄손익-공정가치 0 0
대웅 003090 당기손익인식공정가치측정금융자산 0 0
대웅 003090 종속회사투자 0 0
대웅 003090 관계회사투자 0 0
대웅 003090 렌탈자산 0 0
대웅 003090 유형자산 1,443,179,440 1,515,190,528
대웅 003090 무형자산 3,400,418,974 3,587,421,320
대웅 003090 기타비유동금융자산 0 0
대웅 003090 기타비유동자산 0 0
대웅 003090 사용권자산 0 0
대웅 003090 이연법인세자산 0 0
대웅 003090 자산총계 330,037,143,159 329,324,956,296
대웅 003090 유동부채 6,394,455,165 12,878,194,788
대웅 003090 단기매입채무 0 0
대웅 003090 단기차입금 0 0
대웅 003090 유동성장기차입금 0 0
대웅 003090 유동성사채 0 0
대웅 003090 기타유동금융부채 2,151,226,318 2,037,665,411
대웅 003090 기타유동부채 0 0
대웅 003090 당기법인세부채 677,094,566 7,814,075,182
대웅 003090 유동리스부채 0 0
대웅 003090 비유동부채 12,070,028,707 12,457,291,944
대웅 003090 사채 0 0
대웅 003090 장기차입금 0 0
대웅 003090 기타비유동금융부채 0 0
대웅 003090 이연법인세부채 11,349,321,953 11,522,053,714
대웅 003090 비유동리스부채 0 0
대웅 003090 부채총계 18,464,483,872 25,335,486,732
대웅 003090 자본금 29,070,990,000 29,070,990,000
대웅 003090 자본잉여금 0 0
대웅 003090 자본조정 0 0
대웅 003090 기타포괄손익누계액 0 0
대웅 003090 이익잉여금(결손금) 160,418,432,431 158,720,877,487
대웅 003090 자본총계 311,572,659,287 303,989,469,564
대웅 003090 자본과부채총계 330,037,143,159 329,324,956,296
date : 2017-03-31
대웅 003090 유동자산 86,632,123,400 83,522,681,329
대웅 003090 현금및현금성자산 15,618,704,686 12,109,680,524
대웅 003090 매출채권 0 0
대웅 003090 재고자산 0 0
대웅 003090 기타유동금융자산 0 0
대웅 003090 기타유동자산 358,274,182 1,494,914,084
대웅 003090 매각예정비유동자산 0 0
대웅 003090 비유동자산 247,546,068,796 246,514,461,830
대웅 003090 장기금융상품 0 0
대웅 003090 기타포괄손익-공정가치 0 0
대웅 003090 당기손익인식공정가치측정금융자산 0 0
대웅 003090 종속회사투자 0 0
대웅 003090 관계회사투자 0 0
대웅 003090 렌탈자산 0 0
대웅 003090 유형자산 1,407,898,160 1,443,179,440
대웅 003090 무형자산 4,529,342,575 3,400,418,974
대웅 003090 기타비유동금융자산 0 0
대웅 003090 기타비유동자산 0 0
대웅 003090 사용권자산 0 0
대웅 003090 이연법인세자산 0 0
대웅 003090 자산총계 334,178,192,196 330,037,143,159
대웅 003090 유동부채 9,860,137,156 6,394,455,165
대웅 003090 단기매입채무 0 0
대웅 003090 단기차입금 0 0
대웅 003090 유동성장기차입금 0 0
대웅 003090 유동성사채 0 0
대웅 003090 기타유동금융부채 2,128,645,653 2,151,226,318
대웅 003090 기타유동부채 0 0
대웅 003090 당기법인세부채 1,262,945,087 677,094,566
대웅 003090 유동리스부채 0 0
대웅 003090 비유동부채 11,811,622,241 12,070,028,707
대웅 003090 사채 0 0
대웅 003090 장기차입금 0 0
대웅 003090 기타비유동금융부채 0 0
대웅 003090 이연법인세부채 11,121,467,843 11,349,321,953
대웅 003090 비유동리스부채 0 0
대웅 003090 부채총계 21,671,759,397 18,464,483,872
대웅 003090 자본금 29,070,990,000 29,070,990,000
대웅 003090 자본잉여금 0 0
대웅 003090 자본조정 0 0
대웅 003090 기타포괄손익누계액 0 0
대웅 003090 이익잉여금(결손금) 161,352,205,943 160,418,432,431
대웅 003090 자본총계 312,506,432,799 311,572,659,287
대웅 003090 자본과부채총계 334,178,192,196 330,037,143,159
date : 2017-06-30
대웅 003090 유동자산 85,328,299,973 83,522,681,329
대웅 003090 현금및현금성자산 21,548,323,928 12,109,680,524
대웅 003090 매출채권 0 0
대웅 003090 재고자산 0 38,721,960
대웅 003090 기타유동금융자산 0 0
대웅 003090 기타유동자산 297,476,035 1,456,192,124
대웅 003090 매각예정비유동자산 0 0
대웅 003090 비유동자산 247,715,808,133 246,514,461,830
대웅 003090 장기금융상품 0 0
대웅 003090 기타포괄손익-공정가치 0 0
대웅 003090 당기손익인식공정가치측정금융자산 0 0
대웅 003090 종속회사투자 0 0
대웅 003090 관계회사투자 0 0
대웅 003090 렌탈자산 0 0
대웅 003090 유형자산 1,315,806,552 1,443,179,440
대웅 003090 무형자산 4,662,448,393 3,400,418,974
대웅 003090 기타비유동금융자산 0 0
대웅 003090 기타비유동자산 0 0
대웅 003090 사용권자산 0 0
대웅 003090 이연법인세자산 0 0
대웅 003090 자산총계 333,044,108,106 330,037,143,159
대웅 003090 유동부채 5,854,700,375 6,394,455,165
대웅 003090 단기매입채무 0 0
대웅 003090 단기차입금 0 0
대웅 003090 유동성장기차입금 0 0
대웅 003090 유동성사채 0 0
대웅 003090 기타유동금융부채 2,889,540,725 2,151,226,318
대웅 003090 기타유동부채 0 0
대웅 003090 당기법인세부채 1,288,439,756 677,094,566
대웅 003090 유동리스부채 0 0
대웅 003090 비유동부채 11,864,818,154 12,070,028,707
대웅 003090 사채 0 0
대웅 003090 장기차입금 0 0
대웅 003090 기타비유동금융부채 0 0
대웅 003090 이연법인세부채 11,167,021,772 11,349,321,953
대웅 003090 비유동리스부채 0 0
대웅 003090 부채총계 17,719,518,529 18,464,483,872
대웅 003090 자본금 29,070,990,000 29,070,990,000
대웅 003090 자본잉여금 0 0
대웅 003090 자본조정 0 0
대웅 003090 기타포괄손익누계액 0 0
대웅 003090 이익잉여금(결손금) 164,170,362,721 160,418,432,431
대웅 003090 자본총계 315,324,589,577 311,572,659,287
대웅 003090 자본과부채총계 333,044,108,106 330,037,143,159
date : 2017-09-30
대웅 003090 유동자산 87,994,538,936 83,522,681,329
대웅 003090 현금및현금성자산 18,830,464,271 12,109,680,524
대웅 003090 매출채권 및 기타채권
대웅 003090 재고자산 184,453,920 38,721,960
대웅 003090 기타유동금융자산 0 0
대웅 003090 기타유동자산 474,170,330 1,456,192,124
대웅 003090 매각예정비유동자산 0 0
대웅 003090 비유동자산 247,793,435,146 246,514,461,830
대웅 003090 장기금융상품 0 0
대웅 003090 기타포괄손익-공정가치 0 0
대웅 003090 당기손익인식공정가치측정금융자산 0 0
대웅 003090 종속회사투자 0 0
대웅 003090 관계회사투자 0 0
대웅 003090 렌탈자산 0 0
대웅 003090 유형자산 1,284,274,839 1,443,179,440
대웅 003090 무형자산 4,743,292,074 3,400,418,974
대웅 003090 기타비유동금융자산 0 0
대웅 003090 기타비유동자산 0 0
대웅 003090 사용권자산 0 0
대웅 003090 이연법인세자산 0 0
대웅 003090 자산총계 335,787,974,082 330,037,143,159
대웅 003090 유동부채 5,514,140,766 6,394,455,165
대웅 003090 단기매입채무 0 0
대웅 003090 단기차입금 0 0
대웅 003090 유동성장기차입금 0 0
대웅 003090 유동성사채 0 0
대웅 003090 기타유동금융부채 3,303,217,742 2,151,226,318
대웅 003090 기타유동부채 0 0
대웅 003090 당기법인세부채 159,126,819 677,094,566
대웅 003090 유동리스부채 0 0
대웅 003090 비유동부채 11,607,434,225 12,070,028,707
대웅 003090 사채 0 0
대웅 003090 장기차입금 0 0
대웅 003090 기타비유동금융부채 0 0
대웅 003090 이연법인세부채 10,901,995,859 11,349,321,953
대웅 003090 비유동리스부채 0 0
대웅 003090 부채총계 17,121,574,991 18,464,483,872
대웅 003090 자본금 29,070,990,000 29,070,990,000
대웅 003090 자본잉여금 0 0
대웅 003090 자본조정 0 0
대웅 003090 기타포괄손익누계액 0 0
대웅 003090 이익잉여금(결손금) 0 0
대웅 003090 자본총계 318,666,399,091 311,572,659,287
대웅 003090 자본과부채총계 335,787,974,082 330,037,143,159
date : 2017-12-31
대웅 003090 유동자산 80,675,567,317 83,522,681,329
대웅 003090 현금및현금성자산 14,516,639,350 12,109,680,524
대웅 003090 매출채권 및 기타채권
대웅 003090 재고자산 0 0
대웅 003090 기타유동금융자산 0 0
대웅 003090 기타유동자산 527,848,919 1,494,914,084
대웅 003090 매각예정비유동자산 0 0
대웅 003090 비유동자산 256,424,652,252 246,514,461,830
대웅 003090 장기금융상품 0 0
대웅 003090 기타포괄손익-공정가치 0 0
대웅 003090 당기손익인식공정가치측정금융자산 0 0
대웅 003090 종속회사투자 0 0
대웅 003090 관계회사투자 0 0
대웅 003090 렌탈자산 0 0
대웅 003090 유형자산 1,332,725,113 1,443,179,440
대웅 003090 무형자산 3,077,457,805 3,400,418,974
대웅 003090 기타비유동금융자산 0 0
대웅 003090 기타비유동자산 0 0
대웅 003090 사용권자산 0 0
대웅 003090 이연법인세자산 0 0
대웅 003090 자산총계 337,100,219,569 330,037,143,159
대웅 003090 유동부채 7,205,060,720 6,394,455,165
대웅 003090 단기매입채무 0 0
대웅 003090 단기차입금 0 0
대웅 003090 유동성장기차입금 0 0
대웅 003090 유동성사채 0 0
대웅 003090 기타유동금융부채 3,435,947,446 2,151,226,318
대웅 003090 기타유동부채 0 0
대웅 003090 당기법인세부채 1,291,355,695 677,094,566
대웅 003090 유동리스부채 0 0
대웅 003090 비유동부채 11,445,222,673 12,070,028,707
대웅 003090 사채 0 0
대웅 003090 장기차입금 0 0
대웅 003090 기타비유동금융부채 0 0
대웅 003090 이연법인세부채 10,761,017,534 11,349,321,953
대웅 003090 비유동리스부채 0 0
대웅 003090 부채총계 18,650,283,393 18,464,483,872
대웅 003090 자본금 29,070,990,000 29,070,990,000
대웅 003090 자본잉여금 0 0
대웅 003090 자본조정 0 0
대웅 003090 기타포괄손익누계액 0 0
대웅 003090 이익잉여금(결손금) 0 0
대웅 003090 자본총계 318,449,936,176 311,572,659,287
대웅 003090 자본과부채총계 337,100,219,569 330,037,143,159
date : 2018-03-31
대웅 003090 유동자산 74,431,069,003 80,675,567,317
대웅 003090 현금및현금성자산 7,769,022,974 14,516,639,350
대웅 003090 매출채권 및 기타채권
대웅 003090 재고자산 0 0
대웅 003090 기타유동금융자산 0 0
대웅 003090 기타유동자산 517,407,483 527,848,919
대웅 003090 매각예정비유동자산 0 0
대웅 003090 비유동자산 265,661,916,292 256,424,652,252
대웅 003090 장기금융상품 0 0
대웅 003090 기타포괄손익-공정가치 0 0
대웅 003090 당기손익인식공정가치측정금융자산 0 0
대웅 003090 종속회사투자 0 0
대웅 003090 관계회사투자 0 0
대웅 003090 렌탈자산 0 0
대웅 003090 유형자산 1,291,573,181 1,332,725,113
대웅 003090 무형자산 2,960,676,459 3,077,457,805
대웅 003090 기타비유동금융자산 0 0
대웅 003090 기타비유동자산 0 0
대웅 003090 사용권자산 0 0
대웅 003090 이연법인세자산 0 0
대웅 003090 자산총계 340,092,985,295 337,100,219,569
대웅 003090 유동부채 10,427,198,248 7,205,060,720
대웅 003090 단기매입채무 0 0
대웅 003090 단기차입금 0 0
대웅 003090 유동성장기차입금 0 0
대웅 003090 유동성사채 0 0
대웅 003090 기타유동금융부채 2,366,898,940 3,435,947,446
대웅 003090 기타유동부채 0 0
대웅 003090 당기법인세부채 1,084,109,182 1,291,355,695
대웅 003090 유동리스부채 0 0
대웅 003090 비유동부채 11,282,354,055 11,445,222,673
대웅 003090 사채 0 0
대웅 003090 장기차입금 0 0
대웅 003090 기타비유동금융부채 0 0
대웅 003090 이연법인세부채 10,609,815,314 10,761,017,534
대웅 003090 비유동리스부채 0 0
대웅 003090 부채총계 21,709,552,303 18,650,283,393
대웅 003090 자본금 29,070,990,000 29,070,990,000
대웅 003090 자본잉여금 0 0
대웅 003090 자본조정 0 0
대웅 003090 기타포괄손익누계액 0 0
대웅 003090 이익잉여금(결손금) 0 0
대웅 003090 자본총계 318,383,432,992 318,449,936,176
대웅 003090 자본과부채총계 340,092,985,295 337,100,219,569
date : 2018-06-30
대웅 003090 유동자산 71,635,853,211 80,675,567,317
대웅 003090 현금및현금성자산 7,836,848,771 14,516,639,350
대웅 003090 매출채권 및 기타채권
대웅 003090 재고자산 0 0
대웅 003090 기타유동금융자산 0 0
대웅 003090 기타유동자산 620,562,691 527,848,919
대웅 003090 매각예정비유동자산 0 0
대웅 003090 비유동자산 266,056,618,685 256,424,652,252
대웅 003090 장기금융상품 0 0
대웅 003090 기타포괄손익-공정가치 측정 금융자산
대웅 003090 당기손익인식공정가치측정금융자산 0 0
대웅 003090 종속회사투자 0 0
대웅 003090 관계회사투자 0 0
대웅 003090 렌탈자산 0 0
대웅 003090 유형자산 1,281,163,970 1,332,725,113
대웅 003090 무형자산 2,810,411,744 3,077,457,805
대웅 003090 기타비유동금융자산 0 0
대웅 003090 기타비유동자산 0 0
대웅 003090 사용권자산 0 0
대웅 003090 이연법인세자산 0 0
대웅 003090 자산총계 337,692,471,896 337,100,219,569
대웅 003090 유동부채 5,082,937,911 7,205,060,720
대웅 003090 단기매입채무 0 0
대웅 003090 단기차입금 0 0
대웅 003090 유동성장기차입금 0 0
대웅 003090 유동성사채 0 0
대웅 003090 기타유동금융부채 2,585,534,811 3,435,947,446
대웅 003090 기타유동부채 0 0
대웅 003090 당기법인세부채 901,317,584 1,291,355,695
대웅 003090 유동리스부채 0 0
대웅 003090 비유동부채 10,690,931,320 11,445,222,673
대웅 003090 사채 0 0
대웅 003090 장기차입금 0 0
대웅 003090 기타비유동금융부채 0 0
대웅 003090 이연법인세부채 10,012,974,477 10,761,017,534
대웅 003090 비유동리스부채 0 0
대웅 003090 부채총계 15,773,869,231 18,650,283,393
대웅 003090 자본금 29,070,990,000 29,070,990,000
대웅 003090 자본잉여금 0 0
대웅 003090 자본조정 0 0
대웅 003090 기타포괄손익누계액 0 0
대웅 003090 이익잉여금(결손금) 0 0
대웅 003090 자본총계 321,918,602,665 318,449,936,176
대웅 003090 자본과부채총계 337,692,471,896 337,100,219,569
date : 2018-09-30
대웅 003090 유동자산 73,750,562,545 80,675,567,317
대웅 003090 현금및현금성자산 2,510,077,475 14,516,639,350
대웅 003090 매출채권 및 기타채권
대웅 003090 재고자산 0 0
대웅 003090 기타유동금융자산 0 0
대웅 003090 기타유동자산 738,699,210 527,848,919
대웅 003090 매각예정비유동자산 0 0
대웅 003090 비유동자산 266,336,211,777 256,424,652,252
대웅 003090 장기금융상품 0 0
대웅 003090 기타포괄손익-공정가치 측정 금융자산
대웅 003090 당기손익인식공정가치측정금융자산 0 0
대웅 003090 종속회사투자 0 0
대웅 003090 관계회사투자 0 0
대웅 003090 렌탈자산 0 0
대웅 003090 유형자산 1,246,753,369 1,332,725,113
대웅 003090 무형자산 2,661,013,006 3,077,457,805
대웅 003090 기타비유동금융자산 0 0
대웅 003090 기타비유동자산 0 0
대웅 003090 사용권자산 0 0
대웅 003090 이연법인세자산 0 0
대웅 003090 자산총계 340,086,774,322 337,100,219,569
대웅 003090 유동부채 4,939,158,500 7,205,060,720
대웅 003090 단기매입채무 0 0
대웅 003090 단기차입금 0 0
대웅 003090 유동성장기차입금 0 0
대웅 003090 유동성사채 0 0
대웅 003090 기타유동금융부채 3,080,628,007 3,435,947,446
대웅 003090 기타유동부채 0 0
대웅 003090 당기법인세부채 689,055,127 1,291,355,695
대웅 003090 유동리스부채 0 0
대웅 003090 비유동부채 10,774,692,557 11,445,222,673
대웅 003090 사채 0 0
대웅 003090 장기차입금 0 0
대웅 003090 기타비유동금융부채 0 0
대웅 003090 이연법인세부채 10,091,317,612 10,761,017,534
대웅 003090 비유동리스부채 0 0
대웅 003090 부채총계 15,713,851,057 18,650,283,393
대웅 003090 자본금 29,070,990,000 29,070,990,000
대웅 003090 자본잉여금 0 0
대웅 003090 자본조정 0 0
대웅 003090 기타포괄손익누계액 0 0
대웅 003090 이익잉여금(결손금) 0 0
대웅 003090 자본총계 324,372,923,265 318,449,936,176
대웅 003090 자본과부채총계 340,086,774,322 337,100,219,569
date : 2018-12-31
대웅 003090 유동자산 72,701,437,696 80,675,567,317
대웅 003090 현금및현금성자산 8,350,294,455 14,516,639,350
대웅 003090 매출채권 및 기타채권
대웅 003090 재고자산 0 0
대웅 003090 기타유동금융자산 0 0
대웅 003090 기타유동자산 1,349,578,491 527,848,919
대웅 003090 매각예정비유동자산 0 0
대웅 003090 비유동자산 271,758,276,048 256,424,652,252
대웅 003090 장기금융상품 0 0
대웅 003090 기타포괄손익-공정가치 측정 금융자산
대웅 003090 당기손익인식공정가치측정금융자산 0 0
대웅 003090 종속회사투자 0 0
대웅 003090 관계회사투자 0 0
대웅 003090 렌탈자산 0 0
대웅 003090 유형자산 2,282,696,021 1,332,725,113
대웅 003090 무형자산 2,511,677,692 3,077,457,805
대웅 003090 기타비유동금융자산 0 0
대웅 003090 기타비유동자산 0 0
대웅 003090 사용권자산 0 0
대웅 003090 이연법인세자산 0 0
대웅 003090 자산총계 344,459,713,744 337,100,219,569
대웅 003090 유동부채 6,811,790,251 7,205,060,720
대웅 003090 단기매입채무 0 0
대웅 003090 단기차입금 0 0
대웅 003090 유동성장기차입금 0 0
대웅 003090 유동성사채 0 0
대웅 003090 기타유동금융부채 3,477,470,421 3,435,947,446
대웅 003090 기타유동부채 0 0
대웅 003090 당기법인세부채 1,396,131,119 1,291,355,695
대웅 003090 유동리스부채 0 0
대웅 003090 비유동부채 10,854,268,581 11,445,222,673
대웅 003090 사채 0 0
대웅 003090 장기차입금 0 0
대웅 003090 기타비유동금융부채 0 0
대웅 003090 이연법인세부채 10,134,492,754 10,761,017,534
대웅 003090 비유동리스부채 0 0
대웅 003090 부채총계 17,666,058,832 18,650,283,393
대웅 003090 자본금 29,070,990,000 29,070,990,000
대웅 003090 자본잉여금 0 0
대웅 003090 자본조정 0 0
대웅 003090 기타포괄손익누계액 0 0
대웅 003090 이익잉여금(결손금) 0 0
대웅 003090 자본총계 326,793,654,912 318,449,936,176
대웅 003090 자본과부채총계 344,459,713,744 337,100,219,569
date : 2019-03-31
대웅 003090 유동자산 73,212,441,417 72,701,437,696
대웅 003090 현금및현금성자산 3,346,247,705 8,350,294,455
대웅 003090 매출채권 및 기타채권
대웅 003090 재고자산 0 0
대웅 003090 기타유동금융자산 0 0
대웅 003090 기타유동자산 907,788,818 1,349,578,491
대웅 003090 매각예정비유동자산 0 0
대웅 003090 비유동자산 280,900,912,187 271,758,276,048
대웅 003090 장기금융상품 0 0
대웅 003090 기타포괄손익-공정가치 측정 금융자산
대웅 003090 당기손익인식공정가치측정금융자산 0 0
대웅 003090 종속회사투자 0 0
대웅 003090 관계회사투자 0 0
대웅 003090 렌탈자산 0 0
대웅 003090 유형자산 3,385,369,218 2,282,696,021
대웅 003090 무형자산 2,655,763,258 2,511,677,692
대웅 003090 기타비유동금융자산 0 0
대웅 003090 기타비유동자산 149,510,038 0
대웅 003090 사용권자산 5,961,765,150 0
대웅 003090 이연법인세자산 0 0
대웅 003090 자산총계 354,113,353,604 344,459,713,744
대웅 003090 유동부채 9,687,619,733 6,811,790,251
대웅 003090 단기매입채무 0 0
대웅 003090 단기차입금 0 0
대웅 003090 유동성장기차입금 0 0
대웅 003090 유동성사채 0 0
대웅 003090 기타유동금융부채 0 0
대웅 003090 기타유동부채 2,529,780,328 3,477,470,421
대웅 003090 당기법인세부채 558,276,398 1,396,131,119
대웅 003090 유동리스부채 267,570,205 0
대웅 003090 비유동부채 16,805,702,975 10,854,268,581
대웅 003090 사채 0 0
대웅 003090 장기차입금 0 0
대웅 003090 기타비유동금융부채 0 0
대웅 003090 이연법인세부채 10,392,504,980 10,134,492,754
대웅 003090 비유동리스부채 5,714,618,001 0
대웅 003090 부채총계 26,493,322,708 17,666,058,832
대웅 003090 자본금 29,070,990,000 29,070,990,000
대웅 003090 자본잉여금 0 0
대웅 003090 자본조정 0 0
대웅 003090 기타포괄손익누계액 0 0
대웅 003090 이익잉여금(결손금) 0 0
대웅 003090 자본총계 327,620,030,896 326,793,654,912
대웅 003090 자본과부채총계 354,113,353,604 344,459,713,744
