date : 2019-03-31
부광약품 003000 유동자산 233,267,506,801 219,894,677,905
부광약품 003000 현금및현금성자산 106,493,098,468 98,384,086,395
부광약품 003000 매출채권 84,518,633,101 86,483,805,123
부광약품 003000 기타유동금융자산 260,537,927 117,191,267
부광약품 003000 기타유동자산 194,273,235 356,911,560
부광약품 003000 재고자산 41,800,964,070 34,552,683,560
부광약품 003000 비유동자산 261,249,657,175 286,668,219,397
부광약품 003000 기타비유동금융자산 2,015,103,032 2,138,821,219
부광약품 003000 유형자산 115,918,479,806 115,087,917,602
부광약품 003000 무형자산 5,441,877,244 5,427,566,572
부광약품 003000 사용권자산 22,409,793 0
부광약품 003000 자산총계 494,517,163,976 506,562,897,302
부광약품 003000 유동부채 40,021,290,290 38,046,837,964
부광약품 003000 기타유동금융부채 13,481,834,411 11,524,193,859
부광약품 003000 기타유동부채 1,606,730,778 3,519,563,720
부광약품 003000 당기법인세부채 18,814,731,385 18,784,935,797
부광약품 003000 비유동부채 35,540,697,401 42,121,638,259
부광약품 003000 이연법인세부채 26,200,707,029 33,257,607,918
부광약품 003000 부채총계 75,561,987,691 80,168,476,223
부광약품 003000 자본금 31,765,683,500 24,435,141,500
부광약품 003000 자본총계 418,955,176,285 426,394,421,079
부광약품 003000 자본과부채총계 494,517,163,976 506,562,897,302
