date : 2015-12-31
디아이 003160 유동자산 41,201,747,804 69,578,137,851
디아이 003160 현금및현금성자산 20,572,588,560 45,859,927,835
디아이 003160 매출채권 4,969,099,213 5,455,875,253
디아이 003160 재고자산 3,724,446,437 7,938,810,048
디아이 003160 기타유동금융자산 0 0
디아이 003160 기타유동자산 228,229,142 300,544,984
디아이 003160 매각예정비유동자산 0 0
디아이 003160 비유동자산 102,575,832,018 83,735,049,471
디아이 003160 장기금융상품 3,454,358,265 497,696,666
디아이 003160 기타포괄손익-공정가치 0 0
디아이 003160 당기손익인식공정가치측정금융자산 0 0
디아이 003160 종속회사투자 0 0
디아이 003160 관계회사투자 0 0
디아이 003160 렌탈자산 0 0
디아이 003160 유형자산 34,855,950,883 27,785,438,220
디아이 003160 무형자산 5,594,096,164 5,237,175,993
디아이 003160 기타비유동금융자산 0 0
디아이 003160 기타비유동자산 0 0
디아이 003160 사용권자산 0 0
디아이 003160 이연법인세자산 0 0
디아이 003160 자산총계 143,777,579,822 153,313,187,322
디아이 003160 유동부채 29,642,905,874 38,720,385,411
디아이 003160 단기매입채무 0 0
디아이 003160 단기차입금 23,000,000,000 18,000,000,000
디아이 003160 유동성장기차입금 0 0
디아이 003160 유동성사채 0 0
디아이 003160 기타유동금융부채 0 0
디아이 003160 기타유동부채 509,303,101 1,636,288,139
디아이 003160 당기법인세부채 0 0
디아이 003160 유동리스부채 0 0
디아이 003160 비유동부채 8,829,372,386 7,139,090,543
디아이 003160 사채 0 0
디아이 003160 장기차입금 5,000,000,000 12,240,000,000
디아이 003160 기타비유동금융부채 0 0
디아이 003160 이연법인세부채 2,382,214,740 2,819,811,525
디아이 003160 비유동리스부채 0 0
디아이 003160 부채총계 38,472,278,260 45,859,475,954
디아이 003160 자본금 17,248,392,500 17,248,392,500
디아이 003160 자본잉여금 0 0
디아이 003160 자본조정 0 0
디아이 003160 기타포괄손익누계액 0 0
디아이 003160 이익잉여금(결손금) 50,978,542,966 52,955,354,488
디아이 003160 자본총계 105,305,301,562 107,453,711,368
디아이 003160 자본과부채총계 143,777,579,822 153,313,187,322
date : 2016-03-31
디아이 003160 유동자산 36,174,420,718 41,201,747,804
디아이 003160 현금및현금성자산 11,225,985,082 20,572,588,560
디아이 003160 매출채권 3,032,927,278 4,969,099,213
디아이 003160 재고자산 9,852,118,202 3,724,446,437
디아이 003160 기타유동금융자산 0 0
디아이 003160 기타유동자산 634,655,513 228,229,142
디아이 003160 매각예정비유동자산 0 0
디아이 003160 비유동자산 109,248,865,820 102,575,832,018
디아이 003160 장기금융상품 3,456,034,230 3,454,358,265
디아이 003160 기타포괄손익-공정가치 0 0
디아이 003160 당기손익인식공정가치측정금융자산 0 0
디아이 003160 종속회사투자 0 0
디아이 003160 관계회사투자 0 0
디아이 003160 렌탈자산 0 0
디아이 003160 유형자산 42,588,416,554 34,855,950,883
디아이 003160 무형자산 5,716,595,228 5,594,096,164
디아이 003160 기타비유동금융자산 0 0
디아이 003160 기타비유동자산 0 0
디아이 003160 사용권자산 0 0
디아이 003160 이연법인세자산 0 0
디아이 003160 자산총계 145,423,286,538 143,777,579,822
디아이 003160 유동부채 29,766,686,276 29,642,905,874
디아이 003160 단기매입채무 0 0
디아이 003160 단기차입금 23,000,000,000 23,000,000,000
디아이 003160 유동성장기차입금 0 0
디아이 003160 유동성사채 0 0
디아이 003160 기타유동금융부채 0 0
디아이 003160 기타유동부채 520,982,738 509,303,101
디아이 003160 당기법인세부채 0 0
디아이 003160 유동리스부채 0 0
디아이 003160 비유동부채 11,519,561,897 8,829,372,386
디아이 003160 사채 0 0
디아이 003160 장기차입금 7,500,000,000 5,000,000,000
디아이 003160 기타비유동금융부채 0 0
디아이 003160 이연법인세부채 2,445,408,555 2,382,214,740
디아이 003160 비유동리스부채 0 0
디아이 003160 부채총계 41,286,248,173 38,472,278,260
디아이 003160 자본금 17,248,392,500 17,248,392,500
디아이 003160 자본잉여금 0 0
디아이 003160 자본조정 0 0
디아이 003160 기타포괄손익누계액 0 0
디아이 003160 이익잉여금(결손금) 49,519,082,681 50,978,542,966
디아이 003160 자본총계 104,137,038,365 105,305,301,562
디아이 003160 자본과부채총계 145,423,286,538 143,777,579,822
date : 2016-06-30
디아이 003160 유동자산 36,471,801,412 41,201,747,804
디아이 003160 현금및현금성자산 12,853,866,949 20,572,588,560
디아이 003160 매출채권 4,575,204,429 4,969,099,213
디아이 003160 재고자산 9,551,780,238 3,724,446,437
디아이 003160 기타유동금융자산 0 0
디아이 003160 기타유동자산 118,222,288 228,229,142
디아이 003160 매각예정비유동자산 0 0
디아이 003160 비유동자산 111,207,636,180 102,575,832,018
디아이 003160 장기금융상품 3,457,760,535 3,454,358,265
디아이 003160 기타포괄손익-공정가치 0 0
디아이 003160 당기손익인식공정가치측정금융자산 0 0
디아이 003160 종속회사투자 0 0
디아이 003160 관계회사투자 0 0
디아이 003160 렌탈자산 0 0
디아이 003160 유형자산 44,453,114,554 34,855,950,883
디아이 003160 무형자산 5,683,651,264 5,594,096,164
디아이 003160 기타비유동금융자산 0 0
디아이 003160 기타비유동자산 0 0
디아이 003160 사용권자산 0 0
디아이 003160 이연법인세자산 0 0
디아이 003160 자산총계 147,679,437,592 143,777,579,822
디아이 003160 유동부채 31,008,677,829 29,642,905,874
디아이 003160 단기매입채무 0 0
디아이 003160 단기차입금 23,000,000,000 23,000,000,000
디아이 003160 유동성장기차입금 0 0
디아이 003160 유동성사채 0 0
디아이 003160 기타유동금융부채 0 0
디아이 003160 기타유동부채 692,683,776 509,303,101
디아이 003160 당기법인세부채 39,542,951 2,683,975,534
디아이 003160 유동리스부채 0 0
디아이 003160 비유동부채 12,687,009,833 8,829,372,386
디아이 003160 사채 0 0
디아이 003160 장기차입금 7,500,000,000 5,000,000,000
디아이 003160 기타비유동금융부채 0 0
디아이 003160 이연법인세부채 2,434,208,415 2,382,214,740
디아이 003160 비유동리스부채 0 0
디아이 003160 부채총계 43,695,687,662 38,472,278,260
디아이 003160 자본금 17,248,392,500 17,248,392,500
디아이 003160 자본잉여금 0 0
디아이 003160 자본조정 0 0
디아이 003160 기타포괄손익누계액 0 0
디아이 003160 이익잉여금(결손금) 49,233,195,572 50,978,542,966
디아이 003160 자본총계 103,983,749,930 105,305,301,562
디아이 003160 자본과부채총계 147,679,437,592 143,777,579,822
date : 2016-09-30
디아이 003160 유동자산 40,017,352,837 41,201,747,804
디아이 003160 현금및현금성자산 16,320,596,660 20,572,588,560
디아이 003160 매출채권 6,080,254,363 4,969,099,213
디아이 003160 재고자산 12,898,312,722 3,724,446,437
디아이 003160 기타유동금융자산 0 0
디아이 003160 기타유동자산 228,229,142 300,544,984
디아이 003160 매각예정비유동자산 0 0
디아이 003160 비유동자산 110,108,489,934 102,575,832,018
디아이 003160 장기금융상품 2,564,460,128 3,454,358,265
디아이 003160 기타포괄손익-공정가치 0 0
디아이 003160 당기손익인식공정가치측정금융자산 0 0
디아이 003160 종속회사투자 0 0
디아이 003160 관계회사투자 0 0
디아이 003160 렌탈자산 0 0
디아이 003160 유형자산 44,403,511,252 34,855,950,883
디아이 003160 무형자산 5,493,526,668 5,594,096,164
디아이 003160 기타비유동금융자산 0 0
디아이 003160 기타비유동자산 0 0
디아이 003160 사용권자산 0 0
디아이 003160 이연법인세자산 0 0
디아이 003160 자산총계 150,125,842,771 143,777,579,822
디아이 003160 유동부채 32,709,099,240 29,642,905,874
디아이 003160 단기매입채무 0 0
디아이 003160 단기차입금 24,500,000,000 23,000,000,000
디아이 003160 유동성장기차입금 0 0
디아이 003160 유동성사채 0 0
디아이 003160 기타유동금융부채 0 0
디아이 003160 기타유동부채 632,285,165 509,303,101
디아이 003160 당기법인세부채 44,295,733 39,542,951
디아이 003160 유동리스부채 0 0
디아이 003160 비유동부채 12,663,881,521 8,829,372,386
디아이 003160 사채 0 0
디아이 003160 장기차입금 7,500,000,000 5,000,000,000
디아이 003160 기타비유동금융부채 0 0
디아이 003160 이연법인세부채 2,536,911,839 2,382,214,740
디아이 003160 비유동리스부채 0 0
디아이 003160 부채총계 45,372,980,761 38,472,278,260
디아이 003160 자본금 17,248,392,500 17,248,392,500
디아이 003160 자본잉여금 0 0
디아이 003160 자본조정 0 0
디아이 003160 기타포괄손익누계액 0 0
디아이 003160 이익잉여금(결손금) 49,921,261,597 50,978,542,966
디아이 003160 자본총계 104,752,862,010 105,305,301,562
디아이 003160 자본과부채총계 150,125,842,771 143,777,579,822
date : 2016-12-31
디아이 003160 유동자산 40,463,622,257 41,201,747,804
디아이 003160 현금및현금성자산 18,593,708,851 20,572,588,560
디아이 003160 매출채권 3,457,493,259 4,969,099,213
디아이 003160 재고자산 10,523,643,450 3,724,446,437
디아이 003160 기타유동금융자산 0 0
디아이 003160 기타유동자산 417,261,689 228,229,142
디아이 003160 매각예정비유동자산 0 0
디아이 003160 비유동자산 107,900,266,611 102,575,832,018
디아이 003160 장기금융상품 2,402,891,087 3,454,358,265
디아이 003160 기타포괄손익-공정가치 0 0
디아이 003160 당기손익인식공정가치측정금융자산 0 0
디아이 003160 종속회사투자 0 0
디아이 003160 관계회사투자 0 0
디아이 003160 렌탈자산 0 0
디아이 003160 유형자산 45,115,334,515 34,855,950,883
디아이 003160 무형자산 6,435,888,389 5,594,096,164
디아이 003160 기타비유동금융자산 0 0
디아이 003160 기타비유동자산 0 0
디아이 003160 사용권자산 0 0
디아이 003160 이연법인세자산 0 0
디아이 003160 자산총계 148,363,888,868 143,777,579,822
디아이 003160 유동부채 31,992,683,810 29,642,905,874
디아이 003160 단기매입채무 0 0
디아이 003160 단기차입금 24,500,000,000 23,000,000,000
디아이 003160 유동성장기차입금 0 0
디아이 003160 유동성사채 0 0
디아이 003160 기타유동금융부채 0 0
디아이 003160 기타유동부채 643,426,218 509,303,101
디아이 003160 당기법인세부채 314,821,446 39,542,951
디아이 003160 유동리스부채 0 0
디아이 003160 비유동부채 14,713,615,922 8,829,372,386
디아이 003160 사채 0 0
디아이 003160 장기차입금 7,500,000,000 5,000,000,000
디아이 003160 기타비유동금융부채 0 0
디아이 003160 이연법인세부채 1,726,704,387 2,382,214,740
디아이 003160 비유동리스부채 0 0
디아이 003160 부채총계 46,706,299,732 38,472,278,260
디아이 003160 자본금 17,248,392,500 17,248,392,500
디아이 003160 자본잉여금 0 0
디아이 003160 자본조정 0 0
디아이 003160 기타포괄손익누계액 0 0
디아이 003160 이익잉여금(결손금) 47,471,223,936 50,978,542,966
디아이 003160 자본총계 101,657,589,136 105,305,301,562
디아이 003160 자본과부채총계 148,363,888,868 143,777,579,822
date : 2017-03-31
디아이 003160 유동자산 40,196,484,828 40,463,622,257
디아이 003160 현금및현금성자산 13,439,032,278 18,593,708,851
디아이 003160 매출채권 5,634,177,329 3,457,493,259
디아이 003160 재고자산 13,695,480,105 10,523,643,450
디아이 003160 기타유동금융자산 0 0
디아이 003160 기타유동자산 1,136,957,446 417,261,689
디아이 003160 매각예정비유동자산 0 0
디아이 003160 비유동자산 108,423,656,835 107,900,266,611
디아이 003160 장기금융상품 2,404,612,235 2,402,891,087
디아이 003160 기타포괄손익-공정가치 0 0
디아이 003160 당기손익인식공정가치측정금융자산 0 0
디아이 003160 종속회사투자 0 0
디아이 003160 관계회사투자 0 0
디아이 003160 렌탈자산 0 0
디아이 003160 유형자산 45,743,634,083 45,115,334,515
디아이 003160 무형자산 6,377,003,061 6,435,888,389
디아이 003160 기타비유동금융자산 0 0
디아이 003160 기타비유동자산 0 0
디아이 003160 사용권자산 0 0
디아이 003160 이연법인세자산 0 0
디아이 003160 자산총계 148,620,141,663 148,363,888,868
디아이 003160 유동부채 37,531,664,564 31,992,683,810
디아이 003160 단기매입채무 0 0
디아이 003160 단기차입금 24,500,000,000 24,500,000,000
디아이 003160 유동성장기차입금 0 0
디아이 003160 유동성사채 0 0
디아이 003160 기타유동금융부채 0 0
디아이 003160 기타유동부채 657,143,894 643,426,218
디아이 003160 당기법인세부채 141,076,376 314,821,446
디아이 003160 유동리스부채 0 0
디아이 003160 비유동부채 12,026,712,703 14,713,615,922
디아이 003160 사채 0 0
디아이 003160 장기차입금 5,000,000,000 7,500,000,000
디아이 003160 기타비유동금융부채 0 0
디아이 003160 이연법인세부채 1,409,450,597 1,726,704,387
디아이 003160 비유동리스부채 0 0
디아이 003160 부채총계 49,558,377,267 46,706,299,732
디아이 003160 자본금 17,248,392,500 17,248,392,500
디아이 003160 자본잉여금 0 0
디아이 003160 자본조정 0 0
디아이 003160 기타포괄손익누계액 0 0
디아이 003160 이익잉여금(결손금) 44,875,399,196 47,471,223,936
디아이 003160 자본총계 99,061,764,396 101,657,589,136
디아이 003160 자본과부채총계 148,620,141,663 148,363,888,868
date : 2017-06-30
디아이 003160 유동자산 44,316,138,336 40,463,622,257
디아이 003160 현금및현금성자산 8,381,487,463 18,593,708,851
디아이 003160 매출채권 8,821,353,712 3,457,493,259
디아이 003160 재고자산 21,317,332,590 10,523,643,450
디아이 003160 기타유동금융자산 0 0
디아이 003160 기타유동자산 716,560,702 417,261,689
디아이 003160 매각예정비유동자산 0 0
디아이 003160 비유동자산 108,921,759,426 107,900,266,611
디아이 003160 장기금융상품 2,406,399,099 2,402,891,087
디아이 003160 기타포괄손익-공정가치 0 0
디아이 003160 당기손익인식공정가치측정금융자산 0 0
디아이 003160 종속회사투자 0 0
디아이 003160 관계회사투자 0 0
디아이 003160 렌탈자산 0 0
디아이 003160 유형자산 45,799,563,620 45,115,334,515
디아이 003160 무형자산 6,316,707,427 6,435,888,389
디아이 003160 기타비유동금융자산 0 0
디아이 003160 기타비유동자산 0 0
디아이 003160 사용권자산 0 0
디아이 003160 이연법인세자산 0 0
디아이 003160 자산총계 153,237,897,762 148,363,888,868
디아이 003160 유동부채 42,369,217,526 31,992,683,810
디아이 003160 단기매입채무 0 0
디아이 003160 단기차입금 24,500,000,000 24,500,000,000
디아이 003160 유동성장기차입금 0 0
디아이 003160 유동성사채 0 0
디아이 003160 기타유동금융부채 0 0
디아이 003160 기타유동부채 776,005,473 643,426,218
디아이 003160 당기법인세부채 314,821,446 24,500,000,000
디아이 003160 유동리스부채 0 0
디아이 003160 비유동부채 10,532,720,650 14,713,615,922
디아이 003160 사채 0 0
디아이 003160 장기차입금 5,000,000,000 7,500,000,000
디아이 003160 기타비유동금융부채 0 0
디아이 003160 이연법인세부채 1,771,972,190 1,726,704,387
디아이 003160 비유동리스부채 0 0
디아이 003160 부채총계 52,901,938,176 46,706,299,732
디아이 003160 자본금 17,248,392,500 17,248,392,500
디아이 003160 자본잉여금 0 0
디아이 003160 자본조정 0 0
디아이 003160 기타포괄손익누계액 0 0
디아이 003160 이익잉여금(결손금) 46,149,594,386 47,471,223,936
디아이 003160 자본총계 100,335,959,586 101,657,589,136
디아이 003160 자본과부채총계 153,237,897,762 148,363,888,868
date : 2017-09-30
디아이 003160 유동자산 45,889,601,054 40,463,622,257
디아이 003160 현금및현금성자산 15,033,944,500 18,593,708,851
디아이 003160 매출채권 10,359,032,652 3,457,493,259
디아이 003160 재고자산 15,179,799,808 10,523,643,450
디아이 003160 기타유동금융자산 0 0
디아이 003160 기타유동자산 417,261,689 10,523,643,450
디아이 003160 매각예정비유동자산 0 0
디아이 003160 비유동자산 109,028,820,544 107,900,266,611
디아이 003160 장기금융상품 2,455,803,753 2,402,891,087
디아이 003160 기타포괄손익-공정가치 0 0
디아이 003160 당기손익인식공정가치측정금융자산 0 0
디아이 003160 종속회사투자 0 0
디아이 003160 관계회사투자 0 0
디아이 003160 렌탈자산 0 0
디아이 003160 유형자산 45,991,806,143 45,115,334,515
디아이 003160 무형자산 6,210,481,830 6,435,888,389
디아이 003160 기타비유동금융자산 0 0
디아이 003160 기타비유동자산 0 0
디아이 003160 사용권자산 0 0
디아이 003160 이연법인세자산 0 0
디아이 003160 자산총계 154,918,421,598 148,363,888,868
디아이 003160 유동부채 39,204,583,552 31,992,683,810
디아이 003160 단기매입채무 0 0
디아이 003160 단기차입금 21,500,000,000 24,500,000,000
디아이 003160 유동성장기차입금 0 0
디아이 003160 유동성사채 0 0
디아이 003160 기타유동금융부채 0 0
디아이 003160 기타유동부채 5,073,511,161 643,426,218
디아이 003160 당기법인세부채 0 0
디아이 003160 유동리스부채 0 0
디아이 003160 비유동부채 11,654,895,165 14,713,615,922
디아이 003160 사채 0 0
디아이 003160 장기차입금 5,000,000,000 7,500,000,000
디아이 003160 기타비유동금융부채 0 0
디아이 003160 이연법인세부채 1,962,235,504 1,726,704,387
디아이 003160 비유동리스부채 0 0
디아이 003160 부채총계 50,859,478,717 46,706,299,732
디아이 003160 자본금 17,248,392,500 17,248,392,500
디아이 003160 자본잉여금 0 0
디아이 003160 자본조정 0 0
디아이 003160 기타포괄손익누계액 0 0
디아이 003160 이익잉여금(결손금) 0 0
디아이 003160 자본총계 104,058,942,881 101,657,589,136
디아이 003160 자본과부채총계 154,918,421,598 148,363,888,868
date : 2017-12-31
디아이 003160 유동자산 58,420,995,253 40,463,622,257
디아이 003160 현금및현금성자산 33,701,765,246 18,593,708,851
디아이 003160 매출채권 5,588,896,233 3,457,493,259
디아이 003160 재고자산 13,751,606,328 10,523,643,450
디아이 003160 기타유동금융자산 0 0
디아이 003160 기타유동자산 141,510,019 417,261,689
디아이 003160 매각예정비유동자산 0 0
디아이 003160 비유동자산 103,374,322,569 107,900,266,611
디아이 003160 장기금융상품 2,695,597,526 2,402,891,087
디아이 003160 기타포괄손익-공정가치 0 0
디아이 003160 당기손익인식공정가치측정금융자산 0 0
디아이 003160 종속회사투자 0 0
디아이 003160 관계회사투자 0 0
디아이 003160 렌탈자산 0 0
디아이 003160 유형자산 47,090,044,860 45,115,334,515
디아이 003160 무형자산 5,407,949,375 6,435,888,389
디아이 003160 기타비유동금융자산 0 0
디아이 003160 기타비유동자산 0 0
디아이 003160 사용권자산 0 0
디아이 003160 이연법인세자산 0 0
디아이 003160 자산총계 161,795,317,822 148,363,888,868
디아이 003160 유동부채 36,196,142,330 31,992,683,810
디아이 003160 단기매입채무 0 0
디아이 003160 단기차입금 15,858,000,000 24,500,000,000
디아이 003160 유동성장기차입금 0 0
디아이 003160 유동성사채 0 0
디아이 003160 기타유동금융부채 0 0
디아이 003160 기타유동부채 1,876,892,820 643,426,218
디아이 003160 당기법인세부채 0 0
디아이 003160 유동리스부채 0 0
디아이 003160 비유동부채 11,443,141,168 14,713,615,922
디아이 003160 사채 0 0
디아이 003160 장기차입금 1,928,571,429 7,500,000,000
디아이 003160 기타비유동금융부채 0 0
디아이 003160 이연법인세부채 427,657,831 1,726,704,387
디아이 003160 비유동리스부채 0 0
디아이 003160 부채총계 47,639,283,498 46,706,299,732
디아이 003160 자본금 17,248,392,500 17,248,392,500
디아이 003160 자본잉여금 0 0
디아이 003160 자본조정 0 0
디아이 003160 기타포괄손익누계액 0 0
디아이 003160 이익잉여금(결손금) 0 0
디아이 003160 자본총계 114,156,034,324 101,657,589,136
디아이 003160 자본과부채총계 161,795,317,822 148,363,888,868
date : 2018-03-31
디아이 003160 유동자산 68,997,661,503 58,420,995,253
디아이 003160 현금및현금성자산 32,230,961,490 33,701,765,246
디아이 003160 매출채권 11,161,666,796 5,588,896,233
디아이 003160 재고자산 19,729,479,105 13,751,606,328
디아이 003160 기타유동금융자산 0 0
디아이 003160 기타유동자산 658,123,025 141,510,019
디아이 003160 매각예정비유동자산 0 0
디아이 003160 비유동자산 106,195,037,763 103,374,322,569
디아이 003160 장기금융상품 2,983,075,013 2,695,597,526
디아이 003160 기타포괄손익-공정가치 0 0
디아이 003160 당기손익인식공정가치측정금융자산 0 0
디아이 003160 종속회사투자 0 0
디아이 003160 관계회사투자 0 0
디아이 003160 렌탈자산 0 0
디아이 003160 유형자산 48,468,433,070 47,090,044,860
디아이 003160 무형자산 5,340,295,570 5,407,949,375
디아이 003160 기타비유동금융자산 0 0
디아이 003160 기타비유동자산 0 0
디아이 003160 사용권자산 0 0
디아이 003160 이연법인세자산 0 0
디아이 003160 자산총계 175,192,699,266 161,795,317,822
디아이 003160 유동부채 50,049,108,439 36,196,142,330
디아이 003160 단기매입채무 0 0
디아이 003160 단기차입금 19,858,000,000 15,858,000,000
디아이 003160 유동성장기차입금 0 0
디아이 003160 유동성사채 0 0
디아이 003160 기타유동금융부채 0 0
디아이 003160 기타유동부채 4,527,989,575 1,876,892,820
디아이 003160 당기법인세부채 0 0
디아이 003160 유동리스부채 0 0
디아이 003160 비유동부채 12,330,612,092 11,443,141,168
디아이 003160 사채 0 0
디아이 003160 장기차입금 1,857,142,858 1,928,571,429
디아이 003160 기타비유동금융부채 0 0
디아이 003160 이연법인세부채 819,968,479 427,657,831
디아이 003160 비유동리스부채 0 0
디아이 003160 부채총계 62,379,720,531 47,639,283,498
디아이 003160 자본금 17,248,392,500 17,248,392,500
디아이 003160 자본잉여금 0 0
디아이 003160 자본조정 0 0
디아이 003160 기타포괄손익누계액 0 0
디아이 003160 이익잉여금(결손금) 0 0
디아이 003160 자본총계 112,812,978,735 114,156,034,324
디아이 003160 자본과부채총계 175,192,699,266 161,795,317,822
date : 2018-06-30
디아이 003160 유동자산 57,647,320,457 58,420,995,253
디아이 003160 현금및현금성자산 16,070,568,629 33,701,765,246
디아이 003160 매출채권 11,061,263,711 5,588,896,233
디아이 003160 재고자산 23,977,059,152 13,751,606,328
디아이 003160 기타유동금융자산 0 0
디아이 003160 기타유동자산 1,011,973,337 141,510,019
디아이 003160 매각예정비유동자산 0 0
디아이 003160 비유동자산 109,223,227,477 103,374,322,569
디아이 003160 장기금융상품 4,227,934,925 2,695,597,526
디아이 003160 기타포괄손익-공정가치 0 0
디아이 003160 당기손익인식공정가치측정금융자산 0 0
디아이 003160 종속회사투자 0 0
디아이 003160 관계회사투자 0 0
디아이 003160 렌탈자산 0 0
디아이 003160 유형자산 50,254,779,615 47,090,044,860
디아이 003160 무형자산 5,372,561,079 5,407,949,375
디아이 003160 기타비유동금융자산 0 0
디아이 003160 기타비유동자산 0 0
디아이 003160 사용권자산 0 0
디아이 003160 이연법인세자산 0 0
디아이 003160 자산총계 166,870,547,934 161,795,317,822
디아이 003160 유동부채 39,602,865,531 36,196,142,330
디아이 003160 단기매입채무 0 0
디아이 003160 단기차입금 20,558,000,000 15,858,000,000
디아이 003160 유동성장기차입금 0 0
디아이 003160 유동성사채 0 0
디아이 003160 기타유동금융부채 0 0
디아이 003160 기타유동부채 4,192,038,174 1,876,892,820
디아이 003160 당기법인세부채 0 0
디아이 003160 유동리스부채 0 0
디아이 003160 비유동부채 13,588,950,719 11,443,141,168
디아이 003160 사채 0 0
디아이 003160 장기차입금 1,785,714,287 1,928,571,429
디아이 003160 기타비유동금융부채 0 0
디아이 003160 이연법인세부채 858,258,877 427,657,831
디아이 003160 비유동리스부채 0 0
디아이 003160 부채총계 53,191,816,250 47,639,283,498
디아이 003160 자본금 17,248,392,500 17,248,392,500
디아이 003160 자본잉여금 0 0
디아이 003160 자본조정 0 0
디아이 003160 기타포괄손익누계액 0 0
디아이 003160 이익잉여금(결손금) 0 0
디아이 003160 자본총계 113,678,731,684 114,156,034,324
디아이 003160 자본과부채총계 166,870,547,934 161,795,317,822
date : 2018-09-30
디아이 003160 유동자산 54,001,561,964 58,420,995,253
디아이 003160 현금및현금성자산 16,480,718,040 33,701,765,246
디아이 003160 매출채권 9,864,981,366 5,588,896,233
디아이 003160 재고자산 21,029,250,163 13,751,606,328
디아이 003160 기타유동금융자산 0 0
디아이 003160 기타유동자산 19,660,100 141,510,019
디아이 003160 매각예정비유동자산 0 0
디아이 003160 비유동자산 109,843,236,490 103,374,322,569
디아이 003160 장기금융상품 4,515,442,058 2,695,597,526
디아이 003160 기타포괄손익-공정가치 0 0
디아이 003160 당기손익인식공정가치측정금융자산 0 0
디아이 003160 종속회사투자 0 0
디아이 003160 관계회사투자 0 0
디아이 003160 렌탈자산 0 0
디아이 003160 유형자산 50,073,469,135 47,090,044,860
디아이 003160 무형자산 5,360,463,146 5,407,949,375
디아이 003160 기타비유동금융자산 0 0
디아이 003160 기타비유동자산 0 0
디아이 003160 사용권자산 0 0
디아이 003160 이연법인세자산 0 0
디아이 003160 자산총계 163,844,798,454 161,795,317,822
디아이 003160 유동부채 36,385,527,971 36,196,142,330
디아이 003160 단기매입채무 0 0
디아이 003160 단기차입금 22,200,000,000 15,858,000,000
디아이 003160 유동성장기차입금 0 0
디아이 003160 유동성사채 0 0
디아이 003160 기타유동금융부채 0 0
디아이 003160 기타유동부채 4,152,036,660 1,876,892,820
디아이 003160 당기법인세부채 0 0
디아이 003160 유동리스부채 0 0
디아이 003160 비유동부채 12,922,807,561 11,443,141,168
디아이 003160 사채 0 0
디아이 003160 장기차입금 1,714,285,716 1,928,571,429
디아이 003160 기타비유동금융부채 0 0
디아이 003160 이연법인세부채 1,068,752,795 427,657,831
디아이 003160 비유동리스부채 0 0
디아이 003160 부채총계 49,308,335,532 47,639,283,498
디아이 003160 자본금 17,248,392,500 17,248,392,500
디아이 003160 자본잉여금 0 0
디아이 003160 자본조정 0 0
디아이 003160 기타포괄손익누계액 0 0
디아이 003160 이익잉여금(결손금) 0 0
디아이 003160 자본총계 114,536,462,922 114,156,034,324
디아이 003160 자본과부채총계 163,844,798,454 161,795,317,822
date : 2018-12-31
디아이 003160 유동자산 48,613,207,695 58,420,995,253
디아이 003160 현금및현금성자산 19,307,302,752 33,701,765,246
디아이 003160 매출채권 2,183,780,954 5,588,896,233
디아이 003160 재고자산 20,366,866,980 13,751,606,328
디아이 003160 기타유동금융자산 0 0
디아이 003160 기타유동자산 398,477,935 141,510,019
디아이 003160 매각예정비유동자산 0 0
디아이 003160 비유동자산 110,878,286,281 103,374,322,569
디아이 003160 장기금융상품 6,780,065,666 2,695,597,526
디아이 003160 기타포괄손익-공정가치 0 0
디아이 003160 당기손익인식공정가치측정금융자산 0 0
디아이 003160 종속회사투자 0 0
디아이 003160 관계회사투자 0 0
디아이 003160 렌탈자산 0 0
디아이 003160 유형자산 50,716,803,536 47,090,044,860
디아이 003160 무형자산 5,768,944,637 5,407,949,375
디아이 003160 기타비유동금융자산 0 0
디아이 003160 기타비유동자산 0 0
디아이 003160 사용권자산 0 0
디아이 003160 이연법인세자산 0 0
디아이 003160 자산총계 159,491,493,976 161,795,317,822
디아이 003160 유동부채 34,632,857,535 36,196,142,330
디아이 003160 단기매입채무 0 0
디아이 003160 단기차입금 25,200,000,000 15,858,000,000
디아이 003160 유동성장기차입금 0 0
디아이 003160 유동성사채 0 0
디아이 003160 기타유동금융부채 0 0
디아이 003160 기타유동부채 2,797,834,972 1,876,892,820
디아이 003160 당기법인세부채 0 0
디아이 003160 유동리스부채 0 0
디아이 003160 비유동부채 12,758,747,449 11,443,141,168
디아이 003160 사채 0 0
디아이 003160 장기차입금 1,642,857,145 1,928,571,429
디아이 003160 기타비유동금융부채 0 0
디아이 003160 이연법인세부채 244,334,695 427,657,831
디아이 003160 비유동리스부채 0 0
디아이 003160 부채총계 47,391,604,984 47,639,283,498
디아이 003160 자본금 17,248,392,500 17,248,392,500
디아이 003160 자본잉여금 0 0
디아이 003160 자본조정 0 0
디아이 003160 기타포괄손익누계액 0 0
디아이 003160 이익잉여금(결손금) 0 0
디아이 003160 자본총계 112,099,888,992 114,156,034,324
디아이 003160 자본과부채총계 159,491,493,976 161,795,317,822
date : 2019-03-31
디아이 003160 유동자산 43,558,687,196 48,613,207,695
디아이 003160 현금및현금성자산 13,232,035,963 19,307,302,752
디아이 003160 매출채권 3,685,726,085 2,183,780,954
디아이 003160 재고자산 18,619,136,465 20,366,866,980
디아이 003160 기타유동금융자산 0 0
디아이 003160 기타유동자산 61,761,520 398,477,935
디아이 003160 매각예정비유동자산 0 0
디아이 003160 비유동자산 114,901,296,304 110,878,286,281
디아이 003160 장기금융상품 7,067,782,694 6,780,065,666
디아이 003160 기타포괄손익-공정가치 0 0
디아이 003160 당기손익인식공정가치측정금융자산 0 0
디아이 003160 종속회사투자 0 0
디아이 003160 관계회사투자 0 0
디아이 003160 렌탈자산 0 0
디아이 003160 유형자산 56,950,787,048 50,716,803,536
디아이 003160 무형자산 5,764,500,921 5,768,944,637
디아이 003160 기타비유동금융자산 0 0
디아이 003160 기타비유동자산 0 0
디아이 003160 사용권자산 0 0
디아이 003160 이연법인세자산 0 0
디아이 003160 자산총계 158,459,983,500 159,491,493,976
디아이 003160 유동부채 34,836,444,809 34,632,857,535
디아이 003160 단기매입채무 0 0
디아이 003160 단기차입금 27,200,000,000 25,200,000,000
디아이 003160 유동성장기차입금 0 0
디아이 003160 유동성사채 0 0
디아이 003160 기타유동금융부채 0 0
디아이 003160 기타유동부채 1,532,165,631 2,797,834,972
디아이 003160 당기법인세부채 0 0
디아이 003160 유동리스부채 0 0
디아이 003160 비유동부채 12,936,913,261 12,758,747,449
디아이 003160 사채 0 0
디아이 003160 장기차입금 1,571,428,574 1,642,857,145
디아이 003160 기타비유동금융부채 0 0
디아이 003160 이연법인세부채 258,187,188 244,334,695
디아이 003160 비유동리스부채 0 0
디아이 003160 부채총계 47,773,358,070 47,391,604,984
디아이 003160 자본금 17,248,392,500 17,248,392,500
디아이 003160 자본잉여금 0 0
디아이 003160 자본조정 0 0
디아이 003160 기타포괄손익누계액 0 0
디아이 003160 이익잉여금(결손금) 0 0
디아이 003160 자본총계 110,686,625,430 112,099,888,992
디아이 003160 자본과부채총계 158,459,983,500 159,491,493,976
