date : 2019-03-31
삼양식품 003230 유동자산 130,264,195,232 114,169,750,628
삼양식품 003230 현금및현금성자산 48,462,675,967 42,109,275,590
삼양식품 003230 매출채권 48,742,264,348 38,776,193,071
삼양식품 003230 기타유동금융자산 10,398,863,943 11,133,012,829
삼양식품 003230 재고자산 21,313,280,720 20,992,142,101
삼양식품 003230 기타유동자산 743,682,922 761,813,136
삼양식품 003230 비유동자산 275,019,107,957 273,376,615,953
삼양식품 003230 기타비유동금융자산 11,103,997,809 10,770,848,742
삼양식품 003230 유형자산 212,341,157,337 212,526,631,883
삼양식품 003230 무형자산 2,822,810,956 2,822,324,743
삼양식품 003230 기타비유동자산 1,585,908,363 1,406,396,447
삼양식품 003230 자산총계 405,283,303,189 387,546,366,581
삼양식품 003230 유동부채 146,776,964,907 137,816,616,218
삼양식품 003230 기타유동금융부채 35,981,970,141 26,991,873,234
삼양식품 003230 단기차입금 50,615,686,700 50,775,626,220
삼양식품 003230 당기법인세부채 8,349,598,647 10,256,279,232
삼양식품 003230 기타유동부채 2,168,166,610 2,371,799,479
삼양식품 003230 비유동부채 28,276,850,787 26,484,702,575
삼양식품 003230 기타비유동금융부채 58,862,269 64,289,015
삼양식품 003230 장기차입금 50,401,800 50,401,800
삼양식품 003230 이연법인세부채 17,174,086,853 17,436,998,888
삼양식품 003230 부채총계 175,053,815,694 164,301,318,793
삼양식품 003230 자본금 37,665,075,000 37,665,075,000
삼양식품 003230 기타포괄손익누계액 3,343,755,066 3,333,102,040
삼양식품 003230 자본총계 230,229,487,495 223,245,047,788
삼양식품 003230 자본과부채총계 405,283,303,189 387,546,366,581
