date : 2019-03-31
대원제약 003220 유동자산 106,175,218,466 104,250,565,540
대원제약 003220 현금및현금성자산 10,975,935,411 14,266,673,625
대원제약 003220 매출채권 및 기타유동채권
대원제약 003220 기타유동자산 3,046,008,250 604,580,607
대원제약 003220 재고자산 42,599,552,651 43,402,427,619
대원제약 003220 비유동자산 185,041,297,973 167,767,923,980
대원제약 003220 유형자산 148,774,582,899 134,423,143,273
대원제약 003220 무형자산 19,519,693,861 18,572,249,656
대원제약 003220 기타비유동자산 42,686,338 42,686,338
대원제약 003220 이연법인세자산 7,248,282,812 6,776,923,139
대원제약 003220 자산총계 291,216,516,439 272,018,489,520
대원제약 003220 유동부채 63,420,998,317 56,868,972,569
대원제약 003220 단기차입금 19,000,000,000 19,000,000,000
대원제약 003220 당기법인세부채 5,996,923,996 5,568,834,515
대원제약 003220 기타유동부채 11,996,286,241 7,159,104,165
대원제약 003220 비유동부채 46,008,350,815 34,289,504,049
대원제약 003220 장기차입금 17,000,000,000 9,000,000,000
대원제약 003220 부채총계 109,429,349,132 91,158,476,618
대원제약 003220 자본금 9,831,338,500 9,549,303,000
대원제약 003220 자본잉여금 9,578,277,587 9,865,191,467
대원제약 003220 기타포괄손익누계액 -28,276,053 -22,270,419
대원제약 003220 자본총계 181,787,167,307 180,860,012,902
대원제약 003220 자본과부채총계 291,216,516,439 272,018,489,520
