date : 2019-03-31
쌍용양회공업 003410 유동자산 635,501,609,106 608,684,168,139
쌍용양회공업 003410 현금및현금성자산 186,318,810,080 182,691,318,793
쌍용양회공업 003410 매출채권 196,982,315,457 202,537,208,653
쌍용양회공업 003410 재고자산 111,600,983,121 101,522,067,569
쌍용양회공업 003410 기타유동자산 22,809,289,270 32,145,819,736
쌍용양회공업 003410 비유동자산 2,348,354,220,929 2,358,443,809,933
쌍용양회공업 003410 유형자산 1,729,423,408,605 1,733,373,552,399
쌍용양회공업 003410 사용권자산 18,298,639,407 15,570,118,790
쌍용양회공업 003410 무형자산 37,617,077,441 38,211,882,772
쌍용양회공업 003410 이연법인세자산 4,750,658,424 0
쌍용양회공업 003410 기타비유동자산 643,809,723 709,195,388
쌍용양회공업 003410 자산총계 2,983,855,830,035 2,967,127,978,072
쌍용양회공업 003410 유동부채 431,756,284,461 387,873,714,522
쌍용양회공업 003410 단기차입금 144,881,994,841 149,778,340,859
쌍용양회공업 003410 당기법인세부채 13,793,925,371 5,418,718,346
쌍용양회공업 003410 기타유동부채 9,331,507,968 12,146,699,553
쌍용양회공업 003410 비유동부채 673,371,354,401 682,612,127,807
쌍용양회공업 003410 사채 183,822,154,354 183,179,545,600
쌍용양회공업 003410 장기차입금 243,852,766,366 248,298,325,246
쌍용양회공업 003410 이연법인세부채 8,017,600,847 0
쌍용양회공업 003410 부채총계 1,105,127,638,862 1,070,485,842,329
쌍용양회공업 003410 자본금 505,403,280,000 505,403,280,000
쌍용양회공업 003410 자본잉여금 774,904,815,690 774,904,815,690
쌍용양회공업 003410 자본조정 -1,669,868 -1,669,868
쌍용양회공업 003410 기타포괄손익누계액 18,147,979,013 31,839,100,490
쌍용양회공업 003410 이익잉여금(결손금) 580,273,786,338 584,496,609,431
쌍용양회공업 003410 자본총계 1,878,728,191,173 1,896,642,135,743
쌍용양회공업 003410 자본과부채총계 2,983,855,830,035 2,967,127,978,072
