date : 2019-03-31
한진중공업홀딩스 003480 유동자산 19,375,000,000 11,968,000,000
한진중공업홀딩스 003480 현금및현금성자산 15,968,000,000 11,316,000,000
한진중공업홀딩스 003480 매출채권 및 기타유동채권
한진중공업홀딩스 003480 기타유동자산 6,000,000 6,000,000
한진중공업홀딩스 003480 비유동자산 354,474,000,000 411,100,000,000
한진중공업홀딩스 003480 장기금융상품 3,000,000 3,000,000
한진중공업홀딩스 003480 유형자산 163,000,000 163,000,000
한진중공업홀딩스 003480 무형자산 377,000,000 381,000,000
한진중공업홀딩스 003480 기타비유동자산 313,000,000 313,000,000
한진중공업홀딩스 003480 자산총계 373,849,000,000 423,068,000,000
한진중공업홀딩스 003480 유동부채 53,133,000,000 50,460,000,000
한진중공업홀딩스 003480 당기법인세부채 21,146,000,000 19,006,000,000
한진중공업홀딩스 003480 비유동부채 36,893,000,000 36,899,000,000
한진중공업홀딩스 003480 기타비유동금융부채 33,386,000,000 33,386,000,000
한진중공업홀딩스 003480 부채총계 90,026,000,000 87,359,000,000
한진중공업홀딩스 003480 자본금 155,149,000,000 155,149,000,000
한진중공업홀딩스 003480 이익잉여금(결손금) -529,960,000,000 -478,074,000,000
한진중공업홀딩스 003480 자본총계 283,823,000,000 335,709,000,000
한진중공업홀딩스 003480 자본과부채총계 373,849,000,000 423,068,000,000
