date : 2015-12-31
S&T중공업 003570 유동자산 0 0
S&T중공업 003570 현금및현금성자산 169,406,000,791 134,067,482,893
S&T중공업 003570 매출채권 및 기타채권
S&T중공업 003570 재고자산 115,656,174,436 118,556,608,468
S&T중공업 003570 기타유동금융자산 0 0
S&T중공업 003570 기타유동자산 34,271,482,908 10,813,594,866
S&T중공업 003570 매각예정비유동자산 0 0
S&T중공업 003570 비유동자산 0 0
S&T중공업 003570 장기금융상품 2,000,000 2,000,000
S&T중공업 003570 기타포괄손익-공정가치 0 0
S&T중공업 003570 당기손익인식공정가치측정금융자산 0 0
S&T중공업 003570 종속회사투자 0 0
S&T중공업 003570 관계회사투자 0 0
S&T중공업 003570 렌탈자산 0 0
S&T중공업 003570 유형자산 402,301,910,048 408,424,738,237
S&T중공업 003570 무형자산 21,064,022,017 26,967,072,757
S&T중공업 003570 기타비유동금융자산 8,375,281,711 17,736,409,111
S&T중공업 003570 기타비유동자산 23,061,500 23,061,500
S&T중공업 003570 사용권자산 0 0
S&T중공업 003570 이연법인세자산 0 0
S&T중공업 003570 자산총계 889,873,771,470 886,803,687,829
S&T중공업 003570 유동부채 0 0
S&T중공업 003570 단기매입채무 0 0
S&T중공업 003570 단기차입금 0 0
S&T중공업 003570 유동성장기차입금 0 0
S&T중공업 003570 유동성사채 0 0
S&T중공업 003570 기타유동금융부채 0 0
S&T중공업 003570 기타유동부채 65,556,185,675 46,519,285,853
S&T중공업 003570 당기법인세부채 0 0
S&T중공업 003570 유동리스부채 0 0
S&T중공업 003570 비유동부채 0 0
S&T중공업 003570 사채 0 0
S&T중공업 003570 장기차입금 0 0
S&T중공업 003570 기타비유동금융부채 0 0
S&T중공업 003570 이연법인세부채 45,704,581,504 46,991,890,368
S&T중공업 003570 비유동리스부채 0 0
S&T중공업 003570 부채총계 220,022,967,421 239,262,639,083
S&T중공업 003570 자본금 83,683,597,500 83,683,597,500
S&T중공업 003570 자본잉여금 22,131,538,356 22,131,538,356
S&T중공업 003570 자본조정 0 0
S&T중공업 003570 기타포괄손익누계액 -6,824,600,312 -568,934,693
S&T중공업 003570 이익잉여금(결손금) 0 0
S&T중공업 003570 자본총계 889,873,771,470 886,803,687,829
S&T중공업 003570 자본과부채총계 0 0
date : 2016-03-31
S&T중공업 003570 유동자산 0 0
S&T중공업 003570 현금및현금성자산 162,835,912,664 169,406,000,791
S&T중공업 003570 매출채권 및 기타채권
S&T중공업 003570 재고자산 114,662,050,641 115,656,174,436
S&T중공업 003570 기타유동금융자산 0 0
S&T중공업 003570 기타유동자산 24,865,519,496 34,271,482,908
S&T중공업 003570 매각예정비유동자산 0 0
S&T중공업 003570 비유동자산 0 0
S&T중공업 003570 장기금융상품 2,000,000 2,000,000
S&T중공업 003570 기타포괄손익-공정가치 0 0
S&T중공업 003570 당기손익인식공정가치측정금융자산 0 0
S&T중공업 003570 종속회사투자 0 0
S&T중공업 003570 관계회사투자 0 0
S&T중공업 003570 렌탈자산 0 0
S&T중공업 003570 유형자산 402,820,111,151 402,301,910,048
S&T중공업 003570 무형자산 15,995,022,549 21,064,022,017
S&T중공업 003570 기타비유동금융자산 8,397,517,811 8,375,281,711
S&T중공업 003570 기타비유동자산 23,061,500 23,061,500
S&T중공업 003570 사용권자산 0 0
S&T중공업 003570 이연법인세자산 0 0
S&T중공업 003570 자산총계 863,847,403,189 889,873,771,470
S&T중공업 003570 유동부채 0 0
S&T중공업 003570 단기매입채무 0 0
S&T중공업 003570 단기차입금 0 0
S&T중공업 003570 유동성장기차입금 0 0
S&T중공업 003570 유동성사채 0 0
S&T중공업 003570 기타유동금융부채 0 0
S&T중공업 003570 기타유동부채 61,716,181,393 65,556,185,675
S&T중공업 003570 당기법인세부채 0 0
S&T중공업 003570 유동리스부채 0 0
S&T중공업 003570 비유동부채 0 0
S&T중공업 003570 사채 0 0
S&T중공업 003570 장기차입금 0 0
S&T중공업 003570 기타비유동금융부채 0 0
S&T중공업 003570 이연법인세부채 44,350,486,603 45,704,581,504
S&T중공업 003570 비유동리스부채 0 0
S&T중공업 003570 부채총계 203,745,090,111 220,022,967,421
S&T중공업 003570 자본금 83,683,597,500 83,683,597,500
S&T중공업 003570 자본잉여금 22,131,538,356 22,131,538,356
S&T중공업 003570 자본조정 0 0
S&T중공업 003570 기타포괄손익누계액 -6,824,600,312 -6,824,600,312
S&T중공업 003570 이익잉여금(결손금) 0 0
S&T중공업 003570 자본총계 863,847,403,189 889,873,771,470
S&T중공업 003570 자본과부채총계 0 0
date : 2016-06-30
S&T중공업 003570 유동자산 0 0
S&T중공업 003570 현금및현금성자산 199,945,653,067 169,406,000,791
S&T중공업 003570 매출채권 0 0
S&T중공업 003570 재고자산 94,943,902,789 115,656,174,436
S&T중공업 003570 기타유동금융자산 0 0
S&T중공업 003570 기타유동자산 24,915,992,394 34,271,482,908
S&T중공업 003570 매각예정비유동자산 0 0
S&T중공업 003570 비유동자산 0 0
S&T중공업 003570 장기금융상품 2,000,000 2,000,000
S&T중공업 003570 기타포괄손익-공정가치 0 0
S&T중공업 003570 당기손익인식공정가치측정금융자산 0 0
S&T중공업 003570 종속회사투자 0 0
S&T중공업 003570 관계회사투자 0 0
S&T중공업 003570 렌탈자산 0 0
S&T중공업 003570 유형자산 399,880,720,364 402,301,910,048
S&T중공업 003570 무형자산 15,145,621,904 21,064,022,017
S&T중공업 003570 기타비유동금융자산 8,392,377,811 8,375,281,711
S&T중공업 003570 기타비유동자산 23,061,500 23,061,500
S&T중공업 003570 사용권자산 0 0
S&T중공업 003570 이연법인세자산 0 0
S&T중공업 003570 자산총계 873,053,112,928 889,873,771,470
S&T중공업 003570 유동부채 0 0
S&T중공업 003570 단기매입채무 0 0
S&T중공업 003570 단기차입금 0 0
S&T중공업 003570 유동성장기차입금 0 0
S&T중공업 003570 유동성사채 0 0
S&T중공업 003570 기타유동금융부채 0 0
S&T중공업 003570 기타유동부채 70,816,899,400 65,556,185,675
S&T중공업 003570 당기법인세부채 0 0
S&T중공업 003570 유동리스부채 0 0
S&T중공업 003570 비유동부채 0 0
S&T중공업 003570 사채 0 0
S&T중공업 003570 장기차입금 0 0
S&T중공업 003570 기타비유동금융부채 0 0
S&T중공업 003570 이연법인세부채 44,393,633,879 45,704,581,504
S&T중공업 003570 비유동리스부채 0 0
S&T중공업 003570 부채총계 214,112,559,314 220,022,967,421
S&T중공업 003570 자본금 83,683,597,500 83,683,597,500
S&T중공업 003570 자본잉여금 22,131,538,356 22,131,538,356
S&T중공업 003570 자본조정 0 0
S&T중공업 003570 기타포괄손익누계액 -6,824,600,312 -6,824,600,312
S&T중공업 003570 이익잉여금(결손금) 0 0
S&T중공업 003570 자본총계 873,053,112,928 889,873,771,470
S&T중공업 003570 자본과부채총계 0 0
date : 2016-09-30
S&T중공업 003570 유동자산 0 0
S&T중공업 003570 현금및현금성자산 193,552,547,179 169,406,000,791
S&T중공업 003570 매출채권 0 0
S&T중공업 003570 재고자산 97,953,663,659 115,656,174,436
S&T중공업 003570 기타유동금융자산 0 0
S&T중공업 003570 기타유동자산 24,889,704,324 34,271,482,908
S&T중공업 003570 매각예정비유동자산 0 0
S&T중공업 003570 비유동자산 0 0
S&T중공업 003570 장기금융상품 2,000,000 2,000,000
S&T중공업 003570 기타포괄손익-공정가치 0 0
S&T중공업 003570 당기손익인식공정가치측정금융자산 0 0
S&T중공업 003570 종속회사투자 0 0
S&T중공업 003570 관계회사투자 0 0
S&T중공업 003570 렌탈자산 0 0
S&T중공업 003570 유형자산 396,818,866,936 402,301,910,048
S&T중공업 003570 무형자산 14,370,799,258 21,064,022,017
S&T중공업 003570 기타비유동금융자산 5,047,087,811 8,375,281,711
S&T중공업 003570 기타비유동자산 23,061,500 23,061,500
S&T중공업 003570 사용권자산 0 0
S&T중공업 003570 이연법인세자산 0 0
S&T중공업 003570 자산총계 846,930,132,524 889,873,771,470
S&T중공업 003570 유동부채 0 0
S&T중공업 003570 단기매입채무 0 0
S&T중공업 003570 단기차입금 0 0
S&T중공업 003570 유동성장기차입금 0 0
S&T중공업 003570 유동성사채 0 0
S&T중공업 003570 기타유동금융부채 0 0
S&T중공업 003570 기타유동부채 54,561,219,092 65,556,185,675
S&T중공업 003570 당기법인세부채 0 0
S&T중공업 003570 유동리스부채 0 0
S&T중공업 003570 비유동부채 0 0
S&T중공업 003570 사채 0 0
S&T중공업 003570 장기차입금 0 0
S&T중공업 003570 기타비유동금융부채 0 0
S&T중공업 003570 이연법인세부채 43,228,851,067 45,704,581,504
S&T중공업 003570 비유동리스부채 0 0
S&T중공업 003570 부채총계 191,418,456,208 220,022,967,421
S&T중공업 003570 자본금 83,683,597,500 83,683,597,500
S&T중공업 003570 자본잉여금 22,131,538,356 22,131,538,356
S&T중공업 003570 자본조정 0 0
S&T중공업 003570 기타포괄손익누계액 -5,745,347,312 -6,824,600,312
S&T중공업 003570 이익잉여금(결손금) 0 0
S&T중공업 003570 자본총계 846,930,132,524 889,873,771,470
S&T중공업 003570 자본과부채총계 0 0
date : 2016-12-31
S&T중공업 003570 유동자산 0 0
S&T중공업 003570 현금및현금성자산 196,849,770,617 169,406,000,791
S&T중공업 003570 매출채권 0 0
S&T중공업 003570 재고자산 86,593,356,419 115,656,174,436
S&T중공업 003570 기타유동금융자산 0 0
S&T중공업 003570 기타유동자산 21,240,819,789 34,271,482,908
S&T중공업 003570 매각예정비유동자산 0 0
S&T중공업 003570 비유동자산 0 0
S&T중공업 003570 장기금융상품 2,000,000 2,000,000
S&T중공업 003570 기타포괄손익-공정가치 0 0
S&T중공업 003570 당기손익인식공정가치측정금융자산 0 0
S&T중공업 003570 종속회사투자 0 0
S&T중공업 003570 관계회사투자 0 0
S&T중공업 003570 렌탈자산 0 0
S&T중공업 003570 유형자산 388,763,697,388 402,301,910,048
S&T중공업 003570 무형자산 12,864,752,596 21,064,022,017
S&T중공업 003570 기타비유동금융자산 3,224,567,811 8,375,281,711
S&T중공업 003570 기타비유동자산 23,061,500 23,061,500
S&T중공업 003570 사용권자산 0 0
S&T중공업 003570 이연법인세자산 0 0
S&T중공업 003570 자산총계 860,133,260,364 889,873,771,470
S&T중공업 003570 유동부채 0 0
S&T중공업 003570 단기매입채무 0 0
S&T중공업 003570 단기차입금 0 0
S&T중공업 003570 유동성장기차입금 0 0
S&T중공업 003570 유동성사채 0 0
S&T중공업 003570 기타유동금융부채 0 0
S&T중공업 003570 기타유동부채 44,197,301,939 65,556,185,675
S&T중공업 003570 당기법인세부채 4,039,456,080 5,142,071,916
S&T중공업 003570 유동리스부채 0 0
S&T중공업 003570 비유동부채 0 0
S&T중공업 003570 사채 0 0
S&T중공업 003570 장기차입금 0 0
S&T중공업 003570 기타비유동금융부채 0 0
S&T중공업 003570 이연법인세부채 43,323,369,241 45,704,581,504
S&T중공업 003570 비유동리스부채 0 0
S&T중공업 003570 부채총계 213,080,557,134 220,022,967,421
S&T중공업 003570 자본금 83,683,597,500 83,683,597,500
S&T중공업 003570 자본잉여금 22,131,538,356 22,131,538,356
S&T중공업 003570 자본조정 0 0
S&T중공업 003570 기타포괄손익누계액 103,908,688 -6,824,600,312
S&T중공업 003570 이익잉여금(결손금) 0 0
S&T중공업 003570 자본총계 860,133,260,364 889,873,771,470
S&T중공업 003570 자본과부채총계 0 0
date : 2017-03-31
S&T중공업 003570 유동자산 0 0
S&T중공업 003570 현금및현금성자산 208,851,165,074 196,849,770,617
S&T중공업 003570 매출채권 0 0
S&T중공업 003570 재고자산 98,254,055,149 86,593,356,419
S&T중공업 003570 기타유동금융자산 0 0
S&T중공업 003570 기타유동자산 22,601,515,202 21,240,819,789
S&T중공업 003570 매각예정비유동자산 0 0
S&T중공업 003570 비유동자산 0 0
S&T중공업 003570 장기금융상품 2,000,000 2,000,000
S&T중공업 003570 기타포괄손익-공정가치 0 0
S&T중공업 003570 당기손익인식공정가치측정금융자산 0 0
S&T중공업 003570 종속회사투자 0 0
S&T중공업 003570 관계회사투자 0 0
S&T중공업 003570 렌탈자산 0 0
S&T중공업 003570 유형자산 382,135,826,879 388,763,697,388
S&T중공업 003570 무형자산 12,112,910,302 12,864,752,596
S&T중공업 003570 기타비유동금융자산 2,980,459,011 3,224,567,811
S&T중공업 003570 기타비유동자산 23,061,500 23,061,500
S&T중공업 003570 사용권자산 0 0
S&T중공업 003570 이연법인세자산 0 0
S&T중공업 003570 자산총계 860,655,323,036 860,133,260,364
S&T중공업 003570 유동부채 0 0
S&T중공업 003570 단기매입채무 0 0
S&T중공업 003570 단기차입금 0 0
S&T중공업 003570 유동성장기차입금 0 0
S&T중공업 003570 유동성사채 0 0
S&T중공업 003570 기타유동금융부채 0 0
S&T중공업 003570 기타유동부채 50,653,155,406 44,197,301,939
S&T중공업 003570 당기법인세부채 2,673,662,437 4,039,456,080
S&T중공업 003570 유동리스부채 0 0
S&T중공업 003570 비유동부채 0 0
S&T중공업 003570 사채 0 0
S&T중공업 003570 장기차입금 0 0
S&T중공업 003570 기타비유동금융부채 0 0
S&T중공업 003570 이연법인세부채 43,209,493,443 43,323,369,241
S&T중공업 003570 비유동리스부채 0 0
S&T중공업 003570 부채총계 211,076,195,877 213,080,557,134
S&T중공업 003570 자본금 83,683,597,500 83,683,597,500
S&T중공업 003570 자본잉여금 22,131,538,356 22,131,538,356
S&T중공업 003570 자본조정 0 0
S&T중공업 003570 기타포괄손익누계액 0 103,908,688
S&T중공업 003570 이익잉여금(결손금) 0 0
S&T중공업 003570 자본총계 860,655,323,036 860,133,260,364
S&T중공업 003570 자본과부채총계 0 0
date : 2017-06-30
S&T중공업 003570 유동자산 0 0
S&T중공업 003570 현금및현금성자산 229,219,223,112 196,849,770,617
S&T중공업 003570 매출채권 0 0
S&T중공업 003570 재고자산 101,051,197,115 86,593,356,419
S&T중공업 003570 기타유동금융자산 0 0
S&T중공업 003570 기타유동자산 21,358,520,076 21,240,819,789
S&T중공업 003570 매각예정비유동자산 0 0
S&T중공업 003570 비유동자산 0 0
S&T중공업 003570 장기금융상품 2,000,000 2,000,000
S&T중공업 003570 기타포괄손익-공정가치 0 0
S&T중공업 003570 당기손익인식공정가치측정금융자산 0 0
S&T중공업 003570 종속회사투자 0 0
S&T중공업 003570 관계회사투자 0 0
S&T중공업 003570 렌탈자산 0 0
S&T중공업 003570 유형자산 379,620,097,292 388,763,697,388
S&T중공업 003570 무형자산 11,297,483,616 12,864,752,596
S&T중공업 003570 기타비유동금융자산 2,984,174,011 3,224,567,811
S&T중공업 003570 기타비유동자산 23,061,500 23,061,500
S&T중공업 003570 사용권자산 0 0
S&T중공업 003570 이연법인세자산 0 0
S&T중공업 003570 자산총계 861,477,761,720 860,133,260,364
S&T중공업 003570 유동부채 0 0
S&T중공업 003570 단기매입채무 0 0
S&T중공업 003570 단기차입금 0 0
S&T중공업 003570 유동성장기차입금 0 0
S&T중공업 003570 유동성사채 0 0
S&T중공업 003570 기타유동금융부채 0 0
S&T중공업 003570 기타유동부채 59,691,444,658 44,197,301,939
S&T중공업 003570 당기법인세부채 2,653,265,530 4,039,456,080
S&T중공업 003570 유동리스부채 0 0
S&T중공업 003570 비유동부채 0 0
S&T중공업 003570 사채 0 0
S&T중공업 003570 장기차입금 0 0
S&T중공업 003570 기타비유동금융부채 0 0
S&T중공업 003570 이연법인세부채 41,596,532,312 43,323,369,241
S&T중공업 003570 비유동리스부채 0 0
S&T중공업 003570 부채총계 210,199,435,741 213,080,557,134
S&T중공업 003570 자본금 83,683,597,500 83,683,597,500
S&T중공업 003570 자본잉여금 22,131,538,356 22,131,538,356
S&T중공업 003570 자본조정 0 0
S&T중공업 003570 기타포괄손익누계액 0 103,908,688
S&T중공업 003570 이익잉여금(결손금) 0 0
S&T중공업 003570 자본총계 861,477,761,720 860,133,260,364
S&T중공업 003570 자본과부채총계 0 0
date : 2017-09-30
S&T중공업 003570 유동자산 415,017,331,446 401,077,123,300
S&T중공업 003570 현금및현금성자산 152,305,483,049 196,849,770,617
S&T중공업 003570 매출채권 및 기타채권
S&T중공업 003570 재고자산 108,921,304,498 86,593,356,419
S&T중공업 003570 기타유동금융자산 0 0
S&T중공업 003570 기타유동자산 24,445,705,200 21,240,819,789
S&T중공업 003570 매각예정비유동자산 0 0
S&T중공업 003570 비유동자산 443,883,529,670 459,056,137,064
S&T중공업 003570 장기금융상품 2,000,000 2,000,000
S&T중공업 003570 기타포괄손익-공정가치 0 0
S&T중공업 003570 당기손익인식공정가치측정금융자산 0 0
S&T중공업 003570 종속회사투자 0 0
S&T중공업 003570 관계회사투자 0 0
S&T중공업 003570 렌탈자산 0 0
S&T중공업 003570 유형자산 377,231,962,049 388,763,697,388
S&T중공업 003570 무형자산 10,606,455,719 12,864,752,596
S&T중공업 003570 기타비유동금융자산 0 0
S&T중공업 003570 기타비유동자산 23,061,500 23,061,500
S&T중공업 003570 사용권자산 0 0
S&T중공업 003570 이연법인세자산 0 0
S&T중공업 003570 자산총계 858,900,861,116 860,133,260,364
S&T중공업 003570 유동부채 125,369,996,459 127,145,172,130
S&T중공업 003570 단기매입채무 0 0
S&T중공업 003570 단기차입금 0 0
S&T중공업 003570 유동성장기차입금 0 0
S&T중공업 003570 유동성사채 0 0
S&T중공업 003570 기타유동금융부채 0 0
S&T중공업 003570 기타유동부채 49,235,801,753 44,197,301,939
S&T중공업 003570 당기법인세부채 3,350,053,303 4,039,456,080
S&T중공업 003570 유동리스부채 0 0
S&T중공업 003570 비유동부채 84,199,068,262 85,935,385,004
S&T중공업 003570 사채 0 0
S&T중공업 003570 장기차입금 0 0
S&T중공업 003570 기타비유동금융부채 0 0
S&T중공업 003570 이연법인세부채 39,690,092,167 43,323,369,241
S&T중공업 003570 비유동리스부채 0 0
S&T중공업 003570 부채총계 209,569,064,721 213,080,557,134
S&T중공업 003570 자본금 83,683,597,500 83,683,597,500
S&T중공업 003570 자본잉여금 22,131,538,356 22,131,538,356
S&T중공업 003570 자본조정 0 0
S&T중공업 003570 기타포괄손익누계액 0 103,908,688
S&T중공업 003570 이익잉여금(결손금) 569,704,724,834 565,512,833,961
S&T중공업 003570 자본총계 649,331,796,395 647,052,703,230
S&T중공업 003570 자본과부채총계 858,900,861,116 860,133,260,364
date : 2017-12-31
S&T중공업 003570 유동자산 379,882,313,061 401,077,123,300
S&T중공업 003570 현금및현금성자산 165,756,726,315 196,849,770,617
S&T중공업 003570 매출채권 및 기타채권
S&T중공업 003570 재고자산 78,863,545,145 86,593,356,419
S&T중공업 003570 기타유동금융자산 0 0
S&T중공업 003570 기타유동자산 20,832,287,937 21,240,819,789
S&T중공업 003570 매각예정비유동자산 0 0
S&T중공업 003570 비유동자산 433,332,971,539 459,056,137,064
S&T중공업 003570 장기금융상품 2,000,000 2,000,000
S&T중공업 003570 기타포괄손익-공정가치 0 0
S&T중공업 003570 당기손익인식공정가치측정금융자산 0 0
S&T중공업 003570 종속회사투자 0 0
S&T중공업 003570 관계회사투자 0 0
S&T중공업 003570 렌탈자산 0 0
S&T중공업 003570 유형자산 375,042,790,392 388,763,697,388
S&T중공업 003570 무형자산 2,457,300,603 12,864,752,596
S&T중공업 003570 기타비유동금융자산 0 0
S&T중공업 003570 기타비유동자산 23,061,500 23,061,500
S&T중공업 003570 사용권자산 0 0
S&T중공업 003570 이연법인세자산 0 0
S&T중공업 003570 자산총계 813,215,284,600 860,133,260,364
S&T중공업 003570 유동부채 141,921,738,997 127,145,172,130
S&T중공업 003570 단기매입채무 0 0
S&T중공업 003570 단기차입금 0 0
S&T중공업 003570 유동성장기차입금 0 0
S&T중공업 003570 유동성사채 0 0
S&T중공업 003570 기타유동금융부채 0 0
S&T중공업 003570 기타유동부채 42,052,418,566 44,197,301,939
S&T중공업 003570 당기법인세부채 3,914,400,875 4,039,456,080
S&T중공업 003570 유동리스부채 0 0
S&T중공업 003570 비유동부채 69,521,737,704 85,935,385,004
S&T중공업 003570 사채 0 0
S&T중공업 003570 장기차입금 0 0
S&T중공업 003570 기타비유동금융부채 0 0
S&T중공업 003570 이연법인세부채 28,501,598,388 43,323,369,241
S&T중공업 003570 비유동리스부채 0 0
S&T중공업 003570 부채총계 211,443,476,701 213,080,557,134
S&T중공업 003570 자본금 83,683,597,500 83,683,597,500
S&T중공업 003570 자본잉여금 22,131,538,356 22,131,538,356
S&T중공업 003570 자본조정 0 0
S&T중공업 003570 기타포괄손익누계액 0 103,908,688
S&T중공업 003570 이익잉여금(결손금) 535,329,569,288 565,512,833,961
S&T중공업 003570 자본총계 601,771,807,899 647,052,703,230
S&T중공업 003570 자본과부채총계 813,215,284,600 860,133,260,364
date : 2018-03-31
S&T중공업 003570 유동자산 395,211,367,485 379,882,313,061
S&T중공업 003570 현금및현금성자산 88,903,313,590 165,756,726,315
S&T중공업 003570 매출채권 및 기타채권
S&T중공업 003570 재고자산 92,533,464,162 78,863,545,145
S&T중공업 003570 기타유동금융자산 0 0
S&T중공업 003570 기타유동자산 22,554,819,170 20,832,287,937
S&T중공업 003570 매각예정비유동자산 0 0
S&T중공업 003570 비유동자산 432,122,325,311 433,332,971,539
S&T중공업 003570 장기금융상품 2,000,000 2,000,000
S&T중공업 003570 기타포괄손익-공정가치 0 0
S&T중공업 003570 당기손익인식공정가치측정금융자산 0 0
S&T중공업 003570 종속회사투자 0 0
S&T중공업 003570 관계회사투자 0 0
S&T중공업 003570 렌탈자산 0 0
S&T중공업 003570 유형자산 373,458,874,254 375,042,790,392
S&T중공업 003570 무형자산 2,367,161,387 2,457,300,603
S&T중공업 003570 기타비유동금융자산 0 0
S&T중공업 003570 기타비유동자산 596,914,906 23,061,500
S&T중공업 003570 사용권자산 0 0
S&T중공업 003570 이연법인세자산 0 0
S&T중공업 003570 자산총계 827,333,692,796 813,215,284,600
S&T중공업 003570 유동부채 169,283,156,886 141,921,738,997
S&T중공업 003570 단기매입채무 0 0
S&T중공업 003570 단기차입금 0 0
S&T중공업 003570 유동성장기차입금 0 0
S&T중공업 003570 유동성사채 0 0
S&T중공업 003570 기타유동금융부채 0 0
S&T중공업 003570 기타유동부채 64,720,037,344 42,052,418,566
S&T중공업 003570 당기법인세부채 5,396,690,603 3,914,400,875
S&T중공업 003570 유동리스부채 0 0
S&T중공업 003570 비유동부채 67,661,226,724 69,521,737,704
S&T중공업 003570 사채 0 0
S&T중공업 003570 장기차입금 0 0
S&T중공업 003570 기타비유동금융부채 0 0
S&T중공업 003570 이연법인세부채 25,992,881,652 28,501,598,388
S&T중공업 003570 비유동리스부채 0 0
S&T중공업 003570 부채총계 236,944,383,610 211,443,476,701
S&T중공업 003570 자본금 83,683,597,500 83,683,597,500
S&T중공업 003570 자본잉여금 22,131,538,356 22,131,538,356
S&T중공업 003570 자본조정 0 0
S&T중공업 003570 기타포괄손익누계액 -7,218,200,000 0
S&T중공업 003570 이익잉여금(결손금) 540,021,827,045 535,329,569,288
S&T중공업 003570 자본총계 590,389,309,186 601,771,807,899
S&T중공업 003570 자본과부채총계 827,333,692,796 813,215,284,600
date : 2018-06-30
S&T중공업 003570 유동자산 389,716,379,982 379,882,313,061
S&T중공업 003570 현금및현금성자산 33,728,114,804 165,756,726,315
S&T중공업 003570 매출채권 및 기타채권
S&T중공업 003570 재고자산 88,613,160,018 78,863,545,145
S&T중공업 003570 기타유동금융자산 0 0
S&T중공업 003570 기타유동자산 23,690,627,381 20,832,287,937
S&T중공업 003570 매각예정비유동자산 0 0
S&T중공업 003570 비유동자산 432,545,128,200 433,332,971,539
S&T중공업 003570 장기금융상품 2,000,000 2,000,000
S&T중공업 003570 기타포괄손익-공정가치 0 0
S&T중공업 003570 당기손익인식공정가치측정금융자산 0 0
S&T중공업 003570 종속회사투자 0 0
S&T중공업 003570 관계회사투자 0 0
S&T중공업 003570 렌탈자산 0 0
S&T중공업 003570 유형자산 370,638,242,097 375,042,790,392
S&T중공업 003570 무형자산 2,314,958,394 2,457,300,603
S&T중공업 003570 기타비유동금융자산 0 0
S&T중공업 003570 기타비유동자산 575,539,278 23,061,500
S&T중공업 003570 사용권자산 0 0
S&T중공업 003570 이연법인세자산 0 0
S&T중공업 003570 자산총계 822,261,508,182 813,215,284,600
S&T중공업 003570 유동부채 165,818,484,243 141,921,738,997
S&T중공업 003570 단기매입채무 0 0
S&T중공업 003570 단기차입금 0 0
S&T중공업 003570 유동성장기차입금 0 0
S&T중공업 003570 유동성사채 0 0
S&T중공업 003570 기타유동금융부채 0 0
S&T중공업 003570 기타유동부채 62,328,410,577 42,052,418,566
S&T중공업 003570 당기법인세부채 3,873,321,142 3,914,400,875
S&T중공업 003570 유동리스부채 0 0
S&T중공업 003570 비유동부채 67,091,202,299 69,521,737,704
S&T중공업 003570 사채 0 0
S&T중공업 003570 장기차입금 0 0
S&T중공업 003570 기타비유동금융부채 0 0
S&T중공업 003570 이연법인세부채 24,636,250,648 28,501,598,388
S&T중공업 003570 비유동리스부채 0 0
S&T중공업 003570 부채총계 232,909,686,542 211,443,476,701
S&T중공업 003570 자본금 83,683,597,500 83,683,597,500
S&T중공업 003570 자본잉여금 22,131,538,356 22,131,538,356
S&T중공업 003570 자본조정 0 0
S&T중공업 003570 기타포괄손익누계액 -7,218,200,000 0
S&T중공업 003570 이익잉여금(결손금) 541,050,220,379 535,329,569,288
S&T중공업 003570 자본총계 589,351,821,640 601,771,807,899
S&T중공업 003570 자본과부채총계 822,261,508,182 813,215,284,600
date : 2018-09-30
S&T중공업 003570 유동자산 397,126,261,120 379,882,313,061
S&T중공업 003570 현금및현금성자산 32,621,006,950 165,756,726,315
S&T중공업 003570 매출채권 및 기타채권
S&T중공업 003570 재고자산 92,869,878,411 78,863,545,145
S&T중공업 003570 기타유동금융자산 0 0
S&T중공업 003570 기타유동자산 32,086,264,409 20,832,287,937
S&T중공업 003570 매각예정비유동자산 0 0
S&T중공업 003570 비유동자산 429,180,419,780 433,332,971,539
S&T중공업 003570 장기금융상품 2,000,000 2,000,000
S&T중공업 003570 기타포괄손익-공정가치 0 0
S&T중공업 003570 당기손익인식공정가치측정금융자산 0 0
S&T중공업 003570 종속회사투자 0 0
S&T중공업 003570 관계회사투자 0 0
S&T중공업 003570 렌탈자산 0 0
S&T중공업 003570 유형자산 368,078,304,110 375,042,790,392
S&T중공업 003570 무형자산 2,291,282,212 2,457,300,603
S&T중공업 003570 기타비유동금융자산 0 0
S&T중공업 003570 기타비유동자산 575,539,278 23,061,500
S&T중공업 003570 사용권자산 0 0
S&T중공업 003570 이연법인세자산 0 0
S&T중공업 003570 자산총계 826,306,680,900 813,215,284,600
S&T중공업 003570 유동부채 171,916,984,586 141,921,738,997
S&T중공업 003570 단기매입채무 0 0
S&T중공업 003570 단기차입금 0 0
S&T중공업 003570 유동성장기차입금 0 0
S&T중공업 003570 유동성사채 0 0
S&T중공업 003570 기타유동금융부채 0 0
S&T중공업 003570 기타유동부채 59,402,451,711 42,052,418,566
S&T중공업 003570 당기법인세부채 3,698,497,874 3,914,400,875
S&T중공업 003570 유동리스부채 0 0
S&T중공업 003570 비유동부채 66,295,753,405 69,521,737,704
S&T중공업 003570 사채 0 0
S&T중공업 003570 장기차입금 0 0
S&T중공업 003570 기타비유동금융부채 0 0
S&T중공업 003570 이연법인세부채 23,100,531,340 28,501,598,388
S&T중공업 003570 비유동리스부채 0 0
S&T중공업 003570 부채총계 238,212,737,991 211,443,476,701
S&T중공업 003570 자본금 83,683,597,500 83,683,597,500
S&T중공업 003570 자본잉여금 22,131,538,356 22,131,538,356
S&T중공업 003570 자본조정 0 0
S&T중공업 003570 기타포괄손익누계액 -7,218,200,000 0
S&T중공업 003570 이익잉여금(결손금) 541,111,619,738 535,329,569,288
S&T중공업 003570 자본총계 588,093,942,909 601,771,807,899
S&T중공업 003570 자본과부채총계 826,306,680,900 813,215,284,600
date : 2018-12-31
S&T중공업 003570 유동자산 389,835,238,849 379,882,313,061
S&T중공업 003570 현금및현금성자산 59,753,568,688 165,756,726,315
S&T중공업 003570 매출채권 및 기타채권
S&T중공업 003570 재고자산 79,661,039,146 78,863,545,145
S&T중공업 003570 기타유동금융자산 0 0
S&T중공업 003570 기타유동자산 27,216,249,383 20,832,287,937
S&T중공업 003570 매각예정비유동자산 0 0
S&T중공업 003570 비유동자산 429,578,123,249 433,332,971,539
S&T중공업 003570 장기금융상품 2,000,000 2,000,000
S&T중공업 003570 기타포괄손익-공정가치 0 0
S&T중공업 003570 당기손익인식공정가치측정금융자산 0 0
S&T중공업 003570 종속회사투자 0 0
S&T중공업 003570 관계회사투자 0 0
S&T중공업 003570 렌탈자산 0 0
S&T중공업 003570 유형자산 366,155,963,356 375,042,790,392
S&T중공업 003570 무형자산 1,694,439,973 2,457,300,603
S&T중공업 003570 기타비유동금융자산 0 0
S&T중공업 003570 기타비유동자산 532,318,227 23,061,500
S&T중공업 003570 사용권자산 0 0
S&T중공업 003570 이연법인세자산 0 0
S&T중공업 003570 자산총계 819,413,362,098 813,215,284,600
S&T중공업 003570 유동부채 98,428,218,726 141,921,738,997
S&T중공업 003570 단기매입채무 0 0
S&T중공업 003570 단기차입금 0 0
S&T중공업 003570 유동성장기차입금 0 0
S&T중공업 003570 유동성사채 0 0
S&T중공업 003570 기타유동금융부채 0 0
S&T중공업 003570 기타유동부채 42,813,998,842 42,052,418,566
S&T중공업 003570 당기법인세부채 5,156,611,235 3,914,400,875
S&T중공업 003570 유동리스부채 0 0
S&T중공업 003570 비유동부채 119,766,224,565 69,521,737,704
S&T중공업 003570 사채 0 0
S&T중공업 003570 장기차입금 0 0
S&T중공업 003570 기타비유동금융부채 0 0
S&T중공업 003570 이연법인세부채 28,125,580,111 28,501,598,388
S&T중공업 003570 비유동리스부채 0 0
S&T중공업 003570 부채총계 218,194,443,291 211,443,476,701
S&T중공업 003570 자본금 83,683,597,500 83,683,597,500
S&T중공업 003570 자본잉여금 22,131,538,356 22,131,538,356
S&T중공업 003570 자본조정 0 0
S&T중공업 003570 기타포괄손익누계액 -5,275,706,000 0
S&T중공업 003570 이익잉여금(결손금) 557,852,284,196 535,329,569,288
S&T중공업 003570 자본총계 601,218,918,807 601,771,807,899
S&T중공업 003570 자본과부채총계 819,413,362,098 813,215,284,600
date : 2019-03-31
S&T중공업 003570 유동자산 377,569,593,202 389,835,238,849
S&T중공업 003570 현금및현금성자산 24,642,217,875 59,753,568,688
S&T중공업 003570 매출채권 및 기타채권
S&T중공업 003570 재고자산 87,024,362,378 79,661,039,146
S&T중공업 003570 기타유동금융자산 0 0
S&T중공업 003570 기타유동자산 24,331,583,534 27,216,249,383
S&T중공업 003570 매각예정비유동자산 0 0
S&T중공업 003570 비유동자산 427,992,961,541 429,578,123,249
S&T중공업 003570 장기금융상품 2,000,000 2,000,000
S&T중공업 003570 기타포괄손익-공정가치 0 0
S&T중공업 003570 당기손익인식공정가치측정금융자산 0 0
S&T중공업 003570 종속회사투자 0 0
S&T중공업 003570 관계회사투자 0 0
S&T중공업 003570 렌탈자산 0 0
S&T중공업 003570 유형자산 364,194,912,473 366,155,963,356
S&T중공업 003570 무형자산 1,622,249,622 1,694,439,973
S&T중공업 003570 기타비유동금융자산 0 0
S&T중공업 003570 기타비유동자산 510,942,599 532,318,227
S&T중공업 003570 사용권자산 118,512,324 0
S&T중공업 003570 이연법인세자산 0 0
S&T중공업 003570 자산총계 805,562,554,743 819,413,362,098
S&T중공업 003570 유동부채 86,407,770,753 98,428,218,726
S&T중공업 003570 단기매입채무 0 0
S&T중공업 003570 단기차입금 0 0
S&T중공업 003570 유동성장기차입금 0 0
S&T중공업 003570 유동성사채 0 0
S&T중공업 003570 기타유동금융부채 0 0
S&T중공업 003570 기타유동부채 41,062,375,847 42,813,998,842
S&T중공업 003570 당기법인세부채 5,698,565,729 5,156,611,235
S&T중공업 003570 유동리스부채 0 0
S&T중공업 003570 비유동부채 120,529,815,634 119,766,224,565
S&T중공업 003570 사채 0 0
S&T중공업 003570 장기차입금 0 0
S&T중공업 003570 기타비유동금융부채 0 0
S&T중공업 003570 이연법인세부채 28,321,292,902 28,125,580,111
S&T중공업 003570 비유동리스부채 0 0
S&T중공업 003570 부채총계 206,937,586,387 218,194,443,291
S&T중공업 003570 자본금 85,631,742,500 83,683,597,500
S&T중공업 003570 자본잉여금 22,131,538,356 22,131,538,356
S&T중공업 003570 자본조정 0 0
S&T중공업 003570 기타포괄손익누계액 -5,275,706,000 -5,275,706,000
S&T중공업 003570 이익잉여금(결손금) 553,318,395,357 557,852,284,196
S&T중공업 003570 자본총계 598,624,968,356 601,218,918,807
S&T중공업 003570 자본과부채총계 805,562,554,743 819,413,362,098
