date : 2019-03-31
한성기업 003680 비유동자산 105,819,633,910 106,136,292,450
한성기업 003680 유형자산 62,091,658,844 62,444,649,524
한성기업 003680 무형자산 449,420,026 451,431,369
한성기업 003680 이연법인세자산 19,105,372 0
한성기업 003680 유동자산 122,584,123,735 116,091,350,288
한성기업 003680 재고자산 21,814,753,656 23,353,463,888
한성기업 003680 기타유동자산 41,087,785,524 33,205,854,567
한성기업 003680 매출채권 및 기타채권
한성기업 003680 현금및현금성자산 3,434,766,917 6,323,443,811
한성기업 003680 자산총계 228,403,757,645 222,227,642,738
한성기업 003680 자본금 29,669,355,000 29,669,355,000
한성기업 003680 자본잉여금 1,095,655,678 1,095,655,678
한성기업 003680 자본조정 4,007,217,500 4,007,217,500
한성기업 003680 기타포괄손익누계액 -125,813,882 -125,813,882
한성기업 003680 이익잉여금(결손금) 27,584,282,300 27,371,020,221
한성기업 003680 자본총계 54,216,261,596 54,002,999,517
한성기업 003680 비유동부채 20,811,927,463 21,557,145,913
한성기업 003680 장기차입금 11,492,743,000 12,834,162,000
한성기업 003680 이연법인세부채 16,177,805 0
한성기업 003680 유동부채 153,375,568,586 146,667,497,308
한성기업 003680 단기차입금 85,257,783,792 85,247,765,314
한성기업 003680 유동성장기차입금 7,202,327,178 6,996,557,988
한성기업 003680 유동성사채 2,446,967,612 2,398,447,976
한성기업 003680 기타유동부채 2,751,983,571 2,139,981,495
한성기업 003680 부채총계 174,187,496,049 168,224,643,221
한성기업 003680 자본과부채총계 228,403,757,645 222,227,642,738
