date : 2015-09-30
방림 003610 유동자산 132,425,520,557 138,919,541,103
방림 003610 현금및현금성자산 2,003,976,855 1,981,169,607
방림 003610 매출채권 및 기타유동채권
방림 003610 재고자산 24,792,018,646 25,086,002,350
방림 003610 기타유동금융자산 65,279,800,105 67,814,861,737
방림 003610 기타유동자산 0 0
방림 003610 매각예정비유동자산 0 0
방림 003610 비유동자산 108,493,167,715 103,179,549,130
방림 003610 장기금융상품 165,331,877 143,008,318
방림 003610 기타포괄손익-공정가치 0 0
방림 003610 당기손익인식공정가치측정금융자산 0 0
방림 003610 종속회사투자 0 0
방림 003610 관계회사투자 0 0
방림 003610 렌탈자산 0 0
방림 003610 유형자산 49,409,475,852 48,670,391,725
방림 003610 무형자산 984,112,668 984,112,668
방림 003610 기타비유동금융자산 10,227,096,674 4,620,838,783
방림 003610 기타비유동자산 0 0
방림 003610 사용권자산 0 0
방림 003610 이연법인세자산 3,104,315,683 3,697,406,662
방림 003610 자산총계 240,918,688,272 242,099,090,233
방림 003610 유동부채 40,439,709,242 46,938,802,749
방림 003610 단기매입채무 0 0
방림 003610 단기차입금 26,420,071,164 31,376,147,647
방림 003610 유동성장기차입금 0 0
방림 003610 유동성사채 0 0
방림 003610 기타유동금융부채 0 0
방림 003610 기타유동부채 0 0
방림 003610 당기법인세부채 294,387,551 491,950,818
방림 003610 유동리스부채 0 0
방림 003610 비유동부채 2,916,608,808 2,115,840,836
방림 003610 사채 0 0
방림 003610 장기차입금 1,064,000,000 294,000,000
방림 003610 기타비유동금융부채 0 0
방림 003610 이연법인세부채 0 0
방림 003610 비유동리스부채 0 0
방림 003610 부채총계 43,356,318,050 49,054,643,585
방림 003610 자본금 21,157,045,000 21,157,045,000
방림 003610 자본잉여금 0 0
방림 003610 자본조정 0 0
방림 003610 기타포괄손익누계액 -267,345,560 -188,113,074
방림 003610 이익잉여금(결손금) 83,516,126,774 79,008,171,896
방림 003610 자본총계 197,562,370,222 193,044,446,648
방림 003610 자본과부채총계 240,918,688,272 242,099,090,233
date : 2016-12-31
방림 003610 유동자산 149,887,619,368 146,292,598,414
방림 003610 현금및현금성자산 1,136,957,769 4,314,702,476
방림 003610 매출채권 및 기타유동채권
방림 003610 재고자산 20,305,879,652 18,996,045,150
방림 003610 기타유동금융자산 74,583,005,031 73,890,706,259
방림 003610 기타유동자산 0 0
방림 003610 매각예정비유동자산 0 0
방림 003610 비유동자산 76,495,760,178 75,593,142,908
방림 003610 장기금융상품 152,364,446 145,182,895
방림 003610 기타포괄손익-공정가치 0 0
방림 003610 당기손익인식공정가치측정금융자산 0 0
방림 003610 종속회사투자 0 0
방림 003610 관계회사투자 0 0
방림 003610 렌탈자산 0 0
방림 003610 유형자산 36,417,042,717 35,405,816,226
방림 003610 무형자산 750,112,668 750,112,668
방림 003610 기타비유동금융자산 10,202,168,303 10,233,671,522
방림 003610 기타비유동자산 0 0
방림 003610 사용권자산 0 0
방림 003610 이연법인세자산 3,077,248,000 3,072,562,214
방림 003610 자산총계 226,383,379,546 221,885,741,322
방림 003610 유동부채 42,356,733,271 36,617,806,870
방림 003610 단기매입채무 0 0
방림 003610 단기차입금 23,237,841,720 21,123,046,000
방림 003610 유동성장기차입금 0 0
방림 003610 유동성사채 0 0
방림 003610 기타유동금융부채 0 0
방림 003610 기타유동부채 0 0
방림 003610 당기법인세부채 908,847,992 499,411,783
방림 003610 유동리스부채 0 0
방림 003610 비유동부채 3,050,739,057 2,767,275,060
방림 003610 사채 0 0
방림 003610 장기차입금 887,900,000 922,100,000
방림 003610 기타비유동금융부채 0 0
방림 003610 이연법인세부채 0 0
방림 003610 비유동리스부채 0 0
방림 003610 부채총계 45,407,472,328 39,385,081,930
방림 003610 자본금 21,157,045,000 21,157,045,000
방림 003610 자본잉여금 0 0
방림 003610 자본조정 0 0
방림 003610 기타포괄손익누계액 -7,866,409,029 -8,096,386,961
방림 003610 이익잉여금(결손금) 77,073,824,589 76,283,457,345
방림 003610 자본총계 180,975,907,218 182,500,659,392
방림 003610 자본과부채총계 226,383,379,546 221,885,741,322
date : 2016-03-31
방림 003610 유동자산 125,958,437,438 132,425,520,557
방림 003610 현금및현금성자산 4,760,621,860 2,003,976,855
방림 003610 매출채권 및 기타유동채권
방림 003610 재고자산 16,166,873,967 24,792,018,646
방림 003610 기타유동금융자산 68,264,294,666 65,279,800,105
방림 003610 기타유동자산 0 0
방림 003610 매각예정비유동자산 0 0
방림 003610 비유동자산 89,463,868,680 89,844,271,474
방림 003610 장기금융상품 5,500,000 165,331,877
방림 003610 기타포괄손익-공정가치 0 0
방림 003610 당기손익인식공정가치측정금융자산 0 0
방림 003610 종속회사투자 0 0
방림 003610 관계회사투자 0 0
방림 003610 렌탈자산 0 0
방림 003610 유형자산 49,464,910,470 49,409,475,852
방림 003610 무형자산 984,112,668 984,112,668
방림 003610 기타비유동금융자산 10,021,864,962 10,227,096,674
방림 003610 기타비유동자산 0 0
방림 003610 사용권자산 0 0
방림 003610 이연법인세자산 3,121,160,555 3,104,315,683
방림 003610 자산총계 215,422,306,118 222,269,792,031
방림 003610 유동부채 30,758,846,686 40,439,709,242
방림 003610 단기매입채무 0 0
방림 003610 단기차입금 16,739,989,498 26,420,071,164
방림 003610 유동성장기차입금 0 0
방림 003610 유동성사채 0 0
방림 003610 기타유동금융부채 0 0
방림 003610 기타유동부채 0 0
방림 003610 당기법인세부채 877,003,253 294,387,551
방림 003610 유동리스부채 0 0
방림 003610 비유동부채 3,512,339,972 2,916,608,808
방림 003610 사채 0 0
방림 003610 장기차입금 1,049,300,000 1,064,000,000
방림 003610 기타비유동금융부채 0 0
방림 003610 이연법인세부채 0 0
방림 003610 비유동리스부채 0 0
방림 003610 부채총계 34,271,186,658 43,356,318,050
방림 003610 자본금 21,157,045,000 21,157,045,000
방림 003610 자본잉여금 0 0
방림 003610 자본조정 0 0
방림 003610 기타포괄손익누계액 -8,105,453,280 -8,034,368,505
방림 003610 이익잉여금(결손금) 74,942,983,732 72,634,253,478
방림 003610 자본총계 181,151,119,460 178,913,473,981
방림 003610 자본과부채총계 215,422,306,118 222,269,792,031
date : 2016-06-30
방림 003610 유동자산 130,174,835,140 132,425,520,557
방림 003610 현금및현금성자산 4,348,067,016 2,003,976,855
방림 003610 매출채권 및 기타유동채권
방림 003610 재고자산 16,990,509,998 24,792,018,646
방림 003610 기타유동금융자산 72,632,879,322 65,279,800,105
방림 003610 기타유동자산 0 0
방림 003610 매각예정비유동자산 0 0
방림 003610 비유동자산 89,282,398,748 89,844,271,474
방림 003610 장기금융상품 75,341,235 165,331,877
방림 003610 기타포괄손익-공정가치 0 0
방림 003610 당기손익인식공정가치측정금융자산 0 0
방림 003610 종속회사투자 0 0
방림 003610 관계회사투자 0 0
방림 003610 렌탈자산 0 0
방림 003610 유형자산 49,334,811,730 49,409,475,852
방림 003610 무형자산 984,112,668 984,112,668
방림 003610 기타비유동금융자산 10,099,888,042 10,227,096,674
방림 003610 기타비유동자산 0 0
방림 003610 사용권자산 0 0
방림 003610 이연법인세자산 3,515,048,189 3,104,315,683
방림 003610 자산총계 219,457,233,888 222,269,792,031
방림 003610 유동부채 34,705,340,663 40,439,709,242
방림 003610 단기매입채무 0 0
방림 003610 단기차입금 20,472,020,705 26,420,071,164
방림 003610 유동성장기차입금 0 0
방림 003610 유동성사채 0 0
방림 003610 기타유동금융부채 0 0
방림 003610 기타유동부채 0 0
방림 003610 당기법인세부채 994,592,652 294,387,551
방림 003610 유동리스부채 0 0
방림 003610 비유동부채 3,837,021,567 2,916,608,808
방림 003610 사채 0 0
방림 003610 장기차입금 1,034,600,000 1,064,000,000
방림 003610 기타비유동금융부채 0 0
방림 003610 이연법인세부채 0 0
방림 003610 비유동리스부채 0 0
방림 003610 부채총계 38,542,362,230 43,356,318,050
방림 003610 자본금 21,157,045,000 21,157,045,000
방림 003610 자본잉여금 0 0
방림 003610 자본조정 0 0
방림 003610 기타포괄손익누계액 -8,536,106,001 -8,034,368,505
방림 003610 이익잉여금(결손금) 75,137,388,651 72,634,253,478
방림 003610 자본총계 180,914,871,658 178,913,473,981
방림 003610 자본과부채총계 219,457,233,888 222,269,792,031
date : 2016-09-30
방림 003610 유동자산 146,292,598,414 132,425,520,557
방림 003610 현금및현금성자산 4,314,702,476 2,003,976,855
방림 003610 매출채권 및 기타유동채권
방림 003610 재고자산 18,996,045,150 24,792,018,646
방림 003610 기타유동금융자산 73,890,706,259 65,279,800,105
방림 003610 기타유동자산 0 0
방림 003610 매각예정비유동자산 0 0
방림 003610 비유동자산 75,593,142,908 89,844,271,474
방림 003610 장기금융상품 145,182,895 165,331,877
방림 003610 기타포괄손익-공정가치 0 0
방림 003610 당기손익인식공정가치측정금융자산 0 0
방림 003610 종속회사투자 0 0
방림 003610 관계회사투자 0 0
방림 003610 렌탈자산 0 0
방림 003610 유형자산 35,405,816,226 49,409,475,852
방림 003610 무형자산 750,112,668 984,112,668
방림 003610 기타비유동금융자산 10,233,671,522 10,227,096,674
방림 003610 기타비유동자산 0 0
방림 003610 사용권자산 0 0
방림 003610 이연법인세자산 3,072,562,214 3,104,315,683
방림 003610 자산총계 221,885,741,322 222,269,792,031
방림 003610 유동부채 36,617,806,870 40,439,709,242
방림 003610 단기매입채무 0 0
방림 003610 단기차입금 21,123,046,000 26,420,071,164
방림 003610 유동성장기차입금 0 0
방림 003610 유동성사채 0 0
방림 003610 기타유동금융부채 0 0
방림 003610 기타유동부채 0 0
방림 003610 당기법인세부채 499,411,783 294,387,551
방림 003610 유동리스부채 0 0
방림 003610 비유동부채 2,767,275,060 2,916,608,808
방림 003610 사채 0 0
방림 003610 장기차입금 922,100,000 1,064,000,000
방림 003610 기타비유동금융부채 0 0
방림 003610 이연법인세부채 0 0
방림 003610 비유동리스부채 0 0
방림 003610 부채총계 39,385,081,930 43,356,318,050
방림 003610 자본금 21,157,045,000 21,157,045,000
방림 003610 자본잉여금 0 0
방림 003610 자본조정 0 0
방림 003610 기타포괄손익누계액 -8,096,386,961 -8,034,368,505
방림 003610 이익잉여금(결손금) 76,283,457,345 72,634,253,478
방림 003610 자본총계 182,500,659,392 178,913,473,981
방림 003610 자본과부채총계 221,885,741,322 222,269,792,031
date : 2017-12-31
방림 003610 유동자산 143,816,347,368 148,790,688,702
방림 003610 현금및현금성자산 14,375,587,549 15,028,528,362
방림 003610 매출채권 및 기타유동채권
방림 003610 재고자산 21,700,236,244 21,838,019,489
방림 003610 기타유동금융자산 56,706,792,174 54,434,564,167
방림 003610 기타유동자산 0 0
방림 003610 매각예정비유동자산 0 0
방림 003610 비유동자산 81,424,518,893 81,944,718,128
방림 003610 장기금융상품 71,763,411 76,386,127
방림 003610 기타포괄손익-공정가치 0 0
방림 003610 당기손익인식공정가치측정금융자산 0 0
방림 003610 종속회사투자 0 0
방림 003610 관계회사투자 0 0
방림 003610 렌탈자산 0 0
방림 003610 유형자산 35,716,730,531 38,058,137,263
방림 003610 무형자산 722,769,268 750,112,668
방림 003610 기타비유동금융자산 10,222,081,211 10,202,029,879
방림 003610 기타비유동자산 0 0
방림 003610 사용권자산 0 0
방림 003610 이연법인세자산 1,512,565,125 1,427,147,586
방림 003610 자산총계 225,240,866,261 230,735,406,830
방림 003610 유동부채 37,938,394,301 42,102,673,946
방림 003610 단기매입채무 0 0
방림 003610 단기차입금 18,641,922,190 24,258,397,987
방림 003610 유동성장기차입금 0 0
방림 003610 유동성사채 0 0
방림 003610 기타유동금융부채 0 0
방림 003610 기타유동부채 0 0
방림 003610 당기법인세부채 0 0
방림 003610 유동리스부채 0 0
방림 003610 비유동부채 4,083,064,972 3,801,720,933
방림 003610 사채 0 0
방림 003610 장기차입금 694,100,000 747,300,000
방림 003610 기타비유동금융부채 101,178,697 101,178,697
방림 003610 이연법인세부채 0 0
방림 003610 비유동리스부채 0 0
방림 003610 부채총계 42,021,459,273 45,904,394,879
방림 003610 자본금 21,157,045,000 21,157,045,000
방림 003610 자본잉여금 7,996,681,457 7,996,681,457
방림 003610 자본조정 0 0
방림 003610 기타포괄손익누계액 -8,310,344,380 -7,796,733,923
방림 003610 이익잉여금(결손금) 80,519,520,310 81,617,514,816
방림 003610 자본총계 183,219,406,988 184,831,011,951
방림 003610 자본과부채총계 225,240,866,261 230,735,406,830
date : 2017-03-31
방림 003610 유동자산 142,993,207,669 146,292,598,414
방림 003610 현금및현금성자산 6,532,193,986 4,314,702,476
방림 003610 매출채권 및 기타유동채권
방림 003610 재고자산 17,433,381,355 18,996,045,150
방림 003610 기타유동금융자산 68,798,752,068 73,890,706,259
방림 003610 기타유동자산 0 0
방림 003610 매각예정비유동자산 0 0
방림 003610 비유동자산 75,238,643,223 75,593,142,908
방림 003610 장기금융상품 145,721,173 145,182,895
방림 003610 기타포괄손익-공정가치 0 0
방림 003610 당기손익인식공정가치측정금융자산 0 0
방림 003610 종속회사투자 0 0
방림 003610 관계회사투자 0 0
방림 003610 렌탈자산 0 0
방림 003610 유형자산 36,007,333,992 35,405,816,226
방림 003610 무형자산 750,112,668 750,112,668
방림 003610 기타비유동금융자산 10,230,115,884 10,233,671,522
방림 003610 기타비유동자산 0 0
방림 003610 사용권자산 0 0
방림 003610 이연법인세자산 2,086,219,947 3,072,562,214
방림 003610 자산총계 218,231,850,892 221,885,741,322
방림 003610 유동부채 33,195,390,480 36,617,806,870
방림 003610 단기매입채무 0 0
방림 003610 단기차입금 18,423,437,795 21,123,046,000
방림 003610 유동성장기차입금 0 0
방림 003610 유동성사채 0 0
방림 003610 기타유동금융부채 0 0
방림 003610 기타유동부채 0 0
방림 003610 당기법인세부채 0 499,411,783
방림 003610 유동리스부채 0 0
방림 003610 비유동부채 3,199,119,501 2,767,275,060
방림 003610 사채 0 0
방림 003610 장기차입금 853,700,000 922,100,000
방림 003610 기타비유동금융부채 0 0
방림 003610 이연법인세부채 0 0
방림 003610 비유동리스부채 0 0
방림 003610 부채총계 36,394,509,981 39,385,081,930
방림 003610 자본금 21,157,045,000 21,157,045,000
방림 003610 자본잉여금 0 0
방림 003610 자본조정 0 0
방림 003610 기타포괄손익누계액 -8,093,288,710 -8,096,386,961
방림 003610 이익잉여금(결손금) 78,249,380,163 76,283,457,345
방림 003610 자본총계 181,837,340,911 182,500,659,392
방림 003610 자본과부채총계 218,231,850,892 221,885,741,322
date : 2017-06-30
방림 003610 유동자산 140,813,382,096 146,292,598,414
방림 003610 현금및현금성자산 7,943,826,615 4,314,702,476
방림 003610 매출채권 및 기타유동채권
방림 003610 재고자산 19,971,828,527 18,996,045,150
방림 003610 기타유동금융자산 65,789,558,107 73,890,706,259
방림 003610 기타유동자산 0 0
방림 003610 매각예정비유동자산 0 0
방림 003610 비유동자산 78,626,462,303 75,593,142,908
방림 003610 장기금융상품 147,781,337 145,182,895
방림 003610 기타포괄손익-공정가치 0 0
방림 003610 당기손익인식공정가치측정금융자산 0 0
방림 003610 종속회사투자 0 0
방림 003610 관계회사투자 0 0
방림 003610 렌탈자산 0 0
방림 003610 유형자산 37,176,968,195 35,405,816,226
방림 003610 무형자산 750,112,668 750,112,668
방림 003610 기타비유동금융자산 10,265,463,088 10,233,671,522
방림 003610 기타비유동자산 0 0
방림 003610 사용권자산 0 0
방림 003610 이연법인세자산 1,558,556,427 3,072,562,214
방림 003610 자산총계 219,439,844,399 221,885,741,322
방림 003610 유동부채 32,435,267,284 36,617,806,870
방림 003610 단기매입채무 0 0
방림 003610 단기차입금 18,591,692,325 21,123,046,000
방림 003610 유동성장기차입금 0 0
방림 003610 유동성사채 0 0
방림 003610 기타유동금융부채 0 0
방림 003610 기타유동부채 0 0
방림 003610 당기법인세부채 0 499,411,783
방림 003610 유동리스부채 0 0
방림 003610 비유동부채 3,481,939,943 2,767,275,060
방림 003610 사채 0 0
방림 003610 장기차입금 800,500,000 922,100,000
방림 003610 기타비유동금융부채 0 0
방림 003610 이연법인세부채 0 0
방림 003610 비유동리스부채 0 0
방림 003610 부채총계 35,917,207,227 39,385,081,930
방림 003610 자본금 21,157,045,000 21,157,045,000
방림 003610 자본잉여금 0 0
방림 003610 자본조정 0 0
방림 003610 기타포괄손익누계액 -7,983,617,703 -8,096,386,961
방림 003610 이익잉여금(결손금) 80,496,023,817 76,283,457,345
방림 003610 자본총계 183,522,637,172 182,500,659,392
방림 003610 자본과부채총계 219,439,844,399 221,885,741,322
date : 2017-09-30
방림 003610 유동자산 148,790,688,702 146,292,598,414
방림 003610 현금및현금성자산 15,028,528,362 4,314,702,476
방림 003610 매출채권 및 기타유동채권
방림 003610 재고자산 21,838,019,489 18,996,045,150
방림 003610 기타유동금융자산 54,434,564,167 58,419,623,142
방림 003610 기타유동자산 0 0
방림 003610 매각예정비유동자산 0 0
방림 003610 비유동자산 81,944,718,128 75,593,142,908
방림 003610 장기금융상품 76,386,127 145,182,895
방림 003610 기타포괄손익-공정가치 0 0
방림 003610 당기손익인식공정가치측정금융자산 0 0
방림 003610 종속회사투자 0 0
방림 003610 관계회사투자 0 0
방림 003610 렌탈자산 0 0
방림 003610 유형자산 38,058,137,263 35,405,816,226
방림 003610 무형자산 750,112,668 750,112,668
방림 003610 기타비유동금융자산 10,202,029,879 10,088,488,627
방림 003610 기타비유동자산 0 0
방림 003610 사용권자산 0 0
방림 003610 이연법인세자산 1,427,147,586 3,072,562,214
방림 003610 자산총계 230,735,406,830 221,885,741,322
방림 003610 유동부채 42,102,673,946 36,617,806,870
방림 003610 단기매입채무 0 0
방림 003610 단기차입금 24,258,397,987 21,123,046,000
방림 003610 유동성장기차입금 0 0
방림 003610 유동성사채 0 0
방림 003610 기타유동금융부채 0 0
방림 003610 기타유동부채 0 0
방림 003610 당기법인세부채 0 499,411,783
방림 003610 유동리스부채 0 0
방림 003610 비유동부채 3,801,720,933 2,767,275,060
방림 003610 사채 0 0
방림 003610 장기차입금 747,300,000 922,100,000
방림 003610 기타비유동금융부채 101,178,697 131,306,608
방림 003610 이연법인세부채 0 0
방림 003610 비유동리스부채 0 0
방림 003610 부채총계 45,904,394,879 39,385,081,930
방림 003610 자본금 21,157,045,000 21,157,045,000
방림 003610 자본잉여금 7,996,681,457 7,996,681,457
방림 003610 자본조정 0 0
방림 003610 기타포괄손익누계액 -7,796,733,923 -8,096,386,961
방림 003610 이익잉여금(결손금) 81,617,514,816 76,283,457,345
방림 003610 자본총계 184,831,011,951 182,500,659,392
방림 003610 자본과부채총계 230,735,406,830 221,885,741,322
date : 2018-12-31
방림 003610 유동자산 138,339,786,586 146,650,155,301
방림 003610 현금및현금성자산 2,660,007,620 7,388,983,910
방림 003610 매출채권 및 기타유동채권
방림 003610 재고자산 18,811,585,554 18,694,753,679
방림 003610 기타유동금융자산 61,081,679,348 61,645,308,994
방림 003610 기타유동자산 0 0
방림 003610 매각예정비유동자산 0 0
방림 003610 비유동자산 79,181,610,235 78,273,462,907
방림 003610 장기금융상품 75,300,187 74,462,364
방림 003610 기타포괄손익-공정가치 0 0
방림 003610 당기손익인식공정가치측정금융자산 0 0
방림 003610 종속회사투자 0 0
방림 003610 관계회사투자 0 0
방림 003610 렌탈자산 0 0
방림 003610 유형자산 36,718,533,303 36,953,093,747
방림 003610 무형자산 522,769,268 722,769,268
방림 003610 기타비유동금융자산 5,739,626,843 5,742,006,104
방림 003610 기타비유동자산 0 0
방림 003610 사용권자산 0 0
방림 003610 이연법인세자산 1,925,279,178 1,597,244,697
방림 003610 자산총계 217,521,396,821 224,923,618,208
방림 003610 유동부채 30,037,269,597 36,232,253,129
방림 003610 단기매입채무 0 0
방림 003610 단기차입금 13,340,691,562 18,886,419,217
방림 003610 유동성장기차입금 0 0
방림 003610 유동성사채 0 0
방림 003610 기타유동금융부채 0 0
방림 003610 기타유동부채 0 0
방림 003610 당기법인세부채 436,700,387 761,759,405
방림 003610 유동리스부채 0 0
방림 003610 비유동부채 3,266,553,411 2,997,777,213
방림 003610 사채 0 0
방림 003610 장기차입금 481,300,000 534,500,000
방림 003610 기타비유동금융부채 96,010,296 96,010,296
방림 003610 이연법인세부채 0 0
방림 003610 비유동리스부채 0 0
방림 003610 부채총계 33,303,823,008 39,230,030,342
방림 003610 자본금 21,157,045,000 21,157,045,000
방림 003610 자본잉여금 7,996,681,457 7,996,681,457
방림 003610 자본조정 0 0
방림 003610 기타포괄손익누계액 -8,140,671,215 -8,229,256,236
방림 003610 이익잉여금(결손금) 81,410,238,170 82,912,613,044
방림 003610 자본총계 184,217,573,813 185,693,587,866
방림 003610 자본과부채총계 217,521,396,821 224,923,618,208
date : 2018-03-31
방림 003610 유동자산 143,254,151,049 148,790,688,702
방림 003610 현금및현금성자산 16,008,389,492 15,028,528,362
방림 003610 매출채권 및 기타유동채권
방림 003610 재고자산 18,884,570,554 21,838,019,489
방림 003610 기타유동금융자산 52,523,212,083 54,434,564,167
방림 003610 기타유동자산 0 0
방림 003610 매각예정비유동자산 0 0
방림 003610 비유동자산 81,645,362,522 81,944,718,128
방림 003610 장기금융상품 71,460,358 76,386,127
방림 003610 기타포괄손익-공정가치 0 0
방림 003610 당기손익인식공정가치측정금융자산 0 0
방림 003610 종속회사투자 0 0
방림 003610 관계회사투자 0 0
방림 003610 렌탈자산 0 0
방림 003610 유형자산 35,831,575,051 38,058,137,263
방림 003610 무형자산 722,769,268 750,112,668
방림 003610 기타비유동금융자산 9,840,054,824 10,202,029,879
방림 003610 기타비유동자산 0 0
방림 003610 사용권자산 0 0
방림 003610 이연법인세자산 1,446,176,896 1,427,147,586
방림 003610 자산총계 224,899,513,571 230,735,406,830
방림 003610 유동부채 35,298,940,519 42,102,673,946
방림 003610 단기매입채무 0 0
방림 003610 단기차입금 17,096,733,022 24,258,397,987
방림 003610 유동성장기차입금 0 0
방림 003610 유동성사채 0 0
방림 003610 기타유동금융부채 0 0
방림 003610 기타유동부채 0 0
방림 003610 당기법인세부채 476,050,380 0
방림 003610 유동리스부채 0 0
방림 003610 비유동부채 4,457,027,308 3,801,720,933
방림 003610 사채 0 0
방림 003610 장기차입금 640,900,000 747,300,000
방림 003610 기타비유동금융부채 215,738,942 101,178,697
방림 003610 이연법인세부채 0 0
방림 003610 비유동리스부채 0 0
방림 003610 부채총계 39,755,967,827 45,904,394,879
방림 003610 자본금 21,157,045,000 21,157,045,000
방림 003610 자본잉여금 7,996,681,457 7,996,681,457
방림 003610 자본조정 0 0
방림 003610 기타포괄손익누계액 -8,382,254,579 -7,796,733,923
방림 003610 이익잉여금(결손금) 82,515,569,265 81,617,514,816
방림 003610 자본총계 185,143,545,744 184,831,011,951
방림 003610 자본과부채총계 224,899,513,571 230,735,406,830
date : 2018-06-30
방림 003610 유동자산 143,723,032,422 148,790,688,702
방림 003610 현금및현금성자산 7,076,748,007 15,028,528,362
방림 003610 매출채권 및 기타유동채권
방림 003610 재고자산 19,479,656,260 21,838,019,489
방림 003610 기타유동금융자산 54,166,031,499 54,434,564,167
방림 003610 기타유동자산 0 0
방림 003610 매각예정비유동자산 0 0
방림 003610 비유동자산 83,285,834,464 81,944,718,128
방림 003610 장기금융상품 74,997,727 76,386,127
방림 003610 기타포괄손익-공정가치 0 0
방림 003610 당기손익인식공정가치측정금융자산 0 0
방림 003610 종속회사투자 0 0
방림 003610 관계회사투자 0 0
방림 003610 렌탈자산 0 0
방림 003610 유형자산 36,751,733,167 38,058,137,263
방림 003610 무형자산 722,769,268 750,112,668
방림 003610 기타비유동금융자산 9,819,268,352 10,202,029,879
방림 003610 기타비유동자산 0 0
방림 003610 사용권자산 0 0
방림 003610 이연법인세자산 1,784,872,080 1,427,147,586
방림 003610 자산총계 227,008,866,886 230,735,406,830
방림 003610 유동부채 36,452,861,617 42,102,673,946
방림 003610 단기매입채무 0 0
방림 003610 단기차입금 19,120,729,679 24,258,397,987
방림 003610 유동성장기차입금 0 0
방림 003610 유동성사채 0 0
방림 003610 기타유동금융부채 0 0
방림 003610 기타유동부채 0 0
방림 003610 당기법인세부채 1,025,488,238 0
방림 003610 유동리스부채 0 0
방림 003610 비유동부채 4,484,731,133 3,801,720,933
방림 003610 사채 0 0
방림 003610 장기차입금 587,700,000 747,300,000
방림 003610 기타비유동금융부채 215,738,942 101,178,697
방림 003610 이연법인세부채 0 0
방림 003610 비유동리스부채 0 0
방림 003610 부채총계 40,937,592,750 45,904,394,879
방림 003610 자본금 21,157,045,000 21,157,045,000
방림 003610 자본잉여금 7,996,681,457 7,996,681,457
방림 003610 자본조정 0 0
방림 003610 기타포괄손익누계액 -8,019,237,998 -7,796,733,923
방림 003610 이익잉여금(결손금) 83,080,281,076 81,617,514,816
방림 003610 자본총계 186,071,274,136 184,831,011,951
방림 003610 자본과부채총계 227,008,866,886 230,735,406,830
date : 2018-09-30
방림 003610 유동자산 146,650,155,301 148,790,688,702
방림 003610 현금및현금성자산 7,388,983,910 15,028,528,362
방림 003610 매출채권 및 기타유동채권
방림 003610 재고자산 18,694,753,679 21,838,019,489
방림 003610 기타유동금융자산 61,645,308,994 54,434,564,167
방림 003610 기타유동자산 0 0
방림 003610 매각예정비유동자산 0 0
방림 003610 비유동자산 78,273,462,907 81,944,718,128
방림 003610 장기금융상품 74,462,364 76,386,127
방림 003610 기타포괄손익-공정가치 0 0
방림 003610 당기손익인식공정가치측정금융자산 0 0
방림 003610 종속회사투자 0 0
방림 003610 관계회사투자 0 0
방림 003610 렌탈자산 0 0
방림 003610 유형자산 36,953,093,747 38,058,137,263
방림 003610 무형자산 722,769,268 750,112,668
방림 003610 기타비유동금융자산 5,742,006,104 10,202,029,879
방림 003610 기타비유동자산 0 0
방림 003610 사용권자산 0 0
방림 003610 이연법인세자산 1,597,244,697 1,427,147,586
방림 003610 자산총계 224,923,618,208 230,735,406,830
방림 003610 유동부채 36,232,253,129 42,102,673,946
방림 003610 단기매입채무 0 0
방림 003610 단기차입금 18,886,419,217 24,258,397,987
방림 003610 유동성장기차입금 0 0
방림 003610 유동성사채 0 0
방림 003610 기타유동금융부채 0 0
방림 003610 기타유동부채 0 0
방림 003610 당기법인세부채 761,759,405 0
방림 003610 유동리스부채 0 0
방림 003610 비유동부채 2,997,777,213 3,801,720,933
방림 003610 사채 0 0
방림 003610 장기차입금 534,500,000 747,300,000
방림 003610 기타비유동금융부채 96,010,296 101,178,697
방림 003610 이연법인세부채 0 0
방림 003610 비유동리스부채 0 0
방림 003610 부채총계 39,230,030,342 45,904,394,879
방림 003610 자본금 21,157,045,000 21,157,045,000
방림 003610 자본잉여금 7,996,681,457 7,996,681,457
방림 003610 자본조정 0 0
방림 003610 기타포괄손익누계액 -8,229,256,236 -7,796,733,923
방림 003610 이익잉여금(결손금) 82,912,613,044 81,617,514,816
방림 003610 자본총계 185,693,587,866 184,831,011,951
방림 003610 자본과부채총계 224,923,618,208 230,735,406,830
