date : 2015-12-31
롯데정밀화학 004000 유동자산 580,070,984,655 460,821,568,998
롯데정밀화학 004000 현금및현금성자산 217,137,960,173 96,072,042,417
롯데정밀화학 004000 매출채권 173,682,551,976 183,020,614,852
롯데정밀화학 004000 재고자산 149,047,811,708 148,950,855,796
롯데정밀화학 004000 기타유동금융자산 24,571,080,244 13,983,630,528
롯데정밀화학 004000 기타유동자산 14,588,841,000 18,755,950,432
롯데정밀화학 004000 매각예정비유동자산 0 125,018,120,178
롯데정밀화학 004000 비유동자산 1,057,336,767,227 1,208,765,604,667
롯데정밀화학 004000 장기금융상품 0 0
롯데정밀화학 004000 기타포괄손익-공정가치 0 0
롯데정밀화학 004000 당기손익인식공정가치측정금융자산 0 0
롯데정밀화학 004000 종속회사투자 0 0
롯데정밀화학 004000 관계회사투자 0 0
롯데정밀화학 004000 렌탈자산 0 0
롯데정밀화학 004000 유형자산 755,936,085,048 861,421,111,270
롯데정밀화학 004000 무형자산 30,119,933,773 32,631,900,665
롯데정밀화학 004000 기타비유동금융자산 20,112,512,163 4,232,269,352
롯데정밀화학 004000 기타비유동자산 1,366,536,225 94,135,818
롯데정밀화학 004000 사용권자산 0 0
롯데정밀화학 004000 이연법인세자산 4,157,680,939 0
롯데정밀화학 004000 자산총계 1,637,407,751,882 1,794,605,293,843
롯데정밀화학 004000 유동부채 180,144,637,527 162,405,566,707
롯데정밀화학 004000 단기매입채무 0 0
롯데정밀화학 004000 단기차입금 8,599,295,362 9,713,303,774
롯데정밀화학 004000 유동성장기차입금 1,052,600,000 10,500,000,000
롯데정밀화학 004000 유동성사채 0 0
롯데정밀화학 004000 기타유동금융부채 74,777,430,891 42,543,817,711
롯데정밀화학 004000 기타유동부채 2,984,891,985 3,750,717,805
롯데정밀화학 004000 당기법인세부채 0 0
롯데정밀화학 004000 유동리스부채 0 0
롯데정밀화학 004000 비유동부채 332,712,772,091 434,919,090,004
롯데정밀화학 004000 사채 299,502,541,846 299,284,790,941
롯데정밀화학 004000 장기차입금 3,684,100,000 59,500,000,000
롯데정밀화학 004000 기타비유동금융부채 2,861,389,000 1,518,846,000
롯데정밀화학 004000 이연법인세부채 0 39,131,105,890
롯데정밀화학 004000 비유동리스부채 0 0
롯데정밀화학 004000 부채총계 512,857,409,618 597,324,656,711
롯데정밀화학 004000 자본금 129,000,000,000 129,000,000,000
롯데정밀화학 004000 자본잉여금 0 0
롯데정밀화학 004000 자본조정 0 0
롯데정밀화학 004000 기타포괄손익누계액 21,492,844,976 135,528,011,550
롯데정밀화학 004000 이익잉여금(결손금) 0 0
롯데정밀화학 004000 자본총계 1,637,407,751,882 1,794,605,293,843
롯데정밀화학 004000 자본과부채총계 0 0
date : 2016-03-31
롯데정밀화학 004000 유동자산 519,524,497,274 580,070,984,655
롯데정밀화학 004000 현금및현금성자산 199,355,607,884 217,137,960,173
롯데정밀화학 004000 매출채권 150,027,153,689 173,682,551,976
롯데정밀화학 004000 재고자산 132,113,363,359 149,047,811,708
롯데정밀화학 004000 기타유동금융자산 24,291,923,208 24,571,080,244
롯데정밀화학 004000 기타유동자산 12,697,869,134 14,588,841,000
롯데정밀화학 004000 매각예정비유동자산 0 0
롯데정밀화학 004000 비유동자산 998,220,240,694 1,057,336,767,227
롯데정밀화학 004000 장기금융상품 0 0
롯데정밀화학 004000 기타포괄손익-공정가치 0 0
롯데정밀화학 004000 당기손익인식공정가치측정금융자산 0 0
롯데정밀화학 004000 종속회사투자 0 0
롯데정밀화학 004000 관계회사투자 0 0
롯데정밀화학 004000 렌탈자산 0 0
롯데정밀화학 004000 유형자산 747,642,434,562 755,936,085,048
롯데정밀화학 004000 무형자산 29,776,465,120 30,119,933,773
롯데정밀화학 004000 기타비유동금융자산 20,016,598,125 20,112,512,163
롯데정밀화학 004000 기타비유동자산 1,294,036,225 1,366,536,225
롯데정밀화학 004000 사용권자산 0 0
롯데정밀화학 004000 이연법인세자산 25,770,037,583 4,157,680,939
롯데정밀화학 004000 자산총계 1,517,744,737,968 1,637,407,751,882
롯데정밀화학 004000 유동부채 142,721,992,671 180,144,637,527
롯데정밀화학 004000 단기매입채무 0 0
롯데정밀화학 004000 단기차입금 4,459,478,944 8,599,295,362
롯데정밀화학 004000 유동성장기차입금 0 1,052,600,000
롯데정밀화학 004000 유동성사채 0 0
롯데정밀화학 004000 기타유동금융부채 47,834,999,501 74,777,430,891
롯데정밀화학 004000 기타유동부채 3,764,571,304 2,984,891,985
롯데정밀화학 004000 당기법인세부채 0 0
롯데정밀화학 004000 유동리스부채 0 0
롯데정밀화학 004000 비유동부채 327,976,073,941 332,712,772,091
롯데정밀화학 004000 사채 299,558,123,588 299,502,541,846
롯데정밀화학 004000 장기차입금 0 3,684,100,000
롯데정밀화학 004000 기타비유동금융부채 1,000,000 2,861,389,000
롯데정밀화학 004000 이연법인세부채 0 0
롯데정밀화학 004000 비유동리스부채 0 0
롯데정밀화학 004000 부채총계 470,698,066,612 512,857,409,618
롯데정밀화학 004000 자본금 129,000,000,000 129,000,000,000
롯데정밀화학 004000 자본잉여금 0 0
롯데정밀화학 004000 자본조정 0 0
롯데정밀화학 004000 기타포괄손익누계액 21,492,844,976 21,492,844,976
롯데정밀화학 004000 이익잉여금(결손금) 0 0
롯데정밀화학 004000 자본총계 1,517,744,737,968 1,637,407,751,882
롯데정밀화학 004000 자본과부채총계 0 0
date : 2016-06-30
롯데정밀화학 004000 유동자산 558,539,708,384 580,070,984,655
롯데정밀화학 004000 현금및현금성자산 225,100,146,524 217,137,960,173
롯데정밀화학 004000 매출채권 168,601,528,261 173,682,551,976
롯데정밀화학 004000 재고자산 133,683,908,854 149,047,811,708
롯데정밀화학 004000 기타유동금융자산 18,210,718,607 24,571,080,244
롯데정밀화학 004000 기타유동자산 11,900,981,138 14,588,841,000
롯데정밀화학 004000 매각예정비유동자산 0 125,018,120,178
롯데정밀화학 004000 비유동자산 978,177,327,358 1,057,336,767,227
롯데정밀화학 004000 장기금융상품 0 0
롯데정밀화학 004000 기타포괄손익-공정가치 0 0
롯데정밀화학 004000 당기손익인식공정가치측정금융자산 0 0
롯데정밀화학 004000 종속회사투자 0 0
롯데정밀화학 004000 관계회사투자 0 0
롯데정밀화학 004000 렌탈자산 0 0
롯데정밀화학 004000 유형자산 740,858,179,573 755,936,085,048
롯데정밀화학 004000 무형자산 26,035,731,210 30,119,933,773
롯데정밀화학 004000 기타비유동금융자산 8,668,381,800 20,112,512,163
롯데정밀화학 004000 기타비유동자산 1,238,036,225 1,366,536,225
롯데정밀화학 004000 사용권자산 0 0
롯데정밀화학 004000 이연법인세자산 27,660,174,471 4,157,680,939
롯데정밀화학 004000 자산총계 1,536,717,035,742 1,637,407,751,882
롯데정밀화학 004000 유동부채 144,248,575,029 180,144,637,527
롯데정밀화학 004000 단기매입채무 0 0
롯데정밀화학 004000 단기차입금 5,249,834,183 8,599,295,362
롯데정밀화학 004000 유동성장기차입금 0 1,052,600,000
롯데정밀화학 004000 유동성사채 0 0
롯데정밀화학 004000 기타유동금융부채 51,672,480,195 74,777,430,891
롯데정밀화학 004000 기타유동부채 2,520,723,150 2,984,891,985
롯데정밀화학 004000 당기법인세부채 0 0
롯데정밀화학 004000 유동리스부채 0 0
롯데정밀화학 004000 비유동부채 328,162,517,954 332,712,772,091
롯데정밀화학 004000 사채 299,614,170,653 299,502,541,846
롯데정밀화학 004000 장기차입금 0 3,684,100,000
롯데정밀화학 004000 기타비유동금융부채 1,000,000 2,861,389,000
롯데정밀화학 004000 이연법인세부채 0 0
롯데정밀화학 004000 비유동리스부채 0 0
롯데정밀화학 004000 부채총계 472,411,092,983 512,857,409,618
롯데정밀화학 004000 자본금 129,000,000,000 129,000,000,000
롯데정밀화학 004000 자본잉여금 0 0
롯데정밀화학 004000 자본조정 0 0
롯데정밀화학 004000 기타포괄손익누계액 21,492,844,976 21,492,844,976
롯데정밀화학 004000 이익잉여금(결손금) 0 0
롯데정밀화학 004000 자본총계 1,536,717,035,742 1,637,407,751,882
롯데정밀화학 004000 자본과부채총계 0 0
date : 2016-09-30
롯데정밀화학 004000 유동자산 545,797,149,775 580,070,984,655
롯데정밀화학 004000 현금및현금성자산 218,749,784,317 217,137,960,173
롯데정밀화학 004000 매출채권 158,404,271,348 173,682,551,976
롯데정밀화학 004000 재고자산 138,094,206,695 149,047,811,708
롯데정밀화학 004000 기타유동금융자산 19,281,399,765 24,571,080,244
롯데정밀화학 004000 기타유동자산 10,205,702,650 14,588,841,000
롯데정밀화학 004000 매각예정비유동자산 0 125,018,120,178
롯데정밀화학 004000 비유동자산 958,870,453,003 1,057,336,767,227
롯데정밀화학 004000 장기금융상품 0 0
롯데정밀화학 004000 기타포괄손익-공정가치 0 0
롯데정밀화학 004000 당기손익인식공정가치측정금융자산 0 0
롯데정밀화학 004000 종속회사투자 0 0
롯데정밀화학 004000 관계회사투자 0 0
롯데정밀화학 004000 렌탈자산 0 0
롯데정밀화학 004000 유형자산 728,238,171,046 755,936,085,048
롯데정밀화학 004000 무형자산 23,216,203,161 30,119,933,773
롯데정밀화학 004000 기타비유동금융자산 8,488,847,800 20,112,512,163
롯데정밀화학 004000 기타비유동자산 1,182,536,225 1,366,536,225
롯데정밀화학 004000 사용권자산 0 0
롯데정밀화학 004000 이연법인세자산 24,048,760,692 4,157,680,939
롯데정밀화학 004000 자산총계 1,504,667,602,778 1,637,407,751,882
롯데정밀화학 004000 유동부채 215,935,449,895 180,144,637,527
롯데정밀화학 004000 단기매입채무 0 0
롯데정밀화학 004000 단기차입금 162,992,794 8,599,295,362
롯데정밀화학 004000 유동성장기차입금 0 1,052,600,000
롯데정밀화학 004000 유동성사채 99,916,897,038 8,599,295,362
롯데정밀화학 004000 기타유동금융부채 37,829,643,228 74,777,430,891
롯데정밀화학 004000 기타유동부채 3,289,551,402 2,984,891,985
롯데정밀화학 004000 당기법인세부채 0 0
롯데정밀화학 004000 유동리스부채 0 0
롯데정밀화학 004000 비유동부채 216,778,292,515 332,712,772,091
롯데정밀화학 004000 사채 199,753,789,919 299,502,541,846
롯데정밀화학 004000 장기차입금 0 3,684,100,000
롯데정밀화학 004000 기타비유동금융부채 1,000,000 2,861,389,000
롯데정밀화학 004000 이연법인세부채 0 0
롯데정밀화학 004000 비유동리스부채 0 0
롯데정밀화학 004000 부채총계 432,713,742,410 512,857,409,618
롯데정밀화학 004000 자본금 129,000,000,000 129,000,000,000
롯데정밀화학 004000 자본잉여금 0 0
롯데정밀화학 004000 자본조정 0 0
롯데정밀화학 004000 기타포괄손익누계액 21,492,844,976 21,492,844,976
롯데정밀화학 004000 이익잉여금(결손금) 0 0
롯데정밀화학 004000 자본총계 1,504,667,602,778 1,637,407,751,882
롯데정밀화학 004000 자본과부채총계 0 0
date : 2016-12-31
롯데정밀화학 004000 유동자산 566,666,492,362 580,070,984,655
롯데정밀화학 004000 현금및현금성자산 208,470,959,640 217,137,960,173
롯데정밀화학 004000 매출채권 165,926,614,398 173,682,551,976
롯데정밀화학 004000 재고자산 133,343,459,576 149,047,811,708
롯데정밀화학 004000 기타유동금융자산 20,699,349,709 24,571,080,244
롯데정밀화학 004000 기타유동자산 8,116,674,039 14,588,841,000
롯데정밀화학 004000 매각예정비유동자산 0 0
롯데정밀화학 004000 비유동자산 925,834,856,307 1,057,336,767,227
롯데정밀화학 004000 장기금융상품 0 0
롯데정밀화학 004000 기타포괄손익-공정가치 0 0
롯데정밀화학 004000 당기손익인식공정가치측정금융자산 0 0
롯데정밀화학 004000 종속회사투자 0 0
롯데정밀화학 004000 관계회사투자 0 0
롯데정밀화학 004000 렌탈자산 0 0
롯데정밀화학 004000 유형자산 712,750,393,052 755,936,085,048
롯데정밀화학 004000 무형자산 20,654,907,224 30,119,933,773
롯데정밀화학 004000 기타비유동금융자산 7,959,302,800 20,112,512,163
롯데정밀화학 004000 기타비유동자산 895,126,612 1,366,536,225
롯데정밀화학 004000 사용권자산 0 0
롯데정밀화학 004000 이연법인세자산 29,675,581,697 4,157,680,939
롯데정밀화학 004000 자산총계 1,492,501,348,669 1,637,407,751,882
롯데정밀화학 004000 유동부채 201,287,234,777 180,144,637,527
롯데정밀화학 004000 단기매입채무 0 0
롯데정밀화학 004000 단기차입금 438,540,480 8,599,295,362
롯데정밀화학 004000 유동성장기차입금 0 1,052,600,000
롯데정밀화학 004000 유동성사채 99,938,402,417 0
롯데정밀화학 004000 기타유동금융부채 43,351,424,079 74,777,430,891
롯데정밀화학 004000 기타유동부채 2,343,354,946 2,984,891,985
롯데정밀화학 004000 당기법인세부채 0 0
롯데정밀화학 004000 유동리스부채 0 0
롯데정밀화학 004000 비유동부채 215,955,011,933 332,712,772,091
롯데정밀화학 004000 사채 199,786,968,849 299,502,541,846
롯데정밀화학 004000 장기차입금 0 3,684,100,000
롯데정밀화학 004000 기타비유동금융부채 1,000,000 2,861,389,000
롯데정밀화학 004000 이연법인세부채 0 0
롯데정밀화학 004000 비유동리스부채 0 0
롯데정밀화학 004000 부채총계 417,242,246,710 512,857,409,618
롯데정밀화학 004000 자본금 129,000,000,000 129,000,000,000
롯데정밀화학 004000 자본잉여금 0 0
롯데정밀화학 004000 자본조정 0 0
롯데정밀화학 004000 기타포괄손익누계액 13,888,786,695 21,492,844,976
롯데정밀화학 004000 이익잉여금(결손금) 0 0
롯데정밀화학 004000 자본총계 1,492,501,348,669 1,637,407,751,882
롯데정밀화학 004000 자본과부채총계 0 0
date : 2017-03-31
롯데정밀화학 004000 유동자산 613,397,199,787 566,666,492,362
롯데정밀화학 004000 현금및현금성자산 239,365,544,844 208,470,959,640
롯데정밀화학 004000 매출채권 171,704,111,990 165,926,614,398
롯데정밀화학 004000 재고자산 128,093,250,364 133,343,459,576
롯데정밀화학 004000 기타유동금융자산 24,552,786,362 20,699,349,709
롯데정밀화학 004000 기타유동자산 9,592,886,227 8,116,674,039
롯데정밀화학 004000 매각예정비유동자산 0 0
롯데정밀화학 004000 비유동자산 913,486,962,558 925,834,856,307
롯데정밀화학 004000 장기금융상품 0 0
롯데정밀화학 004000 기타포괄손익-공정가치 0 0
롯데정밀화학 004000 당기손익인식공정가치측정금융자산 0 0
롯데정밀화학 004000 종속회사투자 0 0
롯데정밀화학 004000 관계회사투자 0 0
롯데정밀화학 004000 렌탈자산 0 0
롯데정밀화학 004000 유형자산 700,983,821,488 712,750,393,052
롯데정밀화학 004000 무형자산 18,806,103,434 20,654,907,224
롯데정밀화학 004000 기타비유동금융자산 9,852,662,800 7,959,302,800
롯데정밀화학 004000 기타비유동자산 895,126,612 895,126,612
롯데정밀화학 004000 사용권자산 0 0
롯데정밀화학 004000 이연법인세자산 29,066,438,302 29,675,581,697
롯데정밀화학 004000 자산총계 1,526,884,162,345 1,492,501,348,669
롯데정밀화학 004000 유동부채 217,930,418,867 201,287,234,777
롯데정밀화학 004000 단기매입채무 0 0
롯데정밀화학 004000 단기차입금 0 438,540,480
롯데정밀화학 004000 유동성장기차입금 0 0
롯데정밀화학 004000 유동성사채 99,960,091,792 99,938,402,417
롯데정밀화학 004000 기타유동금융부채 43,608,541,171 43,351,424,079
롯데정밀화학 004000 기타유동부채 2,593,277,397 2,343,354,946
롯데정밀화학 004000 당기법인세부채 9,311,694,931 5,032,965,626
롯데정밀화학 004000 유동리스부채 0 0
롯데정밀화학 004000 비유동부채 216,805,683,500 215,955,011,933
롯데정밀화학 004000 사채 199,821,525,479 199,786,968,849
롯데정밀화학 004000 장기차입금 0 0
롯데정밀화학 004000 기타비유동금융부채 1,000,000 1,000,000
롯데정밀화학 004000 이연법인세부채 0 0
롯데정밀화학 004000 비유동리스부채 0 0
롯데정밀화학 004000 부채총계 434,736,102,367 417,242,246,710
롯데정밀화학 004000 자본금 129,000,000,000 129,000,000,000
롯데정밀화학 004000 자본잉여금 0 0
롯데정밀화학 004000 자본조정 0 0
롯데정밀화학 004000 기타포괄손익누계액 13,888,786,695 13,888,786,695
롯데정밀화학 004000 이익잉여금(결손금) 0 0
롯데정밀화학 004000 자본총계 1,526,884,162,345 1,492,501,348,669
롯데정밀화학 004000 자본과부채총계 0 0
date : 2017-06-30
롯데정밀화학 004000 유동자산 769,783,183,740 566,666,492,362
롯데정밀화학 004000 현금및현금성자산 333,734,426,392 208,470,959,640
롯데정밀화학 004000 매출채권 194,540,936,721 165,926,614,398
롯데정밀화학 004000 재고자산 141,872,069,068 133,343,459,576
롯데정밀화학 004000 기타유동금융자산 12,165,688,957 20,699,349,709
롯데정밀화학 004000 기타유동자산 12,385,287,602 8,116,674,039
롯데정밀화학 004000 매각예정비유동자산 0 0
롯데정밀화학 004000 비유동자산 900,338,239,628 925,834,856,307
롯데정밀화학 004000 장기금융상품 0 0
롯데정밀화학 004000 기타포괄손익-공정가치 0 0
롯데정밀화학 004000 당기손익인식공정가치측정금융자산 0 0
롯데정밀화학 004000 종속회사투자 0 0
롯데정밀화학 004000 관계회사투자 0 0
롯데정밀화학 004000 렌탈자산 0 0
롯데정밀화학 004000 유형자산 695,240,744,072 712,750,393,052
롯데정밀화학 004000 무형자산 18,032,283,912 20,654,907,224
롯데정밀화학 004000 기타비유동금융자산 2,888,512,800 7,959,302,800
롯데정밀화학 004000 기타비유동자산 825,626,612 895,126,612
롯데정밀화학 004000 사용권자산 0 0
롯데정밀화학 004000 이연법인세자산 29,469,870,478 29,675,581,697
롯데정밀화학 004000 자산총계 1,670,121,423,368 1,492,501,348,669
롯데정밀화학 004000 유동부채 351,751,832,648 201,287,234,777
롯데정밀화학 004000 단기매입채무 0 0
롯데정밀화학 004000 단기차입금 0 438,540,480
롯데정밀화학 004000 유동성장기차입금 0 0
롯데정밀화학 004000 유동성사채 199,913,664,969 99,938,402,417
롯데정밀화학 004000 기타유동금융부채 44,257,904,955 43,351,424,079
롯데정밀화학 004000 기타유동부채 2,698,923,430 2,343,354,946
롯데정밀화학 004000 당기법인세부채 15,193,741,114 5,032,965,626
롯데정밀화학 004000 유동리스부채 0 0
롯데정밀화학 004000 비유동부채 198,942,289,419 215,955,011,933
롯데정밀화학 004000 사채 179,700,943,644 199,786,968,849
롯데정밀화학 004000 장기차입금 0 0
롯데정밀화학 004000 기타비유동금융부채 1,000,000 1,000,000
롯데정밀화학 004000 이연법인세부채 0 0
롯데정밀화학 004000 비유동리스부채 0 0
롯데정밀화학 004000 부채총계 550,694,122,067 417,242,246,710
롯데정밀화학 004000 자본금 129,000,000,000 129,000,000,000
롯데정밀화학 004000 자본잉여금 0 0
롯데정밀화학 004000 자본조정 0 0
롯데정밀화학 004000 기타포괄손익누계액 13,888,786,695 13,888,786,695
롯데정밀화학 004000 이익잉여금(결손금) 0 0
롯데정밀화학 004000 자본총계 1,670,121,423,368 1,492,501,348,669
롯데정밀화학 004000 자본과부채총계 0 0
date : 2017-09-30
롯데정밀화학 004000 유동자산 670,301,581,639 566,666,492,362
롯데정밀화학 004000 현금및현금성자산 217,791,797,288 208,470,959,640
롯데정밀화학 004000 매출채권 186,198,279,279 165,926,614,398
롯데정밀화학 004000 재고자산 128,049,479,419 133,343,459,576
롯데정밀화학 004000 기타유동금융자산 12,961,409,789 20,699,349,709
롯데정밀화학 004000 기타유동자산 10,216,165,864 8,116,674,039
롯데정밀화학 004000 매각예정비유동자산 0 0
롯데정밀화학 004000 비유동자산 895,171,806,263 925,834,856,307
롯데정밀화학 004000 장기금융상품 0 0
롯데정밀화학 004000 기타포괄손익-공정가치 0 0
롯데정밀화학 004000 당기손익인식공정가치측정금융자산 0 0
롯데정밀화학 004000 종속회사투자 0 0
롯데정밀화학 004000 관계회사투자 0 0
롯데정밀화학 004000 렌탈자산 0 0
롯데정밀화학 004000 유형자산 692,687,474,097 712,750,393,052
롯데정밀화학 004000 무형자산 16,694,530,487 20,654,907,224
롯데정밀화학 004000 기타비유동금융자산 2,897,522,800 7,959,302,800
롯데정밀화학 004000 기타비유동자산 812,126,612 895,126,612
롯데정밀화학 004000 사용권자산 0 0
롯데정밀화학 004000 이연법인세자산 28,220,015,513 29,675,581,697
롯데정밀화학 004000 자산총계 1,565,473,387,902 1,492,501,348,669
롯데정밀화학 004000 유동부채 330,936,086,662 201,287,234,777
롯데정밀화학 004000 단기매입채무 0 0
롯데정밀화학 004000 단기차입금 0 438,540,480
롯데정밀화학 004000 유동성장기차입금 0 0
롯데정밀화학 004000 유동성사채 199,891,480,320 99,938,402,417
롯데정밀화학 004000 기타유동금융부채 48,022,770,438 43,351,424,079
롯데정밀화학 004000 기타유동부채 2,407,299,282 2,343,354,946
롯데정밀화학 004000 당기법인세부채 18,332,646,485 5,032,965,626
롯데정밀화학 004000 유동리스부채 0 0
롯데정밀화학 004000 비유동부채 91,480,503,468 215,955,011,933
롯데정밀화학 004000 사채 79,794,294,854 199,786,968,849
롯데정밀화학 004000 장기차입금 0 0
롯데정밀화학 004000 기타비유동금융부채 1,000,000 1,000,000
롯데정밀화학 004000 이연법인세부채 0 0
롯데정밀화학 004000 비유동리스부채 0 0
롯데정밀화학 004000 부채총계 422,416,590,130 417,242,246,710
롯데정밀화학 004000 자본금 129,000,000,000 129,000,000,000
롯데정밀화학 004000 자본잉여금 0 0
롯데정밀화학 004000 자본조정 0 0
롯데정밀화학 004000 기타포괄손익누계액 13,888,786,695 13,888,786,695
롯데정밀화학 004000 이익잉여금(결손금) 0 0
롯데정밀화학 004000 자본총계 1,143,056,797,772 1,075,259,101,959
롯데정밀화학 004000 자본과부채총계 0 0
date : 2017-12-31
롯데정밀화학 004000 유동자산 694,929,462,673 566,666,492,362
롯데정밀화학 004000 현금및현금성자산 130,143,421,893 208,470,959,640
롯데정밀화학 004000 매출채권 187,929,761,987 165,926,614,398
롯데정밀화학 004000 재고자산 136,425,501,121 133,343,459,576
롯데정밀화학 004000 기타유동금융자산 6,893,808,692 20,699,349,709
롯데정밀화학 004000 기타유동자산 8,448,023,980 8,116,674,039
롯데정밀화학 004000 매각예정비유동자산 0 0
롯데정밀화학 004000 비유동자산 887,545,346,001 925,834,856,307
롯데정밀화학 004000 장기금융상품 0 0
롯데정밀화학 004000 기타포괄손익-공정가치 0 0
롯데정밀화학 004000 당기손익인식공정가치측정금융자산 0 0
롯데정밀화학 004000 종속회사투자 0 0
롯데정밀화학 004000 관계회사투자 0 0
롯데정밀화학 004000 렌탈자산 0 0
롯데정밀화학 004000 유형자산 707,992,036,040 712,750,393,052
롯데정밀화학 004000 무형자산 15,086,712,569 20,654,907,224
롯데정밀화학 004000 기타비유동금융자산 4,054,222,800 7,959,302,800
롯데정밀화학 004000 기타비유동자산 1,111,526,600 895,126,612
롯데정밀화학 004000 사용권자산 0 0
롯데정밀화학 004000 이연법인세자산 15,914,492,220 29,675,581,697
롯데정밀화학 004000 자산총계 1,582,474,808,674 1,492,501,348,669
롯데정밀화학 004000 유동부채 353,560,654,271 201,287,234,777
롯데정밀화학 004000 단기매입채무 0 0
롯데정밀화학 004000 단기차입금 0 438,540,480
롯데정밀화학 004000 유동성장기차입금 0 0
롯데정밀화학 004000 유동성사채 199,926,883,114 99,938,402,417
롯데정밀화학 004000 기타유동금융부채 62,025,068,885 43,351,424,079
롯데정밀화학 004000 기타유동부채 1,966,008,115 2,343,354,946
롯데정밀화학 004000 당기법인세부채 0 5,032,965,626
롯데정밀화학 004000 유동리스부채 0 0
롯데정밀화학 004000 비유동부채 94,032,794,637 215,955,011,933
롯데정밀화학 004000 사채 79,812,421,628 199,786,968,849
롯데정밀화학 004000 장기차입금 0 0
롯데정밀화학 004000 기타비유동금융부채 1,000,000 1,000,000
롯데정밀화학 004000 이연법인세부채 0 0
롯데정밀화학 004000 비유동리스부채 0 0
롯데정밀화학 004000 부채총계 447,593,448,908 417,242,246,710
롯데정밀화학 004000 자본금 129,000,000,000 129,000,000,000
롯데정밀화학 004000 자본잉여금 0 0
롯데정밀화학 004000 자본조정 0 0
롯데정밀화학 004000 기타포괄손익누계액 11,869,174,541 13,888,786,695
롯데정밀화학 004000 이익잉여금(결손금) 0 0
롯데정밀화학 004000 자본총계 1,582,474,808,674 1,492,501,348,669
롯데정밀화학 004000 자본과부채총계 0 0
date : 2018-03-31
롯데정밀화학 004000 유동자산 765,850,463,449 694,929,462,673
롯데정밀화학 004000 현금및현금성자산 175,652,451,423 130,143,421,893
롯데정밀화학 004000 매출채권 222,071,754,779 187,929,761,987
롯데정밀화학 004000 재고자산 137,342,280,416 136,425,501,121
롯데정밀화학 004000 기타유동금융자산 37,926,837,944 6,893,808,692
롯데정밀화학 004000 기타유동자산 7,857,138,887 8,448,023,980
롯데정밀화학 004000 매각예정비유동자산 0 0
롯데정밀화학 004000 비유동자산 881,883,792,328 887,545,346,001
롯데정밀화학 004000 장기금융상품 0 0
롯데정밀화학 004000 기타포괄손익-공정가치 0 0
롯데정밀화학 004000 당기손익인식공정가치측정금융자산 0 0
롯데정밀화학 004000 종속회사투자 0 0
롯데정밀화학 004000 관계회사투자 0 0
롯데정밀화학 004000 렌탈자산 0 0
롯데정밀화학 004000 유형자산 707,153,679,433 707,992,036,040
롯데정밀화학 004000 무형자산 13,310,035,098 15,086,712,569
롯데정밀화학 004000 기타비유동금융자산 4,044,787,800 4,054,222,800
롯데정밀화학 004000 기타비유동자산 1,111,526,600 1,111,526,600
롯데정밀화학 004000 사용권자산 0 0
롯데정밀화학 004000 이연법인세자산 12,927,237,625 15,914,492,220
롯데정밀화학 004000 자산총계 1,647,734,255,777 1,582,474,808,674
롯데정밀화학 004000 유동부채 374,277,183,353 353,560,654,271
롯데정밀화학 004000 단기매입채무 0 0
롯데정밀화학 004000 단기차입금 0 0
롯데정밀화학 004000 유동성장기차입금 0 0
롯데정밀화학 004000 유동성사채 199,962,572,576 199,926,883,114
롯데정밀화학 004000 기타유동금융부채 64,681,441,474 62,025,068,885
롯데정밀화학 004000 기타유동부채 4,305,983,509 1,966,008,115
롯데정밀화학 004000 당기법인세부채 13,770,240,971 0
롯데정밀화학 004000 유동리스부채 0 0
롯데정밀화학 004000 비유동부채 95,117,362,444 94,032,794,637
롯데정밀화학 004000 사채 79,830,661,015 79,812,421,628
롯데정밀화학 004000 장기차입금 0 0
롯데정밀화학 004000 기타비유동금융부채 1,000,000 1,000,000
롯데정밀화학 004000 이연법인세부채 0 0
롯데정밀화학 004000 비유동리스부채 0 0
롯데정밀화학 004000 부채총계 469,394,545,797 447,593,448,908
롯데정밀화학 004000 자본금 129,000,000,000 129,000,000,000
롯데정밀화학 004000 자본잉여금 0 0
롯데정밀화학 004000 자본조정 0 0
롯데정밀화학 004000 기타포괄손익누계액 11,869,174,541 11,869,174,541
롯데정밀화학 004000 이익잉여금(결손금) 0 0
롯데정밀화학 004000 자본총계 1,647,734,255,777 1,582,474,808,674
롯데정밀화학 004000 자본과부채총계 0 0
date : 2018-06-30
롯데정밀화학 004000 유동자산 743,377,371,344 694,929,462,673
롯데정밀화학 004000 현금및현금성자산 246,104,476,055 130,143,421,893
롯데정밀화학 004000 매출채권 235,902,543,119 187,929,761,987
롯데정밀화학 004000 재고자산 148,864,140,112 136,425,501,121
롯데정밀화학 004000 기타유동금융자산 8,319,784,325 6,893,808,692
롯데정밀화학 004000 기타유동자산 9,186,427,733 8,448,023,980
롯데정밀화학 004000 매각예정비유동자산 0 0
롯데정밀화학 004000 비유동자산 892,716,149,980 887,545,346,001
롯데정밀화학 004000 장기금융상품 0 0
롯데정밀화학 004000 기타포괄손익-공정가치 측정 금융자산
롯데정밀화학 004000 당기손익인식공정가치측정금융자산 0 0
롯데정밀화학 004000 종속회사투자 0 0
롯데정밀화학 004000 관계회사투자 0 0
롯데정밀화학 004000 렌탈자산 0 0
롯데정밀화학 004000 유형자산 704,026,036,669 707,992,036,040
롯데정밀화학 004000 무형자산 24,271,502,307 15,086,712,569
롯데정밀화학 004000 기타비유동금융자산 4,096,497,800 4,054,222,800
롯데정밀화학 004000 기타비유동자산 15,500,000 1,111,526,600
롯데정밀화학 004000 사용권자산 0 0
롯데정밀화학 004000 이연법인세자산 16,770,587,432 15,914,492,220
롯데정밀화학 004000 자산총계 1,636,093,521,324 1,582,474,808,674
롯데정밀화학 004000 유동부채 313,574,449,471 353,560,654,271
롯데정밀화학 004000 단기매입채무 0 0
롯데정밀화학 004000 단기차입금 0 0
롯데정밀화학 004000 유동성장기차입금 0 0
롯데정밀화학 004000 유동성사채 99,984,664,400 199,926,883,114
롯데정밀화학 004000 기타유동금융부채 50,297,431,268 62,025,068,885
롯데정밀화학 004000 기타유동부채 2,707,279,447 1,966,008,115
롯데정밀화학 004000 당기법인세부채 32,209,737,840 0
롯데정밀화학 004000 유동리스부채 0 0
롯데정밀화학 004000 비유동부채 97,118,860,055 94,032,794,637
롯데정밀화학 004000 사채 79,855,724,214 79,812,421,628
롯데정밀화학 004000 장기차입금 0 0
롯데정밀화학 004000 기타비유동금융부채 81,779,800 1,000,000
롯데정밀화학 004000 이연법인세부채 0 0
롯데정밀화학 004000 비유동리스부채 0 0
롯데정밀화학 004000 부채총계 410,693,309,526 447,593,448,908
롯데정밀화학 004000 자본금 129,000,000,000 129,000,000,000
롯데정밀화학 004000 자본잉여금 0 0
롯데정밀화학 004000 자본조정 0 0
롯데정밀화학 004000 기타포괄손익누계액 11,869,174,541 11,869,174,541
롯데정밀화학 004000 이익잉여금(결손금) 0 0
롯데정밀화학 004000 자본총계 1,636,093,521,324 1,582,474,808,674
롯데정밀화학 004000 자본과부채총계 0 0
date : 2018-09-30
롯데정밀화학 004000 유동자산 692,507,031,958 694,929,462,673
롯데정밀화학 004000 현금및현금성자산 141,512,039,475 130,143,421,893
롯데정밀화학 004000 매출채권 246,379,583,444 187,929,761,987
롯데정밀화학 004000 재고자산 154,780,259,447 136,425,501,121
롯데정밀화학 004000 기타유동금융자산 5,105,794,561 6,893,808,692
롯데정밀화학 004000 기타유동자산 9,729,355,031 8,448,023,980
롯데정밀화학 004000 매각예정비유동자산 0 0
롯데정밀화학 004000 비유동자산 898,846,236,828 887,545,346,001
롯데정밀화학 004000 장기금융상품 0 0
롯데정밀화학 004000 기타포괄손익-공정가치 측정 금융자산
롯데정밀화학 004000 당기손익인식공정가치측정금융자산 0 0
롯데정밀화학 004000 종속회사투자 0 0
롯데정밀화학 004000 관계회사투자 0 0
롯데정밀화학 004000 렌탈자산 0 0
롯데정밀화학 004000 유형자산 709,519,623,276 707,992,036,040
롯데정밀화학 004000 무형자산 26,067,168,930 15,086,712,569
롯데정밀화학 004000 기타비유동금융자산 4,236,547,800 4,054,222,800
롯데정밀화학 004000 기타비유동자산 15,500,000 1,111,526,600
롯데정밀화학 004000 사용권자산 0 0
롯데정밀화학 004000 이연법인세자산 15,471,371,050 15,914,492,220
롯데정밀화학 004000 자산총계 1,591,353,268,786 1,582,474,808,674
롯데정밀화학 004000 유동부채 238,996,095,246 353,560,654,271
롯데정밀화학 004000 단기매입채무 0 0
롯데정밀화학 004000 단기차입금 0 0
롯데정밀화학 004000 유동성장기차입금 0 0
롯데정밀화학 004000 유동성사채 0 199,926,883,114
롯데정밀화학 004000 기타유동금융부채 60,612,687,628 62,025,068,885
롯데정밀화학 004000 기타유동부채 2,845,898,638 1,966,008,115
롯데정밀화학 004000 당기법인세부채 40,708,628,154 0
롯데정밀화학 004000 유동리스부채 0 0
롯데정밀화학 004000 비유동부채 89,106,092,088 94,032,794,637
롯데정밀화학 004000 사채 79,873,370,189 79,812,421,628
롯데정밀화학 004000 장기차입금 0 0
롯데정밀화학 004000 기타비유동금융부채 81,779,800 1,000,000
롯데정밀화학 004000 이연법인세부채 0 0
롯데정밀화학 004000 비유동리스부채 0 0
롯데정밀화학 004000 부채총계 328,102,187,334 447,593,448,908
롯데정밀화학 004000 자본금 129,000,000,000 129,000,000,000
롯데정밀화학 004000 자본잉여금 0 0
롯데정밀화학 004000 자본조정 0 0
롯데정밀화학 004000 기타포괄손익누계액 11,869,174,541 11,869,174,541
롯데정밀화학 004000 이익잉여금(결손금) 0 0
롯데정밀화학 004000 자본총계 1,591,353,268,786 1,582,474,808,674
롯데정밀화학 004000 자본과부채총계 0 0
date : 2018-12-31
롯데정밀화학 004000 유동자산 714,906,297,793 694,929,462,673
롯데정밀화학 004000 현금및현금성자산 4,785,477,171 130,143,421,893
롯데정밀화학 004000 매출채권 218,437,372,562 187,929,761,987
롯데정밀화학 004000 재고자산 169,838,599,725 136,425,501,121
롯데정밀화학 004000 기타유동금융자산 4,703,388,698 6,893,808,692
롯데정밀화학 004000 기타유동자산 6,398,847,621 8,448,023,980
롯데정밀화학 004000 매각예정비유동자산 0 0
롯데정밀화학 004000 비유동자산 882,591,761,705 887,545,346,001
롯데정밀화학 004000 장기금융상품 0 0
롯데정밀화학 004000 기타포괄손익-공정가치 0 0
롯데정밀화학 004000 당기손익인식공정가치측정금융자산 0 0
롯데정밀화학 004000 종속회사투자 0 0
롯데정밀화학 004000 관계회사투자 0 0
롯데정밀화학 004000 렌탈자산 0 0
롯데정밀화학 004000 유형자산 701,889,792,523 707,992,036,040
롯데정밀화학 004000 무형자산 25,812,524,749 15,086,712,569
롯데정밀화학 004000 기타비유동금융자산 1,801,743,800 4,054,222,800
롯데정밀화학 004000 기타비유동자산 15,500,000 1,111,526,600
롯데정밀화학 004000 사용권자산 0 0
롯데정밀화학 004000 이연법인세자산 21,196,569,873 15,914,492,220
롯데정밀화학 004000 자산총계 1,597,498,059,498 1,582,474,808,674
롯데정밀화학 004000 유동부채 228,483,153,540 353,560,654,271
롯데정밀화학 004000 단기매입채무 0 0
롯데정밀화학 004000 단기차입금 438,540,480 62,025,068,885
롯데정밀화학 004000 유동성장기차입금 0 0
롯데정밀화학 004000 유동성사채 199,926,883,114 99,938,402,417
롯데정밀화학 004000 기타유동금융부채 59,244,704,281 62,025,068,885
롯데정밀화학 004000 기타유동부채 1,887,712,890 1,966,008,115
롯데정밀화학 004000 당기법인세부채 50,629,993,529 5,032,965,626
롯데정밀화학 004000 유동리스부채 0 0
롯데정밀화학 004000 비유동부채 90,916,831,616 94,032,794,637
롯데정밀화학 004000 사채 79,891,125,791 79,812,421,628
롯데정밀화학 004000 장기차입금 0 0
롯데정밀화학 004000 기타비유동금융부채 81,779,800 1,000,000
롯데정밀화학 004000 이연법인세부채 0 0
롯데정밀화학 004000 비유동리스부채 0 0
롯데정밀화학 004000 부채총계 319,399,985,156 447,593,448,908
롯데정밀화학 004000 자본금 129,000,000,000 129,000,000,000
롯데정밀화학 004000 자본잉여금 0 0
롯데정밀화학 004000 자본조정 0 0
롯데정밀화학 004000 기타포괄손익누계액 3,030,595,122 11,869,174,541
롯데정밀화학 004000 이익잉여금(결손금) 0 0
롯데정밀화학 004000 자본총계 1,597,498,059,498 1,582,474,808,674
롯데정밀화학 004000 자본과부채총계 0 0
date : 2019-03-31
롯데정밀화학 004000 유동자산 808,535,379,635 714,906,297,793
롯데정밀화학 004000 현금및현금성자산 4,180,449,832 4,785,477,171
롯데정밀화학 004000 매출채권 226,483,577,628 218,437,372,562
롯데정밀화학 004000 재고자산 153,986,461,640 169,838,599,725
롯데정밀화학 004000 기타유동금융자산 71,277,221,889 4,703,388,698
롯데정밀화학 004000 기타유동자산 6,283,466,439 6,398,847,621
롯데정밀화학 004000 매각예정비유동자산 0 0
롯데정밀화학 004000 비유동자산 891,573,946,043 882,591,761,705
롯데정밀화학 004000 장기금융상품 0 0
롯데정밀화학 004000 기타포괄손익-공정가치 0 0
롯데정밀화학 004000 당기손익인식공정가치측정금융자산 0 0
롯데정밀화학 004000 종속회사투자 0 0
롯데정밀화학 004000 관계회사투자 0 0
롯데정밀화학 004000 렌탈자산 0 0
롯데정밀화학 004000 유형자산 702,433,330,569 701,889,792,523
롯데정밀화학 004000 무형자산 26,633,576,625 25,812,524,749
롯데정밀화학 004000 기타비유동금융자산 1,793,568,800 1,801,743,800
롯데정밀화학 004000 기타비유동자산 15,500,000 15,500,000
롯데정밀화학 004000 사용권자산 7,417,195,276 701,889,792,523
롯데정밀화학 004000 이연법인세자산 21,255,144,013 21,196,569,873
롯데정밀화학 004000 자산총계 1,700,109,325,678 1,597,498,059,498
롯데정밀화학 004000 유동부채 286,303,488,960 228,483,153,540
롯데정밀화학 004000 단기매입채무 0 0
롯데정밀화학 004000 단기차입금 0 0
롯데정밀화학 004000 유동성장기차입금 0 0
롯데정밀화학 004000 유동성사채 0 0
롯데정밀화학 004000 기타유동금융부채 100,183,942,239 59,244,704,281
롯데정밀화학 004000 기타유동부채 3,313,457,480 1,887,712,890
롯데정밀화학 004000 당기법인세부채 71,666,659,009 50,629,993,529
롯데정밀화학 004000 유동리스부채 0 0
롯데정밀화학 004000 비유동부채 92,538,853,703 90,916,831,616
롯데정밀화학 004000 사채 79,908,991,700 79,891,125,791
롯데정밀화학 004000 장기차입금 0 0
롯데정밀화학 004000 기타비유동금융부채 457,646,398 81,779,800
롯데정밀화학 004000 이연법인세부채 0 0
롯데정밀화학 004000 비유동리스부채 0 0
롯데정밀화학 004000 부채총계 378,842,342,663 319,399,985,156
롯데정밀화학 004000 자본금 129,000,000,000 129,000,000,000
롯데정밀화학 004000 자본잉여금 0 0
롯데정밀화학 004000 자본조정 0 0
롯데정밀화학 004000 기타포괄손익누계액 3,030,595,122 3,030,595,122
롯데정밀화학 004000 이익잉여금(결손금) 0 0
롯데정밀화학 004000 자본총계 1,700,109,325,678 1,597,498,059,498
롯데정밀화학 004000 자본과부채총계 0 0
