date : 2019-03-31
한국석유공업 004090 유동자산 80,808,678,419 75,290,853,225
한국석유공업 004090 현금및현금성자산 3,597,972,014 2,349,227,706
한국석유공업 004090 기타유동금융자산 6,061,311,170 1,018,346,160
한국석유공업 004090 재고자산 8,020,438,945 6,600,735,220
한국석유공업 004090 기타유동자산 189,598,708 173,286,625
한국석유공업 004090 비유동자산 153,007,879,306 151,115,599,491
한국석유공업 004090 기타비유동금융자산 3,665,110,793 3,517,860,793
한국석유공업 004090 유형자산 86,354,392,119 86,152,735,009
한국석유공업 004090 무형자산 3,076,185,380 3,109,685,380
한국석유공업 004090 기타비유동자산 40,889,600 694,438,625
한국석유공업 004090 자산총계 233,816,557,725 226,406,452,716
한국석유공업 004090 유동부채 40,989,814,196 35,773,082,743
한국석유공업 004090 단기차입금 등 22,971,042,105
한국석유공업 004090 당기법인세부채 1,378,960,587 1,116,761,264
한국석유공업 004090 기타유동금융부채 937,314,000 336,695,556
한국석유공업 004090 기타유동부채 191,291,708 184,419,618
한국석유공업 004090 비유동부채 42,992,635,129 42,026,886,589
한국석유공업 004090 장기차입금 22,516,404,547 22,101,189,081
한국석유공업 004090 기타비유동금융부채 445,014,000 448,374,000
한국석유공업 004090 이연법인세부채 19,361,892,996 18,966,738,542
한국석유공업 004090 부채총계 83,982,449,325 77,799,969,332
한국석유공업 004090 자본금 3,276,000,000 3,276,000,000
한국석유공업 004090 자본잉여금 4,595,059,389 4,595,059,389
한국석유공업 004090 기타포괄손익누계액 -66,994,500 -279,424,657
한국석유공업 004090 자본총계 149,834,108,400 148,606,483,384
