date : 2019-03-31
SG세계물산 004060 유동자산 189,855,035,515 207,425,816,910
SG세계물산 004060 현금및현금성자산 7,293,484,305 2,459,118,897
SG세계물산 004060 매출채권 및 기타금융자산
SG세계물산 004060 재고자산 76,189,783,198 85,086,985,736
SG세계물산 004060 기타유동자산 12,974,886,005 12,444,914,996
SG세계물산 004060 매각예정비유동자산 43,261,376,458 64,095,376,458
SG세계물산 004060 비유동자산 124,959,123,239 125,864,843,620
SG세계물산 004060 유형자산 43,832,869,641 43,822,868,216
SG세계물산 004060 무형자산 4,844,391,895 4,953,299,564
SG세계물산 004060 사용권자산 469,144,008 0
SG세계물산 004060 자산총계 314,814,158,754 333,290,660,530
SG세계물산 004060 유동부채 71,553,071,877 93,712,476,613
SG세계물산 004060 단기차입금 30,279,611,291 52,338,280,052
SG세계물산 004060 유동리스부채 177,543,079 0
SG세계물산 004060 당기법인세부채 381,407,017 99,004,668
SG세계물산 004060 기타유동부채 8,182,802,957 8,554,176,451
SG세계물산 004060 비유동부채 43,479,498,949 41,829,557,958
SG세계물산 004060 장기차입금 36,500,000,000 36,500,000,000
SG세계물산 004060 비유동리스부채 304,695,809 0
SG세계물산 004060 이연법인세부채 4,403,407,569 4,136,199,459
SG세계물산 004060 부채총계 115,032,570,826 135,542,034,571
SG세계물산 004060 자본금 101,212,480,000 101,212,480,000
SG세계물산 004060 자본잉여금 34,610,290,230 34,610,290,230
SG세계물산 004060 기타포괄손익누계액 884,097,630 1,817,713,950
SG세계물산 004060 자본총계 199,781,587,928 197,748,625,959
