date : 2015-12-31
서울식품공업 004410 유동자산 15,753,598,962 14,749,590,053
서울식품공업 004410 현금및현금성자산 507,377,061 324,224,671
서울식품공업 004410 매출채권 및 기타유동채권
서울식품공업 004410 재고자산 3,778,686,305 4,377,701,890
서울식품공업 004410 기타유동금융자산 1,488,741,610 1,699,700,395
서울식품공업 004410 기타유동자산 0 0
서울식품공업 004410 매각예정비유동자산 0 0
서울식품공업 004410 비유동자산 41,112,505,194 35,724,686,336
서울식품공업 004410 장기금융상품 0 0
서울식품공업 004410 기타포괄손익-공정가치 0 0
서울식품공업 004410 당기손익인식공정가치측정금융자산 0 0
서울식품공업 004410 종속회사투자 0 0
서울식품공업 004410 관계회사투자 0 0
서울식품공업 004410 렌탈자산 0 0
서울식품공업 004410 유형자산 38,903,713,074 33,429,573,328
서울식품공업 004410 무형자산 359,014,172 280,027,213
서울식품공업 004410 기타비유동금융자산 1,167,901,859 1,060,861,332
서울식품공업 004410 기타비유동자산 0 0
서울식품공업 004410 사용권자산 0 0
서울식품공업 004410 이연법인세자산 0 0
서울식품공업 004410 자산총계 56,866,104,156 50,474,276,389
서울식품공업 004410 유동부채 21,000,298,286 15,343,393,524
서울식품공업 004410 단기매입채무 0 0
서울식품공업 004410 단기차입금 8,516,272,000 7,203,724,188
서울식품공업 004410 유동성장기차입금 3,600,780,000 2,726,280,000
서울식품공업 004410 유동성사채 0 0
서울식품공업 004410 기타유동금융부채 0 0
서울식품공업 004410 기타유동부채 0 0
서울식품공업 004410 당기법인세부채 0 0
서울식품공업 004410 유동리스부채 0 0
서울식품공업 004410 비유동부채 9,950,469,891 10,461,623,767
서울식품공업 004410 사채 2,000,000,000 2,726,280,000
서울식품공업 004410 장기차입금 7,830,720,000 6,965,700,000
서울식품공업 004410 기타비유동금융부채 0 0
서울식품공업 004410 이연법인세부채 0 0
서울식품공업 004410 비유동리스부채 0 0
서울식품공업 004410 부채총계 30,950,768,177 25,805,017,291
서울식품공업 004410 자본금 33,263,450,000 33,263,450,000
서울식품공업 004410 자본잉여금 0 0
서울식품공업 004410 자본조정 0 0
서울식품공업 004410 기타포괄손익누계액 0 0
서울식품공업 004410 이익잉여금(결손금) -8,135,141,801 -9,381,218,682
서울식품공업 004410 자본총계 25,915,335,979 24,669,259,098
서울식품공업 004410 자본과부채총계 56,866,104,156 50,474,276,389
date : 2016-03-31
서울식품공업 004410 유동자산 16,176,716,149 15,753,598,962
서울식품공업 004410 현금및현금성자산 1,132,277,915 507,377,061
서울식품공업 004410 매출채권 및 기타유동채권
서울식품공업 004410 재고자산 4,215,035,120 3,778,686,305
서울식품공업 004410 기타유동금융자산 1,512,638,760 1,488,741,610
서울식품공업 004410 기타유동자산 0 0
서울식품공업 004410 매각예정비유동자산 0 0
서울식품공업 004410 비유동자산 40,975,698,679 41,112,505,194
서울식품공업 004410 장기금융상품 0 0
서울식품공업 004410 기타포괄손익-공정가치 0 0
서울식품공업 004410 당기손익인식공정가치측정금융자산 0 0
서울식품공업 004410 종속회사투자 0 0
서울식품공업 004410 관계회사투자 0 0
서울식품공업 004410 렌탈자산 0 0
서울식품공업 004410 유형자산 38,784,022,761 38,903,713,074
서울식품공업 004410 무형자산 373,224,996 359,014,172
서울식품공업 004410 기타비유동금융자산 1,136,574,833 1,167,901,859
서울식품공업 004410 기타비유동자산 0 0
서울식품공업 004410 사용권자산 0 0
서울식품공업 004410 이연법인세자산 0 0
서울식품공업 004410 자산총계 57,152,414,828 56,866,104,156
서울식품공업 004410 유동부채 21,810,515,532 21,000,298,286
서울식품공업 004410 단기매입채무 0 0
서울식품공업 004410 단기차입금 10,474,702,210 8,516,272,000
서울식품공업 004410 유동성장기차입금 3,600,600,000 3,600,780,000
서울식품공업 004410 유동성사채 0 0
서울식품공업 004410 기타유동금융부채 0 0
서울식품공업 004410 기타유동부채 0 0
서울식품공업 004410 당기법인세부채 0 0
서울식품공업 004410 유동리스부채 0 0
서울식품공업 004410 비유동부채 9,316,022,428 9,950,469,891
서울식품공업 004410 사채 2,000,000,000 2,000,000,000
서울식품공업 004410 장기차입금 7,100,750,000 7,830,720,000
서울식품공업 004410 기타비유동금융부채 0 0
서울식품공업 004410 이연법인세부채 0 0
서울식품공업 004410 비유동리스부채 0 0
서울식품공업 004410 부채총계 31,126,537,960 30,950,768,177
서울식품공업 004410 자본금 33,263,450,000 33,263,450,000
서울식품공업 004410 자본잉여금 0 0
서울식품공업 004410 자본조정 0 0
서울식품공업 004410 기타포괄손익누계액 0 0
서울식품공업 004410 이익잉여금(결손금) -8,024,600,912 -8,135,141,801
서울식품공업 004410 자본총계 26,025,876,868 25,915,335,979
서울식품공업 004410 자본과부채총계 57,152,414,828 56,866,104,156
date : 2016-06-30
서울식품공업 004410 유동자산 17,054,646,983 14,615,562,495
서울식품공업 004410 현금및현금성자산 629,846,467 685,284,826
서울식품공업 004410 매출채권 및 기타유동채권
서울식품공업 004410 재고자산 4,530,525,484 4,260,320,829
서울식품공업 004410 기타유동금융자산 1,582,068,760 951,238,161
서울식품공업 004410 기타유동자산 0 0
서울식품공업 004410 매각예정비유동자산 0 0
서울식품공업 004410 비유동자산 42,105,692,849 43,783,928,866
서울식품공업 004410 장기금융상품 0 0
서울식품공업 004410 기타포괄손익-공정가치 0 0
서울식품공업 004410 당기손익인식공정가치측정금융자산 0 0
서울식품공업 004410 종속회사투자 0 0
서울식품공업 004410 관계회사투자 0 0
서울식품공업 004410 렌탈자산 0 0
서울식품공업 004410 유형자산 39,703,260,560 40,645,598,433
서울식품공업 004410 무형자산 360,352,486 578,513,015
서울식품공업 004410 기타비유동금융자산 1,200,203,714 1,167,901,859
서울식품공업 004410 기타비유동자산 0 0
서울식품공업 004410 사용권자산 0 0
서울식품공업 004410 이연법인세자산 0 0
서울식품공업 004410 자산총계 59,160,339,832 58,399,491,361
서울식품공업 004410 유동부채 22,454,624,965 22,541,134,576
서울식품공업 004410 단기매입채무 0 0
서울식품공업 004410 단기차입금 12,175,012,936 9,771,272,000
서울식품공업 004410 유동성장기차입금 2,920,720,000 3,600,780,000
서울식품공업 004410 유동성사채 0 0
서울식품공업 004410 기타유동금융부채 0 0
서울식품공업 004410 기타유동부채 0 0
서울식품공업 004410 당기법인세부채 0 0
서울식품공업 004410 유동리스부채 0 0
서울식품공업 004410 비유동부채 10,595,505,325 9,965,584,351
서울식품공업 004410 사채 2,000,000,000 3,600,780,000
서울식품공업 004410 장기차입금 8,230,480,000 7,830,720,000
서울식품공업 004410 기타비유동금융부채 0 0
서울식품공업 004410 이연법인세부채 0 0
서울식품공업 004410 비유동리스부채 0 0
서울식품공업 004410 부채총계 33,050,130,290 32,506,718,927
서울식품공업 004410 자본금 33,263,450,000 33,263,450,000
서울식품공업 004410 자본잉여금 0 0
서울식품공업 004410 자본조정 0 0
서울식품공업 004410 기타포괄손익누계액 0 0
서울식품공업 004410 이익잉여금(결손금) -7,940,268,238 -8,190,394,152
서울식품공업 004410 자본총계 26,110,209,542 25,892,772,434
서울식품공업 004410 자본과부채총계 59,160,339,832 58,399,491,361
date : 2016-09-30
서울식품공업 004410 유동자산 17,699,671,478 14,615,562,495
서울식품공업 004410 현금및현금성자산 878,053,690 685,284,826
서울식품공업 004410 매출채권 및 기타유동채권
서울식품공업 004410 재고자산 4,998,232,251 4,260,320,829
서울식품공업 004410 기타유동금융자산 1,808,800,500 951,238,161
서울식품공업 004410 기타유동자산 0 0
서울식품공업 004410 매각예정비유동자산 0 0
서울식품공업 004410 비유동자산 42,197,899,767 43,783,928,866
서울식품공업 004410 장기금융상품 0 0
서울식품공업 004410 기타포괄손익-공정가치 0 0
서울식품공업 004410 당기손익인식공정가치측정금융자산 0 0
서울식품공업 004410 종속회사투자 0 0
서울식품공업 004410 관계회사투자 0 0
서울식품공업 004410 렌탈자산 0 0
서울식품공업 004410 유형자산 39,741,499,179 40,645,598,433
서울식품공업 004410 무형자산 348,313,309 578,513,015
서울식품공업 004410 기타비유동금융자산 1,266,211,190 1,167,901,859
서울식품공업 004410 기타비유동자산 0 0
서울식품공업 004410 사용권자산 0 0
서울식품공업 004410 이연법인세자산 0 0
서울식품공업 004410 자산총계 59,897,571,245 58,399,491,361
서울식품공업 004410 유동부채 25,799,948,666 22,541,134,576
서울식품공업 004410 단기매입채무 0 0
서울식품공업 004410 단기차입금 13,708,942,545 9,771,272,000
서울식품공업 004410 유동성장기차입금 4,920,600,000 3,600,780,000
서울식품공업 004410 유동성사채 0 0
서울식품공업 004410 기타유동금융부채 0 0
서울식품공업 004410 기타유동부채 0 0
서울식품공업 004410 당기법인세부채 0 0
서울식품공업 004410 유동리스부채 0 0
서울식품공업 004410 비유동부채 8,209,599,682 9,965,584,351
서울식품공업 004410 사채 2,000,000,000 3,600,780,000
서울식품공업 004410 장기차입금 5,940,450,000 7,830,720,000
서울식품공업 004410 기타비유동금융부채 0 0
서울식품공업 004410 이연법인세부채 0 0
서울식품공업 004410 비유동리스부채 0 0
서울식품공업 004410 부채총계 34,009,548,348 32,506,718,927
서울식품공업 004410 자본금 33,263,450,000 33,263,450,000
서울식품공업 004410 자본잉여금 0 0
서울식품공업 004410 자본조정 0 0
서울식품공업 004410 기타포괄손익누계액 0 0
서울식품공업 004410 이익잉여금(결손금) -8,162,454,883 -8,190,394,152
서울식품공업 004410 자본총계 25,888,022,897 25,892,772,434
서울식품공업 004410 자본과부채총계 59,897,571,245 58,399,491,361
date : 2016-12-31
서울식품공업 004410 유동자산 17,857,554,775 14,615,562,495
서울식품공업 004410 현금및현금성자산 132,695,166 685,284,826
서울식품공업 004410 매출채권 및 기타유동채권
서울식품공업 004410 재고자산 4,647,003,724 4,260,320,829
서울식품공업 004410 기타유동금융자산 2,468,465,688 951,238,161
서울식품공업 004410 기타유동자산 779,813,159 770,240,424
서울식품공업 004410 매각예정비유동자산 0 0
서울식품공업 004410 비유동자산 44,765,043,131 43,783,928,866
서울식품공업 004410 장기금융상품 0 0
서울식품공업 004410 기타포괄손익-공정가치 0 0
서울식품공업 004410 당기손익인식공정가치측정금융자산 0 0
서울식품공업 004410 종속회사투자 0 0
서울식품공업 004410 관계회사투자 0 0
서울식품공업 004410 렌탈자산 0 0
서울식품공업 004410 유형자산 42,332,814,819 40,645,598,433
서울식품공업 004410 무형자산 337,807,412 578,513,015
서울식품공업 004410 기타비유동금융자산 1,332,544,811 1,167,901,859
서울식품공업 004410 기타비유동자산 0 0
서울식품공업 004410 사용권자산 0 0
서울식품공업 004410 이연법인세자산 0 0
서울식품공업 004410 자산총계 62,622,597,906 58,399,491,361
서울식품공업 004410 유동부채 27,076,341,673 22,541,134,576
서울식품공업 004410 단기매입채무 0 0
서울식품공업 004410 단기차입금 14,623,289,796 9,771,272,000
서울식품공업 004410 유동성장기차입금 5,870,600,000 3,600,780,000
서울식품공업 004410 유동성사채 0 0
서울식품공업 004410 기타유동금융부채 0 0
서울식품공업 004410 기타유동부채 0 0
서울식품공업 004410 당기법인세부채 0 0
서울식품공업 004410 유동리스부채 0 0
서울식품공업 004410 비유동부채 8,694,130,350 9,965,584,351
서울식품공업 004410 사채 2,000,000,000 3,600,780,000
서울식품공업 004410 장기차입금 6,080,300,000 7,830,720,000
서울식품공업 004410 기타비유동금융부채 0 0
서울식품공업 004410 이연법인세부채 0 0
서울식품공업 004410 비유동리스부채 0 0
서울식품공업 004410 부채총계 35,770,472,023 32,506,718,927
서울식품공업 004410 자본금 33,963,450,000 33,263,450,000
서울식품공업 004410 자본잉여금 0 0
서울식품공업 004410 자본조정 0 0
서울식품공업 004410 기타포괄손익누계액 0 0
서울식품공업 004410 이익잉여금(결손금) -8,024,351,897 -8,190,394,152
서울식품공업 004410 자본총계 26,852,125,883 25,892,772,434
서울식품공업 004410 자본과부채총계 62,622,597,906 58,399,491,361
date : 2017-03-31
서울식품공업 004410 유동자산 21,140,498,314 17,857,554,775
서울식품공업 004410 현금및현금성자산 1,834,377,719 132,695,166
서울식품공업 004410 매출채권 및 기타유동채권
서울식품공업 004410 재고자산 4,705,100,691 4,647,003,724
서울식품공업 004410 기타유동금융자산 2,374,624,404 2,468,465,688
서울식품공업 004410 기타유동자산 775,107,218 779,813,159
서울식품공업 004410 매각예정비유동자산 0 0
서울식품공업 004410 비유동자산 46,200,288,428 44,765,043,131
서울식품공업 004410 장기금융상품 0 0
서울식품공업 004410 기타포괄손익-공정가치 0 0
서울식품공업 004410 당기손익인식공정가치측정금융자산 0 0
서울식품공업 004410 종속회사투자 0 0
서울식품공업 004410 관계회사투자 0 0
서울식품공업 004410 렌탈자산 0 0
서울식품공업 004410 유형자산 43,775,286,873 42,332,814,819
서울식품공업 004410 무형자산 288,755,732 337,807,412
서울식품공업 004410 기타비유동금융자산 1,364,369,734 1,332,544,811
서울식품공업 004410 기타비유동자산 0 0
서울식품공업 004410 사용권자산 0 0
서울식품공업 004410 이연법인세자산 0 0
서울식품공업 004410 자산총계 67,340,786,742 62,622,597,906
서울식품공업 004410 유동부채 30,935,403,967 27,076,341,673
서울식품공업 004410 단기매입채무 0 0
서울식품공업 004410 단기차입금 15,285,000,000 14,623,289,796
서울식품공업 004410 유동성장기차입금 6,550,750,000 5,870,600,000
서울식품공업 004410 유동성사채 0 0
서울식품공업 004410 기타유동금융부채 0 0
서울식품공업 004410 기타유동부채 0 0
서울식품공업 004410 당기법인세부채 0 0
서울식품공업 004410 유동리스부채 0 0
서울식품공업 004410 비유동부채 9,271,178,929 8,694,130,350
서울식품공업 004410 사채 2,000,000,000 5,870,600,000
서울식품공업 004410 장기차입금 6,410,150,000 6,080,300,000
서울식품공업 004410 기타비유동금융부채 0 0
서울식품공업 004410 이연법인세부채 0 0
서울식품공업 004410 비유동리스부채 0 0
서울식품공업 004410 부채총계 40,206,582,896 35,770,472,023
서울식품공업 004410 자본금 33,963,450,000 33,963,450,000
서울식품공업 004410 자본잉여금 0 0
서울식품공업 004410 자본조정 0 0
서울식품공업 004410 기타포괄손익누계액 0 0
서울식품공업 004410 이익잉여금(결손금) -7,742,273,934 -8,024,351,897
서울식품공업 004410 자본총계 27,134,203,846 26,852,125,883
서울식품공업 004410 자본과부채총계 67,340,786,742 62,622,597,906
date : 2017-06-30
서울식품공업 004410 유동자산 21,173,406,765 17,857,554,775
서울식품공업 004410 현금및현금성자산 2,147,205,803 132,695,166
서울식품공업 004410 매출채권 및 기타유동채권
서울식품공업 004410 재고자산 4,790,794,433 4,647,003,724
서울식품공업 004410 기타유동금융자산 2,080,073,310 2,468,465,688
서울식품공업 004410 기타유동자산 1,106,464,944 779,813,159
서울식품공업 004410 매각예정비유동자산 0 0
서울식품공업 004410 비유동자산 48,440,545,596 44,765,043,131
서울식품공업 004410 장기금융상품 0 0
서울식품공업 004410 기타포괄손익-공정가치 0 0
서울식품공업 004410 당기손익인식공정가치측정금융자산 0 0
서울식품공업 004410 종속회사투자 0 0
서울식품공업 004410 관계회사투자 0 0
서울식품공업 004410 렌탈자산 0 0
서울식품공업 004410 유형자산 45,804,164,857 42,332,814,819
서울식품공업 004410 무형자산 285,072,218 337,807,412
서울식품공업 004410 기타비유동금융자산 1,549,072,432 1,332,544,811
서울식품공업 004410 기타비유동자산 0 0
서울식품공업 004410 사용권자산 0 0
서울식품공업 004410 이연법인세자산 0 0
서울식품공업 004410 자산총계 69,613,952,361 62,622,597,906
서울식품공업 004410 유동부채 30,892,467,936 27,076,341,673
서울식품공업 004410 단기매입채무 0 0
서울식품공업 004410 단기차입금 14,570,000,000 14,623,289,796
서울식품공업 004410 유동성장기차입금 7,720,600,000 5,870,600,000
서울식품공업 004410 유동성사채 0 0
서울식품공업 004410 기타유동금융부채 0 0
서울식품공업 004410 기타유동부채 0 0
서울식품공업 004410 당기법인세부채 0 0
서울식품공업 004410 유동리스부채 0 0
서울식품공업 004410 비유동부채 11,765,487,766 8,694,130,350
서울식품공업 004410 사채 3,000,000,000 6,080,300,000
서울식품공업 004410 장기차입금 5,740,000,000 6,080,300,000
서울식품공업 004410 기타비유동금융부채 0 0
서울식품공업 004410 이연법인세부채 0 0
서울식품공업 004410 비유동리스부채 0 0
서울식품공업 004410 부채총계 42,657,955,702 35,770,472,023
서울식품공업 004410 자본금 33,963,450,000 33,963,450,000
서울식품공업 004410 자본잉여금 0 0
서울식품공업 004410 자본조정 0 0
서울식품공업 004410 기타포괄손익누계액 0 0
서울식품공업 004410 이익잉여금(결손금) -7,920,481,121 -8,024,351,897
서울식품공업 004410 자본총계 26,955,996,659 26,852,125,883
서울식품공업 004410 자본과부채총계 69,613,952,361 62,622,597,906
date : 2017-09-30
서울식품공업 004410 유동자산 22,224,301,369 17,857,554,775
서울식품공업 004410 현금및현금성자산 2,224,829,351 132,695,166
서울식품공업 004410 매출채권 및 기타유동채권
서울식품공업 004410 재고자산 5,216,937,114 4,647,003,724
서울식품공업 004410 기타유동금융자산 2,081,253,690 2,468,465,688
서울식품공업 004410 기타유동자산 1,190,258,163 779,813,159
서울식품공업 004410 매각예정비유동자산 0 0
서울식품공업 004410 비유동자산 50,416,470,098 44,765,043,131
서울식품공업 004410 장기금융상품 0 0
서울식품공업 004410 기타포괄손익-공정가치 0 0
서울식품공업 004410 당기손익인식공정가치측정금융자산 0 0
서울식품공업 004410 종속회사투자 0 0
서울식품공업 004410 관계회사투자 0 0
서울식품공업 004410 렌탈자산 0 0
서울식품공업 004410 유형자산 47,635,265,428 42,332,814,819
서울식품공업 004410 무형자산 276,168,185 337,807,412
서울식품공업 004410 기타비유동금융자산 1,615,800,396 1,332,544,811
서울식품공업 004410 기타비유동자산 0 0
서울식품공업 004410 사용권자산 0 0
서울식품공업 004410 이연법인세자산 0 0
서울식품공업 004410 자산총계 72,640,771,467 62,622,597,906
서울식품공업 004410 유동부채 32,705,017,409 27,076,341,673
서울식품공업 004410 단기매입채무 0 0
서울식품공업 004410 단기차입금 15,070,000,000 14,623,289,796
서울식품공업 004410 유동성장기차입금 7,720,600,000 5,870,600,000
서울식품공업 004410 유동성사채 0 0
서울식품공업 004410 기타유동금융부채 0 0
서울식품공업 004410 기타유동부채 0 0
서울식품공업 004410 당기법인세부채 0 0
서울식품공업 004410 유동리스부채 0 0
서울식품공업 004410 비유동부채 12,692,147,128 8,694,130,350
서울식품공업 004410 사채 3,000,000,000 6,080,300,000
서울식품공업 004410 장기차입금 6,530,000,000 6,080,300,000
서울식품공업 004410 기타비유동금융부채 0 0
서울식품공업 004410 이연법인세부채 0 0
서울식품공업 004410 비유동리스부채 0 0
서울식품공업 004410 부채총계 45,397,164,537 35,770,472,023
서울식품공업 004410 자본금 33,963,450,000 33,963,450,000
서울식품공업 004410 자본잉여금 391,115,210 391,115,210
서울식품공업 004410 자본조정 0 0
서울식품공업 004410 기타포괄손익누계액 0 0
서울식품공업 004410 이익잉여금(결손금) -7,632,870,850 -8,024,351,897
서울식품공업 004410 자본총계 27,243,606,930 26,852,125,883
서울식품공업 004410 자본과부채총계 72,640,771,467 62,622,597,906
date : 2017-12-31
서울식품공업 004410 유동자산 23,997,714,922 17,857,554,775
서울식품공업 004410 현금및현금성자산 4,472,422,590 132,695,166
서울식품공업 004410 매출채권 및 기타유동채권
서울식품공업 004410 재고자산 4,372,783,247 4,647,003,724
서울식품공업 004410 기타유동금융자산 1,985,109,580 2,468,465,688
서울식품공업 004410 기타유동자산 820,916,184 779,813,159
서울식품공업 004410 매각예정비유동자산 0 0
서울식품공업 004410 비유동자산 52,892,719,518 44,765,043,131
서울식품공업 004410 장기금융상품 0 0
서울식품공업 004410 기타포괄손익-공정가치 0 0
서울식품공업 004410 당기손익인식공정가치측정금융자산 0 0
서울식품공업 004410 종속회사투자 0 0
서울식품공업 004410 관계회사투자 0 0
서울식품공업 004410 렌탈자산 0 0
서울식품공업 004410 유형자산 49,444,669,367 42,332,814,819
서울식품공업 004410 무형자산 617,786,140 337,807,412
서울식품공업 004410 기타비유동금융자산 1,738,027,922 1,332,544,811
서울식품공업 004410 기타비유동자산 0 0
서울식품공업 004410 사용권자산 0 0
서울식품공업 004410 이연법인세자산 0 0
서울식품공업 004410 자산총계 76,890,434,440 62,622,597,906
서울식품공업 004410 유동부채 33,230,967,761 27,076,341,673
서울식품공업 004410 단기매입채무 0 0
서울식품공업 004410 단기차입금 13,203,276,000 14,623,289,796
서울식품공업 004410 유동성장기차입금 10,700,000,000 5,870,600,000
서울식품공업 004410 유동성사채 2,000,000,000 5,870,600,000
서울식품공업 004410 기타유동금융부채 0 0
서울식품공업 004410 기타유동부채 0 0
서울식품공업 004410 당기법인세부채 0 0
서울식품공업 004410 유동리스부채 0 0
서울식품공업 004410 비유동부채 16,954,261,068 8,694,130,350
서울식품공업 004410 사채 3,000,000,000 6,080,300,000
서울식품공업 004410 장기차입금 5,450,000,000 6,080,300,000
서울식품공업 004410 기타비유동금융부채 0 0
서울식품공업 004410 이연법인세부채 0 0
서울식품공업 004410 비유동리스부채 0 0
서울식품공업 004410 부채총계 50,185,228,829 35,770,472,023
서울식품공업 004410 자본금 33,963,450,000 33,963,450,000
서울식품공업 004410 자본잉여금 391,115,210 391,115,210
서울식품공업 004410 자본조정 0 0
서울식품공업 004410 기타포괄손익누계액 0 0
서울식품공업 004410 이익잉여금(결손금) -8,171,272,169 -8,024,351,897
서울식품공업 004410 자본총계 26,705,205,611 26,852,125,883
서울식품공업 004410 자본과부채총계 76,890,434,440 62,622,597,906
date : 2018-03-31
서울식품공업 004410 유동자산 23,806,469,292 23,997,714,922
서울식품공업 004410 현금및현금성자산 3,703,855,243 4,472,422,590
서울식품공업 004410 매출채권 및 기타유동채권
서울식품공업 004410 재고자산 4,799,442,240 4,372,783,247
서울식품공업 004410 기타유동금융자산 1,968,392,560 1,985,109,580
서울식품공업 004410 기타유동자산 852,825,015 820,916,184
서울식품공업 004410 매각예정비유동자산 0 0
서울식품공업 004410 비유동자산 53,461,108,287 52,892,719,518
서울식품공업 004410 장기금융상품 0 0
서울식품공업 004410 기타포괄손익-공정가치 0 0
서울식품공업 004410 당기손익인식공정가치측정금융자산 0 0
서울식품공업 004410 종속회사투자 0 0
서울식품공업 004410 관계회사투자 0 0
서울식품공업 004410 렌탈자산 0 0
서울식품공업 004410 유형자산 50,001,426,219 49,444,669,367
서울식품공업 004410 무형자산 589,022,733 617,786,140
서울식품공업 004410 기타비유동금융자산 1,778,423,246 1,738,027,922
서울식품공업 004410 기타비유동자산 0 0
서울식품공업 004410 사용권자산 0 0
서울식품공업 004410 이연법인세자산 0 0
서울식품공업 004410 자산총계 77,267,577,579 76,890,434,440
서울식품공업 004410 유동부채 33,305,484,776 33,230,967,761
서울식품공업 004410 단기매입채무 0 0
서울식품공업 004410 단기차입금 13,260,000,000 13,203,276,000
서울식품공업 004410 유동성장기차입금 10,200,000,000 10,700,000,000
서울식품공업 004410 유동성사채 0 0
서울식품공업 004410 기타유동금융부채 0 0
서울식품공업 004410 기타유동부채 0 0
서울식품공업 004410 당기법인세부채 0 0
서울식품공업 004410 유동리스부채 0 0
서울식품공업 004410 비유동부채 16,698,351,483 16,954,261,068
서울식품공업 004410 사채 3,000,000,000 3,000,000,000
서울식품공업 004410 장기차입금 5,400,000,000 5,450,000,000
서울식품공업 004410 기타비유동금융부채 0 0
서울식품공업 004410 이연법인세부채 0 0
서울식품공업 004410 비유동리스부채 0 0
서울식품공업 004410 부채총계 50,003,836,259 50,185,228,829
서울식품공업 004410 자본금 33,963,450,000 33,963,450,000
서울식품공업 004410 자본잉여금 391,115,210 391,115,210
서울식품공업 004410 자본조정 0 0
서울식품공업 004410 기타포괄손익누계액 0 0
서울식품공업 004410 이익잉여금(결손금) -7,612,736,460 -8,171,272,169
서울식품공업 004410 자본총계 27,263,741,320 26,705,205,611
서울식품공업 004410 자본과부채총계 77,267,577,579 76,890,434,440
date : 2018-06-30
서울식품공업 004410 유동자산 23,739,313,524 23,997,714,922
서울식품공업 004410 현금및현금성자산 4,297,552,145 4,472,422,590
서울식품공업 004410 매출채권 및 기타유동채권
서울식품공업 004410 재고자산 4,863,539,801 4,372,783,247
서울식품공업 004410 기타유동금융자산 1,930,178,672 1,985,109,580
서울식품공업 004410 기타유동자산 706,019,067 820,916,184
서울식품공업 004410 매각예정비유동자산 0 0
서울식품공업 004410 비유동자산 53,525,331,279 52,892,719,518
서울식품공업 004410 장기금융상품 0 0
서울식품공업 004410 기타포괄손익-공정가치 0 0
서울식품공업 004410 당기손익인식공정가치측정금융자산 0 0
서울식품공업 004410 종속회사투자 0 0
서울식품공업 004410 관계회사투자 0 0
서울식품공업 004410 렌탈자산 0 0
서울식품공업 004410 유형자산 50,094,823,647 49,444,669,367
서울식품공업 004410 무형자산 569,109,323 617,786,140
서울식품공업 004410 기타비유동금융자산 1,764,162,220 1,738,027,922
서울식품공업 004410 기타비유동자산 0 0
서울식품공업 004410 사용권자산 0 0
서울식품공업 004410 이연법인세자산 0 0
서울식품공업 004410 자산총계 77,264,644,803 76,890,434,440
서울식품공업 004410 유동부채 33,351,778,679 33,230,967,761
서울식품공업 004410 단기매입채무 0 0
서울식품공업 004410 단기차입금 19,794,000,000 13,203,276,000
서울식품공업 004410 유동성장기차입금 3,650,000,000 10,700,000,000
서울식품공업 004410 유동성사채 0 0
서울식품공업 004410 기타유동금융부채 0 0
서울식품공업 004410 기타유동부채 0 0
서울식품공업 004410 당기법인세부채 0 0
서울식품공업 004410 유동리스부채 0 0
서울식품공업 004410 비유동부채 16,636,518,337 16,954,261,068
서울식품공업 004410 사채 3,000,000,000 3,000,000,000
서울식품공업 004410 장기차입금 5,200,000,000 5,450,000,000
서울식품공업 004410 기타비유동금융부채 0 0
서울식품공업 004410 이연법인세부채 0 0
서울식품공업 004410 비유동리스부채 0 0
서울식품공업 004410 부채총계 49,988,297,016 50,185,228,829
서울식품공업 004410 자본금 33,963,450,000 33,963,450,000
서울식품공업 004410 자본잉여금 391,115,210 391,115,210
서울식품공업 004410 자본조정 0 0
서울식품공업 004410 기타포괄손익누계액 0 0
서울식품공업 004410 이익잉여금(결손금) -7,600,129,993 -8,171,272,169
서울식품공업 004410 자본총계 27,276,347,787 26,705,205,611
서울식품공업 004410 자본과부채총계 77,264,644,803 76,890,434,440
date : 2018-09-30
서울식품공업 004410 유동자산 23,973,426,323 23,997,714,922
서울식품공업 004410 현금및현금성자산 4,575,930,612 4,472,422,590
서울식품공업 004410 매출채권 및 기타유동채권
서울식품공업 004410 재고자산 4,781,925,802 4,372,783,247
서울식품공업 004410 기타유동금융자산 1,832,127,907 1,985,109,580
서울식품공업 004410 기타유동자산 742,596,583 820,916,184
서울식품공업 004410 매각예정비유동자산 0 0
서울식품공업 004410 비유동자산 53,651,779,324 52,892,719,518
서울식품공업 004410 장기금융상품 0 0
서울식품공업 004410 기타포괄손익-공정가치 0 0
서울식품공업 004410 당기손익인식공정가치측정금융자산 0 0
서울식품공업 004410 종속회사투자 0 0
서울식품공업 004410 관계회사투자 0 0
서울식품공업 004410 렌탈자산 0 0
서울식품공업 004410 유형자산 50,178,785,274 49,444,669,367
서울식품공업 004410 무형자산 539,895,879 617,786,140
서울식품공업 004410 기타비유동금융자산 1,809,862,082 1,738,027,922
서울식품공업 004410 기타비유동자산 0 0
서울식품공업 004410 사용권자산 0 0
서울식품공업 004410 이연법인세자산 0 0
서울식품공업 004410 자산총계 77,625,205,647 76,890,434,440
서울식품공업 004410 유동부채 33,651,355,339 33,230,967,761
서울식품공업 004410 단기매입채무 0 0
서울식품공업 004410 단기차입금 19,794,000,000 13,203,276,000
서울식품공업 004410 유동성장기차입금 3,680,120,000 10,700,000,000
서울식품공업 004410 유동성사채 0 0
서울식품공업 004410 기타유동금융부채 0 0
서울식품공업 004410 기타유동부채 0 0
서울식품공업 004410 당기법인세부채 0 0
서울식품공업 004410 유동리스부채 0 0
서울식품공업 004410 비유동부채 16,899,620,609 16,954,261,068
서울식품공업 004410 사채 3,000,000,000 3,000,000,000
서울식품공업 004410 장기차입금 5,119,880,000 5,450,000,000
서울식품공업 004410 기타비유동금융부채 0 0
서울식품공업 004410 이연법인세부채 0 0
서울식품공업 004410 비유동리스부채 0 0
서울식품공업 004410 부채총계 50,550,975,948 50,185,228,829
서울식품공업 004410 자본금 33,963,450,000 33,963,450,000
서울식품공업 004410 자본잉여금 391,115,210 391,115,210
서울식품공업 004410 자본조정 0 0
서울식품공업 004410 기타포괄손익누계액 0 0
서울식품공업 004410 이익잉여금(결손금) -7,802,248,081 -8,171,272,169
서울식품공업 004410 자본총계 27,074,229,699 26,705,205,611
서울식품공업 004410 자본과부채총계 77,625,205,647 76,890,434,440
date : 2018-12-31
서울식품공업 004410 유동자산 24,070,503,587 23,997,714,922
서울식품공업 004410 현금및현금성자산 3,311,641,650 4,472,422,590
서울식품공업 004410 매출채권 및 기타유동채권
서울식품공업 004410 재고자산 4,400,007,670 4,372,783,247
서울식품공업 004410 기타유동금융자산 3,909,121,540 1,985,109,580
서울식품공업 004410 기타유동자산 632,058,827 820,916,184
서울식품공업 004410 매각예정비유동자산 0 0
서울식품공업 004410 비유동자산 53,332,284,197 52,892,719,518
서울식품공업 004410 장기금융상품 0 0
서울식품공업 004410 기타포괄손익-공정가치 0 0
서울식품공업 004410 당기손익인식공정가치측정금융자산 0 0
서울식품공업 004410 종속회사투자 0 0
서울식품공업 004410 관계회사투자 0 0
서울식품공업 004410 렌탈자산 0 0
서울식품공업 004410 유형자산 49,990,695,522 49,444,669,367
서울식품공업 004410 무형자산 512,500,649 617,786,140
서울식품공업 004410 기타비유동금융자산 1,826,351,937 1,738,027,922
서울식품공업 004410 기타비유동자산 0 0
서울식품공업 004410 사용권자산 0 0
서울식품공업 004410 이연법인세자산 0 0
서울식품공업 004410 자산총계 77,402,787,784 76,890,434,440
서울식품공업 004410 유동부채 39,730,504,181 33,230,967,761
서울식품공업 004410 단기매입채무 0 0
서울식품공업 004410 단기차입금 20,194,000,000 13,203,276,000
서울식품공업 004410 유동성장기차입금 5,079,660,000 10,700,000,000
서울식품공업 004410 유동성사채 0 0
서울식품공업 004410 기타유동금융부채 0 0
서울식품공업 004410 기타유동부채 0 0
서울식품공업 004410 당기법인세부채 16,554,605 33,230,967,761
서울식품공업 004410 유동리스부채 0 0
서울식품공업 004410 비유동부채 10,128,231,471 16,954,261,068
서울식품공업 004410 사채 3,000,000,000 3,000,000,000
서울식품공업 004410 장기차입금 3,230,340,000 5,450,000,000
서울식품공업 004410 기타비유동금융부채 0 0
서울식품공업 004410 이연법인세부채 0 0
서울식품공업 004410 비유동리스부채 0 0
서울식품공업 004410 부채총계 49,858,735,652 50,185,228,829
서울식품공업 004410 자본금 33,963,450,000 33,963,450,000
서울식품공업 004410 자본잉여금 391,115,210 391,115,210
서울식품공업 004410 자본조정 0 0
서울식품공업 004410 기타포괄손익누계액 0 0
서울식품공업 004410 이익잉여금(결손금) -7,332,425,648 -8,171,272,169
서울식품공업 004410 자본총계 27,544,052,132 26,705,205,611
서울식품공업 004410 자본과부채총계 77,402,787,784 76,890,434,440
date : 2019-03-31
서울식품공업 004410 유동자산 24,664,133,654 24,070,503,587
서울식품공업 004410 현금및현금성자산 3,591,376,924 3,311,641,650
서울식품공업 004410 매출채권 및 기타유동채권
서울식품공업 004410 재고자산 4,541,116,502 4,400,007,670
서울식품공업 004410 기타유동금융자산 3,871,801,725 3,909,121,540
서울식품공업 004410 기타유동자산 665,897,836 632,058,827
서울식품공업 004410 매각예정비유동자산 0 0
서울식품공업 004410 비유동자산 52,913,094,671 53,332,284,197
서울식품공업 004410 장기금융상품 0 0
서울식품공업 004410 기타포괄손익-공정가치 0 0
서울식품공업 004410 당기손익인식공정가치측정금융자산 0 0
서울식품공업 004410 종속회사투자 0 0
서울식품공업 004410 관계회사투자 0 0
서울식품공업 004410 렌탈자산 0 0
서울식품공업 004410 유형자산 49,622,065,288 49,990,695,522
서울식품공업 004410 무형자산 493,913,300 512,500,649
서울식품공업 004410 기타비유동금융자산 1,784,379,994 1,826,351,937
서울식품공업 004410 기타비유동자산 0 0
서울식품공업 004410 사용권자산 0 0
서울식품공업 004410 이연법인세자산 0 0
서울식품공업 004410 자산총계 77,577,228,325 77,402,787,784
서울식품공업 004410 유동부채 39,136,077,905 39,730,504,181
서울식품공업 004410 단기매입채무 0 0
서울식품공업 004410 단기차입금 20,194,000,000 20,194,000,000
서울식품공업 004410 유동성장기차입금 4,909,200,000 5,079,660,000
서울식품공업 004410 유동성사채 0 0
서울식품공업 004410 기타유동금융부채 0 0
서울식품공업 004410 기타유동부채 0 0
서울식품공업 004410 당기법인세부채 62,960,367 16,554,605
서울식품공업 004410 유동리스부채 0 0
서울식품공업 004410 비유동부채 10,393,228,132 10,128,231,471
서울식품공업 004410 사채 3,000,000,000 3,000,000,000
서울식품공업 004410 장기차입금 3,150,800,000 3,230,340,000
서울식품공업 004410 기타비유동금융부채 0 0
서울식품공업 004410 이연법인세부채 0 0
서울식품공업 004410 비유동리스부채 0 0
서울식품공업 004410 부채총계 49,529,306,037 49,858,735,652
서울식품공업 004410 자본금 33,963,450,000 33,963,450,000
서울식품공업 004410 자본잉여금 391,115,210 391,115,210
서울식품공업 004410 자본조정 0 0
서울식품공업 004410 기타포괄손익누계액 0 0
서울식품공업 004410 이익잉여금(결손금) -6,828,555,492 -7,332,425,648
서울식품공업 004410 자본총계 28,047,922,288 27,544,052,132
서울식품공업 004410 자본과부채총계 77,577,228,325 77,402,787,784
