date : 2019-03-31
우리들제약 004720 유동자산 81,236,651,848 80,572,999,085
우리들제약 004720 현금및현금성자산 7,395,936,512 22,137,284,487
우리들제약 004720 매출채권 19,368,145,992 19,400,098,227
우리들제약 004720 기타유동자산 2,612,432,785 2,903,506,453
우리들제약 004720 재고자산 12,595,025,514 11,902,358,330
우리들제약 004720 비유동자산 18,572,866,499 17,441,382,936
우리들제약 004720 장기금융상품 469,672,376 438,511,376
우리들제약 004720 유형자산 9,652,436,841 8,617,300,170
우리들제약 004720 무형자산 1,021,560,667 1,048,128,151
우리들제약 004720 이연법인세자산 3,195,465,682 3,195,465,682
우리들제약 004720 자산총계 99,809,518,347 98,014,382,021
우리들제약 004720 유동부채 33,575,700,526 32,958,967,496
우리들제약 004720 단기차입금 463,783,519 0
우리들제약 004720 당기법인세부채 2,328,705,586 2,330,242,786
우리들제약 004720 비유동부채 8,819,737,772 8,172,768,072
우리들제약 004720 장기차입금 351,466,447 0
우리들제약 004720 부채총계 42,395,438,298 41,131,735,568
우리들제약 004720 자본금 5,785,162,000 5,785,162,000
우리들제약 004720 자본잉여금 29,660,704,490 29,660,704,490
우리들제약 004720 이익잉여금(결손금) 12,948,617,015 12,417,183,419
우리들제약 004720 자본총계 57,414,080,049 56,882,646,453
우리들제약 004720 자본과부채총계 99,809,518,347 98,014,382,021
