date : 2015-12-31
써니전자 004770 유동자산 25,600,754,806 15,601,217,634
써니전자 004770 현금및현금성자산 18,046,605,037 5,879,624,592
써니전자 004770 매출채권 및 기타유동채권
써니전자 004770 재고자산 2,477,728,283 2,505,928,492
써니전자 004770 기타유동금융자산 0 0
써니전자 004770 기타유동자산 350,433,296 353,164,364
써니전자 004770 매각예정비유동자산 0 0
써니전자 004770 비유동자산 16,399,637,519 16,950,729,894
써니전자 004770 장기금융상품 0 0
써니전자 004770 기타포괄손익-공정가치 0 0
써니전자 004770 당기손익인식공정가치측정금융자산 0 0
써니전자 004770 종속회사투자 0 0
써니전자 004770 관계회사투자 0 0
써니전자 004770 렌탈자산 0 0
써니전자 004770 유형자산 5,763,298,785 6,037,854,441
써니전자 004770 무형자산 18,872,341 21,992,752
써니전자 004770 기타비유동금융자산 0 0
써니전자 004770 기타비유동자산 1,441,095,079 234,153,770
써니전자 004770 사용권자산 0 0
써니전자 004770 이연법인세자산 0 0
써니전자 004770 자산총계 42,000,392,325 32,551,947,528
써니전자 004770 유동부채 3,550,031,649 3,804,968,225
써니전자 004770 단기매입채무 0 0
써니전자 004770 단기차입금 2,000,000,000 2,000,000,000
써니전자 004770 유동성장기차입금 0 0
써니전자 004770 유동성사채 0 0
써니전자 004770 기타유동금융부채 0 0
써니전자 004770 기타유동부채 331,439,075 165,793,600
써니전자 004770 당기법인세부채 0 0
써니전자 004770 유동리스부채 0 0
써니전자 004770 비유동부채 7,874,657,106 182,833,481
써니전자 004770 사채 0 0
써니전자 004770 장기차입금 0 0
써니전자 004770 기타비유동금융부채 0 0
써니전자 004770 이연법인세부채 0 0
써니전자 004770 비유동리스부채 0 0
써니전자 004770 부채총계 11,424,688,755 3,987,801,706
써니전자 004770 자본금 14,180,000,000 14,180,000,000
써니전자 004770 자본잉여금 23,725,602,595 23,197,226,595
써니전자 004770 자본조정 -2,488 -2,488
써니전자 004770 기타포괄손익누계액 0 0
써니전자 004770 이익잉여금(결손금) -7,910,368,560 -9,255,850,308
써니전자 004770 자본총계 30,575,703,570 28,564,145,822
써니전자 004770 자본과부채총계 42,000,392,325 32,551,947,528
date : 2016-03-31
써니전자 004770 유동자산 26,426,215,705 25,600,754,806
써니전자 004770 현금및현금성자산 18,931,199,144 18,046,605,037
써니전자 004770 매출채권 및 기타유동채권
써니전자 004770 재고자산 2,429,768,730 2,477,728,283
써니전자 004770 기타유동금융자산 0 0
써니전자 004770 기타유동자산 387,085,478 350,433,296
써니전자 004770 매각예정비유동자산 0 0
써니전자 004770 비유동자산 16,533,515,959 16,399,637,519
써니전자 004770 장기금융상품 0 0
써니전자 004770 기타포괄손익-공정가치 0 0
써니전자 004770 당기손익인식공정가치측정금융자산 0 0
써니전자 004770 종속회사투자 0 0
써니전자 004770 관계회사투자 0 0
써니전자 004770 렌탈자산 0 0
써니전자 004770 유형자산 5,741,685,481 5,763,298,785
써니전자 004770 무형자산 17,328,735 18,872,341
써니전자 004770 기타비유동금융자산 0 0
써니전자 004770 기타비유동자산 1,538,297,079 1,441,095,079
써니전자 004770 사용권자산 0 0
써니전자 004770 이연법인세자산 0 0
써니전자 004770 자산총계 42,959,731,664 42,000,392,325
써니전자 004770 유동부채 3,549,274,108 3,550,031,649
써니전자 004770 단기매입채무 0 0
써니전자 004770 단기차입금 2,000,000,000 2,000,000,000
써니전자 004770 유동성장기차입금 0 0
써니전자 004770 유동성사채 0 0
써니전자 004770 기타유동금융부채 0 0
써니전자 004770 기타유동부채 570,894,420 331,439,075
써니전자 004770 당기법인세부채 0 0
써니전자 004770 유동리스부채 0 0
써니전자 004770 비유동부채 8,095,340,075 7,874,657,106
써니전자 004770 사채 0 0
써니전자 004770 장기차입금 0 0
써니전자 004770 기타비유동금융부채 0 0
써니전자 004770 이연법인세부채 0 0
써니전자 004770 비유동리스부채 0 0
써니전자 004770 부채총계 11,644,614,183 11,424,688,755
써니전자 004770 자본금 14,180,000,000 14,180,000,000
써니전자 004770 자본잉여금 23,725,602,595 23,725,602,595
써니전자 004770 자본조정 -2,488 -2,488
써니전자 004770 기타포괄손익누계액 0 0
써니전자 004770 이익잉여금(결손금) -7,230,954,649 -7,910,368,560
써니전자 004770 자본총계 31,315,117,481 30,575,703,570
써니전자 004770 자본과부채총계 42,959,731,664 42,000,392,325
date : 2016-06-30
써니전자 004770 유동자산 26,920,488,497 25,600,754,806
써니전자 004770 현금및현금성자산 19,923,104,198 18,046,605,037
써니전자 004770 매출채권 및 기타유동채권
써니전자 004770 재고자산 2,301,379,417 2,477,728,283
써니전자 004770 기타유동금융자산 0 0
써니전자 004770 기타유동자산 345,492,493 350,433,296
써니전자 004770 매각예정비유동자산 0 0
써니전자 004770 비유동자산 16,608,805,515 16,399,637,519
써니전자 004770 장기금융상품 0 0
써니전자 004770 기타포괄손익-공정가치 0 0
써니전자 004770 당기손익인식공정가치측정금융자산 0 0
써니전자 004770 종속회사투자 0 0
써니전자 004770 관계회사투자 0 0
써니전자 004770 렌탈자산 0 0
써니전자 004770 유형자산 5,797,010,382 5,763,298,785
써니전자 004770 무형자산 16,272,649 18,872,341
써니전자 004770 기타비유동금융자산 0 0
써니전자 004770 기타비유동자산 1,590,171,676 1,441,095,079
써니전자 004770 사용권자산 0 0
써니전자 004770 이연법인세자산 0 0
써니전자 004770 자산총계 43,529,294,012 42,000,392,325
써니전자 004770 유동부채 3,327,686,563 3,550,031,649
써니전자 004770 단기매입채무 0 0
써니전자 004770 단기차입금 2,000,000,000 2,000,000,000
써니전자 004770 유동성장기차입금 0 0
써니전자 004770 유동성사채 0 0
써니전자 004770 기타유동금융부채 0 0
써니전자 004770 기타유동부채 318,360,930 331,439,075
써니전자 004770 당기법인세부채 0 0
써니전자 004770 유동리스부채 0 0
써니전자 004770 비유동부채 7,993,501,650 7,874,657,106
써니전자 004770 사채 0 0
써니전자 004770 장기차입금 0 0
써니전자 004770 기타비유동금융부채 0 0
써니전자 004770 이연법인세부채 0 0
써니전자 004770 비유동리스부채 0 0
써니전자 004770 부채총계 11,321,188,213 11,424,688,755
써니전자 004770 자본금 14,180,000,000 14,180,000,000
써니전자 004770 자본잉여금 23,725,602,595 23,725,602,595
써니전자 004770 자본조정 -2,488 -2,488
써니전자 004770 기타포괄손익누계액 0 0
써니전자 004770 이익잉여금(결손금) -6,324,766,331 -7,910,368,560
써니전자 004770 자본총계 32,208,105,799 30,575,703,570
써니전자 004770 자본과부채총계 43,529,294,012 42,000,392,325
date : 2016-09-30
써니전자 004770 유동자산 27,305,053,302 25,600,754,806
써니전자 004770 현금및현금성자산 19,741,225,516 18,046,605,037
써니전자 004770 매출채권 및 기타유동채권
써니전자 004770 재고자산 2,700,003,472 2,477,728,283
써니전자 004770 기타유동금융자산 0 0
써니전자 004770 기타유동자산 739,527,145 350,433,296
써니전자 004770 매각예정비유동자산 0 0
써니전자 004770 비유동자산 17,275,468,336 16,399,637,519
써니전자 004770 장기금융상품 0 0
써니전자 004770 기타포괄손익-공정가치 0 0
써니전자 004770 당기손익인식공정가치측정금융자산 0 0
써니전자 004770 종속회사투자 0 0
써니전자 004770 관계회사투자 0 0
써니전자 004770 렌탈자산 0 0
써니전자 004770 유형자산 5,766,119,117 5,763,298,785
써니전자 004770 무형자산 28,193,385 18,872,341
써니전자 004770 기타비유동금융자산 0 0
써니전자 004770 기타비유동자산 1,590,171,676 1,441,095,079
써니전자 004770 사용권자산 0 0
써니전자 004770 이연법인세자산 0 0
써니전자 004770 자산총계 44,580,521,638 42,000,392,325
써니전자 004770 유동부채 3,215,125,778 3,550,031,649
써니전자 004770 단기매입채무 0 0
써니전자 004770 단기차입금 2,000,000,000 2,000,000,000
써니전자 004770 유동성장기차입금 0 0
써니전자 004770 유동성사채 0 0
써니전자 004770 기타유동금융부채 0 0
써니전자 004770 기타유동부채 404,543,421 331,439,075
써니전자 004770 당기법인세부채 0 0
써니전자 004770 유동리스부채 0 0
써니전자 004770 비유동부채 2,015,497,235 7,874,657,106
써니전자 004770 사채 0 0
써니전자 004770 장기차입금 0 0
써니전자 004770 기타비유동금융부채 0 0
써니전자 004770 이연법인세부채 0 0
써니전자 004770 비유동리스부채 0 0
써니전자 004770 부채총계 5,230,623,013 11,424,688,755
써니전자 004770 자본금 15,542,636,000 14,180,000,000
써니전자 004770 자본잉여금 28,512,513,168 23,725,602,595
써니전자 004770 자본조정 -2,488 -2,488
써니전자 004770 기타포괄손익누계액 0 0
써니전자 004770 이익잉여금(결손금) -6,031,520,078 -7,910,368,560
써니전자 004770 자본총계 39,349,898,625 30,575,703,570
써니전자 004770 자본과부채총계 44,580,521,638 42,000,392,325
date : 2016-12-31
써니전자 004770 유동자산 27,338,805,477 25,600,754,806
써니전자 004770 현금및현금성자산 19,833,228,525 18,046,605,037
써니전자 004770 매출채권 및 기타유동채권
써니전자 004770 재고자산 2,746,532,411 2,477,728,283
써니전자 004770 기타유동금융자산 0 0
써니전자 004770 기타유동자산 509,994,360 350,433,296
써니전자 004770 매각예정비유동자산 0 0
써니전자 004770 비유동자산 16,410,165,616 16,399,637,519
써니전자 004770 장기금융상품 0 0
써니전자 004770 기타포괄손익-공정가치 0 0
써니전자 004770 당기손익인식공정가치측정금융자산 0 0
써니전자 004770 종속회사투자 0 0
써니전자 004770 관계회사투자 0 0
써니전자 004770 렌탈자산 0 0
써니전자 004770 유형자산 5,764,352,238 5,763,298,785
써니전자 004770 무형자산 30,491,839 18,872,341
써니전자 004770 기타비유동금융자산 0 0
써니전자 004770 기타비유동자산 1,336,250,669 1,441,095,079
써니전자 004770 사용권자산 0 0
써니전자 004770 이연법인세자산 0 0
써니전자 004770 자산총계 43,748,971,093 42,000,392,325
써니전자 004770 유동부채 4,823,046,603 3,550,031,649
써니전자 004770 단기매입채무 0 0
써니전자 004770 단기차입금 2,000,000,000 2,000,000,000
써니전자 004770 유동성장기차입금 0 0
써니전자 004770 유동성사채 0 0
써니전자 004770 기타유동금융부채 0 0
써니전자 004770 기타유동부채 270,351,614 331,439,075
써니전자 004770 당기법인세부채 0 0
써니전자 004770 유동리스부채 0 0
써니전자 004770 비유동부채 251,675,169 7,874,657,106
써니전자 004770 사채 0 0
써니전자 004770 장기차입금 0 0
써니전자 004770 기타비유동금융부채 0 0
써니전자 004770 이연법인세부채 0 0
써니전자 004770 비유동리스부채 0 0
써니전자 004770 부채총계 5,074,721,772 11,424,688,755
써니전자 004770 자본금 15,608,570,000 14,180,000,000
써니전자 004770 자본잉여금 28,754,699,096 23,725,602,595
써니전자 004770 자본조정 -2,488 -2,488
써니전자 004770 기타포괄손익누계액 0 0
써니전자 004770 이익잉여금(결손금) -6,498,117,122 -7,910,368,560
써니전자 004770 자본총계 38,674,249,321 30,575,703,570
써니전자 004770 자본과부채총계 43,748,971,093 42,000,392,325
date : 2017-03-31
써니전자 004770 유동자산 25,504,340,896 27,338,805,477
써니전자 004770 현금및현금성자산 18,702,493,131 19,833,228,525
써니전자 004770 매출채권 및 기타유동채권
써니전자 004770 재고자산 2,297,506,243 2,746,532,411
써니전자 004770 기타유동금융자산 0 0
써니전자 004770 기타유동자산 381,722,432 509,994,360
써니전자 004770 매각예정비유동자산 0 0
써니전자 004770 비유동자산 18,606,435,779 16,410,165,616
써니전자 004770 장기금융상품 0 0
써니전자 004770 기타포괄손익-공정가치 0 0
써니전자 004770 당기손익인식공정가치측정금융자산 0 0
써니전자 004770 종속회사투자 0 0
써니전자 004770 관계회사투자 0 0
써니전자 004770 렌탈자산 0 0
써니전자 004770 유형자산 5,822,393,913 5,764,352,238
써니전자 004770 무형자산 28,430,423 30,491,839
써니전자 004770 기타비유동금융자산 0 0
써니전자 004770 기타비유동자산 1,336,250,669 1,336,250,669
써니전자 004770 사용권자산 0 0
써니전자 004770 이연법인세자산 0 0
써니전자 004770 자산총계 44,110,776,675 43,748,971,093
써니전자 004770 유동부채 3,161,676,801 4,823,046,603
써니전자 004770 단기매입채무 0 0
써니전자 004770 단기차입금 2,000,000,000 2,000,000,000
써니전자 004770 유동성장기차입금 0 0
써니전자 004770 유동성사채 0 0
써니전자 004770 기타유동금융부채 0 0
써니전자 004770 기타유동부채 296,412,068 270,351,614
써니전자 004770 당기법인세부채 0 0
써니전자 004770 유동리스부채 0 0
써니전자 004770 비유동부채 314,332,842 251,675,169
써니전자 004770 사채 0 0
써니전자 004770 장기차입금 0 0
써니전자 004770 기타비유동금융부채 0 0
써니전자 004770 이연법인세부채 0 0
써니전자 004770 비유동리스부채 0 0
써니전자 004770 부채총계 3,476,009,643 5,074,721,772
써니전자 004770 자본금 15,938,240,000 15,608,570,000
써니전자 004770 자본잉여금 29,982,164,096 28,754,699,096
써니전자 004770 자본조정 -2,488 -2,488
써니전자 004770 기타포괄손익누계액 0 0
써니전자 004770 이익잉여금(결손금) -6,235,190,965 -6,498,117,122
써니전자 004770 자본총계 40,634,767,032 38,674,249,321
써니전자 004770 자본과부채총계 44,110,776,675 43,748,971,093
date : 2017-06-30
써니전자 004770 유동자산 23,710,978,113 27,338,805,477
써니전자 004770 현금및현금성자산 15,836,251,879 19,833,228,525
써니전자 004770 매출채권 및 기타유동채권
써니전자 004770 재고자산 3,031,686,514 2,746,532,411
써니전자 004770 기타유동금융자산 0 0
써니전자 004770 기타유동자산 465,216,411 509,994,360
써니전자 004770 매각예정비유동자산 0 0
써니전자 004770 비유동자산 21,021,578,590 16,410,165,616
써니전자 004770 장기금융상품 0 0
써니전자 004770 기타포괄손익-공정가치 0 0
써니전자 004770 당기손익인식공정가치측정금융자산 0 0
써니전자 004770 종속회사투자 0 0
써니전자 004770 관계회사투자 0 0
써니전자 004770 렌탈자산 0 0
써니전자 004770 유형자산 5,724,367,886 5,764,352,238
써니전자 004770 무형자산 36,013,874 30,491,839
써니전자 004770 기타비유동금융자산 0 0
써니전자 004770 기타비유동자산 1,136,361,444 1,336,250,669
써니전자 004770 사용권자산 0 0
써니전자 004770 이연법인세자산 0 0
써니전자 004770 자산총계 44,732,556,703 43,748,971,093
써니전자 004770 유동부채 3,262,403,605 4,823,046,603
써니전자 004770 단기매입채무 0 0
써니전자 004770 단기차입금 2,000,000,000 2,000,000,000
써니전자 004770 유동성장기차입금 0 0
써니전자 004770 유동성사채 0 0
써니전자 004770 기타유동금융부채 0 0
써니전자 004770 기타유동부채 212,012,392 270,351,614
써니전자 004770 당기법인세부채 0 0
써니전자 004770 유동리스부채 0 0
써니전자 004770 비유동부채 363,780,227 251,675,169
써니전자 004770 사채 0 0
써니전자 004770 장기차입금 0 0
써니전자 004770 기타비유동금융부채 0 0
써니전자 004770 이연법인세부채 0 0
써니전자 004770 비유동리스부채 0 0
써니전자 004770 부채총계 3,626,183,832 5,074,721,772
써니전자 004770 자본금 15,938,240,000 15,608,570,000
써니전자 004770 자본잉여금 29,982,164,096 28,754,699,096
써니전자 004770 자본조정 -2,488 -2,488
써니전자 004770 기타포괄손익누계액 0 0
써니전자 004770 이익잉여금(결손금) -5,893,084,869 -6,498,117,122
써니전자 004770 자본총계 41,106,372,871 38,674,249,321
써니전자 004770 자본과부채총계 44,732,556,703 43,748,971,093
date : 2017-09-30
써니전자 004770 유동자산 21,501,802,541 27,338,805,477
써니전자 004770 현금및현금성자산 15,488,151,906 19,833,228,525
써니전자 004770 매출채권 및 기타유동채권
써니전자 004770 재고자산 2,838,021,196 2,746,532,411
써니전자 004770 기타유동금융자산 0 0
써니전자 004770 기타유동자산 493,876,736 509,994,360
써니전자 004770 매각예정비유동자산 0 0
써니전자 004770 비유동자산 21,529,197,201 16,410,165,616
써니전자 004770 장기금융상품 0 0
써니전자 004770 기타포괄손익-공정가치 0 0
써니전자 004770 당기손익인식공정가치측정금융자산 0 0
써니전자 004770 종속회사투자 0 0
써니전자 004770 관계회사투자 0 0
써니전자 004770 렌탈자산 0 0
써니전자 004770 유형자산 5,732,905,224 5,764,352,238
써니전자 004770 무형자산 32,995,993 30,491,839
써니전자 004770 기타비유동금융자산 2,000,000 2,000,000
써니전자 004770 기타비유동자산 1,136,361,444 1,336,250,669
써니전자 004770 사용권자산 0 0
써니전자 004770 이연법인세자산 0 0
써니전자 004770 자산총계 43,030,999,742 43,748,971,093
써니전자 004770 유동부채 1,028,226,506 4,823,046,603
써니전자 004770 단기매입채무 0 0
써니전자 004770 단기차입금 2,000,000,000 4,823,046,603
써니전자 004770 유동성장기차입금 0 0
써니전자 004770 유동성사채 0 0
써니전자 004770 기타유동금융부채 0 0
써니전자 004770 기타유동부채 256,419,346 270,351,614
써니전자 004770 당기법인세부채 0 0
써니전자 004770 유동리스부채 0 0
써니전자 004770 비유동부채 428,615,336 251,675,169
써니전자 004770 사채 0 0
써니전자 004770 장기차입금 0 0
써니전자 004770 기타비유동금융부채 0 0
써니전자 004770 이연법인세부채 0 0
써니전자 004770 비유동리스부채 0 0
써니전자 004770 부채총계 1,456,841,842 5,074,721,772
써니전자 004770 자본금 15,938,240,000 15,608,570,000
써니전자 004770 자본잉여금 29,982,164,096 28,754,699,096
써니전자 004770 자본조정 0 0
써니전자 004770 기타포괄손익누계액 1,081,321,936 809,099,835
써니전자 004770 이익잉여금(결손금) -5,427,565,644 -6,498,117,122
써니전자 004770 자본총계 41,574,157,900 38,674,249,321
써니전자 004770 자본과부채총계 43,030,999,742 43,748,971,093
date : 2017-12-31
써니전자 004770 유동자산 15,955,253,830 27,338,805,477
써니전자 004770 현금및현금성자산 10,662,532,606 19,833,228,525
써니전자 004770 매출채권 및 기타유동채권
써니전자 004770 재고자산 2,915,598,619 2,746,532,411
써니전자 004770 기타유동금융자산 0 0
써니전자 004770 기타유동자산 327,270,008 509,994,360
써니전자 004770 매각예정비유동자산 0 0
써니전자 004770 비유동자산 27,305,524,756 16,410,165,616
써니전자 004770 장기금융상품 0 0
써니전자 004770 기타포괄손익-공정가치 0 0
써니전자 004770 당기손익인식공정가치측정금융자산 0 0
써니전자 004770 종속회사투자 0 0
써니전자 004770 관계회사투자 0 0
써니전자 004770 렌탈자산 0 0
써니전자 004770 유형자산 5,504,339,491 5,764,352,238
써니전자 004770 무형자산 30,729,387 30,491,839
써니전자 004770 기타비유동금융자산 2,000,000 2,000,000
써니전자 004770 기타비유동자산 774,781,270 424,781,270
써니전자 004770 사용권자산 0 0
써니전자 004770 이연법인세자산 2,010,558,901 911,469,399
써니전자 004770 자산총계 43,260,778,586 43,748,971,093
써니전자 004770 유동부채 1,471,774,031 4,823,046,603
써니전자 004770 단기매입채무 0 0
써니전자 004770 단기차입금 2,000,000,000 2,000,000,000
써니전자 004770 유동성장기차입금 0 0
써니전자 004770 유동성사채 0 0
써니전자 004770 기타유동금융부채 0 0
써니전자 004770 기타유동부채 310,022,390 270,351,614
써니전자 004770 당기법인세부채 0 0
써니전자 004770 유동리스부채 0 0
써니전자 004770 비유동부채 413,708,101 251,675,169
써니전자 004770 사채 0 0
써니전자 004770 장기차입금 0 0
써니전자 004770 기타비유동금융부채 0 0
써니전자 004770 이연법인세부채 0 0
써니전자 004770 비유동리스부채 0 0
써니전자 004770 부채총계 1,885,482,132 5,074,721,772
써니전자 004770 자본금 15,938,240,000 15,608,570,000
써니전자 004770 자본잉여금 29,982,164,096 28,754,699,096
써니전자 004770 자본조정 0 0
써니전자 004770 기타포괄손익누계액 1,344,046,265 809,099,835
써니전자 004770 이익잉여금(결손금) -5,889,151,419 -6,498,117,122
써니전자 004770 자본총계 41,375,296,454 38,674,249,321
써니전자 004770 자본과부채총계 43,260,778,586 43,748,971,093
date : 2018-03-31
써니전자 004770 유동자산 30,239,837,657 15,955,253,830
써니전자 004770 현금및현금성자산 5,372,470,967 10,662,532,606
써니전자 004770 매출채권 및 기타유동채권
써니전자 004770 재고자산 3,315,468,073 2,915,598,619
써니전자 004770 기타유동금융자산 0 0
써니전자 004770 기타유동자산 424,019,025 327,270,008
써니전자 004770 매각예정비유동자산 0 0
써니전자 004770 비유동자산 13,393,458,825 27,305,524,756
써니전자 004770 장기금융상품 0 0
써니전자 004770 기타포괄손익-공정가치 0 0
써니전자 004770 당기손익인식공정가치측정금융자산 0 0
써니전자 004770 종속회사투자 0 0
써니전자 004770 관계회사투자 0 0
써니전자 004770 렌탈자산 0 0
써니전자 004770 유형자산 5,413,725,627 5,504,339,491
써니전자 004770 무형자산 27,673,305 30,729,387
써니전자 004770 기타비유동금융자산 2,000,000 2,000,000
써니전자 004770 기타비유동자산 685,493,270 774,781,270
써니전자 004770 사용권자산 0 0
써니전자 004770 이연법인세자산 2,010,558,901 2,010,558,901
써니전자 004770 자산총계 43,633,296,482 43,260,778,586
써니전자 004770 유동부채 1,475,379,876 1,471,774,031
써니전자 004770 단기매입채무 0 0
써니전자 004770 단기차입금 0 0
써니전자 004770 유동성장기차입금 0 0
써니전자 004770 유동성사채 0 0
써니전자 004770 기타유동금융부채 0 0
써니전자 004770 기타유동부채 396,780,612 310,022,390
써니전자 004770 당기법인세부채 0 0
써니전자 004770 유동리스부채 0 0
써니전자 004770 비유동부채 335,268,575 413,708,101
써니전자 004770 사채 0 0
써니전자 004770 장기차입금 0 0
써니전자 004770 기타비유동금융부채 0 0
써니전자 004770 이연법인세부채 0 0
써니전자 004770 비유동리스부채 0 0
써니전자 004770 부채총계 1,810,648,451 1,885,482,132
써니전자 004770 자본금 15,938,240,000 15,938,240,000
써니전자 004770 자본잉여금 29,982,164,096 29,982,164,096
써니전자 004770 자본조정 0 0
써니전자 004770 기타포괄손익누계액 1,344,046,265 29,982,164,096
써니전자 004770 이익잉여금(결손금) -4,097,753,577 -5,889,151,419
써니전자 004770 자본총계 41,822,648,031 41,375,296,454
써니전자 004770 자본과부채총계 43,633,296,482 43,260,778,586
date : 2018-06-30
써니전자 004770 유동자산 20,976,325,919 15,955,253,830
써니전자 004770 현금및현금성자산 15,799,112,034 10,662,532,606
써니전자 004770 매출채권 및 기타유동채권
써니전자 004770 재고자산 2,482,744,868 2,915,598,619
써니전자 004770 기타유동금융자산 0 0
써니전자 004770 기타유동자산 260,791,298 327,270,008
써니전자 004770 매각예정비유동자산 0 0
써니전자 004770 비유동자산 31,816,317,981 27,305,524,756
써니전자 004770 장기금융상품 0 0
써니전자 004770 기타포괄손익-공정가치 0 0
써니전자 004770 당기손익인식공정가치측정금융자산 0 0
써니전자 004770 종속회사투자 0 0
써니전자 004770 관계회사투자 0 0
써니전자 004770 렌탈자산 0 0
써니전자 004770 유형자산 5,330,662,610 5,504,339,491
써니전자 004770 무형자산 25,206,683 30,729,387
써니전자 004770 기타비유동금융자산 2,000,000 30,729,387
써니전자 004770 기타비유동자산 697,948,270 774,781,270
써니전자 004770 사용권자산 0 0
써니전자 004770 이연법인세자산 1,774,663,552 2,010,558,901
써니전자 004770 자산총계 52,792,643,900 43,260,778,586
써니전자 004770 유동부채 3,493,258,134 1,471,774,031
써니전자 004770 단기매입채무 0 0
써니전자 004770 단기차입금 0 0
써니전자 004770 유동성장기차입금 0 0
써니전자 004770 유동성사채 0 0
써니전자 004770 기타유동금융부채 0 0
써니전자 004770 기타유동부채 345,852,810 310,022,390
써니전자 004770 당기법인세부채 0 0
써니전자 004770 유동리스부채 0 0
써니전자 004770 비유동부채 7,570,991,735 413,708,101
써니전자 004770 사채 0 0
써니전자 004770 장기차입금 0 0
써니전자 004770 기타비유동금융부채 0 0
써니전자 004770 이연법인세부채 0 0
써니전자 004770 비유동리스부채 0 0
써니전자 004770 부채총계 11,064,249,869 1,885,482,132
써니전자 004770 자본금 15,938,240,000 15,938,240,000
써니전자 004770 자본잉여금 29,982,164,096 29,982,164,096
써니전자 004770 자본조정 0 0
써니전자 004770 기타포괄손익누계액 1,344,046,265 29,982,164,096
써니전자 004770 이익잉여금(결손금) -4,192,007,577 -5,889,151,419
써니전자 004770 자본총계 41,728,394,031 41,375,296,454
써니전자 004770 자본과부채총계 52,792,643,900 43,260,778,586
date : 2018-09-30
써니전자 004770 유동자산 11,935,211,595 15,955,253,830
써니전자 004770 현금및현금성자산 6,363,588,822 10,662,532,606
써니전자 004770 매출채권 및 기타유동채권
써니전자 004770 재고자산 2,815,669,151 2,915,598,619
써니전자 004770 기타유동금융자산 0 0
써니전자 004770 기타유동자산 232,579,724 327,270,008
써니전자 004770 매각예정비유동자산 0 0
써니전자 004770 비유동자산 41,784,525,023 27,305,524,756
써니전자 004770 장기금융상품 0 0
써니전자 004770 기타포괄손익-공정가치 0 0
써니전자 004770 당기손익인식공정가치측정금융자산 0 0
써니전자 004770 종속회사투자 0 0
써니전자 004770 관계회사투자 0 0
써니전자 004770 렌탈자산 0 0
써니전자 004770 유형자산 5,252,045,751 5,504,339,491
써니전자 004770 무형자산 27,356,915 30,729,387
써니전자 004770 기타비유동금융자산 2,000,000 30,729,387
써니전자 004770 기타비유동자산 698,205,270 774,781,270
써니전자 004770 사용권자산 0 0
써니전자 004770 이연법인세자산 1,676,619,553 2,010,558,901
써니전자 004770 자산총계 53,719,736,618 43,260,778,586
써니전자 004770 유동부채 3,910,557,528 1,471,774,031
써니전자 004770 단기매입채무 0 0
써니전자 004770 단기차입금 0 0
써니전자 004770 유동성장기차입금 0 0
써니전자 004770 유동성사채 0 0
써니전자 004770 기타유동금융부채 0 0
써니전자 004770 기타유동부채 282,918,617 310,022,390
써니전자 004770 당기법인세부채 0 0
써니전자 004770 유동리스부채 0 0
써니전자 004770 비유동부채 7,815,861,249 413,708,101
써니전자 004770 사채 0 0
써니전자 004770 장기차입금 0 0
써니전자 004770 기타비유동금융부채 0 0
써니전자 004770 이연법인세부채 0 0
써니전자 004770 비유동리스부채 0 0
써니전자 004770 부채총계 11,726,418,777 1,885,482,132
써니전자 004770 자본금 15,938,240,000 15,938,240,000
써니전자 004770 자본잉여금 29,982,164,096 29,982,164,096
써니전자 004770 자본조정 0 0
써니전자 004770 기타포괄손익누계액 1,344,046,265 29,982,164,096
써니전자 004770 이익잉여금(결손금) -3,927,083,767 -5,889,151,419
써니전자 004770 자본총계 41,993,317,841 41,375,296,454
써니전자 004770 자본과부채총계 53,719,736,618 43,260,778,586
date : 2018-12-31
써니전자 004770 유동자산 22,985,199,930 15,955,253,830
써니전자 004770 현금및현금성자산 18,439,376,978 10,662,532,606
써니전자 004770 매출채권 및 기타유동채권
써니전자 004770 재고자산 2,597,446,456 2,915,598,619
써니전자 004770 기타유동금융자산 0 0
써니전자 004770 기타유동자산 258,702,305 327,270,008
써니전자 004770 매각예정비유동자산 0 0
써니전자 004770 비유동자산 31,219,484,623 27,305,524,756
써니전자 004770 장기금융상품 0 0
써니전자 004770 기타포괄손익-공정가치 0 0
써니전자 004770 당기손익인식공정가치측정금융자산 0 0
써니전자 004770 종속회사투자 0 0
써니전자 004770 관계회사투자 0 0
써니전자 004770 렌탈자산 0 0
써니전자 004770 유형자산 5,200,573,814 5,504,339,491
써니전자 004770 무형자산 26,505,228 30,729,387
써니전자 004770 기타비유동금융자산 2,000,000 2,000,000
써니전자 004770 기타비유동자산 715,060,370 774,781,270
써니전자 004770 사용권자산 0 0
써니전자 004770 이연법인세자산 2,350,317,809 2,010,558,901
써니전자 004770 자산총계 54,204,684,553 43,260,778,586
써니전자 004770 유동부채 4,207,201,972 1,613,146,711
써니전자 004770 단기매입채무 0 0
써니전자 004770 단기차입금 2,000,000,000 1,613,146,711
써니전자 004770 유동성장기차입금 0 0
써니전자 004770 유동성사채 0 0
써니전자 004770 기타유동금융부채 0 0
써니전자 004770 기타유동부채 195,246,231 310,022,390
써니전자 004770 당기법인세부채 0 0
써니전자 004770 유동리스부채 0 0
써니전자 004770 비유동부채 7,878,986,215 272,335,421
써니전자 004770 사채 0 0
써니전자 004770 장기차입금 0 0
써니전자 004770 기타비유동금융부채 0 0
써니전자 004770 이연법인세부채 0 0
써니전자 004770 비유동리스부채 0 0
써니전자 004770 부채총계 12,086,188,187 1,885,482,132
써니전자 004770 자본금 15,938,240,000 15,938,240,000
써니전자 004770 자본잉여금 29,982,164,096 29,982,164,096
써니전자 004770 자본조정 0 0
써니전자 004770 기타포괄손익누계액 1,344,046,265 809,099,835
써니전자 004770 이익잉여금(결손금) -3,801,905,242 -5,889,151,419
써니전자 004770 자본총계 42,118,496,366 41,375,296,454
써니전자 004770 자본과부채총계 54,204,684,553 43,260,778,586
date : 2019-03-31
써니전자 004770 유동자산 27,573,543,067 22,985,199,930
써니전자 004770 현금및현금성자산 22,366,966,810 18,439,376,978
써니전자 004770 매출채권 및 기타유동채권
써니전자 004770 재고자산 2,664,702,832 2,597,446,456
써니전자 004770 기타유동금융자산 0 0
써니전자 004770 기타유동자산 352,038,802 258,702,305
써니전자 004770 매각예정비유동자산 0 0
써니전자 004770 비유동자산 28,648,621,192 31,219,484,623
써니전자 004770 장기금융상품 0 0
써니전자 004770 기타포괄손익-공정가치 0 0
써니전자 004770 당기손익인식공정가치측정금융자산 0 0
써니전자 004770 종속회사투자 0 0
써니전자 004770 관계회사투자 0 0
써니전자 004770 렌탈자산 0 0
써니전자 004770 유형자산 5,143,712,696 5,200,573,814
써니전자 004770 무형자산 23,762,282 26,505,228
써니전자 004770 기타비유동금융자산 0 0
써니전자 004770 기타비유동자산 715,060,370 715,060,370
써니전자 004770 사용권자산 0 0
써니전자 004770 이연법인세자산 2,350,317,809 2,350,317,809
써니전자 004770 자산총계 56,222,164,259 54,204,684,553
써니전자 004770 유동부채 4,733,744,463 4,207,201,972
써니전자 004770 단기매입채무 0 0
써니전자 004770 단기차입금 0 0
써니전자 004770 유동성장기차입금 0 0
써니전자 004770 유동성사채 0 0
써니전자 004770 기타유동금융부채 0 0
써니전자 004770 기타유동부채 271,430,602 195,246,231
써니전자 004770 당기법인세부채 0 0
써니전자 004770 유동리스부채 0 0
써니전자 004770 비유동부채 8,123,280,592 7,878,986,215
써니전자 004770 사채 0 0
써니전자 004770 장기차입금 0 0
써니전자 004770 기타비유동금융부채 0 0
써니전자 004770 이연법인세부채 0 0
써니전자 004770 비유동리스부채 37,991,847 7,878,986,215
써니전자 004770 부채총계 12,857,025,055 12,086,188,187
써니전자 004770 자본금 15,938,240,000 15,938,240,000
써니전자 004770 자본잉여금 29,982,164,096 29,982,164,096
써니전자 004770 자본조정 0 0
써니전자 004770 기타포괄손익누계액 0 29,982,164,096
써니전자 004770 이익잉여금(결손금) -2,555,262,404 -3,801,905,242
써니전자 004770 자본총계 43,365,139,204 42,118,496,366
써니전자 004770 자본과부채총계 56,222,164,259 54,204,684,553
