date : 2019-03-31
덕성 004830 유동자산 56,290,176,641 54,546,391,385
덕성 004830 현금및현금성자산 4,005,424,997 3,202,924,810
덕성 004830 매출채권 및 기타채권
덕성 004830 재고자산 13,306,346,802 13,495,377,871
덕성 004830 기타유동자산 612,653,497 727,440,940
덕성 004830 비유동자산 43,419,216,200 43,774,774,322
덕성 004830 장기금융상품 314,029,428 308,929,428
덕성 004830 기타비유동금융자산 897,709,372 962,386,078
덕성 004830 유형자산 28,306,428,448 28,352,843,364
덕성 004830 무형자산 567,403,386 605,774,898
덕성 004830 이연법인세자산 2,808,429,725 2,768,045,794
덕성 004830 자산총계 99,709,392,841 98,321,165,707
덕성 004830 유동부채 27,505,804,931 25,781,518,926
덕성 004830 단기차입금 15,935,218,952 15,286,995,715
덕성 004830 유동성장기차입금 2,246,663,332 2,235,373,332
덕성 004830 유동리스부채 701,812,621 0
덕성 004830 당기법인세부채 55,963,459 0
덕성 004830 기타유동부채 803,990,352 648,866,133
덕성 004830 비유동부채 9,582,684,052 9,702,738,111
덕성 004830 장기차입금 7,770,811,665 8,024,772,498
덕성 004830 기타비유동금융부채 155,000,000 155,000,000
덕성 004830 부채총계 37,088,488,983 35,484,257,037
덕성 004830 자본금 8,536,000,000 8,536,000,000
덕성 004830 이익잉여금(결손금) 46,128,114,175 46,405,072,021
덕성 004830 자본총계 62,620,903,858 62,836,908,670
덕성 004830 자본과부채총계 99,709,392,841 98,321,165,707
