date : 2019-03-31
조광페인트 004910 유동자산 99,318,004,091 98,031,008,341
조광페인트 004910 현금및현금성자산 2,730,163,808 3,111,796,690
조광페인트 004910 매출채권 49,298,473,230 49,276,112,865
조광페인트 004910 재고자산 44,704,971,405 42,758,808,602
조광페인트 004910 기타유동자산 1,834,909,160 1,926,499,769
조광페인트 004910 비유동자산 205,164,136,577 202,478,163,914
조광페인트 004910 유형자산 153,088,687,529 151,873,449,212
조광페인트 004910 무형자산 2,318,660,187 2,255,965,221
조광페인트 004910 기타비유동자산 772,902,777 442,326,403
조광페인트 004910 자산총계 304,482,140,668 300,509,172,255
조광페인트 004910 유동부채 105,656,482,940 93,130,918,813
조광페인트 004910 기타유동부채 3,744,959,396 4,422,441,943
조광페인트 004910 단기차입금 54,588,297,174 46,391,924,882
조광페인트 004910 비유동부채 29,184,949,943 35,446,698,045
조광페인트 004910 장기차입금 21,725,000,000 27,850,000,000
조광페인트 004910 이연법인세부채 6,636,906,736 7,231,844,910
조광페인트 004910 부채총계 134,841,432,883 128,577,616,858
조광페인트 004910 자본금 6,400,000,000 6,400,000,000
조광페인트 004910 자본잉여금 3,080,145,196 3,080,145,196
조광페인트 004910 기타포괄손익누계액 747,079,467 716,437,198
조광페인트 004910 자본총계 169,640,707,785 171,931,555,397
조광페인트 004910 자본과부채총계 304,482,140,668 300,509,172,255
