date : 2019-03-31
삼광글라스 005090 유동자산 202,566,354,527 191,453,144,987
삼광글라스 005090 현금및현금성자산 9,291,710,659 9,623,863,447
삼광글라스 005090 매출채권 및 기타유동채권
삼광글라스 005090 기타유동금융자산 2,094,221,480 927,300,000
삼광글라스 005090 재고자산 84,038,771,672 71,138,707,690
삼광글라스 005090 기타유동자산 1,315,023,630 711,435,193
삼광글라스 005090 비유동자산 345,756,431,778 349,815,374,240
삼광글라스 005090 장기금융상품 2,000,000 2,000,000
삼광글라스 005090 유형자산 200,722,685,653 205,453,724,214
삼광글라스 005090 무형자산 78,625,000 103,625,000
삼광글라스 005090 기타비유동금융자산 27,334,886,800 26,868,872,442
삼광글라스 005090 기타포괄손익-공정가치 측정 금융자산
삼광글라스 005090 이연법인세자산 3,484,232,228 2,333,835,137
삼광글라스 005090 자산총계 548,322,786,305 541,268,519,227
삼광글라스 005090 유동부채 349,905,420,213 337,290,950,452
삼광글라스 005090 단기매입채무 32,539,191,576 17,630,799,244
삼광글라스 005090 단기차입금 221,939,198,987 224,714,881,154
삼광글라스 005090 유동성장기차입금 67,090,006,342 69,631,203,491
삼광글라스 005090 기타유동금융부채 1,256,395,723 242,344,970
삼광글라스 005090 기타유동부채 1,780,767,419 1,563,308,166
삼광글라스 005090 비유동부채 11,461,868,862 10,770,083,516
삼광글라스 005090 장기차입금 8,893,430 478,682,420
삼광글라스 005090 기타비유동금융부채 314,343,122 0
삼광글라스 005090 부채총계 361,367,289,075 348,061,033,968
삼광글라스 005090 자본금 24,272,090,000 24,272,090,000
삼광글라스 005090 기타포괄손익누계액 -1,347,371,392 -73,561,644
삼광글라스 005090 자본총계 186,955,497,230 193,207,485,259
삼광글라스 005090 자본과부채총계 548,322,786,305 541,268,519,227
