date : 2019-03-31
동진쎄미켐 005290 유동자산 254,682,095,901 241,521,888,350
동진쎄미켐 005290 현금및현금성자산 48,588,626,290 33,867,944,213
동진쎄미켐 005290 매출채권 및 기타유동채권
동진쎄미켐 005290 재고자산 71,824,250,259 67,236,258,076
동진쎄미켐 005290 기타유동자산 6,123,304,924 8,615,530,309
동진쎄미켐 005290 비유동자산 416,644,922,756 404,311,594,501
동진쎄미켐 005290 유형자산 251,058,275,479 240,165,571,171
동진쎄미켐 005290 무형자산 6,745,358,060 6,632,582,812
동진쎄미켐 005290 이연법인세자산 107,549,480 250,743,048
동진쎄미켐 005290 기타비유동자산 13,415,383 13,415,383
동진쎄미켐 005290 자산총계 671,327,018,657 645,833,482,851
동진쎄미켐 005290 유동부채 291,736,853,001 282,638,713,973
동진쎄미켐 005290 단기차입금 223,866,710,054 217,650,010,621
동진쎄미켐 005290 당기법인세부채 8,057,041,854 6,718,395,525
동진쎄미켐 005290 기타유동부채 12,435,105,109 8,244,817,757
동진쎄미켐 005290 비유동부채 82,291,276,418 75,064,201,791
동진쎄미켐 005290 장기차입금 50,150,000,000 50,950,000,000
동진쎄미켐 005290 부채총계 374,028,129,419 357,702,915,764
동진쎄미켐 005290 자본금 25,707,247,000 25,707,247,000
동진쎄미켐 005290 자본총계 297,298,889,238 288,130,567,087
동진쎄미켐 005290 자본과부채총계 671,327,018,657 645,833,482,851
