date : 2015-12-31
넥센 005720 유동자산 85,025,332,485 84,268,150,744
넥센 005720 현금및현금성자산 22,084,983,292 18,385,276,374
넥센 005720 매출채권 및 기타유동채권
넥센 005720 재고자산 14,963,831,720 16,133,618,440
넥센 005720 기타유동금융자산 37,664,829 34,219,317
넥센 005720 기타유동자산 107,885,326 236,082,164
넥센 005720 매각예정비유동자산 0 0
넥센 005720 비유동자산 484,510,272,207 484,252,564,636
넥센 005720 장기금융상품 5,000,000 5,000,000
넥센 005720 기타포괄손익-공정가치 0 0
넥센 005720 당기손익인식공정가치측정금융자산 0 0
넥센 005720 종속회사투자 0 0
넥센 005720 관계회사투자 0 0
넥센 005720 렌탈자산 0 0
넥센 005720 유형자산 84,366,259,738 85,008,149,824
넥센 005720 무형자산 4,710,155,634 4,655,493,617
넥센 005720 기타비유동금융자산 1,420,743,500 1,267,208,960
넥센 005720 기타비유동자산 0 0
넥센 005720 사용권자산 0 0
넥센 005720 이연법인세자산 0 0
넥센 005720 자산총계 569,535,604,692 568,520,715,380
넥센 005720 유동부채 67,255,218,422 93,301,577,835
넥센 005720 단기매입채무 0 0
넥센 005720 단기차입금 45,575,387,668 69,209,719,149
넥센 005720 유동성장기차입금 641,600,000 672,180,100
넥센 005720 유동성사채 0 0
넥센 005720 기타유동금융부채 11,848,533 80,635,825
넥센 005720 기타유동부채 2,650,982,452 2,124,234,068
넥센 005720 당기법인세부채 2,337,455,651 2,525,797,833
넥센 005720 유동리스부채 0 0
넥센 005720 비유동부채 42,127,906,471 32,990,217,403
넥센 005720 사채 0 0
넥센 005720 장기차입금 11,945,600,000 2,738,668,650
넥센 005720 기타비유동금융부채 159,880,000 469,313,041
넥센 005720 이연법인세부채 27,788,123,348 27,441,405,193
넥센 005720 비유동리스부채 0 0
넥센 005720 부채총계 109,383,124,893 126,291,795,238
넥센 005720 자본금 27,240,385,000 27,240,385,000
넥센 005720 자본잉여금 0 0
넥센 005720 자본조정 0 0
넥센 005720 기타포괄손익누계액 0 0
넥센 005720 이익잉여금(결손금) 299,440,157,325 283,638,744,954
넥센 005720 자본총계 460,152,479,799 442,228,920,142
넥센 005720 자본과부채총계 569,535,604,692 568,520,715,380
date : 2016-03-31
넥센 005720 유동자산 88,485,889,897 85,025,332,485
넥센 005720 현금및현금성자산 18,805,428,073 22,084,983,292
넥센 005720 매출채권 및 기타유동채권
넥센 005720 재고자산 13,439,440,017 14,963,831,720
넥센 005720 기타유동금융자산 38,970,475 37,664,829
넥센 005720 기타유동자산 609,859,229 107,885,326
넥센 005720 매각예정비유동자산 0 0
넥센 005720 비유동자산 491,264,789,651 484,510,272,207
넥센 005720 장기금융상품 5,000,000 5,000,000
넥센 005720 기타포괄손익-공정가치 0 0
넥센 005720 당기손익인식공정가치측정금융자산 0 0
넥센 005720 종속회사투자 0 0
넥센 005720 관계회사투자 0 0
넥센 005720 렌탈자산 0 0
넥센 005720 유형자산 83,640,165,648 84,366,259,738
넥센 005720 무형자산 4,652,507,187 4,710,155,634
넥센 005720 기타비유동금융자산 1,421,163,800 1,420,743,500
넥센 005720 기타비유동자산 0 0
넥센 005720 사용권자산 0 0
넥센 005720 이연법인세자산 0 0
넥센 005720 자산총계 579,750,679,548 569,535,604,692
넥센 005720 유동부채 77,264,819,470 67,255,218,422
넥센 005720 단기매입채무 0 0
넥센 005720 단기차입금 43,467,376,865 45,575,387,668
넥센 005720 유동성장기차입금 10,641,600,000 641,600,000
넥센 005720 유동성사채 0 0
넥센 005720 기타유동금융부채 24,882,194 11,848,533
넥센 005720 기타유동부채 5,014,668,775 2,650,982,452
넥센 005720 당기법인세부채 3,718,741,442 2,337,455,651
넥센 005720 유동리스부채 0 0
넥센 005720 비유동부채 32,833,370,515 42,127,906,471
넥센 005720 사채 0 0
넥센 005720 장기차입금 1,935,200,000 11,945,600,000
넥센 005720 기타비유동금융부채 159,880,000 159,880,000
넥센 005720 이연법인세부채 27,680,842,296 27,788,123,348
넥센 005720 비유동리스부채 0 0
넥센 005720 부채총계 110,098,189,985 109,383,124,893
넥센 005720 자본금 27,240,385,000 27,240,385,000
넥센 005720 자본잉여금 0 0
넥센 005720 자본조정 0 0
넥센 005720 기타포괄손익누계액 0 0
넥센 005720 이익잉여금(결손금) 309,047,827,584 299,440,157,325
넥센 005720 자본총계 469,652,489,563 460,152,479,799
넥센 005720 자본과부채총계 579,750,679,548 569,535,604,692
date : 2016-06-30
넥센 005720 유동자산 88,876,778,207 85,025,332,485
넥센 005720 현금및현금성자산 17,698,625,044 22,084,983,292
넥센 005720 매출채권 및 기타유동채권
넥센 005720 재고자산 14,972,219,275 14,963,831,720
넥센 005720 기타유동금융자산 31,235,972 37,664,829
넥센 005720 기타유동자산 575,177,335 107,885,326
넥센 005720 매각예정비유동자산 0 0
넥센 005720 비유동자산 493,340,455,331 484,510,272,207
넥센 005720 장기금융상품 5,000,000 5,000,000
넥센 005720 기타포괄손익-공정가치 0 0
넥센 005720 당기손익인식공정가치측정금융자산 0 0
넥센 005720 종속회사투자 0 0
넥센 005720 관계회사투자 0 0
넥센 005720 렌탈자산 0 0
넥센 005720 유형자산 83,477,405,889 84,366,259,738
넥센 005720 무형자산 4,908,548,050 4,710,155,634
넥센 005720 기타비유동금융자산 1,425,663,800 1,420,743,500
넥센 005720 기타비유동자산 0 0
넥센 005720 사용권자산 0 0
넥센 005720 이연법인세자산 0 0
넥센 005720 자산총계 582,217,233,538 569,535,604,692
넥센 005720 유동부채 75,849,461,331 67,255,218,422
넥센 005720 단기매입채무 0 0
넥센 005720 단기차입금 51,373,279,446 45,575,387,668
넥센 005720 유동성장기차입금 641,600,000 641,600,000
넥센 005720 유동성사채 0 0
넥센 005720 기타유동금융부채 39,682,540 11,848,533
넥센 005720 기타유동부채 2,284,797,950 2,650,982,452
넥센 005720 당기법인세부채 4,107,784,266 2,337,455,651
넥센 005720 유동리스부채 0 0
넥센 005720 비유동부채 30,011,294,387 42,127,906,471
넥센 005720 사채 0 0
넥센 005720 장기차입금 1,924,800,000 11,945,600,000
넥센 005720 기타비유동금융부채 159,880,000 159,880,000
넥센 005720 이연법인세부채 27,926,614,387 27,788,123,348
넥센 005720 비유동리스부채 0 0
넥센 005720 부채총계 105,860,755,718 109,383,124,893
넥센 005720 자본금 27,240,385,000 27,240,385,000
넥센 005720 자본잉여금 0 0
넥센 005720 자본조정 0 0
넥센 005720 기타포괄손익누계액 0 0
넥센 005720 이익잉여금(결손금) 315,197,784,961 299,440,157,325
넥센 005720 자본총계 476,356,477,820 460,152,479,799
넥센 005720 자본과부채총계 582,217,233,538 569,535,604,692
date : 2016-09-30
넥센 005720 유동자산 85,756,947,472 85,025,332,485
넥센 005720 현금및현금성자산 15,075,039,783 22,084,983,292
넥센 005720 매출채권 및 기타유동채권
넥센 005720 재고자산 15,709,204,611 14,963,831,720
넥센 005720 기타유동금융자산 70,651,203 37,664,829
넥센 005720 기타유동자산 1,032,740,341 107,885,326
넥센 005720 매각예정비유동자산 0 0
넥센 005720 비유동자산 493,991,504,548 484,510,272,207
넥센 005720 장기금융상품 5,000,000 5,000,000
넥센 005720 기타포괄손익-공정가치 0 0
넥센 005720 당기손익인식공정가치측정금융자산 0 0
넥센 005720 종속회사투자 0 0
넥센 005720 관계회사투자 0 0
넥센 005720 렌탈자산 0 0
넥센 005720 유형자산 84,806,622,932 84,366,259,738
넥센 005720 무형자산 4,862,357,875 4,710,155,634
넥센 005720 기타비유동금융자산 1,238,583,000 1,420,743,500
넥센 005720 기타비유동자산 0 0
넥센 005720 사용권자산 0 0
넥센 005720 이연법인세자산 0 0
넥센 005720 자산총계 579,748,452,020 569,535,604,692
넥센 005720 유동부채 69,427,849,128 67,255,218,422
넥센 005720 단기매입채무 0 0
넥센 005720 단기차입금 48,851,296,492 45,575,387,668
넥센 005720 유동성장기차입금 641,600,000 641,600,000
넥센 005720 유동성사채 0 0
넥센 005720 기타유동금융부채 23,573,454 11,848,533
넥센 005720 기타유동부채 2,185,853,066 2,650,982,452
넥센 005720 당기법인세부채 2,756,922,500 2,337,455,651
넥센 005720 유동리스부채 0 0
넥센 005720 비유동부채 30,313,608,305 42,127,906,471
넥센 005720 사채 0 0
넥센 005720 장기차입금 1,914,400,000 11,945,600,000
넥센 005720 기타비유동금융부채 162,560,000 159,880,000
넥센 005720 이연법인세부채 28,046,188,742 27,788,123,348
넥센 005720 비유동리스부채 0 0
넥센 005720 부채총계 99,741,457,433 109,383,124,893
넥센 005720 자본금 27,240,385,000 27,240,385,000
넥센 005720 자본잉여금 0 0
넥센 005720 자본조정 0 0
넥센 005720 기타포괄손익누계액 0 0
넥센 005720 이익잉여금(결손금) 318,520,340,232 299,440,157,325
넥센 005720 자본총계 480,006,994,587 460,152,479,799
넥센 005720 자본과부채총계 579,748,452,020 569,535,604,692
date : 2016-12-31
넥센 005720 유동자산 86,322,101,521 85,025,332,485
넥센 005720 현금및현금성자산 13,603,700,522 22,084,983,292
넥센 005720 매출채권 및 기타유동채권
넥센 005720 재고자산 15,642,526,002 14,963,831,720
넥센 005720 기타유동금융자산 70,528,322 37,664,829
넥센 005720 기타유동자산 332,078,720 107,885,326
넥센 005720 매각예정비유동자산 0 0
넥센 005720 비유동자산 494,930,976,836 484,510,272,207
넥센 005720 장기금융상품 5,000,000 5,000,000
넥센 005720 기타포괄손익-공정가치 0 0
넥센 005720 당기손익인식공정가치측정금융자산 0 0
넥센 005720 종속회사투자 0 0
넥센 005720 관계회사투자 0 0
넥센 005720 렌탈자산 0 0
넥센 005720 유형자산 84,889,230,169 84,366,259,738
넥센 005720 무형자산 4,768,700,291 4,710,155,634
넥센 005720 기타비유동금융자산 1,239,183,000 1,420,743,500
넥센 005720 기타비유동자산 0 0
넥센 005720 사용권자산 0 0
넥센 005720 이연법인세자산 0 0
넥센 005720 자산총계 581,253,078,357 569,535,604,692
넥센 005720 유동부채 67,734,207,158 67,255,218,422
넥센 005720 단기매입채무 0 0
넥센 005720 단기차입금 43,443,825,544 45,575,387,668
넥센 005720 유동성장기차입금 641,600,000 641,600,000
넥센 005720 유동성사채 0 0
넥센 005720 기타유동금융부채 10,797,246 11,848,533
넥센 005720 기타유동부채 2,796,038,411 2,650,982,452
넥센 005720 당기법인세부채 2,634,828,601 2,337,455,651
넥센 005720 유동리스부채 0 0
넥센 005720 비유동부채 31,079,916,858 42,127,906,471
넥센 005720 사채 0 0
넥센 005720 장기차입금 1,304,000,000 11,945,600,000
넥센 005720 기타비유동금융부채 159,880,000 159,880,000
넥센 005720 이연법인세부채 27,844,258,449 27,788,123,348
넥센 005720 비유동리스부채 0 0
넥센 005720 부채총계 98,814,124,016 109,383,124,893
넥센 005720 자본금 27,240,385,000 27,240,385,000
넥센 005720 자본잉여금 0 0
넥센 005720 자본조정 0 0
넥센 005720 기타포괄손익누계액 0 0
넥센 005720 이익잉여금(결손금) 320,230,081,182 299,440,157,325
넥센 005720 자본총계 482,438,954,341 460,152,479,799
넥센 005720 자본과부채총계 581,253,078,357 569,535,604,692
date : 2017-03-31
넥센 005720 유동자산 90,907,180,801 86,322,101,521
넥센 005720 현금및현금성자산 17,872,387,739 13,603,700,522
넥센 005720 매출채권 및 기타유동채권
넥센 005720 재고자산 15,298,927,105 15,642,526,002
넥센 005720 기타유동금융자산 70,393,089 70,528,322
넥센 005720 기타유동자산 1,323,309,408 332,078,720
넥센 005720 매각예정비유동자산 0 0
넥센 005720 비유동자산 494,237,218,548 494,930,976,836
넥센 005720 장기금융상품 5,000,000 5,000,000
넥센 005720 기타포괄손익-공정가치 0 0
넥센 005720 당기손익인식공정가치측정금융자산 0 0
넥센 005720 종속회사투자 0 0
넥센 005720 관계회사투자 0 0
넥센 005720 렌탈자산 0 0
넥센 005720 유형자산 83,951,453,030 84,889,230,169
넥센 005720 무형자산 4,707,260,930 4,768,700,291
넥센 005720 기타비유동금융자산 1,092,198,000 1,239,183,000
넥센 005720 기타비유동자산 0 0
넥센 005720 사용권자산 0 0
넥센 005720 이연법인세자산 0 0
넥센 005720 자산총계 585,144,399,349 581,253,078,357
넥센 005720 유동부채 61,878,095,693 67,734,207,158
넥센 005720 단기매입채무 0 0
넥센 005720 단기차입금 37,067,795,421 43,443,825,544
넥센 005720 유동성장기차입금 641,600,000 641,600,000
넥센 005720 유동성사채 0 0
넥센 005720 기타유동금융부채 24,075,438 10,797,246
넥센 005720 기타유동부채 5,710,794,278 2,796,038,411
넥센 005720 당기법인세부채 3,489,799,636 2,634,828,601
넥센 005720 유동리스부채 0 0
넥센 005720 비유동부채 32,036,780,387 31,079,916,858
넥센 005720 사채 0 0
넥센 005720 장기차입금 1,293,600,000 1,304,000,000
넥센 005720 기타비유동금융부채 151,840,000 159,880,000
넥센 005720 이연법인세부채 27,948,202,708 27,844,258,449
넥센 005720 비유동리스부채 0 0
넥센 005720 부채총계 93,914,876,080 98,814,124,016
넥센 005720 자본금 27,240,385,000 27,240,385,000
넥센 005720 자본잉여금 0 0
넥센 005720 자본조정 0 0
넥센 005720 기타포괄손익누계액 0 0
넥센 005720 이익잉여금(결손금) 328,557,810,567 320,230,081,182
넥센 005720 자본총계 491,229,523,269 482,438,954,341
넥센 005720 자본과부채총계 585,144,399,349 581,253,078,357
date : 2017-06-30
넥센 005720 유동자산 101,093,217,151 86,322,101,521
넥센 005720 현금및현금성자산 23,519,801,453 13,603,700,522
넥센 005720 매출채권 및 기타유동채권
넥센 005720 재고자산 14,063,973,127 15,642,526,002
넥센 005720 기타유동금융자산 70,393,089 70,528,322
넥센 005720 기타유동자산 1,759,395,645 332,078,720
넥센 005720 매각예정비유동자산 10,332,624,776 332,078,720
넥센 005720 비유동자산 486,076,173,695 494,930,976,836
넥센 005720 장기금융상품 5,000,000 494,930,976,836
넥센 005720 기타포괄손익-공정가치 0 0
넥센 005720 당기손익인식공정가치측정금융자산 0 0
넥센 005720 종속회사투자 0 0
넥센 005720 관계회사투자 0 0
넥센 005720 렌탈자산 0 0
넥센 005720 유형자산 84,478,070,868 84,889,230,169
넥센 005720 무형자산 4,607,176,652 4,768,700,291
넥센 005720 기타비유동금융자산 1,037,198,000 1,239,183,000
넥센 005720 기타비유동자산 0 0
넥센 005720 사용권자산 0 0
넥센 005720 이연법인세자산 0 0
넥센 005720 자산총계 587,169,390,846 581,253,078,357
넥센 005720 유동부채 59,306,995,486 67,734,207,158
넥센 005720 단기매입채무 0 0
넥센 005720 단기차입금 32,968,557,444 43,443,825,544
넥센 005720 유동성장기차입금 641,600,000 641,600,000
넥센 005720 유동성사채 0 0
넥센 005720 기타유동금융부채 38,827,357 10,797,246
넥센 005720 기타유동부채 8,572,130,832 2,796,038,411
넥센 005720 당기법인세부채 2,310,897,573 2,634,828,601
넥센 005720 유동리스부채 0 0
넥센 005720 비유동부채 33,058,686,016 31,079,916,858
넥센 005720 사채 0 0
넥센 005720 장기차입금 1,283,200,000 1,304,000,000
넥센 005720 기타비유동금융부채 146,480,000 159,880,000
넥센 005720 이연법인세부채 28,664,102,746 27,844,258,449
넥센 005720 비유동리스부채 0 0
넥센 005720 부채총계 92,365,681,502 98,814,124,016
넥센 005720 자본금 27,240,385,000 27,240,385,000
넥센 005720 자본잉여금 0 0
넥센 005720 자본조정 0 0
넥센 005720 기타포괄손익누계액 0 0
넥센 005720 이익잉여금(결손금) 330,672,843,617 320,230,081,182
넥센 005720 자본총계 494,803,709,344 482,438,954,341
넥센 005720 자본과부채총계 587,169,390,846 581,253,078,357
date : 2017-09-30
넥센 005720 유동자산 111,462,976,219 86,322,101,521
넥센 005720 현금및현금성자산 13,033,321,705 13,603,700,522
넥센 005720 매출채권 및 기타유동채권
넥센 005720 재고자산 15,240,795,417 15,642,526,002
넥센 005720 기타유동금융자산 30,000,000 70,528,322
넥센 005720 기타유동자산 1,568,126,153 332,078,720
넥센 005720 매각예정비유동자산 0 0
넥센 005720 비유동자산 486,451,967,758 494,930,976,836
넥센 005720 장기금융상품 5,000,000 494,930,976,836
넥센 005720 기타포괄손익-공정가치 0 0
넥센 005720 당기손익인식공정가치측정금융자산 0 0
넥센 005720 종속회사투자 0 0
넥센 005720 관계회사투자 0 0
넥센 005720 렌탈자산 0 0
넥센 005720 유형자산 85,447,949,878 84,889,230,169
넥센 005720 무형자산 4,583,497,952 4,768,700,291
넥센 005720 기타비유동금융자산 1,015,998,000 1,239,183,000
넥센 005720 기타비유동자산 0 0
넥센 005720 사용권자산 0 0
넥센 005720 이연법인세자산 0 0
넥센 005720 자산총계 597,914,943,977 581,253,078,357
넥센 005720 유동부채 52,827,988,085 67,734,207,158
넥센 005720 단기매입채무 0 0
넥센 005720 단기차입금 24,734,043,954 43,443,825,544
넥센 005720 유동성장기차입금 641,600,000 641,600,000
넥센 005720 유동성사채 0 0
넥센 005720 기타유동금융부채 24,657,192 10,797,246
넥센 005720 기타유동부채 2,144,324,086 2,796,038,411
넥센 005720 당기법인세부채 7,768,972,311 2,634,828,601
넥센 005720 유동리스부채 0 0
넥센 005720 비유동부채 32,919,785,623 31,079,916,858
넥센 005720 사채 0 0
넥센 005720 장기차입금 1,272,800,000 1,304,000,000
넥센 005720 기타비유동금융부채 151,840,000 159,880,000
넥센 005720 이연법인세부채 27,686,992,046 27,844,258,449
넥센 005720 비유동리스부채 0 0
넥센 005720 부채총계 85,747,773,708 98,814,124,016
넥센 005720 자본금 27,240,385,000 27,240,385,000
넥센 005720 자본잉여금 129,674,416,571 129,674,416,571
넥센 005720 자본조정 0 0
넥센 005720 기타포괄손익누계액 0 0
넥센 005720 이익잉여금(결손금) 348,583,071,232 320,230,081,182
넥센 005720 자본총계 512,167,170,269 482,438,954,341
넥센 005720 자본과부채총계 597,914,943,977 581,253,078,357
date : 2017-12-31
넥센 005720 유동자산 128,009,676,598 86,322,101,521
넥센 005720 현금및현금성자산 16,542,321,784 13,603,700,522
넥센 005720 매출채권 및 기타유동채권
넥센 005720 재고자산 16,120,626,096 15,642,526,002
넥센 005720 기타유동금융자산 110,345 70,528,322
넥센 005720 기타유동자산 593,776,090 332,078,720
넥센 005720 매각예정비유동자산 0 0
넥센 005720 비유동자산 525,943,930,977 494,930,976,836
넥센 005720 장기금융상품 5,000,000 5,000,000
넥센 005720 기타포괄손익-공정가치 0 0
넥센 005720 당기손익인식공정가치측정금융자산 0 0
넥센 005720 종속회사투자 0 0
넥센 005720 관계회사투자 0 0
넥센 005720 렌탈자산 0 0
넥센 005720 유형자산 122,649,446,240 84,889,230,169
넥센 005720 무형자산 4,834,621,684 4,768,700,291
넥센 005720 기타비유동금융자산 1,999,688,000 1,239,183,000
넥센 005720 기타비유동자산 0 0
넥센 005720 사용권자산 0 0
넥센 005720 이연법인세자산 0 0
넥센 005720 자산총계 653,953,607,575 581,253,078,357
넥센 005720 유동부채 78,515,485,439 67,734,207,158
넥센 005720 단기매입채무 0 0
넥센 005720 단기차입금 35,318,842,662 43,443,825,544
넥센 005720 유동성장기차입금 641,600,000 641,600,000
넥센 005720 유동성사채 0 0
넥센 005720 기타유동금융부채 9,572,338 10,797,246
넥센 005720 기타유동부채 2,718,585,050 2,796,038,411
넥센 005720 당기법인세부채 6,445,572,710 2,634,828,601
넥센 005720 유동리스부채 0 0
넥센 005720 비유동부채 37,794,432,033 31,079,916,858
넥센 005720 사채 0 0
넥센 005720 장기차입금 7,762,400,000 1,304,000,000
넥센 005720 기타비유동금융부채 902,840,000 159,880,000
넥센 005720 이연법인세부채 29,129,192,033 27,844,258,449
넥센 005720 비유동리스부채 0 0
넥센 005720 부채총계 116,309,917,472 98,814,124,016
넥센 005720 자본금 28,572,288,500 27,240,385,000
넥센 005720 자본잉여금 150,312,504,361 129,674,416,571
넥센 005720 자본조정 0 0
넥센 005720 기타포괄손익누계액 0 0
넥센 005720 이익잉여금(결손금) 352,168,460,879 320,230,081,182
넥센 005720 자본총계 537,643,690,103 482,438,954,341
넥센 005720 자본과부채총계 653,953,607,575 581,253,078,357
date : 2018-03-31
넥센 005720 유동자산 130,996,031,785 128,009,676,598
넥센 005720 현금및현금성자산 20,316,760,527 16,542,321,784
넥센 005720 매출채권 및 기타유동채권
넥센 005720 재고자산 16,949,601,321 16,120,626,096
넥센 005720 기타유동금융자산 566,345 110,345
넥센 005720 기타유동자산 4,828,662,466 593,776,090
넥센 005720 매각예정비유동자산 0 0
넥센 005720 비유동자산 535,779,915,937 525,943,930,977
넥센 005720 장기금융상품 0 525,943,930,977
넥센 005720 기타포괄손익-공정가치 0 0
넥센 005720 당기손익인식공정가치측정금융자산 0 0
넥센 005720 종속회사투자 0 0
넥센 005720 관계회사투자 0 0
넥센 005720 렌탈자산 0 0
넥센 005720 유형자산 125,130,960,378 122,649,446,240
넥센 005720 무형자산 4,563,555,321 4,834,621,684
넥센 005720 기타비유동금융자산 1,999,688,000 1,999,688,000
넥센 005720 기타비유동자산 0 0
넥센 005720 사용권자산 0 0
넥센 005720 이연법인세자산 0 0
넥센 005720 자산총계 666,775,947,722 653,953,607,575
넥센 005720 유동부채 82,914,719,198 78,515,485,439
넥센 005720 단기매입채무 0 0
넥센 005720 단기차입금 35,521,760,372 35,318,842,662
넥센 005720 유동성장기차입금 641,600,000 641,600,000
넥센 005720 유동성사채 0 0
넥센 005720 기타유동금융부채 23,005,513 9,572,338
넥센 005720 기타유동부채 6,331,549,583 2,718,585,050
넥센 005720 당기법인세부채 6,460,742,181 6,445,572,710
넥센 005720 유동리스부채 0 0
넥센 005720 비유동부채 40,498,358,417 37,794,432,033
넥센 005720 사채 0 0
넥센 005720 장기차입금 7,752,000,000 7,762,400,000
넥센 005720 기타비유동금융부채 905,520,000 902,840,000
넥센 005720 이연법인세부채 30,775,637,618 29,129,192,033
넥센 005720 비유동리스부채 0 0
넥센 005720 부채총계 123,413,077,615 116,309,917,472
넥센 005720 자본금 28,572,288,500 28,572,288,500
넥센 005720 자본잉여금 150,312,504,361 150,312,504,361
넥센 005720 자본조정 0 0
넥센 005720 기타포괄손익누계액 0 0
넥센 005720 이익잉여금(결손금) 359,582,379,591 352,168,460,879
넥센 005720 자본총계 543,362,870,107 537,643,690,103
넥센 005720 자본과부채총계 666,775,947,722 653,953,607,575
date : 2018-06-30
넥센 005720 유동자산 107,418,360,128 128,009,676,598
넥센 005720 현금및현금성자산 11,104,501,636 16,542,321,784
넥센 005720 매출채권 및 기타유동채권
넥센 005720 재고자산 14,816,666,323 16,120,626,096
넥센 005720 기타유동금융자산 110,345 16,120,626,096
넥센 005720 기타유동자산 4,760,419,651 593,776,090
넥센 005720 매각예정비유동자산 0 0
넥센 005720 비유동자산 542,640,722,352 525,943,930,977
넥센 005720 장기금융상품 0 525,943,930,977
넥센 005720 기타포괄손익-공정가치 측정 금융자산
넥센 005720 당기손익인식공정가치측정금융자산 0 0
넥센 005720 종속회사투자 0 0
넥센 005720 관계회사투자 0 0
넥센 005720 렌탈자산 0 0
넥센 005720 유형자산 125,800,109,472 122,649,446,240
넥센 005720 무형자산 4,434,824,479 4,834,621,684
넥센 005720 기타비유동금융자산 2,001,046,530 1,999,688,000
넥센 005720 기타비유동자산 0 0
넥센 005720 사용권자산 0 0
넥센 005720 이연법인세자산 0 0
넥센 005720 자산총계 650,059,082,480 653,953,607,575
넥센 005720 유동부채 68,846,413,042 78,515,485,439
넥센 005720 단기매입채무 0 0
넥센 005720 단기차입금 27,421,142,441 35,318,842,662
넥센 005720 유동성장기차입금 1,655,896,000 641,600,000
넥센 005720 유동성사채 0 0
넥센 005720 기타유동금융부채 38,217,486 9,572,338
넥센 005720 기타유동부채 3,566,350,390 2,718,585,050
넥센 005720 당기법인세부채 2,316,293,319 6,445,572,710
넥센 005720 유동리스부채 0 0
넥센 005720 비유동부채 38,606,792,778 37,794,432,033
넥센 005720 사채 0 0
넥센 005720 장기차입금 6,727,304,000 7,762,400,000
넥센 005720 기타비유동금융부채 889,440,000 902,840,000
넥센 005720 이연법인세부채 28,633,041,525 29,129,192,033
넥센 005720 비유동리스부채 0 0
넥센 005720 부채총계 107,453,205,820 116,309,917,472
넥센 005720 자본금 28,572,288,500 28,572,288,500
넥센 005720 자본잉여금 150,312,504,361 150,312,504,361
넥센 005720 자본조정 0 0
넥센 005720 기타포괄손익누계액 0 0
넥센 005720 이익잉여금(결손금) 363,941,719,165 352,168,460,879
넥센 005720 자본총계 542,605,876,660 537,643,690,103
넥센 005720 자본과부채총계 650,059,082,480 653,953,607,575
date : 2018-09-30
넥센 005720 유동자산 112,032,747,874 128,009,676,598
넥센 005720 현금및현금성자산 18,184,733,366 16,542,321,784
넥센 005720 매출채권 및 기타유동채권
넥센 005720 재고자산 16,294,004,765 16,120,626,096
넥센 005720 기타유동금융자산 110,345 16,120,626,096
넥센 005720 기타유동자산 5,023,587,428 593,776,090
넥센 005720 매각예정비유동자산 0 0
넥센 005720 비유동자산 550,837,678,868 525,943,930,977
넥센 005720 장기금융상품 0 0
넥센 005720 기타포괄손익-공정가치 측정 금융자산
넥센 005720 당기손익인식공정가치측정금융자산 0 0
넥센 005720 종속회사투자 0 0
넥센 005720 관계회사투자 0 0
넥센 005720 렌탈자산 0 0
넥센 005720 유형자산 127,847,480,152 122,649,446,240
넥센 005720 무형자산 4,306,827,794 4,834,621,684
넥센 005720 기타비유동금융자산 2,171,046,530 1,999,688,000
넥센 005720 기타비유동자산 0 0
넥센 005720 사용권자산 0 0
넥센 005720 이연법인세자산 0 0
넥센 005720 자산총계 662,870,426,742 653,953,607,575
넥센 005720 유동부채 78,908,260,824 78,515,485,439
넥센 005720 단기매입채무 0 0
넥센 005720 단기차입금 36,342,869,419 35,318,842,662
넥센 005720 유동성장기차입금 2,163,038,000 641,600,000
넥센 005720 유동성사채 0 0
넥센 005720 기타유동금융부채 23,926,099 9,572,338
넥센 005720 기타유동부채 2,687,701,321 2,718,585,050
넥센 005720 당기법인세부채 1,925,660,536 6,445,572,710
넥센 005720 유동리스부채 0 0
넥센 005720 비유동부채 27,032,367,407 37,794,432,033
넥센 005720 사채 0 0
넥센 005720 장기차입금 6,209,762,000 7,762,400,000
넥센 005720 기타비유동금융부채 873,360,000 902,840,000
넥센 005720 이연법인세부채 16,285,467,459 29,129,192,033
넥센 005720 비유동리스부채 0 0
넥센 005720 부채총계 105,940,628,231 116,309,917,472
넥센 005720 자본금 28,572,288,500 28,572,288,500
넥센 005720 자본잉여금 150,312,504,361 150,312,504,361
넥센 005720 자본조정 0 0
넥센 005720 기타포괄손익누계액 0 0
넥센 005720 이익잉여금(결손금) 377,808,442,765 352,168,460,879
넥센 005720 자본총계 556,929,798,511 537,643,690,103
넥센 005720 자본과부채총계 662,870,426,742 653,953,607,575
date : 2018-12-31
넥센 005720 유동자산 106,795,479,506 128,009,676,598
넥센 005720 현금및현금성자산 14,438,936,605 16,542,321,784
넥센 005720 매출채권 및 기타유동채권
넥센 005720 재고자산 18,686,910,485 16,120,626,096
넥센 005720 기타유동금융자산 34,935,000 110,345
넥센 005720 기타유동자산 3,000,584,455 593,776,090
넥센 005720 매각예정비유동자산 0 0
넥센 005720 비유동자산 553,606,475,654 525,943,930,977
넥센 005720 장기금융상품 5,000,000 525,943,930,977
넥센 005720 기타포괄손익-공정가치 측정 금융자산
넥센 005720 당기손익인식공정가치측정금융자산 0 0
넥센 005720 종속회사투자 0 0
넥센 005720 관계회사투자 0 0
넥센 005720 렌탈자산 0 0
넥센 005720 유형자산 115,907,965,625 122,649,446,240
넥센 005720 무형자산 4,209,626,343 4,834,621,684
넥센 005720 기타비유동금융자산 2,169,688,000 1,999,688,000
넥센 005720 기타비유동자산 0 0
넥센 005720 사용권자산 0 0
넥센 005720 이연법인세자산 0 0
넥센 005720 자산총계 660,401,955,160 653,953,607,575
넥센 005720 유동부채 79,079,482,468 78,515,485,439
넥센 005720 단기매입채무 0 0
넥센 005720 단기차입금 42,921,046,199 35,318,842,662
넥센 005720 유동성장기차입금 2,670,180,000 641,600,000
넥센 005720 유동성사채 0 0
넥센 005720 기타유동금융부채 9,989,575 9,572,338
넥센 005720 기타유동부채 2,675,102,048 2,718,585,050
넥센 005720 당기법인세부채 361,838,844 6,445,572,710
넥센 005720 유동리스부채 0 0
넥센 005720 비유동부채 22,775,778,048 37,794,432,033
넥센 005720 사채 0 0
넥센 005720 장기차입금 5,092,220,000 7,762,400,000
넥센 005720 기타비유동금융부채 868,000,000 902,840,000
넥센 005720 이연법인세부채 16,745,896,878 29,129,192,033
넥센 005720 비유동리스부채 0 0
넥센 005720 부채총계 101,855,260,516 116,309,917,472
넥센 005720 자본금 28,572,288,500 28,572,288,500
넥센 005720 자본잉여금 150,312,504,361 150,312,504,361
넥센 005720 자본조정 0 0
넥센 005720 기타포괄손익누계액 0 0
넥센 005720 이익잉여금(결손금) 378,538,782,990 352,168,460,879
넥센 005720 자본총계 558,546,694,644 537,643,690,103
넥센 005720 자본과부채총계 660,401,955,160 653,953,607,575
date : 2019-03-31
넥센 005720 유동자산 120,623,452,954 106,795,479,506
넥센 005720 현금및현금성자산 25,171,069,936 14,438,936,605
넥센 005720 매출채권 및 기타유동채권
넥센 005720 재고자산 15,742,975,565 18,686,910,485
넥센 005720 기타유동금융자산 85,302,040 34,935,000
넥센 005720 기타유동자산 4,569,016,402 3,000,584,455
넥센 005720 매각예정비유동자산 0 0
넥센 005720 비유동자산 550,259,115,903 553,606,475,654
넥센 005720 장기금융상품 0 0
넥센 005720 기타포괄손익-공정가치 측정 금융자산
넥센 005720 당기손익인식공정가치측정금융자산 0 0
넥센 005720 종속회사투자 0 0
넥센 005720 관계회사투자 0 0
넥센 005720 렌탈자산 0 0
넥센 005720 유형자산 118,197,602,502 115,907,965,625
넥센 005720 무형자산 4,133,697,023 4,209,626,343
넥센 005720 기타비유동금융자산 2,495,388,000 2,169,688,000
넥센 005720 기타비유동자산 0 0
넥센 005720 사용권자산 1,227,411,624 115,907,965,625
넥센 005720 이연법인세자산 0 0
넥센 005720 자산총계 670,882,568,857 660,401,955,160
넥센 005720 유동부채 83,808,301,323 79,079,482,468
넥센 005720 단기매입채무 0 0
넥센 005720 단기차입금 39,255,260,365 42,921,046,199
넥센 005720 유동성장기차입금 2,670,168,000 2,670,180,000
넥센 005720 유동성사채 0 0
넥센 005720 기타유동금융부채 24,657,526 9,989,575
넥센 005720 기타유동부채 6,486,222,406 2,675,102,048
넥센 005720 당기법인세부채 2,257,979,099 361,838,844
넥센 005720 유동리스부채 882,830,772 361,838,844
넥센 005720 비유동부채 23,210,247,178 22,775,778,048
넥센 005720 사채 0 0
넥센 005720 장기차입금 4,574,678,000 5,092,220,000
넥센 005720 기타비유동금융부채 918,000,000 868,000,000
넥센 005720 이연법인세부채 15,953,644,247 16,745,896,878
넥센 005720 비유동리스부채 360,682,794 16,745,896,878
넥센 005720 부채총계 107,018,548,501 101,855,260,516
넥센 005720 자본금 28,572,288,500 28,572,288,500
넥센 005720 자본잉여금 150,312,504,361 150,312,504,361
넥센 005720 자본조정 0 0
넥센 005720 기타포괄손익누계액 0 0
넥센 005720 이익잉여금(결손금) 385,792,381,352 378,538,782,990
넥센 005720 자본총계 563,864,020,356 558,546,694,644
넥센 005720 자본과부채총계 670,882,568,857 660,401,955,160
