date : 2015-12-31
대림비앤코 005750 유동자산 89,387,034,975 72,240,552,565
대림비앤코 005750 현금및현금성자산 325,571,473 580,662,957
대림비앤코 005750 매출채권 52,352,885,064 46,464,407,096
대림비앤코 005750 재고자산 33,065,306,487 20,592,614,068
대림비앤코 005750 기타유동금융자산 0 0
대림비앤코 005750 기타유동자산 962,958,913 1,456,421,148
대림비앤코 005750 매각예정비유동자산 0 0
대림비앤코 005750 비유동자산 174,707,702,118 179,715,497,076
대림비앤코 005750 장기금융상품 0 0
대림비앤코 005750 기타포괄손익-공정가치 0 0
대림비앤코 005750 당기손익인식공정가치측정금융자산 0 0
대림비앤코 005750 종속회사투자 0 0
대림비앤코 005750 관계회사투자 0 0
대림비앤코 005750 렌탈자산 0 0
대림비앤코 005750 유형자산 112,592,057,944 111,844,427,703
대림비앤코 005750 무형자산 1,714,639,998 1,592,099,128
대림비앤코 005750 기타비유동금융자산 0 0
대림비앤코 005750 기타비유동자산 1,028,183 18,815,679
대림비앤코 005750 사용권자산 0 0
대림비앤코 005750 이연법인세자산 0 0
대림비앤코 005750 자산총계 264,094,737,093 251,956,049,641
대림비앤코 005750 유동부채 61,869,783,104 52,847,184,214
대림비앤코 005750 단기매입채무 0 0
대림비앤코 005750 단기차입금 8,558,893,927 10,592,659,840
대림비앤코 005750 유동성장기차입금 22,000,000,000 20,760,000,000
대림비앤코 005750 유동성사채 0 0
대림비앤코 005750 기타유동금융부채 0 0
대림비앤코 005750 기타유동부채 1,698,256,869 1,710,504,955
대림비앤코 005750 당기법인세부채 0 0
대림비앤코 005750 유동리스부채 0 0
대림비앤코 005750 비유동부채 56,244,358,686 58,957,004,851
대림비앤코 005750 사채 0 0
대림비앤코 005750 장기차입금 21,000,000,000 25,130,000,000
대림비앤코 005750 기타비유동금융부채 160,000,000 754,693,228
대림비앤코 005750 이연법인세부채 24,436,561,770 24,963,677,192
대림비앤코 005750 비유동리스부채 0 0
대림비앤코 005750 부채총계 118,114,141,790 111,804,189,065
대림비앤코 005750 자본금 15,501,672,000 15,167,224,000
대림비앤코 005750 자본잉여금 0 0
대림비앤코 005750 자본조정 0 0
대림비앤코 005750 기타포괄손익누계액 0 0
대림비앤코 005750 이익잉여금(결손금) 0 0
대림비앤코 005750 자본총계 264,094,737,093 251,956,049,641
대림비앤코 005750 자본과부채총계 0 0
date : 2016-03-31
대림비앤코 005750 유동자산 94,509,810,989 89,387,034,975
대림비앤코 005750 현금및현금성자산 1,452,753,678 325,571,473
대림비앤코 005750 매출채권 51,103,027,293 52,352,885,064
대림비앤코 005750 재고자산 37,031,405,495 33,065,306,487
대림비앤코 005750 기타유동금융자산 0 0
대림비앤코 005750 기타유동자산 1,301,667,557 962,958,913
대림비앤코 005750 매각예정비유동자산 0 0
대림비앤코 005750 비유동자산 173,549,397,969 174,707,702,118
대림비앤코 005750 장기금융상품 0 0
대림비앤코 005750 기타포괄손익-공정가치 0 0
대림비앤코 005750 당기손익인식공정가치측정금융자산 0 0
대림비앤코 005750 종속회사투자 0 0
대림비앤코 005750 관계회사투자 0 0
대림비앤코 005750 렌탈자산 0 0
대림비앤코 005750 유형자산 112,086,357,765 112,592,057,944
대림비앤코 005750 무형자산 1,737,910,153 1,714,639,998
대림비앤코 005750 기타비유동금융자산 0 0
대림비앤코 005750 기타비유동자산 1,028,183 18,815,679
대림비앤코 005750 사용권자산 0 0
대림비앤코 005750 이연법인세자산 0 0
대림비앤코 005750 자산총계 268,059,208,958 264,094,737,093
대림비앤코 005750 유동부채 72,227,617,441 61,869,783,104
대림비앤코 005750 단기매입채무 0 0
대림비앤코 005750 단기차입금 8,507,594,157 8,558,893,927
대림비앤코 005750 유동성장기차입금 32,000,000,000 22,000,000,000
대림비앤코 005750 유동성사채 0 0
대림비앤코 005750 기타유동금융부채 0 0
대림비앤코 005750 기타유동부채 1,767,487,825 1,698,256,869
대림비앤코 005750 당기법인세부채 0 0
대림비앤코 005750 유동리스부채 0 0
대림비앤코 005750 비유동부채 49,394,222,791 56,244,358,686
대림비앤코 005750 사채 0 0
대림비앤코 005750 장기차입금 13,700,000,000 21,000,000,000
대림비앤코 005750 기타비유동금융부채 145,000,000 160,000,000
대림비앤코 005750 이연법인세부채 24,187,861,639 24,436,561,770
대림비앤코 005750 비유동리스부채 0 0
대림비앤코 005750 부채총계 121,621,840,232 118,114,141,790
대림비앤코 005750 자본금 15,501,672,000 15,501,672,000
대림비앤코 005750 자본잉여금 0 0
대림비앤코 005750 자본조정 0 0
대림비앤코 005750 기타포괄손익누계액 0 0
대림비앤코 005750 이익잉여금(결손금) 0 0
대림비앤코 005750 자본총계 268,059,208,958 264,094,737,093
대림비앤코 005750 자본과부채총계 0 0
date : 2016-06-30
대림비앤코 005750 유동자산 99,986,523,655 89,387,034,975
대림비앤코 005750 현금및현금성자산 2,376,993,020 325,571,473
대림비앤코 005750 매출채권 57,214,970,077 52,352,885,064
대림비앤코 005750 재고자산 35,178,372,429 33,065,306,487
대림비앤코 005750 기타유동금융자산 0 0
대림비앤코 005750 기타유동자산 836,215,776 962,958,913
대림비앤코 005750 매각예정비유동자산 0 0
대림비앤코 005750 비유동자산 174,272,025,441 174,707,702,118
대림비앤코 005750 장기금융상품 0 0
대림비앤코 005750 기타포괄손익-공정가치 0 0
대림비앤코 005750 당기손익인식공정가치측정금융자산 0 0
대림비앤코 005750 종속회사투자 0 0
대림비앤코 005750 관계회사투자 0 0
대림비앤코 005750 렌탈자산 0 0
대림비앤코 005750 유형자산 112,604,675,269 112,592,057,944
대림비앤코 005750 무형자산 1,834,062,637 1,714,639,998
대림비앤코 005750 기타비유동금융자산 0 0
대림비앤코 005750 기타비유동자산 1,823,895 1,028,183
대림비앤코 005750 사용권자산 0 0
대림비앤코 005750 이연법인세자산 0 0
대림비앤코 005750 자산총계 274,258,549,096 264,094,737,093
대림비앤코 005750 유동부채 61,447,664,381 61,869,783,104
대림비앤코 005750 단기매입채무 0 0
대림비앤코 005750 단기차입금 6,300,000,000 8,558,893,927
대림비앤코 005750 유동성장기차입금 21,000,000,000 22,000,000,000
대림비앤코 005750 유동성사채 0 0
대림비앤코 005750 기타유동금융부채 0 0
대림비앤코 005750 기타유동부채 2,864,696,952 1,698,256,869
대림비앤코 005750 당기법인세부채 0 0
대림비앤코 005750 유동리스부채 0 0
대림비앤코 005750 비유동부채 63,745,027,896 56,244,358,686
대림비앤코 005750 사채 0 0
대림비앤코 005750 장기차입금 27,700,000,000 21,000,000,000
대림비앤코 005750 기타비유동금융부채 130,000,000 160,000,000
대림비앤코 005750 이연법인세부채 23,976,615,416 24,436,561,770
대림비앤코 005750 비유동리스부채 0 0
대림비앤코 005750 부채총계 125,192,692,277 118,114,141,790
대림비앤코 005750 자본금 15,501,672,000 15,501,672,000
대림비앤코 005750 자본잉여금 0 0
대림비앤코 005750 자본조정 0 0
대림비앤코 005750 기타포괄손익누계액 0 0
대림비앤코 005750 이익잉여금(결손금) 0 0
대림비앤코 005750 자본총계 274,258,549,096 264,094,737,093
대림비앤코 005750 자본과부채총계 0 0
date : 2016-09-30
대림비앤코 005750 유동자산 100,199,900,063 89,387,034,975
대림비앤코 005750 현금및현금성자산 2,606,837,388 325,571,473
대림비앤코 005750 매출채권 58,069,941,649 52,352,885,064
대림비앤코 005750 재고자산 35,879,957,418 33,065,306,487
대림비앤코 005750 기타유동금융자산 0 0
대림비앤코 005750 기타유동자산 1,375,441,966 962,958,913
대림비앤코 005750 매각예정비유동자산 0 0
대림비앤코 005750 비유동자산 174,262,963,193 174,707,702,118
대림비앤코 005750 장기금융상품 0 0
대림비앤코 005750 기타포괄손익-공정가치 0 0
대림비앤코 005750 당기손익인식공정가치측정금융자산 0 0
대림비앤코 005750 종속회사투자 0 0
대림비앤코 005750 관계회사투자 0 0
대림비앤코 005750 렌탈자산 0 0
대림비앤코 005750 유형자산 113,117,169,353 112,592,057,944
대림비앤코 005750 무형자산 1,337,542,336 1,714,639,998
대림비앤코 005750 기타비유동금융자산 0 0
대림비앤코 005750 기타비유동자산 1,561,300 1,028,183
대림비앤코 005750 사용권자산 0 0
대림비앤코 005750 이연법인세자산 0 0
대림비앤코 005750 자산총계 274,462,863,256 264,094,737,093
대림비앤코 005750 유동부채 60,129,004,357 61,869,783,104
대림비앤코 005750 단기매입채무 0 0
대림비앤코 005750 단기차입금 6,300,000,000 8,558,893,927
대림비앤코 005750 유동성장기차입금 21,000,000,000 22,000,000,000
대림비앤코 005750 유동성사채 0 0
대림비앤코 005750 기타유동금융부채 0 0
대림비앤코 005750 기타유동부채 2,288,607,515 1,698,256,869
대림비앤코 005750 당기법인세부채 0 0
대림비앤코 005750 유동리스부채 0 0
대림비앤코 005750 비유동부채 64,075,637,138 56,244,358,686
대림비앤코 005750 사채 0 0
대림비앤코 005750 장기차입금 27,700,000,000 21,000,000,000
대림비앤코 005750 기타비유동금융부채 115,000,000 160,000,000
대림비앤코 005750 이연법인세부채 23,747,157,205 24,436,561,770
대림비앤코 005750 비유동리스부채 0 0
대림비앤코 005750 부채총계 124,204,641,495 118,114,141,790
대림비앤코 005750 자본금 15,501,672,000 15,501,672,000
대림비앤코 005750 자본잉여금 0 0
대림비앤코 005750 자본조정 0 0
대림비앤코 005750 기타포괄손익누계액 0 0
대림비앤코 005750 이익잉여금(결손금) 0 0
대림비앤코 005750 자본총계 274,462,863,256 264,094,737,093
대림비앤코 005750 자본과부채총계 0 0
date : 2016-12-31
대림비앤코 005750 유동자산 107,958,177,673 89,387,034,975
대림비앤코 005750 현금및현금성자산 12,902,080,378 325,571,473
대림비앤코 005750 매출채권 57,406,946,129 52,352,885,064
대림비앤코 005750 재고자산 33,590,159,339 33,065,306,487
대림비앤코 005750 기타유동금융자산 0 0
대림비앤코 005750 기타유동자산 786,892,930 962,958,913
대림비앤코 005750 매각예정비유동자산 0 0
대림비앤코 005750 비유동자산 174,564,260,463 174,707,702,118
대림비앤코 005750 장기금융상품 0 0
대림비앤코 005750 기타포괄손익-공정가치 0 0
대림비앤코 005750 당기손익인식공정가치측정금융자산 0 0
대림비앤코 005750 종속회사투자 0 0
대림비앤코 005750 관계회사투자 0 0
대림비앤코 005750 렌탈자산 0 0
대림비앤코 005750 유형자산 113,831,209,653 112,592,057,944
대림비앤코 005750 무형자산 1,346,572,176 1,714,639,998
대림비앤코 005750 기타비유동금융자산 0 0
대림비앤코 005750 기타비유동자산 5,259,381 1,028,183
대림비앤코 005750 사용권자산 0 0
대림비앤코 005750 이연법인세자산 0 0
대림비앤코 005750 자산총계 282,522,438,136 264,094,737,093
대림비앤코 005750 유동부채 64,365,620,708 61,869,783,104
대림비앤코 005750 단기매입채무 0 0
대림비앤코 005750 단기차입금 6,300,000,000 8,558,893,927
대림비앤코 005750 유동성장기차입금 21,000,000,000 22,000,000,000
대림비앤코 005750 유동성사채 0 0
대림비앤코 005750 기타유동금융부채 0 0
대림비앤코 005750 기타유동부채 2,927,295,679 1,698,256,869
대림비앤코 005750 당기법인세부채 0 0
대림비앤코 005750 유동리스부채 0 0
대림비앤코 005750 비유동부채 62,153,332,317 56,244,358,686
대림비앤코 005750 사채 0 0
대림비앤코 005750 장기차입금 27,700,000,000 21,000,000,000
대림비앤코 005750 기타비유동금융부채 100,000,000 160,000,000
대림비앤코 005750 이연법인세부채 23,510,458,521 24,436,561,770
대림비앤코 005750 비유동리스부채 0 0
대림비앤코 005750 부채총계 126,518,953,025 118,114,141,790
대림비앤코 005750 자본금 16,672,240,000 15,501,672,000
대림비앤코 005750 자본잉여금 0 0
대림비앤코 005750 자본조정 0 0
대림비앤코 005750 기타포괄손익누계액 0 0
대림비앤코 005750 이익잉여금(결손금) 0 0
대림비앤코 005750 자본총계 282,522,438,136 264,094,737,093
대림비앤코 005750 자본과부채총계 0 0
date : 2017-03-31
대림비앤코 005750 유동자산 104,176,645,270 107,958,177,673
대림비앤코 005750 현금및현금성자산 12,936,949,748 12,902,080,378
대림비앤코 005750 매출채권 51,514,282,365 57,406,946,129
대림비앤코 005750 재고자산 34,762,964,924 33,590,159,339
대림비앤코 005750 기타유동금융자산 0 0
대림비앤코 005750 기타유동자산 1,127,558,271 786,892,930
대림비앤코 005750 매각예정비유동자산 0 0
대림비앤코 005750 비유동자산 174,702,327,099 174,564,260,463
대림비앤코 005750 장기금융상품 0 0
대림비앤코 005750 기타포괄손익-공정가치 0 0
대림비앤코 005750 당기손익인식공정가치측정금융자산 0 0
대림비앤코 005750 종속회사투자 0 0
대림비앤코 005750 관계회사투자 0 0
대림비앤코 005750 렌탈자산 0 0
대림비앤코 005750 유형자산 113,615,636,824 113,831,209,653
대림비앤코 005750 무형자산 1,398,251,238 1,346,572,176
대림비앤코 005750 기타비유동금융자산 0 0
대림비앤코 005750 기타비유동자산 28,798,169 5,259,381
대림비앤코 005750 사용권자산 0 0
대림비앤코 005750 이연법인세자산 0 0
대림비앤코 005750 자산총계 278,878,972,369 282,522,438,136
대림비앤코 005750 유동부채 54,408,006,319 64,365,620,708
대림비앤코 005750 단기매입채무 0 0
대림비앤코 005750 단기차입금 6,300,000,000 6,300,000,000
대림비앤코 005750 유동성장기차입금 13,700,000,000 21,000,000,000
대림비앤코 005750 유동성사채 0 0
대림비앤코 005750 기타유동금융부채 0 0
대림비앤코 005750 기타유동부채 2,294,739,676 2,927,295,679
대림비앤코 005750 당기법인세부채 0 0
대림비앤코 005750 유동리스부채 0 0
대림비앤코 005750 비유동부채 70,067,845,729 62,153,332,317
대림비앤코 005750 사채 0 0
대림비앤코 005750 장기차입금 35,000,000,000 27,700,000,000
대림비앤코 005750 기타비유동금융부채 85,000,000 100,000,000
대림비앤코 005750 이연법인세부채 23,385,293,320 23,510,458,521
대림비앤코 005750 비유동리스부채 0 0
대림비앤코 005750 부채총계 124,475,852,048 126,518,953,025
대림비앤코 005750 자본금 16,672,240,000 16,672,240,000
대림비앤코 005750 자본잉여금 0 0
대림비앤코 005750 자본조정 0 0
대림비앤코 005750 기타포괄손익누계액 0 0
대림비앤코 005750 이익잉여금(결손금) 0 0
대림비앤코 005750 자본총계 278,878,972,369 282,522,438,136
대림비앤코 005750 자본과부채총계 0 0
date : 2017-06-30
대림비앤코 005750 유동자산 104,778,746,337 107,958,177,673
대림비앤코 005750 현금및현금성자산 11,784,820,263 12,902,080,378
대림비앤코 005750 매출채권 56,443,518,530 57,406,946,129
대림비앤코 005750 재고자산 32,720,991,126 33,590,159,339
대림비앤코 005750 기타유동금융자산 0 0
대림비앤코 005750 기타유동자산 870,978,988 786,892,930
대림비앤코 005750 매각예정비유동자산 0 0
대림비앤코 005750 비유동자산 176,413,627,530 174,564,260,463
대림비앤코 005750 장기금융상품 0 0
대림비앤코 005750 기타포괄손익-공정가치 0 0
대림비앤코 005750 당기손익인식공정가치측정금융자산 0 0
대림비앤코 005750 종속회사투자 0 0
대림비앤코 005750 관계회사투자 0 0
대림비앤코 005750 렌탈자산 0 0
대림비앤코 005750 유형자산 113,658,088,664 113,831,209,653
대림비앤코 005750 무형자산 1,386,397,751 1,346,572,176
대림비앤코 005750 기타비유동금융자산 0 0
대림비앤코 005750 기타비유동자산 32,616,933 5,259,381
대림비앤코 005750 사용권자산 0 0
대림비앤코 005750 이연법인세자산 0 0
대림비앤코 005750 자산총계 281,192,373,867 282,522,438,136
대림비앤코 005750 유동부채 77,545,052,935 64,365,620,708
대림비앤코 005750 단기매입채무 0 0
대림비앤코 005750 단기차입금 14,300,000,000 6,300,000,000
대림비앤코 005750 유동성장기차입금 27,700,000,000 21,000,000,000
대림비앤코 005750 유동성사채 0 0
대림비앤코 005750 기타유동금융부채 0 0
대림비앤코 005750 기타유동부채 3,676,439,635 2,927,295,679
대림비앤코 005750 당기법인세부채 0 0
대림비앤코 005750 유동리스부채 0 0
대림비앤코 005750 비유동부채 47,671,427,547 62,153,332,317
대림비앤코 005750 사채 0 0
대림비앤코 005750 장기차입금 13,000,000,000 27,700,000,000
대림비앤코 005750 기타비유동금융부채 74,000,000 100,000,000
대림비앤코 005750 이연법인세부채 23,360,765,289 23,510,458,521
대림비앤코 005750 비유동리스부채 0 0
대림비앤코 005750 부채총계 125,216,480,482 126,518,953,025
대림비앤코 005750 자본금 16,672,240,000 16,672,240,000
대림비앤코 005750 자본잉여금 0 0
대림비앤코 005750 자본조정 0 0
대림비앤코 005750 기타포괄손익누계액 0 0
대림비앤코 005750 이익잉여금(결손금) 0 0
대림비앤코 005750 자본총계 281,192,373,867 282,522,438,136
대림비앤코 005750 자본과부채총계 0 0
date : 2017-09-30
대림비앤코 005750 유동자산 110,774,381,569 107,958,177,673
대림비앤코 005750 현금및현금성자산 13,688,963,007 12,902,080,378
대림비앤코 005750 매출채권 59,044,170,511 57,406,946,129
대림비앤코 005750 재고자산 32,568,823,308 33,590,159,339
대림비앤코 005750 기타유동금융자산 0 0
대림비앤코 005750 기타유동자산 1,905,302,237 786,892,930
대림비앤코 005750 매각예정비유동자산 0 0
대림비앤코 005750 비유동자산 176,255,279,155 174,564,260,463
대림비앤코 005750 장기금융상품 0 0
대림비앤코 005750 기타포괄손익-공정가치 0 0
대림비앤코 005750 당기손익인식공정가치측정금융자산 0 0
대림비앤코 005750 종속회사투자 0 0
대림비앤코 005750 관계회사투자 0 0
대림비앤코 005750 렌탈자산 0 0
대림비앤코 005750 유형자산 113,868,529,381 113,831,209,653
대림비앤코 005750 무형자산 1,345,498,465 1,346,572,176
대림비앤코 005750 기타비유동금융자산 0 0
대림비앤코 005750 기타비유동자산 29,039,784 5,259,381
대림비앤코 005750 사용권자산 0 0
대림비앤코 005750 이연법인세자산 0 0
대림비앤코 005750 자산총계 287,029,660,724 282,522,438,136
대림비앤코 005750 유동부채 80,160,859,732 64,365,620,708
대림비앤코 005750 단기매입채무 0 0
대림비앤코 005750 단기차입금 14,300,000,000 6,300,000,000
대림비앤코 005750 유동성장기차입금 27,700,000,000 21,000,000,000
대림비앤코 005750 유동성사채 0 0
대림비앤코 005750 기타유동금융부채 0 0
대림비앤코 005750 기타유동부채 4,591,147,659 2,927,295,679
대림비앤코 005750 당기법인세부채 1,304,147,289 2,487,004,152
대림비앤코 005750 유동리스부채 0 0
대림비앤코 005750 비유동부채 48,345,179,247 62,153,332,317
대림비앤코 005750 사채 0 0
대림비앤코 005750 장기차입금 13,000,000,000 27,700,000,000
대림비앤코 005750 기타비유동금융부채 4,000,000 100,000,000
대림비앤코 005750 이연법인세부채 23,413,461,381 23,510,458,521
대림비앤코 005750 비유동리스부채 0 0
대림비앤코 005750 부채총계 128,506,038,979 126,518,953,025
대림비앤코 005750 자본금 16,672,240,000 16,672,240,000
대림비앤코 005750 자본잉여금 0 0
대림비앤코 005750 자본조정 0 0
대림비앤코 005750 기타포괄손익누계액 0 0
대림비앤코 005750 이익잉여금(결손금) 0 0
대림비앤코 005750 자본총계 158,523,621,745 156,003,485,111
대림비앤코 005750 자본과부채총계 287,029,660,724 282,522,438,136
date : 2017-12-31
대림비앤코 005750 유동자산 110,035,473,261 107,958,177,673
대림비앤코 005750 현금및현금성자산 10,905,742,735 12,902,080,378
대림비앤코 005750 매출채권 62,575,794,670 57,406,946,129
대림비앤코 005750 재고자산 31,796,831,542 33,590,159,339
대림비앤코 005750 기타유동금융자산 0 0
대림비앤코 005750 기타유동자산 944,995,084 786,892,930
대림비앤코 005750 매각예정비유동자산 0 0
대림비앤코 005750 비유동자산 177,364,312,172 174,564,260,463
대림비앤코 005750 장기금융상품 0 0
대림비앤코 005750 기타포괄손익-공정가치 0 0
대림비앤코 005750 당기손익인식공정가치측정금융자산 0 0
대림비앤코 005750 종속회사투자 0 0
대림비앤코 005750 관계회사투자 0 0
대림비앤코 005750 렌탈자산 0 0
대림비앤코 005750 유형자산 113,934,350,059 113,831,209,653
대림비앤코 005750 무형자산 1,443,247,899 1,346,572,176
대림비앤코 005750 기타비유동금융자산 0 0
대림비앤코 005750 기타비유동자산 24,598,529 5,259,381
대림비앤코 005750 사용권자산 0 0
대림비앤코 005750 이연법인세자산 0 0
대림비앤코 005750 자산총계 287,399,785,433 282,522,438,136
대림비앤코 005750 유동부채 77,752,606,092 64,365,620,708
대림비앤코 005750 단기매입채무 0 0
대림비앤코 005750 단기차입금 14,300,000,000 6,300,000,000
대림비앤코 005750 유동성장기차입금 27,700,000,000 21,000,000,000
대림비앤코 005750 유동성사채 0 0
대림비앤코 005750 기타유동금융부채 0 0
대림비앤코 005750 기타유동부채 3,155,215,516 2,927,295,679
대림비앤코 005750 당기법인세부채 797,947,074 2,487,004,152
대림비앤코 005750 유동리스부채 0 0
대림비앤코 005750 비유동부채 48,466,162,724 62,153,332,317
대림비앤코 005750 사채 0 0
대림비앤코 005750 장기차입금 13,000,000,000 27,700,000,000
대림비앤코 005750 기타비유동금융부채 4,000,000 100,000,000
대림비앤코 005750 이연법인세부채 24,668,275,084 23,510,458,521
대림비앤코 005750 비유동리스부채 0 0
대림비앤코 005750 부채총계 126,218,768,816 126,518,953,025
대림비앤코 005750 자본금 16,672,240,000 16,672,240,000
대림비앤코 005750 자본잉여금 0 0
대림비앤코 005750 자본조정 0 0
대림비앤코 005750 기타포괄손익누계액 0 0
대림비앤코 005750 이익잉여금(결손금) 0 0
대림비앤코 005750 자본총계 161,181,016,617 156,003,485,111
대림비앤코 005750 자본과부채총계 287,399,785,433 282,522,438,136
date : 2018-03-31
대림비앤코 005750 유동자산 114,248,782,620 110,035,473,261
대림비앤코 005750 현금및현금성자산 13,202,694,089 10,905,742,735
대림비앤코 005750 매출채권 60,835,097,408 62,575,794,670
대림비앤코 005750 재고자산 32,996,337,005 31,796,831,542
대림비앤코 005750 기타유동금융자산 0 0
대림비앤코 005750 기타유동자산 1,231,786,284 944,995,084
대림비앤코 005750 매각예정비유동자산 0 0
대림비앤코 005750 비유동자산 177,682,392,668 177,364,312,172
대림비앤코 005750 장기금융상품 0 0
대림비앤코 005750 기타포괄손익-공정가치 0 0
대림비앤코 005750 당기손익인식공정가치측정금융자산 0 0
대림비앤코 005750 종속회사투자 0 0
대림비앤코 005750 관계회사투자 0 0
대림비앤코 005750 렌탈자산 0 0
대림비앤코 005750 유형자산 115,356,761,995 113,934,350,059
대림비앤코 005750 무형자산 1,398,169,707 1,443,247,899
대림비앤코 005750 기타비유동금융자산 0 0
대림비앤코 005750 기타비유동자산 79,486,038 24,598,529
대림비앤코 005750 사용권자산 0 0
대림비앤코 005750 이연법인세자산 0 0
대림비앤코 005750 자산총계 291,931,175,288 287,399,785,433
대림비앤코 005750 유동부채 90,989,674,292 77,752,606,092
대림비앤코 005750 단기매입채무 0 0
대림비앤코 005750 단기차입금 11,300,000,000 14,300,000,000
대림비앤코 005750 유동성장기차입금 37,700,000,000 27,700,000,000
대림비앤코 005750 유동성사채 0 0
대림비앤코 005750 기타유동금융부채 0 0
대림비앤코 005750 기타유동부채 3,567,926,362 3,155,215,516
대림비앤코 005750 당기법인세부채 415,469,271 797,947,074
대림비앤코 005750 유동리스부채 0 0
대림비앤코 005750 비유동부채 42,184,844,326 48,466,162,724
대림비앤코 005750 사채 0 0
대림비앤코 005750 장기차입금 6,000,000,000 13,000,000,000
대림비앤코 005750 기타비유동금융부채 4,000,000 4,000,000
대림비앤코 005750 이연법인세부채 24,511,192,303 24,668,275,084
대림비앤코 005750 비유동리스부채 0 0
대림비앤코 005750 부채총계 133,174,518,618 126,218,768,816
대림비앤코 005750 자본금 16,672,240,000 16,672,240,000
대림비앤코 005750 자본잉여금 0 0
대림비앤코 005750 자본조정 0 0
대림비앤코 005750 기타포괄손익누계액 0 0
대림비앤코 005750 이익잉여금(결손금) 0 0
대림비앤코 005750 자본총계 158,756,656,670 161,181,016,617
대림비앤코 005750 자본과부채총계 291,931,175,288 287,399,785,433
date : 2018-06-30
대림비앤코 005750 유동자산 114,825,746,810 110,035,473,261
대림비앤코 005750 현금및현금성자산 16,208,304,144 10,905,742,735
대림비앤코 005750 매출채권 57,835,649,729 62,575,794,670
대림비앤코 005750 재고자산 35,439,185,000 31,796,831,542
대림비앤코 005750 기타유동금융자산 0 0
대림비앤코 005750 기타유동자산 1,157,406,012 944,995,084
대림비앤코 005750 매각예정비유동자산 0 0
대림비앤코 005750 비유동자산 178,622,554,420 177,364,312,172
대림비앤코 005750 장기금융상품 0 0
대림비앤코 005750 기타포괄손익-공정가치 0 0
대림비앤코 005750 당기손익인식공정가치측정금융자산 0 0
대림비앤코 005750 종속회사투자 0 0
대림비앤코 005750 관계회사투자 0 0
대림비앤코 005750 렌탈자산 0 0
대림비앤코 005750 유형자산 116,042,397,349 113,934,350,059
대림비앤코 005750 무형자산 1,476,052,430 1,443,247,899
대림비앤코 005750 기타비유동금융자산 0 0
대림비앤코 005750 기타비유동자산 66,489,501 24,598,529
대림비앤코 005750 사용권자산 0 0
대림비앤코 005750 이연법인세자산 0 0
대림비앤코 005750 자산총계 293,448,301,230 287,399,785,433
대림비앤코 005750 유동부채 65,687,064,047 77,752,606,092
대림비앤코 005750 단기매입채무 0 0
대림비앤코 005750 단기차입금 11,300,000,000 14,300,000,000
대림비앤코 005750 유동성장기차입금 13,000,000,000 27,700,000,000
대림비앤코 005750 유동성사채 0 0
대림비앤코 005750 기타유동금융부채 0 0
대림비앤코 005750 기타유동부채 2,704,392,193 3,155,215,516
대림비앤코 005750 당기법인세부채 1,119,970,652 797,947,074
대림비앤코 005750 유동리스부채 0 0
대림비앤코 005750 비유동부채 66,988,560,982 48,466,162,724
대림비앤코 005750 사채 0 0
대림비앤코 005750 장기차입금 30,700,000,000 13,000,000,000
대림비앤코 005750 기타비유동금융부채 46,000,000 4,000,000
대림비앤코 005750 이연법인세부채 24,776,271,998 24,668,275,084
대림비앤코 005750 비유동리스부채 0 0
대림비앤코 005750 부채총계 132,675,625,029 126,218,768,816
대림비앤코 005750 자본금 16,672,240,000 16,672,240,000
대림비앤코 005750 자본잉여금 0 0
대림비앤코 005750 자본조정 0 0
대림비앤코 005750 기타포괄손익누계액 0 0
대림비앤코 005750 이익잉여금(결손금) 0 0
대림비앤코 005750 자본총계 160,772,676,201 161,181,016,617
대림비앤코 005750 자본과부채총계 293,448,301,230 287,399,785,433
date : 2018-09-30
대림비앤코 005750 유동자산 117,990,179,196 110,035,473,261
대림비앤코 005750 현금및현금성자산 11,849,622,976 10,905,742,735
대림비앤코 005750 매출채권 56,149,993,733 62,575,794,670
대림비앤코 005750 재고자산 40,538,138,558 31,796,831,542
대림비앤코 005750 기타유동금융자산 0 0
대림비앤코 005750 기타유동자산 3,455,082,956 944,995,084
대림비앤코 005750 매각예정비유동자산 0 0
대림비앤코 005750 비유동자산 187,524,510,588 177,364,312,172
대림비앤코 005750 장기금융상품 0 0
대림비앤코 005750 기타포괄손익-공정가치 0 0
대림비앤코 005750 당기손익인식공정가치측정금융자산 0 0
대림비앤코 005750 종속회사투자 0 0
대림비앤코 005750 관계회사투자 0 0
대림비앤코 005750 렌탈자산 0 0
대림비앤코 005750 유형자산 124,102,219,009 113,934,350,059
대림비앤코 005750 무형자산 3,461,879,614 1,443,247,899
대림비앤코 005750 기타비유동금융자산 0 0
대림비앤코 005750 기타비유동자산 1,679,540,523 24,598,529
대림비앤코 005750 사용권자산 0 0
대림비앤코 005750 이연법인세자산 74,842,443 24,598,529
대림비앤코 005750 자산총계 305,514,689,784 287,399,785,433
대림비앤코 005750 유동부채 78,506,782,345 77,752,606,092
대림비앤코 005750 단기매입채무 0 0
대림비앤코 005750 단기차입금 19,300,000,000 14,300,000,000
대림비앤코 005750 유동성장기차입금 14,840,549,000 27,700,000,000
대림비앤코 005750 유동성사채 0 0
대림비앤코 005750 기타유동금융부채 0 0
대림비앤코 005750 기타유동부채 3,002,749,762 3,155,215,516
대림비앤코 005750 당기법인세부채 1,146,943,993 797,947,074
대림비앤코 005750 유동리스부채 0 0
대림비앤코 005750 비유동부채 67,925,858,967 48,466,162,724
대림비앤코 005750 사채 0 0
대림비앤코 005750 장기차입금 31,630,418,400 13,000,000,000
대림비앤코 005750 기타비유동금융부채 46,000,000 4,000,000
대림비앤코 005750 이연법인세부채 24,248,488,798 24,668,275,084
대림비앤코 005750 비유동리스부채 0 0
대림비앤코 005750 부채총계 146,432,641,312 126,218,768,816
대림비앤코 005750 자본금 16,672,240,000 16,672,240,000
대림비앤코 005750 자본잉여금 0 0
대림비앤코 005750 자본조정 0 0
대림비앤코 005750 기타포괄손익누계액 0 0
대림비앤코 005750 이익잉여금(결손금) 0 0
대림비앤코 005750 자본총계 159,082,048,472 161,181,016,617
대림비앤코 005750 자본과부채총계 305,514,689,784 287,399,785,433
date : 2018-12-31
대림비앤코 005750 유동자산 114,230,203,124 110,035,473,261
대림비앤코 005750 현금및현금성자산 14,054,376,548 10,905,742,735
대림비앤코 005750 매출채권 51,948,151,530 62,575,794,670
대림비앤코 005750 재고자산 40,629,316,489 31,796,831,542
대림비앤코 005750 기타유동금융자산 0 0
대림비앤코 005750 기타유동자산 1,724,686,493 944,995,084
대림비앤코 005750 매각예정비유동자산 0 0
대림비앤코 005750 비유동자산 187,279,675,460 177,364,312,172
대림비앤코 005750 장기금융상품 0 0
대림비앤코 005750 기타포괄손익-공정가치 0 0
대림비앤코 005750 당기손익인식공정가치측정금융자산 0 0
대림비앤코 005750 종속회사투자 0 0
대림비앤코 005750 관계회사투자 0 0
대림비앤코 005750 렌탈자산 0 0
대림비앤코 005750 유형자산 124,388,437,960 113,934,350,059
대림비앤코 005750 무형자산 3,356,980,310 1,443,247,899
대림비앤코 005750 기타비유동금융자산 0 0
대림비앤코 005750 기타비유동자산 1,575,003,220 24,598,529
대림비앤코 005750 사용권자산 0 0
대림비앤코 005750 이연법인세자산 0 0
대림비앤코 005750 자산총계 301,509,878,584 287,399,785,433
대림비앤코 005750 유동부채 74,689,069,205 77,752,606,092
대림비앤코 005750 단기매입채무 0 0
대림비앤코 005750 단기차입금 19,300,000,000 14,300,000,000
대림비앤코 005750 유동성장기차입금 14,421,267,700 27,700,000,000
대림비앤코 005750 유동성사채 0 0
대림비앤코 005750 기타유동금융부채 0 0
대림비앤코 005750 기타유동부채 3,272,185,984 3,155,215,516
대림비앤코 005750 당기법인세부채 0 0
대림비앤코 005750 유동리스부채 0 0
대림비앤코 005750 비유동부채 66,393,457,316 48,466,162,724
대림비앤코 005750 사채 0 0
대림비앤코 005750 장기차입금 31,381,734,500 13,000,000,000
대림비앤코 005750 기타비유동금융부채 46,000,000 4,000,000
대림비앤코 005750 이연법인세부채 23,429,338,044 24,668,275,084
대림비앤코 005750 비유동리스부채 0 0
대림비앤코 005750 부채총계 141,082,526,521 126,218,768,816
대림비앤코 005750 자본금 16,672,240,000 16,672,240,000
대림비앤코 005750 자본잉여금 0 0
대림비앤코 005750 자본조정 0 0
대림비앤코 005750 기타포괄손익누계액 0 0
대림비앤코 005750 이익잉여금(결손금) 0 0
대림비앤코 005750 자본총계 160,427,352,063 161,181,016,617
대림비앤코 005750 자본과부채총계 301,509,878,584 287,399,785,433
date : 2019-03-31
대림비앤코 005750 유동자산 120,218,367,005 114,230,203,124
대림비앤코 005750 현금및현금성자산 17,630,940,054 14,054,376,548
대림비앤코 005750 매출채권 52,850,567,883 51,948,151,530
대림비앤코 005750 재고자산 41,098,292,004 40,629,316,489
대림비앤코 005750 기타유동금융자산 0 0
대림비앤코 005750 기타유동자산 3,732,679,848 1,724,686,493
대림비앤코 005750 매각예정비유동자산 0 0
대림비앤코 005750 비유동자산 192,184,855,086 187,279,675,460
대림비앤코 005750 장기금융상품 0 0
대림비앤코 005750 기타포괄손익-공정가치 0 0
대림비앤코 005750 당기손익인식공정가치측정금융자산 0 0
대림비앤코 005750 종속회사투자 0 0
대림비앤코 005750 관계회사투자 0 0
대림비앤코 005750 렌탈자산 0 0
대림비앤코 005750 유형자산 124,891,570,484 124,388,437,960
대림비앤코 005750 무형자산 3,257,680,087 3,356,980,310
대림비앤코 005750 기타비유동금융자산 0 0
대림비앤코 005750 기타비유동자산 1,321,722,794 1,575,003,220
대림비앤코 005750 사용권자산 4,385,538,142 124,388,437,960
대림비앤코 005750 이연법인세자산 0 0
대림비앤코 005750 자산총계 312,403,222,091 301,509,878,584
대림비앤코 005750 유동부채 82,905,410,096 74,689,069,205
대림비앤코 005750 단기매입채무 0 0
대림비앤코 005750 단기차입금 19,300,000,000 19,300,000,000
대림비앤코 005750 유동성장기차입금 14,065,105,600 14,421,267,700
대림비앤코 005750 유동성사채 0 0
대림비앤코 005750 기타유동금융부채 0 0
대림비앤코 005750 기타유동부채 3,680,271,535 3,272,185,984
대림비앤코 005750 당기법인세부채 1,010,737,064 1,498,373,373
대림비앤코 005750 유동리스부채 0 0
대림비앤코 005750 비유동부채 70,883,470,086 66,393,457,316
대림비앤코 005750 사채 0 0
대림비앤코 005750 장기차입금 31,181,662,100 31,381,734,500
대림비앤코 005750 기타비유동금융부채 46,000,000 46,000,000
대림비앤코 005750 이연법인세부채 22,983,339,002 23,429,338,044
대림비앤코 005750 비유동리스부채 0 0
대림비앤코 005750 부채총계 153,788,880,182 141,082,526,521
대림비앤코 005750 자본금 16,672,240,000 16,672,240,000
대림비앤코 005750 자본잉여금 0 0
대림비앤코 005750 자본조정 0 0
대림비앤코 005750 기타포괄손익누계액 0 0
대림비앤코 005750 이익잉여금(결손금) 0 0
대림비앤코 005750 자본총계 158,614,341,909 160,427,352,063
대림비앤코 005750 자본과부채총계 312,403,222,091 301,509,878,584
