date : 2019-03-31
크라운해태홀딩스 005740 유동자산 5,297,994,103 1,305,073,851
크라운해태홀딩스 005740 현금및현금성자산 22,355,892 28,851,936
크라운해태홀딩스 005740 매출채권 및 기타유동채권
크라운해태홀딩스 005740 비유동자산 356,597,044,712 355,717,427,298
크라운해태홀딩스 005740 기타포괄손익-공정가치 측정 금융자산
크라운해태홀딩스 005740 유형자산 665,886,583 711,622,660
크라운해태홀딩스 005740 사용권자산 917,972,526 0
크라운해태홀딩스 005740 무형자산 182,906,075 175,491,960
크라운해태홀딩스 005740 자산총계 361,895,038,815 357,022,501,149
크라운해태홀딩스 005740 유동부채 51,326,358,912 47,872,121,283
크라운해태홀딩스 005740 단기차입금 44,010,000,000 43,035,000,000
크라운해태홀딩스 005740 유동성장기차입금 4,000,000,000 4,000,000,000
크라운해태홀딩스 005740 유동리스부채 522,986,887 0
크라운해태홀딩스 005740 비유동부채 11,151,575,196 11,555,435,593
크라운해태홀딩스 005740 장기차입금 3,000,000,000 4,000,000,000
크라운해태홀딩스 005740 비유동리스부채 397,841,574 0
크라운해태홀딩스 005740 이연법인세부채 2,792,988,476 2,793,299,855
크라운해태홀딩스 005740 부채총계 62,477,934,108 59,427,556,876
크라운해태홀딩스 005740 자본금 7,724,036,500 7,724,036,500
크라운해태홀딩스 005740 자본잉여금 103,901,920,837 103,901,920,837
크라운해태홀딩스 005740 기타포괄손익누계액 -1,730,687,264 -1,730,661,407
크라운해태홀딩스 005740 이익잉여금(결손금) 191,521,918,584 189,699,732,293
크라운해태홀딩스 005740 자본총계 299,417,104,707 297,594,944,273
크라운해태홀딩스 005740 자본과부채총계 361,895,038,815 357,022,501,149
