date : 2019-03-31
원림 005820 유동자산 16,742,115,557 15,887,918,648
원림 005820 현금및현금성자산 264,889,815 1,051,295,059
원림 005820 기타유동자산 72,821,487 71,433,942
원림 005820 재고자산 8,359,322,952 8,349,855,466
원림 005820 비유동자산 75,294,659,493 75,408,666,686
원림 005820 유형자산 19,091,507,979 19,060,146,766
원림 005820 무형자산 1,298,925,096 1,299,089,132
원림 005820 자산총계 92,036,775,050 91,296,585,334
원림 005820 유동부채 15,453,425,101 15,593,808,993
원림 005820 유동리스부채 62,259,338 0
원림 005820 단기차입금 10,462,632,000 11,322,574,000
원림 005820 기타유동부채 163,827,617 224,537,566
원림 005820 비유동부채 5,276,881,192 4,827,701,789
원림 005820 비유동리스부채 140,116,795 0
원림 005820 이연법인세부채 2,349,858,093 2,087,832,479
원림 005820 부채총계 20,730,306,293 20,421,510,782
원림 005820 자본금 11,000,000,000 11,000,000,000
원림 005820 자본잉여금 16,610,138,066 16,610,138,066
원림 005820 자본조정 -1,357,406,335 -1,357,406,335
원림 005820 기타포괄손익누계액 -3,200,640,764 -3,266,940,764
원림 005820 이익잉여금(결손금) 48,254,377,790 47,889,283,585
원림 005820 자본총계 71,306,468,757 70,875,074,552
원림 005820 자본과부채총계 92,036,775,050 91,296,585,334
