date : 2015-12-31
풍산홀딩스 005810 유동자산 98,011,029,509 106,289,959,841
풍산홀딩스 005810 현금및현금성자산 2,647,900,203 13,660,789,679
풍산홀딩스 005810 매출채권 23,239,345,358 20,266,570,105
풍산홀딩스 005810 재고자산 9,969,177,611 8,610,614,324
풍산홀딩스 005810 기타유동금융자산 0 0
풍산홀딩스 005810 기타유동자산 0 2,802,000
풍산홀딩스 005810 매각예정비유동자산 0 0
풍산홀딩스 005810 비유동자산 377,884,531,927 370,950,855,652
풍산홀딩스 005810 장기금융상품 1,500,000 1,500,000
풍산홀딩스 005810 기타포괄손익-공정가치 0 0
풍산홀딩스 005810 당기손익인식공정가치측정금융자산 0 0
풍산홀딩스 005810 종속회사투자 0 0
풍산홀딩스 005810 관계회사투자 0 0
풍산홀딩스 005810 렌탈자산 0 0
풍산홀딩스 005810 유형자산 44,752,847,885 40,569,152,219
풍산홀딩스 005810 무형자산 3,260,509,180 3,260,509,180
풍산홀딩스 005810 기타비유동금융자산 0 0
풍산홀딩스 005810 기타비유동자산 2,802,000 0
풍산홀딩스 005810 사용권자산 0 0
풍산홀딩스 005810 이연법인세자산 2,991,841,762 1,902,733,525
풍산홀딩스 005810 자산총계 475,895,561,436 477,240,815,493
풍산홀딩스 005810 유동부채 23,224,313,432 31,600,631,357
풍산홀딩스 005810 단기매입채무 0 0
풍산홀딩스 005810 단기차입금 0 0
풍산홀딩스 005810 유동성장기차입금 0 0
풍산홀딩스 005810 유동성사채 0 0
풍산홀딩스 005810 기타유동금융부채 0 0
풍산홀딩스 005810 기타유동부채 0 0
풍산홀딩스 005810 당기법인세부채 1,198,854,613 3,188,871,521
풍산홀딩스 005810 유동리스부채 0 0
풍산홀딩스 005810 비유동부채 22,081,891,193 19,445,220,775
풍산홀딩스 005810 사채 0 0
풍산홀딩스 005810 장기차입금 0 0
풍산홀딩스 005810 기타비유동금융부채 0 0
풍산홀딩스 005810 이연법인세부채 0 0
풍산홀딩스 005810 비유동리스부채 0 0
풍산홀딩스 005810 부채총계 45,306,204,625 51,045,852,132
풍산홀딩스 005810 자본금 45,175,835,000 45,175,835,000
풍산홀딩스 005810 자본잉여금 287,666,662,816 287,666,662,816
풍산홀딩스 005810 자본조정 -29,180,736,126 -29,180,736,126
풍산홀딩스 005810 기타포괄손익누계액 0 0
풍산홀딩스 005810 이익잉여금(결손금) 0 0
풍산홀딩스 005810 자본총계 430,589,356,811 426,194,963,361
풍산홀딩스 005810 자본과부채총계 0 0
date : 2016-03-31
풍산홀딩스 005810 유동자산 102,542,740,530 98,011,029,509
풍산홀딩스 005810 현금및현금성자산 6,946,244,064 2,647,900,203
풍산홀딩스 005810 매출채권 26,129,783,015 23,239,345,358
풍산홀딩스 005810 재고자산 12,789,475,568 9,969,177,611
풍산홀딩스 005810 기타유동금융자산 0 0
풍산홀딩스 005810 기타유동자산 0 0
풍산홀딩스 005810 매각예정비유동자산 0 0
풍산홀딩스 005810 비유동자산 378,037,513,140 377,884,531,927
풍산홀딩스 005810 장기금융상품 1,500,000 1,500,000
풍산홀딩스 005810 기타포괄손익-공정가치 0 0
풍산홀딩스 005810 당기손익인식공정가치측정금융자산 0 0
풍산홀딩스 005810 종속회사투자 0 0
풍산홀딩스 005810 관계회사투자 0 0
풍산홀딩스 005810 렌탈자산 0 0
풍산홀딩스 005810 유형자산 43,858,364,353 44,752,847,885
풍산홀딩스 005810 무형자산 3,056,109,180 3,260,509,180
풍산홀딩스 005810 기타비유동금융자산 0 0
풍산홀딩스 005810 기타비유동자산 2,802,000 2,802,000
풍산홀딩스 005810 사용권자산 0 0
풍산홀딩스 005810 이연법인세자산 3,050,392,007 2,991,841,762
풍산홀딩스 005810 자산총계 480,580,253,670 475,895,561,436
풍산홀딩스 005810 유동부채 28,091,296,189 23,224,313,432
풍산홀딩스 005810 단기매입채무 0 0
풍산홀딩스 005810 단기차입금 0 0
풍산홀딩스 005810 유동성장기차입금 0 0
풍산홀딩스 005810 유동성사채 0 0
풍산홀딩스 005810 기타유동금융부채 0 0
풍산홀딩스 005810 기타유동부채 0 0
풍산홀딩스 005810 당기법인세부채 1,472,138,757 1,198,854,613
풍산홀딩스 005810 유동리스부채 0 0
풍산홀딩스 005810 비유동부채 22,864,594,905 22,081,891,193
풍산홀딩스 005810 사채 0 0
풍산홀딩스 005810 장기차입금 0 0
풍산홀딩스 005810 기타비유동금융부채 0 0
풍산홀딩스 005810 이연법인세부채 0 0
풍산홀딩스 005810 비유동리스부채 0 0
풍산홀딩스 005810 부채총계 50,955,891,094 45,306,204,625
풍산홀딩스 005810 자본금 45,175,835,000 45,175,835,000
풍산홀딩스 005810 자본잉여금 287,666,662,816 287,666,662,816
풍산홀딩스 005810 자본조정 -29,180,736,126 -29,180,736,126
풍산홀딩스 005810 기타포괄손익누계액 0 0
풍산홀딩스 005810 이익잉여금(결손금) 0 0
풍산홀딩스 005810 자본총계 429,624,362,576 430,589,356,811
풍산홀딩스 005810 자본과부채총계 0 0
date : 2016-06-30
풍산홀딩스 005810 유동자산 101,187,096,406 98,011,029,509
풍산홀딩스 005810 현금및현금성자산 3,357,312,283 2,647,900,203
풍산홀딩스 005810 매출채권 22,093,782,716 23,239,345,358
풍산홀딩스 005810 재고자산 13,603,078,851 9,969,177,611
풍산홀딩스 005810 기타유동금융자산 0 0
풍산홀딩스 005810 기타유동자산 0 0
풍산홀딩스 005810 매각예정비유동자산 0 0
풍산홀딩스 005810 비유동자산 377,233,493,374 377,884,531,927
풍산홀딩스 005810 장기금융상품 1,500,000 1,500,000
풍산홀딩스 005810 기타포괄손익-공정가치 0 0
풍산홀딩스 005810 당기손익인식공정가치측정금융자산 0 0
풍산홀딩스 005810 종속회사투자 0 0
풍산홀딩스 005810 관계회사투자 0 0
풍산홀딩스 005810 렌탈자산 0 0
풍산홀딩스 005810 유형자산 43,861,653,392 44,752,847,885
풍산홀딩스 005810 무형자산 3,056,109,180 3,260,509,180
풍산홀딩스 005810 기타비유동금융자산 0 0
풍산홀딩스 005810 기타비유동자산 2,802,000 2,802,000
풍산홀딩스 005810 사용권자산 0 0
풍산홀딩스 005810 이연법인세자산 3,249,580,986 2,991,841,762
풍산홀딩스 005810 자산총계 478,420,589,780 475,895,561,436
풍산홀딩스 005810 유동부채 21,904,326,866 23,224,313,432
풍산홀딩스 005810 단기매입채무 0 0
풍산홀딩스 005810 단기차입금 0 0
풍산홀딩스 005810 유동성장기차입금 0 0
풍산홀딩스 005810 유동성사채 0 0
풍산홀딩스 005810 기타유동금융부채 0 0
풍산홀딩스 005810 기타유동부채 0 0
풍산홀딩스 005810 당기법인세부채 1,831,293,634 1,198,854,613
풍산홀딩스 005810 유동리스부채 0 0
풍산홀딩스 005810 비유동부채 23,753,007,337 22,081,891,193
풍산홀딩스 005810 사채 0 0
풍산홀딩스 005810 장기차입금 0 0
풍산홀딩스 005810 기타비유동금융부채 0 0
풍산홀딩스 005810 이연법인세부채 0 0
풍산홀딩스 005810 비유동리스부채 0 0
풍산홀딩스 005810 부채총계 45,657,334,203 45,306,204,625
풍산홀딩스 005810 자본금 45,175,835,000 45,175,835,000
풍산홀딩스 005810 자본잉여금 287,666,662,816 287,666,662,816
풍산홀딩스 005810 자본조정 -29,180,736,126 -29,180,736,126
풍산홀딩스 005810 기타포괄손익누계액 0 0
풍산홀딩스 005810 이익잉여금(결손금) 0 0
풍산홀딩스 005810 자본총계 432,763,255,577 430,589,356,811
풍산홀딩스 005810 자본과부채총계 0 0
date : 2016-09-30
풍산홀딩스 005810 유동자산 99,220,993,111 98,011,029,509
풍산홀딩스 005810 현금및현금성자산 2,831,900,824 2,647,900,203
풍산홀딩스 005810 매출채권 18,892,729,236 23,239,345,358
풍산홀딩스 005810 재고자산 13,369,680,419 9,969,177,611
풍산홀딩스 005810 기타유동금융자산 0 0
풍산홀딩스 005810 기타유동자산 0 0
풍산홀딩스 005810 매각예정비유동자산 0 0
풍산홀딩스 005810 비유동자산 379,241,777,644 377,884,531,927
풍산홀딩스 005810 장기금융상품 1,500,000 1,500,000
풍산홀딩스 005810 기타포괄손익-공정가치 0 0
풍산홀딩스 005810 당기손익인식공정가치측정금융자산 0 0
풍산홀딩스 005810 종속회사투자 0 0
풍산홀딩스 005810 관계회사투자 0 0
풍산홀딩스 005810 렌탈자산 0 0
풍산홀딩스 005810 유형자산 45,139,449,567 44,752,847,885
풍산홀딩스 005810 무형자산 3,056,109,180 3,260,509,180
풍산홀딩스 005810 기타비유동금융자산 0 0
풍산홀딩스 005810 기타비유동자산 2,802,000 2,802,000
풍산홀딩스 005810 사용권자산 0 0
풍산홀딩스 005810 이연법인세자산 3,485,178,534 2,991,841,762
풍산홀딩스 005810 자산총계 478,462,770,755 475,895,561,436
풍산홀딩스 005810 유동부채 19,156,777,203 23,224,313,432
풍산홀딩스 005810 단기매입채무 0 0
풍산홀딩스 005810 단기차입금 0 0
풍산홀딩스 005810 유동성장기차입금 0 0
풍산홀딩스 005810 유동성사채 0 0
풍산홀딩스 005810 기타유동금융부채 0 0
풍산홀딩스 005810 기타유동부채 0 0
풍산홀딩스 005810 당기법인세부채 1,265,073,974 1,198,854,613
풍산홀딩스 005810 유동리스부채 0 0
풍산홀딩스 005810 비유동부채 24,555,315,476 22,081,891,193
풍산홀딩스 005810 사채 0 0
풍산홀딩스 005810 장기차입금 0 0
풍산홀딩스 005810 기타비유동금융부채 0 0
풍산홀딩스 005810 이연법인세부채 0 0
풍산홀딩스 005810 비유동리스부채 0 0
풍산홀딩스 005810 부채총계 43,712,092,679 45,306,204,625
풍산홀딩스 005810 자본금 45,175,835,000 45,175,835,000
풍산홀딩스 005810 자본잉여금 287,666,662,816 287,666,662,816
풍산홀딩스 005810 자본조정 -29,180,736,126 -29,180,736,126
풍산홀딩스 005810 기타포괄손익누계액 0 0
풍산홀딩스 005810 이익잉여금(결손금) 0 0
풍산홀딩스 005810 자본총계 434,750,678,076 430,589,356,811
풍산홀딩스 005810 자본과부채총계 0 0
date : 2016-12-31
풍산홀딩스 005810 유동자산 101,830,096,682 98,011,029,509
풍산홀딩스 005810 현금및현금성자산 13,729,236,818 2,647,900,203
풍산홀딩스 005810 매출채권 17,728,965,757 23,239,345,358
풍산홀딩스 005810 재고자산 11,992,718,203 9,969,177,611
풍산홀딩스 005810 기타유동금융자산 0 0
풍산홀딩스 005810 기타유동자산 0 0
풍산홀딩스 005810 매각예정비유동자산 0 0
풍산홀딩스 005810 비유동자산 380,869,236,759 377,884,531,927
풍산홀딩스 005810 장기금융상품 1,500,000 1,500,000
풍산홀딩스 005810 기타포괄손익-공정가치 0 0
풍산홀딩스 005810 당기손익인식공정가치측정금융자산 0 0
풍산홀딩스 005810 종속회사투자 0 0
풍산홀딩스 005810 관계회사투자 0 0
풍산홀딩스 005810 렌탈자산 0 0
풍산홀딩스 005810 유형자산 45,550,204,858 44,752,847,885
풍산홀딩스 005810 무형자산 3,056,109,180 3,260,509,180
풍산홀딩스 005810 기타비유동금융자산 0 0
풍산홀딩스 005810 기타비유동자산 2,802,000 2,802,000
풍산홀딩스 005810 사용권자산 0 0
풍산홀딩스 005810 이연법인세자산 3,807,111,263 2,991,841,762
풍산홀딩스 005810 자산총계 482,699,333,441 475,895,561,436
풍산홀딩스 005810 유동부채 22,126,755,078 23,224,313,432
풍산홀딩스 005810 단기매입채무 0 0
풍산홀딩스 005810 단기차입금 0 0
풍산홀딩스 005810 유동성장기차입금 0 0
풍산홀딩스 005810 유동성사채 0 0
풍산홀딩스 005810 기타유동금융부채 0 0
풍산홀딩스 005810 기타유동부채 0 0
풍산홀딩스 005810 당기법인세부채 1,849,317,412 1,198,854,613
풍산홀딩스 005810 유동리스부채 0 0
풍산홀딩스 005810 비유동부채 25,277,958,478 22,081,891,193
풍산홀딩스 005810 사채 0 0
풍산홀딩스 005810 장기차입금 0 0
풍산홀딩스 005810 기타비유동금융부채 0 0
풍산홀딩스 005810 이연법인세부채 0 0
풍산홀딩스 005810 비유동리스부채 0 0
풍산홀딩스 005810 부채총계 47,404,713,556 45,306,204,625
풍산홀딩스 005810 자본금 45,175,835,000 45,175,835,000
풍산홀딩스 005810 자본잉여금 287,666,662,816 287,666,662,816
풍산홀딩스 005810 자본조정 -29,180,736,126 -29,180,736,126
풍산홀딩스 005810 기타포괄손익누계액 0 0
풍산홀딩스 005810 이익잉여금(결손금) 0 0
풍산홀딩스 005810 자본총계 435,294,619,885 430,589,356,811
풍산홀딩스 005810 자본과부채총계 0 0
date : 2017-03-31
풍산홀딩스 005810 유동자산 101,088,078,131 101,830,096,682
풍산홀딩스 005810 현금및현금성자산 2,813,283,142 13,729,236,818
풍산홀딩스 005810 매출채권 17,185,876,338 17,728,965,757
풍산홀딩스 005810 재고자산 13,739,114,019 11,992,718,203
풍산홀딩스 005810 기타유동금융자산 0 0
풍산홀딩스 005810 기타유동자산 0 0
풍산홀딩스 005810 매각예정비유동자산 0 0
풍산홀딩스 005810 비유동자산 390,081,063,697 380,869,236,759
풍산홀딩스 005810 장기금융상품 1,500,000 1,500,000
풍산홀딩스 005810 기타포괄손익-공정가치 0 0
풍산홀딩스 005810 당기손익인식공정가치측정금융자산 0 0
풍산홀딩스 005810 종속회사투자 0 0
풍산홀딩스 005810 관계회사투자 0 0
풍산홀딩스 005810 렌탈자산 0 0
풍산홀딩스 005810 유형자산 45,215,930,209 45,550,204,858
풍산홀딩스 005810 무형자산 3,056,109,180 3,056,109,180
풍산홀딩스 005810 기타비유동금융자산 0 0
풍산홀딩스 005810 기타비유동자산 2,802,000 2,802,000
풍산홀딩스 005810 사용권자산 0 0
풍산홀딩스 005810 이연법인세자산 3,908,415,333 3,807,111,263
풍산홀딩스 005810 자산총계 491,169,141,828 482,699,333,441
풍산홀딩스 005810 유동부채 29,712,788,696 22,126,755,078
풍산홀딩스 005810 단기매입채무 0 0
풍산홀딩스 005810 단기차입금 0 0
풍산홀딩스 005810 유동성장기차입금 0 0
풍산홀딩스 005810 유동성사채 0 0
풍산홀딩스 005810 기타유동금융부채 0 0
풍산홀딩스 005810 기타유동부채 0 0
풍산홀딩스 005810 당기법인세부채 1,916,437,144 1,849,317,412
풍산홀딩스 005810 유동리스부채 0 0
풍산홀딩스 005810 비유동부채 26,003,584,521 25,277,958,478
풍산홀딩스 005810 사채 0 0
풍산홀딩스 005810 장기차입금 0 0
풍산홀딩스 005810 기타비유동금융부채 0 0
풍산홀딩스 005810 이연법인세부채 0 0
풍산홀딩스 005810 비유동리스부채 0 0
풍산홀딩스 005810 부채총계 55,716,373,217 47,404,713,556
풍산홀딩스 005810 자본금 45,175,835,000 45,175,835,000
풍산홀딩스 005810 자본잉여금 287,666,662,816 287,666,662,816
풍산홀딩스 005810 자본조정 -29,180,736,126 -29,180,736,126
풍산홀딩스 005810 기타포괄손익누계액 0 0
풍산홀딩스 005810 이익잉여금(결손금) 0 0
풍산홀딩스 005810 자본총계 435,452,768,611 435,294,619,885
풍산홀딩스 005810 자본과부채총계 0 0
date : 2017-06-30
풍산홀딩스 005810 유동자산 95,725,984,810 101,830,096,682
풍산홀딩스 005810 현금및현금성자산 6,577,683,085 13,729,236,818
풍산홀딩스 005810 매출채권 20,180,943,123 17,728,965,757
풍산홀딩스 005810 재고자산 13,803,862,685 11,992,718,203
풍산홀딩스 005810 기타유동금융자산 0 0
풍산홀딩스 005810 기타유동자산 0 0
풍산홀딩스 005810 매각예정비유동자산 0 0
풍산홀딩스 005810 비유동자산 391,701,403,692 380,869,236,759
풍산홀딩스 005810 장기금융상품 1,500,000 1,500,000
풍산홀딩스 005810 기타포괄손익-공정가치 0 0
풍산홀딩스 005810 당기손익인식공정가치측정금융자산 0 0
풍산홀딩스 005810 종속회사투자 0 0
풍산홀딩스 005810 관계회사투자 0 0
풍산홀딩스 005810 렌탈자산 0 0
풍산홀딩스 005810 유형자산 46,134,982,458 45,550,204,858
풍산홀딩스 005810 무형자산 3,056,109,180 3,056,109,180
풍산홀딩스 005810 기타비유동금융자산 0 0
풍산홀딩스 005810 기타비유동자산 2,802,000 2,802,000
풍산홀딩스 005810 사용권자산 0 0
풍산홀딩스 005810 이연법인세자산 4,028,729,856 3,807,111,263
풍산홀딩스 005810 자산총계 487,427,388,502 482,699,333,441
풍산홀딩스 005810 유동부채 22,509,103,906 22,126,755,078
풍산홀딩스 005810 단기매입채무 0 0
풍산홀딩스 005810 단기차입금 0 0
풍산홀딩스 005810 유동성장기차입금 0 0
풍산홀딩스 005810 유동성사채 0 0
풍산홀딩스 005810 기타유동금융부채 0 0
풍산홀딩스 005810 기타유동부채 0 0
풍산홀딩스 005810 당기법인세부채 1,821,436,777 1,849,317,412
풍산홀딩스 005810 유동리스부채 0 0
풍산홀딩스 005810 비유동부채 26,643,451,328 25,277,958,478
풍산홀딩스 005810 사채 0 0
풍산홀딩스 005810 장기차입금 0 0
풍산홀딩스 005810 기타비유동금융부채 0 0
풍산홀딩스 005810 이연법인세부채 0 0
풍산홀딩스 005810 비유동리스부채 0 0
풍산홀딩스 005810 부채총계 49,152,555,234 47,404,713,556
풍산홀딩스 005810 자본금 45,175,835,000 45,175,835,000
풍산홀딩스 005810 자본잉여금 287,666,662,816 287,666,662,816
풍산홀딩스 005810 자본조정 -29,180,736,126 -29,180,736,126
풍산홀딩스 005810 기타포괄손익누계액 0 0
풍산홀딩스 005810 이익잉여금(결손금) 0 0
풍산홀딩스 005810 자본총계 438,274,833,268 435,294,619,885
풍산홀딩스 005810 자본과부채총계 0 0
date : 2017-09-30
풍산홀딩스 005810 유동자산 99,307,226,635 101,830,096,682
풍산홀딩스 005810 현금및현금성자산 3,746,994,290 13,729,236,818
풍산홀딩스 005810 매출채권 23,035,038,340 17,728,965,757
풍산홀딩스 005810 재고자산 15,756,052,858 11,992,718,203
풍산홀딩스 005810 기타유동금융자산 0 0
풍산홀딩스 005810 기타유동자산 0 0
풍산홀딩스 005810 매각예정비유동자산 0 0
풍산홀딩스 005810 비유동자산 391,938,824,846 380,869,236,759
풍산홀딩스 005810 장기금융상품 1,500,000 1,500,000
풍산홀딩스 005810 기타포괄손익-공정가치 0 0
풍산홀딩스 005810 당기손익인식공정가치측정금융자산 0 0
풍산홀딩스 005810 종속회사투자 0 0
풍산홀딩스 005810 관계회사투자 0 0
풍산홀딩스 005810 렌탈자산 0 0
풍산홀딩스 005810 유형자산 46,300,038,748 45,550,204,858
풍산홀딩스 005810 무형자산 3,056,109,180 3,056,109,180
풍산홀딩스 005810 기타비유동금융자산 0 0
풍산홀딩스 005810 기타비유동자산 2,802,000 2,802,000
풍산홀딩스 005810 사용권자산 0 0
풍산홀딩스 005810 이연법인세자산 4,221,860,475 3,807,111,263
풍산홀딩스 005810 자산총계 491,246,051,481 482,699,333,441
풍산홀딩스 005810 유동부채 25,116,348,855 22,126,755,078
풍산홀딩스 005810 단기매입채무 0 0
풍산홀딩스 005810 단기차입금 0 0
풍산홀딩스 005810 유동성장기차입금 0 0
풍산홀딩스 005810 유동성사채 0 0
풍산홀딩스 005810 기타유동금융부채 0 0
풍산홀딩스 005810 기타유동부채 0 0
풍산홀딩스 005810 당기법인세부채 1,990,081,641 1,849,317,412
풍산홀딩스 005810 유동리스부채 0 0
풍산홀딩스 005810 비유동부채 26,731,376,497 25,277,958,478
풍산홀딩스 005810 사채 0 0
풍산홀딩스 005810 장기차입금 0 0
풍산홀딩스 005810 기타비유동금융부채 0 0
풍산홀딩스 005810 이연법인세부채 0 0
풍산홀딩스 005810 비유동리스부채 0 0
풍산홀딩스 005810 부채총계 51,847,725,352 47,404,713,556
풍산홀딩스 005810 자본금 45,175,835,000 45,175,835,000
풍산홀딩스 005810 자본잉여금 287,666,662,816 287,666,662,816
풍산홀딩스 005810 자본조정 -29,180,736,126 -29,180,736,126
풍산홀딩스 005810 기타포괄손익누계액 0 0
풍산홀딩스 005810 이익잉여금(결손금) 0 0
풍산홀딩스 005810 자본총계 439,398,326,129 435,294,619,885
풍산홀딩스 005810 자본과부채총계 491,246,051,481 482,699,333,441
date : 2017-12-31
풍산홀딩스 005810 유동자산 98,817,836,352 101,830,096,682
풍산홀딩스 005810 현금및현금성자산 7,777,497,731 13,729,236,818
풍산홀딩스 005810 매출채권 19,682,954,459 17,728,965,757
풍산홀딩스 005810 재고자산 15,672,209,253 11,992,718,203
풍산홀딩스 005810 기타유동금융자산 0 0
풍산홀딩스 005810 기타유동자산 0 0
풍산홀딩스 005810 매각예정비유동자산 0 0
풍산홀딩스 005810 비유동자산 393,338,311,438 380,869,236,759
풍산홀딩스 005810 장기금융상품 1,500,000 1,500,000
풍산홀딩스 005810 기타포괄손익-공정가치 0 0
풍산홀딩스 005810 당기손익인식공정가치측정금융자산 0 0
풍산홀딩스 005810 종속회사투자 0 0
풍산홀딩스 005810 관계회사투자 0 0
풍산홀딩스 005810 렌탈자산 0 0
풍산홀딩스 005810 유형자산 46,968,639,364 45,550,204,858
풍산홀딩스 005810 무형자산 3,056,109,180 3,056,109,180
풍산홀딩스 005810 기타비유동금융자산 0 0
풍산홀딩스 005810 기타비유동자산 2,802,000 2,802,000
풍산홀딩스 005810 사용권자산 0 0
풍산홀딩스 005810 이연법인세자산 3,784,006,891 3,807,111,263
풍산홀딩스 005810 자산총계 492,156,147,790 482,699,333,441
풍산홀딩스 005810 유동부채 26,870,485,093 22,126,755,078
풍산홀딩스 005810 단기매입채무 0 0
풍산홀딩스 005810 단기차입금 0 0
풍산홀딩스 005810 유동성장기차입금 0 0
풍산홀딩스 005810 유동성사채 0 0
풍산홀딩스 005810 기타유동금융부채 0 0
풍산홀딩스 005810 기타유동부채 0 0
풍산홀딩스 005810 당기법인세부채 1,404,290,696 1,849,317,412
풍산홀딩스 005810 유동리스부채 0 0
풍산홀딩스 005810 비유동부채 23,922,217,993 25,277,958,478
풍산홀딩스 005810 사채 0 0
풍산홀딩스 005810 장기차입금 0 0
풍산홀딩스 005810 기타비유동금융부채 0 0
풍산홀딩스 005810 이연법인세부채 0 0
풍산홀딩스 005810 비유동리스부채 0 0
풍산홀딩스 005810 부채총계 50,792,703,086 47,404,713,556
풍산홀딩스 005810 자본금 45,175,835,000 45,175,835,000
풍산홀딩스 005810 자본잉여금 287,666,662,816 287,666,662,816
풍산홀딩스 005810 자본조정 -29,180,736,126 -29,180,736,126
풍산홀딩스 005810 기타포괄손익누계액 0 0
풍산홀딩스 005810 이익잉여금(결손금) 0 0
풍산홀딩스 005810 자본총계 441,363,444,704 435,294,619,885
풍산홀딩스 005810 자본과부채총계 492,156,147,790 482,699,333,441
date : 2018-03-31
풍산홀딩스 005810 유동자산 96,745,608,736 98,817,836,352
풍산홀딩스 005810 현금및현금성자산 6,750,706,193 7,777,497,731
풍산홀딩스 005810 매출채권 17,994,906,199 19,682,954,459
풍산홀딩스 005810 재고자산 16,749,369,116 15,672,209,253
풍산홀딩스 005810 기타유동금융자산 0 0
풍산홀딩스 005810 기타유동자산 0 0
풍산홀딩스 005810 매각예정비유동자산 0 0
풍산홀딩스 005810 비유동자산 402,206,834,613 393,338,311,438
풍산홀딩스 005810 장기금융상품 1,500,000 1,500,000
풍산홀딩스 005810 기타포괄손익-공정가치 측정 금융자산
풍산홀딩스 005810 당기손익인식공정가치측정금융자산 0 0
풍산홀딩스 005810 종속회사투자 0 0
풍산홀딩스 005810 관계회사투자 0 0
풍산홀딩스 005810 렌탈자산 0 0
풍산홀딩스 005810 유형자산 47,686,625,661 46,968,639,364
풍산홀딩스 005810 무형자산 3,056,109,180 3,056,109,180
풍산홀딩스 005810 기타비유동금융자산 0 0
풍산홀딩스 005810 기타비유동자산 2,802,000 2,802,000
풍산홀딩스 005810 사용권자산 0 0
풍산홀딩스 005810 이연법인세자산 3,718,007,239 3,784,006,891
풍산홀딩스 005810 자산총계 498,952,443,349 492,156,147,790
풍산홀딩스 005810 유동부채 35,832,597,000 26,870,485,093
풍산홀딩스 005810 단기매입채무 0 0
풍산홀딩스 005810 단기차입금 0 0
풍산홀딩스 005810 유동성장기차입금 0 0
풍산홀딩스 005810 유동성사채 0 0
풍산홀딩스 005810 기타유동금융부채 0 0
풍산홀딩스 005810 기타유동부채 0 0
풍산홀딩스 005810 당기법인세부채 1,984,995,755 1,404,290,696
풍산홀딩스 005810 유동리스부채 0 0
풍산홀딩스 005810 비유동부채 24,035,810,526 23,922,217,993
풍산홀딩스 005810 사채 0 0
풍산홀딩스 005810 장기차입금 0 0
풍산홀딩스 005810 기타비유동금융부채 0 0
풍산홀딩스 005810 이연법인세부채 0 0
풍산홀딩스 005810 비유동리스부채 0 0
풍산홀딩스 005810 부채총계 59,868,407,526 50,792,703,086
풍산홀딩스 005810 자본금 45,175,835,000 45,175,835,000
풍산홀딩스 005810 자본잉여금 287,666,662,816 287,666,662,816
풍산홀딩스 005810 자본조정 -29,180,736,126 -29,180,736,126
풍산홀딩스 005810 기타포괄손익누계액 -2,664,096,412 0
풍산홀딩스 005810 이익잉여금(결손금) 0 0
풍산홀딩스 005810 자본총계 439,084,035,823 441,363,444,704
풍산홀딩스 005810 자본과부채총계 498,952,443,349 492,156,147,790
date : 2018-06-30
풍산홀딩스 005810 유동자산 88,717,881,365 98,817,836,352
풍산홀딩스 005810 현금및현금성자산 4,878,353,832 7,777,497,731
풍산홀딩스 005810 매출채권 23,574,030,083 19,682,954,459
풍산홀딩스 005810 재고자산 19,099,818,669 15,672,209,253
풍산홀딩스 005810 기타유동금융자산 0 0
풍산홀딩스 005810 기타유동자산 0 0
풍산홀딩스 005810 매각예정비유동자산 0 0
풍산홀딩스 005810 비유동자산 404,497,284,331 393,338,311,438
풍산홀딩스 005810 장기금융상품 1,500,000 1,500,000
풍산홀딩스 005810 기타포괄손익-공정가치 측정 금융자산
풍산홀딩스 005810 당기손익인식공정가치측정금융자산 0 0
풍산홀딩스 005810 종속회사투자 0 0
풍산홀딩스 005810 관계회사투자 0 0
풍산홀딩스 005810 렌탈자산 0 0
풍산홀딩스 005810 유형자산 47,992,430,720 46,968,639,364
풍산홀딩스 005810 무형자산 3,056,109,180 3,056,109,180
풍산홀딩스 005810 기타비유동금융자산 0 0
풍산홀딩스 005810 기타비유동자산 2,802,000 2,802,000
풍산홀딩스 005810 사용권자산 0 0
풍산홀딩스 005810 이연법인세자산 3,845,716,168 3,784,006,891
풍산홀딩스 005810 자산총계 493,215,165,696 492,156,147,790
풍산홀딩스 005810 유동부채 26,828,507,796 26,870,485,093
풍산홀딩스 005810 단기매입채무 0 0
풍산홀딩스 005810 단기차입금 0 0
풍산홀딩스 005810 유동성장기차입금 0 0
풍산홀딩스 005810 유동성사채 0 0
풍산홀딩스 005810 기타유동금융부채 0 0
풍산홀딩스 005810 기타유동부채 0 0
풍산홀딩스 005810 당기법인세부채 1,463,022,773 1,404,290,696
풍산홀딩스 005810 유동리스부채 0 0
풍산홀딩스 005810 비유동부채 24,614,758,567 23,922,217,993
풍산홀딩스 005810 사채 0 0
풍산홀딩스 005810 장기차입금 0 0
풍산홀딩스 005810 기타비유동금융부채 0 0
풍산홀딩스 005810 이연법인세부채 0 0
풍산홀딩스 005810 비유동리스부채 0 0
풍산홀딩스 005810 부채총계 51,443,266,363 50,792,703,086
풍산홀딩스 005810 자본금 45,175,835,000 45,175,835,000
풍산홀딩스 005810 자본잉여금 287,666,662,816 287,666,662,816
풍산홀딩스 005810 자본조정 -29,180,736,126 -29,180,736,126
풍산홀딩스 005810 기타포괄손익누계액 -2,664,096,412 0
풍산홀딩스 005810 이익잉여금(결손금) 0 0
풍산홀딩스 005810 자본총계 441,771,899,333 441,363,444,704
풍산홀딩스 005810 자본과부채총계 493,215,165,696 492,156,147,790
date : 2018-09-30
풍산홀딩스 005810 유동자산 86,751,568,650 98,817,836,352
풍산홀딩스 005810 현금및현금성자산 3,631,964,838 7,777,497,731
풍산홀딩스 005810 매출채권 24,425,393,672 19,682,954,459
풍산홀딩스 005810 재고자산 17,149,177,088 15,672,209,253
풍산홀딩스 005810 기타유동금융자산 0 0
풍산홀딩스 005810 기타유동자산 0 0
풍산홀딩스 005810 매각예정비유동자산 0 0
풍산홀딩스 005810 비유동자산 406,282,571,425 393,338,311,438
풍산홀딩스 005810 장기금융상품 1,500,000 1,500,000
풍산홀딩스 005810 기타포괄손익-공정가치 측정 금융자산
풍산홀딩스 005810 당기손익인식공정가치측정금융자산 0 0
풍산홀딩스 005810 종속회사투자 0 0
풍산홀딩스 005810 관계회사투자 0 0
풍산홀딩스 005810 렌탈자산 0 0
풍산홀딩스 005810 유형자산 47,418,133,360 46,968,639,364
풍산홀딩스 005810 무형자산 3,243,709,180 3,056,109,180
풍산홀딩스 005810 기타비유동금융자산 0 0
풍산홀딩스 005810 기타비유동자산 2,802,000 2,802,000
풍산홀딩스 005810 사용권자산 0 0
풍산홀딩스 005810 이연법인세자산 3,934,717,213 3,784,006,891
풍산홀딩스 005810 자산총계 493,034,140,075 492,156,147,790
풍산홀딩스 005810 유동부채 25,224,963,835 26,870,485,093
풍산홀딩스 005810 단기매입채무 0 0
풍산홀딩스 005810 단기차입금 0 0
풍산홀딩스 005810 유동성장기차입금 0 0
풍산홀딩스 005810 유동성사채 0 0
풍산홀딩스 005810 기타유동금융부채 0 0
풍산홀딩스 005810 기타유동부채 0 0
풍산홀딩스 005810 당기법인세부채 1,262,161,025 1,404,290,696
풍산홀딩스 005810 유동리스부채 0 0
풍산홀딩스 005810 비유동부채 24,729,316,511 23,922,217,993
풍산홀딩스 005810 사채 0 0
풍산홀딩스 005810 장기차입금 0 0
풍산홀딩스 005810 기타비유동금융부채 0 0
풍산홀딩스 005810 이연법인세부채 0 0
풍산홀딩스 005810 비유동리스부채 0 0
풍산홀딩스 005810 부채총계 49,954,280,346 50,792,703,086
풍산홀딩스 005810 자본금 45,175,835,000 45,175,835,000
풍산홀딩스 005810 자본잉여금 287,666,662,816 287,666,662,816
풍산홀딩스 005810 자본조정 -29,180,736,126 -29,180,736,126
풍산홀딩스 005810 기타포괄손익누계액 -2,664,096,412 0
풍산홀딩스 005810 이익잉여금(결손금) 0 0
풍산홀딩스 005810 자본총계 443,079,859,729 441,363,444,704
풍산홀딩스 005810 자본과부채총계 493,034,140,075 492,156,147,790
date : 2018-12-31
풍산홀딩스 005810 유동자산 87,795,614,698 98,817,836,352
풍산홀딩스 005810 현금및현금성자산 3,272,913,470 7,777,497,731
풍산홀딩스 005810 매출채권 23,492,303,415 19,682,954,459
풍산홀딩스 005810 재고자산 18,944,296,057 15,672,209,253
풍산홀딩스 005810 기타유동금융자산 0 0
풍산홀딩스 005810 기타유동자산 0 0
풍산홀딩스 005810 매각예정비유동자산 0 0
풍산홀딩스 005810 비유동자산 407,017,984,772 393,338,311,438
풍산홀딩스 005810 장기금융상품 1,500,000 1,500,000
풍산홀딩스 005810 기타포괄손익-공정가치 측정 금융자산
풍산홀딩스 005810 당기손익인식공정가치측정금융자산 0 0
풍산홀딩스 005810 종속회사투자 0 0
풍산홀딩스 005810 관계회사투자 0 0
풍산홀딩스 005810 렌탈자산 0 0
풍산홀딩스 005810 유형자산 47,121,953,436 46,968,639,364
풍산홀딩스 005810 무형자산 3,247,836,380 3,056,109,180
풍산홀딩스 005810 기타비유동금융자산 0 0
풍산홀딩스 005810 기타비유동자산 2,802,000 2,802,000
풍산홀딩스 005810 사용권자산 0 0
풍산홀딩스 005810 이연법인세자산 4,604,287,624 3,784,006,891
풍산홀딩스 005810 자산총계 494,813,599,470 492,156,147,790
풍산홀딩스 005810 유동부채 26,157,455,734 26,870,485,093
풍산홀딩스 005810 단기매입채무 0 0
풍산홀딩스 005810 단기차입금 0 0
풍산홀딩스 005810 유동성장기차입금 0 0
풍산홀딩스 005810 유동성사채 0 0
풍산홀딩스 005810 기타유동금융부채 0 0
풍산홀딩스 005810 기타유동부채 0 0
풍산홀딩스 005810 당기법인세부채 835,715,358 1,404,290,696
풍산홀딩스 005810 유동리스부채 0 0
풍산홀딩스 005810 비유동부채 27,241,588,203 23,922,217,993
풍산홀딩스 005810 사채 0 0
풍산홀딩스 005810 장기차입금 0 0
풍산홀딩스 005810 기타비유동금융부채 0 0
풍산홀딩스 005810 이연법인세부채 0 0
풍산홀딩스 005810 비유동리스부채 0 0
풍산홀딩스 005810 부채총계 53,399,043,937 50,792,703,086
풍산홀딩스 005810 자본금 45,175,835,000 45,175,835,000
풍산홀딩스 005810 자본잉여금 287,666,662,816 287,666,662,816
풍산홀딩스 005810 자본조정 -29,180,736,126 -29,180,736,126
풍산홀딩스 005810 기타포괄손익누계액 -2,508,480,895 0
풍산홀딩스 005810 이익잉여금(결손금) 0 0
풍산홀딩스 005810 자본총계 441,414,555,533 441,363,444,704
풍산홀딩스 005810 자본과부채총계 494,813,599,470 492,156,147,790
date : 2019-03-31
풍산홀딩스 005810 유동자산 92,909,768,488 87,795,614,698
풍산홀딩스 005810 현금및현금성자산 4,873,353,174 3,272,913,470
풍산홀딩스 005810 매출채권 23,247,943,800 23,492,303,415
풍산홀딩스 005810 재고자산 20,895,350,317 18,944,296,057
풍산홀딩스 005810 기타유동금융자산 0 0
풍산홀딩스 005810 기타유동자산 0 0
풍산홀딩스 005810 매각예정비유동자산 0 0
풍산홀딩스 005810 비유동자산 407,453,624,605 407,017,984,772
풍산홀딩스 005810 장기금융상품 1,500,000 1,500,000
풍산홀딩스 005810 기타포괄손익-공정가치 측정 금융자산
풍산홀딩스 005810 당기손익인식공정가치측정금융자산 0 0
풍산홀딩스 005810 종속회사투자 0 0
풍산홀딩스 005810 관계회사투자 0 0
풍산홀딩스 005810 렌탈자산 0 0
풍산홀딩스 005810 유형자산 47,646,346,606 47,121,953,436
풍산홀딩스 005810 무형자산 3,247,836,380 3,247,836,380
풍산홀딩스 005810 기타비유동금융자산 0 0
풍산홀딩스 005810 기타비유동자산 2,802,000 2,802,000
풍산홀딩스 005810 사용권자산 0 0
풍산홀딩스 005810 이연법인세자산 4,581,992,317 4,604,287,624
풍산홀딩스 005810 자산총계 500,363,393,093 494,813,599,470
풍산홀딩스 005810 유동부채 34,486,018,756 26,157,455,734
풍산홀딩스 005810 단기매입채무 0 0
풍산홀딩스 005810 단기차입금 0 0
풍산홀딩스 005810 유동성장기차입금 0 0
풍산홀딩스 005810 유동성사채 0 0
풍산홀딩스 005810 기타유동금융부채 0 0
풍산홀딩스 005810 기타유동부채 0 0
풍산홀딩스 005810 당기법인세부채 1,202,439,863 835,715,358
풍산홀딩스 005810 유동리스부채 0 0
풍산홀딩스 005810 비유동부채 27,835,607,011 27,241,588,203
풍산홀딩스 005810 사채 0 0
풍산홀딩스 005810 장기차입금 0 0
풍산홀딩스 005810 기타비유동금융부채 0 0
풍산홀딩스 005810 이연법인세부채 0 0
풍산홀딩스 005810 비유동리스부채 0 0
풍산홀딩스 005810 부채총계 62,321,625,767 53,399,043,937
풍산홀딩스 005810 자본금 45,175,835,000 45,175,835,000
풍산홀딩스 005810 자본잉여금 287,666,662,816 287,666,662,816
풍산홀딩스 005810 자본조정 -29,180,736,126 -29,180,736,126
풍산홀딩스 005810 기타포괄손익누계액 -2,508,480,895 -2,508,480,895
풍산홀딩스 005810 이익잉여금(결손금) 0 0
풍산홀딩스 005810 자본총계 438,041,767,326 441,414,555,533
풍산홀딩스 005810 자본과부채총계 500,363,393,093 494,813,599,470
