date : 2015-12-31
이수화학 005950 유동자산 209,293,325,142 297,528,506,323
이수화학 005950 현금및현금성자산 16,159,912,454 37,602,319,558
이수화학 005950 매출채권 114,723,339,805 147,942,030,349
이수화학 005950 재고자산 61,582,220,460 92,954,342,786
이수화학 005950 기타유동금융자산 3,532,135,541 2,932,034,366
이수화학 005950 기타유동자산 4,009,105,328 1,827,951,341
이수화학 005950 매각예정비유동자산 0 0
이수화학 005950 비유동자산 666,039,193,762 657,606,880,635
이수화학 005950 장기금융상품 0 0
이수화학 005950 기타포괄손익-공정가치 0 0
이수화학 005950 당기손익인식공정가치측정금융자산 0 0
이수화학 005950 종속회사투자 0 0
이수화학 005950 관계회사투자 0 0
이수화학 005950 렌탈자산 0 0
이수화학 005950 유형자산 183,518,069,202 184,895,214,089
이수화학 005950 무형자산 6,675,422,987 6,885,217,601
이수화학 005950 기타비유동금융자산 0 0
이수화학 005950 기타비유동자산 5,007,387,543 7,285,246,591
이수화학 005950 사용권자산 0 0
이수화학 005950 이연법인세자산 0 0
이수화학 005950 자산총계 875,332,518,904 955,135,386,958
이수화학 005950 유동부채 185,436,257,655 218,727,862,171
이수화학 005950 단기매입채무 0 0
이수화학 005950 단기차입금 58,250,000,000 43,000,000,000
이수화학 005950 유동성장기차입금 0 0
이수화학 005950 유동성사채 0 0
이수화학 005950 기타유동금융부채 8,044,793,264 6,977,908,372
이수화학 005950 기타유동부채 2,046,903,722 1,655,559,369
이수화학 005950 당기법인세부채 1,235,896,937 43,000,000,000
이수화학 005950 유동리스부채 0 0
이수화학 005950 비유동부채 158,099,545,206 191,424,300,407
이수화학 005950 사채 0 0
이수화학 005950 장기차입금 133,775,691,240 168,395,142,393
이수화학 005950 기타비유동금융부채 8,637,229,131 9,092,942,352
이수화학 005950 이연법인세부채 15,686,624,835 13,936,215,662
이수화학 005950 비유동리스부채 0 0
이수화학 005950 부채총계 343,535,802,861 410,152,162,578
이수화학 005950 자본금 76,390,000,000 76,390,000,000
이수화학 005950 자본잉여금 130,092,427,097 130,059,697,097
이수화학 005950 자본조정 0 0
이수화학 005950 기타포괄손익누계액 7,712,779,957 660,851,726
이수화학 005950 이익잉여금(결손금) 329,609,851,579 347,749,325,967
이수화학 005950 자본총계 531,796,716,043 544,983,224,380
이수화학 005950 자본과부채총계 875,332,518,904 955,135,386,958
date : 2016-03-31
이수화학 005950 유동자산 221,703,601,256 209,293,325,142
이수화학 005950 현금및현금성자산 28,687,064,479 16,159,912,454
이수화학 005950 매출채권 126,424,976,192 114,723,339,805
이수화학 005950 재고자산 54,761,705,102 61,582,220,460
이수화학 005950 기타유동금융자산 3,256,297,126 3,532,135,541
이수화학 005950 기타유동자산 167,074,864 4,009,105,328
이수화학 005950 매각예정비유동자산 0 0
이수화학 005950 비유동자산 689,545,193,212 688,614,422,730
이수화학 005950 장기금융상품 0 0
이수화학 005950 기타포괄손익-공정가치 0 0
이수화학 005950 당기손익인식공정가치측정금융자산 0 0
이수화학 005950 종속회사투자 0 0
이수화학 005950 관계회사투자 0 0
이수화학 005950 렌탈자산 0 0
이수화학 005950 유형자산 185,078,274,328 183,518,069,202
이수화학 005950 무형자산 6,579,228,351 6,675,422,987
이수화학 005950 기타비유동금융자산 0 0
이수화학 005950 기타비유동자산 3,058,751,386 5,007,387,543
이수화학 005950 사용권자산 0 0
이수화학 005950 이연법인세자산 0 0
이수화학 005950 자산총계 911,248,794,468 897,907,747,872
이수화학 005950 유동부채 222,425,718,952 185,436,257,655
이수화학 005950 단기매입채무 0 0
이수화학 005950 단기차입금 52,500,000,000 58,250,000,000
이수화학 005950 유동성장기차입금 0 0
이수화학 005950 유동성사채 0 0
이수화학 005950 기타유동금융부채 16,423,449,619 8,044,793,264
이수화학 005950 기타유동부채 6,470,998,399 2,046,903,722
이수화학 005950 당기법인세부채 978,461,642 58,250,000,000
이수화학 005950 유동리스부채 0 0
이수화학 005950 비유동부채 136,579,661,409 158,099,545,206
이수화학 005950 사채 0 0
이수화학 005950 장기차입금 112,978,291,897 133,775,691,240
이수화학 005950 기타비유동금융부채 6,872,080,966 8,637,229,131
이수화학 005950 이연법인세부채 15,828,657,978 15,686,624,835
이수화학 005950 비유동리스부채 0 0
이수화학 005950 부채총계 359,005,380,361 343,535,802,861
이수화학 005950 자본금 76,390,000,000 76,390,000,000
이수화학 005950 자본잉여금 130,092,427,097 130,092,427,097
이수화학 005950 자본조정 0 0
이수화학 005950 기타포괄손익누계액 7,712,779,957 7,712,779,957
이수화학 005950 이익잉여금(결손금) 351,132,345,513 352,185,080,547
이수화학 005950 자본총계 552,243,414,107 554,371,945,011
이수화학 005950 자본과부채총계 911,248,794,468 897,907,747,872
date : 2016-06-30
이수화학 005950 유동자산 238,604,950,439 209,293,325,142
이수화학 005950 현금및현금성자산 29,784,398,824 16,159,912,454
이수화학 005950 매출채권 133,876,167,811 114,723,339,805
이수화학 005950 재고자산 62,851,134,162 61,582,220,460
이수화학 005950 기타유동금융자산 2,589,009,290 3,532,135,541
이수화학 005950 기타유동자산 1,088,738,005 4,009,105,328
이수화학 005950 매각예정비유동자산 0 0
이수화학 005950 비유동자산 687,463,082,721 688,614,422,730
이수화학 005950 장기금융상품 0 0
이수화학 005950 기타포괄손익-공정가치 0 0
이수화학 005950 당기손익인식공정가치측정금융자산 0 0
이수화학 005950 종속회사투자 0 0
이수화학 005950 관계회사투자 0 0
이수화학 005950 렌탈자산 0 0
이수화학 005950 유형자산 186,048,687,058 183,518,069,202
이수화학 005950 무형자산 6,441,403,714 6,675,422,987
이수화학 005950 기타비유동금융자산 0 0
이수화학 005950 기타비유동자산 3,746,512,522 5,007,387,543
이수화학 005950 사용권자산 0 0
이수화학 005950 이연법인세자산 0 0
이수화학 005950 자산총계 926,068,033,160 897,907,747,872
이수화학 005950 유동부채 222,233,250,940 185,436,257,655
이수화학 005950 단기매입채무 0 0
이수화학 005950 단기차입금 51,750,000,000 58,250,000,000
이수화학 005950 유동성장기차입금 0 0
이수화학 005950 유동성사채 0 0
이수화학 005950 기타유동금융부채 10,545,861,643 8,044,793,264
이수화학 005950 기타유동부채 10,138,561,402 2,046,903,722
이수화학 005950 당기법인세부채 3,646,869,565 0
이수화학 005950 유동리스부채 0 0
이수화학 005950 비유동부채 135,741,632,553 158,099,545,206
이수화학 005950 사채 0 0
이수화학 005950 장기차입금 111,259,922,985 133,775,691,240
이수화학 005950 기타비유동금융부채 6,963,583,872 8,637,229,131
이수화학 005950 이연법인세부채 15,935,598,751 15,686,624,835
이수화학 005950 비유동리스부채 0 0
이수화학 005950 부채총계 357,974,883,493 343,535,802,861
이수화학 005950 자본금 76,390,000,000 76,390,000,000
이수화학 005950 자본잉여금 130,092,427,097 130,092,427,097
이수화학 005950 자본조정 0 0
이수화학 005950 기타포괄손익누계액 7,712,779,957 7,712,779,957
이수화학 005950 이익잉여금(결손금) 366,982,081,073 352,185,080,547
이수화학 005950 자본총계 568,093,149,667 554,371,945,011
이수화학 005950 자본과부채총계 926,068,033,160 897,907,747,872
date : 2016-09-30
이수화학 005950 유동자산 215,238,249,008 209,293,325,142
이수화학 005950 현금및현금성자산 18,838,130,481 16,159,912,454
이수화학 005950 매출채권 113,939,226,580 114,723,339,805
이수화학 005950 재고자산 69,543,179,131 61,582,220,460
이수화학 005950 기타유동금융자산 3,501,326,427 3,532,135,541
이수화학 005950 기타유동자산 1,593,783,844 4,009,105,328
이수화학 005950 매각예정비유동자산 0 0
이수화학 005950 비유동자산 678,993,949,249 688,614,422,730
이수화학 005950 장기금융상품 0 0
이수화학 005950 기타포괄손익-공정가치 0 0
이수화학 005950 당기손익인식공정가치측정금융자산 0 0
이수화학 005950 종속회사투자 0 0
이수화학 005950 관계회사투자 0 0
이수화학 005950 렌탈자산 0 0
이수화학 005950 유형자산 185,582,068,111 183,518,069,202
이수화학 005950 무형자산 6,509,781,650 6,675,422,987
이수화학 005950 기타비유동금융자산 0 0
이수화학 005950 기타비유동자산 3,537,772,916 5,007,387,543
이수화학 005950 사용권자산 0 0
이수화학 005950 이연법인세자산 0 0
이수화학 005950 자산총계 894,232,198,257 897,907,747,872
이수화학 005950 유동부채 233,218,564,348 185,436,257,655
이수화학 005950 단기매입채무 0 0
이수화학 005950 단기차입금 94,000,000,000 58,250,000,000
이수화학 005950 유동성장기차입금 0 0
이수화학 005950 유동성사채 0 0
이수화학 005950 기타유동금융부채 9,957,507,194 8,044,793,264
이수화학 005950 기타유동부채 9,824,341,445 2,046,903,722
이수화학 005950 당기법인세부채 4,306,864,124 0
이수화학 005950 유동리스부채 0 0
이수화학 005950 비유동부채 88,446,371,659 158,099,545,206
이수화학 005950 사채 0 0
이수화학 005950 장기차입금 63,320,825,049 133,775,691,240
이수화학 005950 기타비유동금융부채 6,738,321,042 8,637,229,131
이수화학 005950 이연법인세부채 16,121,400,189 15,686,624,835
이수화학 005950 비유동리스부채 0 0
이수화학 005950 부채총계 321,664,936,007 343,535,802,861
이수화학 005950 자본금 76,390,000,000 76,390,000,000
이수화학 005950 자본잉여금 130,092,427,097 130,092,427,097
이수화학 005950 자본조정 0 0
이수화학 005950 기타포괄손익누계액 8,168,735,592 7,712,779,957
이수화학 005950 이익잉여금(결손금) 371,000,238,021 352,185,080,547
이수화학 005950 자본총계 572,567,262,250 554,371,945,011
이수화학 005950 자본과부채총계 894,232,198,257 897,907,747,872
date : 2016-12-31
이수화학 005950 유동자산 258,039,516,490 209,293,325,142
이수화학 005950 현금및현금성자산 39,085,508,003 16,159,912,454
이수화학 005950 매출채권 131,340,598,218 114,723,339,805
이수화학 005950 재고자산 77,362,584,840 61,582,220,460
이수화학 005950 기타유동금융자산 1,310,714,682 3,532,135,541
이수화학 005950 기타유동자산 1,837,517,541 4,009,105,328
이수화학 005950 매각예정비유동자산 0 0
이수화학 005950 비유동자산 660,352,956,976 666,039,193,762
이수화학 005950 장기금융상품 0 0
이수화학 005950 기타포괄손익-공정가치 0 0
이수화학 005950 당기손익인식공정가치측정금융자산 0 0
이수화학 005950 종속회사투자 0 0
이수화학 005950 관계회사투자 0 0
이수화학 005950 렌탈자산 0 0
이수화학 005950 유형자산 188,520,974,620 183,518,069,202
이수화학 005950 무형자산 6,560,605,683 6,675,422,987
이수화학 005950 기타비유동금융자산 0 0
이수화학 005950 기타비유동자산 3,912,008,025 5,007,387,543
이수화학 005950 사용권자산 0 0
이수화학 005950 이연법인세자산 0 0
이수화학 005950 자산총계 918,392,473,466 875,332,518,904
이수화학 005950 유동부채 292,941,352,076 185,436,257,655
이수화학 005950 단기매입채무 0 0
이수화학 005950 단기차입금 159,834,000,000 58,250,000,000
이수화학 005950 유동성장기차입금 75,158,253,003 109,264,843,465
이수화학 005950 유동성사채 0 0
이수화학 005950 기타유동금융부채 16,978,849,115 8,044,793,264
이수화학 005950 기타유동부채 7,120,180,579 2,046,903,722
이수화학 005950 당기법인세부채 5,496,858,055 58,250,000,000
이수화학 005950 유동리스부채 0 0
이수화학 005950 비유동부채 76,071,033,803 158,099,545,206
이수화학 005950 사채 0 0
이수화학 005950 장기차입금 52,994,100,037 133,775,691,240
이수화학 005950 기타비유동금융부채 7,093,344,898 8,637,229,131
이수화학 005950 이연법인세부채 15,133,632,393 15,686,624,835
이수화학 005950 비유동리스부채 0 0
이수화학 005950 부채총계 369,012,385,879 343,535,802,861
이수화학 005950 자본금 76,390,000,000 76,390,000,000
이수화학 005950 자본잉여금 130,092,427,097 130,092,427,097
이수화학 005950 자본조정 0 0
이수화학 005950 기타포괄손익누계액 7,828,317,792 7,712,779,957
이수화학 005950 이익잉여금(결손금) 348,153,481,158 329,609,851,579
이수화학 005950 자본총계 549,380,087,587 531,796,716,043
이수화학 005950 자본과부채총계 918,392,473,466 875,332,518,904
date : 2017-03-31
이수화학 005950 유동자산 251,062,517,915 258,039,516,490
이수화학 005950 현금및현금성자산 38,177,184,173 39,085,508,003
이수화학 005950 매출채권 123,519,490,073 131,340,598,218
이수화학 005950 재고자산 78,461,085,472 77,362,584,840
이수화학 005950 기타유동금융자산 2,793,720,229 1,310,714,682
이수화학 005950 기타유동자산 1,406,727,723 1,837,517,541
이수화학 005950 매각예정비유동자산 0 0
이수화학 005950 비유동자산 681,402,423,159 683,218,789,199
이수화학 005950 장기금융상품 0 0
이수화학 005950 기타포괄손익-공정가치 0 0
이수화학 005950 당기손익인식공정가치측정금융자산 0 0
이수화학 005950 종속회사투자 0 0
이수화학 005950 관계회사투자 0 0
이수화학 005950 렌탈자산 0 0
이수화학 005950 유형자산 188,488,173,140 188,520,974,620
이수화학 005950 무형자산 6,457,583,281 6,560,605,683
이수화학 005950 기타비유동금융자산 0 0
이수화학 005950 기타비유동자산 3,937,266,331 3,912,008,025
이수화학 005950 사용권자산 0 0
이수화학 005950 이연법인세자산 0 0
이수화학 005950 자산총계 932,464,941,074 941,258,305,689
이수화학 005950 유동부채 289,076,143,784 292,941,352,076
이수화학 005950 단기매입채무 0 0
이수화학 005950 단기차입금 179,700,000,000 159,834,000,000
이수화학 005950 유동성장기차입금 0 0
이수화학 005950 유동성사채 0 0
이수화학 005950 기타유동금융부채 15,836,836,853 16,978,849,115
이수화학 005950 기타유동부채 10,891,940,475 7,120,180,579
이수화학 005950 당기법인세부채 2,945,085,097 5,496,858,055
이수화학 005950 유동리스부채 0 0
이수화학 005950 비유동부채 77,629,216,438 76,071,033,803
이수화학 005950 사채 0 0
이수화학 005950 장기차입금 52,671,133,878 52,994,100,037
이수화학 005950 기타비유동금융부채 7,124,265,623 7,093,344,898
이수화학 005950 이연법인세부채 15,251,831,477 15,133,632,393
이수화학 005950 비유동리스부채 0 0
이수화학 005950 부채총계 366,705,360,222 369,012,385,879
이수화학 005950 자본금 76,390,000,000 76,390,000,000
이수화학 005950 자본잉여금 130,092,427,097 130,092,427,097
이수화학 005950 자본조정 0 0
이수화학 005950 기타포괄손익누계액 7,828,317,792 7,828,317,792
이수화학 005950 이익잉여금(결손금) 364,532,974,423 371,019,313,381
이수화학 005950 자본총계 565,759,580,852 572,245,919,810
이수화학 005950 자본과부채총계 932,464,941,074 941,258,305,689
date : 2017-06-30
이수화학 005950 유동자산 239,231,223,318 258,039,516,490
이수화학 005950 현금및현금성자산 41,038,520,790 39,085,508,003
이수화학 005950 매출채권 110,793,558,427 131,340,598,218
이수화학 005950 재고자산 78,272,006,743 77,362,584,840
이수화학 005950 기타유동금융자산 1,646,605,037 1,310,714,682
이수화학 005950 기타유동자산 941,669,634 1,837,517,541
이수화학 005950 매각예정비유동자산 0 0
이수화학 005950 비유동자산 688,330,368,027 683,218,789,199
이수화학 005950 장기금융상품 0 0
이수화학 005950 기타포괄손익-공정가치 0 0
이수화학 005950 당기손익인식공정가치측정금융자산 0 0
이수화학 005950 종속회사투자 0 0
이수화학 005950 관계회사투자 0 0
이수화학 005950 렌탈자산 0 0
이수화학 005950 유형자산 192,691,682,296 188,520,974,620
이수화학 005950 무형자산 6,402,429,759 6,560,605,683
이수화학 005950 기타비유동금융자산 0 0
이수화학 005950 기타비유동자산 3,746,539,356 3,912,008,025
이수화학 005950 사용권자산 0 0
이수화학 005950 이연법인세자산 0 0
이수화학 005950 자산총계 927,561,591,345 941,258,305,689
이수화학 005950 유동부채 275,266,175,119 292,941,352,076
이수화학 005950 단기매입채무 0 0
이수화학 005950 단기차입금 170,900,000,000 159,834,000,000
이수화학 005950 유동성장기차입금 0 0
이수화학 005950 유동성사채 0 0
이수화학 005950 기타유동금융부채 12,425,614,703 16,978,849,115
이수화학 005950 기타유동부채 9,959,573,766 7,120,180,579
이수화학 005950 당기법인세부채 2,252,089,764 5,496,858,055
이수화학 005950 유동리스부채 0 0
이수화학 005950 비유동부채 79,005,712,860 76,071,033,803
이수화학 005950 사채 0 0
이수화학 005950 장기차입금 55,848,451,385 52,994,100,037
이수화학 005950 기타비유동금융부채 6,941,980,819 7,093,344,898
이수화학 005950 이연법인세부채 15,060,210,498 15,133,632,393
이수화학 005950 비유동리스부채 0 0
이수화학 005950 부채총계 354,271,887,979 369,012,385,879
이수화학 005950 자본금 76,390,000,000 76,390,000,000
이수화학 005950 자본잉여금 130,092,427,097 130,092,427,097
이수화학 005950 자본조정 0 0
이수화학 005950 기타포괄손익누계액 7,468,267,792 7,828,317,792
이수화학 005950 이익잉여금(결손금) 372,423,146,937 371,019,313,381
이수화학 005950 자본총계 573,289,703,366 572,245,919,810
이수화학 005950 자본과부채총계 927,561,591,345 941,258,305,689
date : 2017-09-30
이수화학 005950 유동자산 254,064,632,454 258,039,516,490
이수화학 005950 현금및현금성자산 47,222,480,839 39,085,508,003
이수화학 005950 매출채권 및 기타유동채권
이수화학 005950 재고자산 84,525,244,005 77,362,584,840
이수화학 005950 기타유동금융자산 1,316,512,616 1,310,714,682
이수화학 005950 기타유동자산 1,303,792,646 1,837,517,541
이수화학 005950 매각예정비유동자산 0 0
이수화학 005950 비유동자산 693,967,345,914 683,218,789,199
이수화학 005950 장기금융상품 0 0
이수화학 005950 기타포괄손익-공정가치 0 0
이수화학 005950 당기손익인식공정가치측정금융자산 0 0
이수화학 005950 종속회사투자 0 0
이수화학 005950 관계회사투자 0 0
이수화학 005950 렌탈자산 0 0
이수화학 005950 유형자산 194,537,809,063 188,520,974,620
이수화학 005950 무형자산 6,464,439,178 6,560,605,683
이수화학 005950 기타비유동금융자산 15,464,089,400 18,147,492,755
이수화학 005950 기타비유동자산 3,392,745,055 3,912,008,025
이수화학 005950 사용권자산 0 0
이수화학 005950 이연법인세자산 0 0
이수화학 005950 자산총계 948,031,978,368 941,258,305,689
이수화학 005950 유동부채 310,748,728,778 292,941,352,076
이수화학 005950 단기매입채무 28,980,074,022 28,353,211,324
이수화학 005950 단기차입금 215,586,800,000 159,834,000,000
이수화학 005950 유동성장기차입금 40,407,167,727 75,158,253,003
이수화학 005950 유동성사채 0 0
이수화학 005950 기타유동금융부채 12,539,744,523 16,978,849,115
이수화학 005950 기타유동부채 10,621,091,672 7,120,180,579
이수화학 005950 당기법인세부채 2,613,850,834 5,496,858,055
이수화학 005950 유동리스부채 0 0
이수화학 005950 비유동부채 61,405,381,423 76,071,033,803
이수화학 005950 사채 0 0
이수화학 005950 장기차입금 38,604,942,556 76,071,033,803
이수화학 005950 기타비유동금융부채 6,484,601,664 7,093,344,898
이수화학 005950 이연법인세부채 14,329,632,463 15,133,632,393
이수화학 005950 비유동리스부채 0 0
이수화학 005950 부채총계 372,154,110,201 369,012,385,879
이수화학 005950 자본금 76,390,000,000 76,390,000,000
이수화학 005950 자본잉여금 130,092,427,097 130,092,427,097
이수화학 005950 자본조정 0 0
이수화학 005950 기타포괄손익누계액 5,341,052,065 7,828,317,792
이수화학 005950 이익잉여금(결손금) 377,138,527,465 371,019,313,381
이수화학 005950 자본총계 575,877,868,167 572,245,919,810
이수화학 005950 자본과부채총계 948,031,978,368 941,258,305,689
date : 2017-12-31
이수화학 005950 유동자산 251,354,272,346 258,039,516,490
이수화학 005950 현금및현금성자산 55,525,882,595 39,085,508,003
이수화학 005950 매출채권 및 기타유동채권
이수화학 005950 재고자산 87,089,340,603 77,362,584,840
이수화학 005950 기타유동금융자산 3,480,860,362 1,310,714,682
이수화학 005950 기타유동자산 539,952,845 1,837,517,541
이수화학 005950 매각예정비유동자산 0 0
이수화학 005950 비유동자산 652,346,392,263 628,730,293,278
이수화학 005950 장기금융상품 0 0
이수화학 005950 기타포괄손익-공정가치 0 0
이수화학 005950 당기손익인식공정가치측정금융자산 0 0
이수화학 005950 종속회사투자 0 0
이수화학 005950 관계회사투자 0 0
이수화학 005950 렌탈자산 0 0
이수화학 005950 유형자산 201,430,305,286 188,520,974,620
이수화학 005950 무형자산 6,190,170,186 6,560,605,683
이수화학 005950 기타비유동금융자산 19,272,474,432 18,147,492,755
이수화학 005950 기타비유동자산 4,756,949,645 3,912,008,025
이수화학 005950 사용권자산 0 0
이수화학 005950 이연법인세자산 0 0
이수화학 005950 자산총계 903,700,664,609 886,769,809,768
이수화학 005950 유동부채 350,975,498,097 292,941,352,076
이수화학 005950 단기매입채무 28,268,938,137 28,353,211,324
이수화학 005950 단기차입금 251,185,600,000 159,834,000,000
이수화학 005950 유동성장기차입금 50,587,804,257 75,158,253,003
이수화학 005950 유동성사채 0 0
이수화학 005950 기타유동금융부채 13,569,857,829 16,978,849,115
이수화학 005950 기타유동부채 7,363,297,874 7,120,180,579
이수화학 005950 당기법인세부채 5,496,858,055 75,158,253,003
이수화학 005950 유동리스부채 0 0
이수화학 005950 비유동부채 39,069,517,884 76,071,033,803
이수화학 005950 사채 0 0
이수화학 005950 장기차입금 17,608,295,934 52,994,100,037
이수화학 005950 기타비유동금융부채 6,316,898,808 7,093,344,898
이수화학 005950 이연법인세부채 15,144,323,142 15,133,632,393
이수화학 005950 비유동리스부채 0 0
이수화학 005950 부채총계 390,045,015,981 369,012,385,879
이수화학 005950 자본금 76,390,000,000 76,390,000,000
이수화학 005950 자본잉여금 130,092,427,097 130,092,427,097
이수화학 005950 자본조정 0 0
이수화학 005950 기타포괄손익누계액 7,921,412,794 7,915,687,271
이수화학 005950 이익잉여금(결손금) 312,335,947,197 316,443,447,981
이수화학 005950 자본총계 513,655,648,628 517,757,423,889
이수화학 005950 자본과부채총계 903,700,664,609 886,769,809,768
date : 2018-03-31
이수화학 005950 유동자산 248,949,590,002 251,354,272,346
이수화학 005950 현금및현금성자산 29,982,104,370 55,525,882,595
이수화학 005950 매출채권 및 기타유동채권
이수화학 005950 재고자산 82,750,985,549 87,089,340,603
이수화학 005950 기타유동금융자산 934,971,560 3,480,860,362
이수화학 005950 기타유동자산 449,345,622 539,952,845
이수화학 005950 매각예정비유동자산 0 0
이수화학 005950 비유동자산 658,850,576,915 652,346,392,263
이수화학 005950 장기금융상품 0 0
이수화학 005950 기타포괄손익-공정가치 0 0
이수화학 005950 당기손익인식공정가치측정금융자산 0 0
이수화학 005950 종속회사투자 0 0
이수화학 005950 관계회사투자 0 0
이수화학 005950 렌탈자산 0 0
이수화학 005950 유형자산 201,421,956,749 201,430,305,286
이수화학 005950 무형자산 6,117,786,885 6,190,170,186
이수화학 005950 기타비유동금융자산 22,452,990,534 19,272,474,432
이수화학 005950 기타비유동자산 4,488,118,813 4,756,949,645
이수화학 005950 사용권자산 0 0
이수화학 005950 이연법인세자산 0 0
이수화학 005950 자산총계 907,800,166,917 903,700,664,609
이수화학 005950 유동부채 359,563,435,552 350,975,498,097
이수화학 005950 단기매입채무 25,885,496,234 28,268,938,137
이수화학 005950 단기차입금 251,000,000,000 251,185,600,000
이수화학 005950 유동성장기차입금 50,772,626,538 50,587,804,257
이수화학 005950 유동성사채 0 0
이수화학 005950 기타유동금융부채 18,696,941,183 13,569,857,829
이수화학 005950 기타유동부채 12,710,088,357 7,363,297,874
이수화학 005950 당기법인세부채 498,283,240 50,587,804,257
이수화학 005950 유동리스부채 0 0
이수화학 005950 비유동부채 38,889,318,189 39,069,517,884
이수화학 005950 사채 0 0
이수화학 005950 장기차입금 16,611,377,977 17,608,295,934
이수화학 005950 기타비유동금융부채 6,605,129,204 6,316,898,808
이수화학 005950 이연법인세부채 15,672,811,008 15,144,323,142
이수화학 005950 비유동리스부채 0 0
이수화학 005950 부채총계 398,452,753,741 390,045,015,981
이수화학 005950 자본금 76,390,000,000 76,390,000,000
이수화학 005950 자본잉여금 130,092,427,097 130,092,427,097
이수화학 005950 자본조정 0 0
이수화학 005950 기타포괄손익누계액 9,047,434,038 7,921,412,794
이수화학 005950 이익잉여금(결손금) 306,901,690,501 312,335,947,197
이수화학 005950 자본총계 509,347,413,176 513,655,648,628
이수화학 005950 자본과부채총계 907,800,166,917 903,700,664,609
date : 2018-06-30
이수화학 005950 유동자산 264,429,801,071 251,354,272,346
이수화학 005950 현금및현금성자산 19,541,217,890 55,525,882,595
이수화학 005950 매출채권 135,649,571,194 100,026,296,069
이수화학 005950 재고자산 101,169,432,971 87,089,340,603
이수화학 005950 기타유동금융자산 94,227,635 3,480,860,362
이수화학 005950 기타유동자산 3,526,003,286 539,952,845
이수화학 005950 매각예정비유동자산 0 0
이수화학 005950 비유동자산 669,628,442,452 652,346,392,263
이수화학 005950 장기금융상품 0 0
이수화학 005950 기타포괄손익-공정가치 0 0
이수화학 005950 당기손익인식공정가치측정금융자산 0 0
이수화학 005950 종속회사투자 0 0
이수화학 005950 관계회사투자 0 0
이수화학 005950 렌탈자산 0 0
이수화학 005950 유형자산 204,150,091,077 201,430,305,286
이수화학 005950 무형자산 6,381,261,982 6,190,170,186
이수화학 005950 기타비유동금융자산 25,912,084,055 19,272,474,432
이수화학 005950 기타비유동자산 6,047,509,667 4,756,949,645
이수화학 005950 사용권자산 0 0
이수화학 005950 이연법인세자산 0 0
이수화학 005950 자산총계 934,058,243,523 903,700,664,609
이수화학 005950 유동부채 375,543,788,389 350,975,498,097
이수화학 005950 단기매입채무 0 0
이수화학 005950 단기차입금 257,000,000,000 251,185,600,000
이수화학 005950 유동성장기차입금 0 0
이수화학 005950 유동성사채 0 0
이수화학 005950 기타유동금융부채 13,780,914,462 13,569,857,829
이수화학 005950 기타유동부채 14,654,443,374 7,363,297,874
이수화학 005950 당기법인세부채 2,716,121,346 251,185,600,000
이수화학 005950 유동리스부채 0 0
이수화학 005950 비유동부채 39,073,665,637 39,069,517,884
이수화학 005950 사채 0 0
이수화학 005950 장기차입금 0 0
이수화학 005950 기타비유동금융부채 7,436,637,238 6,316,898,808
이수화학 005950 이연법인세부채 16,022,841,584 15,144,323,142
이수화학 005950 비유동리스부채 0 0
이수화학 005950 부채총계 414,617,454,026 390,045,015,981
이수화학 005950 자본금 76,390,000,000 76,390,000,000
이수화학 005950 자본잉여금 130,092,427,097 130,092,427,097
이수화학 005950 자본조정 0 0
이수화학 005950 기타포괄손익누계액 12,003,919,877 7,921,412,794
이수화학 005950 이익잉여금(결손금) 0 0
이수화학 005950 자본총계 519,440,789,497 513,655,648,628
이수화학 005950 자본과부채총계 934,058,243,523 903,700,664,609
date : 2018-09-30
이수화학 005950 유동자산 280,632,167,229 251,354,272,346
이수화학 005950 현금및현금성자산 40,161,577,457 55,525,882,595
이수화학 005950 매출채권 123,121,464,522 100,026,296,069
이수화학 005950 재고자산 112,023,100,467 87,089,340,603
이수화학 005950 기타유동금융자산 534,889,970 3,480,860,362
이수화학 005950 기타유동자산 2,483,059,885 539,952,845
이수화학 005950 매각예정비유동자산 0 0
이수화학 005950 비유동자산 669,246,177,040 652,346,392,263
이수화학 005950 장기금융상품 0 0
이수화학 005950 기타포괄손익-공정가치 0 0
이수화학 005950 당기손익인식공정가치측정금융자산 0 0
이수화학 005950 종속회사투자 0 0
이수화학 005950 관계회사투자 0 0
이수화학 005950 렌탈자산 0 0
이수화학 005950 유형자산 208,226,576,047 201,430,305,286
이수화학 005950 무형자산 6,347,556,308 6,190,170,186
이수화학 005950 기타비유동금융자산 25,540,058,295 19,272,474,432
이수화학 005950 기타비유동자산 4,874,128,371 4,756,949,645
이수화학 005950 사용권자산 0 0
이수화학 005950 이연법인세자산 0 0
이수화학 005950 자산총계 949,878,344,269 903,700,664,609
이수화학 005950 유동부채 334,285,314,894 350,975,498,097
이수화학 005950 단기매입채무 0 0
이수화학 005950 단기차입금 230,150,000,000 251,185,600,000
이수화학 005950 유동성장기차입금 0 0
이수화학 005950 유동성사채 0 0
이수화학 005950 기타유동금융부채 12,852,527,703 13,569,857,829
이수화학 005950 기타유동부채 16,835,898,832 7,363,297,874
이수화학 005950 당기법인세부채 5,297,325,310 251,185,600,000
이수화학 005950 유동리스부채 0 0
이수화학 005950 비유동부채 38,665,562,127 39,069,517,884
이수화학 005950 사채 0 0
이수화학 005950 장기차입금 14,616,720,565 17,608,295,934
이수화학 005950 기타비유동금융부채 7,212,562,075 6,316,898,808
이수화학 005950 이연법인세부채 16,836,279,487 15,144,323,142
이수화학 005950 비유동리스부채 0 0
이수화학 005950 부채총계 372,950,877,021 390,045,015,981
이수화학 005950 자본금 76,390,000,000 76,390,000,000
이수화학 005950 자본잉여금 130,092,427,097 130,092,427,097
이수화학 005950 자본조정 0 0
이수화학 005950 기타포괄손익누계액 13,077,020,482 7,921,412,794
이수화학 005950 이익잉여금(결손금) 0 0
이수화학 005950 자본총계 576,927,467,248 513,655,648,628
이수화학 005950 자본과부채총계 949,878,344,269 903,700,664,609
date : 2018-12-31
이수화학 005950 유동자산 228,498,116,078 251,354,272,346
이수화학 005950 현금및현금성자산 12,256,036,356 55,525,882,595
이수화학 005950 매출채권 119,904,287,469 100,026,296,069
이수화학 005950 재고자산 91,696,361,052 87,089,340,603
이수화학 005950 기타유동금융자산 312,241,339 3,480,860,362
이수화학 005950 기타유동자산 1,465,103,730 539,952,845
이수화학 005950 매각예정비유동자산 0 0
이수화학 005950 비유동자산 705,103,246,607 652,346,392,263
이수화학 005950 장기금융상품 0 0
이수화학 005950 기타포괄손익-공정가치 0 0
이수화학 005950 당기손익인식공정가치측정금융자산 0 0
이수화학 005950 종속회사투자 0 0
이수화학 005950 관계회사투자 0 0
이수화학 005950 렌탈자산 0 0
이수화학 005950 유형자산 202,875,538,852 201,430,305,286
이수화학 005950 무형자산 6,508,038,430 6,190,170,186
이수화학 005950 기타비유동금융자산 25,953,324,353 19,272,474,432
이수화학 005950 기타비유동자산 3,700,287,806 4,756,949,645
이수화학 005950 사용권자산 0 0
이수화학 005950 이연법인세자산 0 0
이수화학 005950 자산총계 933,601,362,685 903,700,664,609
이수화학 005950 유동부채 272,890,153,323 350,975,498,097
이수화학 005950 단기매입채무 0 0
이수화학 005950 단기차입금 197,400,000,000 251,185,600,000
이수화학 005950 유동성장기차입금 0 0
이수화학 005950 유동성사채 0 0
이수화학 005950 기타유동금융부채 13,156,518,751 13,569,857,829
이수화학 005950 기타유동부채 10,266,121,766 7,363,297,874
이수화학 005950 당기법인세부채 17,160,253,911 5,496,858,055
이수화학 005950 유동리스부채 0 0
이수화학 005950 비유동부채 60,211,871,927 39,069,517,884
이수화학 005950 사채 0 0
이수화학 005950 장기차입금 0 0
이수화학 005950 기타비유동금융부채 3,451,150,625 6,316,898,808
이수화학 005950 이연법인세부채 14,541,743,970 15,144,323,142
이수화학 005950 비유동리스부채 0 0
이수화학 005950 부채총계 333,102,025,250 390,045,015,981
이수화학 005950 자본금 76,390,000,000 76,390,000,000
이수화학 005950 자본잉여금 130,092,427,097 130,092,427,097
이수화학 005950 자본조정 0 0
이수화학 005950 기타포괄손익누계액 26,264,282,205 7,921,412,794
이수화학 005950 이익잉여금(결손금) 0 0
이수화학 005950 자본총계 600,499,337,435 513,655,648,628
이수화학 005950 자본과부채총계 933,601,362,685 903,700,664,609
date : 2019-03-31
이수화학 005950 유동자산 255,083,900,084 228,498,116,078
이수화학 005950 현금및현금성자산 13,536,806,146 12,256,036,356
이수화학 005950 매출채권 140,570,282,828 119,904,287,469
이수화학 005950 재고자산 97,301,935,253 91,696,361,052
이수화학 005950 기타유동금융자산 93,772,772 312,241,339
이수화학 005950 기타유동자산 937,581,616 1,465,103,730
이수화학 005950 매각예정비유동자산 0 0
이수화학 005950 비유동자산 720,689,796,021 705,103,246,607
이수화학 005950 장기금융상품 0 0
이수화학 005950 기타포괄손익-공정가치 0 0
이수화학 005950 당기손익인식공정가치측정금융자산 0 0
이수화학 005950 종속회사투자 0 0
이수화학 005950 관계회사투자 0 0
이수화학 005950 렌탈자산 0 0
이수화학 005950 유형자산 209,055,870,967 202,875,538,852
이수화학 005950 무형자산 6,437,708,534 6,508,038,430
이수화학 005950 기타비유동금융자산 0 0
이수화학 005950 기타비유동자산 2,563,081,024 3,700,287,806
이수화학 005950 사용권자산 8,831,572,068 0
이수화학 005950 이연법인세자산 0 0
이수화학 005950 자산총계 975,773,696,105 933,601,362,685
이수화학 005950 유동부채 313,683,487,866 272,890,153,323
이수화학 005950 단기매입채무 0 0
이수화학 005950 단기차입금 210,500,000,000 197,400,000,000
이수화학 005950 유동성장기차입금 0 0
이수화학 005950 유동성사채 0 0
이수화학 005950 기타유동금융부채 18,408,979,346 13,156,518,751
이수화학 005950 기타유동부채 9,924,513,664 10,266,121,766
이수화학 005950 당기법인세부채 17,177,066,837 17,160,253,911
이수화학 005950 유동리스부채 1,184,370,580 0
이수화학 005950 비유동부채 68,414,359,276 60,211,871,927
이수화학 005950 사채 0 0
이수화학 005950 장기차입금 0 0
이수화학 005950 기타비유동금융부채 2,901,192,957 3,451,150,625
이수화학 005950 이연법인세부채 16,542,937,678 14,541,743,970
이수화학 005950 비유동리스부채 7,657,675,279 0
이수화학 005950 부채총계 382,097,847,142 333,102,025,250
이수화학 005950 자본금 76,390,000,000 76,390,000,000
이수화학 005950 자본잉여금 130,092,427,097 130,092,427,097
이수화학 005950 자본조정 0 0
이수화학 005950 기타포괄손익누계액 28,380,717,837 26,264,282,205
이수화학 005950 이익잉여금(결손금) 0 0
이수화학 005950 자본총계 593,675,848,963 600,499,337,435
이수화학 005950 자본과부채총계 975,773,696,105 933,601,362,685
