date : 2019-03-31
삼성전자 005930 유동자산 82,311,689,000,000 80,039,455,000,000
삼성전자 005930 현금및현금성자산 5,573,010,000,000 2,607,957,000,000
삼성전자 005930 매출채권 28,119,553,000,000 24,933,267,000,000
삼성전자 005930 재고자산 14,336,408,000,000 12,440,951,000,000
삼성전자 005930 기타유동자산 1,582,227,000,000 1,390,440,000,000
삼성전자 005930 비유동자산 138,335,268,000,000 138,981,902,000,000
삼성전자 005930 유형자산 70,498,616,000,000 70,602,493,000,000
삼성전자 005930 무형자산 2,876,176,000,000 2,901,476,000,000
삼성전자 005930 이연법인세자산 625,153,000,000 654,456,000,000
삼성전자 005930 기타비유동자산 3,005,666,000,000 3,086,988,000,000
삼성전자 005930 자산총계 220,646,957,000,000 219,021,357,000,000
삼성전자 005930 유동부채 44,319,180,000,000 43,145,053,000,000
삼성전자 005930 단기차입금 7,385,745,000,000 10,353,873,000,000
삼성전자 005930 기타유동부채 666,765,000,000 106,002,000,000
삼성전자 005930 비유동부채 2,578,260,000,000 2,888,179,000,000
삼성전자 005930 사채 44,339,000,000 43,516,000,000
삼성전자 005930 장기차입금 171,994,000,000 0
삼성전자 005930 부채총계 46,897,440,000,000 46,033,232,000,000
삼성전자 005930 자본금 897,514,000,000 897,514,000,000
삼성전자 005930 자본총계 173,749,517,000,000 172,988,125,000,000
삼성전자 005930 자본과부채총계 220,646,957,000,000 219,021,357,000,000
