date : 2019-03-31
SK디스커버리 006120 유동자산 86,684,877,150 67,423,800,922
SK디스커버리 006120 현금및현금성자산 4,871,053,532 1,768,520,581
SK디스커버리 006120 기타유동자산 5,501,099 8,992,670
SK디스커버리 006120 비유동자산 1,193,956,626,527 1,190,544,718,604
SK디스커버리 006120 유형자산 164,627,570 175,852,177
SK디스커버리 006120 무형자산 1,906,028,282 830,222,168
SK디스커버리 006120 사용권자산 990,925,306 0
SK디스커버리 006120 자산총계 1,280,641,503,677 1,257,968,519,526
SK디스커버리 006120 유동부채 179,706,844,403 136,742,750,777
SK디스커버리 006120 단기차입금 15,000,000,000 15,000,000,000
SK디스커버리 006120 기타유동부채 12,343,139,610 107,007,390
SK디스커버리 006120 비유동부채 115,079,121,193 143,632,793,640
SK디스커버리 006120 사채 68,912,245,625 98,880,626,741
SK디스커버리 006120 이연법인세부채 42,479,337,560 42,029,538,605
SK디스커버리 006120 부채총계 294,785,965,596 280,375,544,417
SK디스커버리 006120 자본금 111,677,150,000 111,677,150,000
SK디스커버리 006120 자본잉여금 515,858,504,758 515,858,504,758
SK디스커버리 006120 기타포괄손익누계액 -979,467,275 -2,007,619,316
SK디스커버리 006120 자본총계 985,855,538,081 977,592,975,109
