date : 2015-12-31
삼성SDI 006400 유동자산 3,473,781,557,850 2,730,590,660,256
삼성SDI 006400 현금및현금성자산 355,595,072,455 142,839,454,681
삼성SDI 006400 매출채권 0 0
삼성SDI 006400 재고자산 501,128,774,971 511,897,532,878
삼성SDI 006400 기타유동금융자산 0 0
삼성SDI 006400 기타유동자산 65,886,575,388 61,728,155,173
삼성SDI 006400 매각예정비유동자산 834,566,255,600 61,728,155,173
삼성SDI 006400 비유동자산 11,183,004,952,357 12,484,567,589,905
삼성SDI 006400 장기금융상품 0 0
삼성SDI 006400 기타포괄손익-공정가치 0 0
삼성SDI 006400 당기손익인식공정가치측정금융자산 0 0
삼성SDI 006400 종속회사투자 0 0
삼성SDI 006400 관계회사투자 0 0
삼성SDI 006400 렌탈자산 0 0
삼성SDI 006400 유형자산 2,308,986,599,712 2,601,767,642,711
삼성SDI 006400 무형자산 990,019,839,728 1,043,509,981,629
삼성SDI 006400 기타비유동금융자산 0 0
삼성SDI 006400 기타비유동자산 35,154,119,239 33,674,955,925
삼성SDI 006400 사용권자산 0 0
삼성SDI 006400 이연법인세자산 0 0
삼성SDI 006400 자산총계 14,656,786,510,207 15,215,158,250,161
삼성SDI 006400 유동부채 2,473,160,239,921 1,945,010,647,597
삼성SDI 006400 단기매입채무 0 0
삼성SDI 006400 단기차입금 894,242,913,617 895,935,542,278
삼성SDI 006400 유동성장기차입금 0 0
삼성SDI 006400 유동성사채 0 0
삼성SDI 006400 기타유동금융부채 0 0
삼성SDI 006400 기타유동부채 0 0
삼성SDI 006400 당기법인세부채 0 0
삼성SDI 006400 유동리스부채 0 0
삼성SDI 006400 비유동부채 1,383,033,484,073 1,707,628,067,779
삼성SDI 006400 사채 0 0
삼성SDI 006400 장기차입금 498,715,757,692 698,915,245,277
삼성SDI 006400 기타비유동금융부채 0 0
삼성SDI 006400 이연법인세부채 680,219,312,740 963,696,160,556
삼성SDI 006400 비유동리스부채 0 0
삼성SDI 006400 부채총계 3,856,193,723,994 3,652,638,715,376
삼성SDI 006400 자본금 356,712,130,000 356,712,130,000
삼성SDI 006400 자본잉여금 0 0
삼성SDI 006400 자본조정 0 0
삼성SDI 006400 기타포괄손익누계액 584,870,257,283 1,141,906,518,611
삼성SDI 006400 이익잉여금(결손금) 4,867,904,004,436 5,072,794,491,680
삼성SDI 006400 자본총계 10,800,592,786,213 11,562,519,534,785
삼성SDI 006400 자본과부채총계 0 0
date : 2016-03-31
삼성SDI 006400 유동자산 3,793,508,204,527 3,473,781,557,850
삼성SDI 006400 현금및현금성자산 316,088,726,107 355,595,072,455
삼성SDI 006400 매출채권 0 0
삼성SDI 006400 재고자산 359,486,976,592 501,128,774,971
삼성SDI 006400 기타유동금융자산 0 0
삼성SDI 006400 기타유동자산 160,246,191,573 65,886,575,388
삼성SDI 006400 매각예정비유동자산 989,948,073,154 834,566,255,600
삼성SDI 006400 비유동자산 10,169,153,845,113 11,183,004,952,357
삼성SDI 006400 장기금융상품 0 0
삼성SDI 006400 기타포괄손익-공정가치 0 0
삼성SDI 006400 당기손익인식공정가치측정금융자산 0 0
삼성SDI 006400 종속회사투자 0 0
삼성SDI 006400 관계회사투자 0 0
삼성SDI 006400 렌탈자산 0 0
삼성SDI 006400 유형자산 1,304,655,629,670 2,308,986,599,712
삼성SDI 006400 무형자산 732,977,594,233 990,019,839,728
삼성SDI 006400 기타비유동금융자산 0 0
삼성SDI 006400 기타비유동자산 24,979,220,848 35,154,119,239
삼성SDI 006400 사용권자산 0 0
삼성SDI 006400 이연법인세자산 0 0
삼성SDI 006400 자산총계 13,962,662,049,640 14,656,786,510,207
삼성SDI 006400 유동부채 3,006,324,420,352 2,473,160,239,921
삼성SDI 006400 단기매입채무 0 0
삼성SDI 006400 단기차입금 909,713,660,486 894,242,913,617
삼성SDI 006400 유동성장기차입금 0 0
삼성SDI 006400 유동성사채 0 0
삼성SDI 006400 기타유동금융부채 0 0
삼성SDI 006400 기타유동부채 0 0
삼성SDI 006400 당기법인세부채 0 0
삼성SDI 006400 유동리스부채 0 0
삼성SDI 006400 비유동부채 1,219,282,320,108 1,383,033,484,073
삼성SDI 006400 사채 0 0
삼성SDI 006400 장기차입금 398,906,435,869 498,715,757,692
삼성SDI 006400 기타비유동금융부채 0 0
삼성SDI 006400 이연법인세부채 516,065,121,277 680,219,312,740
삼성SDI 006400 비유동리스부채 0 0
삼성SDI 006400 부채총계 4,225,606,740,460 3,856,193,723,994
삼성SDI 006400 자본금 356,712,130,000 356,712,130,000
삼성SDI 006400 자본잉여금 0 0
삼성SDI 006400 자본조정 0 0
삼성SDI 006400 기타포괄손익누계액 411,191,020,855 584,870,257,283
삼성SDI 006400 이익잉여금(결손금) 3,978,045,763,831 4,867,904,004,436
삼성SDI 006400 자본총계 9,737,055,309,180 10,800,592,786,213
삼성SDI 006400 자본과부채총계 13,962,662,049,640 14,656,786,510,207
date : 2016-06-30
삼성SDI 006400 유동자산 4,233,139,334,687 3,473,781,557,850
삼성SDI 006400 현금및현금성자산 353,976,191,688 355,595,072,455
삼성SDI 006400 매출채권 0 0
삼성SDI 006400 재고자산 352,947,970,982 501,128,774,971
삼성SDI 006400 기타유동금융자산 0 0
삼성SDI 006400 기타유동자산 58,171,665,810 65,886,575,388
삼성SDI 006400 매각예정비유동자산 81,896,740,997 834,566,255,600
삼성SDI 006400 비유동자산 10,325,742,731,001 11,183,004,952,357
삼성SDI 006400 장기금융상품 0 0
삼성SDI 006400 기타포괄손익-공정가치 0 0
삼성SDI 006400 당기손익인식공정가치측정금융자산 0 0
삼성SDI 006400 종속회사투자 0 0
삼성SDI 006400 관계회사투자 0 0
삼성SDI 006400 렌탈자산 0 0
삼성SDI 006400 유형자산 1,331,803,604,013 2,308,986,599,712
삼성SDI 006400 무형자산 724,045,913,404 990,019,839,728
삼성SDI 006400 기타비유동금융자산 0 0
삼성SDI 006400 기타비유동자산 25,802,253,132 35,154,119,239
삼성SDI 006400 사용권자산 0 0
삼성SDI 006400 이연법인세자산 0 0
삼성SDI 006400 자산총계 14,558,882,065,688 14,656,786,510,207
삼성SDI 006400 유동부채 2,394,447,176,124 2,473,160,239,921
삼성SDI 006400 단기매입채무 0 0
삼성SDI 006400 단기차입금 667,520,210,448 894,242,913,617
삼성SDI 006400 유동성장기차입금 0 0
삼성SDI 006400 유동성사채 0 0
삼성SDI 006400 기타유동금융부채 0 0
삼성SDI 006400 기타유동부채 0 0
삼성SDI 006400 당기법인세부채 0 0
삼성SDI 006400 유동리스부채 0 0
삼성SDI 006400 비유동부채 1,463,061,365,010 1,383,033,484,073
삼성SDI 006400 사채 0 0
삼성SDI 006400 장기차입금 399,006,417,299 498,715,757,692
삼성SDI 006400 기타비유동금융부채 0 0
삼성SDI 006400 이연법인세부채 845,572,327,436 680,219,312,740
삼성SDI 006400 비유동리스부채 0 0
삼성SDI 006400 부채총계 3,857,508,541,134 3,856,193,723,994
삼성SDI 006400 자본금 356,712,130,000 356,712,130,000
삼성SDI 006400 자본잉여금 0 0
삼성SDI 006400 자본조정 0 0
삼성SDI 006400 기타포괄손익누계액 511,351,377,065 584,870,257,283
삼성SDI 006400 이익잉여금(결손금) 4,842,203,622,995 4,867,904,004,436
삼성SDI 006400 자본총계 10,701,373,524,554 10,800,592,786,213
삼성SDI 006400 자본과부채총계 14,558,882,065,688 14,656,786,510,207
date : 2016-09-30
삼성SDI 006400 유동자산 3,473,004,777,874 3,473,781,557,850
삼성SDI 006400 현금및현금성자산 499,412,671,383 355,595,072,455
삼성SDI 006400 매출채권 0 0
삼성SDI 006400 재고자산 389,347,463,012 501,128,774,971
삼성SDI 006400 기타유동금융자산 0 0
삼성SDI 006400 기타유동자산 263,223,909,230 65,886,575,388
삼성SDI 006400 매각예정비유동자산 81,896,740,997 834,566,255,600
삼성SDI 006400 비유동자산 10,466,767,915,747 11,183,004,952,357
삼성SDI 006400 장기금융상품 0 0
삼성SDI 006400 기타포괄손익-공정가치 0 0
삼성SDI 006400 당기손익인식공정가치측정금융자산 0 0
삼성SDI 006400 종속회사투자 0 0
삼성SDI 006400 관계회사투자 0 0
삼성SDI 006400 렌탈자산 0 0
삼성SDI 006400 유형자산 1,326,837,442,301 2,308,986,599,712
삼성SDI 006400 무형자산 755,637,557,312 990,019,839,728
삼성SDI 006400 기타비유동금융자산 0 0
삼성SDI 006400 기타비유동자산 25,518,587,236 35,154,119,239
삼성SDI 006400 사용권자산 0 0
삼성SDI 006400 이연법인세자산 0 0
삼성SDI 006400 자산총계 13,939,772,693,621 14,656,786,510,207
삼성SDI 006400 유동부채 1,955,504,030,631 2,473,160,239,921
삼성SDI 006400 단기매입채무 0 0
삼성SDI 006400 단기차입금 488,549,820,985 894,242,913,617
삼성SDI 006400 유동성장기차입금 0 0
삼성SDI 006400 유동성사채 0 0
삼성SDI 006400 기타유동금융부채 0 0
삼성SDI 006400 기타유동부채 0 0
삼성SDI 006400 당기법인세부채 0 0
삼성SDI 006400 유동리스부채 0 0
삼성SDI 006400 비유동부채 1,382,318,710,551 1,383,033,484,073
삼성SDI 006400 사채 0 0
삼성SDI 006400 장기차입금 299,168,869,082 498,715,757,692
삼성SDI 006400 기타비유동금융부채 0 0
삼성SDI 006400 이연법인세부채 861,440,558,049 680,219,312,740
삼성SDI 006400 비유동리스부채 0 0
삼성SDI 006400 부채총계 3,337,822,741,182 3,856,193,723,994
삼성SDI 006400 자본금 356,712,130,000 356,712,130,000
삼성SDI 006400 자본잉여금 0 0
삼성SDI 006400 자본조정 0 0
삼성SDI 006400 기타포괄손익누계액 580,399,888,977 584,870,257,283
삼성SDI 006400 이익잉여금(결손금) 4,673,731,538,968 4,867,904,004,436
삼성SDI 006400 자본총계 10,601,949,952,439 10,800,592,786,213
삼성SDI 006400 자본과부채총계 13,939,772,693,621 14,656,786,510,207
date : 2016-12-31
삼성SDI 006400 유동자산 2,744,508,422,610 3,473,781,557,850
삼성SDI 006400 현금및현금성자산 396,717,141,647 355,595,072,455
삼성SDI 006400 매출채권 0 0
삼성SDI 006400 재고자산 458,734,712,063 501,128,774,971
삼성SDI 006400 기타유동금융자산 0 0
삼성SDI 006400 기타유동자산 54,877,421,047 65,886,575,388
삼성SDI 006400 매각예정비유동자산 79,344,787,520 834,566,255,600
삼성SDI 006400 비유동자산 10,346,825,627,085 11,183,004,952,357
삼성SDI 006400 장기금융상품 0 0
삼성SDI 006400 기타포괄손익-공정가치 0 0
삼성SDI 006400 당기손익인식공정가치측정금융자산 0 0
삼성SDI 006400 종속회사투자 0 0
삼성SDI 006400 관계회사투자 0 0
삼성SDI 006400 렌탈자산 0 0
삼성SDI 006400 유형자산 1,353,119,381,031 2,308,986,599,712
삼성SDI 006400 무형자산 740,528,218,891 990,019,839,728
삼성SDI 006400 기타비유동금융자산 0 0
삼성SDI 006400 기타비유동자산 24,828,059,483 35,154,119,239
삼성SDI 006400 사용권자산 0 0
삼성SDI 006400 이연법인세자산 0 0
삼성SDI 006400 자산총계 13,091,334,049,695 14,656,786,510,207
삼성SDI 006400 유동부채 1,765,267,182,488 2,473,160,239,921
삼성SDI 006400 단기매입채무 0 0
삼성SDI 006400 단기차입금 270,540,665,115 894,242,913,617
삼성SDI 006400 유동성장기차입금 0 0
삼성SDI 006400 유동성사채 0 0
삼성SDI 006400 기타유동금융부채 0 0
삼성SDI 006400 기타유동부채 0 0
삼성SDI 006400 당기법인세부채 25,433,610,269 2,473,160,239,921
삼성SDI 006400 유동리스부채 0 0
삼성SDI 006400 비유동부채 1,127,984,605,069 1,383,033,484,073
삼성SDI 006400 사채 0 0
삼성SDI 006400 장기차입금 299,252,552,187 498,715,757,692
삼성SDI 006400 기타비유동금융부채 0 0
삼성SDI 006400 이연법인세부채 604,461,527,446 680,219,312,740
삼성SDI 006400 비유동리스부채 0 0
삼성SDI 006400 부채총계 2,893,251,787,557 3,856,193,723,994
삼성SDI 006400 자본금 356,712,130,000 356,712,130,000
삼성SDI 006400 자본잉여금 0 0
삼성SDI 006400 자본조정 0 0
삼성SDI 006400 기타포괄손익누계액 345,137,136,299 584,870,257,283
삼성SDI 006400 이익잉여금(결손금) 4,745,808,046,275 4,867,904,004,436
삼성SDI 006400 자본총계 10,198,082,262,138 10,800,592,786,213
삼성SDI 006400 자본과부채총계 13,091,334,049,695 14,656,786,510,207
date : 2017-03-31
삼성SDI 006400 유동자산 2,484,311,330,877 2,744,508,422,610
삼성SDI 006400 현금및현금성자산 456,780,664,598 396,717,141,647
삼성SDI 006400 매출채권 0 0
삼성SDI 006400 재고자산 446,313,782,384 458,734,712,063
삼성SDI 006400 기타유동금융자산 0 0
삼성SDI 006400 기타유동자산 66,279,525,546 54,877,421,047
삼성SDI 006400 매각예정비유동자산 79,344,787,520 79,344,787,520
삼성SDI 006400 비유동자산 10,411,482,439,184 10,346,825,627,085
삼성SDI 006400 장기금융상품 0 0
삼성SDI 006400 기타포괄손익-공정가치 0 0
삼성SDI 006400 당기손익인식공정가치측정금융자산 0 0
삼성SDI 006400 종속회사투자 0 0
삼성SDI 006400 관계회사투자 0 0
삼성SDI 006400 렌탈자산 0 0
삼성SDI 006400 유형자산 1,345,832,387,514 1,353,119,381,031
삼성SDI 006400 무형자산 742,015,675,217 740,528,218,891
삼성SDI 006400 기타비유동금융자산 0 0
삼성SDI 006400 기타비유동자산 25,242,329,425 24,828,059,483
삼성SDI 006400 사용권자산 0 0
삼성SDI 006400 이연법인세자산 0 0
삼성SDI 006400 자산총계 12,895,793,770,061 13,091,334,049,695
삼성SDI 006400 유동부채 1,785,510,008,138 1,765,267,182,488
삼성SDI 006400 단기매입채무 0 0
삼성SDI 006400 단기차입금 221,868,826,771 270,540,665,115
삼성SDI 006400 유동성장기차입금 0 0
삼성SDI 006400 유동성사채 0 0
삼성SDI 006400 기타유동금융부채 0 0
삼성SDI 006400 기타유동부채 0 0
삼성SDI 006400 당기법인세부채 25,433,610,269 1,765,267,182,488
삼성SDI 006400 유동리스부채 0 0
삼성SDI 006400 비유동부채 1,057,675,122,369 1,127,984,605,069
삼성SDI 006400 사채 0 0
삼성SDI 006400 장기차입금 299,336,682,168 299,252,552,187
삼성SDI 006400 기타비유동금융부채 0 0
삼성SDI 006400 이연법인세부채 549,202,627,458 604,461,527,446
삼성SDI 006400 비유동리스부채 0 0
삼성SDI 006400 부채총계 2,843,185,130,507 2,893,251,787,557
삼성SDI 006400 자본금 356,712,130,000 356,712,130,000
삼성SDI 006400 자본잉여금 0 0
삼성SDI 006400 자본조정 0 0
삼성SDI 006400 기타포괄손익누계액 405,300,574,346 345,137,136,299
삼성SDI 006400 이익잉여금(결손금) 4,634,227,508,254 4,745,808,046,275
삼성SDI 006400 자본총계 10,052,608,639,554 10,198,082,262,138
삼성SDI 006400 자본과부채총계 12,895,793,770,061 13,091,334,049,695
date : 2017-06-30
삼성SDI 006400 유동자산 2,357,250,395,366 2,744,508,422,610
삼성SDI 006400 현금및현금성자산 531,942,888,896 396,717,141,647
삼성SDI 006400 매출채권 0 0
삼성SDI 006400 재고자산 454,563,301,250 458,734,712,063
삼성SDI 006400 기타유동금융자산 0 0
삼성SDI 006400 기타유동자산 53,380,931,051 54,877,421,047
삼성SDI 006400 매각예정비유동자산 79,344,787,520 79,344,787,520
삼성SDI 006400 비유동자산 10,509,874,687,662 10,346,825,627,085
삼성SDI 006400 장기금융상품 0 0
삼성SDI 006400 기타포괄손익-공정가치 0 0
삼성SDI 006400 당기손익인식공정가치측정금융자산 0 0
삼성SDI 006400 종속회사투자 0 0
삼성SDI 006400 관계회사투자 0 0
삼성SDI 006400 렌탈자산 0 0
삼성SDI 006400 유형자산 1,359,409,250,478 1,353,119,381,031
삼성SDI 006400 무형자산 731,227,411,907 740,528,218,891
삼성SDI 006400 기타비유동금융자산 0 0
삼성SDI 006400 기타비유동자산 24,044,325,532 24,828,059,483
삼성SDI 006400 사용권자산 0 0
삼성SDI 006400 이연법인세자산 0 0
삼성SDI 006400 자산총계 12,867,125,083,028 13,091,334,049,695
삼성SDI 006400 유동부채 1,693,980,448,808 1,765,267,182,488
삼성SDI 006400 단기매입채무 0 0
삼성SDI 006400 단기차입금 286,508,896,392 270,540,665,115
삼성SDI 006400 유동성장기차입금 0 0
삼성SDI 006400 유동성사채 0 0
삼성SDI 006400 기타유동금융부채 0 0
삼성SDI 006400 기타유동부채 0 0
삼성SDI 006400 당기법인세부채 25,433,610,269 270,540,665,115
삼성SDI 006400 유동리스부채 0 0
삼성SDI 006400 비유동부채 1,046,103,098,584 1,127,984,605,069
삼성SDI 006400 사채 0 0
삼성SDI 006400 장기차입금 299,420,317,576 299,252,552,187
삼성SDI 006400 기타비유동금융부채 0 0
삼성SDI 006400 이연법인세부채 557,446,303,358 604,461,527,446
삼성SDI 006400 비유동리스부채 0 0
삼성SDI 006400 부채총계 2,740,083,547,392 2,893,251,787,557
삼성SDI 006400 자본금 356,712,130,000 356,712,130,000
삼성SDI 006400 자본잉여금 0 0
삼성SDI 006400 자본조정 0 0
삼성SDI 006400 기타포괄손익누계액 476,648,848,380 345,137,136,299
삼성SDI 006400 이익잉여금(결손금) 4,636,697,852,852 4,745,808,046,275
삼성SDI 006400 자본총계 10,127,041,535,636 10,198,082,262,138
삼성SDI 006400 자본과부채총계 12,867,125,083,028 13,091,334,049,695
date : 2017-09-30
삼성SDI 006400 유동자산 2,536,694,613,550 2,744,508,422,610
삼성SDI 006400 현금및현금성자산 402,510,499,477 396,717,141,647
삼성SDI 006400 매출채권 및 기타채권
삼성SDI 006400 재고자산 483,028,659,396 458,734,712,063
삼성SDI 006400 기타유동금융자산 0 0
삼성SDI 006400 기타유동자산 62,885,464,040 54,877,421,047
삼성SDI 006400 매각예정비유동자산 79,344,787,520 79,344,787,520
삼성SDI 006400 비유동자산 10,405,119,560,793 10,346,825,627,085
삼성SDI 006400 장기금융상품 0 0
삼성SDI 006400 기타포괄손익-공정가치 0 0
삼성SDI 006400 당기손익인식공정가치측정금융자산 0 0
삼성SDI 006400 종속회사투자 0 0
삼성SDI 006400 관계회사투자 0 0
삼성SDI 006400 렌탈자산 0 0
삼성SDI 006400 유형자산 1,377,986,356,476 1,353,119,381,031
삼성SDI 006400 무형자산 721,755,798,450 740,528,218,891
삼성SDI 006400 기타비유동금융자산 0 0
삼성SDI 006400 기타비유동자산 24,291,161,816 24,828,059,483
삼성SDI 006400 사용권자산 0 0
삼성SDI 006400 이연법인세자산 0 0
삼성SDI 006400 자산총계 12,941,814,174,343 13,091,334,049,695
삼성SDI 006400 유동부채 1,990,781,307,962 1,765,267,182,488
삼성SDI 006400 단기매입채무 0 0
삼성SDI 006400 단기차입금 696,766,114,854 270,540,665,115
삼성SDI 006400 유동성장기차입금 0 0
삼성SDI 006400 유동성사채 0 0
삼성SDI 006400 기타유동금융부채 0 0
삼성SDI 006400 기타유동부채 0 0
삼성SDI 006400 당기법인세부채 25,433,610,269 270,540,665,115
삼성SDI 006400 유동리스부채 0 0
삼성SDI 006400 비유동부채 839,032,063,093 1,127,984,605,069
삼성SDI 006400 사채 0 0
삼성SDI 006400 장기차입금 99,758,067,916 299,252,552,187
삼성SDI 006400 기타비유동금융부채 0 0
삼성SDI 006400 이연법인세부채 533,876,354,602 604,461,527,446
삼성SDI 006400 비유동리스부채 0 0
삼성SDI 006400 부채총계 2,829,813,371,055 2,893,251,787,557
삼성SDI 006400 자본금 356,712,130,000 356,712,130,000
삼성SDI 006400 자본잉여금 5,002,075,756,715 5,001,955,067,279
삼성SDI 006400 자본조정 0 0
삼성SDI 006400 기타포괄손익누계액 393,399,215,527 345,137,136,299
삼성SDI 006400 이익잉여금(결손금) 0 0
삼성SDI 006400 자본총계 10,112,000,803,288 10,198,082,262,138
삼성SDI 006400 자본과부채총계 0 0
date : 2017-12-31
삼성SDI 006400 유동자산 2,521,244,047,320 2,744,508,422,610
삼성SDI 006400 현금및현금성자산 759,287,035,797 396,717,141,647
삼성SDI 006400 매출채권 및 기타채권
삼성SDI 006400 재고자산 497,961,086,894 458,734,712,063
삼성SDI 006400 기타유동금융자산 0 0
삼성SDI 006400 기타유동자산 50,398,261,161 54,877,421,047
삼성SDI 006400 매각예정비유동자산 79,344,787,520 834,566,255,600
삼성SDI 006400 비유동자산 10,613,693,653,851 10,346,825,627,085
삼성SDI 006400 장기금융상품 0 0
삼성SDI 006400 기타포괄손익-공정가치 0 0
삼성SDI 006400 당기손익인식공정가치측정금융자산 0 0
삼성SDI 006400 종속회사투자 0 0
삼성SDI 006400 관계회사투자 0 0
삼성SDI 006400 렌탈자산 0 0
삼성SDI 006400 유형자산 1,463,226,041,966 1,353,119,381,031
삼성SDI 006400 무형자산 715,414,486,017 740,528,218,891
삼성SDI 006400 기타비유동금융자산 0 0
삼성SDI 006400 기타비유동자산 23,712,178,623 24,828,059,483
삼성SDI 006400 사용권자산 0 0
삼성SDI 006400 이연법인세자산 0 0
삼성SDI 006400 자산총계 13,134,937,701,171 13,091,334,049,695
삼성SDI 006400 유동부채 1,960,548,412,569 1,765,267,182,488
삼성SDI 006400 단기매입채무 0 0
삼성SDI 006400 단기차입금 719,360,183,848 270,540,665,115
삼성SDI 006400 유동성장기차입금 0 0
삼성SDI 006400 유동성사채 0 0
삼성SDI 006400 기타유동금융부채 0 0
삼성SDI 006400 기타유동부채 0 0
삼성SDI 006400 당기법인세부채 25,433,610,269 1,765,267,182,488
삼성SDI 006400 유동리스부채 0 0
삼성SDI 006400 비유동부채 887,011,216,682 1,127,984,605,069
삼성SDI 006400 사채 0 0
삼성SDI 006400 장기차입금 99,778,128,371 299,252,552,187
삼성SDI 006400 기타비유동금융부채 0 0
삼성SDI 006400 이연법인세부채 592,128,265,564 604,461,527,446
삼성SDI 006400 비유동리스부채 0 0
삼성SDI 006400 부채총계 2,847,559,629,251 2,893,251,787,557
삼성SDI 006400 자본금 356,712,130,000 356,712,130,000
삼성SDI 006400 자본잉여금 5,013,423,010,403 5,001,955,067,279
삼성SDI 006400 자본조정 0 0
삼성SDI 006400 기타포괄손익누계액 468,815,568,345 345,137,136,299
삼성SDI 006400 이익잉여금(결손금) 0 0
삼성SDI 006400 자본총계 10,287,378,071,920 10,198,082,262,138
삼성SDI 006400 자본과부채총계 0 0
date : 2018-03-31
삼성SDI 006400 유동자산 3,132,553,502,624 2,521,244,047,320
삼성SDI 006400 현금및현금성자산 449,220,141,430 759,287,035,797
삼성SDI 006400 매출채권 및 기타채권
삼성SDI 006400 재고자산 596,900,245,860 497,961,086,894
삼성SDI 006400 기타유동금융자산 0 0
삼성SDI 006400 기타유동자산 69,278,152,243 50,398,261,161
삼성SDI 006400 매각예정비유동자산 565,986,120,000 50,398,261,161
삼성SDI 006400 비유동자산 10,368,706,110,761 10,613,693,653,851
삼성SDI 006400 장기금융상품 0 0
삼성SDI 006400 기타포괄손익-공정가치 0 0
삼성SDI 006400 당기손익인식공정가치측정금융자산 0 0
삼성SDI 006400 종속회사투자 0 0
삼성SDI 006400 관계회사투자 0 0
삼성SDI 006400 렌탈자산 0 0
삼성SDI 006400 유형자산 1,623,449,188,091 1,463,226,041,966
삼성SDI 006400 무형자산 706,571,715,430 715,414,486,017
삼성SDI 006400 기타비유동금융자산 0 0
삼성SDI 006400 기타비유동자산 23,045,672,784 23,712,178,623
삼성SDI 006400 사용권자산 0 0
삼성SDI 006400 이연법인세자산 0 0
삼성SDI 006400 자산총계 13,501,259,613,385 13,134,937,701,171
삼성SDI 006400 유동부채 2,170,217,827,212 1,960,548,412,569
삼성SDI 006400 단기매입채무 0 0
삼성SDI 006400 단기차입금 834,163,844,120 719,360,183,848
삼성SDI 006400 유동성장기차입금 0 0
삼성SDI 006400 유동성사채 0 0
삼성SDI 006400 기타유동금융부채 0 0
삼성SDI 006400 기타유동부채 0 0
삼성SDI 006400 당기법인세부채 0 1,960,548,412,569
삼성SDI 006400 유동리스부채 0 0
삼성SDI 006400 비유동부채 938,361,337,258 887,011,216,682
삼성SDI 006400 사채 0 0
삼성SDI 006400 장기차입금 99,798,082,147 99,778,128,371
삼성SDI 006400 기타비유동금융부채 0 0
삼성SDI 006400 이연법인세부채 620,648,200,156 592,128,265,564
삼성SDI 006400 비유동리스부채 0 0
삼성SDI 006400 부채총계 3,108,579,164,470 2,847,559,629,251
삼성SDI 006400 자본금 356,712,130,000 356,712,130,000
삼성SDI 006400 자본잉여금 5,013,423,010,403 5,013,423,010,403
삼성SDI 006400 자본조정 0 0
삼성SDI 006400 기타포괄손익누계액 150,622,519,122 468,815,568,345
삼성SDI 006400 이익잉여금(결손금) 0 0
삼성SDI 006400 자본총계 10,392,680,448,915 10,287,378,071,920
삼성SDI 006400 자본과부채총계 0 0
date : 2018-06-30
삼성SDI 006400 유동자산 3,321,426,548,487 2,521,244,047,320
삼성SDI 006400 현금및현금성자산 785,801,037,815 759,287,035,797
삼성SDI 006400 매출채권 및 기타채권
삼성SDI 006400 재고자산 735,699,208,082 497,961,086,894
삼성SDI 006400 기타유동금융자산 0 0
삼성SDI 006400 기타유동자산 49,443,110,328 50,398,261,161
삼성SDI 006400 매각예정비유동자산 0 0
삼성SDI 006400 비유동자산 10,444,812,506,184 10,613,693,653,851
삼성SDI 006400 장기금융상품 0 0
삼성SDI 006400 기타포괄손익-공정가치 0 0
삼성SDI 006400 당기손익인식공정가치측정금융자산 0 0
삼성SDI 006400 종속회사투자 0 0
삼성SDI 006400 관계회사투자 0 0
삼성SDI 006400 렌탈자산 0 0
삼성SDI 006400 유형자산 1,751,992,177,649 1,463,226,041,966
삼성SDI 006400 무형자산 710,740,412,096 715,414,486,017
삼성SDI 006400 기타비유동금융자산 0 0
삼성SDI 006400 기타비유동자산 22,273,021,972 23,712,178,623
삼성SDI 006400 사용권자산 0 0
삼성SDI 006400 이연법인세자산 0 0
삼성SDI 006400 자산총계 13,766,239,054,671 13,134,937,701,171
삼성SDI 006400 유동부채 2,436,720,934,723 1,960,548,412,569
삼성SDI 006400 단기매입채무 0 0
삼성SDI 006400 단기차입금 899,210,961,014 719,360,183,848
삼성SDI 006400 유동성장기차입금 0 0
삼성SDI 006400 유동성사채 0 0
삼성SDI 006400 기타유동금융부채 0 0
삼성SDI 006400 기타유동부채 0 0
삼성SDI 006400 당기법인세부채 32,665,881,823 1,960,548,412,569
삼성SDI 006400 유동리스부채 0 0
삼성SDI 006400 비유동부채 902,664,543,925 887,011,216,682
삼성SDI 006400 사채 0 0
삼성SDI 006400 장기차입금 99,818,150,103 99,778,128,371
삼성SDI 006400 기타비유동금융부채 0 0
삼성SDI 006400 이연법인세부채 581,448,312,484 592,128,265,564
삼성SDI 006400 비유동리스부채 0 0
삼성SDI 006400 부채총계 3,339,385,478,648 2,847,559,629,251
삼성SDI 006400 자본금 356,712,130,000 356,712,130,000
삼성SDI 006400 자본잉여금 5,013,423,010,403 5,013,423,010,403
삼성SDI 006400 자본조정 0 0
삼성SDI 006400 기타포괄손익누계액 101,162,689,339 468,815,568,345
삼성SDI 006400 이익잉여금(결손금) 0 0
삼성SDI 006400 자본총계 10,426,853,576,023 10,287,378,071,920
삼성SDI 006400 자본과부채총계 13,766,239,054,671 13,134,937,701,171
date : 2018-09-30
삼성SDI 006400 유동자산 3,767,094,260,479 2,521,244,047,320
삼성SDI 006400 현금및현금성자산 936,689,049,451 759,287,035,797
삼성SDI 006400 매출채권 및 기타채권
삼성SDI 006400 재고자산 800,200,315,702 497,961,086,894
삼성SDI 006400 기타유동금융자산 0 0
삼성SDI 006400 기타유동자산 101,167,385,855 50,398,261,161
삼성SDI 006400 매각예정비유동자산 0 0
삼성SDI 006400 비유동자산 11,128,480,804,281 10,613,693,653,851
삼성SDI 006400 장기금융상품 0 0
삼성SDI 006400 기타포괄손익-공정가치 0 0
삼성SDI 006400 당기손익인식공정가치측정금융자산 0 0
삼성SDI 006400 종속회사투자 0 0
삼성SDI 006400 관계회사투자 0 0
삼성SDI 006400 렌탈자산 0 0
삼성SDI 006400 유형자산 2,131,086,795,215 1,463,226,041,966
삼성SDI 006400 무형자산 709,174,034,209 715,414,486,017
삼성SDI 006400 기타비유동금융자산 0 0
삼성SDI 006400 기타비유동자산 21,933,915,485 23,712,178,623
삼성SDI 006400 사용권자산 0 0
삼성SDI 006400 이연법인세자산 0 0
삼성SDI 006400 자산총계 14,895,575,064,760 13,134,937,701,171
삼성SDI 006400 유동부채 2,690,314,809,098 1,960,548,412,569
삼성SDI 006400 단기매입채무 0 0
삼성SDI 006400 단기차입금 921,670,382,655 719,360,183,848
삼성SDI 006400 유동성장기차입금 0 0
삼성SDI 006400 유동성사채 0 0
삼성SDI 006400 기타유동금융부채 0 0
삼성SDI 006400 기타유동부채 0 0
삼성SDI 006400 당기법인세부채 21,753,743,260 1,960,548,412,569
삼성SDI 006400 유동리스부채 0 0
삼성SDI 006400 비유동부채 1,642,192,677,215 887,011,216,682
삼성SDI 006400 사채 0 0
삼성SDI 006400 장기차입금 688,103,629,744 99,778,128,371
삼성SDI 006400 기타비유동금융부채 0 0
삼성SDI 006400 이연법인세부채 615,892,036,191 592,128,265,564
삼성SDI 006400 비유동리스부채 0 0
삼성SDI 006400 부채총계 4,332,507,486,313 2,847,559,629,251
삼성SDI 006400 자본금 356,712,130,000 356,712,130,000
삼성SDI 006400 자본잉여금 5,013,423,010,403 5,013,423,010,403
삼성SDI 006400 자본조정 0 0
삼성SDI 006400 기타포괄손익누계액 141,122,464,447 468,815,568,345
삼성SDI 006400 이익잉여금(결손금) 0 0
삼성SDI 006400 자본총계 10,563,067,578,447 10,287,378,071,920
삼성SDI 006400 자본과부채총계 14,895,575,064,760 13,134,937,701,171
date : 2018-12-31
삼성SDI 006400 유동자산 3,790,745,494,595 2,521,244,047,320
삼성SDI 006400 현금및현금성자산 564,832,365,779 759,287,035,797
삼성SDI 006400 매출채권 0 0
삼성SDI 006400 재고자산 949,260,839,033 497,961,086,894
삼성SDI 006400 기타유동금융자산 0 0
삼성SDI 006400 기타유동자산 98,954,396,516 50,398,261,161
삼성SDI 006400 매각예정비유동자산 12,156,835,252 79,344,787,520
삼성SDI 006400 비유동자산 11,515,372,588,548 10,613,693,653,851
삼성SDI 006400 장기금융상품 0 0
삼성SDI 006400 기타포괄손익-공정가치 0 0
삼성SDI 006400 당기손익인식공정가치측정금융자산 0 0
삼성SDI 006400 종속회사투자 0 0
삼성SDI 006400 관계회사투자 0 0
삼성SDI 006400 렌탈자산 0 0
삼성SDI 006400 유형자산 2,256,737,880,834 1,463,226,041,966
삼성SDI 006400 무형자산 700,445,779,020 715,414,486,017
삼성SDI 006400 기타비유동금융자산 0 0
삼성SDI 006400 기타비유동자산 23,665,137,353 23,712,178,623
삼성SDI 006400 사용권자산 0 0
삼성SDI 006400 이연법인세자산 0 0
삼성SDI 006400 자산총계 15,306,118,083,143 13,134,937,701,171
삼성SDI 006400 유동부채 2,790,083,713,511 1,960,548,412,569
삼성SDI 006400 단기매입채무 0 0
삼성SDI 006400 단기차입금 1,068,876,667,123 719,360,183,848
삼성SDI 006400 유동성장기차입금 0 0
삼성SDI 006400 유동성사채 0 0
삼성SDI 006400 기타유동금융부채 0 0
삼성SDI 006400 기타유동부채 0 0
삼성SDI 006400 당기법인세부채 25,433,610,269 1,960,548,412,569
삼성SDI 006400 유동리스부채 0 0
삼성SDI 006400 비유동부채 1,755,007,765,247 887,011,216,682
삼성SDI 006400 사채 0 0
삼성SDI 006400 장기차입금 688,244,816,214 99,778,128,371
삼성SDI 006400 기타비유동금융부채 0 0
삼성SDI 006400 이연법인세부채 687,864,897,682 592,128,265,564
삼성SDI 006400 비유동리스부채 0 0
삼성SDI 006400 부채총계 4,545,091,478,758 2,847,559,629,251
삼성SDI 006400 자본금 356,712,130,000 356,712,130,000
삼성SDI 006400 자본잉여금 5,011,816,510,630 5,013,423,010,403
삼성SDI 006400 자본조정 0 0
삼성SDI 006400 기타포괄손익누계액 114,982,909,555 468,815,568,345
삼성SDI 006400 이익잉여금(결손금) 0 0
삼성SDI 006400 자본총계 10,761,026,604,385 10,287,378,071,920
삼성SDI 006400 자본과부채총계 15,306,118,083,143 13,134,937,701,171
date : 2019-03-31
삼성SDI 006400 유동자산 3,499,857,845,448 3,790,745,494,595
삼성SDI 006400 현금및현금성자산 471,314,360,466 564,832,365,779
삼성SDI 006400 매출채권 0 0
삼성SDI 006400 재고자산 1,001,679,626,720 949,260,839,033
삼성SDI 006400 기타유동금융자산 0 0
삼성SDI 006400 기타유동자산 110,895,678,558 98,954,396,516
삼성SDI 006400 매각예정비유동자산 40,091,525,908 12,156,835,252
삼성SDI 006400 비유동자산 11,488,826,866,960 11,515,372,588,548
삼성SDI 006400 장기금융상품 0 0
삼성SDI 006400 기타포괄손익-공정가치 0 0
삼성SDI 006400 당기손익인식공정가치측정금융자산 0 0
삼성SDI 006400 종속회사투자 0 0
삼성SDI 006400 관계회사투자 0 0
삼성SDI 006400 렌탈자산 0 0
삼성SDI 006400 유형자산 2,233,216,979,572 2,256,737,880,834
삼성SDI 006400 무형자산 691,543,096,859 700,445,779,020
삼성SDI 006400 기타비유동금융자산 0 0
삼성SDI 006400 기타비유동자산 24,058,866,095 23,665,137,353
삼성SDI 006400 사용권자산 0 0
삼성SDI 006400 이연법인세자산 0 0
삼성SDI 006400 자산총계 14,988,684,712,408 15,306,118,083,143
삼성SDI 006400 유동부채 2,480,965,266,617 2,790,083,713,511
삼성SDI 006400 단기매입채무 0 0
삼성SDI 006400 단기차입금 892,931,578,605 1,068,876,667,123
삼성SDI 006400 유동성장기차입금 0 0
삼성SDI 006400 유동성사채 0 0
삼성SDI 006400 기타유동금융부채 0 0
삼성SDI 006400 기타유동부채 0 0
삼성SDI 006400 당기법인세부채 0 0
삼성SDI 006400 유동리스부채 0 0
삼성SDI 006400 비유동부채 1,748,685,438,355 1,755,007,765,247
삼성SDI 006400 사채 0 0
삼성SDI 006400 장기차입금 688,384,447,447 688,244,816,214
삼성SDI 006400 기타비유동금융부채 0 0
삼성SDI 006400 이연법인세부채 667,652,406,710 687,864,897,682
삼성SDI 006400 비유동리스부채 0 0
삼성SDI 006400 부채총계 4,229,650,704,972 4,545,091,478,758
삼성SDI 006400 자본금 356,712,130,000 356,712,130,000
삼성SDI 006400 자본잉여금 5,011,816,510,630 5,011,816,510,630
삼성SDI 006400 자본조정 0 0
삼성SDI 006400 기타포괄손익누계액 112,223,141,153 114,982,909,555
삼성SDI 006400 이익잉여금(결손금) 0 0
삼성SDI 006400 자본총계 10,759,034,007,436 10,761,026,604,385
삼성SDI 006400 자본과부채총계 14,988,684,712,408 15,306,118,083,143
