date : 2019-03-31
동구바이오제약 006620 유동자산 62,725,554,467 58,806,493,990
동구바이오제약 006620 현금및현금성자산 10,578,601,354 4,730,608,547
동구바이오제약 006620 매출채권 및 기타채권
동구바이오제약 006620 재고자산 13,866,922,898 14,930,654,035
동구바이오제약 006620 기타유동자산 447,241,121 147,613,904
동구바이오제약 006620 비유동자산 48,060,523,896 45,472,499,833
동구바이오제약 006620 장기금융상품 3,000,000 3,000,000
동구바이오제약 006620 유형자산 33,016,438,621 31,786,909,517
동구바이오제약 006620 무형자산 1,718,190,886 1,758,168,776
동구바이오제약 006620 사용권자산 1,366,355,147 0
동구바이오제약 006620 자산총계 110,786,078,363 104,278,993,823
동구바이오제약 006620 유동부채 31,813,428,555 28,615,398,519
동구바이오제약 006620 당기법인세부채 630,456,931 8,473,777
동구바이오제약 006620 기타유동부채 299,304,721 332,768,683
동구바이오제약 006620 유동리스부채 534,026,667 0
동구바이오제약 006620 비유동부채 4,634,713,587 3,565,367,724
동구바이오제약 006620 이연법인세부채 444,969,792 444,969,792
동구바이오제약 006620 비유동리스부채 836,946,092 0
동구바이오제약 006620 부채총계 36,448,142,142 32,180,766,243
동구바이오제약 006620 자본금 4,802,000,000 4,802,000,000
동구바이오제약 006620 자본잉여금 42,569,233,108 42,569,233,108
동구바이오제약 006620 기타포괄손익누계액 -661,638,252 -660,656,212
동구바이오제약 006620 이익잉여금(결손금) 27,694,741,365 25,454,050,684
동구바이오제약 006620 자본총계 74,337,936,221 72,098,227,580
동구바이오제약 006620 자본총계 110,786,078,363 104,278,993,823
