date : 2015-12-31
모헨즈 006920 유동자산 12,147,690,307 11,034,201,996
모헨즈 006920 현금및현금성자산 2,544,782,899 1,729,642,440
모헨즈 006920 매출채권 및 기타유동채권
모헨즈 006920 재고자산 1,787,327,505 1,926,326,339
모헨즈 006920 기타유동금융자산 41,110,000 41,340,000
모헨즈 006920 기타유동자산 0 0
모헨즈 006920 매각예정비유동자산 0 0
모헨즈 006920 비유동자산 14,612,025,906 14,356,734,733
모헨즈 006920 장기금융상품 0 0
모헨즈 006920 기타포괄손익-공정가치 0 0
모헨즈 006920 당기손익인식공정가치측정금융자산 0 0
모헨즈 006920 종속회사투자 0 0
모헨즈 006920 관계회사투자 0 0
모헨즈 006920 렌탈자산 0 0
모헨즈 006920 유형자산 7,038,518,758 7,041,586,254
모헨즈 006920 무형자산 417,565,246 417,565,246
모헨즈 006920 기타비유동금융자산 25,552,520 25,557,320
모헨즈 006920 기타비유동자산 0 0
모헨즈 006920 사용권자산 0 0
모헨즈 006920 이연법인세자산 953,113,478 700,359,744
모헨즈 006920 자산총계 26,759,716,213 25,390,936,729
모헨즈 006920 유동부채 13,107,514,446 12,395,555,507
모헨즈 006920 단기매입채무 0 0
모헨즈 006920 단기차입금 43,332,000 28,892,000
모헨즈 006920 유동성장기차입금 0 0
모헨즈 006920 유동성사채 0 0
모헨즈 006920 기타유동금융부채 0 28,892,000
모헨즈 006920 기타유동부채 0 0
모헨즈 006920 당기법인세부채 0 0
모헨즈 006920 유동리스부채 0 0
모헨즈 006920 비유동부채 2,686,447,524 2,137,552,261
모헨즈 006920 사채 0 0
모헨즈 006920 장기차입금 57,776,000 101,108,000
모헨즈 006920 기타비유동금융부채 0 0
모헨즈 006920 이연법인세부채 0 0
모헨즈 006920 비유동리스부채 0 0
모헨즈 006920 부채총계 15,793,961,970 14,533,107,768
모헨즈 006920 자본금 5,460,000,000 5,460,000,000
모헨즈 006920 자본잉여금 0 0
모헨즈 006920 자본조정 0 0
모헨즈 006920 기타포괄손익누계액 -748,602,144 -748,598,400
모헨즈 006920 이익잉여금(결손금) 1,529,171,569 1,421,242,543
모헨즈 006920 자본총계 10,965,754,243 10,857,828,961
모헨즈 006920 자본과부채총계 26,759,716,213 25,390,936,729
date : 2016-03-31
모헨즈 006920 유동자산 10,001,454,927 12,147,690,307
모헨즈 006920 현금및현금성자산 673,064,140 2,544,782,899
모헨즈 006920 매출채권 및 기타유동채권
모헨즈 006920 재고자산 2,186,885,074 1,787,327,505
모헨즈 006920 기타유동금융자산 41,150,000 41,110,000
모헨즈 006920 기타유동자산 0 0
모헨즈 006920 매각예정비유동자산 0 0
모헨즈 006920 비유동자산 14,884,798,617 14,612,025,906
모헨즈 006920 장기금융상품 0 0
모헨즈 006920 기타포괄손익-공정가치 0 0
모헨즈 006920 당기손익인식공정가치측정금융자산 0 0
모헨즈 006920 종속회사투자 0 0
모헨즈 006920 관계회사투자 0 0
모헨즈 006920 렌탈자산 0 0
모헨즈 006920 유형자산 7,208,795,238 7,038,518,758
모헨즈 006920 무형자산 417,565,246 417,565,246
모헨즈 006920 기타비유동금융자산 25,552,520 25,552,520
모헨즈 006920 기타비유동자산 0 0
모헨즈 006920 사용권자산 0 0
모헨즈 006920 이연법인세자산 953,113,478 953,113,478
모헨즈 006920 자산총계 24,886,253,544 26,759,716,213
모헨즈 006920 유동부채 11,583,793,792 13,107,514,446
모헨즈 006920 단기매입채무 0 0
모헨즈 006920 단기차입금 43,332,000 13,107,514,446
모헨즈 006920 유동성장기차입금 0 0
모헨즈 006920 유동성사채 0 0
모헨즈 006920 기타유동금융부채 0 13,107,514,446
모헨즈 006920 기타유동부채 0 0
모헨즈 006920 당기법인세부채 0 0
모헨즈 006920 유동리스부채 0 0
모헨즈 006920 비유동부채 2,786,265,447 2,686,447,524
모헨즈 006920 사채 0 0
모헨즈 006920 장기차입금 57,776,000 2,686,447,524
모헨즈 006920 기타비유동금융부채 0 0
모헨즈 006920 이연법인세부채 0 0
모헨즈 006920 비유동리스부채 0 0
모헨즈 006920 부채총계 14,370,059,239 15,793,961,970
모헨즈 006920 자본금 5,460,000,000 5,460,000,000
모헨즈 006920 자본잉여금 0 0
모헨즈 006920 자본조정 0 0
모헨즈 006920 기타포괄손익누계액 -748,602,144 -748,602,144
모헨즈 006920 이익잉여금(결손금) 1,079,611,631 1,529,171,569
모헨즈 006920 자본총계 10,516,194,305 10,965,754,243
모헨즈 006920 자본과부채총계 24,886,253,544 26,759,716,213
date : 2016-06-30
모헨즈 006920 유동자산 14,238,311,749 12,147,690,307
모헨즈 006920 현금및현금성자산 2,442,934,818 2,544,782,899
모헨즈 006920 매출채권 및 기타유동채권
모헨즈 006920 재고자산 2,181,056,250 1,787,327,505
모헨즈 006920 기타유동금융자산 38,175,000 41,110,000
모헨즈 006920 기타유동자산 0 0
모헨즈 006920 매각예정비유동자산 0 0
모헨즈 006920 비유동자산 14,647,269,341 14,612,025,906
모헨즈 006920 장기금융상품 0 0
모헨즈 006920 기타포괄손익-공정가치 0 0
모헨즈 006920 당기손익인식공정가치측정금융자산 0 0
모헨즈 006920 종속회사투자 0 0
모헨즈 006920 관계회사투자 0 0
모헨즈 006920 렌탈자산 0 0
모헨즈 006920 유형자산 7,097,142,344 7,038,518,758
모헨즈 006920 무형자산 417,565,246 417,565,246
모헨즈 006920 기타비유동금융자산 25,545,920 25,552,520
모헨즈 006920 기타비유동자산 0 0
모헨즈 006920 사용권자산 0 0
모헨즈 006920 이연법인세자산 917,850,927 953,113,478
모헨즈 006920 자산총계 28,885,581,090 26,759,716,213
모헨즈 006920 유동부채 14,810,570,301 13,107,514,446
모헨즈 006920 단기매입채무 0 0
모헨즈 006920 단기차입금 43,332,000 13,107,514,446
모헨즈 006920 유동성장기차입금 0 0
모헨즈 006920 유동성사채 0 0
모헨즈 006920 기타유동금융부채 0 13,107,514,446
모헨즈 006920 기타유동부채 0 0
모헨즈 006920 당기법인세부채 0 0
모헨즈 006920 유동리스부채 0 0
모헨즈 006920 비유동부채 2,740,235,203 2,686,447,524
모헨즈 006920 사채 0 0
모헨즈 006920 장기차입금 57,776,000 2,686,447,524
모헨즈 006920 기타비유동금융부채 0 0
모헨즈 006920 이연법인세부채 0 0
모헨즈 006920 비유동리스부채 0 0
모헨즈 006920 부채총계 17,550,805,504 15,793,961,970
모헨즈 006920 자본금 5,460,000,000 5,460,000,000
모헨즈 006920 자본잉여금 0 0
모헨즈 006920 자본조정 0 0
모헨즈 006920 기타포괄손익누계액 -748,607,292 -748,602,144
모헨즈 006920 이익잉여금(결손금) 1,898,198,060 1,529,171,569
모헨즈 006920 자본총계 11,334,775,586 10,965,754,243
모헨즈 006920 자본과부채총계 28,885,581,090 26,759,716,213
date : 2016-09-30
모헨즈 006920 유동자산 12,061,765,259 12,147,690,307
모헨즈 006920 현금및현금성자산 976,701,640 2,544,782,899
모헨즈 006920 매출채권 및 기타유동채권
모헨즈 006920 재고자산 1,789,733,575 1,787,327,505
모헨즈 006920 기타유동금융자산 38,405,000 41,110,000
모헨즈 006920 기타유동자산 0 0
모헨즈 006920 매각예정비유동자산 0 0
모헨즈 006920 비유동자산 14,773,275,387 14,612,025,906
모헨즈 006920 장기금융상품 0 0
모헨즈 006920 기타포괄손익-공정가치 0 0
모헨즈 006920 당기손익인식공정가치측정금융자산 0 0
모헨즈 006920 종속회사투자 0 0
모헨즈 006920 관계회사투자 0 0
모헨즈 006920 렌탈자산 0 0
모헨즈 006920 유형자산 7,108,191,755 7,038,518,758
모헨즈 006920 무형자산 417,565,246 417,565,246
모헨즈 006920 기타비유동금융자산 143,856,324 25,552,520
모헨즈 006920 기타비유동자산 0 0
모헨즈 006920 사용권자산 0 0
모헨즈 006920 이연법인세자산 917,850,927 953,113,478
모헨즈 006920 자산총계 26,835,040,646 26,759,716,213
모헨즈 006920 유동부채 12,706,823,375 13,107,514,446
모헨즈 006920 단기매입채무 0 0
모헨즈 006920 단기차입금 43,332,000 13,107,514,446
모헨즈 006920 유동성장기차입금 0 0
모헨즈 006920 유동성사채 0 0
모헨즈 006920 기타유동금융부채 0 13,107,514,446
모헨즈 006920 기타유동부채 0 0
모헨즈 006920 당기법인세부채 0 0
모헨즈 006920 유동리스부채 0 0
모헨즈 006920 비유동부채 2,801,757,199 2,686,447,524
모헨즈 006920 사채 0 0
모헨즈 006920 장기차입금 57,776,000 2,686,447,524
모헨즈 006920 기타비유동금융부채 0 0
모헨즈 006920 이연법인세부채 0 0
모헨즈 006920 비유동리스부채 0 0
모헨즈 006920 부채총계 15,508,580,574 15,793,961,970
모헨즈 006920 자본금 5,460,000,000 5,460,000,000
모헨즈 006920 자본잉여금 0 0
모헨즈 006920 자본조정 0 0
모헨즈 006920 기타포괄손익누계액 -748,607,292 -748,602,144
모헨즈 006920 이익잉여금(결손금) 1,889,882,546 1,529,171,569
모헨즈 006920 자본총계 11,326,460,072 10,965,754,243
모헨즈 006920 자본과부채총계 26,835,040,646 26,759,716,213
date : 2016-12-31
모헨즈 006920 유동자산 12,718,862,316 12,147,690,307
모헨즈 006920 현금및현금성자산 2,153,132,146 2,544,782,899
모헨즈 006920 매출채권 및 기타유동채권
모헨즈 006920 재고자산 1,305,430,908 1,787,327,505
모헨즈 006920 기타유동금융자산 35,315,000 41,110,000
모헨즈 006920 기타유동자산 0 0
모헨즈 006920 매각예정비유동자산 0 0
모헨즈 006920 비유동자산 14,923,182,192 14,612,025,906
모헨즈 006920 장기금융상품 0 0
모헨즈 006920 기타포괄손익-공정가치 0 0
모헨즈 006920 당기손익인식공정가치측정금융자산 0 0
모헨즈 006920 종속회사투자 0 0
모헨즈 006920 관계회사투자 0 0
모헨즈 006920 렌탈자산 0 0
모헨즈 006920 유형자산 7,594,812,458 7,038,518,758
모헨즈 006920 무형자산 326,253,580 417,565,246
모헨즈 006920 기타비유동금융자산 25,552,720 25,552,520
모헨즈 006920 기타비유동자산 0 0
모헨즈 006920 사용권자산 0 0
모헨즈 006920 이연법인세자산 840,708,739 953,113,478
모헨즈 006920 자산총계 27,642,044,508 26,759,716,213
모헨즈 006920 유동부채 13,627,237,634 13,107,514,446
모헨즈 006920 단기매입채무 0 0
모헨즈 006920 단기차입금 43,332,000 13,107,514,446
모헨즈 006920 유동성장기차입금 0 0
모헨즈 006920 유동성사채 0 0
모헨즈 006920 기타유동금융부채 0 0
모헨즈 006920 기타유동부채 0 0
모헨즈 006920 당기법인세부채 0 0
모헨즈 006920 유동리스부채 0 0
모헨즈 006920 비유동부채 2,838,831,346 2,686,447,524
모헨즈 006920 사채 0 0
모헨즈 006920 장기차입금 57,776,000 2,686,447,524
모헨즈 006920 기타비유동금융부채 0 0
모헨즈 006920 이연법인세부채 0 0
모헨즈 006920 비유동리스부채 0 0
모헨즈 006920 부채총계 16,466,068,980 15,793,961,970
모헨즈 006920 자본금 5,460,000,000 5,460,000,000
모헨즈 006920 자본잉여금 0 0
모헨즈 006920 자본조정 0 0
모헨즈 006920 기타포괄손익누계액 -748,601,944 -748,602,144
모헨즈 006920 이익잉여금(결손금) 1,739,392,654 1,529,171,569
모헨즈 006920 자본총계 11,175,975,528 10,965,754,243
모헨즈 006920 자본과부채총계 27,642,044,508 26,759,716,213
date : 2017-03-31
모헨즈 006920 유동자산 11,798,839,484 12,718,862,316
모헨즈 006920 현금및현금성자산 743,949,881 2,153,132,146
모헨즈 006920 매출채권 및 기타유동채권
모헨즈 006920 재고자산 1,895,433,652 1,305,430,908
모헨즈 006920 기타유동금융자산 35,315,000 35,315,000
모헨즈 006920 기타유동자산 0 0
모헨즈 006920 매각예정비유동자산 0 0
모헨즈 006920 비유동자산 14,742,757,591 14,923,182,192
모헨즈 006920 장기금융상품 0 0
모헨즈 006920 기타포괄손익-공정가치 0 0
모헨즈 006920 당기손익인식공정가치측정금융자산 0 0
모헨즈 006920 종속회사투자 0 0
모헨즈 006920 관계회사투자 0 0
모헨즈 006920 렌탈자산 0 0
모헨즈 006920 유형자산 7,679,833,070 7,594,812,458
모헨즈 006920 무형자산 326,253,580 326,253,580
모헨즈 006920 기타비유동금융자산 25,552,720 25,552,720
모헨즈 006920 기타비유동자산 0 0
모헨즈 006920 사용권자산 0 0
모헨즈 006920 이연법인세자산 840,708,739 840,708,739
모헨즈 006920 자산총계 26,541,597,075 27,642,044,508
모헨즈 006920 유동부채 12,988,067,709 13,627,237,634
모헨즈 006920 단기매입채무 0 0
모헨즈 006920 단기차입금 0 13,627,237,634
모헨즈 006920 유동성장기차입금 0 0
모헨즈 006920 유동성사채 0 0
모헨즈 006920 기타유동금융부채 0 0
모헨즈 006920 기타유동부채 0 0
모헨즈 006920 당기법인세부채 0 0
모헨즈 006920 유동리스부채 0 0
모헨즈 006920 비유동부채 2,791,965,561 2,838,831,346
모헨즈 006920 사채 0 0
모헨즈 006920 장기차입금 0 2,838,831,346
모헨즈 006920 기타비유동금융부채 0 0
모헨즈 006920 이연법인세부채 0 0
모헨즈 006920 비유동리스부채 0 0
모헨즈 006920 부채총계 15,780,033,270 16,466,068,980
모헨즈 006920 자본금 5,460,000,000 5,460,000,000
모헨즈 006920 자본잉여금 0 0
모헨즈 006920 자본조정 0 0
모헨즈 006920 기타포괄손익누계액 -748,601,944 -748,601,944
모헨즈 006920 이익잉여금(결손금) 1,324,980,931 1,739,392,654
모헨즈 006920 자본총계 10,761,563,805 11,175,975,528
모헨즈 006920 자본과부채총계 26,541,597,075 27,642,044,508
date : 2017-06-30
모헨즈 006920 유동자산 12,423,454,046 12,718,862,316
모헨즈 006920 현금및현금성자산 2,142,857,665 2,153,132,146
모헨즈 006920 매출채권 및 기타유동채권
모헨즈 006920 재고자산 1,506,684,640 1,305,430,908
모헨즈 006920 기타유동금융자산 29,915,000 35,315,000
모헨즈 006920 기타유동자산 0 0
모헨즈 006920 매각예정비유동자산 0 0
모헨즈 006920 비유동자산 14,533,522,173 14,923,182,192
모헨즈 006920 장기금융상품 0 0
모헨즈 006920 기타포괄손익-공정가치 0 0
모헨즈 006920 당기손익인식공정가치측정금융자산 0 0
모헨즈 006920 종속회사투자 0 0
모헨즈 006920 관계회사투자 0 0
모헨즈 006920 렌탈자산 0 0
모헨즈 006920 유형자산 7,570,068,007 7,594,812,458
모헨즈 006920 무형자산 326,253,580 326,253,580
모헨즈 006920 기타비유동금융자산 25,548,520 25,552,720
모헨즈 006920 기타비유동자산 0 0
모헨즈 006920 사용권자산 0 0
모헨즈 006920 이연법인세자산 790,853,990 840,708,739
모헨즈 006920 자산총계 26,956,976,219 27,642,044,508
모헨즈 006920 유동부채 12,924,925,703 13,627,237,634
모헨즈 006920 단기매입채무 0 0
모헨즈 006920 단기차입금 0 13,627,237,634
모헨즈 006920 유동성장기차입금 0 0
모헨즈 006920 유동성사채 0 0
모헨즈 006920 기타유동금융부채 0 0
모헨즈 006920 기타유동부채 0 0
모헨즈 006920 당기법인세부채 0 0
모헨즈 006920 유동리스부채 0 0
모헨즈 006920 비유동부채 2,781,385,604 2,838,831,346
모헨즈 006920 사채 0 0
모헨즈 006920 장기차입금 0 2,838,831,346
모헨즈 006920 기타비유동금융부채 0 0
모헨즈 006920 이연법인세부채 0 0
모헨즈 006920 비유동리스부채 0 0
모헨즈 006920 부채총계 15,706,311,307 16,466,068,980
모헨즈 006920 자본금 5,460,000,000 5,460,000,000
모헨즈 006920 자본잉여금 0 0
모헨즈 006920 자본조정 0 0
모헨즈 006920 기타포괄손익누계액 -748,605,263 -748,601,944
모헨즈 006920 이익잉여금(결손금) 1,814,085,357 1,739,392,654
모헨즈 006920 자본총계 11,250,664,912 11,175,975,528
모헨즈 006920 자본과부채총계 26,956,976,219 27,642,044,508
date : 2017-09-30
모헨즈 006920 유동자산 12,538,035,897 12,718,862,316
모헨즈 006920 현금및현금성자산 2,274,959,929 2,153,132,146
모헨즈 006920 매출채권 및 기타유동채권
모헨즈 006920 재고자산 1,874,214,333 1,305,430,908
모헨즈 006920 기타유동금융자산 27,065,000 35,315,000
모헨즈 006920 기타유동자산 405,268,612 192,193,474
모헨즈 006920 매각예정비유동자산 0 0
모헨즈 006920 비유동자산 14,373,315,795 14,923,182,192
모헨즈 006920 장기금융상품 0 0
모헨즈 006920 기타포괄손익-공정가치 0 0
모헨즈 006920 당기손익인식공정가치측정금융자산 0 0
모헨즈 006920 종속회사투자 0 0
모헨즈 006920 관계회사투자 0 0
모헨즈 006920 렌탈자산 0 0
모헨즈 006920 유형자산 7,461,852,403 7,594,812,458
모헨즈 006920 무형자산 275,853,580 326,253,580
모헨즈 006920 기타비유동금융자산 25,548,520 25,552,720
모헨즈 006920 기타비유동자산 0 0
모헨즈 006920 사용권자산 0 0
모헨즈 006920 이연법인세자산 790,853,990 840,708,739
모헨즈 006920 자산총계 26,911,351,692 27,642,044,508
모헨즈 006920 유동부채 12,511,427,913 13,627,237,634
모헨즈 006920 단기매입채무 0 0
모헨즈 006920 단기차입금 0 0
모헨즈 006920 유동성장기차입금 0 0
모헨즈 006920 유동성사채 0 0
모헨즈 006920 기타유동금융부채 0 0
모헨즈 006920 기타유동부채 301,109,096 315,728,940
모헨즈 006920 당기법인세부채 0 0
모헨즈 006920 유동리스부채 0 0
모헨즈 006920 비유동부채 2,874,017,488 2,838,831,346
모헨즈 006920 사채 0 0
모헨즈 006920 장기차입금 0 0
모헨즈 006920 기타비유동금융부채 0 0
모헨즈 006920 이연법인세부채 0 0
모헨즈 006920 비유동리스부채 0 0
모헨즈 006920 부채총계 15,385,445,401 16,466,068,980
모헨즈 006920 자본금 5,460,000,000 5,460,000,000
모헨즈 006920 자본잉여금 3,770,546,205 3,770,546,205
모헨즈 006920 자본조정 0 0
모헨즈 006920 기타포괄손익누계액 -748,605,263 -748,601,944
모헨즈 006920 이익잉여금(결손금) 2,089,326,736 1,739,392,654
모헨즈 006920 자본총계 11,525,906,291 11,175,975,528
모헨즈 006920 자본과부채총계 26,911,351,692 27,642,044,508
date : 2017-12-31
모헨즈 006920 유동자산 11,442,329,438 12,718,862,316
모헨즈 006920 현금및현금성자산 3,674,405,145 2,153,132,146
모헨즈 006920 매출채권 및 기타유동채권
모헨즈 006920 재고자산 1,700,381,337 1,305,430,908
모헨즈 006920 기타유동금융자산 26,400,000 35,315,000
모헨즈 006920 기타유동자산 327,951,594 192,193,474
모헨즈 006920 매각예정비유동자산 0 0
모헨즈 006920 비유동자산 14,629,716,673 14,923,182,192
모헨즈 006920 장기금융상품 0 0
모헨즈 006920 기타포괄손익-공정가치 0 0
모헨즈 006920 당기손익인식공정가치측정금융자산 0 0
모헨즈 006920 종속회사투자 0 0
모헨즈 006920 관계회사투자 0 0
모헨즈 006920 렌탈자산 0 0
모헨즈 006920 유형자산 7,575,717,604 7,594,812,458
모헨즈 006920 무형자산 275,853,580 326,253,580
모헨즈 006920 기타비유동금융자산 26,535,820 25,552,720
모헨즈 006920 기타비유동자산 0 0
모헨즈 006920 사용권자산 0 0
모헨즈 006920 이연법인세자산 999,642,867 840,708,739
모헨즈 006920 자산총계 26,072,046,111 27,642,044,508
모헨즈 006920 유동부채 11,602,639,488 13,627,237,634
모헨즈 006920 단기매입채무 0 0
모헨즈 006920 단기차입금 0 0
모헨즈 006920 유동성장기차입금 0 0
모헨즈 006920 유동성사채 0 0
모헨즈 006920 기타유동금융부채 0 0
모헨즈 006920 기타유동부채 323,961,664 315,728,940
모헨즈 006920 당기법인세부채 0 0
모헨즈 006920 유동리스부채 0 0
모헨즈 006920 비유동부채 2,995,586,823 2,838,831,346
모헨즈 006920 사채 0 0
모헨즈 006920 장기차입금 0 0
모헨즈 006920 기타비유동금융부채 0 0
모헨즈 006920 이연법인세부채 0 0
모헨즈 006920 비유동리스부채 0 0
모헨즈 006920 부채총계 14,598,226,311 16,466,068,980
모헨즈 006920 자본금 5,460,000,000 5,460,000,000
모헨즈 006920 자본잉여금 3,770,546,205 3,770,546,205
모헨즈 006920 자본조정 0 0
모헨즈 006920 기타포괄손익누계액 -748,615,169 -748,601,944
모헨즈 006920 이익잉여금(결손금) 2,037,250,151 1,739,392,654
모헨즈 006920 자본총계 11,473,819,800 11,175,975,528
모헨즈 006920 자본과부채총계 26,072,046,111 27,642,044,508
date : 2018-03-31
모헨즈 006920 유동자산 9,345,532,747 11,442,329,438
모헨즈 006920 현금및현금성자산 1,723,069,009 3,674,405,145
모헨즈 006920 매출채권 및 기타유동채권
모헨즈 006920 재고자산 2,157,802,796 1,700,381,337
모헨즈 006920 기타유동금융자산 23,240,000 26,400,000
모헨즈 006920 기타유동자산 456,605,121 327,951,594
모헨즈 006920 매각예정비유동자산 0 0
모헨즈 006920 비유동자산 14,755,752,703 14,629,716,673
모헨즈 006920 장기금융상품 0 0
모헨즈 006920 기타포괄손익-공정가치 0 0
모헨즈 006920 당기손익인식공정가치측정금융자산 0 0
모헨즈 006920 종속회사투자 0 0
모헨즈 006920 관계회사투자 0 0
모헨즈 006920 렌탈자산 0 0
모헨즈 006920 유형자산 7,744,580,008 7,575,717,604
모헨즈 006920 무형자산 255,617,980 275,853,580
모헨즈 006920 기타비유동금융자산 25,535,820 26,535,820
모헨즈 006920 기타비유동자산 0 0
모헨즈 006920 사용권자산 0 0
모헨즈 006920 이연법인세자산 999,642,867 999,642,867
모헨즈 006920 자산총계 24,101,285,450 26,072,046,111
모헨즈 006920 유동부채 9,756,095,030 11,602,639,488
모헨즈 006920 단기매입채무 0 0
모헨즈 006920 단기차입금 0 0
모헨즈 006920 유동성장기차입금 0 0
모헨즈 006920 유동성사채 0 0
모헨즈 006920 기타유동금융부채 0 0
모헨즈 006920 기타유동부채 96,573,366 323,961,664
모헨즈 006920 당기법인세부채 0 0
모헨즈 006920 유동리스부채 0 0
모헨즈 006920 비유동부채 3,056,129,233 2,995,586,823
모헨즈 006920 사채 0 0
모헨즈 006920 장기차입금 0 0
모헨즈 006920 기타비유동금융부채 0 0
모헨즈 006920 이연법인세부채 0 0
모헨즈 006920 비유동리스부채 0 0
모헨즈 006920 부채총계 12,812,224,263 14,598,226,311
모헨즈 006920 자본금 5,460,000,000 5,460,000,000
모헨즈 006920 자본잉여금 3,770,546,205 3,770,546,205
모헨즈 006920 자본조정 0 0
모헨즈 006920 기타포괄손익누계액 -748,615,169 -748,615,169
모헨즈 006920 이익잉여금(결손금) 1,852,491,538 2,037,250,151
모헨즈 006920 자본총계 11,289,061,187 11,473,819,800
모헨즈 006920 자본과부채총계 24,101,285,450 26,072,046,111
date : 2018-06-30
모헨즈 006920 유동자산 13,646,735,006 11,442,329,438
모헨즈 006920 현금및현금성자산 3,795,732,247 3,674,405,145
모헨즈 006920 매출채권 및 기타유동채권
모헨즈 006920 재고자산 583,010,121 1,700,381,337
모헨즈 006920 기타유동금융자산 17,510,000 26,400,000
모헨즈 006920 기타유동자산 351,634,158 327,951,594
모헨즈 006920 매각예정비유동자산 0 0
모헨즈 006920 비유동자산 16,005,247,704 14,629,716,673
모헨즈 006920 장기금융상품 0 0
모헨즈 006920 기타포괄손익-공정가치 0 0
모헨즈 006920 당기손익인식공정가치측정금융자산 0 0
모헨즈 006920 종속회사투자 0 0
모헨즈 006920 관계회사투자 0 0
모헨즈 006920 렌탈자산 0 0
모헨즈 006920 유형자산 7,707,359,874 7,575,717,604
모헨즈 006920 무형자산 255,617,980 275,853,580
모헨즈 006920 기타비유동금융자산 25,499,720 26,535,820
모헨즈 006920 기타비유동자산 0 0
모헨즈 006920 사용권자산 0 0
모헨즈 006920 이연법인세자산 1,045,434,874 999,642,867
모헨즈 006920 자산총계 29,651,982,710 26,072,046,111
모헨즈 006920 유동부채 13,179,299,033 11,602,639,488
모헨즈 006920 단기매입채무 0 0
모헨즈 006920 단기차입금 0 0
모헨즈 006920 유동성장기차입금 0 0
모헨즈 006920 유동성사채 0 0
모헨즈 006920 기타유동금융부채 0 0
모헨즈 006920 기타유동부채 302,362,273 323,961,664
모헨즈 006920 당기법인세부채 107,127,011 11,602,639,488
모헨즈 006920 유동리스부채 0 0
모헨즈 006920 비유동부채 3,072,444,466 2,995,586,823
모헨즈 006920 사채 0 0
모헨즈 006920 장기차입금 0 0
모헨즈 006920 기타비유동금융부채 0 0
모헨즈 006920 이연법인세부채 0 0
모헨즈 006920 비유동리스부채 0 0
모헨즈 006920 부채총계 16,251,743,499 14,598,226,311
모헨즈 006920 자본금 5,460,000,000 5,460,000,000
모헨즈 006920 자본잉여금 3,770,546,205 3,770,546,205
모헨즈 006920 자본조정 0 0
모헨즈 006920 기타포괄손익누계액 -747,049,437 -748,615,169
모헨즈 006920 이익잉여금(결손금) 3,962,103,830 2,037,250,151
모헨즈 006920 자본총계 13,400,239,211 11,473,819,800
모헨즈 006920 자본과부채총계 29,651,982,710 26,072,046,111
date : 2018-09-30
모헨즈 006920 유동자산 13,383,086,362 11,442,329,438
모헨즈 006920 현금및현금성자산 4,384,511,299 3,674,405,145
모헨즈 006920 매출채권 및 기타유동채권
모헨즈 006920 재고자산 770,699,380 1,700,381,337
모헨즈 006920 기타유동금융자산 17,510,000 26,400,000
모헨즈 006920 기타유동자산 25,626,247 327,951,594
모헨즈 006920 매각예정비유동자산 0 0
모헨즈 006920 비유동자산 16,208,223,337 14,629,716,673
모헨즈 006920 장기금융상품 0 0
모헨즈 006920 기타포괄손익-공정가치 0 0
모헨즈 006920 당기손익인식공정가치측정금융자산 0 0
모헨즈 006920 종속회사투자 0 0
모헨즈 006920 관계회사투자 0 0
모헨즈 006920 렌탈자산 0 0
모헨즈 006920 유형자산 7,933,254,524 7,575,717,604
모헨즈 006920 무형자산 255,617,980 275,853,580
모헨즈 006920 기타비유동금융자산 25,499,720 26,535,820
모헨즈 006920 기타비유동자산 0 0
모헨즈 006920 사용권자산 0 0
모헨즈 006920 이연법인세자산 1,045,434,874 999,642,867
모헨즈 006920 자산총계 29,591,309,699 26,072,046,111
모헨즈 006920 유동부채 12,757,338,328 11,602,639,488
모헨즈 006920 단기매입채무 0 0
모헨즈 006920 단기차입금 0 0
모헨즈 006920 유동성장기차입금 0 0
모헨즈 006920 유동성사채 0 0
모헨즈 006920 기타유동금융부채 0 0
모헨즈 006920 기타유동부채 297,680,383 323,961,664
모헨즈 006920 당기법인세부채 107,127,011 11,602,639,488
모헨즈 006920 유동리스부채 0 0
모헨즈 006920 비유동부채 3,298,692,135 2,995,586,823
모헨즈 006920 사채 0 0
모헨즈 006920 장기차입금 0 0
모헨즈 006920 기타비유동금융부채 0 0
모헨즈 006920 이연법인세부채 0 0
모헨즈 006920 비유동리스부채 0 0
모헨즈 006920 부채총계 16,056,030,463 14,598,226,311
모헨즈 006920 자본금 5,460,000,000 5,460,000,000
모헨즈 006920 자본잉여금 3,770,546,205 3,770,546,205
모헨즈 006920 자본조정 0 0
모헨즈 006920 기타포괄손익누계액 -747,049,437 -748,615,169
모헨즈 006920 이익잉여금(결손금) 4,097,143,855 2,037,250,151
모헨즈 006920 자본총계 13,535,279,236 11,473,819,800
모헨즈 006920 자본과부채총계 29,591,309,699 26,072,046,111
date : 2018-12-31
모헨즈 006920 유동자산 13,261,021,394 11,442,329,438
모헨즈 006920 현금및현금성자산 1,904,414,770 3,674,405,145
모헨즈 006920 매출채권 및 기타유동채권
모헨즈 006920 재고자산 672,057,923 1,700,381,337
모헨즈 006920 기타유동금융자산 0 0
모헨즈 006920 기타유동자산 58,797,234 327,951,594
모헨즈 006920 매각예정비유동자산 0 0
모헨즈 006920 비유동자산 16,206,928,926 14,629,716,673
모헨즈 006920 장기금융상품 9,000,000 9,000,000
모헨즈 006920 기타포괄손익-공정가치 측정 금융자산
모헨즈 006920 당기손익인식공정가치측정금융자산 0 0
모헨즈 006920 종속회사투자 0 0
모헨즈 006920 관계회사투자 0 0
모헨즈 006920 렌탈자산 0 0
모헨즈 006920 유형자산 7,942,445,428 7,575,717,604
모헨즈 006920 무형자산 255,617,980 275,853,580
모헨즈 006920 기타비유동금융자산 0 0
모헨즈 006920 기타비유동자산 0 0
모헨즈 006920 사용권자산 0 0
모헨즈 006920 이연법인세자산 1,130,158,126 999,642,867
모헨즈 006920 자산총계 29,467,950,320 26,072,046,111
모헨즈 006920 유동부채 12,610,148,010 11,602,639,488
모헨즈 006920 단기매입채무 0 0
모헨즈 006920 단기차입금 0 0
모헨즈 006920 유동성장기차입금 0 0
모헨즈 006920 유동성사채 0 0
모헨즈 006920 기타유동금융부채 0 0
모헨즈 006920 기타유동부채 273,595,590 323,961,664
모헨즈 006920 당기법인세부채 0 0
모헨즈 006920 유동리스부채 0 0
모헨즈 006920 비유동부채 3,309,873,865 2,995,586,823
모헨즈 006920 사채 0 0
모헨즈 006920 장기차입금 0 0
모헨즈 006920 기타비유동금융부채 0 0
모헨즈 006920 이연법인세부채 0 0
모헨즈 006920 비유동리스부채 0 0
모헨즈 006920 부채총계 15,920,021,875 14,598,226,311
모헨즈 006920 자본금 5,460,000,000 5,460,000,000
모헨즈 006920 자본잉여금 3,770,546,205 3,770,546,205
모헨즈 006920 자본조정 0 0
모헨즈 006920 기타포괄손익누계액 -747,049,437 -748,615,169
모헨즈 006920 이익잉여금(결손금) 4,109,793,064 2,037,250,151
모헨즈 006920 자본총계 13,547,928,445 11,473,819,800
모헨즈 006920 자본과부채총계 29,467,950,320 26,072,046,111
date : 2019-03-31
모헨즈 006920 유동자산 12,193,343,139 13,261,021,394
모헨즈 006920 현금및현금성자산 2,903,498,470 1,904,414,770
모헨즈 006920 매출채권 및 기타유동채권
모헨즈 006920 재고자산 679,707,563 672,057,923
모헨즈 006920 기타유동금융자산 0 0
모헨즈 006920 기타유동자산 32,621,899 58,797,234
모헨즈 006920 매각예정비유동자산 0 0
모헨즈 006920 비유동자산 16,584,605,063 16,206,928,926
모헨즈 006920 장기금융상품 9,000,000 9,000,000
모헨즈 006920 기타포괄손익-공정가치 측정 금융자산
모헨즈 006920 당기손익인식공정가치측정금융자산 0 0
모헨즈 006920 종속회사투자 0 0
모헨즈 006920 관계회사투자 0 0
모헨즈 006920 렌탈자산 0 0
모헨즈 006920 유형자산 7,892,368,821 7,942,445,428
모헨즈 006920 무형자산 255,617,980 255,617,980
모헨즈 006920 기타비유동금융자산 0 0
모헨즈 006920 기타비유동자산 0 0
모헨즈 006920 사용권자산 435,880,112 7,942,445,428
모헨즈 006920 이연법인세자산 1,130,158,126 1,130,158,126
모헨즈 006920 자산총계 28,777,948,202 29,467,950,320
모헨즈 006920 유동부채 11,839,381,968 12,610,148,010
모헨즈 006920 단기매입채무 0 0
모헨즈 006920 단기차입금 0 0
모헨즈 006920 유동성장기차입금 0 0
모헨즈 006920 유동성사채 0 0
모헨즈 006920 기타유동금융부채 0 0
모헨즈 006920 기타유동부채 141,051,391 273,595,590
모헨즈 006920 당기법인세부채 0 0
모헨즈 006920 유동리스부채 79,443,705 273,595,590
모헨즈 006920 비유동부채 3,755,616,350 3,309,873,865
모헨즈 006920 사채 0 0
모헨즈 006920 장기차입금 0 0
모헨즈 006920 기타비유동금융부채 0 0
모헨즈 006920 이연법인세부채 0 0
모헨즈 006920 비유동리스부채 358,050,214 3,309,873,865
모헨즈 006920 부채총계 15,594,998,318 15,920,021,875
모헨즈 006920 자본금 5,460,000,000 5,460,000,000
모헨즈 006920 자본잉여금 3,770,546,205 3,770,546,205
모헨즈 006920 자본조정 0 0
모헨즈 006920 기타포괄손익누계액 -747,049,437 -747,049,437
모헨즈 006920 이익잉여금(결손금) 3,744,814,503 4,109,793,064
모헨즈 006920 자본총계 13,182,949,884 13,547,928,445
모헨즈 006920 자본과부채총계 28,777,948,202 29,467,950,320
