date : 2019-03-31
사조산업 007160 유동자산 201,912,846,217 184,993,071,994
사조산업 007160 현금및현금성자산 19,229,225,259 18,378,831,862
사조산업 007160 매출채권 및 기타채권
사조산업 007160 재고자산 57,561,096,820 59,750,563,446
사조산업 007160 기타유동자산 32,239,236,196 34,442,373,170
사조산업 007160 비유동자산 360,759,789,036 360,361,182,590
사조산업 007160 기타포괄손익-공정가치 측정 금융자산
사조산업 007160 유형자산 172,292,659,415 173,372,293,818
사조산업 007160 사용권자산 2,206,553,324 0
사조산업 007160 무형자산 3,801,455,332 3,855,949,317
사조산업 007160 자산총계 562,672,635,253 545,354,254,584
사조산업 007160 유동부채 125,144,059,793 116,265,896,589
사조산업 007160 단기차입금 59,080,000,000 59,080,000,000
사조산업 007160 유동성장기차입금 7,597,100,000 7,597,100,000
사조산업 007160 당기법인세부채 6,173,882,951 3,764,943,392
사조산업 007160 기타유동부채 1,330,798,899 1,205,951,838
사조산업 007160 비유동부채 145,393,747,331 144,219,538,093
사조산업 007160 사채 73,864,806,163 73,246,166,222
사조산업 007160 장기차입금 54,779,180,000 55,004,180,000
사조산업 007160 이연법인세부채 8,540,022,664 8,464,666,788
사조산업 007160 부채총계 270,537,807,124 260,485,434,682
사조산업 007160 자본금 25,000,000,000 25,000,000,000
사조산업 007160 이익잉여금(결손금) 246,493,234,189 239,231,278,869
사조산업 007160 자본총계 292,134,828,129 284,868,819,902
사조산업 007160 자본과부채총계 562,672,635,253 545,354,254,584
