date : 2015-12-31
네이처셀 007390 유동자산 19,590,955,194 11,762,597,145
네이처셀 007390 현금및현금성자산 5,649,329,717 2,414,013,647
네이처셀 007390 매출채권 4,708,462,405 3,719,779,709
네이처셀 007390 재고자산 4,408,145,093 4,516,689,088
네이처셀 007390 기타유동금융자산 0 0
네이처셀 007390 기타유동자산 0 0
네이처셀 007390 매각예정비유동자산 0 0
네이처셀 007390 비유동자산 26,378,793,233 12,773,979,275
네이처셀 007390 장기금융상품 4,600,000 244,200,000
네이처셀 007390 기타포괄손익-공정가치 0 0
네이처셀 007390 당기손익인식공정가치측정금융자산 0 0
네이처셀 007390 종속회사투자 0 0
네이처셀 007390 관계회사투자 0 0
네이처셀 007390 렌탈자산 0 0
네이처셀 007390 유형자산 9,341,773,341 9,737,659,277
네이처셀 007390 무형자산 612,825,802 9,737,659,277
네이처셀 007390 기타비유동금융자산 0 0
네이처셀 007390 기타비유동자산 0 0
네이처셀 007390 사용권자산 0 0
네이처셀 007390 이연법인세자산 0 0
네이처셀 007390 자산총계 45,969,748,427 24,536,576,420
네이처셀 007390 유동부채 11,291,430,330 8,407,513,519
네이처셀 007390 단기매입채무 0 0
네이처셀 007390 단기차입금 2,740,000,000 3,240,000,000
네이처셀 007390 유동성장기차입금 0 0
네이처셀 007390 유동성사채 0 0
네이처셀 007390 기타유동금융부채 0 0
네이처셀 007390 기타유동부채 0 0
네이처셀 007390 당기법인세부채 1,634,753,220 3,240,000,000
네이처셀 007390 유동리스부채 0 0
네이처셀 007390 비유동부채 2,991,325,095 2,380,558,760
네이처셀 007390 사채 0 1,680,000,000
네이처셀 007390 장기차입금 230,000,000 230,000,000
네이처셀 007390 기타비유동금융부채 0 0
네이처셀 007390 이연법인세부채 0 0
네이처셀 007390 비유동리스부채 0 0
네이처셀 007390 부채총계 14,282,755,425 10,788,072,279
네이처셀 007390 자본금 24,576,376,000 19,364,647,000
네이처셀 007390 자본잉여금 34,933,607,570 21,669,377,609
네이처셀 007390 자본조정 0 0
네이처셀 007390 기타포괄손익누계액 0 0
네이처셀 007390 이익잉여금(결손금) -14,024,295,191 -12,554,994,186
네이처셀 007390 자본총계 31,686,993,002 13,748,504,141
네이처셀 007390 자본과부채총계 45,969,748,427 24,536,576,420
date : 2016-03-31
네이처셀 007390 유동자산 17,344,785,874 19,590,955,194
네이처셀 007390 현금및현금성자산 3,939,064,095 5,649,329,717
네이처셀 007390 매출채권 3,940,357,870 4,708,462,405
네이처셀 007390 재고자산 4,501,401,643 4,408,145,093
네이처셀 007390 기타유동금융자산 0 0
네이처셀 007390 기타유동자산 0 0
네이처셀 007390 매각예정비유동자산 0 0
네이처셀 007390 비유동자산 28,855,548,823 26,378,793,233
네이처셀 007390 장기금융상품 4,600,000 4,600,000
네이처셀 007390 기타포괄손익-공정가치 0 0
네이처셀 007390 당기손익인식공정가치측정금융자산 0 0
네이처셀 007390 종속회사투자 0 0
네이처셀 007390 관계회사투자 0 0
네이처셀 007390 렌탈자산 0 0
네이처셀 007390 유형자산 10,472,600,274 9,341,773,341
네이처셀 007390 무형자산 1,456,343,739 612,825,802
네이처셀 007390 기타비유동금융자산 0 0
네이처셀 007390 기타비유동자산 0 0
네이처셀 007390 사용권자산 0 0
네이처셀 007390 이연법인세자산 0 0
네이처셀 007390 자산총계 46,200,334,697 45,969,748,427
네이처셀 007390 유동부채 10,467,665,534 11,291,430,330
네이처셀 007390 단기매입채무 0 0
네이처셀 007390 단기차입금 2,740,000,000 2,740,000,000
네이처셀 007390 유동성장기차입금 0 0
네이처셀 007390 유동성사채 0 0
네이처셀 007390 기타유동금융부채 0 0
네이처셀 007390 기타유동부채 0 0
네이처셀 007390 당기법인세부채 0 0
네이처셀 007390 유동리스부채 0 0
네이처셀 007390 비유동부채 3,495,712,829 2,991,325,095
네이처셀 007390 사채 0 1,680,000,000
네이처셀 007390 장기차입금 1,036,000,000 230,000,000
네이처셀 007390 기타비유동금융부채 0 0
네이처셀 007390 이연법인세부채 0 0
네이처셀 007390 비유동리스부채 0 0
네이처셀 007390 부채총계 13,963,378,363 14,282,755,425
네이처셀 007390 자본금 24,672,839,000 24,576,376,000
네이처셀 007390 자본잉여금 6,103,472,049 34,933,607,570
네이처셀 007390 자본조정 0 0
네이처셀 007390 기타포괄손익누계액 0 0
네이처셀 007390 이익잉여금(결손금) -326,436,756 -14,024,295,191
네이처셀 007390 자본총계 32,236,956,334 31,686,993,002
네이처셀 007390 자본과부채총계 46,200,334,697 45,969,748,427
date : 2016-06-30
네이처셀 007390 유동자산 17,334,249,855 19,590,955,194
네이처셀 007390 현금및현금성자산 2,458,154,804 5,649,329,717
네이처셀 007390 매출채권 4,122,566,310 4,708,462,405
네이처셀 007390 재고자산 5,346,767,953 4,408,145,093
네이처셀 007390 기타유동금융자산 0 0
네이처셀 007390 기타유동자산 0 0
네이처셀 007390 매각예정비유동자산 0 0
네이처셀 007390 비유동자산 29,387,842,514 26,378,793,233
네이처셀 007390 장기금융상품 4,600,000 4,600,000
네이처셀 007390 기타포괄손익-공정가치 0 0
네이처셀 007390 당기손익인식공정가치측정금융자산 0 0
네이처셀 007390 종속회사투자 0 0
네이처셀 007390 관계회사투자 0 0
네이처셀 007390 렌탈자산 0 0
네이처셀 007390 유형자산 10,402,004,381 9,341,773,341
네이처셀 007390 무형자산 1,512,208,842 612,825,802
네이처셀 007390 기타비유동금융자산 0 0
네이처셀 007390 기타비유동자산 0 0
네이처셀 007390 사용권자산 0 0
네이처셀 007390 이연법인세자산 0 0
네이처셀 007390 자산총계 46,722,092,369 45,969,748,427
네이처셀 007390 유동부채 9,201,720,678 11,291,430,330
네이처셀 007390 단기매입채무 0 0
네이처셀 007390 단기차입금 2,240,000,000 2,740,000,000
네이처셀 007390 유동성장기차입금 0 0
네이처셀 007390 유동성사채 0 0
네이처셀 007390 기타유동금융부채 0 0
네이처셀 007390 기타유동부채 0 0
네이처셀 007390 당기법인세부채 0 0
네이처셀 007390 유동리스부채 0 0
네이처셀 007390 비유동부채 2,744,909,635 2,991,325,095
네이처셀 007390 사채 0 0
네이처셀 007390 장기차입금 1,986,000,000 230,000,000
네이처셀 007390 기타비유동금융부채 0 0
네이처셀 007390 이연법인세부채 0 0
네이처셀 007390 비유동리스부채 0 0
네이처셀 007390 부채총계 11,946,630,313 14,282,755,425
네이처셀 007390 자본금 25,404,675,500 24,576,376,000
네이처셀 007390 자본잉여금 7,622,083,417 34,933,607,570
네이처셀 007390 자본조정 0 0
네이처셀 007390 기타포괄손익누계액 0 0
네이처셀 007390 이익잉여금(결손금) -790,125,572 -14,024,295,191
네이처셀 007390 자본총계 34,775,462,056 31,686,993,002
네이처셀 007390 자본과부채총계 46,722,092,369 45,969,748,427
date : 2016-09-30
네이처셀 007390 유동자산 18,435,678,567 19,590,955,194
네이처셀 007390 현금및현금성자산 4,828,231,496 5,649,329,717
네이처셀 007390 매출채권 3,976,360,472 4,708,462,405
네이처셀 007390 재고자산 4,091,315,953 4,408,145,093
네이처셀 007390 기타유동금융자산 0 0
네이처셀 007390 기타유동자산 0 0
네이처셀 007390 매각예정비유동자산 0 0
네이처셀 007390 비유동자산 34,865,145,051 26,378,793,233
네이처셀 007390 장기금융상품 4,600,000 4,600,000
네이처셀 007390 기타포괄손익-공정가치 0 0
네이처셀 007390 당기손익인식공정가치측정금융자산 0 0
네이처셀 007390 종속회사투자 0 0
네이처셀 007390 관계회사투자 0 0
네이처셀 007390 렌탈자산 0 0
네이처셀 007390 유형자산 10,625,217,301 9,341,773,341
네이처셀 007390 무형자산 5,461,010,866 612,825,802
네이처셀 007390 기타비유동금융자산 0 0
네이처셀 007390 기타비유동자산 0 0
네이처셀 007390 사용권자산 0 0
네이처셀 007390 이연법인세자산 0 0
네이처셀 007390 자산총계 53,300,823,618 45,969,748,427
네이처셀 007390 유동부채 10,660,341,246 11,291,430,330
네이처셀 007390 단기매입채무 0 0
네이처셀 007390 단기차입금 2,240,000,000 2,740,000,000
네이처셀 007390 유동성장기차입금 0 0
네이처셀 007390 유동성사채 0 0
네이처셀 007390 기타유동금융부채 0 0
네이처셀 007390 기타유동부채 0 0
네이처셀 007390 당기법인세부채 0 0
네이처셀 007390 유동리스부채 0 0
네이처셀 007390 비유동부채 7,013,370,405 2,991,325,095
네이처셀 007390 사채 0 0
네이처셀 007390 장기차입금 1,974,500,000 230,000,000
네이처셀 007390 기타비유동금융부채 0 0
네이처셀 007390 이연법인세부채 0 0
네이처셀 007390 비유동리스부채 0 0
네이처셀 007390 부채총계 17,673,711,651 14,282,755,425
네이처셀 007390 자본금 25,404,675,500 24,576,376,000
네이처셀 007390 자본잉여금 8,454,336,601 34,933,607,570
네이처셀 007390 자본조정 0 0
네이처셀 007390 기타포괄손익누계액 0 0
네이처셀 007390 이익잉여금(결손금) -1,476,406,926 -14,024,295,191
네이처셀 007390 자본총계 35,627,111,967 31,686,993,002
네이처셀 007390 자본과부채총계 53,300,823,618 45,969,748,427
date : 2016-12-31
네이처셀 007390 유동자산 17,688,832,312 19,590,955,194
네이처셀 007390 현금및현금성자산 3,447,383,505 5,649,329,717
네이처셀 007390 매출채권 4,365,764,062 4,708,462,405
네이처셀 007390 재고자산 5,660,743,565 4,408,145,093
네이처셀 007390 기타유동금융자산 0 0
네이처셀 007390 기타유동자산 0 0
네이처셀 007390 매각예정비유동자산 0 0
네이처셀 007390 비유동자산 34,977,795,593 26,378,793,233
네이처셀 007390 장기금융상품 4,600,000 4,600,000
네이처셀 007390 기타포괄손익-공정가치 0 0
네이처셀 007390 당기손익인식공정가치측정금융자산 0 0
네이처셀 007390 종속회사투자 0 0
네이처셀 007390 관계회사투자 0 0
네이처셀 007390 렌탈자산 0 0
네이처셀 007390 유형자산 10,816,586,029 9,341,773,341
네이처셀 007390 무형자산 5,104,775,454 612,825,802
네이처셀 007390 기타비유동금융자산 0 0
네이처셀 007390 기타비유동자산 0 0
네이처셀 007390 사용권자산 0 0
네이처셀 007390 이연법인세자산 0 0
네이처셀 007390 자산총계 52,666,627,905 45,969,748,427
네이처셀 007390 유동부채 11,486,896,340 11,291,430,330
네이처셀 007390 단기매입채무 0 0
네이처셀 007390 단기차입금 2,240,000,000 2,740,000,000
네이처셀 007390 유동성장기차입금 0 0
네이처셀 007390 유동성사채 0 0
네이처셀 007390 기타유동금융부채 0 0
네이처셀 007390 기타유동부채 0 0
네이처셀 007390 당기법인세부채 0 0
네이처셀 007390 유동리스부채 0 0
네이처셀 007390 비유동부채 7,161,443,295 2,991,325,095
네이처셀 007390 사채 0 0
네이처셀 007390 장기차입금 1,917,000,000 230,000,000
네이처셀 007390 기타비유동금융부채 0 0
네이처셀 007390 이연법인세부채 0 0
네이처셀 007390 비유동리스부채 0 0
네이처셀 007390 부채총계 18,648,339,635 14,282,755,425
네이처셀 007390 자본금 25,404,675,500 24,576,376,000
네이처셀 007390 자본잉여금 8,751,836,601 34,933,607,570
네이처셀 007390 자본조정 0 0
네이처셀 007390 기타포괄손익누계액 0 0
네이처셀 007390 이익잉여금(결손금) -3,412,494,566 -14,024,295,191
네이처셀 007390 자본총계 34,018,288,270 31,686,993,002
네이처셀 007390 자본과부채총계 52,666,627,905 45,969,748,427
date : 2017-03-31
네이처셀 007390 유동자산 16,597,700,097 17,688,832,312
네이처셀 007390 현금및현금성자산 3,753,075,585 3,447,383,505
네이처셀 007390 매출채권 5,770,192,876 4,365,764,062
네이처셀 007390 재고자산 5,355,641,296 5,660,743,565
네이처셀 007390 기타유동금융자산 0 0
네이처셀 007390 기타유동자산 0 0
네이처셀 007390 매각예정비유동자산 0 0
네이처셀 007390 비유동자산 35,919,445,015 34,977,795,593
네이처셀 007390 장기금융상품 4,600,000 4,600,000
네이처셀 007390 기타포괄손익-공정가치 0 0
네이처셀 007390 당기손익인식공정가치측정금융자산 0 0
네이처셀 007390 종속회사투자 0 0
네이처셀 007390 관계회사투자 0 0
네이처셀 007390 렌탈자산 0 0
네이처셀 007390 유형자산 11,189,463,486 10,816,586,029
네이처셀 007390 무형자산 5,578,843,281 5,104,775,454
네이처셀 007390 기타비유동금융자산 0 0
네이처셀 007390 기타비유동자산 0 0
네이처셀 007390 사용권자산 0 0
네이처셀 007390 이연법인세자산 0 0
네이처셀 007390 자산총계 52,517,145,112 52,666,627,905
네이처셀 007390 유동부채 10,803,492,085 11,486,896,340
네이처셀 007390 단기매입채무 0 0
네이처셀 007390 단기차입금 2,240,000,000 2,240,000,000
네이처셀 007390 유동성장기차입금 0 0
네이처셀 007390 유동성사채 0 0
네이처셀 007390 기타유동금융부채 0 0
네이처셀 007390 기타유동부채 0 0
네이처셀 007390 당기법인세부채 0 0
네이처셀 007390 유동리스부채 0 0
네이처셀 007390 비유동부채 7,226,691,495 7,161,443,295
네이처셀 007390 사채 0 0
네이처셀 007390 장기차입금 1,905,500,000 1,917,000,000
네이처셀 007390 기타비유동금융부채 0 0
네이처셀 007390 이연법인세부채 0 0
네이처셀 007390 비유동리스부채 0 0
네이처셀 007390 부채총계 18,030,183,580 18,648,339,635
네이처셀 007390 자본금 25,404,675,500 25,404,675,500
네이처셀 007390 자본잉여금 8,751,836,601 8,751,836,601
네이처셀 007390 자본조정 0 0
네이처셀 007390 기타포괄손익누계액 0 0
네이처셀 007390 이익잉여금(결손금) -3,307,150,214 -3,412,494,566
네이처셀 007390 자본총계 34,486,961,532 34,018,288,270
네이처셀 007390 자본과부채총계 52,517,145,112 52,666,627,905
date : 2017-06-30
네이처셀 007390 유동자산 16,102,270,849 17,688,832,312
네이처셀 007390 현금및현금성자산 3,382,585,043 3,447,383,505
네이처셀 007390 매출채권 6,018,524,199 4,365,764,062
네이처셀 007390 재고자산 5,046,941,003 5,660,743,565
네이처셀 007390 기타유동금융자산 0 0
네이처셀 007390 기타유동자산 0 0
네이처셀 007390 매각예정비유동자산 0 0
네이처셀 007390 비유동자산 36,714,990,847 34,977,795,593
네이처셀 007390 장기금융상품 14,600,000 4,600,000
네이처셀 007390 기타포괄손익-공정가치 0 0
네이처셀 007390 당기손익인식공정가치측정금융자산 0 0
네이처셀 007390 종속회사투자 0 0
네이처셀 007390 관계회사투자 0 0
네이처셀 007390 렌탈자산 0 0
네이처셀 007390 유형자산 11,188,231,427 10,816,586,029
네이처셀 007390 무형자산 6,268,037,457 5,104,775,454
네이처셀 007390 기타비유동금융자산 0 0
네이처셀 007390 기타비유동자산 0 0
네이처셀 007390 사용권자산 0 0
네이처셀 007390 이연법인세자산 0 0
네이처셀 007390 자산총계 52,817,261,696 52,666,627,905
네이처셀 007390 유동부채 9,931,856,680 11,486,896,340
네이처셀 007390 단기매입채무 0 0
네이처셀 007390 단기차입금 2,240,000,000 2,240,000,000
네이처셀 007390 유동성장기차입금 0 0
네이처셀 007390 유동성사채 0 0
네이처셀 007390 기타유동금융부채 0 0
네이처셀 007390 기타유동부채 0 0
네이처셀 007390 당기법인세부채 0 0
네이처셀 007390 유동리스부채 0 0
네이처셀 007390 비유동부채 7,349,485,532 7,161,443,295
네이처셀 007390 사채 0 0
네이처셀 007390 장기차입금 1,894,000,000 1,917,000,000
네이처셀 007390 기타비유동금융부채 0 0
네이처셀 007390 이연법인세부채 0 0
네이처셀 007390 비유동리스부채 0 0
네이처셀 007390 부채총계 17,281,342,212 18,648,339,635
네이처셀 007390 자본금 25,539,675,500 25,404,675,500
네이처셀 007390 자본잉여금 9,523,262,601 8,751,836,601
네이처셀 007390 자본조정 0 0
네이처셀 007390 기타포괄손익누계액 0 0
네이처셀 007390 이익잉여금(결손금) -3,164,227,110 -3,412,494,566
네이처셀 007390 자본총계 35,535,919,484 34,018,288,270
네이처셀 007390 자본과부채총계 52,817,261,696 52,666,627,905
date : 2017-09-30
네이처셀 007390 유동자산 19,073,599,488 17,688,832,312
네이처셀 007390 현금및현금성자산 5,344,270,755 3,447,383,505
네이처셀 007390 매출채권 6,558,521,974 4,365,764,062
네이처셀 007390 재고자산 4,532,596,443 5,660,743,565
네이처셀 007390 기타유동금융자산 0 0
네이처셀 007390 기타유동자산 0 0
네이처셀 007390 매각예정비유동자산 0 0
네이처셀 007390 비유동자산 37,110,922,217 34,977,795,593
네이처셀 007390 장기금융상품 14,600,000 4,600,000
네이처셀 007390 기타포괄손익-공정가치 0 0
네이처셀 007390 당기손익인식공정가치측정금융자산 0 0
네이처셀 007390 종속회사투자 0 0
네이처셀 007390 관계회사투자 0 0
네이처셀 007390 렌탈자산 0 0
네이처셀 007390 유형자산 11,203,570,010 10,816,586,029
네이처셀 007390 무형자산 6,473,653,094 5,104,775,454
네이처셀 007390 기타비유동금융자산 0 0
네이처셀 007390 기타비유동자산 0 0
네이처셀 007390 사용권자산 0 0
네이처셀 007390 이연법인세자산 0 0
네이처셀 007390 자산총계 56,184,521,705 52,666,627,905
네이처셀 007390 유동부채 11,001,996,745 11,486,896,340
네이처셀 007390 단기매입채무 1,730,022,195 1,407,039,216
네이처셀 007390 단기차입금 2,240,000,000 2,240,000,000
네이처셀 007390 유동성장기차입금 0 0
네이처셀 007390 유동성사채 0 0
네이처셀 007390 기타유동금융부채 0 0
네이처셀 007390 기타유동부채 0 0
네이처셀 007390 당기법인세부채 0 0
네이처셀 007390 유동리스부채 0 0
네이처셀 007390 비유동부채 7,324,828,358 7,161,443,295
네이처셀 007390 사채 0 0
네이처셀 007390 장기차입금 1,882,500,000 1,917,000,000
네이처셀 007390 기타비유동금융부채 0 0
네이처셀 007390 이연법인세부채 0 0
네이처셀 007390 비유동리스부채 0 0
네이처셀 007390 부채총계 18,326,825,103 18,648,339,635
네이처셀 007390 자본금 25,875,425,500 25,404,675,500
네이처셀 007390 자본잉여금 10,986,211,801 8,751,836,601
네이처셀 007390 자본조정 0 0
네이처셀 007390 기타포괄손익누계액 0 0
네이처셀 007390 이익잉여금(결손금) -2,434,136,308 -3,412,494,566
네이처셀 007390 자본총계 37,857,696,602 34,018,288,270
네이처셀 007390 자본과부채총계 56,184,521,705 52,666,627,905
date : 2017-12-31
네이처셀 007390 유동자산 20,458,293,673 17,688,832,312
네이처셀 007390 현금및현금성자산 9,043,834,547 3,447,383,505
네이처셀 007390 매출채권 4,098,892,558 4,365,764,062
네이처셀 007390 재고자산 4,724,717,370 5,660,743,565
네이처셀 007390 기타유동금융자산 0 0
네이처셀 007390 기타유동자산 0 0
네이처셀 007390 매각예정비유동자산 0 0
네이처셀 007390 비유동자산 30,982,369,082 32,907,550,272
네이처셀 007390 장기금융상품 14,600,000 4,600,000
네이처셀 007390 기타포괄손익-공정가치 0 0
네이처셀 007390 당기손익인식공정가치측정금융자산 0 0
네이처셀 007390 종속회사투자 0 0
네이처셀 007390 관계회사투자 0 0
네이처셀 007390 렌탈자산 0 0
네이처셀 007390 유형자산 11,105,299,929 10,816,586,029
네이처셀 007390 무형자산 2,808,802,509 3,034,530,133
네이처셀 007390 기타비유동금융자산 0 0
네이처셀 007390 기타비유동자산 0 0
네이처셀 007390 사용권자산 0 0
네이처셀 007390 이연법인세자산 0 0
네이처셀 007390 자산총계 51,440,662,755 50,596,382,584
네이처셀 007390 유동부채 9,656,416,003 11,486,896,340
네이처셀 007390 단기매입채무 1,059,071,629 1,407,039,216
네이처셀 007390 단기차입금 2,240,000,000 2,240,000,000
네이처셀 007390 유동성장기차입금 0 0
네이처셀 007390 유동성사채 0 0
네이처셀 007390 기타유동금융부채 0 0
네이처셀 007390 기타유동부채 0 0
네이처셀 007390 당기법인세부채 0 0
네이처셀 007390 유동리스부채 0 0
네이처셀 007390 비유동부채 2,302,338,647 7,161,443,295
네이처셀 007390 사채 0 0
네이처셀 007390 장기차입금 1,871,000,000 1,917,000,000
네이처셀 007390 기타비유동금융부채 0 0
네이처셀 007390 이연법인세부채 0 0
네이처셀 007390 비유동리스부채 0 0
네이처셀 007390 부채총계 11,958,754,650 18,648,339,635
네이처셀 007390 자본금 26,416,199,500 25,404,675,500
네이처셀 007390 자본잉여금 15,112,530,012 8,751,836,601
네이처셀 007390 자본조정 0 0
네이처셀 007390 기타포괄손익누계액 0 0
네이처셀 007390 이익잉여금(결손금) -5,858,116,263 -5,482,739,887
네이처셀 007390 자본총계 39,481,908,105 31,948,042,949
네이처셀 007390 자본과부채총계 51,440,662,755 50,596,382,584
date : 2018-03-31
네이처셀 007390 유동자산 21,359,446,646 20,458,293,673
네이처셀 007390 현금및현금성자산 11,128,878,553 9,043,834,547
네이처셀 007390 매출채권 4,161,181,105 4,098,892,558
네이처셀 007390 재고자산 4,183,913,638 4,724,717,370
네이처셀 007390 기타유동금융자산 0 0
네이처셀 007390 기타유동자산 0 0
네이처셀 007390 매각예정비유동자산 0 0
네이처셀 007390 비유동자산 32,529,150,188 30,982,369,082
네이처셀 007390 장기금융상품 14,600,000 14,600,000
네이처셀 007390 기타포괄손익-공정가치 0 0
네이처셀 007390 당기손익인식공정가치측정금융자산 0 0
네이처셀 007390 종속회사투자 0 0
네이처셀 007390 관계회사투자 0 0
네이처셀 007390 렌탈자산 0 0
네이처셀 007390 유형자산 11,016,762,824 11,105,299,929
네이처셀 007390 무형자산 2,762,887,993 2,808,802,509
네이처셀 007390 기타비유동금융자산 0 0
네이처셀 007390 기타비유동자산 0 0
네이처셀 007390 사용권자산 0 0
네이처셀 007390 이연법인세자산 0 0
네이처셀 007390 자산총계 53,888,596,834 51,440,662,755
네이처셀 007390 유동부채 10,515,476,260 9,656,416,003
네이처셀 007390 단기매입채무 1,276,321,209 1,059,071,629
네이처셀 007390 단기차입금 2,240,000,000 2,240,000,000
네이처셀 007390 유동성장기차입금 0 0
네이처셀 007390 유동성사채 0 0
네이처셀 007390 기타유동금융부채 0 0
네이처셀 007390 기타유동부채 0 0
네이처셀 007390 당기법인세부채 0 0
네이처셀 007390 유동리스부채 0 0
네이처셀 007390 비유동부채 2,142,297,076 2,302,338,647
네이처셀 007390 사채 0 0
네이처셀 007390 장기차입금 1,859,500,000 1,871,000,000
네이처셀 007390 기타비유동금융부채 0 0
네이처셀 007390 이연법인세부채 0 0
네이처셀 007390 비유동리스부채 0 0
네이처셀 007390 부채총계 12,657,773,336 11,958,754,650
네이처셀 007390 자본금 26,468,199,500 26,416,199,500
네이처셀 007390 자본잉여금 15,288,485,012 15,112,530,012
네이처셀 007390 자본조정 0 0
네이처셀 007390 기타포괄손익누계액 0 0
네이처셀 007390 이익잉여금(결손금) -4,939,184,044 -5,858,116,263
네이처셀 007390 자본총계 41,230,823,498 39,481,908,105
네이처셀 007390 자본과부채총계 53,888,596,834 51,440,662,755
date : 2018-06-30
네이처셀 007390 유동자산 21,008,971,559 20,458,293,673
네이처셀 007390 현금및현금성자산 9,901,104,803 9,043,834,547
네이처셀 007390 매출채권 3,744,084,875 4,098,892,558
네이처셀 007390 재고자산 4,247,034,203 4,724,717,370
네이처셀 007390 기타유동금융자산 0 0
네이처셀 007390 기타유동자산 0 0
네이처셀 007390 매각예정비유동자산 0 0
네이처셀 007390 비유동자산 32,820,796,368 30,982,369,082
네이처셀 007390 장기금융상품 14,600,000 14,600,000
네이처셀 007390 기타포괄손익-공정가치 측정 금융자산
네이처셀 007390 당기손익인식공정가치측정금융자산 0 0
네이처셀 007390 종속회사투자 0 0
네이처셀 007390 관계회사투자 0 0
네이처셀 007390 렌탈자산 0 0
네이처셀 007390 유형자산 10,962,870,665 11,105,299,929
네이처셀 007390 무형자산 2,716,973,477 2,808,802,509
네이처셀 007390 기타비유동금융자산 0 0
네이처셀 007390 기타비유동자산 0 0
네이처셀 007390 사용권자산 0 0
네이처셀 007390 이연법인세자산 0 0
네이처셀 007390 자산총계 53,829,767,927 51,440,662,755
네이처셀 007390 유동부채 13,066,326,831 9,656,416,003
네이처셀 007390 단기매입채무 1,219,437,506 1,059,071,629
네이처셀 007390 단기차입금 2,240,000,000 2,240,000,000
네이처셀 007390 유동성장기차입금 0 0
네이처셀 007390 유동성사채 0 0
네이처셀 007390 기타유동금융부채 0 0
네이처셀 007390 기타유동부채 0 0
네이처셀 007390 당기법인세부채 0 0
네이처셀 007390 유동리스부채 0 0
네이처셀 007390 비유동부채 738,996,274 2,302,338,647
네이처셀 007390 사채 0 0
네이처셀 007390 장기차입금 92,000,000 1,871,000,000
네이처셀 007390 기타비유동금융부채 0 0
네이처셀 007390 이연법인세부채 0 0
네이처셀 007390 비유동리스부채 0 0
네이처셀 007390 부채총계 13,805,323,105 11,958,754,650
네이처셀 007390 자본금 26,528,199,500 26,416,199,500
네이처셀 007390 자본잉여금 15,665,894,012 15,112,530,012
네이처셀 007390 자본조정 0 0
네이처셀 007390 기타포괄손익누계액 0 0
네이처셀 007390 이익잉여금(결손금) 0 0
네이처셀 007390 자본총계 40,024,444,822 39,481,908,105
네이처셀 007390 자본과부채총계 53,829,767,927 51,440,662,755
date : 2018-09-30
네이처셀 007390 유동자산 23,540,780,779 20,458,293,673
네이처셀 007390 현금및현금성자산 13,842,040,095 9,043,834,547
네이처셀 007390 매출채권 4,471,958,927 4,098,892,558
네이처셀 007390 재고자산 3,696,376,899 4,724,717,370
네이처셀 007390 기타유동금융자산 0 0
네이처셀 007390 기타유동자산 0 0
네이처셀 007390 매각예정비유동자산 0 0
네이처셀 007390 비유동자산 29,148,673,277 30,982,369,082
네이처셀 007390 장기금융상품 14,600,000 14,600,000
네이처셀 007390 기타포괄손익-공정가치 측정 금융자산
네이처셀 007390 당기손익인식공정가치측정금융자산 0 0
네이처셀 007390 종속회사투자 0 0
네이처셀 007390 관계회사투자 0 0
네이처셀 007390 렌탈자산 0 0
네이처셀 007390 유형자산 10,904,065,353 11,105,299,929
네이처셀 007390 무형자산 2,671,058,961 2,808,802,509
네이처셀 007390 기타비유동금융자산 0 0
네이처셀 007390 기타비유동자산 0 0
네이처셀 007390 사용권자산 0 0
네이처셀 007390 이연법인세자산 0 0
네이처셀 007390 자산총계 52,689,454,056 51,440,662,755
네이처셀 007390 유동부채 12,557,881,192 9,656,416,003
네이처셀 007390 단기매입채무 1,149,667,227 1,059,071,629
네이처셀 007390 단기차입금 2,240,000,000 2,240,000,000
네이처셀 007390 유동성장기차입금 0 0
네이처셀 007390 유동성사채 0 0
네이처셀 007390 기타유동금융부채 0 0
네이처셀 007390 기타유동부채 0 0
네이처셀 007390 당기법인세부채 0 0
네이처셀 007390 유동리스부채 0 0
네이처셀 007390 비유동부채 496,704,743 2,302,338,647
네이처셀 007390 사채 0 0
네이처셀 007390 장기차입금 80,500,000 1,871,000,000
네이처셀 007390 기타비유동금융부채 0 0
네이처셀 007390 이연법인세부채 0 0
네이처셀 007390 비유동리스부채 0 0
네이처셀 007390 부채총계 13,054,585,935 11,958,754,650
네이처셀 007390 자본금 26,528,199,500 26,416,199,500
네이처셀 007390 자본잉여금 15,665,894,012 15,112,530,012
네이처셀 007390 자본조정 0 0
네이처셀 007390 기타포괄손익누계액 0 0
네이처셀 007390 이익잉여금(결손금) -6,146,102,732 -5,858,116,263
네이처셀 007390 자본총계 39,634,868,121 39,481,908,105
네이처셀 007390 자본과부채총계 52,689,454,056 51,440,662,755
date : 2018-12-31
네이처셀 007390 유동자산 22,135,792,414 20,458,293,673
네이처셀 007390 현금및현금성자산 14,866,338,452 9,043,834,547
네이처셀 007390 매출채권 3,685,413,080 4,098,892,558
네이처셀 007390 재고자산 3,203,956,216 4,724,717,370
네이처셀 007390 기타유동금융자산 0 0
네이처셀 007390 기타유동자산 0 0
네이처셀 007390 매각예정비유동자산 0 0
네이처셀 007390 비유동자산 30,739,629,566 30,982,369,082
네이처셀 007390 장기금융상품 14,600,000 14,600,000
네이처셀 007390 기타포괄손익-공정가치 측정 금융자산
네이처셀 007390 당기손익인식공정가치측정금융자산 0 0
네이처셀 007390 종속회사투자 0 0
네이처셀 007390 관계회사투자 0 0
네이처셀 007390 렌탈자산 0 0
네이처셀 007390 유형자산 10,567,078,456 11,105,299,929
네이처셀 007390 무형자산 2,628,849,445 2,808,802,509
네이처셀 007390 기타비유동금융자산 0 0
네이처셀 007390 기타비유동자산 0 0
네이처셀 007390 사용권자산 0 0
네이처셀 007390 이연법인세자산 0 0
네이처셀 007390 자산총계 52,875,421,980 51,440,662,755
네이처셀 007390 유동부채 9,278,336,241 9,656,416,003
네이처셀 007390 단기매입채무 1,209,221,272 1,059,071,629
네이처셀 007390 단기차입금 2,240,000,000 2,240,000,000
네이처셀 007390 유동성장기차입금 0 0
네이처셀 007390 유동성사채 0 0
네이처셀 007390 기타유동금융부채 0 0
네이처셀 007390 기타유동부채 0 0
네이처셀 007390 당기법인세부채 0 0
네이처셀 007390 유동리스부채 0 0
네이처셀 007390 비유동부채 468,184,371 2,302,338,647
네이처셀 007390 사채 0 0
네이처셀 007390 장기차입금 69,000,000 1,871,000,000
네이처셀 007390 기타비유동금융부채 0 0
네이처셀 007390 이연법인세부채 0 0
네이처셀 007390 비유동리스부채 0 0
네이처셀 007390 부채총계 9,746,520,612 11,958,754,650
네이처셀 007390 자본금 26,528,199,500 26,416,199,500
네이처셀 007390 자본잉여금 15,665,894,012 15,112,530,012
네이처셀 007390 자본조정 0 0
네이처셀 007390 기타포괄손익누계액 0 0
네이처셀 007390 이익잉여금(결손금) -3,355,871,282 -5,858,116,263
네이처셀 007390 자본총계 43,128,901,368 39,481,908,105
네이처셀 007390 자본과부채총계 52,875,421,980 51,440,662,755
date : 2019-03-31
네이처셀 007390 유동자산 19,135,454,686 22,135,792,414
네이처셀 007390 현금및현금성자산 10,785,559,173 14,866,338,452
네이처셀 007390 매출채권 4,070,822,798 3,685,413,080
네이처셀 007390 재고자산 3,739,657,858 3,203,956,216
네이처셀 007390 기타유동금융자산 0 0
네이처셀 007390 기타유동자산 0 0
네이처셀 007390 매각예정비유동자산 0 0
네이처셀 007390 비유동자산 34,217,165,057 30,739,629,566
네이처셀 007390 장기금융상품 14,600,000 14,600,000
네이처셀 007390 기타포괄손익-공정가치 측정 금융자산
네이처셀 007390 당기손익인식공정가치측정금융자산 0 0
네이처셀 007390 종속회사투자 0 0
네이처셀 007390 관계회사투자 0 0
네이처셀 007390 렌탈자산 0 0
네이처셀 007390 유형자산 10,433,186,748 10,567,078,456
네이처셀 007390 무형자산 3,561,024,697 2,628,849,445
네이처셀 007390 기타비유동금융자산 0 0
네이처셀 007390 기타비유동자산 0 0
네이처셀 007390 사용권자산 74,302,255 0
네이처셀 007390 이연법인세자산 0 0
네이처셀 007390 자산총계 53,352,619,743 52,875,421,980
네이처셀 007390 유동부채 9,450,826,358 9,278,336,241
네이처셀 007390 단기매입채무 1,539,142,376 1,209,221,272
네이처셀 007390 단기차입금 2,240,000,000 2,240,000,000
네이처셀 007390 유동성장기차입금 0 0
네이처셀 007390 유동성사채 0 0
네이처셀 007390 기타유동금융부채 0 0
네이처셀 007390 기타유동부채 0 0
네이처셀 007390 당기법인세부채 0 0
네이처셀 007390 유동리스부채 74,302,255 0
네이처셀 007390 비유동부채 278,831,809 468,184,371
네이처셀 007390 사채 0 0
네이처셀 007390 장기차입금 57,500,000 69,000,000
네이처셀 007390 기타비유동금융부채 0 0
네이처셀 007390 이연법인세부채 0 0
네이처셀 007390 비유동리스부채 0 0
네이처셀 007390 부채총계 9,729,658,167 9,746,520,612
네이처셀 007390 자본금 26,538,199,500 26,528,199,500
네이처셀 007390 자본잉여금 15,711,574,012 15,665,894,012
네이처셀 007390 자본조정 0 0
네이처셀 007390 기타포괄손익누계액 0 0
네이처셀 007390 이익잉여금(결손금) -3,148,913,236 -3,355,871,282
네이처셀 007390 자본총계 43,622,961,576 43,128,901,368
네이처셀 007390 자본과부채총계 53,352,619,743 52,875,421,980
