date : 2015-12-31
오뚜기 007310 유동자산 535,544,950,476 510,969,034,646
오뚜기 007310 현금및현금성자산 154,335,808,791 158,327,586,518
오뚜기 007310 매출채권 및 기타유동채권
오뚜기 007310 재고자산 117,174,244,760 108,017,939,827
오뚜기 007310 기타유동금융자산 539,805,000 1,344,515,000
오뚜기 007310 기타유동자산 0 0
오뚜기 007310 매각예정비유동자산 0 0
오뚜기 007310 비유동자산 695,316,688,894 648,990,210,655
오뚜기 007310 장기금융상품 0 0
오뚜기 007310 기타포괄손익-공정가치 0 0
오뚜기 007310 당기손익인식공정가치측정금융자산 0 0
오뚜기 007310 종속회사투자 0 0
오뚜기 007310 관계회사투자 0 0
오뚜기 007310 렌탈자산 0 0
오뚜기 007310 유형자산 526,053,246,093 489,852,514,426
오뚜기 007310 무형자산 7,915,967,412 9,014,511,887
오뚜기 007310 기타비유동금융자산 10,525,337,027 600,103,587
오뚜기 007310 기타비유동자산 0 0
오뚜기 007310 사용권자산 0 0
오뚜기 007310 이연법인세자산 0 0
오뚜기 007310 자산총계 1,230,861,639,370 1,159,959,245,301
오뚜기 007310 유동부채 333,841,083,037 365,482,858,364
오뚜기 007310 단기매입채무 0 0
오뚜기 007310 단기차입금 42,396,659,263 58,756,500,667
오뚜기 007310 유동성장기차입금 0 30,000,000,000
오뚜기 007310 유동성사채 0 0
오뚜기 007310 기타유동금융부채 0 0
오뚜기 007310 기타유동부채 0 0
오뚜기 007310 당기법인세부채 0 0
오뚜기 007310 유동리스부채 0 0
오뚜기 007310 비유동부채 117,459,475,443 88,807,484,344
오뚜기 007310 사채 59,780,850,534 0
오뚜기 007310 장기차입금 10,000,000,000 40,000,000,000
오뚜기 007310 기타비유동금융부채 9,737,491 21,737,491
오뚜기 007310 이연법인세부채 30,731,007,465 31,927,416,116
오뚜기 007310 비유동리스부채 0 0
오뚜기 007310 부채총계 451,300,558,480 454,290,342,708
오뚜기 007310 자본금 17,200,000,000 17,200,000,000
오뚜기 007310 자본잉여금 0 0
오뚜기 007310 자본조정 0 0
오뚜기 007310 기타포괄손익누계액 0 0
오뚜기 007310 이익잉여금(결손금) 760,251,153,361 686,548,135,363
오뚜기 007310 자본총계 779,561,080,890 705,668,902,593
오뚜기 007310 자본과부채총계 1,230,861,639,370 1,159,959,245,301
date : 2016-03-31
오뚜기 007310 유동자산 582,934,472,932 535,544,950,476
오뚜기 007310 현금및현금성자산 175,484,918,322 154,335,808,791
오뚜기 007310 매출채권 및 기타유동채권
오뚜기 007310 재고자산 110,736,806,499 117,174,244,760
오뚜기 007310 기타유동금융자산 539,805,000 539,805,000
오뚜기 007310 기타유동자산 0 0
오뚜기 007310 매각예정비유동자산 0 0
오뚜기 007310 비유동자산 697,277,840,847 695,316,688,894
오뚜기 007310 장기금융상품 0 0
오뚜기 007310 기타포괄손익-공정가치 0 0
오뚜기 007310 당기손익인식공정가치측정금융자산 0 0
오뚜기 007310 종속회사투자 0 0
오뚜기 007310 관계회사투자 0 0
오뚜기 007310 렌탈자산 0 0
오뚜기 007310 유형자산 523,063,313,116 526,053,246,093
오뚜기 007310 무형자산 7,917,361,556 7,915,967,412
오뚜기 007310 기타비유동금융자산 15,649,558,166 10,525,337,027
오뚜기 007310 기타비유동자산 0 0
오뚜기 007310 사용권자산 0 0
오뚜기 007310 이연법인세자산 0 0
오뚜기 007310 자산총계 1,280,212,313,779 1,230,861,639,370
오뚜기 007310 유동부채 359,953,822,646 333,841,083,037
오뚜기 007310 단기매입채무 0 0
오뚜기 007310 단기차입금 46,390,455,844 42,396,659,263
오뚜기 007310 유동성장기차입금 500,000,000 0
오뚜기 007310 유동성사채 0 0
오뚜기 007310 기타유동금융부채 0 0
오뚜기 007310 기타유동부채 0 0
오뚜기 007310 당기법인세부채 0 0
오뚜기 007310 유동리스부채 0 0
오뚜기 007310 비유동부채 122,155,238,023 117,459,475,443
오뚜기 007310 사채 59,799,038,668 59,780,850,534
오뚜기 007310 장기차입금 9,500,000,000 10,000,000,000
오뚜기 007310 기타비유동금융부채 6,737,491 9,737,491
오뚜기 007310 이연법인세부채 30,838,236,744 30,731,007,465
오뚜기 007310 비유동리스부채 0 0
오뚜기 007310 부채총계 482,109,060,669 451,300,558,480
오뚜기 007310 자본금 17,200,000,000 17,200,000,000
오뚜기 007310 자본잉여금 0 0
오뚜기 007310 자본조정 0 0
오뚜기 007310 기타포괄손익누계액 0 0
오뚜기 007310 이익잉여금(결손금) 778,714,579,633 760,251,153,361
오뚜기 007310 자본총계 798,103,253,110 779,561,080,890
오뚜기 007310 자본과부채총계 1,280,212,313,779 1,230,861,639,370
date : 2016-06-30
오뚜기 007310 유동자산 600,900,255,579 535,544,950,476
오뚜기 007310 현금및현금성자산 170,883,918,388 154,335,808,791
오뚜기 007310 매출채권 및 기타유동채권
오뚜기 007310 재고자산 117,865,757,269 117,174,244,760
오뚜기 007310 기타유동금융자산 386,345,000 539,805,000
오뚜기 007310 기타유동자산 0 0
오뚜기 007310 매각예정비유동자산 0 0
오뚜기 007310 비유동자산 700,977,767,088 695,316,688,894
오뚜기 007310 장기금융상품 0 0
오뚜기 007310 기타포괄손익-공정가치 0 0
오뚜기 007310 당기손익인식공정가치측정금융자산 0 0
오뚜기 007310 종속회사투자 0 0
오뚜기 007310 관계회사투자 0 0
오뚜기 007310 렌탈자산 0 0
오뚜기 007310 유형자산 521,246,231,694 526,053,246,093
오뚜기 007310 무형자산 8,634,687,234 7,915,967,412
오뚜기 007310 기타비유동금융자산 20,742,630,504 10,525,337,027
오뚜기 007310 기타비유동자산 0 0
오뚜기 007310 사용권자산 0 0
오뚜기 007310 이연법인세자산 0 0
오뚜기 007310 자산총계 1,301,878,022,667 1,230,861,639,370
오뚜기 007310 유동부채 354,358,731,328 333,841,083,037
오뚜기 007310 단기매입채무 0 0
오뚜기 007310 단기차입금 66,063,971,668 42,396,659,263
오뚜기 007310 유동성장기차입금 500,000,000 0
오뚜기 007310 유동성사채 0 0
오뚜기 007310 기타유동금융부채 0 0
오뚜기 007310 기타유동부채 0 0
오뚜기 007310 당기법인세부채 0 0
오뚜기 007310 유동리스부채 0 0
오뚜기 007310 비유동부채 128,360,384,331 117,459,475,443
오뚜기 007310 사채 59,817,336,617 59,780,850,534
오뚜기 007310 장기차입금 9,500,000,000 10,000,000,000
오뚜기 007310 기타비유동금융부채 3,737,491 9,737,491
오뚜기 007310 이연법인세부채 30,551,740,568 30,731,007,465
오뚜기 007310 비유동리스부채 0 0
오뚜기 007310 부채총계 482,719,115,659 451,300,558,480
오뚜기 007310 자본금 17,200,000,000 17,200,000,000
오뚜기 007310 자본잉여금 0 0
오뚜기 007310 자본조정 0 0
오뚜기 007310 기타포괄손익누계액 0 0
오뚜기 007310 이익잉여금(결손금) 805,471,262,572 760,251,153,361
오뚜기 007310 자본총계 819,158,907,008 779,561,080,890
오뚜기 007310 자본과부채총계 1,301,878,022,667 1,230,861,639,370
date : 2016-09-30
오뚜기 007310 유동자산 631,797,417,748 535,544,950,476
오뚜기 007310 현금및현금성자산 167,596,066,667 154,335,808,791
오뚜기 007310 매출채권 및 기타유동채권
오뚜기 007310 재고자산 115,140,438,776 117,174,244,760
오뚜기 007310 기타유동금융자산 5,000 539,805,000
오뚜기 007310 기타유동자산 0 0
오뚜기 007310 매각예정비유동자산 0 0
오뚜기 007310 비유동자산 704,108,205,397 695,316,688,894
오뚜기 007310 장기금융상품 0 0
오뚜기 007310 기타포괄손익-공정가치 0 0
오뚜기 007310 당기손익인식공정가치측정금융자산 0 0
오뚜기 007310 종속회사투자 0 0
오뚜기 007310 관계회사투자 0 0
오뚜기 007310 렌탈자산 0 0
오뚜기 007310 유형자산 521,260,038,801 526,053,246,093
오뚜기 007310 무형자산 8,154,411,887 7,915,967,412
오뚜기 007310 기타비유동금융자산 20,700,884,638 10,525,337,027
오뚜기 007310 기타비유동자산 0 0
오뚜기 007310 사용권자산 0 0
오뚜기 007310 이연법인세자산 0 0
오뚜기 007310 자산총계 1,335,905,623,145 1,230,861,639,370
오뚜기 007310 유동부채 362,217,268,667 333,841,083,037
오뚜기 007310 단기매입채무 0 0
오뚜기 007310 단기차입금 63,181,864,434 42,396,659,263
오뚜기 007310 유동성장기차입금 500,000,000 0
오뚜기 007310 유동성사채 0 0
오뚜기 007310 기타유동금융부채 0 0
오뚜기 007310 기타유동부채 0 0
오뚜기 007310 당기법인세부채 0 0
오뚜기 007310 유동리스부채 0 0
오뚜기 007310 비유동부채 125,589,489,646 117,459,475,443
오뚜기 007310 사채 59,835,745,044 59,780,850,534
오뚜기 007310 장기차입금 4,000,000,000 10,000,000,000
오뚜기 007310 기타비유동금융부채 1,237,491 9,737,491
오뚜기 007310 이연법인세부채 30,248,610,030 30,731,007,465
오뚜기 007310 비유동리스부채 0 0
오뚜기 007310 부채총계 487,806,758,313 451,300,558,480
오뚜기 007310 자본금 17,200,000,000 17,200,000,000
오뚜기 007310 자본잉여금 0 0
오뚜기 007310 자본조정 0 0
오뚜기 007310 기타포괄손익누계액 0 0
오뚜기 007310 이익잉여금(결손금) 836,616,377,746 760,251,153,361
오뚜기 007310 자본총계 848,098,864,832 779,561,080,890
오뚜기 007310 자본과부채총계 1,335,905,623,145 1,230,861,639,370
date : 2016-12-31
오뚜기 007310 유동자산 593,485,694,993 535,544,950,476
오뚜기 007310 현금및현금성자산 126,626,180,161 154,335,808,791
오뚜기 007310 매출채권 및 기타유동채권
오뚜기 007310 재고자산 131,422,164,877 117,174,244,760
오뚜기 007310 기타유동금융자산 390,000 539,805,000
오뚜기 007310 기타유동자산 0 0
오뚜기 007310 매각예정비유동자산 0 0
오뚜기 007310 비유동자산 749,262,086,665 695,316,688,894
오뚜기 007310 장기금융상품 0 0
오뚜기 007310 기타포괄손익-공정가치 0 0
오뚜기 007310 당기손익인식공정가치측정금융자산 0 0
오뚜기 007310 종속회사투자 0 0
오뚜기 007310 관계회사투자 0 0
오뚜기 007310 렌탈자산 0 0
오뚜기 007310 유형자산 559,898,410,038 526,053,246,093
오뚜기 007310 무형자산 7,553,249,415 7,915,967,412
오뚜기 007310 기타비유동금융자산 21,422,044,988 10,525,337,027
오뚜기 007310 기타비유동자산 0 0
오뚜기 007310 사용권자산 0 0
오뚜기 007310 이연법인세자산 0 0
오뚜기 007310 자산총계 1,342,747,781,658 1,230,861,639,370
오뚜기 007310 유동부채 368,915,971,858 333,841,083,037
오뚜기 007310 단기매입채무 0 0
오뚜기 007310 단기차입금 42,874,522,835 42,396,659,263
오뚜기 007310 유동성장기차입금 500,000,000 0
오뚜기 007310 유동성사채 0 0
오뚜기 007310 기타유동금융부채 0 0
오뚜기 007310 기타유동부채 0 0
오뚜기 007310 당기법인세부채 0 0
오뚜기 007310 유동리스부채 0 0
오뚜기 007310 비유동부채 105,333,911,353 117,459,475,443
오뚜기 007310 사채 59,854,264,615 59,780,850,534
오뚜기 007310 장기차입금 4,000,000,000 10,000,000,000
오뚜기 007310 기타비유동금융부채 0 9,737,491
오뚜기 007310 이연법인세부채 28,697,512,146 30,731,007,465
오뚜기 007310 비유동리스부채 0 0
오뚜기 007310 부채총계 474,249,883,211 451,300,558,480
오뚜기 007310 자본금 17,200,000,000 17,200,000,000
오뚜기 007310 자본잉여금 0 0
오뚜기 007310 자본조정 0 0
오뚜기 007310 기타포괄손익누계액 0 0
오뚜기 007310 이익잉여금(결손금) 856,971,886,347 760,251,153,361
오뚜기 007310 자본총계 868,497,898,447 779,561,080,890
오뚜기 007310 자본과부채총계 1,342,747,781,658 1,230,861,639,370
date : 2017-03-31
오뚜기 007310 유동자산 604,267,711,806 593,485,694,993
오뚜기 007310 현금및현금성자산 118,822,341,855 126,626,180,161
오뚜기 007310 매출채권 및 기타유동채권
오뚜기 007310 재고자산 126,922,425,563 131,422,164,877
오뚜기 007310 기타유동금융자산 390,000 390,000
오뚜기 007310 기타유동자산 0 0
오뚜기 007310 매각예정비유동자산 0 0
오뚜기 007310 비유동자산 780,628,204,500 749,262,086,665
오뚜기 007310 장기금융상품 0 0
오뚜기 007310 기타포괄손익-공정가치 0 0
오뚜기 007310 당기손익인식공정가치측정금융자산 0 0
오뚜기 007310 종속회사투자 0 0
오뚜기 007310 관계회사투자 0 0
오뚜기 007310 렌탈자산 0 0
오뚜기 007310 유형자산 564,831,754,200 559,898,410,038
오뚜기 007310 무형자산 9,910,074,848 7,553,249,415
오뚜기 007310 기타비유동금융자산 20,984,856,679 21,422,044,988
오뚜기 007310 기타비유동자산 0 0
오뚜기 007310 사용권자산 0 0
오뚜기 007310 이연법인세자산 0 0
오뚜기 007310 자산총계 1,384,895,916,306 1,342,747,781,658
오뚜기 007310 유동부채 399,676,713,825 368,915,971,858
오뚜기 007310 단기매입채무 0 0
오뚜기 007310 단기차입금 58,253,417,974 42,874,522,835
오뚜기 007310 유동성장기차입금 500,000,000 500,000,000
오뚜기 007310 유동성사채 0 0
오뚜기 007310 기타유동금융부채 0 0
오뚜기 007310 기타유동부채 0 0
오뚜기 007310 당기법인세부채 0 0
오뚜기 007310 유동리스부채 0 0
오뚜기 007310 비유동부채 104,862,536,676 105,333,911,353
오뚜기 007310 사채 59,872,896,001 59,854,264,615
오뚜기 007310 장기차입금 4,000,000,000 4,000,000,000
오뚜기 007310 기타비유동금융부채 0 0
오뚜기 007310 이연법인세부채 28,061,836,764 28,697,512,146
오뚜기 007310 비유동리스부채 0 0
오뚜기 007310 부채총계 504,539,250,501 474,249,883,211
오뚜기 007310 자본금 17,200,000,000 17,200,000,000
오뚜기 007310 자본잉여금 0 0
오뚜기 007310 자본조정 0 0
오뚜기 007310 기타포괄손익누계액 0 0
오뚜기 007310 이익잉여금(결손금) 869,128,712,457 856,971,886,347
오뚜기 007310 자본총계 880,356,665,805 868,497,898,447
오뚜기 007310 자본과부채총계 1,384,895,916,306 1,342,747,781,658
date : 2017-06-30
오뚜기 007310 유동자산 600,607,249,414 593,485,694,993
오뚜기 007310 현금및현금성자산 122,123,524,532 126,626,180,161
오뚜기 007310 매출채권 및 기타유동채권
오뚜기 007310 재고자산 126,600,995,999 131,422,164,877
오뚜기 007310 기타유동금융자산 390,000 390,000
오뚜기 007310 기타유동자산 0 0
오뚜기 007310 매각예정비유동자산 0 0
오뚜기 007310 비유동자산 801,150,283,668 749,262,086,665
오뚜기 007310 장기금융상품 0 0
오뚜기 007310 기타포괄손익-공정가치 0 0
오뚜기 007310 당기손익인식공정가치측정금융자산 0 0
오뚜기 007310 종속회사투자 0 0
오뚜기 007310 관계회사투자 0 0
오뚜기 007310 렌탈자산 0 0
오뚜기 007310 유형자산 576,599,554,338 559,898,410,038
오뚜기 007310 무형자산 9,243,255,796 7,553,249,415
오뚜기 007310 기타비유동금융자산 21,029,835,058 21,422,044,988
오뚜기 007310 기타비유동자산 0 0
오뚜기 007310 사용권자산 0 0
오뚜기 007310 이연법인세자산 0 0
오뚜기 007310 자산총계 1,401,757,533,082 1,342,747,781,658
오뚜기 007310 유동부채 388,078,942,644 368,915,971,858
오뚜기 007310 단기매입채무 0 0
오뚜기 007310 단기차입금 61,230,850,397 42,874,522,835
오뚜기 007310 유동성장기차입금 500,000,000 500,000,000
오뚜기 007310 유동성사채 0 0
오뚜기 007310 기타유동금융부채 0 0
오뚜기 007310 기타유동부채 0 0
오뚜기 007310 당기법인세부채 0 0
오뚜기 007310 유동리스부채 0 0
오뚜기 007310 비유동부채 104,553,948,433 105,333,911,353
오뚜기 007310 사채 59,891,639,878 59,854,264,615
오뚜기 007310 장기차입금 4,000,000,000 4,000,000,000
오뚜기 007310 기타비유동금융부채 0 0
오뚜기 007310 이연법인세부채 27,614,775,934 28,697,512,146
오뚜기 007310 비유동리스부채 0 0
오뚜기 007310 부채총계 492,632,891,077 474,249,883,211
오뚜기 007310 자본금 17,200,000,000 17,200,000,000
오뚜기 007310 자본잉여금 0 0
오뚜기 007310 자본조정 0 0
오뚜기 007310 기타포괄손익누계액 0 0
오뚜기 007310 이익잉여금(결손금) 897,863,381,357 856,971,886,347
오뚜기 007310 자본총계 909,124,642,005 868,497,898,447
오뚜기 007310 자본과부채총계 1,401,757,533,082 1,342,747,781,658
date : 2017-09-30
오뚜기 007310 유동자산 649,003,730,734 593,485,694,993
오뚜기 007310 현금및현금성자산 97,895,518,694 126,626,180,161
오뚜기 007310 매출채권 0 0
오뚜기 007310 재고자산 127,665,484,018 131,422,164,877
오뚜기 007310 기타유동금융자산 27,390,000 390,000
오뚜기 007310 기타유동자산 0 0
오뚜기 007310 매각예정비유동자산 0 0
오뚜기 007310 비유동자산 803,240,578,781 749,262,086,665
오뚜기 007310 장기금융상품 0 1,500,000
오뚜기 007310 기타포괄손익-공정가치 0 0
오뚜기 007310 당기손익인식공정가치측정금융자산 0 0
오뚜기 007310 종속회사투자 0 0
오뚜기 007310 관계회사투자 0 0
오뚜기 007310 렌탈자산 0 0
오뚜기 007310 유형자산 591,556,916,516 559,898,410,038
오뚜기 007310 무형자산 8,725,536,051 7,553,249,415
오뚜기 007310 기타비유동금융자산 915,868,587 21,422,044,988
오뚜기 007310 기타비유동자산 0 0
오뚜기 007310 사용권자산 0 0
오뚜기 007310 이연법인세자산 0 0
오뚜기 007310 자산총계 1,452,244,309,515 1,342,747,781,658
오뚜기 007310 유동부채 400,574,850,317 368,915,971,858
오뚜기 007310 단기매입채무 0 0
오뚜기 007310 단기차입금 69,183,397,499 42,874,522,835
오뚜기 007310 유동성장기차입금 500,000,000 500,000,000
오뚜기 007310 유동성사채 0 0
오뚜기 007310 기타유동금융부채 0 0
오뚜기 007310 기타유동부채 0 0
오뚜기 007310 당기법인세부채 0 0
오뚜기 007310 유동리스부채 0 0
오뚜기 007310 비유동부채 103,312,675,779 105,333,911,353
오뚜기 007310 사채 59,910,496,925 59,854,264,615
오뚜기 007310 장기차입금 3,500,000,000 4,000,000,000
오뚜기 007310 기타비유동금융부채 0 0
오뚜기 007310 이연법인세부채 26,619,340,383 28,697,512,146
오뚜기 007310 비유동리스부채 0 0
오뚜기 007310 부채총계 503,887,526,096 474,249,883,211
오뚜기 007310 자본금 17,200,000,000 17,200,000,000
오뚜기 007310 자본잉여금 10,190,472,950 10,190,472,950
오뚜기 007310 자본조정 0 0
오뚜기 007310 기타포괄손익누계액 0 334,866,870
오뚜기 007310 이익잉여금(결손금) 0 0
오뚜기 007310 자본총계 948,356,783,419 868,497,898,447
오뚜기 007310 자본과부채총계 1,452,244,309,515 1,342,747,781,658
date : 2017-12-31
오뚜기 007310 유동자산 595,973,315,377 593,485,694,993
오뚜기 007310 현금및현금성자산 103,839,194,315 126,626,180,161
오뚜기 007310 매출채권 0 0
오뚜기 007310 재고자산 132,436,675,936 131,422,164,877
오뚜기 007310 기타유동금융자산 33,710,000 390,000
오뚜기 007310 기타유동자산 0 0
오뚜기 007310 매각예정비유동자산 0 0
오뚜기 007310 비유동자산 809,827,811,717 749,262,086,665
오뚜기 007310 장기금융상품 0 1,500,000
오뚜기 007310 기타포괄손익-공정가치 0 0
오뚜기 007310 당기손익인식공정가치측정금융자산 0 0
오뚜기 007310 종속회사투자 0 0
오뚜기 007310 관계회사투자 0 0
오뚜기 007310 렌탈자산 0 0
오뚜기 007310 유형자산 593,761,637,184 559,898,410,038
오뚜기 007310 무형자산 9,190,988,132 7,553,249,415
오뚜기 007310 기타비유동금융자산 924,138,587 21,422,044,988
오뚜기 007310 기타비유동자산 0 0
오뚜기 007310 사용권자산 0 0
오뚜기 007310 이연법인세자산 0 0
오뚜기 007310 자산총계 1,405,801,127,094 1,342,747,781,658
오뚜기 007310 유동부채 397,323,635,303 368,915,971,858
오뚜기 007310 단기매입채무 0 0
오뚜기 007310 단기차입금 24,801,038,950 42,874,522,835
오뚜기 007310 유동성장기차입금 60,429,467,824 500,000,000
오뚜기 007310 유동성사채 0 0
오뚜기 007310 기타유동금융부채 0 0
오뚜기 007310 기타유동부채 0 0
오뚜기 007310 당기법인세부채 0 0
오뚜기 007310 유동리스부채 0 0
오뚜기 007310 비유동부채 43,089,478,771 105,333,911,353
오뚜기 007310 사채 0 59,854,264,615
오뚜기 007310 장기차입금 3,500,000,000 4,000,000,000
오뚜기 007310 기타비유동금융부채 0 0
오뚜기 007310 이연법인세부채 26,217,300,354 28,697,512,146
오뚜기 007310 비유동리스부채 0 0
오뚜기 007310 부채총계 440,413,114,074 474,249,883,211
오뚜기 007310 자본금 17,200,000,000 17,200,000,000
오뚜기 007310 자본잉여금 10,190,472,950 10,190,472,950
오뚜기 007310 자본조정 0 0
오뚜기 007310 기타포괄손익누계액 0 334,866,870
오뚜기 007310 이익잉여금(결손금) 0 0
오뚜기 007310 자본총계 965,388,013,020 868,497,898,447
오뚜기 007310 자본과부채총계 1,405,801,127,094 1,342,747,781,658
date : 2018-03-31
오뚜기 007310 유동자산 666,862,375,745 595,973,315,377
오뚜기 007310 현금및현금성자산 206,786,989,442 103,839,194,315
오뚜기 007310 매출채권 0 0
오뚜기 007310 재고자산 130,087,888,181 132,436,675,936
오뚜기 007310 기타유동금융자산 33,710,000 33,710,000
오뚜기 007310 기타유동자산 0 0
오뚜기 007310 매각예정비유동자산 0 0
오뚜기 007310 비유동자산 830,647,828,796 809,827,811,717
오뚜기 007310 장기금융상품 0 0
오뚜기 007310 기타포괄손익-공정가치 0 0
오뚜기 007310 당기손익인식공정가치측정금융자산 0 0
오뚜기 007310 종속회사투자 0 0
오뚜기 007310 관계회사투자 0 0
오뚜기 007310 렌탈자산 0 0
오뚜기 007310 유형자산 615,360,247,093 593,761,637,184
오뚜기 007310 무형자산 9,146,401,324 9,190,988,132
오뚜기 007310 기타비유동금융자산 924,138,587 924,138,587
오뚜기 007310 기타비유동자산 0 0
오뚜기 007310 사용권자산 0 0
오뚜기 007310 이연법인세자산 0 0
오뚜기 007310 자산총계 1,497,510,204,541 1,405,801,127,094
오뚜기 007310 유동부채 480,391,800,684 397,323,635,303
오뚜기 007310 단기매입채무 0 0
오뚜기 007310 단기차입금 46,016,792,002 24,801,038,950
오뚜기 007310 유동성장기차입금 60,448,553,263 60,429,467,824
오뚜기 007310 유동성사채 0 0
오뚜기 007310 기타유동금융부채 0 0
오뚜기 007310 기타유동부채 0 0
오뚜기 007310 당기법인세부채 0 0
오뚜기 007310 유동리스부채 0 0
오뚜기 007310 비유동부채 41,951,807,362 43,089,478,771
오뚜기 007310 사채 0 0
오뚜기 007310 장기차입금 3,500,000,000 3,500,000,000
오뚜기 007310 기타비유동금융부채 0 0
오뚜기 007310 이연법인세부채 25,467,134,728 26,217,300,354
오뚜기 007310 비유동리스부채 0 0
오뚜기 007310 부채총계 522,343,608,046 440,413,114,074
오뚜기 007310 자본금 17,200,000,000 17,200,000,000
오뚜기 007310 자본잉여금 10,190,472,950 10,190,472,950
오뚜기 007310 자본조정 0 0
오뚜기 007310 기타포괄손익누계액 0 0
오뚜기 007310 이익잉여금(결손금) 0 0
오뚜기 007310 자본총계 975,166,596,495 965,388,013,020
오뚜기 007310 자본과부채총계 1,497,510,204,541 1,405,801,127,094
date : 2018-06-30
오뚜기 007310 유동자산 636,580,962,693 595,973,315,377
오뚜기 007310 현금및현금성자산 108,858,459,289 103,839,194,315
오뚜기 007310 매출채권 0 0
오뚜기 007310 재고자산 125,280,516,344 132,436,675,936
오뚜기 007310 기타유동금융자산 33,710,000 33,710,000
오뚜기 007310 기타유동자산 0 0
오뚜기 007310 매각예정비유동자산 0 0
오뚜기 007310 비유동자산 878,036,340,434 809,827,811,717
오뚜기 007310 장기금융상품 0 0
오뚜기 007310 기타포괄손익-공정가치 0 0
오뚜기 007310 당기손익인식공정가치측정금융자산 0 0
오뚜기 007310 종속회사투자 0 0
오뚜기 007310 관계회사투자 0 0
오뚜기 007310 렌탈자산 0 0
오뚜기 007310 유형자산 618,854,914,840 593,761,637,184
오뚜기 007310 무형자산 8,999,509,554 9,190,988,132
오뚜기 007310 기타비유동금융자산 930,338,587 924,138,587
오뚜기 007310 기타비유동자산 0 0
오뚜기 007310 사용권자산 0 0
오뚜기 007310 이연법인세자산 0 0
오뚜기 007310 자산총계 1,514,617,303,127 1,405,801,127,094
오뚜기 007310 유동부채 473,570,461,117 397,323,635,303
오뚜기 007310 단기매입채무 0 0
오뚜기 007310 단기차입금 76,294,897,956 24,801,038,950
오뚜기 007310 유동성장기차입금 60,467,753,935 60,429,467,824
오뚜기 007310 유동성사채 0 0
오뚜기 007310 기타유동금융부채 0 0
오뚜기 007310 기타유동부채 0 0
오뚜기 007310 당기법인세부채 0 0
오뚜기 007310 유동리스부채 0 0
오뚜기 007310 비유동부채 40,541,317,377 43,089,478,771
오뚜기 007310 사채 0 0
오뚜기 007310 장기차입금 3,500,000,000 3,500,000,000
오뚜기 007310 기타비유동금융부채 0 0
오뚜기 007310 이연법인세부채 24,227,894,199 26,217,300,354
오뚜기 007310 비유동리스부채 0 0
오뚜기 007310 부채총계 514,111,778,494 440,413,114,074
오뚜기 007310 자본금 17,200,000,000 17,200,000,000
오뚜기 007310 자본잉여금 10,190,472,950 10,190,472,950
오뚜기 007310 자본조정 0 0
오뚜기 007310 기타포괄손익누계액 0 0
오뚜기 007310 이익잉여금(결손금) 0 0
오뚜기 007310 자본총계 1,000,505,524,633 965,388,013,020
오뚜기 007310 자본과부채총계 1,514,617,303,127 1,405,801,127,094
date : 2018-09-30
오뚜기 007310 유동자산 650,224,965,010 595,973,315,377
오뚜기 007310 현금및현금성자산 82,269,874,136 103,839,194,315
오뚜기 007310 매출채권 0 0
오뚜기 007310 재고자산 119,759,756,869 132,436,675,936
오뚜기 007310 기타유동금융자산 6,710,000 33,710,000
오뚜기 007310 기타유동자산 0 0
오뚜기 007310 매각예정비유동자산 0 0
오뚜기 007310 비유동자산 974,683,255,129 809,827,811,717
오뚜기 007310 장기금융상품 0 0
오뚜기 007310 기타포괄손익-공정가치 0 0
오뚜기 007310 당기손익인식공정가치측정금융자산 0 0
오뚜기 007310 종속회사투자 0 0
오뚜기 007310 관계회사투자 0 0
오뚜기 007310 렌탈자산 0 0
오뚜기 007310 유형자산 627,319,532,080 593,761,637,184
오뚜기 007310 무형자산 17,884,482,982 9,190,988,132
오뚜기 007310 기타비유동금융자산 930,338,587 924,138,587
오뚜기 007310 기타비유동자산 0 0
오뚜기 007310 사용권자산 0 0
오뚜기 007310 이연법인세자산 0 0
오뚜기 007310 자산총계 1,624,908,220,139 1,405,801,127,094
오뚜기 007310 유동부채 475,239,724,563 397,323,635,303
오뚜기 007310 단기매입채무 0 0
오뚜기 007310 단기차입금 72,821,346,929 24,801,038,950
오뚜기 007310 유동성장기차입금 60,487,070,535 60,429,467,824
오뚜기 007310 유동성사채 0 0
오뚜기 007310 기타유동금융부채 0 0
오뚜기 007310 기타유동부채 0 0
오뚜기 007310 당기법인세부채 0 0
오뚜기 007310 유동리스부채 0 0
오뚜기 007310 비유동부채 69,777,711,962 43,089,478,771
오뚜기 007310 사채 0 0
오뚜기 007310 장기차입금 3,000,000,000 3,500,000,000
오뚜기 007310 기타비유동금융부채 0 0
오뚜기 007310 이연법인세부채 51,496,380,924 26,217,300,354
오뚜기 007310 비유동리스부채 0 0
오뚜기 007310 부채총계 545,017,436,525 440,413,114,074
오뚜기 007310 자본금 18,026,185,000 17,200,000,000
오뚜기 007310 자본잉여금 131,639,667,950 10,190,472,950
오뚜기 007310 자본조정 0 0
오뚜기 007310 기타포괄손익누계액 0 0
오뚜기 007310 이익잉여금(결손금) 0 0
오뚜기 007310 자본총계 1,079,890,783,614 965,388,013,020
오뚜기 007310 자본과부채총계 1,624,908,220,139 1,405,801,127,094
date : 2018-12-31
오뚜기 007310 유동자산 656,668,313,195 595,973,315,377
오뚜기 007310 현금및현금성자산 103,314,054,542 103,839,194,315
오뚜기 007310 매출채권 0 0
오뚜기 007310 재고자산 135,167,809,855 132,436,675,936
오뚜기 007310 기타유동금융자산 266,372,918,090 193,533,810,111
오뚜기 007310 기타유동자산 0 0
오뚜기 007310 매각예정비유동자산 0 0
오뚜기 007310 비유동자산 997,789,117,976 809,827,811,717
오뚜기 007310 장기금융상품 0 0
오뚜기 007310 기타포괄손익-공정가치 0 0
오뚜기 007310 당기손익인식공정가치측정금융자산 0 0
오뚜기 007310 종속회사투자 0 0
오뚜기 007310 관계회사투자 0 0
오뚜기 007310 렌탈자산 0 0
오뚜기 007310 유형자산 639,906,677,550 593,761,637,184
오뚜기 007310 무형자산 18,927,434,211 9,190,988,132
오뚜기 007310 기타비유동금융자산 0 0
오뚜기 007310 기타비유동자산 0 0
오뚜기 007310 사용권자산 0 0
오뚜기 007310 이연법인세자산 0 0
오뚜기 007310 자산총계 1,654,457,431,171 1,405,801,127,094
오뚜기 007310 유동부채 406,246,400,529 397,323,635,303
오뚜기 007310 단기매입채무 0 0
오뚜기 007310 단기차입금 62,865,246,323 24,801,038,950
오뚜기 007310 유동성장기차입금 500,000,000 60,429,467,824
오뚜기 007310 유동성사채 0 0
오뚜기 007310 기타유동금융부채 0 0
오뚜기 007310 기타유동부채 0 0
오뚜기 007310 당기법인세부채 0 0
오뚜기 007310 유동리스부채 0 0
오뚜기 007310 비유동부채 149,129,733,027 43,089,478,771
오뚜기 007310 사채 0 0
오뚜기 007310 장기차입금 88,942,105,000 3,500,000,000
오뚜기 007310 기타비유동금융부채 0 0
오뚜기 007310 이연법인세부채 48,187,982,947 26,217,300,354
오뚜기 007310 비유동리스부채 0 0
오뚜기 007310 부채총계 555,376,133,556 440,413,114,074
오뚜기 007310 자본금 18,026,185,000 17,200,000,000
오뚜기 007310 자본잉여금 131,639,667,950 10,190,472,950
오뚜기 007310 자본조정 0 0
오뚜기 007310 기타포괄손익누계액 -251,152,184 0
오뚜기 007310 이익잉여금(결손금) 0 0
오뚜기 007310 자본총계 1,099,081,297,615 965,388,013,020
오뚜기 007310 자본과부채총계 1,654,457,431,171 1,405,801,127,094
date : 2019-03-31
오뚜기 007310 유동자산 694,816,842,110 656,668,313,195
오뚜기 007310 현금및현금성자산 131,126,799,167 103,314,054,542
오뚜기 007310 매출채권 0 0
오뚜기 007310 재고자산 137,852,713,919 135,167,809,855
오뚜기 007310 기타유동금융자산 221,511,091,639 266,372,918,090
오뚜기 007310 기타유동자산 0 0
오뚜기 007310 매각예정비유동자산 0 0
오뚜기 007310 비유동자산 1,017,555,520,943 997,789,117,976
오뚜기 007310 장기금융상품 0 0
오뚜기 007310 기타포괄손익-공정가치 0 0
오뚜기 007310 당기손익인식공정가치측정금융자산 0 0
오뚜기 007310 종속회사투자 0 0
오뚜기 007310 관계회사투자 0 0
오뚜기 007310 렌탈자산 0 0
오뚜기 007310 유형자산 655,368,690,562 639,906,677,550
오뚜기 007310 무형자산 18,954,736,027 18,927,434,211
오뚜기 007310 기타비유동금융자산 0 0
오뚜기 007310 기타비유동자산 0 0
오뚜기 007310 사용권자산 0 0
오뚜기 007310 이연법인세자산 0 0
오뚜기 007310 자산총계 1,712,372,363,053 1,654,457,431,171
오뚜기 007310 유동부채 440,704,576,467 406,246,400,529
오뚜기 007310 단기매입채무 0 0
오뚜기 007310 단기차입금 63,697,945,801 62,865,246,323
오뚜기 007310 유동성장기차입금 500,000,000 500,000,000
오뚜기 007310 유동성사채 0 0
오뚜기 007310 기타유동금융부채 0 0
오뚜기 007310 기타유동부채 0 0
오뚜기 007310 당기법인세부채 0 0
오뚜기 007310 유동리스부채 0 0
오뚜기 007310 비유동부채 155,674,113,672 149,129,733,027
오뚜기 007310 사채 0 0
오뚜기 007310 장기차입금 89,256,140,000 88,942,105,000
오뚜기 007310 기타비유동금융부채 0 0
오뚜기 007310 이연법인세부채 49,522,995,096 48,187,982,947
오뚜기 007310 비유동리스부채 0 0
오뚜기 007310 부채총계 596,378,690,139 555,376,133,556
오뚜기 007310 자본금 18,026,185,000 18,026,185,000
오뚜기 007310 자본잉여금 131,639,667,950 131,639,667,950
오뚜기 007310 자본조정 0 0
오뚜기 007310 기타포괄손익누계액 -298,720,266 -251,152,184
오뚜기 007310 이익잉여금(결손금) 0 0
오뚜기 007310 자본총계 1,115,993,672,914 1,099,081,297,615
오뚜기 007310 자본과부채총계 1,712,372,363,053 1,654,457,431,171
