date : 2019-03-31
동방아그로 007590 비유동자산 59,857,282,664 60,061,307,655
동방아그로 007590 유형자산 37,452,522,557 36,811,393,532
동방아그로 007590 무형자산 1,471,883,140 1,492,915,894
동방아그로 007590 이연법인세자산 3,952,389,627 4,104,226,068
동방아그로 007590 기타비유동금융자산 122,015,000 122,015,000
동방아그로 007590 유동자산 135,809,859,497 124,716,842,201
동방아그로 007590 재고자산 42,353,239,893 63,568,205,248
동방아그로 007590 매출채권 및 기타유동채권
동방아그로 007590 기타유동금융자산 191,480,424 9,350,000
동방아그로 007590 현금및현금성자산 21,895,298,465 45,332,873,147
동방아그로 007590 자산총계 195,667,142,161 184,778,149,856
동방아그로 007590 자본금 6,808,958,500 6,808,958,500
동방아그로 007590 자본잉여금 2,766,678,982 2,766,678,982
동방아그로 007590 이익잉여금(결손금) 139,374,388,917 131,051,928,657
동방아그로 007590 기타포괄손익누계액 0 0
동방아그로 007590 자본총계 140,458,747,727 132,136,287,467
동방아그로 007590 비유동부채 25,618,137,988 25,137,733,835
동방아그로 007590 유동부채 29,590,256,446 27,504,128,554
동방아그로 007590 단기차입금 777,180,173 0
동방아그로 007590 부채총계 55,208,394,434 52,641,862,389
동방아그로 007590 자본과부채총계 195,667,142,161 184,778,149,856
