date : 2019-03-31
태평양물산 007980 유동자산 241,556,124,901 199,980,148,962
태평양물산 007980 현금및현금성자산 8,501,895,191 3,176,423,380
태평양물산 007980 매출채권 및 기타유동채권
태평양물산 007980 기타유동금융자산 12,334,368,152 12,498,274,871
태평양물산 007980 재고자산 113,376,066,373 71,975,498,657
태평양물산 007980 기타유동자산 4,397,278,783 1,212,505,049
태평양물산 007980 비유동자산 297,137,400,239 295,329,010,171
태평양물산 007980 기타비유동금융자산 2,744,330,656 2,684,541,681
태평양물산 007980 유형자산 46,505,109,812 48,245,444,765
태평양물산 007980 무형자산 2,898,607,003 2,945,369,225
태평양물산 007980 기타비유동자산 98,238,879 123,981,137
태평양물산 007980 자산총계 538,693,525,140 495,309,159,133
태평양물산 007980 유동부채 324,826,189,347 276,705,677,313
태평양물산 007980 단기차입금 254,056,535,610 214,750,588,426
태평양물산 007980 당기법인세부채 649,264,627 0
태평양물산 007980 기타유동금융부채 682,519,565 627,433,170
태평양물산 007980 기타유동부채 3,256,848,439 1,704,690,746
태평양물산 007980 비유동부채 33,510,749,393 32,254,734,279
태평양물산 007980 장기차입금 8,716,016,001 7,447,851,088
태평양물산 007980 기타비유동금융부채 8,926,155 14,817,948
태평양물산 007980 이연법인세부채 10,256,693,099 11,503,489,159
태평양물산 007980 부채총계 358,336,938,740 308,960,411,592
태평양물산 007980 자본금 24,955,871,000 24,955,871,000
태평양물산 007980 이익잉여금(결손금) 88,806,994,105 93,737,136,895
태평양물산 007980 자본총계 180,356,586,400 186,348,747,541
태평양물산 007980 자본과부채총계 538,693,525,140 495,309,159,133
