date : 2015-03-31
대동전자 008110 유동자산 40,291,059,280 42,397,304,484
대동전자 008110 현금및현금성자산 11,871,806,957 8,700,132,138
대동전자 008110 매출채권 및 기타유동채권
대동전자 008110 재고자산 866,038,941 2,367,254,703
대동전자 008110 기타유동금융자산 0 0
대동전자 008110 기타유동자산 94,702,546 119,867,451
대동전자 008110 매각예정비유동자산 0 0
대동전자 008110 비유동자산 91,084,990,263 66,323,036,096
대동전자 008110 장기금융상품 0 0
대동전자 008110 기타포괄손익-공정가치 0 0
대동전자 008110 당기손익인식공정가치측정금융자산 0 0
대동전자 008110 종속회사투자 0 0
대동전자 008110 관계회사투자 0 0
대동전자 008110 렌탈자산 0 0
대동전자 008110 유형자산 35,034,209,771 10,740,779,318
대동전자 008110 무형자산 328,457,479 382,156,146
대동전자 008110 기타비유동금융자산 0 0
대동전자 008110 기타비유동자산 0 0
대동전자 008110 사용권자산 0 0
대동전자 008110 이연법인세자산 0 0
대동전자 008110 자산총계 131,376,049,543 108,720,340,580
대동전자 008110 유동부채 1,573,777,169 5,302,201,040
대동전자 008110 단기매입채무 0 0
대동전자 008110 단기차입금 0 0
대동전자 008110 유동성장기차입금 0 0
대동전자 008110 유동성사채 0 0
대동전자 008110 기타유동금융부채 0 0
대동전자 008110 기타유동부채 199,980,176 2,881,408,808
대동전자 008110 당기법인세부채 0 0
대동전자 008110 유동리스부채 0 0
대동전자 008110 비유동부채 13,702,680,714 11,308,093,150
대동전자 008110 사채 0 0
대동전자 008110 장기차입금 0 0
대동전자 008110 기타비유동금융부채 0 0
대동전자 008110 이연법인세부채 13,406,728,991 6,360,365,265
대동전자 008110 비유동리스부채 0 0
대동전자 008110 부채총계 15,276,457,883 16,610,294,190
대동전자 008110 자본금 0 0
대동전자 008110 자본잉여금 0 0
대동전자 008110 자본조정 0 0
대동전자 008110 기타포괄손익누계액 19,021,263,482 -63,542,684
대동전자 008110 이익잉여금(결손금) 94,606,412,378 89,701,673,274
대동전자 008110 자본총계 116,099,591,660 92,110,046,390
대동전자 008110 자본과부채총계 131,376,049,543 108,720,340,580
date : 2016-06-30
대동전자 008110 유동자산 41,194,354,013 42,112,535,652
대동전자 008110 현금및현금성자산 11,525,608,157 13,770,802,434
대동전자 008110 매출채권 및 기타유동채권
대동전자 008110 재고자산 2,874,938,838 768,665,254
대동전자 008110 기타유동금융자산 0 0
대동전자 008110 기타유동자산 94,489,650 80,495,310
대동전자 008110 매각예정비유동자산 0 0
대동전자 008110 비유동자산 93,750,167,117 94,101,142,860
대동전자 008110 장기금융상품 0 0
대동전자 008110 기타포괄손익-공정가치 0 0
대동전자 008110 당기손익인식공정가치측정금융자산 0 0
대동전자 008110 종속회사투자 0 0
대동전자 008110 관계회사투자 0 0
대동전자 008110 렌탈자산 0 0
대동전자 008110 유형자산 38,114,730,562 38,442,670,702
대동전자 008110 무형자산 272,012,205 282,297,314
대동전자 008110 기타비유동금융자산 0 0
대동전자 008110 기타비유동자산 0 0
대동전자 008110 사용권자산 0 0
대동전자 008110 이연법인세자산 0 0
대동전자 008110 자산총계 134,944,521,130 136,213,678,512
대동전자 008110 유동부채 8,997,954,089 11,034,992,372
대동전자 008110 단기매입채무 0 0
대동전자 008110 단기차입금 0 0
대동전자 008110 유동성장기차입금 0 0
대동전자 008110 유동성사채 0 0
대동전자 008110 기타유동금융부채 0 0
대동전자 008110 기타유동부채 6,073,440,603 7,823,155,623
대동전자 008110 당기법인세부채 0 0
대동전자 008110 유동리스부채 0 0
대동전자 008110 비유동부채 14,351,362,326 14,176,287,505
대동전자 008110 사채 0 0
대동전자 008110 장기차입금 0 0
대동전자 008110 기타비유동금융부채 0 0
대동전자 008110 이연법인세부채 13,853,035,149 13,781,814,475
대동전자 008110 비유동리스부채 0 0
대동전자 008110 부채총계 23,349,316,415 25,211,279,877
대동전자 008110 자본금 0 0
대동전자 008110 자본잉여금 0 0
대동전자 008110 자본조정 0 0
대동전자 008110 기타포괄손익누계액 20,341,048,130 20,342,321,909
대동전자 008110 이익잉여금(결손금) 88,782,240,785 88,188,160,926
대동전자 008110 자본총계 111,595,204,715 111,002,398,635
대동전자 008110 자본과부채총계 134,944,521,130 136,213,678,512
date : 2016-09-30
대동전자 008110 유동자산 40,404,921,600 42,112,535,652
대동전자 008110 현금및현금성자산 11,289,940,450 13,770,802,434
대동전자 008110 매출채권 및 기타유동채권
대동전자 008110 재고자산 2,945,672,179 768,665,254
대동전자 008110 기타유동금융자산 0 0
대동전자 008110 기타유동자산 44,395,943 80,495,310
대동전자 008110 매각예정비유동자산 0 0
대동전자 008110 비유동자산 93,394,541,137 94,101,142,860
대동전자 008110 장기금융상품 0 0
대동전자 008110 기타포괄손익-공정가치 0 0
대동전자 008110 당기손익인식공정가치측정금융자산 0 0
대동전자 008110 종속회사투자 0 0
대동전자 008110 관계회사투자 0 0
대동전자 008110 렌탈자산 0 0
대동전자 008110 유형자산 37,756,011,341 38,442,670,702
대동전자 008110 무형자산 261,727,137 282,297,314
대동전자 008110 기타비유동금융자산 0 0
대동전자 008110 기타비유동자산 0 0
대동전자 008110 사용권자산 0 0
대동전자 008110 이연법인세자산 0 0
대동전자 008110 자산총계 133,799,462,737 136,213,678,512
대동전자 008110 유동부채 8,374,896,703 11,034,992,372
대동전자 008110 단기매입채무 0 0
대동전자 008110 단기차입금 0 0
대동전자 008110 유동성장기차입금 0 0
대동전자 008110 유동성사채 0 0
대동전자 008110 기타유동금융부채 0 0
대동전자 008110 기타유동부채 5,624,422,284 7,823,155,623
대동전자 008110 당기법인세부채 0 0
대동전자 008110 유동리스부채 0 0
대동전자 008110 비유동부채 14,178,002,350 14,176,287,505
대동전자 008110 사채 0 0
대동전자 008110 장기차입금 0 0
대동전자 008110 기타비유동금융부채 0 0
대동전자 008110 이연법인세부채 13,786,451,909 13,781,814,475
대동전자 008110 비유동리스부채 0 0
대동전자 008110 부채총계 22,552,899,053 25,211,279,877
대동전자 008110 자본금 0 0
대동전자 008110 자본잉여금 0 0
대동전자 008110 자본조정 0 0
대동전자 008110 기타포괄손익누계액 20,360,154,815 20,342,321,909
대동전자 008110 이익잉여금(결손금) 88,414,493,069 88,188,160,926
대동전자 008110 자본총계 111,246,563,684 111,002,398,635
대동전자 008110 자본과부채총계 133,799,462,737 136,213,678,512
date : 2016-12-31
대동전자 008110 유동자산 45,136,112,473 42,112,535,652
대동전자 008110 현금및현금성자산 10,087,507,236 13,770,802,434
대동전자 008110 매출채권 및 기타유동채권
대동전자 008110 재고자산 847,565,278 768,665,254
대동전자 008110 기타유동금융자산 0 0
대동전자 008110 기타유동자산 14,093,883 80,495,310
대동전자 008110 매각예정비유동자산 0 0
대동전자 008110 비유동자산 93,452,655,296 94,101,142,860
대동전자 008110 장기금융상품 0 0
대동전자 008110 기타포괄손익-공정가치 0 0
대동전자 008110 당기손익인식공정가치측정금융자산 0 0
대동전자 008110 종속회사투자 0 0
대동전자 008110 관계회사투자 0 0
대동전자 008110 렌탈자산 0 0
대동전자 008110 유형자산 37,862,745,510 38,442,670,702
대동전자 008110 무형자산 251,442,069 282,297,314
대동전자 008110 기타비유동금융자산 0 0
대동전자 008110 기타비유동자산 0 0
대동전자 008110 사용권자산 0 0
대동전자 008110 이연법인세자산 0 0
대동전자 008110 자산총계 138,588,767,769 136,213,678,512
대동전자 008110 유동부채 8,526,197,662 11,034,992,372
대동전자 008110 단기매입채무 0 0
대동전자 008110 단기차입금 0 0
대동전자 008110 유동성장기차입금 0 0
대동전자 008110 유동성사채 0 0
대동전자 008110 기타유동금융부채 0 0
대동전자 008110 기타유동부채 6,225,289,270 7,823,155,623
대동전자 008110 당기법인세부채 0 0
대동전자 008110 유동리스부채 0 0
대동전자 008110 비유동부채 14,309,616,220 14,176,287,505
대동전자 008110 사채 0 0
대동전자 008110 장기차입금 0 0
대동전자 008110 기타비유동금융부채 0 0
대동전자 008110 이연법인세부채 13,796,392,994 13,781,814,475
대동전자 008110 비유동리스부채 0 0
대동전자 008110 부채총계 22,835,813,882 25,211,279,877
대동전자 008110 자본금 0 0
대동전자 008110 자본잉여금 0 0
대동전자 008110 자본조정 0 0
대동전자 008110 기타포괄손익누계액 20,338,925,165 20,342,321,909
대동전자 008110 이익잉여금(결손금) 92,942,112,922 88,188,160,926
대동전자 008110 자본총계 115,752,953,887 111,002,398,635
대동전자 008110 자본과부채총계 138,588,767,769 136,213,678,512
date : 2016-03-31
대동전자 008110 유동자산 42,112,535,652 40,291,059,280
대동전자 008110 현금및현금성자산 13,770,802,434 11,871,806,957
대동전자 008110 매출채권 및 기타유동채권
대동전자 008110 재고자산 768,665,254 866,038,941
대동전자 008110 기타유동금융자산 0 0
대동전자 008110 기타유동자산 80,495,310 94,702,546
대동전자 008110 매각예정비유동자산 0 0
대동전자 008110 비유동자산 94,101,142,860 91,084,990,263
대동전자 008110 장기금융상품 0 0
대동전자 008110 기타포괄손익-공정가치 0 0
대동전자 008110 당기손익인식공정가치측정금융자산 0 0
대동전자 008110 종속회사투자 0 0
대동전자 008110 관계회사투자 0 0
대동전자 008110 렌탈자산 0 0
대동전자 008110 유형자산 38,442,670,702 35,034,209,771
대동전자 008110 무형자산 282,297,314 328,457,479
대동전자 008110 기타비유동금융자산 0 0
대동전자 008110 기타비유동자산 0 0
대동전자 008110 사용권자산 0 0
대동전자 008110 이연법인세자산 0 0
대동전자 008110 자산총계 136,213,678,512 131,376,049,543
대동전자 008110 유동부채 11,034,992,372 1,573,777,169
대동전자 008110 단기매입채무 0 0
대동전자 008110 단기차입금 0 0
대동전자 008110 유동성장기차입금 0 0
대동전자 008110 유동성사채 0 0
대동전자 008110 기타유동금융부채 0 0
대동전자 008110 기타유동부채 5,812,831,472 199,980,176
대동전자 008110 당기법인세부채 0 0
대동전자 008110 유동리스부채 0 0
대동전자 008110 비유동부채 14,176,287,505 13,702,680,714
대동전자 008110 사채 0 0
대동전자 008110 장기차입금 0 0
대동전자 008110 기타비유동금융부채 0 0
대동전자 008110 이연법인세부채 13,781,814,475 13,406,728,991
대동전자 008110 비유동리스부채 0 0
대동전자 008110 부채총계 25,211,279,877 15,276,457,883
대동전자 008110 자본금 0 0
대동전자 008110 자본잉여금 0 0
대동전자 008110 자본조정 0 0
대동전자 008110 기타포괄손익누계액 20,342,321,909 19,021,263,482
대동전자 008110 이익잉여금(결손금) 88,188,160,926 94,606,412,378
대동전자 008110 자본총계 111,002,398,635 116,099,591,660
대동전자 008110 자본과부채총계 136,213,678,512 131,376,049,543
date : 2017-06-30
대동전자 008110 유동자산 36,106,690,982 42,804,367,195
대동전자 008110 현금및현금성자산 10,751,471,384 11,175,472,113
대동전자 008110 매출채권 및 기타유동채권
대동전자 008110 재고자산 2,437,022,001 602,138,072
대동전자 008110 기타유동금융자산 0 0
대동전자 008110 기타유동자산 18,952,363 12,794,911
대동전자 008110 매각예정비유동자산 0 0
대동전자 008110 비유동자산 100,441,503,095 93,108,207,812
대동전자 008110 장기금융상품 0 0
대동전자 008110 기타포괄손익-공정가치 0 0
대동전자 008110 당기손익인식공정가치측정금융자산 0 0
대동전자 008110 종속회사투자 0 0
대동전자 008110 관계회사투자 0 0
대동전자 008110 렌탈자산 0 0
대동전자 008110 유형자산 37,242,933,043 37,383,179,915
대동전자 008110 무형자산 404,672,724 423,198,668
대동전자 008110 기타비유동금융자산 0 0
대동전자 008110 기타비유동자산 0 0
대동전자 008110 사용권자산 0 0
대동전자 008110 이연법인세자산 0 0
대동전자 008110 자산총계 136,548,194,077 135,912,575,007
대동전자 008110 유동부채 8,185,237,613 7,460,739,368
대동전자 008110 단기매입채무 0 0
대동전자 008110 단기차입금 0 0
대동전자 008110 유동성장기차입금 0 0
대동전자 008110 유동성사채 0 0
대동전자 008110 기타유동금융부채 0 0
대동전자 008110 기타유동부채 5,729,905,084 5,835,058,924
대동전자 008110 당기법인세부채 0 0
대동전자 008110 유동리스부채 0 0
대동전자 008110 비유동부채 13,905,408,186 13,849,524,794
대동전자 008110 사채 0 0
대동전자 008110 장기차입금 0 0
대동전자 008110 기타비유동금융부채 0 0
대동전자 008110 이연법인세부채 13,843,960,820 13,849,524,794
대동전자 008110 비유동리스부채 0 0
대동전자 008110 부채총계 22,090,645,799 21,310,264,162
대동전자 008110 자본금 0 0
대동전자 008110 자본잉여금 0 0
대동전자 008110 자본조정 0 0
대동전자 008110 기타포괄손익누계액 20,366,099,117 20,360,154,815
대동전자 008110 이익잉여금(결손금) 91,619,533,361 91,770,240,230
대동전자 008110 자본총계 114,457,548,278 114,602,310,845
대동전자 008110 자본과부채총계 136,548,194,077 135,912,575,007
date : 2017-09-30
대동전자 008110 유동자산 37,413,239,222 42,804,367,195
대동전자 008110 현금및현금성자산 8,852,522,865 11,175,472,113
대동전자 008110 매출채권 및 기타유동채권
대동전자 008110 재고자산 3,962,493,434 602,138,072
대동전자 008110 기타유동금융자산 22,882,144,886 28,884,908,350
대동전자 008110 기타유동자산 26,624,628 12,794,911
대동전자 008110 매각예정비유동자산 0 0
대동전자 008110 비유동자산 100,544,315,609 93,108,207,812
대동전자 008110 장기금융상품 0 0
대동전자 008110 기타포괄손익-공정가치 0 0
대동전자 008110 당기손익인식공정가치측정금융자산 0 0
대동전자 008110 종속회사투자 0 0
대동전자 008110 관계회사투자 0 0
대동전자 008110 렌탈자산 0 0
대동전자 008110 유형자산 37,599,197,832 37,383,179,915
대동전자 008110 무형자산 386,146,830 423,198,668
대동전자 008110 기타비유동금융자산 323,356,050 353,295,300
대동전자 008110 기타비유동자산 0 0
대동전자 008110 사용권자산 0 0
대동전자 008110 이연법인세자산 0 0
대동전자 008110 자산총계 137,957,554,831 135,912,575,007
대동전자 008110 유동부채 9,586,938,111 7,460,739,368
대동전자 008110 단기매입채무 0 0
대동전자 008110 단기차입금 0 0
대동전자 008110 유동성장기차입금 0 0
대동전자 008110 유동성사채 0 0
대동전자 008110 기타유동금융부채 0 0
대동전자 008110 기타유동부채 6,097,429,501 5,835,058,924
대동전자 008110 당기법인세부채 0 0
대동전자 008110 유동리스부채 0 0
대동전자 008110 비유동부채 14,104,322,427 13,849,524,794
대동전자 008110 사채 0 0
대동전자 008110 장기차입금 0 0
대동전자 008110 기타비유동금융부채 0 0
대동전자 008110 이연법인세부채 13,826,761,618 13,849,524,794
대동전자 008110 비유동리스부채 0 0
대동전자 008110 부채총계 23,691,260,538 21,310,264,162
대동전자 008110 자본금 5,245,223,500 5,245,223,500
대동전자 008110 자본잉여금 0 0
대동전자 008110 자본조정 0 0
대동전자 008110 기타포괄손익누계액 20,336,802,200 20,360,154,815
대동전자 008110 이익잉여금(결손금) 91,457,576,293 91,770,240,230
대동전자 008110 자본총계 114,266,294,293 114,602,310,845
대동전자 008110 자본과부채총계 137,957,554,831 135,912,575,007
date : 2017-12-31
대동전자 008110 유동자산 36,502,980,565 42,804,367,195
대동전자 008110 현금및현금성자산 8,235,517,297 11,175,472,113
대동전자 008110 매출채권 및 기타유동채권
대동전자 008110 재고자산 2,546,806,768 602,138,072
대동전자 008110 기타유동금융자산 22,777,626,377 28,884,908,350
대동전자 008110 기타유동자산 49,202,365 12,794,911
대동전자 008110 매각예정비유동자산 0 0
대동전자 008110 비유동자산 99,134,244,767 93,108,207,812
대동전자 008110 장기금융상품 0 0
대동전자 008110 기타포괄손익-공정가치 0 0
대동전자 008110 당기손익인식공정가치측정금융자산 0 0
대동전자 008110 종속회사투자 0 0
대동전자 008110 관계회사투자 0 0
대동전자 008110 렌탈자산 0 0
대동전자 008110 유형자산 36,559,681,744 37,383,179,915
대동전자 008110 무형자산 553,662,602 423,198,668
대동전자 008110 기타비유동금융자산 335,331,750 353,295,300
대동전자 008110 기타비유동자산 0 0
대동전자 008110 사용권자산 0 0
대동전자 008110 이연법인세자산 0 0
대동전자 008110 자산총계 135,637,225,332 135,912,575,007
대동전자 008110 유동부채 8,321,975,076 7,460,739,368
대동전자 008110 단기매입채무 0 0
대동전자 008110 단기차입금 0 0
대동전자 008110 유동성장기차입금 0 0
대동전자 008110 유동성사채 0 0
대동전자 008110 기타유동금융부채 0 0
대동전자 008110 기타유동부채 5,734,883,399 5,835,058,924
대동전자 008110 당기법인세부채 0 0
대동전자 008110 유동리스부채 0 0
대동전자 008110 비유동부채 14,259,975,877 13,849,524,794
대동전자 008110 사채 0 0
대동전자 008110 장기차입금 0 0
대동전자 008110 기타비유동금융부채 0 0
대동전자 008110 이연법인세부채 13,791,296,171 13,849,524,794
대동전자 008110 비유동리스부채 0 0
대동전자 008110 부채총계 22,581,950,953 21,310,264,162
대동전자 008110 자본금 5,245,223,500 5,245,223,500
대동전자 008110 자본잉여금 0 0
대동전자 008110 자본조정 0 0
대동전자 008110 기타포괄손익누계액 20,346,143,246 20,360,154,815
대동전자 008110 이익잉여금(결손금) 90,237,215,333 91,770,240,230
대동전자 008110 자본총계 113,055,274,379 114,602,310,845
대동전자 008110 자본과부채총계 135,637,225,332 135,912,575,007
date : 2017-03-31
대동전자 008110 유동자산 42,804,367,195 42,112,535,652
대동전자 008110 현금및현금성자산 11,175,472,113 13,770,802,434
대동전자 008110 매출채권 및 기타유동채권
대동전자 008110 재고자산 602,138,072 768,665,254
대동전자 008110 기타유동금융자산 0 0
대동전자 008110 기타유동자산 12,794,911 80,495,310
대동전자 008110 매각예정비유동자산 0 0
대동전자 008110 비유동자산 93,108,207,812 94,101,142,860
대동전자 008110 장기금융상품 0 0
대동전자 008110 기타포괄손익-공정가치 0 0
대동전자 008110 당기손익인식공정가치측정금융자산 0 0
대동전자 008110 종속회사투자 0 0
대동전자 008110 관계회사투자 0 0
대동전자 008110 렌탈자산 0 0
대동전자 008110 유형자산 37,383,179,915 38,442,670,702
대동전자 008110 무형자산 423,198,668 282,297,314
대동전자 008110 기타비유동금융자산 0 0
대동전자 008110 기타비유동자산 0 0
대동전자 008110 사용권자산 0 0
대동전자 008110 이연법인세자산 0 0
대동전자 008110 자산총계 135,912,575,007 136,213,678,512
대동전자 008110 유동부채 7,460,739,368 11,034,992,372
대동전자 008110 단기매입채무 0 0
대동전자 008110 단기차입금 0 0
대동전자 008110 유동성장기차입금 0 0
대동전자 008110 유동성사채 0 0
대동전자 008110 기타유동금융부채 0 0
대동전자 008110 기타유동부채 5,835,058,924 7,823,155,623
대동전자 008110 당기법인세부채 0 0
대동전자 008110 유동리스부채 0 0
대동전자 008110 비유동부채 13,849,524,794 14,176,287,505
대동전자 008110 사채 0 0
대동전자 008110 장기차입금 0 0
대동전자 008110 기타비유동금융부채 0 0
대동전자 008110 이연법인세부채 13,849,524,794 13,781,814,475
대동전자 008110 비유동리스부채 0 0
대동전자 008110 부채총계 21,310,264,162 25,211,279,877
대동전자 008110 자본금 0 0
대동전자 008110 자본잉여금 0 0
대동전자 008110 자본조정 0 0
대동전자 008110 기타포괄손익누계액 20,360,154,815 20,342,321,909
대동전자 008110 이익잉여금(결손금) 91,770,240,230 88,188,160,926
대동전자 008110 자본총계 114,602,310,845 111,002,398,635
대동전자 008110 자본과부채총계 135,912,575,007 136,213,678,512
date : 2018-06-30
대동전자 008110 유동자산 36,295,172,964 36,262,063,491
대동전자 008110 현금및현금성자산 10,479,361,708 11,091,561,662
대동전자 008110 매출채권 494,822,371 1,279,010,679
대동전자 008110 재고자산 1,205,878,438 656,032,403
대동전자 008110 기타유동금융자산 0 0
대동전자 008110 기타유동자산 8,539,394 11,045,045
대동전자 008110 매각예정비유동자산 0 0
대동전자 008110 비유동자산 98,169,976,520 97,898,982,340
대동전자 008110 장기금융상품 0 0
대동전자 008110 기타포괄손익-공정가치 0 0
대동전자 008110 당기손익인식공정가치측정금융자산 0 0
대동전자 008110 종속회사투자 0 0
대동전자 008110 관계회사투자 0 0
대동전자 008110 렌탈자산 0 0
대동전자 008110 유형자산 36,071,446,720 35,749,453,259
대동전자 008110 무형자산 205,389,790 205,389,790
대동전자 008110 기타비유동금융자산 0 0
대동전자 008110 기타비유동자산 0 0
대동전자 008110 사용권자산 0 0
대동전자 008110 이연법인세자산 0 0
대동전자 008110 자산총계 134,465,149,484 134,161,045,831
대동전자 008110 유동부채 7,885,686,470 8,248,827,921
대동전자 008110 단기매입채무 0 0
대동전자 008110 단기차입금 0 0
대동전자 008110 유동성장기차입금 0 0
대동전자 008110 유동성사채 0 0
대동전자 008110 기타유동금융부채 0 0
대동전자 008110 기타유동부채 5,730,843,050 6,074,500,139
대동전자 008110 당기법인세부채 0 0
대동전자 008110 유동리스부채 0 0
대동전자 008110 비유동부채 12,769,366,305 12,677,446,684
대동전자 008110 사채 0 0
대동전자 008110 장기차입금 0 0
대동전자 008110 기타비유동금융부채 0 0
대동전자 008110 이연법인세부채 12,326,373,473 12,316,402,392
대동전자 008110 비유동리스부채 0 0
대동전자 008110 부채총계 20,655,052,775 20,926,274,605
대동전자 008110 자본금 0 0
대동전자 008110 자본잉여금 0 0
대동전자 008110 자본조정 0 0
대동전자 008110 기타포괄손익누계액 0 0
대동전자 008110 이익잉여금(결손금) 0 0
대동전자 008110 자본총계 113,810,096,709 113,234,771,226
대동전자 008110 자본과부채총계 134,465,149,484 134,161,045,831
date : 2018-09-30
대동전자 008110 유동자산 37,116,079,577 36,262,063,491
대동전자 008110 현금및현금성자산 8,492,652,204 11,091,561,662
대동전자 008110 매출채권 1,130,595,791 1,279,010,679
대동전자 008110 재고자산 3,364,159,368 656,032,403
대동전자 008110 기타유동금융자산 0 0
대동전자 008110 기타유동자산 0 0
대동전자 008110 매각예정비유동자산 0 0
대동전자 008110 비유동자산 0 0
대동전자 008110 장기금융상품 0 0
대동전자 008110 기타포괄손익-공정가치 0 0
대동전자 008110 당기손익인식공정가치측정금융자산 0 0
대동전자 008110 종속회사투자 0 0
대동전자 008110 관계회사투자 0 0
대동전자 008110 렌탈자산 0 0
대동전자 008110 유형자산 35,724,457,993 35,749,453,259
대동전자 008110 무형자산 205,389,790 205,389,790
대동전자 008110 기타비유동금융자산 0 0
대동전자 008110 기타비유동자산 0 0
대동전자 008110 사용권자산 0 0
대동전자 008110 이연법인세자산 0 0
대동전자 008110 자산총계 134,921,640,393 134,161,045,831
대동전자 008110 유동부채 9,138,254,509 8,248,827,921
대동전자 008110 단기매입채무 0 0
대동전자 008110 단기차입금 0 0
대동전자 008110 유동성장기차입금 0 0
대동전자 008110 유동성사채 0 0
대동전자 008110 기타유동금융부채 0 0
대동전자 008110 기타유동부채 0 0
대동전자 008110 당기법인세부채 0 0
대동전자 008110 유동리스부채 0 0
대동전자 008110 비유동부채 12,671,797,604 12,677,446,684
대동전자 008110 사채 0 0
대동전자 008110 장기차입금 0 0
대동전자 008110 기타비유동금융부채 0 0
대동전자 008110 이연법인세부채 12,281,658,484 12,316,402,392
대동전자 008110 비유동리스부채 0 0
대동전자 008110 부채총계 21,810,052,113 20,926,274,605
대동전자 008110 자본금 5,245,223,500 5,245,223,500
대동전자 008110 자본잉여금 3,754,776,500 3,754,776,500
대동전자 008110 자본조정 0 0
대동전자 008110 기타포괄손익누계액 20,345,294,060 20,323,215,224
대동전자 008110 이익잉여금(결손금) 90,294,378,420 90,439,640,202
대동전자 008110 자본총계 113,111,588,280 113,234,771,226
대동전자 008110 자본과부채총계 134,921,640,393 134,161,045,831
date : 2018-12-31
대동전자 008110 유동자산 40,146,865,883 36,262,063,491
대동전자 008110 현금및현금성자산 9,856,055,190 11,091,561,662
대동전자 008110 매출채권 2,733,434,131 1,279,010,679
대동전자 008110 재고자산 776,109,914 656,032,403
대동전자 008110 기타유동금융자산 0 0
대동전자 008110 기타유동자산 0 0
대동전자 008110 매각예정비유동자산 0 0
대동전자 008110 비유동자산 0 0
대동전자 008110 장기금융상품 0 0
대동전자 008110 기타포괄손익-공정가치 0 0
대동전자 008110 당기손익인식공정가치측정금융자산 0 0
대동전자 008110 종속회사투자 0 0
대동전자 008110 관계회사투자 0 0
대동전자 008110 렌탈자산 0 0
대동전자 008110 유형자산 35,792,917,448 35,749,453,259
대동전자 008110 무형자산 205,389,790 205,389,790
대동전자 008110 기타비유동금융자산 0 0
대동전자 008110 기타비유동자산 0 0
대동전자 008110 사용권자산 0 0
대동전자 008110 이연법인세자산 0 0
대동전자 008110 자산총계 137,969,709,475 134,161,045,831
대동전자 008110 유동부채 9,241,815,677 8,248,827,921
대동전자 008110 단기매입채무 0 0
대동전자 008110 단기차입금 0 0
대동전자 008110 유동성장기차입금 0 0
대동전자 008110 유동성사채 0 0
대동전자 008110 기타유동금융부채 0 0
대동전자 008110 기타유동부채 0 0
대동전자 008110 당기법인세부채 463,491,402 0
대동전자 008110 유동리스부채 0 0
대동전자 008110 비유동부채 12,640,642,674 12,677,446,684
대동전자 008110 사채 0 0
대동전자 008110 장기차입금 0 0
대동전자 008110 기타비유동금융부채 0 0
대동전자 008110 이연법인세부채 12,259,370,915 12,316,402,392
대동전자 008110 비유동리스부채 0 0
대동전자 008110 부채총계 21,882,458,351 20,926,274,605
대동전자 008110 자본금 5,245,223,500 5,245,223,500
대동전자 008110 자본잉여금 3,754,776,500 3,754,776,500
대동전자 008110 자본조정 0 0
대동전자 008110 기타포괄손익누계액 20,342,681,180 20,323,215,224
대동전자 008110 이익잉여금(결손금) 93,272,654,144 90,439,640,202
대동전자 008110 자본총계 116,087,251,124 113,234,771,226
대동전자 008110 자본과부채총계 137,969,709,475 134,161,045,831
date : 2018-03-31
대동전자 008110 유동자산 36,262,063,491 42,804,367,195
대동전자 008110 현금및현금성자산 11,091,561,662 11,175,472,113
대동전자 008110 매출채권 1,279,010,679 1,904,633,448
대동전자 008110 재고자산 656,032,403 602,138,072
대동전자 008110 기타유동금융자산 0 0
대동전자 008110 기타유동자산 11,045,045 12,794,911
대동전자 008110 매각예정비유동자산 0 0
대동전자 008110 비유동자산 97,898,982,340 93,108,207,812
대동전자 008110 장기금융상품 0 0
대동전자 008110 기타포괄손익-공정가치 0 0
대동전자 008110 당기손익인식공정가치측정금융자산 0 0
대동전자 008110 종속회사투자 0 0
대동전자 008110 관계회사투자 0 0
대동전자 008110 렌탈자산 0 0
대동전자 008110 유형자산 35,749,453,259 37,383,179,915
대동전자 008110 무형자산 205,389,790 423,198,668
대동전자 008110 기타비유동금융자산 0 0
대동전자 008110 기타비유동자산 0 0
대동전자 008110 사용권자산 0 0
대동전자 008110 이연법인세자산 0 0
대동전자 008110 자산총계 134,161,045,831 135,912,575,007
대동전자 008110 유동부채 8,248,827,921 7,460,739,368
대동전자 008110 단기매입채무 0 0
대동전자 008110 단기차입금 0 0
대동전자 008110 유동성장기차입금 0 0
대동전자 008110 유동성사채 0 0
대동전자 008110 기타유동금융부채 0 0
대동전자 008110 기타유동부채 6,074,500,139 5,704,821,730
대동전자 008110 당기법인세부채 0 130,237,194
대동전자 008110 유동리스부채 0 0
대동전자 008110 비유동부채 12,677,446,684 13,849,524,794
대동전자 008110 사채 0 0
대동전자 008110 장기차입금 0 0
대동전자 008110 기타비유동금융부채 0 0
대동전자 008110 이연법인세부채 12,316,402,392 13,849,524,794
대동전자 008110 비유동리스부채 0 0
대동전자 008110 부채총계 20,926,274,605 21,310,264,162
대동전자 008110 자본금 0 0
대동전자 008110 자본잉여금 0 0
대동전자 008110 자본조정 0 0
대동전자 008110 기타포괄손익누계액 0 0
대동전자 008110 이익잉여금(결손금) 0 0
대동전자 008110 자본총계 113,234,771,226 114,602,310,845
대동전자 008110 자본과부채총계 134,161,045,831 135,912,575,007
