date : 2019-03-31
NI스틸 008260 유동자산 43,773,447,338 38,313,206,886
NI스틸 008260 현금및현금성자산 1,096,990,282 400,358,734
NI스틸 008260 기타유동자산 304,125,469 473,617,917
NI스틸 008260 재고자산 18,764,014,896 15,399,783,363
NI스틸 008260 비유동자산 207,583,499,443 205,595,676,271
NI스틸 008260 유형자산 203,256,133,875 201,115,814,112
NI스틸 008260 무형자산 676,103,102 714,536,796
NI스틸 008260 기타비유동자산 703,850,272 621,436,152
NI스틸 008260 자산총계 251,356,946,781 243,908,883,157
NI스틸 008260 유동부채 111,496,084,061 103,326,832,243
NI스틸 008260 기타유동부채 6,777,424,194 5,239,783,790
NI스틸 008260 비유동부채 33,088,479,853 34,283,154,071
NI스틸 008260 이연법인세부채 55,941,268 257,603,162
NI스틸 008260 부채총계 144,584,563,914 137,609,986,314
NI스틸 008260 자본금 14,300,058,500 14,300,058,500
NI스틸 008260 자본잉여금 8,446,213,834 8,557,441,250
NI스틸 008260 기타포괄손익누계액 6,669,778,258 6,669,778,258
NI스틸 008260 이익잉여금(결손금) 77,356,332,275 76,771,618,835
NI스틸 008260 자본총계 106,772,382,867 106,298,896,843
NI스틸 008260 자본과부채총계 251,356,946,781 243,908,883,157
