date : 2019-03-31
윌비스 008600 유동자산 121,742,177,972 118,608,829,934
윌비스 008600 현금및현금성자산 202,810,862 139,687,197
윌비스 008600 매출채권 58,930,547,228 59,154,136,106
윌비스 008600 재고자산 10,852,818,156 11,012,068,927
윌비스 008600 기타유동자산 28,562,068,504 24,938,490,436
윌비스 008600 비유동자산 174,373,377,152 171,536,898,473
윌비스 008600 장기금융상품 1,124,113,450 1,095,613,450
윌비스 008600 유형자산 24,972,353,674 25,056,023,635
윌비스 008600 무형자산 22,840,899,378 23,140,709,711
윌비스 008600 자산총계 296,115,555,124 290,145,728,407
윌비스 008600 유동부채 103,046,320,175 98,572,657,638
윌비스 008600 단기차입금 73,468,660,392 70,250,394,202
윌비스 008600 기타유동부채 14,265,990,307 8,928,556,209
윌비스 008600 비유동부채 23,298,741,993 22,357,958,017
윌비스 008600 사채 3,745,522,016 3,744,591,103
윌비스 008600 장기차입금 5,689,000,000 5,590,500,000
윌비스 008600 이연법인세부채 1,740,349,138 1,729,924,429
윌비스 008600 부채총계 126,345,062,168 120,930,615,655
윌비스 008600 자본금 62,646,140,000 62,646,140,000
윌비스 008600 기타포괄손익누계액 -88,687,457 -88,687,457
윌비스 008600 이익잉여금(결손금) 40,527,275,661 39,971,895,457
윌비스 008600 자본총계 169,770,492,956 169,215,112,752
윌비스 008600 자본과부채총계 296,115,555,124 290,145,728,407
