date : 2019-03-31
SIMPAC 009160 유동자산 278,377,984,821 273,219,151,117
SIMPAC 009160 현금및현금성자산 85,377,245,926 96,706,340,509
SIMPAC 009160 매출채권 및 기타유동채권
SIMPAC 009160 재고자산 111,677,776,771 103,871,364,692
SIMPAC 009160 기타유동금융자산 14,078,766,444 9,779,324,967
SIMPAC 009160 기타유동자산 13,393,261,444 8,587,030,500
SIMPAC 009160 비유동자산 354,276,919,207 355,115,023,662
SIMPAC 009160 장기금융상품 19,020,826 19,020,826
SIMPAC 009160 기타비유동금융자산 3,493,824,000 3,331,454,000
SIMPAC 009160 기타포괄손익-공정가치 측정 금융자산
SIMPAC 009160 유형자산 155,110,363,429 156,312,738,998
SIMPAC 009160 무형자산 2,663,098,688 2,455,804,734
SIMPAC 009160 기타비유동자산 46,484 10,782,552
SIMPAC 009160 자산총계 632,654,904,028 628,334,174,779
SIMPAC 009160 유동부채 207,284,169,237 207,957,387,689
SIMPAC 009160 단기매입채무 54,207,651,554 50,877,431,981
SIMPAC 009160 단기차입금 95,000,000,000 95,000,000,000
SIMPAC 009160 유동성장기차입금 0 8,250,000,000
SIMPAC 009160 유동리스부채 567,508,230 0
SIMPAC 009160 당기법인세부채 3,371,823,493 1,956,127,756
SIMPAC 009160 기타유동금융부채 563,688,879 563,688,879
SIMPAC 009160 기타유동부채 52,616,689,948 50,255,257,224
SIMPAC 009160 비유동부채 9,743,600,324 9,257,277,538
SIMPAC 009160 비유동리스부채 424,809,179 0
SIMPAC 009160 이연법인세부채 9,211,291,145 9,147,277,538
SIMPAC 009160 부채총계 217,027,769,561 217,214,665,227
SIMPAC 009160 자본금 32,714,758,000 32,714,758,000
SIMPAC 009160 이익잉여금(결손금) 254,637,834,398 250,256,858,083
SIMPAC 009160 자본총계 415,627,134,467 411,119,509,552
SIMPAC 009160 자본과부채총계 632,654,904,028 628,334,174,779
