date : 2015-12-31
대우부품 009320 유동자산 20,154,245,502 14,269,266,126
대우부품 009320 현금및현금성자산 3,486,701,191 2,141,545,227
대우부품 009320 매출채권 및 기타채권
대우부품 009320 재고자산 6,362,468,169 3,896,453,623
대우부품 009320 기타유동금융자산 144,699,655 129,696,965
대우부품 009320 기타유동자산 344,373,927 299,791,817
대우부품 009320 매각예정비유동자산 11,924,512,676 299,791,817
대우부품 009320 비유동자산 41,915,256,531 39,306,556,931
대우부품 009320 장기금융상품 0 0
대우부품 009320 기타포괄손익-공정가치 0 0
대우부품 009320 당기손익인식공정가치측정금융자산 0 0
대우부품 009320 종속회사투자 0 0
대우부품 009320 관계회사투자 0 0
대우부품 009320 렌탈자산 0 0
대우부품 009320 유형자산 36,873,635,619 35,557,323,723
대우부품 009320 무형자산 1,713,258,111 1,846,438,407
대우부품 009320 기타비유동금융자산 125,571,000 200,003,000
대우부품 009320 기타비유동자산 0 0
대우부품 009320 사용권자산 0 0
대우부품 009320 이연법인세자산 0 0
대우부품 009320 자산총계 62,069,502,033 53,575,823,057
대우부품 009320 유동부채 23,770,501,600 22,538,818,229
대우부품 009320 단기매입채무 0 0
대우부품 009320 단기차입금 0 0
대우부품 009320 유동성장기차입금 0 0
대우부품 009320 유동성사채 0 0
대우부품 009320 기타유동금융부채 177,534,638 137,224,626
대우부품 009320 기타유동부채 143,892,400 279,343,496
대우부품 009320 당기법인세부채 0 0
대우부품 009320 유동리스부채 0 0
대우부품 009320 비유동부채 9,390,853,972 7,236,546,003
대우부품 009320 사채 0 0
대우부품 009320 장기차입금 6,450,000,000 4,000,000,000
대우부품 009320 기타비유동금융부채 0 0
대우부품 009320 이연법인세부채 0 0
대우부품 009320 비유동리스부채 0 0
대우부품 009320 부채총계 33,161,355,572 29,775,364,232
대우부품 009320 자본금 21,600,149,000 18,951,143,500
대우부품 009320 자본잉여금 0 0
대우부품 009320 자본조정 0 0
대우부품 009320 기타포괄손익누계액 0 0
대우부품 009320 이익잉여금(결손금) -4,827,828,689 -6,161,916,229
대우부품 009320 자본총계 28,908,146,461 23,800,458,825
대우부품 009320 자본과부채총계 62,069,502,033 53,575,823,057
date : 2016-03-31
대우부품 009320 유동자산 19,878,568,250 20,154,245,502
대우부품 009320 현금및현금성자산 2,343,905,129 3,486,701,191
대우부품 009320 매출채권 및 기타채권
대우부품 009320 재고자산 7,448,657,524 6,362,468,169
대우부품 009320 기타유동금융자산 148,440,051 144,699,655
대우부품 009320 기타유동자산 424,729,697 344,373,927
대우부품 009320 매각예정비유동자산 0 0
대우부품 009320 비유동자산 41,810,653,681 41,915,256,531
대우부품 009320 장기금융상품 0 0
대우부품 009320 기타포괄손익-공정가치 0 0
대우부품 009320 당기손익인식공정가치측정금융자산 0 0
대우부품 009320 종속회사투자 0 0
대우부품 009320 관계회사투자 0 0
대우부품 009320 렌탈자산 0 0
대우부품 009320 유형자산 36,899,099,677 36,873,635,619
대우부품 009320 무형자산 1,568,979,203 1,713,258,111
대우부품 009320 기타비유동금융자산 139,783,000 125,571,000
대우부품 009320 기타비유동자산 0 0
대우부품 009320 사용권자산 0 0
대우부품 009320 이연법인세자산 0 0
대우부품 009320 자산총계 61,689,221,931 62,069,502,033
대우부품 009320 유동부채 23,133,199,430 23,770,501,600
대우부품 009320 단기매입채무 0 0
대우부품 009320 단기차입금 0 0
대우부품 009320 유동성장기차입금 0 0
대우부품 009320 유동성사채 0 0
대우부품 009320 기타유동금융부채 282,139,074 177,534,638
대우부품 009320 기타유동부채 340,659,067 143,892,400
대우부품 009320 당기법인세부채 0 0
대우부품 009320 유동리스부채 0 0
대우부품 009320 비유동부채 9,516,023,966 9,390,853,972
대우부품 009320 사채 0 0
대우부품 009320 장기차입금 6,450,000,000 6,450,000,000
대우부품 009320 기타비유동금융부채 0 0
대우부품 009320 이연법인세부채 0 0
대우부품 009320 비유동리스부채 0 0
대우부품 009320 부채총계 32,649,223,396 33,161,355,572
대우부품 009320 자본금 21,600,149,000 21,600,149,000
대우부품 009320 자본잉여금 0 0
대우부품 009320 자본조정 0 0
대우부품 009320 기타포괄손익누계액 0 0
대우부품 009320 이익잉여금(결손금) -4,695,976,615 -4,827,828,689
대우부품 009320 자본총계 29,039,998,535 28,908,146,461
대우부품 009320 자본과부채총계 61,689,221,931 62,069,502,033
date : 2016-06-30
대우부품 009320 유동자산 19,270,910,188 20,154,245,502
대우부품 009320 현금및현금성자산 3,214,612,734 3,486,701,191
대우부품 009320 매출채권 및 기타채권
대우부품 009320 재고자산 7,434,041,372 6,362,468,169
대우부품 009320 기타유동금융자산 152,180,448 144,699,655
대우부품 009320 기타유동자산 239,216,621 344,373,927
대우부품 009320 매각예정비유동자산 0 0
대우부품 009320 비유동자산 41,520,570,139 41,915,256,531
대우부품 009320 장기금융상품 0 0
대우부품 009320 기타포괄손익-공정가치 0 0
대우부품 009320 당기손익인식공정가치측정금융자산 0 0
대우부품 009320 종속회사투자 0 0
대우부품 009320 관계회사투자 0 0
대우부품 009320 렌탈자산 0 0
대우부품 009320 유형자산 36,733,779,665 36,873,635,619
대우부품 009320 무형자산 1,437,823,673 1,713,258,111
대우부품 009320 기타비유동금융자산 146,175,000 125,571,000
대우부품 009320 기타비유동자산 0 0
대우부품 009320 사용권자산 0 0
대우부품 009320 이연법인세자산 0 0
대우부품 009320 자산총계 60,791,480,327 62,069,502,033
대우부품 009320 유동부채 22,915,178,351 23,770,501,600
대우부품 009320 단기매입채무 0 0
대우부품 009320 단기차입금 0 0
대우부품 009320 유동성장기차입금 0 0
대우부품 009320 유동성사채 0 0
대우부품 009320 기타유동금융부채 200,392,782 177,534,638
대우부품 009320 기타유동부채 302,949,092 143,892,400
대우부품 009320 당기법인세부채 0 0
대우부품 009320 유동리스부채 0 0
대우부품 009320 비유동부채 7,161,089,535 9,390,853,972
대우부품 009320 사채 0 0
대우부품 009320 장기차입금 4,950,000,000 6,450,000,000
대우부품 009320 기타비유동금융부채 0 0
대우부품 009320 이연법인세부채 0 0
대우부품 009320 비유동리스부채 0 0
대우부품 009320 부채총계 30,076,267,886 33,161,355,572
대우부품 009320 자본금 22,461,075,500 21,600,149,000
대우부품 009320 자본잉여금 0 0
대우부품 009320 자본조정 0 0
대우부품 009320 기타포괄손익누계액 0 0
대우부품 009320 이익잉여금(결손금) -4,315,129,284 -4,827,828,689
대우부품 009320 자본총계 30,715,212,441 28,908,146,461
대우부품 009320 자본과부채총계 60,791,480,327 62,069,502,033
date : 2016-09-30
대우부품 009320 유동자산 18,618,617,379 20,154,245,502
대우부품 009320 현금및현금성자산 3,800,334,582 3,486,701,191
대우부품 009320 매출채권 및 기타채권
대우부품 009320 재고자산 6,681,110,114 6,362,468,169
대우부품 009320 기타유동금융자산 155,961,948 144,699,655
대우부품 009320 기타유동자산 446,508,599 344,373,927
대우부품 009320 매각예정비유동자산 0 0
대우부품 009320 비유동자산 41,307,473,174 41,915,256,531
대우부품 009320 장기금융상품 0 0
대우부품 009320 기타포괄손익-공정가치 0 0
대우부품 009320 당기손익인식공정가치측정금융자산 0 0
대우부품 009320 종속회사투자 0 0
대우부품 009320 관계회사투자 0 0
대우부품 009320 렌탈자산 0 0
대우부품 009320 유형자산 36,584,140,296 36,873,635,619
대우부품 009320 무형자산 1,359,546,077 1,713,258,111
대우부품 009320 기타비유동금융자산 160,995,000 125,571,000
대우부품 009320 기타비유동자산 0 0
대우부품 009320 사용권자산 0 0
대우부품 009320 이연법인세자산 0 0
대우부품 009320 자산총계 59,926,090,553 62,069,502,033
대우부품 009320 유동부채 19,918,801,288 23,770,501,600
대우부품 009320 단기매입채무 0 0
대우부품 009320 단기차입금 0 0
대우부품 009320 유동성장기차입금 0 0
대우부품 009320 유동성사채 0 0
대우부품 009320 기타유동금융부채 225,236,116 177,534,638
대우부품 009320 기타유동부채 392,053,481 143,892,400
대우부품 009320 당기법인세부채 0 0
대우부품 009320 유동리스부채 0 0
대우부품 009320 비유동부채 7,297,563,176 9,390,853,972
대우부품 009320 사채 0 0
대우부품 009320 장기차입금 4,950,000,000 6,450,000,000
대우부품 009320 기타비유동금융부채 0 0
대우부품 009320 이연법인세부채 0 0
대우부품 009320 비유동리스부채 0 0
대우부품 009320 부채총계 27,216,364,464 33,161,355,572
대우부품 009320 자본금 23,269,478,000 21,600,149,000
대우부품 009320 자본잉여금 0 0
대우부품 009320 자본조정 0 0
대우부품 009320 기타포괄손익누계액 0 0
대우부품 009320 이익잉여금(결손금) -4,014,185,066 -4,827,828,689
대우부품 009320 자본총계 32,709,726,089 28,908,146,461
대우부품 009320 자본과부채총계 59,926,090,553 62,069,502,033
date : 2016-12-31
대우부품 009320 유동자산 21,455,808,688 20,154,245,502
대우부품 009320 현금및현금성자산 4,843,044,463 3,486,701,191
대우부품 009320 매출채권 및 기타채권
대우부품 009320 재고자산 5,997,012,287 6,362,468,169
대우부품 009320 기타유동금융자산 159,743,448 144,699,655
대우부품 009320 기타유동자산 158,239,544 344,373,927
대우부품 009320 매각예정비유동자산 0 0
대우부품 009320 비유동자산 42,050,462,859 41,915,256,531
대우부품 009320 장기금융상품 0 0
대우부품 009320 기타포괄손익-공정가치 0 0
대우부품 009320 당기손익인식공정가치측정금융자산 0 0
대우부품 009320 종속회사투자 0 0
대우부품 009320 관계회사투자 0 0
대우부품 009320 렌탈자산 0 0
대우부품 009320 유형자산 36,438,627,451 36,873,635,619
대우부품 009320 무형자산 1,261,557,192 1,713,258,111
대우부품 009320 기타비유동금융자산 188,971,000 125,571,000
대우부품 009320 기타비유동자산 0 0
대우부품 009320 사용권자산 0 0
대우부품 009320 이연법인세자산 958,515,415 125,571,000
대우부품 009320 자산총계 63,506,271,547 62,069,502,033
대우부품 009320 유동부채 21,505,987,173 23,770,501,600
대우부품 009320 단기매입채무 0 0
대우부품 009320 단기차입금 0 0
대우부품 009320 유동성장기차입금 0 0
대우부품 009320 유동성사채 0 0
대우부품 009320 기타유동금융부채 365,338,319 177,534,638
대우부품 009320 기타유동부채 361,257,771 143,892,400
대우부품 009320 당기법인세부채 0 0
대우부품 009320 유동리스부채 0 0
대우부품 009320 비유동부채 6,806,561,748 9,390,853,972
대우부품 009320 사채 0 0
대우부품 009320 장기차입금 4,450,000,000 6,450,000,000
대우부품 009320 기타비유동금융부채 0 0
대우부품 009320 이연법인세부채 0 0
대우부품 009320 비유동리스부채 0 0
대우부품 009320 부채총계 28,312,548,921 33,161,355,572
대우부품 009320 자본금 23,823,187,500 21,600,149,000
대우부품 009320 자본잉여금 0 0
대우부품 009320 자본조정 0 0
대우부품 009320 기타포괄손익누계액 0 0
대우부품 009320 이익잉여금(결손금) -2,574,598,615 -4,827,828,689
대우부품 009320 자본총계 35,193,722,626 28,908,146,461
대우부품 009320 자본과부채총계 63,506,271,547 62,069,502,033
date : 2017-03-31
대우부품 009320 유동자산 21,638,053,291 21,455,808,688
대우부품 009320 현금및현금성자산 4,040,416,253 4,843,044,463
대우부품 009320 매출채권 및 기타채권
대우부품 009320 재고자산 6,205,103,277 5,997,012,287
대우부품 009320 기타유동금융자산 163,442,741 159,743,448
대우부품 009320 기타유동자산 306,075,188 158,239,544
대우부품 009320 매각예정비유동자산 0 0
대우부품 009320 비유동자산 41,716,380,535 42,050,462,859
대우부품 009320 장기금융상품 0 0
대우부품 009320 기타포괄손익-공정가치 0 0
대우부품 009320 당기손익인식공정가치측정금융자산 0 0
대우부품 009320 종속회사투자 0 0
대우부품 009320 관계회사투자 0 0
대우부품 009320 렌탈자산 0 0
대우부품 009320 유형자산 35,929,819,344 36,438,627,451
대우부품 009320 무형자산 1,339,606,975 1,261,557,192
대우부품 009320 기타비유동금융자산 285,647,000 188,971,000
대우부품 009320 기타비유동자산 0 0
대우부품 009320 사용권자산 0 0
대우부품 009320 이연법인세자산 958,515,415 958,515,415
대우부품 009320 자산총계 63,354,433,826 63,506,271,547
대우부품 009320 유동부채 20,791,791,260 21,505,987,173
대우부품 009320 단기매입채무 0 0
대우부품 009320 단기차입금 0 0
대우부품 009320 유동성장기차입금 0 0
대우부품 009320 유동성사채 0 0
대우부품 009320 기타유동금융부채 351,126,263 365,338,319
대우부품 009320 기타유동부채 356,462,029 361,257,771
대우부품 009320 당기법인세부채 0 0
대우부품 009320 유동리스부채 0 0
대우부품 009320 비유동부채 6,762,475,672 6,806,561,748
대우부품 009320 사채 0 0
대우부품 009320 장기차입금 4,200,000,000 4,450,000,000
대우부품 009320 기타비유동금융부채 0 0
대우부품 009320 이연법인세부채 0 0
대우부품 009320 비유동리스부채 0 0
대우부품 009320 부채총계 27,554,266,932 28,312,548,921
대우부품 009320 자본금 23,823,187,500 23,823,187,500
대우부품 009320 자본잉여금 0 0
대우부품 009320 자본조정 0 0
대우부품 009320 기타포괄손익누계액 0 0
대우부품 009320 이익잉여금(결손금) -1,968,154,347 -2,574,598,615
대우부품 009320 자본총계 35,800,166,894 35,193,722,626
대우부품 009320 자본과부채총계 63,354,433,826 63,506,271,547
date : 2017-06-30
대우부품 009320 유동자산 22,002,638,713 21,455,808,688
대우부품 009320 현금및현금성자산 5,324,584,735 4,843,044,463
대우부품 009320 매출채권 및 기타채권
대우부품 009320 재고자산 7,029,141,980 5,997,012,287
대우부품 009320 기타유동금융자산 167,183,138 159,743,448
대우부품 009320 기타유동자산 585,211,263 158,239,544
대우부품 009320 매각예정비유동자산 0 0
대우부품 009320 비유동자산 42,029,562,956 42,050,462,859
대우부품 009320 장기금융상품 0 0
대우부품 009320 기타포괄손익-공정가치 0 0
대우부품 009320 당기손익인식공정가치측정금융자산 0 0
대우부품 009320 종속회사투자 0 0
대우부품 009320 관계회사투자 0 0
대우부품 009320 렌탈자산 0 0
대우부품 009320 유형자산 35,948,224,933 36,438,627,451
대우부품 009320 무형자산 1,537,707,807 1,261,557,192
대우부품 009320 기타비유동금융자산 382,323,000 188,971,000
대우부품 009320 기타비유동자산 0 0
대우부품 009320 사용권자산 0 0
대우부품 009320 이연법인세자산 958,515,415 958,515,415
대우부품 009320 자산총계 64,032,201,669 63,506,271,547
대우부품 009320 유동부채 20,824,014,232 21,505,987,173
대우부품 009320 단기매입채무 0 0
대우부품 009320 단기차입금 0 0
대우부품 009320 유동성장기차입금 0 0
대우부품 009320 유동성사채 0 0
대우부품 009320 기타유동금융부채 507,126,090 365,338,319
대우부품 009320 기타유동부채 307,138,649 361,257,771
대우부품 009320 당기법인세부채 0 0
대우부품 009320 유동리스부채 0 0
대우부품 009320 비유동부채 6,657,427,458 6,806,561,748
대우부품 009320 사채 0 0
대우부품 009320 장기차입금 3,950,000,000 4,450,000,000
대우부품 009320 기타비유동금융부채 0 0
대우부품 009320 이연법인세부채 0 0
대우부품 009320 비유동리스부채 0 0
대우부품 009320 부채총계 27,481,441,690 28,312,548,921
대우부품 009320 자본금 23,823,187,500 23,823,187,500
대우부품 009320 자본잉여금 0 0
대우부품 009320 자본조정 0 0
대우부품 009320 기타포괄손익누계액 0 0
대우부품 009320 이익잉여금(결손금) -1,217,561,262 -2,574,598,615
대우부품 009320 자본총계 36,550,759,979 35,193,722,626
대우부품 009320 자본과부채총계 64,032,201,669 63,506,271,547
date : 2017-09-30
대우부품 009320 유동자산 18,700,699,074 21,455,808,688
대우부품 009320 현금및현금성자산 2,792,393,147 4,843,044,463
대우부품 009320 매출채권 및 기타유동채권
대우부품 009320 재고자산 6,323,909,456 5,997,012,287
대우부품 009320 기타유동금융자산 167,532,271 159,743,448
대우부품 009320 기타유동자산 390,525,158 158,239,544
대우부품 009320 매각예정비유동자산 0 0
대우부품 009320 비유동자산 42,827,109,572 42,050,462,859
대우부품 009320 장기금융상품 0 0
대우부품 009320 기타포괄손익-공정가치 0 0
대우부품 009320 당기손익인식공정가치측정금융자산 0 0
대우부품 009320 종속회사투자 0 0
대우부품 009320 관계회사투자 0 0
대우부품 009320 렌탈자산 0 0
대우부품 009320 유형자산 36,552,799,481 36,438,627,451
대우부품 009320 무형자산 1,639,003,875 1,261,557,192
대우부품 009320 기타비유동금융자산 473,999,000 188,971,000
대우부품 009320 기타비유동자산 0 0
대우부품 009320 사용권자산 0 0
대우부품 009320 이연법인세자산 958,515,415 958,515,415
대우부품 009320 자산총계 61,527,808,646 63,506,271,547
대우부품 009320 유동부채 18,510,103,014 21,505,987,173
대우부품 009320 단기매입채무 0 0
대우부품 009320 단기차입금 0 0
대우부품 009320 유동성장기차입금 10,141,796,863 13,139,871,213
대우부품 009320 유동성사채 0 0
대우부품 009320 기타유동금융부채 650,196,526 365,338,319
대우부품 009320 기타유동부채 365,232,096 361,257,771
대우부품 009320 당기법인세부채 0 0
대우부품 009320 유동리스부채 0 0
대우부품 009320 비유동부채 6,028,312,043 6,806,561,748
대우부품 009320 사채 0 0
대우부품 009320 장기차입금 3,593,750,000 4,450,000,000
대우부품 009320 기타비유동금융부채 0 0
대우부품 009320 이연법인세부채 0 0
대우부품 009320 비유동리스부채 0 0
대우부품 009320 부채총계 24,538,415,057 28,312,548,921
대우부품 009320 자본금 23,823,187,500 23,823,187,500
대우부품 009320 자본잉여금 0 0
대우부품 009320 자본조정 0 0
대우부품 009320 기타포괄손익누계액 0 0
대우부품 009320 이익잉여금(결손금) -778,927,652 -2,574,598,615
대우부품 009320 자본총계 36,989,393,589 35,193,722,626
대우부품 009320 자본과부채총계 61,527,808,646 63,506,271,547
date : 2017-12-31
대우부품 009320 유동자산 20,991,138,461 21,455,808,688
대우부품 009320 현금및현금성자산 2,581,513,966 4,843,044,463
대우부품 009320 매출채권 및 기타유동채권
대우부품 009320 재고자산 6,119,608,349 5,997,012,287
대우부품 009320 기타유동금융자산 167,862,544 159,743,448
대우부품 009320 기타유동자산 305,592,188 158,239,544
대우부품 009320 매각예정비유동자산 0 0
대우부품 009320 비유동자산 44,643,593,153 42,050,462,859
대우부품 009320 장기금융상품 0 0
대우부품 009320 기타포괄손익-공정가치 0 0
대우부품 009320 당기손익인식공정가치측정금융자산 0 0
대우부품 009320 종속회사투자 0 0
대우부품 009320 관계회사투자 0 0
대우부품 009320 렌탈자산 0 0
대우부품 009320 유형자산 37,591,335,229 36,438,627,451
대우부품 009320 무형자산 1,686,050,413 1,261,557,192
대우부품 009320 기타비유동금융자산 500,880,639 188,971,000
대우부품 009320 기타비유동자산 0 0
대우부품 009320 사용권자산 0 0
대우부품 009320 이연법인세자산 1,662,535,071 958,515,415
대우부품 009320 자산총계 65,634,731,614 63,506,271,547
대우부품 009320 유동부채 22,507,718,493 21,505,987,173
대우부품 009320 단기매입채무 0 0
대우부품 009320 단기차입금 0 0
대우부품 009320 유동성장기차입금 0 0
대우부품 009320 유동성사채 0 0
대우부품 009320 기타유동금융부채 473,627,369 365,338,319
대우부품 009320 기타유동부채 367,039,072 361,257,771
대우부품 009320 당기법인세부채 0 0
대우부품 009320 유동리스부채 0 0
대우부품 009320 비유동부채 4,930,724,764 6,806,561,748
대우부품 009320 사채 0 0
대우부품 009320 장기차입금 3,237,500,000 4,450,000,000
대우부품 009320 기타비유동금융부채 0 0
대우부품 009320 이연법인세부채 0 0
대우부품 009320 비유동리스부채 0 0
대우부품 009320 부채총계 27,438,443,257 28,312,548,921
대우부품 009320 자본금 23,823,187,500 23,823,187,500
대우부품 009320 자본잉여금 0 0
대우부품 009320 자본조정 0 0
대우부품 009320 기타포괄손익누계액 0 0
대우부품 009320 이익잉여금(결손금) 2,213,429,968 -2,574,598,615
대우부품 009320 자본총계 38,196,288,357 35,193,722,626
대우부품 009320 자본과부채총계 65,634,731,614 63,506,271,547
date : 2018-03-31
대우부품 009320 유동자산 21,620,418,252 20,991,138,461
대우부품 009320 현금및현금성자산 1,031,272,377 2,581,513,966
대우부품 009320 매출채권 및 기타유동채권
대우부품 009320 재고자산 7,001,922,347 6,119,608,349
대우부품 009320 기타유동금융자산 6,403,679 167,862,544
대우부품 009320 기타유동자산 412,442,549 305,592,188
대우부품 009320 매각예정비유동자산 0 0
대우부품 009320 비유동자산 45,002,973,939 44,643,593,153
대우부품 009320 장기금융상품 0 0
대우부품 009320 기타포괄손익-공정가치 0 0
대우부품 009320 당기손익인식공정가치측정금융자산 0 0
대우부품 009320 종속회사투자 0 0
대우부품 009320 관계회사투자 0 0
대우부품 009320 렌탈자산 0 0
대우부품 009320 유형자산 37,340,106,224 37,591,335,229
대우부품 009320 무형자산 1,959,536,720 1,686,050,413
대우부품 009320 기타비유동금융자산 527,556,639 500,880,639
대우부품 009320 기타비유동자산 0 0
대우부품 009320 사용권자산 0 0
대우부품 009320 이연법인세자산 1,662,535,071 1,662,535,071
대우부품 009320 자산총계 66,623,392,191 65,634,731,614
대우부품 009320 유동부채 23,015,654,440 22,507,718,493
대우부품 009320 단기매입채무 0 0
대우부품 009320 단기차입금 0 0
대우부품 009320 유동성장기차입금 12,749,887,202 12,087,861,281
대우부품 009320 유동성사채 0 0
대우부품 009320 기타유동금융부채 386,223,099 473,627,369
대우부품 009320 기타유동부채 307,828,115 367,039,072
대우부품 009320 당기법인세부채 0 0
대우부품 009320 유동리스부채 0 0
대우부품 009320 비유동부채 5,159,746,717 4,930,724,764
대우부품 009320 사채 0 0
대우부품 009320 장기차입금 3,237,500,000 3,237,500,000
대우부품 009320 기타비유동금융부채 0 0
대우부품 009320 이연법인세부채 0 0
대우부품 009320 비유동리스부채 0 0
대우부품 009320 부채총계 28,175,401,157 27,438,443,257
대우부품 009320 자본금 23,823,187,500 23,823,187,500
대우부품 009320 자본잉여금 0 0
대우부품 009320 자본조정 0 0
대우부품 009320 기타포괄손익누계액 0 0
대우부품 009320 이익잉여금(결손금) 6,330,277,839 6,330,277,839
대우부품 009320 자본총계 38,447,991,034 38,196,288,357
대우부품 009320 자본과부채총계 66,623,392,191 65,634,731,614
date : 2018-06-30
대우부품 009320 유동자산 24,290,741,151 20,991,138,461
대우부품 009320 현금및현금성자산 1,790,659,019 2,581,513,966
대우부품 009320 매출채권 및 기타채권
대우부품 009320 재고자산 6,883,581,472 6,119,608,349
대우부품 009320 기타유동금융자산 509,589 167,862,544
대우부품 009320 기타유동자산 372,231,773 305,592,188
대우부품 009320 매각예정비유동자산 0 0
대우부품 009320 비유동자산 45,319,801,483 44,643,593,153
대우부품 009320 장기금융상품 0 0
대우부품 009320 기타포괄손익-공정가치 측정 금융자산
대우부품 009320 당기손익인식공정가치측정금융자산 0 0
대우부품 009320 종속회사투자 0 0
대우부품 009320 관계회사투자 0 0
대우부품 009320 렌탈자산 0 0
대우부품 009320 유형자산 37,485,504,999 37,591,335,229
대우부품 009320 무형자산 2,101,081,845 1,686,050,413
대우부품 009320 기타비유동금융자산 617,041,639 500,880,639
대우부품 009320 기타비유동자산 0 0
대우부품 009320 사용권자산 0 0
대우부품 009320 이연법인세자산 1,602,933,715 1,662,535,071
대우부품 009320 자산총계 69,610,542,634 65,634,731,614
대우부품 009320 유동부채 24,711,151,549 22,507,718,493
대우부품 009320 단기매입채무 0 0
대우부품 009320 단기차입금 0 0
대우부품 009320 유동성장기차입금 0 0
대우부품 009320 유동성사채 0 0
대우부품 009320 기타유동금융부채 382,203,920 473,627,369
대우부품 009320 기타유동부채 323,563,407 367,039,072
대우부품 009320 당기법인세부채 0 0
대우부품 009320 유동리스부채 0 0
대우부품 009320 비유동부채 5,449,578,026 4,930,724,764
대우부품 009320 사채 0 0
대우부품 009320 장기차입금 3,524,000,000 3,237,500,000
대우부품 009320 기타비유동금융부채 0 0
대우부품 009320 이연법인세부채 0 0
대우부품 009320 비유동리스부채 0 0
대우부품 009320 부채총계 30,160,729,575 27,438,443,257
대우부품 009320 자본금 23,823,187,500 23,823,187,500
대우부품 009320 자본잉여금 0 0
대우부품 009320 자본조정 0 0
대우부품 009320 기타포괄손익누계액 0 0
대우부품 009320 이익잉여금(결손금) 3,472,276,516 2,213,429,968
대우부품 009320 자본총계 39,449,813,059 38,196,288,357
대우부품 009320 자본과부채총계 69,610,542,634 65,634,731,614
date : 2018-09-30
대우부품 009320 유동자산 30,120,202,304 20,991,138,461
대우부품 009320 현금및현금성자산 2,167,961,834 2,581,513,966
대우부품 009320 매출채권 및 기타채권
대우부품 009320 재고자산 8,796,995,059 6,119,608,349
대우부품 009320 기타유동금융자산 2,021,917 167,862,544
대우부품 009320 기타유동자산 347,787,243 305,592,188
대우부품 009320 매각예정비유동자산 0 0
대우부품 009320 비유동자산 43,828,334,288 44,643,593,153
대우부품 009320 장기금융상품 0 0
대우부품 009320 기타포괄손익-공정가치 측정 금융자산
대우부품 009320 당기손익인식공정가치측정금융자산 0 0
대우부품 009320 종속회사투자 0 0
대우부품 009320 관계회사투자 0 0
대우부품 009320 렌탈자산 0 0
대우부품 009320 유형자산 37,158,006,097 37,591,335,229
대우부품 009320 무형자산 1,992,186,020 1,686,050,413
대우부품 009320 기타비유동금융자산 643,717,639 500,880,639
대우부품 009320 기타비유동자산 0 0
대우부품 009320 사용권자산 0 0
대우부품 009320 이연법인세자산 1,602,933,715 1,662,535,071
대우부품 009320 자산총계 73,948,536,592 65,634,731,614
대우부품 009320 유동부채 28,987,696,836 22,507,718,493
대우부품 009320 단기매입채무 0 0
대우부품 009320 단기차입금 0 0
대우부품 009320 유동성장기차입금 0 0
대우부품 009320 유동성사채 0 0
대우부품 009320 기타유동금융부채 347,863,125 473,627,369
대우부품 009320 기타유동부채 236,596,394 367,039,072
대우부품 009320 당기법인세부채 0 0
대우부품 009320 유동리스부채 0 0
대우부품 009320 비유동부채 5,376,249,576 4,930,724,764
대우부품 009320 사채 0 0
대우부품 009320 장기차입금 3,167,750,000 3,237,500,000
대우부품 009320 기타비유동금융부채 0 0
대우부품 009320 이연법인세부채 0 0
대우부품 009320 비유동리스부채 0 0
대우부품 009320 부채총계 34,363,946,412 27,438,443,257
대우부품 009320 자본금 23,823,187,500 23,823,187,500
대우부품 009320 자본잉여금 0 0
대우부품 009320 자본조정 0 0
대우부품 009320 기타포괄손익누계액 0 0
대우부품 009320 이익잉여금(결손금) 3,624,090,227 2,213,429,968
대우부품 009320 자본총계 39,584,590,180 38,196,288,357
대우부품 009320 자본과부채총계 73,948,536,592 65,634,731,614
date : 2018-12-31
대우부품 009320 유동자산 27,319,126,873 20,991,138,461
대우부품 009320 현금및현금성자산 1,622,851,008 2,581,513,966
대우부품 009320 매출채권 및 기타채권
대우부품 009320 재고자산 7,474,213,118 6,119,608,349
대우부품 009320 기타유동금융자산 4,684,245 167,862,544
대우부품 009320 기타유동자산 290,995,241 305,592,188
대우부품 009320 매각예정비유동자산 0 0
대우부품 009320 비유동자산 43,501,547,000 44,643,593,153
대우부품 009320 장기금융상품 0 0
대우부품 009320 기타포괄손익-공정가치 측정 금융자산
대우부품 009320 당기손익인식공정가치측정금융자산 0 0
대우부품 009320 종속회사투자 0 0
대우부품 009320 관계회사투자 0 0
대우부품 009320 렌탈자산 0 0
대우부품 009320 유형자산 37,017,893,614 37,591,335,229
대우부품 009320 무형자산 1,742,902,311 1,686,050,413
대우부품 009320 기타비유동금융자산 483,661,639 500,880,639
대우부품 009320 기타비유동자산 0 0
대우부품 009320 사용권자산 0 0
대우부품 009320 이연법인세자산 1,915,023,945 1,662,535,071
대우부품 009320 자산총계 70,820,673,873 65,634,731,614
대우부품 009320 유동부채 26,417,014,756 22,507,718,493
대우부품 009320 단기매입채무 0 0
대우부품 009320 단기차입금 0 0
대우부품 009320 유동성장기차입금 0 0
대우부품 009320 유동성사채 0 0
대우부품 009320 기타유동금융부채 337,808,265 473,627,369
대우부품 009320 기타유동부채 622,195,840 367,039,072
대우부품 009320 당기법인세부채 0 0
대우부품 009320 유동리스부채 0 0
대우부품 009320 비유동부채 5,103,248,965 4,930,724,764
대우부품 009320 사채 0 0
대우부품 009320 장기차입금 3,011,500,000 3,237,500,000
대우부품 009320 기타비유동금융부채 0 0
대우부품 009320 이연법인세부채 0 0
대우부품 009320 비유동리스부채 0 0
대우부품 009320 부채총계 31,520,263,721 27,438,443,257
대우부품 009320 자본금 23,823,187,500 23,823,187,500
대우부품 009320 자본잉여금 0 0
대우부품 009320 자본조정 0 0
대우부품 009320 기타포괄손익누계액 0 0
대우부품 009320 이익잉여금(결손금) 3,619,503,401 2,213,429,968
대우부품 009320 자본총계 39,300,410,152 38,196,288,357
대우부품 009320 자본과부채총계 70,820,673,873 65,634,731,614
date : 2019-03-31
대우부품 009320 유동자산 27,701,397,817 27,319,126,873
대우부품 009320 현금및현금성자산 551,972,790 1,622,851,008
대우부품 009320 매출채권 및 기타채권
대우부품 009320 재고자산 8,472,294,882 7,474,213,118
대우부품 009320 기타유동금융자산 2,481,519 4,684,245
대우부품 009320 기타유동자산 592,964,327 290,995,241
대우부품 009320 매각예정비유동자산 0 0
대우부품 009320 비유동자산 44,430,328,328 43,501,547,000
대우부품 009320 장기금융상품 0 0
대우부품 009320 기타포괄손익-공정가치 측정 금융자산
대우부품 009320 당기손익인식공정가치측정금융자산 0 0
대우부품 009320 종속회사투자 0 0
대우부품 009320 관계회사투자 0 0
대우부품 009320 렌탈자산 0 0
대우부품 009320 유형자산 37,897,828,532 37,017,893,614
대우부품 009320 무형자산 1,711,013,993 1,742,902,311
대우부품 009320 기타비유동금융자산 501,445,639 483,661,639
대우부품 009320 기타비유동자산 0 0
대우부품 009320 사용권자산 0 0
대우부품 009320 이연법인세자산 1,915,023,945 1,915,023,945
대우부품 009320 자산총계 72,131,726,145 70,820,673,873
대우부품 009320 유동부채 27,299,961,873 26,417,014,756
대우부품 009320 단기매입채무 0 0
대우부품 009320 단기차입금 0 0
대우부품 009320 유동성장기차입금 0 0
대우부품 009320 유동성사채 0 0
대우부품 009320 기타유동금융부채 317,551,566 337,808,265
대우부품 009320 기타유동부채 415,075,463 622,195,840
대우부품 009320 당기법인세부채 0 0
대우부품 009320 유동리스부채 0 0
대우부품 009320 비유동부채 5,065,797,435 5,103,248,965
대우부품 009320 사채 0 0
대우부품 009320 장기차입금 2,761,500,000 3,011,500,000
대우부품 009320 기타비유동금융부채 0 0
대우부품 009320 이연법인세부채 0 0
대우부품 009320 비유동리스부채 0 0
대우부품 009320 부채총계 32,365,759,308 31,520,263,721
대우부품 009320 자본금 23,823,187,500 23,823,187,500
대우부품 009320 자본잉여금 0 0
대우부품 009320 자본조정 0 0
대우부품 009320 기타포괄손익누계액 0 0
대우부품 009320 이익잉여금(결손금) 3,983,132,547 3,619,503,401
대우부품 009320 자본총계 39,765,966,837 39,300,410,152
대우부품 009320 자본과부채총계 72,131,726,145 70,820,673,873
