date : 2019-03-31
한창제지 009460 유동자산 74,896,114,330 75,128,559,510
한창제지 009460 현금및현금성자산 6,941,064,706 16,038,851,883
한창제지 009460 매출채권 34,892,393,848 25,561,214,028
한창제지 009460 재고자산 27,754,987,597 30,570,607,938
한창제지 009460 기타유동자산 3,763,971,059 1,851,964,787
한창제지 009460 비유동자산 81,147,748,667 79,555,196,311
한창제지 009460 유형자산 79,389,097,413 77,795,161,749
한창제지 009460 무형자산 932,235,312 932,575,482
한창제지 009460 기타비유동자산 4,405,808 3,805,016
한창제지 009460 이연법인세자산 417,414,332 417,414,332
한창제지 009460 자산총계 156,043,862,997 154,683,755,821
한창제지 009460 유동부채 45,234,786,466 46,792,792,914
한창제지 009460 단기차입금 22,566,109,151 23,855,916,609
한창제지 009460 기타유동부채 464,746,060 277,777,187
한창제지 009460 당기법인세부채 1,318,454,297 808,923,501
한창제지 009460 비유동부채 32,929,141,280 30,837,758,060
한창제지 009460 장기차입금 19,000,000,000 19,000,000,000
한창제지 009460 부채총계 78,163,927,746 77,630,550,974
한창제지 009460 자본금 29,833,743,000 29,833,743,000
한창제지 009460 자본잉여금 6,071,715,308 6,071,715,308
한창제지 009460 이익잉여금(결손금) 43,075,482,178 42,253,107,844
한창제지 009460 자본총계 77,879,935,251 77,053,204,847
한창제지 009460 자본과부채총계 156,043,862,997 154,683,755,821
