date : 2015-12-31
모토닉 009680 유동자산 314,930,555,963 339,568,125,806
모토닉 009680 현금및현금성자산 35,554,576,667 72,726,127,720
모토닉 009680 매출채권 18,160,257,183 40,935,938,982
모토닉 009680 재고자산 15,941,617,854 13,969,048,043
모토닉 009680 기타유동금융자산 0 0
모토닉 009680 기타유동자산 0 0
모토닉 009680 매각예정비유동자산 0 0
모토닉 009680 비유동자산 109,221,780,041 81,645,014,351
모토닉 009680 장기금융상품 0 0
모토닉 009680 기타포괄손익-공정가치 0 0
모토닉 009680 당기손익인식공정가치측정금융자산 0 0
모토닉 009680 종속회사투자 0 0
모토닉 009680 관계회사투자 0 0
모토닉 009680 렌탈자산 0 0
모토닉 009680 유형자산 86,975,247,157 62,726,074,117
모토닉 009680 무형자산 352,865,599 426,400,875
모토닉 009680 기타비유동금융자산 0 0
모토닉 009680 기타비유동자산 0 0
모토닉 009680 사용권자산 0 0
모토닉 009680 이연법인세자산 2,374,137,792 2,244,369,592
모토닉 009680 자산총계 424,152,336,004 421,213,140,157
모토닉 009680 유동부채 22,581,159,721 23,795,641,236
모토닉 009680 단기매입채무 0 0
모토닉 009680 단기차입금 0 0
모토닉 009680 유동성장기차입금 0 0
모토닉 009680 유동성사채 0 0
모토닉 009680 기타유동금융부채 0 0
모토닉 009680 기타유동부채 0 0
모토닉 009680 당기법인세부채 828,032,109 1,071,694,126
모토닉 009680 유동리스부채 0 0
모토닉 009680 비유동부채 17,124,227,118 19,615,896,273
모토닉 009680 사채 0 0
모토닉 009680 장기차입금 0 0
모토닉 009680 기타비유동금융부채 0 0
모토닉 009680 이연법인세부채 0 0
모토닉 009680 비유동리스부채 0 0
모토닉 009680 부채총계 39,705,386,839 43,411,537,509
모토닉 009680 자본금 16,500,000,000 16,500,000,000
모토닉 009680 자본잉여금 50,670,754,965 50,670,754,965
모토닉 009680 자본조정 11,549,310,304 11,549,310,304
모토닉 009680 기타포괄손익누계액 232,621,088 354,534,382
모토닉 009680 이익잉여금(결손금) 0 0
모토닉 009680 자본총계 384,446,949,165 377,801,602,648
모토닉 009680 자본과부채총계 424,152,336,004 421,213,140,157
date : 2016-03-31
모토닉 009680 유동자산 320,502,444,180 314,930,555,963
모토닉 009680 현금및현금성자산 44,175,835,860 35,554,576,667
모토닉 009680 매출채권 21,319,611,226 18,160,257,183
모토닉 009680 재고자산 15,703,040,624 15,941,617,854
모토닉 009680 기타유동금융자산 0 0
모토닉 009680 기타유동자산 0 0
모토닉 009680 매각예정비유동자산 0 0
모토닉 009680 비유동자산 117,479,085,302 109,221,780,041
모토닉 009680 장기금융상품 0 0
모토닉 009680 기타포괄손익-공정가치 0 0
모토닉 009680 당기손익인식공정가치측정금융자산 0 0
모토닉 009680 종속회사투자 0 0
모토닉 009680 관계회사투자 0 0
모토닉 009680 렌탈자산 0 0
모토닉 009680 유형자산 94,052,994,179 86,975,247,157
모토닉 009680 무형자산 349,983,016 352,865,599
모토닉 009680 기타비유동금융자산 0 0
모토닉 009680 기타비유동자산 0 0
모토닉 009680 사용권자산 0 0
모토닉 009680 이연법인세자산 3,506,313,100 2,374,137,792
모토닉 009680 자산총계 437,981,529,482 424,152,336,004
모토닉 009680 유동부채 30,656,827,219 22,581,159,721
모토닉 009680 단기매입채무 0 0
모토닉 009680 단기차입금 0 0
모토닉 009680 유동성장기차입금 0 0
모토닉 009680 유동성사채 0 0
모토닉 009680 기타유동금융부채 0 0
모토닉 009680 기타유동부채 0 0
모토닉 009680 당기법인세부채 5,121,397,587 828,032,109
모토닉 009680 유동리스부채 0 0
모토닉 009680 비유동부채 16,781,373,946 17,124,227,118
모토닉 009680 사채 0 0
모토닉 009680 장기차입금 0 0
모토닉 009680 기타비유동금융부채 0 0
모토닉 009680 이연법인세부채 0 0
모토닉 009680 비유동리스부채 0 0
모토닉 009680 부채총계 47,438,201,165 39,705,386,839
모토닉 009680 자본금 16,500,000,000 16,500,000,000
모토닉 009680 자본잉여금 50,670,754,965 50,670,754,965
모토닉 009680 자본조정 11,549,310,304 11,549,310,304
모토닉 009680 기타포괄손익누계액 272,084,782 232,621,088
모토닉 009680 이익잉여금(결손금) 0 0
모토닉 009680 자본총계 390,543,328,317 384,446,949,165
모토닉 009680 자본과부채총계 437,981,529,482 424,152,336,004
date : 2016-06-30
모토닉 009680 유동자산 314,669,506,350 314,930,555,963
모토닉 009680 현금및현금성자산 40,907,214,071 35,554,576,667
모토닉 009680 매출채권 19,934,610,275 18,160,257,183
모토닉 009680 재고자산 13,944,279,014 15,941,617,854
모토닉 009680 기타유동금융자산 0 0
모토닉 009680 기타유동자산 0 0
모토닉 009680 매각예정비유동자산 6,911,847,200 15,941,617,854
모토닉 009680 비유동자산 116,522,304,554 109,221,780,041
모토닉 009680 장기금융상품 0 0
모토닉 009680 기타포괄손익-공정가치 0 0
모토닉 009680 당기손익인식공정가치측정금융자산 0 0
모토닉 009680 종속회사투자 0 0
모토닉 009680 관계회사투자 0 0
모토닉 009680 렌탈자산 0 0
모토닉 009680 유형자산 93,402,758,636 86,975,247,157
모토닉 009680 무형자산 555,449,941 352,865,599
모토닉 009680 기타비유동금융자산 0 0
모토닉 009680 기타비유동자산 0 0
모토닉 009680 사용권자산 0 0
모토닉 009680 이연법인세자산 2,874,922,417 2,374,137,792
모토닉 009680 자산총계 431,191,810,904 424,152,336,004
모토닉 009680 유동부채 22,581,808,779 22,581,159,721
모토닉 009680 단기매입채무 0 0
모토닉 009680 단기차입금 0 0
모토닉 009680 유동성장기차입금 0 0
모토닉 009680 유동성사채 0 0
모토닉 009680 기타유동금융부채 0 0
모토닉 009680 기타유동부채 0 0
모토닉 009680 당기법인세부채 4,207,360,421 828,032,109
모토닉 009680 유동리스부채 0 0
모토닉 009680 비유동부채 16,255,936,102 17,124,227,118
모토닉 009680 사채 0 0
모토닉 009680 장기차입금 0 0
모토닉 009680 기타비유동금융부채 0 0
모토닉 009680 이연법인세부채 0 0
모토닉 009680 비유동리스부채 0 0
모토닉 009680 부채총계 38,837,744,881 39,705,386,839
모토닉 009680 자본금 16,500,000,000 16,500,000,000
모토닉 009680 자본잉여금 50,670,754,965 50,670,754,965
모토닉 009680 자본조정 11,549,310,304 11,549,310,304
모토닉 009680 기타포괄손익누계액 355,644,413 232,621,088
모토닉 009680 이익잉여금(결손금) 0 0
모토닉 009680 자본총계 392,354,066,023 384,446,949,165
모토닉 009680 자본과부채총계 431,191,810,904 424,152,336,004
date : 2016-09-30
모토닉 009680 유동자산 312,460,918,265 314,930,555,963
모토닉 009680 현금및현금성자산 27,830,789,892 35,554,576,667
모토닉 009680 매출채권 17,289,213,737 18,160,257,183
모토닉 009680 재고자산 15,658,765,525 15,941,617,854
모토닉 009680 기타유동금융자산 0 0
모토닉 009680 기타유동자산 0 0
모토닉 009680 매각예정비유동자산 6,911,847,200 15,941,617,854
모토닉 009680 비유동자산 115,337,778,622 109,221,780,041
모토닉 009680 장기금융상품 0 0
모토닉 009680 기타포괄손익-공정가치 0 0
모토닉 009680 당기손익인식공정가치측정금융자산 0 0
모토닉 009680 종속회사투자 0 0
모토닉 009680 관계회사투자 0 0
모토닉 009680 렌탈자산 0 0
모토닉 009680 유형자산 92,170,724,081 86,975,247,157
모토닉 009680 무형자산 552,730,556 352,865,599
모토닉 009680 기타비유동금융자산 0 0
모토닉 009680 기타비유동자산 0 0
모토닉 009680 사용권자산 0 0
모토닉 009680 이연법인세자산 3,385,088,242 2,374,137,792
모토닉 009680 자산총계 427,798,696,887 424,152,336,004
모토닉 009680 유동부채 19,666,694,475 22,581,159,721
모토닉 009680 단기매입채무 0 0
모토닉 009680 단기차입금 0 0
모토닉 009680 유동성장기차입금 0 0
모토닉 009680 유동성사채 0 0
모토닉 009680 기타유동금융부채 0 0
모토닉 009680 기타유동부채 0 0
모토닉 009680 당기법인세부채 3,788,968,487 828,032,109
모토닉 009680 유동리스부채 0 0
모토닉 009680 비유동부채 16,074,415,796 17,124,227,118
모토닉 009680 사채 0 0
모토닉 009680 장기차입금 0 0
모토닉 009680 기타비유동금융부채 0 0
모토닉 009680 이연법인세부채 0 0
모토닉 009680 비유동리스부채 0 0
모토닉 009680 부채총계 35,741,110,271 39,705,386,839
모토닉 009680 자본금 16,500,000,000 16,500,000,000
모토닉 009680 자본잉여금 50,670,754,965 50,670,754,965
모토닉 009680 자본조정 -13,087,524,814 -11,549,310,304
모토닉 009680 기타포괄손익누계액 280,273,063 232,621,088
모토닉 009680 이익잉여금(결손금) 0 0
모토닉 009680 자본총계 392,057,586,616 384,446,949,165
모토닉 009680 자본과부채총계 427,798,696,887 424,152,336,004
date : 2016-12-31
모토닉 009680 유동자산 315,540,355,639 314,930,555,963
모토닉 009680 현금및현금성자산 32,952,186,518 35,554,576,667
모토닉 009680 매출채권 17,363,403,691 18,160,257,183
모토닉 009680 재고자산 13,982,178,861 15,941,617,854
모토닉 009680 기타유동금융자산 0 0
모토닉 009680 기타유동자산 0 0
모토닉 009680 매각예정비유동자산 6,911,847,200 15,941,617,854
모토닉 009680 비유동자산 113,754,708,734 109,221,780,041
모토닉 009680 장기금융상품 0 0
모토닉 009680 기타포괄손익-공정가치 0 0
모토닉 009680 당기손익인식공정가치측정금융자산 0 0
모토닉 009680 종속회사투자 0 0
모토닉 009680 관계회사투자 0 0
모토닉 009680 렌탈자산 0 0
모토닉 009680 유형자산 90,592,509,758 86,975,247,157
모토닉 009680 무형자산 516,551,439 352,865,599
모토닉 009680 기타비유동금융자산 0 0
모토닉 009680 기타비유동자산 0 0
모토닉 009680 사용권자산 0 0
모토닉 009680 이연법인세자산 3,731,656,334 2,374,137,792
모토닉 009680 자산총계 429,295,064,373 424,152,336,004
모토닉 009680 유동부채 25,974,376,651 25,766,615,637
모토닉 009680 단기매입채무 0 0
모토닉 009680 단기차입금 0 0
모토닉 009680 유동성장기차입금 0 0
모토닉 009680 유동성사채 0 0
모토닉 009680 기타유동금융부채 0 0
모토닉 009680 기타유동부채 0 0
모토닉 009680 당기법인세부채 4,352,609,481 828,032,109
모토닉 009680 유동리스부채 0 0
모토닉 009680 비유동부채 11,450,135,593 13,938,771,202
모토닉 009680 사채 0 0
모토닉 009680 장기차입금 0 0
모토닉 009680 기타비유동금융부채 0 0
모토닉 009680 이연법인세부채 0 0
모토닉 009680 비유동리스부채 0 0
모토닉 009680 부채총계 37,424,512,244 39,705,386,839
모토닉 009680 자본금 16,500,000,000 16,500,000,000
모토닉 009680 자본잉여금 50,670,754,965 50,670,754,965
모토닉 009680 자본조정 -14,950,346,524 -11,549,310,304
모토닉 009680 기타포괄손익누계액 254,036,603 232,621,088
모토닉 009680 이익잉여금(결손금) 0 0
모토닉 009680 자본총계 391,870,552,129 384,446,949,165
모토닉 009680 자본과부채총계 429,295,064,373 424,152,336,004
date : 2017-03-31
모토닉 009680 유동자산 318,126,052,789 315,540,355,639
모토닉 009680 현금및현금성자산 40,570,119,101 32,952,186,518
모토닉 009680 매출채권 18,962,078,087 17,363,403,691
모토닉 009680 재고자산 12,266,678,377 13,982,178,861
모토닉 009680 기타유동금융자산 0 0
모토닉 009680 기타유동자산 0 0
모토닉 009680 매각예정비유동자산 6,911,847,200 13,982,178,861
모토닉 009680 비유동자산 111,371,941,513 113,754,708,734
모토닉 009680 장기금융상품 0 0
모토닉 009680 기타포괄손익-공정가치 0 0
모토닉 009680 당기손익인식공정가치측정금융자산 0 0
모토닉 009680 종속회사투자 0 0
모토닉 009680 관계회사투자 0 0
모토닉 009680 렌탈자산 0 0
모토닉 009680 유형자산 88,893,878,995 90,592,509,758
모토닉 009680 무형자산 533,283,401 516,551,439
모토닉 009680 기타비유동금융자산 0 0
모토닉 009680 기타비유동자산 0 0
모토닉 009680 사용권자산 0 0
모토닉 009680 이연법인세자산 3,897,853,258 3,731,656,334
모토닉 009680 자산총계 429,497,994,302 429,295,064,373
모토닉 009680 유동부채 32,138,782,183 25,974,376,651
모토닉 009680 단기매입채무 0 0
모토닉 009680 단기차입금 0 0
모토닉 009680 유동성장기차입금 0 0
모토닉 009680 유동성사채 0 0
모토닉 009680 기타유동금융부채 0 0
모토닉 009680 기타유동부채 0 0
모토닉 009680 당기법인세부채 2,858,961,669 4,352,609,481
모토닉 009680 유동리스부채 0 0
모토닉 009680 비유동부채 11,293,890,921 11,450,135,593
모토닉 009680 사채 0 0
모토닉 009680 장기차입금 0 0
모토닉 009680 기타비유동금융부채 0 0
모토닉 009680 이연법인세부채 0 0
모토닉 009680 비유동리스부채 0 0
모토닉 009680 부채총계 43,432,673,104 37,424,512,244
모토닉 009680 자본금 16,500,000,000 16,500,000,000
모토닉 009680 자본잉여금 50,670,754,965 50,670,754,965
모토닉 009680 자본조정 -17,249,384,694 -14,950,346,524
모토닉 009680 기타포괄손익누계액 286,754,933 254,036,603
모토닉 009680 이익잉여금(결손금) 0 0
모토닉 009680 자본총계 386,065,321,198 391,870,552,129
모토닉 009680 자본과부채총계 429,497,994,302 429,295,064,373
date : 2017-06-30
모토닉 009680 유동자산 314,493,528,148 315,540,355,639
모토닉 009680 현금및현금성자산 22,663,664,028 32,952,186,518
모토닉 009680 매출채권 18,655,591,945 17,363,403,691
모토닉 009680 재고자산 12,777,503,005 13,982,178,861
모토닉 009680 기타유동금융자산 0 0
모토닉 009680 기타유동자산 0 0
모토닉 009680 매각예정비유동자산 0 0
모토닉 009680 비유동자산 113,424,626,524 113,754,708,734
모토닉 009680 장기금융상품 0 0
모토닉 009680 기타포괄손익-공정가치 0 0
모토닉 009680 당기손익인식공정가치측정금융자산 0 0
모토닉 009680 종속회사투자 0 0
모토닉 009680 관계회사투자 0 0
모토닉 009680 렌탈자산 0 0
모토닉 009680 유형자산 87,734,883,332 90,592,509,758
모토닉 009680 무형자산 513,428,532 516,551,439
모토닉 009680 기타비유동금융자산 0 0
모토닉 009680 기타비유동자산 0 0
모토닉 009680 사용권자산 0 0
모토닉 009680 이연법인세자산 3,846,377,522 3,731,656,334
모토닉 009680 자산총계 427,918,154,672 429,295,064,373
모토닉 009680 유동부채 24,317,540,587 25,974,376,651
모토닉 009680 단기매입채무 0 0
모토닉 009680 단기차입금 0 0
모토닉 009680 유동성장기차입금 0 0
모토닉 009680 유동성사채 0 0
모토닉 009680 기타유동금융부채 0 0
모토닉 009680 기타유동부채 0 0
모토닉 009680 당기법인세부채 1,701,538,662 4,352,609,481
모토닉 009680 유동리스부채 0 0
모토닉 009680 비유동부채 12,585,371,748 11,450,135,593
모토닉 009680 사채 0 0
모토닉 009680 장기차입금 0 0
모토닉 009680 기타비유동금융부채 0 0
모토닉 009680 이연법인세부채 0 0
모토닉 009680 비유동리스부채 0 0
모토닉 009680 부채총계 36,902,912,335 37,424,512,244
모토닉 009680 자본금 16,500,000,000 16,500,000,000
모토닉 009680 자본잉여금 50,670,754,965 50,670,754,965
모토닉 009680 자본조정 -17,463,594,134 -14,950,346,524
모토닉 009680 기타포괄손익누계액 398,603,533 254,036,603
모토닉 009680 이익잉여금(결손금) 0 0
모토닉 009680 자본총계 391,015,242,337 391,870,552,129
모토닉 009680 자본과부채총계 427,918,154,672 429,295,064,373
date : 2017-09-30
모토닉 009680 유동자산 313,710,625,613 315,540,355,639
모토닉 009680 현금및현금성자산 34,037,949,477 32,952,186,518
모토닉 009680 매출채권 14,875,553,474 17,363,403,691
모토닉 009680 재고자산 12,979,226,324 13,982,178,861
모토닉 009680 기타유동금융자산 0 0
모토닉 009680 기타유동자산 0 0
모토닉 009680 매각예정비유동자산 0 0
모토닉 009680 비유동자산 114,653,129,444 113,754,708,734
모토닉 009680 장기금융상품 0 0
모토닉 009680 기타포괄손익-공정가치 0 0
모토닉 009680 당기손익인식공정가치측정금융자산 0 0
모토닉 009680 종속회사투자 0 0
모토닉 009680 관계회사투자 0 0
모토닉 009680 렌탈자산 0 0
모토닉 009680 유형자산 86,331,050,911 90,592,509,758
모토닉 009680 무형자산 496,597,922 516,551,439
모토닉 009680 기타비유동금융자산 0 0
모토닉 009680 기타비유동자산 0 0
모토닉 009680 사용권자산 0 0
모토닉 009680 이연법인세자산 4,020,577,764 3,731,656,334
모토닉 009680 자산총계 428,363,755,057 429,295,064,373
모토닉 009680 유동부채 20,322,010,943 25,974,376,651
모토닉 009680 단기매입채무 0 0
모토닉 009680 단기차입금 0 0
모토닉 009680 유동성장기차입금 0 0
모토닉 009680 유동성사채 0 0
모토닉 009680 기타유동금융부채 0 0
모토닉 009680 기타유동부채 0 0
모토닉 009680 당기법인세부채 278,915,413 4,352,609,481
모토닉 009680 유동리스부채 0 0
모토닉 009680 비유동부채 13,288,602,023 11,450,135,593
모토닉 009680 사채 0 0
모토닉 009680 장기차입금 0 0
모토닉 009680 기타비유동금융부채 0 0
모토닉 009680 이연법인세부채 0 0
모토닉 009680 비유동리스부채 0 0
모토닉 009680 부채총계 33,610,612,966 37,424,512,244
모토닉 009680 자본금 16,500,000,000 16,500,000,000
모토닉 009680 자본잉여금 50,670,754,965 50,670,754,965
모토닉 009680 자본조정 -17,463,594,134 -14,950,346,524
모토닉 009680 기타포괄손익누계액 485,386,967 254,036,603
모토닉 009680 이익잉여금(결손금) 0 0
모토닉 009680 자본총계 394,753,142,091 391,870,552,129
모토닉 009680 자본과부채총계 428,363,755,057 429,295,064,373
date : 2017-12-31
모토닉 009680 유동자산 317,591,211,634 315,540,355,639
모토닉 009680 현금및현금성자산 26,500,352,675 32,952,186,518
모토닉 009680 매출채권 17,744,056,849 17,363,403,691
모토닉 009680 재고자산 12,736,704,077 13,982,178,861
모토닉 009680 기타유동금융자산 0 0
모토닉 009680 기타유동자산 0 0
모토닉 009680 매각예정비유동자산 6,911,847,200 13,982,178,861
모토닉 009680 비유동자산 112,118,902,297 113,754,708,734
모토닉 009680 장기금융상품 0 0
모토닉 009680 기타포괄손익-공정가치 0 0
모토닉 009680 당기손익인식공정가치측정금융자산 0 0
모토닉 009680 종속회사투자 0 0
모토닉 009680 관계회사투자 0 0
모토닉 009680 렌탈자산 0 0
모토닉 009680 유형자산 85,340,331,070 90,592,509,758
모토닉 009680 무형자산 463,161,466 516,551,439
모토닉 009680 기타비유동금융자산 0 0
모토닉 009680 기타비유동자산 0 0
모토닉 009680 사용권자산 0 0
모토닉 009680 이연법인세자산 3,915,465,457 3,731,656,334
모토닉 009680 자산총계 429,710,113,931 429,295,064,373
모토닉 009680 유동부채 19,554,279,822 25,974,376,651
모토닉 009680 단기매입채무 0 0
모토닉 009680 단기차입금 0 0
모토닉 009680 유동성장기차입금 0 0
모토닉 009680 유동성사채 0 0
모토닉 009680 기타유동금융부채 0 0
모토닉 009680 기타유동부채 0 0
모토닉 009680 당기법인세부채 958,832,830 4,352,609,481
모토닉 009680 유동리스부채 0 0
모토닉 009680 비유동부채 12,624,172,288 11,450,135,593
모토닉 009680 사채 0 0
모토닉 009680 장기차입금 0 0
모토닉 009680 기타비유동금융부채 0 0
모토닉 009680 이연법인세부채 0 0
모토닉 009680 비유동리스부채 0 0
모토닉 009680 부채총계 32,178,452,110 37,424,512,244
모토닉 009680 자본금 16,500,000,000 16,500,000,000
모토닉 009680 자본잉여금 50,670,754,965 50,670,754,965
모토닉 009680 자본조정 -17,463,594,134 -14,950,346,524
모토닉 009680 기타포괄손익누계액 515,513,710 254,036,603
모토닉 009680 이익잉여금(결손금) 0 0
모토닉 009680 자본총계 397,531,661,821 391,870,552,129
모토닉 009680 자본과부채총계 429,710,113,931 429,295,064,373
date : 2018-03-31
모토닉 009680 유동자산 312,659,633,737 317,591,211,634
모토닉 009680 현금및현금성자산 21,207,687,678 26,500,352,675
모토닉 009680 매출채권 16,302,942,014 17,744,056,849
모토닉 009680 재고자산 13,444,480,233 12,736,704,077
모토닉 009680 기타유동금융자산 0 0
모토닉 009680 기타유동자산 0 0
모토닉 009680 매각예정비유동자산 0 0
모토닉 009680 비유동자산 110,447,333,169 112,118,902,297
모토닉 009680 장기금융상품 0 0
모토닉 009680 기타포괄손익-공정가치 0 0
모토닉 009680 당기손익인식공정가치측정금융자산 0 0
모토닉 009680 종속회사투자 0 0
모토닉 009680 관계회사투자 0 0
모토닉 009680 렌탈자산 0 0
모토닉 009680 유형자산 83,168,562,847 85,340,331,070
모토닉 009680 무형자산 455,790,514 463,161,466
모토닉 009680 기타비유동금융자산 0 0
모토닉 009680 기타비유동자산 0 0
모토닉 009680 사용권자산 0 0
모토닉 009680 이연법인세자산 3,992,707,760 3,915,465,457
모토닉 009680 자산총계 423,106,966,906 429,710,113,931
모토닉 009680 유동부채 18,886,405,629 19,554,279,822
모토닉 009680 단기매입채무 0 0
모토닉 009680 단기차입금 0 0
모토닉 009680 유동성장기차입금 0 0
모토닉 009680 유동성사채 0 0
모토닉 009680 기타유동금융부채 0 0
모토닉 009680 기타유동부채 0 0
모토닉 009680 당기법인세부채 1,261,364,053 958,832,830
모토닉 009680 유동리스부채 0 0
모토닉 009680 비유동부채 12,357,800,704 12,624,172,288
모토닉 009680 사채 0 0
모토닉 009680 장기차입금 0 0
모토닉 009680 기타비유동금융부채 0 0
모토닉 009680 이연법인세부채 0 0
모토닉 009680 비유동리스부채 0 0
모토닉 009680 부채총계 31,244,206,333 32,178,452,110
모토닉 009680 자본금 16,500,000,000 16,500,000,000
모토닉 009680 자본잉여금 50,670,754,965 50,670,754,965
모토닉 009680 자본조정 -17,493,737,604 -17,463,594,134
모토닉 009680 기타포괄손익누계액 898,785,234 515,513,710
모토닉 009680 이익잉여금(결손금) 0 0
모토닉 009680 자본총계 391,862,760,573 397,531,661,821
모토닉 009680 자본과부채총계 423,106,966,906 429,710,113,931
date : 2018-06-30
모토닉 009680 유동자산 319,656,854,432 317,591,211,634
모토닉 009680 현금및현금성자산 29,715,296,089 26,500,352,675
모토닉 009680 매출채권 14,367,125,486 17,744,056,849
모토닉 009680 재고자산 10,978,113,548 12,736,704,077
모토닉 009680 기타유동금융자산 15,021,550,000 15,024,810,529
모토닉 009680 기타유동자산 0 0
모토닉 009680 매각예정비유동자산 0 0
모토닉 009680 비유동자산 108,694,387,138 112,118,902,297
모토닉 009680 장기금융상품 0 0
모토닉 009680 기타포괄손익-공정가치 0 0
모토닉 009680 당기손익인식공정가치측정금융자산 0 0
모토닉 009680 종속회사투자 0 0
모토닉 009680 관계회사투자 0 0
모토닉 009680 렌탈자산 0 0
모토닉 009680 유형자산 81,984,151,420 85,340,331,070
모토닉 009680 무형자산 447,263,644 463,161,466
모토닉 009680 기타비유동금융자산 7,306,331,683 7,293,400,860
모토닉 009680 기타비유동자산 0 0
모토닉 009680 사용권자산 0 0
모토닉 009680 이연법인세자산 4,065,661,796 3,915,465,457
모토닉 009680 자산총계 428,351,241,570 429,710,113,931
모토닉 009680 유동부채 20,596,204,157 19,554,279,822
모토닉 009680 단기매입채무 0 0
모토닉 009680 단기차입금 0 0
모토닉 009680 유동성장기차입금 0 0
모토닉 009680 유동성사채 0 0
모토닉 009680 기타유동금융부채 0 0
모토닉 009680 기타유동부채 0 0
모토닉 009680 당기법인세부채 1,093,037,642 958,832,830
모토닉 009680 유동리스부채 0 0
모토닉 009680 비유동부채 12,537,271,718 12,624,172,288
모토닉 009680 사채 0 0
모토닉 009680 장기차입금 0 0
모토닉 009680 기타비유동금융부채 0 0
모토닉 009680 이연법인세부채 0 0
모토닉 009680 비유동리스부채 0 0
모토닉 009680 부채총계 33,133,475,875 32,178,452,110
모토닉 009680 자본금 16,500,000,000 16,500,000,000
모토닉 009680 자본잉여금 50,670,754,965 50,670,754,965
모토닉 009680 자본조정 -17,493,737,604 -17,463,594,134
모토닉 009680 기타포괄손익누계액 514,016,326 515,513,710
모토닉 009680 이익잉여금(결손금) 0 0
모토닉 009680 자본총계 395,217,765,695 397,531,661,821
모토닉 009680 자본과부채총계 428,351,241,570 429,710,113,931
date : 2018-09-30
모토닉 009680 유동자산 320,535,221,018 317,591,211,634
모토닉 009680 현금및현금성자산 42,100,769,966 26,500,352,675
모토닉 009680 매출채권 11,603,487,599 17,744,056,849
모토닉 009680 재고자산 12,222,549,498 12,736,704,077
모토닉 009680 기타유동금융자산 15,024,810,529 26,500,352,675
모토닉 009680 기타유동자산 0 0
모토닉 009680 매각예정비유동자산 0 0
모토닉 009680 비유동자산 107,460,114,211 112,118,902,297
모토닉 009680 장기금융상품 0 0
모토닉 009680 기타포괄손익-공정가치 0 0
모토닉 009680 당기손익인식공정가치측정금융자산 0 0
모토닉 009680 종속회사투자 0 0
모토닉 009680 관계회사투자 0 0
모토닉 009680 렌탈자산 0 0
모토닉 009680 유형자산 80,892,221,785 85,340,331,070
모토닉 009680 무형자산 436,865,567 463,161,466
모토닉 009680 기타비유동금융자산 7,197,679,985 7,293,400,860
모토닉 009680 기타비유동자산 0 0
모토닉 009680 사용권자산 0 0
모토닉 009680 이연법인세자산 4,057,993,628 3,915,465,457
모토닉 009680 자산총계 427,995,335,229 429,710,113,931
모토닉 009680 유동부채 17,616,942,283 19,554,279,822
모토닉 009680 단기매입채무 0 0
모토닉 009680 단기차입금 0 0
모토닉 009680 유동성장기차입금 0 0
모토닉 009680 유동성사채 0 0
모토닉 009680 기타유동금융부채 0 0
모토닉 009680 기타유동부채 0 0
모토닉 009680 당기법인세부채 490,511,019 958,832,830
모토닉 009680 유동리스부채 0 0
모토닉 009680 비유동부채 12,672,626,763 12,624,172,288
모토닉 009680 사채 0 0
모토닉 009680 장기차입금 0 0
모토닉 009680 기타비유동금융부채 0 0
모토닉 009680 이연법인세부채 0 0
모토닉 009680 비유동리스부채 0 0
모토닉 009680 부채총계 30,289,569,046 32,178,452,110
모토닉 009680 자본금 16,500,000,000 16,500,000,000
모토닉 009680 자본잉여금 50,670,754,965 50,670,754,965
모토닉 009680 자본조정 -17,519,585,684 -17,463,594,134
모토닉 009680 기타포괄손익누계액 430,870,130 515,513,710
모토닉 009680 이익잉여금(결손금) 0 0
모토닉 009680 자본총계 397,705,766,183 397,531,661,821
모토닉 009680 자본과부채총계 427,995,335,229 429,710,113,931
date : 2018-12-31
모토닉 009680 유동자산 328,686,066,499 317,591,211,634
모토닉 009680 현금및현금성자산 38,411,342,913 26,500,352,675
모토닉 009680 매출채권 18,355,014,522 17,744,056,849
모토닉 009680 재고자산 12,337,337,857 12,736,704,077
모토닉 009680 기타유동금융자산 15,024,810,529 10,081,883,102
모토닉 009680 기타유동자산 0 0
모토닉 009680 매각예정비유동자산 0 0
모토닉 009680 비유동자산 104,622,210,143 112,118,902,297
모토닉 009680 장기금융상품 0 0
모토닉 009680 기타포괄손익-공정가치 0 0
모토닉 009680 당기손익인식공정가치측정금융자산 0 0
모토닉 009680 종속회사투자 0 0
모토닉 009680 관계회사투자 0 0
모토닉 009680 렌탈자산 0 0
모토닉 009680 유형자산 81,631,611,389 85,340,331,070
모토닉 009680 무형자산 443,044,873 463,161,466
모토닉 009680 기타비유동금융자산 3,375,316,717 7,293,400,860
모토닉 009680 기타비유동자산 0 0
모토닉 009680 사용권자산 0 0
모토닉 009680 이연법인세자산 4,286,387,954 3,915,465,457
모토닉 009680 자산총계 433,308,276,642 429,710,113,931
모토닉 009680 유동부채 23,555,287,920 19,554,279,822
모토닉 009680 단기매입채무 0 0
모토닉 009680 단기차입금 0 0
모토닉 009680 유동성장기차입금 0 0
모토닉 009680 유동성사채 0 0
모토닉 009680 기타유동금융부채 0 0
모토닉 009680 기타유동부채 0 0
모토닉 009680 당기법인세부채 728,014,231 958,832,830
모토닉 009680 유동리스부채 0 0
모토닉 009680 비유동부채 12,607,480,557 12,624,172,288
모토닉 009680 사채 0 0
모토닉 009680 장기차입금 0 0
모토닉 009680 기타비유동금융부채 0 0
모토닉 009680 이연법인세부채 0 0
모토닉 009680 비유동리스부채 0 0
모토닉 009680 부채총계 36,162,768,477 32,178,452,110
모토닉 009680 자본금 16,500,000,000 16,500,000,000
모토닉 009680 자본잉여금 50,670,754,965 50,670,754,965
모토닉 009680 자본조정 -18,555,257,874 -17,463,594,134
모토닉 009680 기타포괄손익누계액 -175,180,871 515,513,710
모토닉 009680 이익잉여금(결손금) 0 0
모토닉 009680 자본총계 397,145,508,165 397,531,661,821
모토닉 009680 자본과부채총계 433,308,276,642 429,710,113,931
date : 2019-03-31
모토닉 009680 유동자산 320,857,729,440 328,686,066,499
모토닉 009680 현금및현금성자산 32,688,758,342 38,411,342,913
모토닉 009680 매출채권 17,782,860,932 18,355,014,522
모토닉 009680 재고자산 13,080,724,316 12,337,337,857
모토닉 009680 기타유동금융자산 0 0
모토닉 009680 기타유동자산 0 0
모토닉 009680 매각예정비유동자산 0 0
모토닉 009680 비유동자산 114,695,697,110 104,622,210,143
모토닉 009680 장기금융상품 0 0
모토닉 009680 기타포괄손익-공정가치 0 0
모토닉 009680 당기손익인식공정가치측정금융자산 0 0
모토닉 009680 종속회사투자 0 0
모토닉 009680 관계회사투자 0 0
모토닉 009680 렌탈자산 0 0
모토닉 009680 유형자산 80,271,525,849 81,631,611,389
모토닉 009680 무형자산 421,304,268 443,044,873
모토닉 009680 기타비유동금융자산 13,494,681,465 3,375,316,717
모토닉 009680 기타비유동자산 0 0
모토닉 009680 사용권자산 1,335,308,265 4,286,387,954
모토닉 009680 이연법인세자산 4,315,856,794 4,286,387,954
모토닉 009680 자산총계 435,553,426,550 433,308,276,642
모토닉 009680 유동부채 27,743,727,779 23,555,287,920
모토닉 009680 단기매입채무 0 0
모토닉 009680 단기차입금 0 0
모토닉 009680 유동성장기차입금 0 0
모토닉 009680 유동성사채 0 0
모토닉 009680 기타유동금융부채 0 0
모토닉 009680 기타유동부채 0 0
모토닉 009680 당기법인세부채 952,378,631 728,014,231
모토닉 009680 유동리스부채 0 0
모토닉 009680 비유동부채 14,198,888,728 12,607,480,557
모토닉 009680 사채 0 0
모토닉 009680 장기차입금 0 0
모토닉 009680 기타비유동금융부채 0 0
모토닉 009680 이연법인세부채 0 0
모토닉 009680 비유동리스부채 0 0
모토닉 009680 부채총계 41,942,616,507 36,162,768,477
모토닉 009680 자본금 16,500,000,000 16,500,000,000
모토닉 009680 자본잉여금 50,670,754,965 50,670,754,965
모토닉 009680 자본조정 -18,555,257,874 -18,555,257,874
모토닉 009680 기타포괄손익누계액 -112,044,363 -175,180,871
모토닉 009680 이익잉여금(결손금) 0 0
모토닉 009680 자본총계 393,610,810,043 397,145,508,165
모토닉 009680 자본과부채총계 435,553,426,550 433,308,276,642
