date : 2019-03-31
한화케미칼 009830 유동자산 1,212,554,872,859 1,113,476,758,967
한화케미칼 009830 현금및현금성자산 324,604,544,126 228,095,729,501
한화케미칼 009830 기타유동자산 25,366,630,835 36,921,108,542
한화케미칼 009830 재고자산 392,084,980,940 363,304,816,209
한화케미칼 009830 비유동자산 6,749,815,682,729 6,707,113,045,500
한화케미칼 009830 유형자산 2,335,366,557,934 2,313,040,731,441
한화케미칼 009830 무형자산 51,317,380,262 51,686,398,777
한화케미칼 009830 사용권자산 19,381,318,174 0
한화케미칼 009830 기타비유동자산 1,912,850,567 0
한화케미칼 009830 자산총계 7,962,370,555,588 7,820,589,804,467
한화케미칼 009830 유동부채 1,533,498,618,183 1,489,911,942,701
한화케미칼 009830 기타유동부채 36,825,738,990 5,557,944,200
한화케미칼 009830 당기법인세부채 34,261,677,108 78,192,383,863
한화케미칼 009830 비유동부채 1,249,015,147,168 1,179,387,648,696
한화케미칼 009830 장기차입금 930,297,515,641 878,326,117,080
한화케미칼 009830 이연법인세부채 94,403,846,895 91,681,244,427
한화케미칼 009830 부채총계 2,782,513,765,351 2,669,299,591,397
한화케미칼 009830 자본금 821,170,655,000 821,170,655,000
한화케미칼 009830 자본잉여금 720,760,529,607 720,760,529,607
한화케미칼 009830 자본조정 -32,672,415,180 0
한화케미칼 009830 기타포괄손익누계액 -3,461,192,614 -3,465,382,579
한화케미칼 009830 자본총계 5,179,856,790,237 5,151,290,213,070
한화케미칼 009830 자본과부채총계 7,962,370,555,588 7,820,589,804,467
