date : 2019-03-31
한국프랜지공업 010100 유동자산 256,220,377,182 248,117,490,841
한국프랜지공업 010100 현금및현금성자산 6,841,043,750 4,267,031,374
한국프랜지공업 010100 매출채권 및 기타유동채권
한국프랜지공업 010100 재고자산 97,805,351,219 98,852,868,614
한국프랜지공업 010100 기타유동자산 1,399,771,801 1,448,184,632
한국프랜지공업 010100 비유동자산 184,184,367,397 184,630,748,931
한국프랜지공업 010100 장기금융상품 771,056,685 739,752,524
한국프랜지공업 010100 기타비유동금융자산 60,844,000 49,610,000
한국프랜지공업 010100 유형자산 130,641,502,091 130,992,800,140
한국프랜지공업 010100 무형자산 2,639,395,020 3,150,395,020
한국프랜지공업 010100 자산총계 440,404,744,579 432,748,239,772
한국프랜지공업 010100 유동부채 246,474,511,383 245,545,133,189
한국프랜지공업 010100 당기법인세부채 719,764,719 10,837,210
한국프랜지공업 010100 기타유동부채 2,813,547,297 2,777,357,748
한국프랜지공업 010100 비유동부채 10,382,541,541 8,653,608,624
한국프랜지공업 010100 이연법인세부채 1,217,709,323 467,452,461
한국프랜지공업 010100 부채총계 256,857,052,924 254,198,741,813
한국프랜지공업 010100 자본금 30,450,420,000 30,450,420,000
한국프랜지공업 010100 자본잉여금 17,915,256,000 17,915,256,000
한국프랜지공업 010100 기타포괄손익누계액 -187,703,880 -196,466,400
한국프랜지공업 010100 이익잉여금(결손금) 135,369,719,535 130,380,288,359
한국프랜지공업 010100 자본총계 183,547,691,655 178,549,497,959
한국프랜지공업 010100 자본과부채총계 440,404,744,579 432,748,239,772
