date : 2015-12-31
진양폴리우레탄 010640 유동자산 3,491,495,616 6,295,958,579
진양폴리우레탄 010640 현금및현금성자산 591,342,719 4,204,538
진양폴리우레탄 010640 매출채권 및 기타유동채권
진양폴리우레탄 010640 재고자산 454,020,756 1,561,701,834
진양폴리우레탄 010640 기타유동금융자산 0 0
진양폴리우레탄 010640 기타유동자산 11,760,552 169,183,714
진양폴리우레탄 010640 매각예정비유동자산 0 0
진양폴리우레탄 010640 비유동자산 16,130,026,576 15,728,184,027
진양폴리우레탄 010640 장기금융상품 0 0
진양폴리우레탄 010640 기타포괄손익-공정가치 0 0
진양폴리우레탄 010640 당기손익인식공정가치측정금융자산 0 0
진양폴리우레탄 010640 종속회사투자 0 0
진양폴리우레탄 010640 관계회사투자 0 0
진양폴리우레탄 010640 렌탈자산 0 0
진양폴리우레탄 010640 유형자산 15,554,740,576 15,120,352,728
진양폴리우레탄 010640 무형자산 4,000 783,299
진양폴리우레탄 010640 기타비유동금융자산 0 0
진양폴리우레탄 010640 기타비유동자산 575,282,000 607,048,000
진양폴리우레탄 010640 사용권자산 0 0
진양폴리우레탄 010640 이연법인세자산 0 0
진양폴리우레탄 010640 자산총계 19,621,522,192 22,024,142,606
진양폴리우레탄 010640 유동부채 8,254,118,782 4,160,971,976
진양폴리우레탄 010640 단기매입채무 0 0
진양폴리우레탄 010640 단기차입금 76,096,625 1,955,000,000
진양폴리우레탄 010640 유동성장기차입금 0 0
진양폴리우레탄 010640 유동성사채 0 0
진양폴리우레탄 010640 기타유동금융부채 0 0
진양폴리우레탄 010640 기타유동부채 114,939,026 32,799,643
진양폴리우레탄 010640 당기법인세부채 0 0
진양폴리우레탄 010640 유동리스부채 0 0
진양폴리우레탄 010640 비유동부채 683,779,654 2,116,303,854
진양폴리우레탄 010640 사채 0 0
진양폴리우레탄 010640 장기차입금 0 0
진양폴리우레탄 010640 기타비유동금융부채 0 0
진양폴리우레탄 010640 이연법인세부채 461,349,385 2,010,203,568
진양폴리우레탄 010640 비유동리스부채 0 0
진양폴리우레탄 010640 부채총계 8,937,898,436 6,277,275,830
진양폴리우레탄 010640 자본금 5,000,000,000 5,000,000,000
진양폴리우레탄 010640 자본잉여금 2,429,745,735 2,429,745,735
진양폴리우레탄 010640 자본조정 0 0
진양폴리우레탄 010640 기타포괄손익누계액 0 0
진양폴리우레탄 010640 이익잉여금(결손금) 0 0
진양폴리우레탄 010640 자본총계 10,683,623,756 15,746,866,776
진양폴리우레탄 010640 자본과부채총계 19,621,522,192 22,024,142,606
date : 2016-03-31
진양폴리우레탄 010640 유동자산 3,736,407,655 3,491,495,616
진양폴리우레탄 010640 현금및현금성자산 411,753,849 591,342,719
진양폴리우레탄 010640 매출채권 및 기타유동채권
진양폴리우레탄 010640 재고자산 468,968,401 454,020,756
진양폴리우레탄 010640 기타유동금융자산 0 0
진양폴리우레탄 010640 기타유동자산 14,825,144 11,760,552
진양폴리우레탄 010640 매각예정비유동자산 0 0
진양폴리우레탄 010640 비유동자산 21,571,349,442 16,130,026,576
진양폴리우레탄 010640 장기금융상품 0 0
진양폴리우레탄 010640 기타포괄손익-공정가치 0 0
진양폴리우레탄 010640 당기손익인식공정가치측정금융자산 0 0
진양폴리우레탄 010640 종속회사투자 0 0
진양폴리우레탄 010640 관계회사투자 0 0
진양폴리우레탄 010640 렌탈자산 0 0
진양폴리우레탄 010640 유형자산 20,995,953,442 15,554,740,576
진양폴리우레탄 010640 무형자산 4,000 4,000
진양폴리우레탄 010640 기타비유동금융자산 0 0
진양폴리우레탄 010640 기타비유동자산 575,392,000 575,282,000
진양폴리우레탄 010640 사용권자산 0 0
진양폴리우레탄 010640 이연법인세자산 0 0
진양폴리우레탄 010640 자산총계 25,307,757,097 19,621,522,192
진양폴리우레탄 010640 유동부채 14,425,290,099 8,254,118,782
진양폴리우레탄 010640 단기매입채무 0 0
진양폴리우레탄 010640 단기차입금 4,455,459,626 76,096,625
진양폴리우레탄 010640 유동성장기차입금 0 0
진양폴리우레탄 010640 유동성사채 0 0
진양폴리우레탄 010640 기타유동금융부채 0 0
진양폴리우레탄 010640 기타유동부채 121,887,763 114,939,026
진양폴리우레탄 010640 당기법인세부채 0 0
진양폴리우레탄 010640 유동리스부채 0 0
진양폴리우레탄 010640 비유동부채 616,030,903 683,779,654
진양폴리우레탄 010640 사채 0 0
진양폴리우레탄 010640 장기차입금 0 0
진양폴리우레탄 010640 기타비유동금융부채 0 0
진양폴리우레탄 010640 이연법인세부채 346,038,622 461,349,385
진양폴리우레탄 010640 비유동리스부채 0 0
진양폴리우레탄 010640 부채총계 15,041,321,002 8,937,898,436
진양폴리우레탄 010640 자본금 5,000,000,000 5,000,000,000
진양폴리우레탄 010640 자본잉여금 2,429,745,735 2,429,745,735
진양폴리우레탄 010640 자본조정 0 0
진양폴리우레탄 010640 기타포괄손익누계액 0 0
진양폴리우레탄 010640 이익잉여금(결손금) 0 0
진양폴리우레탄 010640 자본총계 10,266,436,095 10,683,623,756
진양폴리우레탄 010640 자본과부채총계 25,307,757,097 19,621,522,192
date : 2016-06-30
진양폴리우레탄 010640 유동자산 3,798,732,093 3,491,495,616
진양폴리우레탄 010640 현금및현금성자산 169,432,027 591,342,719
진양폴리우레탄 010640 매출채권 및 기타유동채권
진양폴리우레탄 010640 재고자산 502,073,108 454,020,756
진양폴리우레탄 010640 기타유동금융자산 0 0
진양폴리우레탄 010640 기타유동자산 10,205,104 11,760,552
진양폴리우레탄 010640 매각예정비유동자산 0 0
진양폴리우레탄 010640 비유동자산 27,476,199,801 16,130,026,576
진양폴리우레탄 010640 장기금융상품 0 0
진양폴리우레탄 010640 기타포괄손익-공정가치 0 0
진양폴리우레탄 010640 당기손익인식공정가치측정금융자산 0 0
진양폴리우레탄 010640 종속회사투자 0 0
진양폴리우레탄 010640 관계회사투자 0 0
진양폴리우레탄 010640 렌탈자산 0 0
진양폴리우레탄 010640 유형자산 26,900,803,801 15,554,740,576
진양폴리우레탄 010640 무형자산 4,000 4,000
진양폴리우레탄 010640 기타비유동금융자산 0 0
진양폴리우레탄 010640 기타비유동자산 575,392,000 575,282,000
진양폴리우레탄 010640 사용권자산 0 0
진양폴리우레탄 010640 이연법인세자산 0 0
진양폴리우레탄 010640 자산총계 31,274,931,894 19,621,522,192
진양폴리우레탄 010640 유동부채 15,631,279,067 8,254,118,782
진양폴리우레탄 010640 단기매입채무 0 0
진양폴리우레탄 010640 단기차입금 5,163,670,622 76,096,625
진양폴리우레탄 010640 유동성장기차입금 0 0
진양폴리우레탄 010640 유동성사채 0 0
진양폴리우레탄 010640 기타유동금융부채 0 0
진양폴리우레탄 010640 기타유동부채 122,649,521 114,939,026
진양폴리우레탄 010640 당기법인세부채 0 0
진양폴리우레탄 010640 유동리스부채 0 0
진양폴리우레탄 010640 비유동부채 1,406,840,668 683,779,654
진양폴리우레탄 010640 사채 0 0
진양폴리우레탄 010640 장기차입금 0 0
진양폴리우레탄 010640 기타비유동금융부채 0 0
진양폴리우레탄 010640 이연법인세부채 1,066,582,158 461,349,385
진양폴리우레탄 010640 비유동리스부채 0 0
진양폴리우레탄 010640 부채총계 17,038,119,735 8,937,898,436
진양폴리우레탄 010640 자본금 5,000,000,000 5,000,000,000
진양폴리우레탄 010640 자본잉여금 2,429,745,735 2,429,745,735
진양폴리우레탄 010640 자본조정 0 0
진양폴리우레탄 010640 기타포괄손익누계액 0 0
진양폴리우레탄 010640 이익잉여금(결손금) 0 0
진양폴리우레탄 010640 자본총계 14,236,812,159 10,683,623,756
진양폴리우레탄 010640 자본과부채총계 31,274,931,894 19,621,522,192
date : 2016-09-30
진양폴리우레탄 010640 유동자산 4,339,156,756 3,491,495,616
진양폴리우레탄 010640 현금및현금성자산 867,108,302 591,342,719
진양폴리우레탄 010640 매출채권 및 기타유동채권
진양폴리우레탄 010640 재고자산 841,146,700 454,020,756
진양폴리우레탄 010640 기타유동금융자산 0 0
진양폴리우레탄 010640 기타유동자산 100,922,762 11,760,552
진양폴리우레탄 010640 매각예정비유동자산 0 0
진양폴리우레탄 010640 비유동자산 28,882,945,056 16,130,026,576
진양폴리우레탄 010640 장기금융상품 0 0
진양폴리우레탄 010640 기타포괄손익-공정가치 0 0
진양폴리우레탄 010640 당기손익인식공정가치측정금융자산 0 0
진양폴리우레탄 010640 종속회사투자 0 0
진양폴리우레탄 010640 관계회사투자 0 0
진양폴리우레탄 010640 렌탈자산 0 0
진양폴리우레탄 010640 유형자산 28,307,549,056 15,554,740,576
진양폴리우레탄 010640 무형자산 4,000 4,000
진양폴리우레탄 010640 기타비유동금융자산 0 0
진양폴리우레탄 010640 기타비유동자산 575,392,000 575,282,000
진양폴리우레탄 010640 사용권자산 0 0
진양폴리우레탄 010640 이연법인세자산 0 0
진양폴리우레탄 010640 자산총계 33,222,101,812 19,621,522,192
진양폴리우레탄 010640 유동부채 17,446,849,538 8,254,118,782
진양폴리우레탄 010640 단기매입채무 0 0
진양폴리우레탄 010640 단기차입금 5,705,333,361 76,096,625
진양폴리우레탄 010640 유동성장기차입금 0 0
진양폴리우레탄 010640 유동성사채 0 0
진양폴리우레탄 010640 기타유동금융부채 0 0
진양폴리우레탄 010640 기타유동부채 191,160,827 114,939,026
진양폴리우레탄 010640 당기법인세부채 0 0
진양폴리우레탄 010640 유동리스부채 0 0
진양폴리우레탄 010640 비유동부채 1,414,659,129 683,779,654
진양폴리우레탄 010640 사채 0 0
진양폴리우레탄 010640 장기차입금 0 0
진양폴리우레탄 010640 기타비유동금융부채 0 0
진양폴리우레탄 010640 이연법인세부채 1,028,915,963 461,349,385
진양폴리우레탄 010640 비유동리스부채 0 0
진양폴리우레탄 010640 부채총계 18,861,508,667 8,937,898,436
진양폴리우레탄 010640 자본금 5,000,000,000 5,000,000,000
진양폴리우레탄 010640 자본잉여금 2,429,745,735 2,429,745,735
진양폴리우레탄 010640 자본조정 0 0
진양폴리우레탄 010640 기타포괄손익누계액 0 0
진양폴리우레탄 010640 이익잉여금(결손금) 0 0
진양폴리우레탄 010640 자본총계 14,360,593,145 10,683,623,756
진양폴리우레탄 010640 자본과부채총계 33,222,101,812 19,621,522,192
date : 2016-12-31
진양폴리우레탄 010640 유동자산 5,225,669,691 3,491,495,616
진양폴리우레탄 010640 현금및현금성자산 108,350,328 591,342,719
진양폴리우레탄 010640 매출채권 및 기타유동채권
진양폴리우레탄 010640 재고자산 1,090,554,778 454,020,756
진양폴리우레탄 010640 기타유동금융자산 0 0
진양폴리우레탄 010640 기타유동자산 155,353,213 11,760,552
진양폴리우레탄 010640 매각예정비유동자산 0 0
진양폴리우레탄 010640 비유동자산 29,621,214,210 16,130,026,576
진양폴리우레탄 010640 장기금융상품 0 0
진양폴리우레탄 010640 기타포괄손익-공정가치 0 0
진양폴리우레탄 010640 당기손익인식공정가치측정금융자산 0 0
진양폴리우레탄 010640 종속회사투자 0 0
진양폴리우레탄 010640 관계회사투자 0 0
진양폴리우레탄 010640 렌탈자산 0 0
진양폴리우레탄 010640 유형자산 29,065,822,210 15,554,740,576
진양폴리우레탄 010640 무형자산 4,000 783,299
진양폴리우레탄 010640 기타비유동금융자산 0 0
진양폴리우레탄 010640 기타비유동자산 555,392,000 575,282,000
진양폴리우레탄 010640 사용권자산 0 0
진양폴리우레탄 010640 이연법인세자산 0 0
진양폴리우레탄 010640 자산총계 34,846,883,901 19,621,522,192
진양폴리우레탄 010640 유동부채 14,499,735,700 8,254,118,782
진양폴리우레탄 010640 단기매입채무 0 0
진양폴리우레탄 010640 단기차입금 4,709,686,872 76,096,625
진양폴리우레탄 010640 유동성장기차입금 0 0
진양폴리우레탄 010640 유동성사채 0 0
진양폴리우레탄 010640 기타유동금융부채 0 0
진양폴리우레탄 010640 기타유동부채 89,349,700 114,939,026
진양폴리우레탄 010640 당기법인세부채 0 0
진양폴리우레탄 010640 유동리스부채 0 0
진양폴리우레탄 010640 비유동부채 2,703,037,939 683,779,654
진양폴리우레탄 010640 사채 0 0
진양폴리우레탄 010640 장기차입금 0 0
진양폴리우레탄 010640 기타비유동금융부채 0 0
진양폴리우레탄 010640 이연법인세부채 2,232,104,404 461,349,385
진양폴리우레탄 010640 비유동리스부채 0 0
진양폴리우레탄 010640 부채총계 17,202,773,639 8,937,898,436
진양폴리우레탄 010640 자본금 5,000,000,000 5,000,000,000
진양폴리우레탄 010640 자본잉여금 2,429,745,735 2,429,745,735
진양폴리우레탄 010640 자본조정 0 0
진양폴리우레탄 010640 기타포괄손익누계액 0 0
진양폴리우레탄 010640 이익잉여금(결손금) 0 0
진양폴리우레탄 010640 자본총계 17,644,110,262 10,683,623,756
진양폴리우레탄 010640 자본과부채총계 34,846,883,901 19,621,522,192
date : 2017-03-31
진양폴리우레탄 010640 유동자산 5,607,222,653 5,225,669,691
진양폴리우레탄 010640 현금및현금성자산 475,792,033 108,350,328
진양폴리우레탄 010640 매출채권 및 기타유동채권
진양폴리우레탄 010640 재고자산 1,696,408,324 1,090,554,778
진양폴리우레탄 010640 기타유동금융자산 0 0
진양폴리우레탄 010640 기타유동자산 224,587,895 155,353,213
진양폴리우레탄 010640 매각예정비유동자산 0 0
진양폴리우레탄 010640 비유동자산 29,386,302,625 29,621,214,210
진양폴리우레탄 010640 장기금융상품 0 0
진양폴리우레탄 010640 기타포괄손익-공정가치 0 0
진양폴리우레탄 010640 당기손익인식공정가치측정금융자산 0 0
진양폴리우레탄 010640 종속회사투자 0 0
진양폴리우레탄 010640 관계회사투자 0 0
진양폴리우레탄 010640 렌탈자산 0 0
진양폴리우레탄 010640 유형자산 28,833,160,625 29,065,822,210
진양폴리우레탄 010640 무형자산 4,000 29,065,822,210
진양폴리우레탄 010640 기타비유동금융자산 0 0
진양폴리우레탄 010640 기타비유동자산 553,142,000 555,392,000
진양폴리우레탄 010640 사용권자산 0 0
진양폴리우레탄 010640 이연법인세자산 0 0
진양폴리우레탄 010640 자산총계 34,993,525,278 34,846,883,901
진양폴리우레탄 010640 유동부채 13,237,916,485 14,499,735,700
진양폴리우레탄 010640 단기매입채무 0 0
진양폴리우레탄 010640 단기차입금 3,584,620,181 4,709,686,872
진양폴리우레탄 010640 유동성장기차입금 0 0
진양폴리우레탄 010640 유동성사채 0 0
진양폴리우레탄 010640 기타유동금융부채 0 0
진양폴리우레탄 010640 기타유동부채 29,881,290 89,349,700
진양폴리우레탄 010640 당기법인세부채 0 0
진양폴리우레탄 010640 유동리스부채 0 0
진양폴리우레탄 010640 비유동부채 3,016,048,936 2,703,037,939
진양폴리우레탄 010640 사채 0 0
진양폴리우레탄 010640 장기차입금 0 0
진양폴리우레탄 010640 기타비유동금융부채 0 0
진양폴리우레탄 010640 이연법인세부채 2,494,192,867 2,232,104,404
진양폴리우레탄 010640 비유동리스부채 0 0
진양폴리우레탄 010640 부채총계 16,253,965,421 17,202,773,639
진양폴리우레탄 010640 자본금 5,000,000,000 5,000,000,000
진양폴리우레탄 010640 자본잉여금 2,429,745,735 2,429,745,735
진양폴리우레탄 010640 자본조정 0 0
진양폴리우레탄 010640 기타포괄손익누계액 0 0
진양폴리우레탄 010640 이익잉여금(결손금) 0 0
진양폴리우레탄 010640 자본총계 18,739,559,857 17,644,110,262
진양폴리우레탄 010640 자본과부채총계 34,993,525,278 34,846,883,901
date : 2017-06-30
진양폴리우레탄 010640 유동자산 5,708,244,852 5,225,669,691
진양폴리우레탄 010640 현금및현금성자산 144,958,349 108,350,328
진양폴리우레탄 010640 매출채권 및 기타유동채권
진양폴리우레탄 010640 재고자산 1,408,067,521 1,090,554,778
진양폴리우레탄 010640 기타유동금융자산 0 0
진양폴리우레탄 010640 기타유동자산 148,111,025 155,353,213
진양폴리우레탄 010640 매각예정비유동자산 0 0
진양폴리우레탄 010640 비유동자산 29,107,863,679 29,621,214,210
진양폴리우레탄 010640 장기금융상품 0 0
진양폴리우레탄 010640 기타포괄손익-공정가치 0 0
진양폴리우레탄 010640 당기손익인식공정가치측정금융자산 0 0
진양폴리우레탄 010640 종속회사투자 0 0
진양폴리우레탄 010640 관계회사투자 0 0
진양폴리우레탄 010640 렌탈자산 0 0
진양폴리우레탄 010640 유형자산 28,556,971,679 29,065,822,210
진양폴리우레탄 010640 무형자산 0 0
진양폴리우레탄 010640 기타비유동금융자산 0 0
진양폴리우레탄 010640 기타비유동자산 550,892,000 555,392,000
진양폴리우레탄 010640 사용권자산 0 0
진양폴리우레탄 010640 이연법인세자산 0 0
진양폴리우레탄 010640 자산총계 34,816,108,531 34,846,883,901
진양폴리우레탄 010640 유동부채 13,318,691,108 14,499,735,700
진양폴리우레탄 010640 단기매입채무 0 0
진양폴리우레탄 010640 단기차입금 3,318,815,276 4,709,686,872
진양폴리우레탄 010640 유동성장기차입금 0 0
진양폴리우레탄 010640 유동성사채 0 0
진양폴리우레탄 010640 기타유동금융부채 0 0
진양폴리우레탄 010640 기타유동부채 25,616,220 89,349,700
진양폴리우레탄 010640 당기법인세부채 0 0
진양폴리우레탄 010640 유동리스부채 0 0
진양폴리우레탄 010640 비유동부채 3,007,936,358 2,703,037,939
진양폴리우레탄 010640 사채 0 0
진양폴리우레탄 010640 장기차입금 0 0
진양폴리우레탄 010640 기타비유동금융부채 0 0
진양폴리우레탄 010640 이연법인세부채 2,448,655,359 2,232,104,404
진양폴리우레탄 010640 비유동리스부채 0 0
진양폴리우레탄 010640 부채총계 16,326,627,466 17,202,773,639
진양폴리우레탄 010640 자본금 5,000,000,000 5,000,000,000
진양폴리우레탄 010640 자본잉여금 2,429,745,735 2,429,745,735
진양폴리우레탄 010640 자본조정 0 0
진양폴리우레탄 010640 기타포괄손익누계액 0 0
진양폴리우레탄 010640 이익잉여금(결손금) 0 0
진양폴리우레탄 010640 자본총계 18,489,481,065 17,644,110,262
진양폴리우레탄 010640 자본과부채총계 34,816,108,531 34,846,883,901
date : 2017-09-30
진양폴리우레탄 010640 유동자산 6,463,231,995 5,225,669,691
진양폴리우레탄 010640 현금및현금성자산 869,911,725 108,350,328
진양폴리우레탄 010640 매출채권 및 기타유동채권
진양폴리우레탄 010640 재고자산 1,428,914,354 1,090,554,778
진양폴리우레탄 010640 기타유동금융자산 0 0
진양폴리우레탄 010640 기타유동자산 82,291,184 155,353,213
진양폴리우레탄 010640 매각예정비유동자산 0 0
진양폴리우레탄 010640 비유동자산 28,965,882,649 29,621,214,210
진양폴리우레탄 010640 장기금융상품 0 0
진양폴리우레탄 010640 기타포괄손익-공정가치 0 0
진양폴리우레탄 010640 당기손익인식공정가치측정금융자산 0 0
진양폴리우레탄 010640 종속회사투자 0 0
진양폴리우레탄 010640 관계회사투자 0 0
진양폴리우레탄 010640 렌탈자산 0 0
진양폴리우레탄 010640 유형자산 28,417,240,649 29,065,822,210
진양폴리우레탄 010640 무형자산 0 0
진양폴리우레탄 010640 기타비유동금융자산 0 0
진양폴리우레탄 010640 기타비유동자산 548,642,000 555,392,000
진양폴리우레탄 010640 사용권자산 0 0
진양폴리우레탄 010640 이연법인세자산 0 0
진양폴리우레탄 010640 자산총계 35,429,114,644 34,846,883,901
진양폴리우레탄 010640 유동부채 14,145,133,873 14,499,735,700
진양폴리우레탄 010640 단기매입채무 0 0
진양폴리우레탄 010640 단기차입금 3,109,597,914 4,709,686,872
진양폴리우레탄 010640 유동성장기차입금 0 0
진양폴리우레탄 010640 유동성사채 0 0
진양폴리우레탄 010640 기타유동금융부채 0 0
진양폴리우레탄 010640 기타유동부채 30,315,206 89,349,700
진양폴리우레탄 010640 당기법인세부채 0 0
진양폴리우레탄 010640 유동리스부채 0 0
진양폴리우레탄 010640 비유동부채 3,021,458,713 2,703,037,939
진양폴리우레탄 010640 사채 0 0
진양폴리우레탄 010640 장기차입금 0 0
진양폴리우레탄 010640 기타비유동금융부채 0 0
진양폴리우레탄 010640 이연법인세부채 2,397,015,691 2,232,104,404
진양폴리우레탄 010640 비유동리스부채 0 0
진양폴리우레탄 010640 부채총계 17,166,592,586 17,202,773,639
진양폴리우레탄 010640 자본금 5,000,000,000 5,000,000,000
진양폴리우레탄 010640 자본잉여금 2,429,745,735 2,429,745,735
진양폴리우레탄 010640 자본조정 0 0
진양폴리우레탄 010640 기타포괄손익누계액 0 0
진양폴리우레탄 010640 이익잉여금(결손금) 10,832,776,323 10,214,364,527
진양폴리우레탄 010640 자본총계 18,262,522,058 17,644,110,262
진양폴리우레탄 010640 자본과부채총계 35,429,114,644 34,846,883,901
date : 2017-12-31
진양폴리우레탄 010640 유동자산 6,568,533,996 5,225,669,691
진양폴리우레탄 010640 현금및현금성자산 145,639,600 108,350,328
진양폴리우레탄 010640 매출채권 및 기타유동채권
진양폴리우레탄 010640 재고자산 1,380,818,227 1,090,554,778
진양폴리우레탄 010640 기타유동금융자산 0 0
진양폴리우레탄 010640 기타유동자산 273,076,705 155,353,213
진양폴리우레탄 010640 매각예정비유동자산 0 0
진양폴리우레탄 010640 비유동자산 28,745,228,848 29,621,214,210
진양폴리우레탄 010640 장기금융상품 0 0
진양폴리우레탄 010640 기타포괄손익-공정가치 0 0
진양폴리우레탄 010640 당기손익인식공정가치측정금융자산 0 0
진양폴리우레탄 010640 종속회사투자 0 0
진양폴리우레탄 010640 관계회사투자 0 0
진양폴리우레탄 010640 렌탈자산 0 0
진양폴리우레탄 010640 유형자산 28,193,836,848 29,065,822,210
진양폴리우레탄 010640 무형자산 4,000 29,065,822,210
진양폴리우레탄 010640 기타비유동금융자산 0 0
진양폴리우레탄 010640 기타비유동자산 551,392,000 555,392,000
진양폴리우레탄 010640 사용권자산 0 0
진양폴리우레탄 010640 이연법인세자산 0 0
진양폴리우레탄 010640 자산총계 35,313,762,844 34,846,883,901
진양폴리우레탄 010640 유동부채 14,159,085,930 14,499,735,700
진양폴리우레탄 010640 단기매입채무 0 0
진양폴리우레탄 010640 단기차입금 3,662,751,475 4,709,686,872
진양폴리우레탄 010640 유동성장기차입금 0 0
진양폴리우레탄 010640 유동성사채 0 0
진양폴리우레탄 010640 기타유동금융부채 0 0
진양폴리우레탄 010640 기타유동부채 28,841,203 89,349,700
진양폴리우레탄 010640 당기법인세부채 88,357,105 89,349,700
진양폴리우레탄 010640 유동리스부채 0 0
진양폴리우레탄 010640 비유동부채 2,958,403,469 2,703,037,939
진양폴리우레탄 010640 사채 0 0
진양폴리우레탄 010640 장기차입금 0 0
진양폴리우레탄 010640 기타비유동금융부채 0 0
진양폴리우레탄 010640 이연법인세부채 2,366,974,798 2,232,104,404
진양폴리우레탄 010640 비유동리스부채 0 0
진양폴리우레탄 010640 부채총계 17,117,489,399 17,202,773,639
진양폴리우레탄 010640 자본금 5,000,000,000 5,000,000,000
진양폴리우레탄 010640 자본잉여금 2,429,745,735 2,429,745,735
진양폴리우레탄 010640 자본조정 0 0
진양폴리우레탄 010640 기타포괄손익누계액 0 0
진양폴리우레탄 010640 이익잉여금(결손금) 10,766,527,710 10,214,364,527
진양폴리우레탄 010640 자본총계 18,196,273,445 17,644,110,262
진양폴리우레탄 010640 자본과부채총계 35,313,762,844 34,846,883,901
date : 2018-03-31
진양폴리우레탄 010640 유동자산 7,023,433,712 6,568,533,996
진양폴리우레탄 010640 현금및현금성자산 1,197,299,280 145,639,600
진양폴리우레탄 010640 매출채권 및 기타유동채권
진양폴리우레탄 010640 재고자산 1,611,528,405 1,380,818,227
진양폴리우레탄 010640 기타유동금융자산 0 0
진양폴리우레탄 010640 기타유동자산 205,437,286 273,076,705
진양폴리우레탄 010640 매각예정비유동자산 0 0
진양폴리우레탄 010640 비유동자산 28,508,549,907 28,745,228,848
진양폴리우레탄 010640 장기금융상품 0 0
진양폴리우레탄 010640 기타포괄손익-공정가치 0 0
진양폴리우레탄 010640 당기손익인식공정가치측정금융자산 0 0
진양폴리우레탄 010640 종속회사투자 0 0
진양폴리우레탄 010640 관계회사투자 0 0
진양폴리우레탄 010640 렌탈자산 0 0
진양폴리우레탄 010640 유형자산 27,959,517,907 28,193,836,848
진양폴리우레탄 010640 무형자산 0 0
진양폴리우레탄 010640 기타비유동금융자산 0 0
진양폴리우레탄 010640 기타비유동자산 549,032,000 551,392,000
진양폴리우레탄 010640 사용권자산 0 0
진양폴리우레탄 010640 이연법인세자산 0 0
진양폴리우레탄 010640 자산총계 35,531,983,619 35,313,762,844
진양폴리우레탄 010640 유동부채 14,304,853,179 14,159,085,930
진양폴리우레탄 010640 단기매입채무 0 0
진양폴리우레탄 010640 단기차입금 3,751,466,939 3,662,751,475
진양폴리우레탄 010640 유동성장기차입금 0 0
진양폴리우레탄 010640 유동성사채 0 0
진양폴리우레탄 010640 기타유동금융부채 0 0
진양폴리우레탄 010640 기타유동부채 43,136,970 28,841,203
진양폴리우레탄 010640 당기법인세부채 10,717,662 28,841,203
진양폴리우레탄 010640 유동리스부채 0 0
진양폴리우레탄 010640 비유동부채 2,984,886,219 2,958,403,469
진양폴리우레탄 010640 사채 0 0
진양폴리우레탄 010640 장기차입금 0 0
진양폴리우레탄 010640 기타비유동금융부채 0 0
진양폴리우레탄 010640 이연법인세부채 2,311,020,139 2,366,974,798
진양폴리우레탄 010640 비유동리스부채 0 0
진양폴리우레탄 010640 부채총계 17,289,739,398 17,117,489,399
진양폴리우레탄 010640 자본금 5,000,000,000 5,000,000,000
진양폴리우레탄 010640 자본잉여금 2,429,745,735 2,429,745,735
진양폴리우레탄 010640 자본조정 0 0
진양폴리우레탄 010640 기타포괄손익누계액 0 0
진양폴리우레탄 010640 이익잉여금(결손금) 10,812,498,486 10,766,527,710
진양폴리우레탄 010640 자본총계 18,242,244,221 18,196,273,445
진양폴리우레탄 010640 자본과부채총계 35,531,983,619 35,313,762,844
date : 2018-06-30
진양폴리우레탄 010640 유동자산 7,328,930,880 6,568,533,996
진양폴리우레탄 010640 현금및현금성자산 53,103,730 145,639,600
진양폴리우레탄 010640 매출채권 및 기타유동채권
진양폴리우레탄 010640 재고자산 1,767,691,461 1,380,818,227
진양폴리우레탄 010640 기타유동금융자산 0 0
진양폴리우레탄 010640 기타유동자산 144,774,197 273,076,705
진양폴리우레탄 010640 매각예정비유동자산 0 0
진양폴리우레탄 010640 비유동자산 28,408,714,103 28,745,228,848
진양폴리우레탄 010640 장기금융상품 0 0
진양폴리우레탄 010640 기타포괄손익-공정가치 0 0
진양폴리우레탄 010640 당기손익인식공정가치측정금융자산 0 0
진양폴리우레탄 010640 종속회사투자 0 0
진양폴리우레탄 010640 관계회사투자 0 0
진양폴리우레탄 010640 렌탈자산 0 0
진양폴리우레탄 010640 유형자산 27,861,932,103 28,193,836,848
진양폴리우레탄 010640 무형자산 0 0
진양폴리우레탄 010640 기타비유동금융자산 0 0
진양폴리우레탄 010640 기타비유동자산 546,782,000 551,392,000
진양폴리우레탄 010640 사용권자산 0 0
진양폴리우레탄 010640 이연법인세자산 0 0
진양폴리우레탄 010640 자산총계 35,737,644,983 35,313,762,844
진양폴리우레탄 010640 유동부채 14,324,495,420 14,159,085,930
진양폴리우레탄 010640 단기매입채무 0 0
진양폴리우레탄 010640 단기차입금 3,350,000,000 3,662,751,475
진양폴리우레탄 010640 유동성장기차입금 0 0
진양폴리우레탄 010640 유동성사채 0 0
진양폴리우레탄 010640 기타유동금융부채 0 0
진양폴리우레탄 010640 기타유동부채 46,498,053 28,841,203
진양폴리우레탄 010640 당기법인세부채 28,220,733 28,841,203
진양폴리우레탄 010640 유동리스부채 0 0
진양폴리우레탄 010640 비유동부채 2,990,321,278 2,958,403,469
진양폴리우레탄 010640 사채 0 0
진양폴리우레탄 010640 장기차입금 0 0
진양폴리우레탄 010640 기타비유동금융부채 0 0
진양폴리우레탄 010640 이연법인세부채 2,253,415,923 2,366,974,798
진양폴리우레탄 010640 비유동리스부채 0 0
진양폴리우레탄 010640 부채총계 17,314,816,698 17,117,489,399
진양폴리우레탄 010640 자본금 5,000,000,000 5,000,000,000
진양폴리우레탄 010640 자본잉여금 2,429,745,735 2,429,745,735
진양폴리우레탄 010640 자본조정 0 0
진양폴리우레탄 010640 기타포괄손익누계액 0 0
진양폴리우레탄 010640 이익잉여금(결손금) 10,993,082,550 10,766,527,710
진양폴리우레탄 010640 자본총계 18,422,828,285 18,196,273,445
진양폴리우레탄 010640 자본과부채총계 35,737,644,983 35,313,762,844
date : 2018-09-30
진양폴리우레탄 010640 유동자산 6,625,699,558 6,568,533,996
진양폴리우레탄 010640 현금및현금성자산 1,310,931,506 145,639,600
진양폴리우레탄 010640 매출채권 및 기타유동채권
진양폴리우레탄 010640 재고자산 1,628,856,430 1,380,818,227
진양폴리우레탄 010640 기타유동금융자산 0 0
진양폴리우레탄 010640 기타유동자산 70,758,431 273,076,705
진양폴리우레탄 010640 매각예정비유동자산 0 0
진양폴리우레탄 010640 비유동자산 28,142,787,221 28,745,228,848
진양폴리우레탄 010640 장기금융상품 0 0
진양폴리우레탄 010640 기타포괄손익-공정가치 0 0
진양폴리우레탄 010640 당기손익인식공정가치측정금융자산 0 0
진양폴리우레탄 010640 종속회사투자 0 0
진양폴리우레탄 010640 관계회사투자 0 0
진양폴리우레탄 010640 렌탈자산 0 0
진양폴리우레탄 010640 유형자산 27,598,255,221 28,193,836,848
진양폴리우레탄 010640 무형자산 0 0
진양폴리우레탄 010640 기타비유동금융자산 0 0
진양폴리우레탄 010640 기타비유동자산 544,532,000 551,392,000
진양폴리우레탄 010640 사용권자산 0 0
진양폴리우레탄 010640 이연법인세자산 0 0
진양폴리우레탄 010640 자산총계 34,768,486,779 35,313,762,844
진양폴리우레탄 010640 유동부채 13,165,596,161 14,159,085,930
진양폴리우레탄 010640 단기매입채무 0 0
진양폴리우레탄 010640 단기차입금 3,050,000,000 3,662,751,475
진양폴리우레탄 010640 유동성장기차입금 0 0
진양폴리우레탄 010640 유동성사채 0 0
진양폴리우레탄 010640 기타유동금융부채 0 0
진양폴리우레탄 010640 기타유동부채 36,818,771 28,841,203
진양폴리우레탄 010640 당기법인세부채 45,691,090 28,841,203
진양폴리우레탄 010640 유동리스부채 0 0
진양폴리우레탄 010640 비유동부채 3,002,113,472 2,958,403,469
진양폴리우레탄 010640 사채 0 0
진양폴리우레탄 010640 장기차입금 0 0
진양폴리우레탄 010640 기타비유동금융부채 0 0
진양폴리우레탄 010640 이연법인세부채 2,200,463,955 2,366,974,798
진양폴리우레탄 010640 비유동리스부채 0 0
진양폴리우레탄 010640 부채총계 16,167,709,633 17,117,489,399
진양폴리우레탄 010640 자본금 5,000,000,000 5,000,000,000
진양폴리우레탄 010640 자본잉여금 2,429,745,735 2,429,745,735
진양폴리우레탄 010640 자본조정 0 0
진양폴리우레탄 010640 기타포괄손익누계액 0 0
진양폴리우레탄 010640 이익잉여금(결손금) 11,171,031,411 10,766,527,710
진양폴리우레탄 010640 자본총계 18,600,777,146 18,196,273,445
진양폴리우레탄 010640 자본과부채총계 34,768,486,779 35,313,762,844
date : 2018-12-31
진양폴리우레탄 010640 유동자산 7,134,376,424 6,568,533,996
진양폴리우레탄 010640 현금및현금성자산 71,257,102 145,639,600
진양폴리우레탄 010640 매출채권 및 기타유동채권
진양폴리우레탄 010640 재고자산 1,712,932,031 1,380,818,227
진양폴리우레탄 010640 기타유동금융자산 0 0
진양폴리우레탄 010640 기타유동자산 260,680,232 273,076,705
진양폴리우레탄 010640 매각예정비유동자산 0 0
진양폴리우레탄 010640 비유동자산 27,873,681,296 28,745,228,848
진양폴리우레탄 010640 장기금융상품 0 0
진양폴리우레탄 010640 기타포괄손익-공정가치 0 0
진양폴리우레탄 010640 당기손익인식공정가치측정금융자산 0 0
진양폴리우레탄 010640 종속회사투자 0 0
진양폴리우레탄 010640 관계회사투자 0 0
진양폴리우레탄 010640 렌탈자산 0 0
진양폴리우레탄 010640 유형자산 27,329,399,296 28,193,836,848
진양폴리우레탄 010640 무형자산 0 0
진양폴리우레탄 010640 기타비유동금융자산 0 0
진양폴리우레탄 010640 기타비유동자산 544,282,000 551,392,000
진양폴리우레탄 010640 사용권자산 0 0
진양폴리우레탄 010640 이연법인세자산 0 0
진양폴리우레탄 010640 자산총계 35,008,057,720 35,313,762,844
진양폴리우레탄 010640 유동부채 12,969,564,419 14,159,085,930
진양폴리우레탄 010640 단기매입채무 0 0
진양폴리우레탄 010640 단기차입금 2,480,000,000 3,662,751,475
진양폴리우레탄 010640 유동성장기차입금 0 0
진양폴리우레탄 010640 유동성사채 0 0
진양폴리우레탄 010640 기타유동금융부채 0 0
진양폴리우레탄 010640 기타유동부채 51,207,471 28,841,203
진양폴리우레탄 010640 당기법인세부채 48,220,889 28,841,203
진양폴리우레탄 010640 유동리스부채 0 0
진양폴리우레탄 010640 비유동부채 3,011,331,783 2,958,403,469
진양폴리우레탄 010640 사채 0 0
진양폴리우레탄 010640 장기차입금 0 0
진양폴리우레탄 010640 기타비유동금융부채 0 0
진양폴리우레탄 010640 이연법인세부채 2,297,008,215 2,366,974,798
진양폴리우레탄 010640 비유동리스부채 0 0
진양폴리우레탄 010640 부채총계 15,980,896,202 17,117,489,399
진양폴리우레탄 010640 자본금 5,000,000,000 5,000,000,000
진양폴리우레탄 010640 자본잉여금 2,429,745,735 2,429,745,735
진양폴리우레탄 010640 자본조정 0 0
진양폴리우레탄 010640 기타포괄손익누계액 0 0
진양폴리우레탄 010640 이익잉여금(결손금) 11,597,415,783 10,766,527,710
진양폴리우레탄 010640 자본총계 19,027,161,518 18,196,273,445
진양폴리우레탄 010640 자본과부채총계 35,008,057,720 35,313,762,844
date : 2019-03-31
진양폴리우레탄 010640 유동자산 7,145,869,734 7,134,376,424
진양폴리우레탄 010640 현금및현금성자산 1,434,096,845 71,257,102
진양폴리우레탄 010640 매출채권 및 기타유동채권
진양폴리우레탄 010640 재고자산 1,606,071,544 1,712,932,031
진양폴리우레탄 010640 기타유동금융자산 0 0
진양폴리우레탄 010640 기타유동자산 203,570,043 260,680,232
진양폴리우레탄 010640 매각예정비유동자산 0 0
진양폴리우레탄 010640 비유동자산 28,122,625,851 27,873,681,296
진양폴리우레탄 010640 장기금융상품 0 0
진양폴리우레탄 010640 기타포괄손익-공정가치 0 0
진양폴리우레탄 010640 당기손익인식공정가치측정금융자산 0 0
진양폴리우레탄 010640 종속회사투자 0 0
진양폴리우레탄 010640 관계회사투자 0 0
진양폴리우레탄 010640 렌탈자산 0 0
진양폴리우레탄 010640 유형자산 27,282,593,851 27,329,399,296
진양폴리우레탄 010640 무형자산 0 0
진양폴리우레탄 010640 기타비유동금융자산 0 0
진양폴리우레탄 010640 기타비유동자산 540,032,000 544,282,000
진양폴리우레탄 010640 사용권자산 0 0
진양폴리우레탄 010640 이연법인세자산 0 0
진양폴리우레탄 010640 자산총계 35,268,495,585 35,008,057,720
진양폴리우레탄 010640 유동부채 12,477,384,469 12,969,564,419
진양폴리우레탄 010640 단기매입채무 0 0
진양폴리우레탄 010640 단기차입금 2,100,000,000 2,480,000,000
진양폴리우레탄 010640 유동성장기차입금 0 0
진양폴리우레탄 010640 유동성사채 0 0
진양폴리우레탄 010640 기타유동금융부채 0 0
진양폴리우레탄 010640 기타유동부채 41,736,136 51,207,471
진양폴리우레탄 010640 당기법인세부채 230,830,999 48,220,889
진양폴리우레탄 010640 유동리스부채 0 0
진양폴리우레탄 010640 비유동부채 3,019,691,221 3,011,331,783
진양폴리우레탄 010640 사채 0 0
진양폴리우레탄 010640 장기차입금 0 0
진양폴리우레탄 010640 기타비유동금융부채 0 0
진양폴리우레탄 010640 이연법인세부채 2,245,273,177 2,297,008,215
진양폴리우레탄 010640 비유동리스부채 0 0
진양폴리우레탄 010640 부채총계 15,497,075,690 15,980,896,202
진양폴리우레탄 010640 자본금 5,000,000,000 5,000,000,000
진양폴리우레탄 010640 자본잉여금 2,429,745,735 2,429,745,735
진양폴리우레탄 010640 자본조정 0 0
진양폴리우레탄 010640 기타포괄손익누계액 0 0
진양폴리우레탄 010640 이익잉여금(결손금) 0 0
진양폴리우레탄 010640 자본총계 19,771,419,895 19,027,161,518
진양폴리우레탄 010640 자본과부채총계 35,268,495,585 35,008,057,720
