date : 2015-12-31
와이비로드 010600 유동자산 29,258,688,320 27,687,621,749
와이비로드 010600 현금및현금성자산 1,325,786,842 271,184,640
와이비로드 010600 매출채권 및 기타유동채권
와이비로드 010600 재고자산 2,043,295,573 1,060,569,614
와이비로드 010600 기타유동금융자산 0 0
와이비로드 010600 기타유동자산 0 0
와이비로드 010600 매각예정비유동자산 0 0
와이비로드 010600 비유동자산 26,414,929,590 26,441,346,431
와이비로드 010600 장기금융상품 0 0
와이비로드 010600 기타포괄손익-공정가치 0 0
와이비로드 010600 당기손익인식공정가치측정금융자산 0 0
와이비로드 010600 종속회사투자 0 0
와이비로드 010600 관계회사투자 0 0
와이비로드 010600 렌탈자산 0 0
와이비로드 010600 유형자산 8,912,135,198 8,954,541,656
와이비로드 010600 무형자산 29,937,301 30,839,568
와이비로드 010600 기타비유동금융자산 151,001,000 151,001,000
와이비로드 010600 기타비유동자산 0 0
와이비로드 010600 사용권자산 0 0
와이비로드 010600 이연법인세자산 316,757,890 293,063,810
와이비로드 010600 자산총계 55,673,617,910 54,128,968,180
와이비로드 010600 유동부채 12,384,851,143 13,808,762,293
와이비로드 010600 단기매입채무 0 0
와이비로드 010600 단기차입금 10,342,842,900 11,451,602,960
와이비로드 010600 유동성장기차입금 0 0
와이비로드 010600 유동성사채 0 0
와이비로드 010600 기타유동금융부채 0 0
와이비로드 010600 기타유동부채 0 0
와이비로드 010600 당기법인세부채 0 0
와이비로드 010600 유동리스부채 0 0
와이비로드 010600 비유동부채 465,045,472 780,060,861
와이비로드 010600 사채 0 0
와이비로드 010600 장기차입금 0 0
와이비로드 010600 기타비유동금융부채 0 0
와이비로드 010600 이연법인세부채 0 0
와이비로드 010600 비유동리스부채 0 0
와이비로드 010600 부채총계 12,849,896,615 14,588,823,154
와이비로드 010600 자본금 7,624,942,000 7,624,942,000
와이비로드 010600 자본잉여금 0 0
와이비로드 010600 자본조정 0 0
와이비로드 010600 기타포괄손익누계액 0 0
와이비로드 010600 이익잉여금(결손금) -28,350,778,439 -30,923,435,838
와이비로드 010600 자본총계 42,823,721,295 39,540,145,026
와이비로드 010600 자본과부채총계 55,673,617,910 54,128,968,180
date : 2016-03-31
와이비로드 010600 유동자산 28,326,733,475 29,258,688,320
와이비로드 010600 현금및현금성자산 323,246,789 1,325,786,842
와이비로드 010600 매출채권 및 기타유동채권
와이비로드 010600 재고자산 1,762,652,430 2,043,295,573
와이비로드 010600 기타유동금융자산 0 0
와이비로드 010600 기타유동자산 0 0
와이비로드 010600 매각예정비유동자산 0 0
와이비로드 010600 비유동자산 26,383,543,861 26,414,929,590
와이비로드 010600 장기금융상품 0 0
와이비로드 010600 기타포괄손익-공정가치 0 0
와이비로드 010600 당기손익인식공정가치측정금융자산 0 0
와이비로드 010600 종속회사투자 0 0
와이비로드 010600 관계회사투자 0 0
와이비로드 010600 렌탈자산 0 0
와이비로드 010600 유형자산 8,882,371,418 8,912,135,198
와이비로드 010600 무형자산 29,390,901 29,937,301
와이비로드 010600 기타비유동금융자산 151,001,000 151,001,000
와이비로드 010600 기타비유동자산 0 0
와이비로드 010600 사용권자산 0 0
와이비로드 010600 이연법인세자산 316,757,890 316,757,890
와이비로드 010600 자산총계 54,710,277,336 55,673,617,910
와이비로드 010600 유동부채 11,250,202,015 12,384,851,143
와이비로드 010600 단기매입채무 0 0
와이비로드 010600 단기차입금 9,600,000,000 10,342,842,900
와이비로드 010600 유동성장기차입금 0 0
와이비로드 010600 유동성사채 0 0
와이비로드 010600 기타유동금융부채 0 0
와이비로드 010600 기타유동부채 0 0
와이비로드 010600 당기법인세부채 0 0
와이비로드 010600 유동리스부채 0 0
와이비로드 010600 비유동부채 512,531,029 465,045,472
와이비로드 010600 사채 0 0
와이비로드 010600 장기차입금 0 0
와이비로드 010600 기타비유동금융부채 0 0
와이비로드 010600 이연법인세부채 0 0
와이비로드 010600 비유동리스부채 0 0
와이비로드 010600 부채총계 11,762,733,044 12,849,896,615
와이비로드 010600 자본금 7,624,942,000 7,624,942,000
와이비로드 010600 자본잉여금 0 0
와이비로드 010600 자본조정 0 0
와이비로드 010600 기타포괄손익누계액 0 0
와이비로드 010600 이익잉여금(결손금) -28,226,955,442 -28,350,778,439
와이비로드 010600 자본총계 42,947,544,292 42,823,721,295
와이비로드 010600 자본과부채총계 54,710,277,336 55,673,617,910
date : 2016-06-30
와이비로드 010600 유동자산 28,553,769,832 29,258,688,320
와이비로드 010600 현금및현금성자산 313,055,977 1,325,786,842
와이비로드 010600 매출채권 및 기타유동채권
와이비로드 010600 재고자산 1,691,340,276 2,043,295,573
와이비로드 010600 기타유동금융자산 0 0
와이비로드 010600 기타유동자산 0 0
와이비로드 010600 매각예정비유동자산 0 0
와이비로드 010600 비유동자산 26,750,367,948 26,414,929,590
와이비로드 010600 장기금융상품 0 0
와이비로드 010600 기타포괄손익-공정가치 0 0
와이비로드 010600 당기손익인식공정가치측정금융자산 0 0
와이비로드 010600 종속회사투자 0 0
와이비로드 010600 관계회사투자 0 0
와이비로드 010600 렌탈자산 0 0
와이비로드 010600 유형자산 8,879,377,478 8,912,135,198
와이비로드 010600 무형자산 378,436,291 29,937,301
와이비로드 010600 기타비유동금융자산 151,001,000 151,001,000
와이비로드 010600 기타비유동자산 0 0
와이비로드 010600 사용권자산 0 0
와이비로드 010600 이연법인세자산 338,606,076 316,757,890
와이비로드 010600 자산총계 55,304,137,780 55,673,617,910
와이비로드 010600 유동부채 11,291,668,835 12,384,851,143
와이비로드 010600 단기매입채무 0 0
와이비로드 010600 단기차입금 9,600,000,000 10,342,842,900
와이비로드 010600 유동성장기차입금 0 0
와이비로드 010600 유동성사채 0 0
와이비로드 010600 기타유동금융부채 0 0
와이비로드 010600 기타유동부채 0 0
와이비로드 010600 당기법인세부채 0 0
와이비로드 010600 유동리스부채 0 0
와이비로드 010600 비유동부채 556,676,252 465,045,472
와이비로드 010600 사채 0 0
와이비로드 010600 장기차입금 0 0
와이비로드 010600 기타비유동금융부채 0 0
와이비로드 010600 이연법인세부채 0 0
와이비로드 010600 비유동리스부채 0 0
와이비로드 010600 부채총계 11,848,345,087 12,849,896,615
와이비로드 010600 자본금 7,624,942,000 7,624,942,000
와이비로드 010600 자본잉여금 0 0
와이비로드 010600 자본조정 0 0
와이비로드 010600 기타포괄손익누계액 0 0
와이비로드 010600 이익잉여금(결손금) -27,718,707,041 -28,350,778,439
와이비로드 010600 자본총계 43,455,792,693 42,823,721,295
와이비로드 010600 자본과부채총계 55,304,137,780 55,673,617,910
date : 2016-09-30
와이비로드 010600 유동자산 29,440,706,241 29,258,688,320
와이비로드 010600 현금및현금성자산 358,463,594 1,325,786,842
와이비로드 010600 매출채권 및 기타유동채권
와이비로드 010600 재고자산 1,528,796,776 2,043,295,573
와이비로드 010600 기타유동금융자산 0 0
와이비로드 010600 기타유동자산 0 0
와이비로드 010600 매각예정비유동자산 0 0
와이비로드 010600 비유동자산 26,892,236,043 26,414,929,590
와이비로드 010600 장기금융상품 0 0
와이비로드 010600 기타포괄손익-공정가치 0 0
와이비로드 010600 당기손익인식공정가치측정금융자산 0 0
와이비로드 010600 종속회사투자 0 0
와이비로드 010600 관계회사투자 0 0
와이비로드 010600 렌탈자산 0 0
와이비로드 010600 유형자산 9,022,867,522 8,912,135,198
와이비로드 010600 무형자산 377,889,891 29,937,301
와이비로드 010600 기타비유동금융자산 151,001,000 151,001,000
와이비로드 010600 기타비유동자산 0 0
와이비로드 010600 사용권자산 0 0
와이비로드 010600 이연법인세자산 338,606,076 316,757,890
와이비로드 010600 자산총계 56,332,942,284 55,673,617,910
와이비로드 010600 유동부채 13,389,542,012 12,384,851,143
와이비로드 010600 단기매입채무 0 0
와이비로드 010600 단기차입금 10,819,244,013 10,342,842,900
와이비로드 010600 유동성장기차입금 0 0
와이비로드 010600 유동성사채 0 0
와이비로드 010600 기타유동금융부채 0 0
와이비로드 010600 기타유동부채 0 0
와이비로드 010600 당기법인세부채 0 0
와이비로드 010600 유동리스부채 0 0
와이비로드 010600 비유동부채 600,803,411 465,045,472
와이비로드 010600 사채 0 0
와이비로드 010600 장기차입금 0 0
와이비로드 010600 기타비유동금융부채 0 0
와이비로드 010600 이연법인세부채 0 0
와이비로드 010600 비유동리스부채 0 0
와이비로드 010600 부채총계 13,990,345,423 12,849,896,615
와이비로드 010600 자본금 7,624,942,000 7,624,942,000
와이비로드 010600 자본잉여금 0 0
와이비로드 010600 자본조정 0 0
와이비로드 010600 기타포괄손익누계액 0 0
와이비로드 010600 이익잉여금(결손금) -28,831,902,873 -28,350,778,439
와이비로드 010600 자본총계 42,342,596,861 42,823,721,295
와이비로드 010600 자본과부채총계 56,332,942,284 55,673,617,910
date : 2016-12-31
와이비로드 010600 유동자산 32,961,146,287 29,258,688,320
와이비로드 010600 현금및현금성자산 747,353,866 1,325,786,842
와이비로드 010600 매출채권 및 기타유동채권
와이비로드 010600 재고자산 705,499,709 2,043,295,573
와이비로드 010600 기타유동금융자산 0 0
와이비로드 010600 기타유동자산 0 0
와이비로드 010600 매각예정비유동자산 0 0
와이비로드 010600 비유동자산 26,908,846,959 26,414,929,590
와이비로드 010600 장기금융상품 0 0
와이비로드 010600 기타포괄손익-공정가치 0 0
와이비로드 010600 당기손익인식공정가치측정금융자산 0 0
와이비로드 010600 종속회사투자 0 0
와이비로드 010600 관계회사투자 0 0
와이비로드 010600 렌탈자산 0 0
와이비로드 010600 유형자산 9,350,066,808 8,912,135,198
와이비로드 010600 무형자산 377,343,491 29,937,301
와이비로드 010600 기타비유동금융자산 151,001,000 151,001,000
와이비로드 010600 기타비유동자산 0 0
와이비로드 010600 사용권자산 0 0
와이비로드 010600 이연법인세자산 29,639,655 316,757,890
와이비로드 010600 자산총계 59,869,993,246 55,673,617,910
와이비로드 010600 유동부채 14,896,321,272 12,384,851,143
와이비로드 010600 단기매입채무 0 0
와이비로드 010600 단기차입금 12,609,307,841 10,342,842,900
와이비로드 010600 유동성장기차입금 0 0
와이비로드 010600 유동성사채 0 0
와이비로드 010600 기타유동금융부채 0 0
와이비로드 010600 기타유동부채 0 0
와이비로드 010600 당기법인세부채 0 0
와이비로드 010600 유동리스부채 0 0
와이비로드 010600 비유동부채 515,731,107 465,045,472
와이비로드 010600 사채 0 0
와이비로드 010600 장기차입금 0 0
와이비로드 010600 기타비유동금융부채 0 0
와이비로드 010600 이연법인세부채 0 0
와이비로드 010600 비유동리스부채 0 0
와이비로드 010600 부채총계 15,412,052,379 12,849,896,615
와이비로드 010600 자본금 7,624,942,000 7,624,942,000
와이비로드 010600 자본잉여금 0 0
와이비로드 010600 자본조정 0 0
와이비로드 010600 기타포괄손익누계액 0 0
와이비로드 010600 이익잉여금(결손금) -26,716,558,867 -28,350,778,439
와이비로드 010600 자본총계 44,457,940,867 42,823,721,295
와이비로드 010600 자본과부채총계 59,869,993,246 55,673,617,910
date : 2017-03-31
와이비로드 010600 유동자산 30,534,530,072 32,961,146,287
와이비로드 010600 현금및현금성자산 172,901,633 747,353,866
와이비로드 010600 매출채권 및 기타유동채권
와이비로드 010600 재고자산 682,472,507 705,499,709
와이비로드 010600 기타유동금융자산 0 0
와이비로드 010600 기타유동자산 0 0
와이비로드 010600 매각예정비유동자산 0 0
와이비로드 010600 비유동자산 27,745,650,543 26,908,846,959
와이비로드 010600 장기금융상품 30,000,000 0
와이비로드 010600 기타포괄손익-공정가치 0 0
와이비로드 010600 당기손익인식공정가치측정금융자산 0 0
와이비로드 010600 종속회사투자 0 0
와이비로드 010600 관계회사투자 0 0
와이비로드 010600 렌탈자산 0 0
와이비로드 010600 유형자산 10,158,492,341 9,350,066,808
와이비로드 010600 무형자산 376,797,091 377,343,491
와이비로드 010600 기타비유동금융자산 151,001,000 151,001,000
와이비로드 010600 기타비유동자산 0 0
와이비로드 010600 사용권자산 0 0
와이비로드 010600 이연법인세자산 29,639,655 29,639,655
와이비로드 010600 자산총계 58,280,180,615 59,869,993,246
와이비로드 010600 유동부채 14,669,621,360 14,896,321,272
와이비로드 010600 단기매입채무 0 0
와이비로드 010600 단기차입금 12,799,191,428 12,609,307,841
와이비로드 010600 유동성장기차입금 0 0
와이비로드 010600 유동성사채 0 0
와이비로드 010600 기타유동금융부채 0 0
와이비로드 010600 기타유동부채 0 0
와이비로드 010600 당기법인세부채 0 0
와이비로드 010600 유동리스부채 0 0
와이비로드 010600 비유동부채 1,251,780,736 515,731,107
와이비로드 010600 사채 0 0
와이비로드 010600 장기차입금 700,000,000 515,731,107
와이비로드 010600 기타비유동금융부채 0 0
와이비로드 010600 이연법인세부채 0 0
와이비로드 010600 비유동리스부채 0 0
와이비로드 010600 부채총계 15,921,402,096 15,412,052,379
와이비로드 010600 자본금 7,624,942,000 7,624,942,000
와이비로드 010600 자본잉여금 0 0
와이비로드 010600 자본조정 0 0
와이비로드 010600 기타포괄손익누계액 0 0
와이비로드 010600 이익잉여금(결손금) -28,815,721,215 -26,716,558,867
와이비로드 010600 자본총계 42,358,778,519 44,457,940,867
와이비로드 010600 자본과부채총계 58,280,180,615 59,869,993,246
date : 2017-06-30
와이비로드 010600 유동자산 33,003,405,414 32,961,146,287
와이비로드 010600 현금및현금성자산 379,193,159 747,353,866
와이비로드 010600 매출채권 및 기타유동채권
와이비로드 010600 재고자산 11,141,265 705,499,709
와이비로드 010600 기타유동금융자산 0 0
와이비로드 010600 기타유동자산 0 0
와이비로드 010600 매각예정비유동자산 0 0
와이비로드 010600 비유동자산 27,919,362,701 26,908,846,959
와이비로드 010600 장기금융상품 60,000,000 0
와이비로드 010600 기타포괄손익-공정가치 0 0
와이비로드 010600 당기손익인식공정가치측정금융자산 0 0
와이비로드 010600 종속회사투자 0 0
와이비로드 010600 관계회사투자 0 0
와이비로드 010600 렌탈자산 0 0
와이비로드 010600 유형자산 10,180,359,361 9,350,066,808
와이비로드 010600 무형자산 376,430,324 377,343,491
와이비로드 010600 기타비유동금융자산 151,001,000 151,001,000
와이비로드 010600 기타비유동자산 0 0
와이비로드 010600 사용권자산 0 0
와이비로드 010600 이연법인세자산 152,927,109 29,639,655
와이비로드 010600 자산총계 60,922,768,115 59,869,993,246
와이비로드 010600 유동부채 17,207,541,214 14,896,321,272
와이비로드 010600 단기매입채무 0 0
와이비로드 010600 단기차입금 15,045,056,096 12,609,307,841
와이비로드 010600 유동성장기차입금 0 0
와이비로드 010600 유동성사채 0 0
와이비로드 010600 기타유동금융부채 0 0
와이비로드 010600 기타유동부채 0 0
와이비로드 010600 당기법인세부채 0 0
와이비로드 010600 유동리스부채 0 0
와이비로드 010600 비유동부채 1,393,077,228 515,731,107
와이비로드 010600 사채 0 0
와이비로드 010600 장기차입금 800,000,000 515,731,107
와이비로드 010600 기타비유동금융부채 0 0
와이비로드 010600 이연법인세부채 0 0
와이비로드 010600 비유동리스부채 0 0
와이비로드 010600 부채총계 18,600,618,442 15,412,052,379
와이비로드 010600 자본금 7,624,942,000 7,624,942,000
와이비로드 010600 자본잉여금 0 0
와이비로드 010600 자본조정 0 0
와이비로드 010600 기타포괄손익누계액 0 0
와이비로드 010600 이익잉여금(결손금) -28,852,350,061 -26,716,558,867
와이비로드 010600 자본총계 42,322,149,673 44,457,940,867
와이비로드 010600 자본과부채총계 60,922,768,115 59,869,993,246
date : 2017-09-30
와이비로드 010600 유동자산 33,145,146,394 32,961,146,287
와이비로드 010600 현금및현금성자산 187,675,806 747,353,866
와이비로드 010600 매출채권 및 기타유동채권
와이비로드 010600 재고자산 14,396,025 705,499,709
와이비로드 010600 기타유동금융자산 0 0
와이비로드 010600 기타유동자산 0 0
와이비로드 010600 매각예정비유동자산 0 0
와이비로드 010600 비유동자산 27,933,714,332 26,908,846,959
와이비로드 010600 장기금융상품 90,000,000 0
와이비로드 010600 기타포괄손익-공정가치 0 0
와이비로드 010600 당기손익인식공정가치측정금융자산 0 0
와이비로드 010600 종속회사투자 0 0
와이비로드 010600 관계회사투자 0 0
와이비로드 010600 렌탈자산 0 0
와이비로드 010600 유형자산 10,166,063,491 9,350,066,808
와이비로드 010600 무형자산 376,153,374 377,343,491
와이비로드 010600 기타비유동금융자산 151,001,000 151,001,000
와이비로드 010600 기타비유동자산 120,230,000 120,230,000
와이비로드 010600 사용권자산 0 0
와이비로드 010600 이연법인세자산 152,927,109 29,639,655
와이비로드 010600 자산총계 61,078,860,726 59,869,993,246
와이비로드 010600 유동부채 17,252,130,487 14,896,321,272
와이비로드 010600 단기매입채무 2,079,501,837 1,843,521,601
와이비로드 010600 단기차입금 14,826,240,991 12,609,307,841
와이비로드 010600 유동성장기차입금 0 0
와이비로드 010600 유동성사채 0 0
와이비로드 010600 기타유동금융부채 0 0
와이비로드 010600 기타유동부채 162,323,263 443,491,830
와이비로드 010600 당기법인세부채 0 0
와이비로드 010600 유동리스부채 0 0
와이비로드 010600 비유동부채 1,441,547,568 515,731,107
와이비로드 010600 사채 0 0
와이비로드 010600 장기차입금 800,000,000 0
와이비로드 010600 기타비유동금융부채 0 0
와이비로드 010600 이연법인세부채 0 0
와이비로드 010600 비유동리스부채 0 0
와이비로드 010600 부채총계 18,693,678,055 15,412,052,379
와이비로드 010600 자본금 7,624,942,000 7,624,942,000
와이비로드 010600 자본잉여금 9,181,216,432 9,181,216,432
와이비로드 010600 자본조정 0 0
와이비로드 010600 기타포괄손익누계액 0 0
와이비로드 010600 이익잉여금(결손금) -28,789,317,063 -26,716,558,867
와이비로드 010600 자본총계 42,385,182,671 44,457,940,867
와이비로드 010600 자본과부채총계 61,078,860,726 59,869,993,246
date : 2017-12-31
와이비로드 010600 유동자산 33,323,148,392 32,961,146,287
와이비로드 010600 현금및현금성자산 5,050,769,939 747,353,866
와이비로드 010600 매출채권 및 기타유동채권
와이비로드 010600 재고자산 1,589,964,166 705,499,709
와이비로드 010600 기타유동금융자산 0 0
와이비로드 010600 기타유동자산 0 0
와이비로드 010600 매각예정비유동자산 0 0
와이비로드 010600 비유동자산 38,165,945,434 26,908,846,959
와이비로드 010600 장기금융상품 120,000,000 0
와이비로드 010600 기타포괄손익-공정가치 0 0
와이비로드 010600 당기손익인식공정가치측정금융자산 0 0
와이비로드 010600 종속회사투자 0 0
와이비로드 010600 관계회사투자 0 0
와이비로드 010600 렌탈자산 0 0
와이비로드 010600 유형자산 10,236,430,873 9,350,066,808
와이비로드 010600 무형자산 2,327,095,937 377,343,491
와이비로드 010600 기타비유동금융자산 151,001,000 151,001,000
와이비로드 010600 기타비유동자산 120,230,000 120,230,000
와이비로드 010600 사용권자산 0 0
와이비로드 010600 이연법인세자산 405,246,458 29,639,655
와이비로드 010600 자산총계 71,489,093,826 59,869,993,246
와이비로드 010600 유동부채 47,690,960,997 14,896,321,272
와이비로드 010600 단기매입채무 2,335,177,345 1,843,521,601
와이비로드 010600 단기차입금 10,912,440,364 12,609,307,841
와이비로드 010600 유동성장기차입금 34,087,459,094 0
와이비로드 010600 유동성사채 0 0
와이비로드 010600 기타유동금융부채 0 0
와이비로드 010600 기타유동부채 350,641,492 443,491,830
와이비로드 010600 당기법인세부채 0 0
와이비로드 010600 유동리스부채 0 0
와이비로드 010600 비유동부채 1,179,152,344 515,731,107
와이비로드 010600 사채 0 0
와이비로드 010600 장기차입금 0 0
와이비로드 010600 기타비유동금융부채 800,000,000 0
와이비로드 010600 이연법인세부채 0 0
와이비로드 010600 비유동리스부채 0 0
와이비로드 010600 부채총계 48,870,113,341 15,412,052,379
와이비로드 010600 자본금 7,624,942,000 7,624,942,000
와이비로드 010600 자본잉여금 9,178,521,306 9,181,216,432
와이비로드 010600 자본조정 0 0
와이비로드 010600 기타포괄손익누계액 0 0
와이비로드 010600 이익잉여금(결손금) -49,064,896,928 -26,716,558,867
와이비로드 010600 자본총계 22,618,980,485 44,457,940,867
와이비로드 010600 자본과부채총계 71,489,093,826 59,869,993,246
date : 2018-03-31
웰바이오텍 010600 유동자산 32,458,654,299 33,323,148,392
웰바이오텍 010600 현금및현금성자산 832,849,270 5,050,769,939
웰바이오텍 010600 매출채권 및 기타유동채권
웰바이오텍 010600 재고자산 1,680,665,238 1,589,964,166
웰바이오텍 010600 기타유동금융자산 0 0
웰바이오텍 010600 기타유동자산 0 0
웰바이오텍 010600 매각예정비유동자산 0 0
웰바이오텍 010600 비유동자산 37,107,044,652 38,165,945,434
웰바이오텍 010600 장기금융상품 150,000,000 120,000,000
웰바이오텍 010600 기타포괄손익-공정가치 0 0
웰바이오텍 010600 당기손익인식공정가치측정금융자산 0 0
웰바이오텍 010600 종속회사투자 0 0
웰바이오텍 010600 관계회사투자 0 0
웰바이오텍 010600 렌탈자산 0 0
웰바이오텍 010600 유형자산 24,369,234 10,236,430,873
웰바이오텍 010600 무형자산 2,200,907,343 2,327,095,937
웰바이오텍 010600 기타비유동금융자산 151,001,000 151,001,000
웰바이오텍 010600 기타비유동자산 170,703,000 120,230,000
웰바이오텍 010600 사용권자산 0 0
웰바이오텍 010600 이연법인세자산 405,246,458 405,246,458
웰바이오텍 010600 자산총계 69,565,698,951 71,489,093,826
웰바이오텍 010600 유동부채 46,659,142,938 47,690,960,997
웰바이오텍 010600 단기매입채무 1,068,549,344 2,335,177,345
웰바이오텍 010600 단기차입금 4,061,757,076 10,912,440,364
웰바이오텍 010600 유동성장기차입금 39,407,818,823 34,087,459,094
웰바이오텍 010600 유동성사채 0 0
웰바이오텍 010600 기타유동금융부채 0 0
웰바이오텍 010600 기타유동부채 2,121,017,695 350,641,492
웰바이오텍 010600 당기법인세부채 0 0
웰바이오텍 010600 유동리스부채 0 0
웰바이오텍 010600 비유동부채 325,116,559 1,179,152,344
웰바이오텍 010600 사채 0 0
웰바이오텍 010600 장기차입금 0 0
웰바이오텍 010600 기타비유동금융부채 0 800,000,000
웰바이오텍 010600 이연법인세부채 0 0
웰바이오텍 010600 비유동리스부채 0 0
웰바이오텍 010600 부채총계 46,984,259,497 48,870,113,341
웰바이오텍 010600 자본금 7,624,942,000 7,624,942,000
웰바이오텍 010600 자본잉여금 9,178,521,306 9,178,521,306
웰바이오텍 010600 자본조정 0 0
웰바이오텍 010600 기타포괄손익누계액 0 0
웰바이오텍 010600 이익잉여금(결손금) -49,190,730,764 -49,064,896,928
웰바이오텍 010600 자본총계 22,581,439,454 22,618,980,485
웰바이오텍 010600 자본과부채총계 69,565,698,951 71,489,093,826
date : 2018-06-30
웰바이오텍 010600 유동자산 32,478,169,608 33,323,148,392
웰바이오텍 010600 현금및현금성자산 1,144,303,760 5,050,769,939
웰바이오텍 010600 매출채권 및 기타유동채권
웰바이오텍 010600 재고자산 405,022,430 1,589,964,166
웰바이오텍 010600 기타유동금융자산 465,350,591 538,135,361
웰바이오텍 010600 기타유동자산 0 0
웰바이오텍 010600 매각예정비유동자산 0 0
웰바이오텍 010600 비유동자산 34,140,040,332 38,165,945,434
웰바이오텍 010600 장기금융상품 126,000,000 120,000,000
웰바이오텍 010600 기타포괄손익-공정가치 0 0
웰바이오텍 010600 당기손익인식공정가치측정금융자산 0 0
웰바이오텍 010600 종속회사투자 0 0
웰바이오텍 010600 관계회사투자 0 0
웰바이오텍 010600 렌탈자산 0 0
웰바이오텍 010600 유형자산 26,389,323 10,236,430,873
웰바이오텍 010600 무형자산 2,065,195,313 2,327,095,937
웰바이오텍 010600 기타비유동금융자산 150,001,000 151,001,000
웰바이오텍 010600 기타비유동자산 169,203,000 120,230,000
웰바이오텍 010600 사용권자산 0 0
웰바이오텍 010600 이연법인세자산 0 405,246,458
웰바이오텍 010600 자산총계 66,618,209,940 71,489,093,826
웰바이오텍 010600 유동부채 44,273,300,681 47,690,960,997
웰바이오텍 010600 단기매입채무 1,098,992,862 2,335,177,345
웰바이오텍 010600 단기차입금 3,536,923,212 10,912,440,364
웰바이오텍 010600 유동성장기차입금 39,426,040,491 34,087,459,094
웰바이오텍 010600 유동성사채 0 0
웰바이오텍 010600 기타유동금융부채 0 0
웰바이오텍 010600 기타유동부채 211,344,116 350,641,492
웰바이오텍 010600 당기법인세부채 0 0
웰바이오텍 010600 유동리스부채 0 0
웰바이오텍 010600 비유동부채 429,596,761 1,179,152,344
웰바이오텍 010600 사채 0 0
웰바이오텍 010600 장기차입금 0 0
웰바이오텍 010600 기타비유동금융부채 0 0
웰바이오텍 010600 이연법인세부채 0 0
웰바이오텍 010600 비유동리스부채 0 0
웰바이오텍 010600 부채총계 44,702,897,442 48,870,113,341
웰바이오텍 010600 자본금 7,624,942,000 7,624,942,000
웰바이오텍 010600 자본잉여금 0 0
웰바이오텍 010600 자본조정 0 0
웰바이오텍 010600 기타포괄손익누계액 0 0
웰바이오텍 010600 이익잉여금(결손금) -50,272,938,712 -49,064,896,928
웰바이오텍 010600 자본총계 21,915,312,498 22,618,980,485
웰바이오텍 010600 자본과부채총계 66,618,209,940 71,489,093,826
date : 2018-09-30
웰바이오텍 010600 유동자산 57,281,905,488 33,323,148,392
웰바이오텍 010600 현금및현금성자산 11,171,029,790 5,050,769,939
웰바이오텍 010600 매출채권 및 기타유동채권
웰바이오텍 010600 재고자산 295,766,841 1,589,964,166
웰바이오텍 010600 기타유동금융자산 770,019,517 538,135,361
웰바이오텍 010600 기타유동자산 0 0
웰바이오텍 010600 매각예정비유동자산 0 0
웰바이오텍 010600 비유동자산 43,680,467,687 38,165,945,434
웰바이오텍 010600 장기금융상품 147,000,000 120,000,000
웰바이오텍 010600 기타포괄손익-공정가치 0 0
웰바이오텍 010600 당기손익인식공정가치측정금융자산 0 0
웰바이오텍 010600 종속회사투자 0 0
웰바이오텍 010600 관계회사투자 0 0
웰바이오텍 010600 렌탈자산 0 0
웰바이오텍 010600 유형자산 362,937,663 10,236,430,873
웰바이오텍 010600 무형자산 1,567,474,328 2,327,095,937
웰바이오텍 010600 기타비유동금융자산 150,001,000 151,001,000
웰바이오텍 010600 기타비유동자산 849,203,000 120,230,000
웰바이오텍 010600 사용권자산 0 0
웰바이오텍 010600 이연법인세자산 0 405,246,458
웰바이오텍 010600 자산총계 100,962,373,175 71,489,093,826
웰바이오텍 010600 유동부채 51,101,600,561 47,690,960,997
웰바이오텍 010600 단기매입채무 1,316,760,477 2,335,177,345
웰바이오텍 010600 단기차입금 0 10,912,440,364
웰바이오텍 010600 유동성장기차입금 49,594,720,390 34,087,459,094
웰바이오텍 010600 유동성사채 0 0
웰바이오텍 010600 기타유동금융부채 0 0
웰바이오텍 010600 기타유동부채 190,119,694 350,641,492
웰바이오텍 010600 당기법인세부채 0 0
웰바이오텍 010600 유동리스부채 0 0
웰바이오텍 010600 비유동부채 342,495,417 1,179,152,344
웰바이오텍 010600 사채 0 0
웰바이오텍 010600 장기차입금 0 0
웰바이오텍 010600 기타비유동금융부채 0 0
웰바이오텍 010600 이연법인세부채 0 0
웰바이오텍 010600 비유동리스부채 0 0
웰바이오텍 010600 부채총계 51,444,095,978 48,870,113,341
웰바이오텍 010600 자본금 11,582,687,000 7,624,942,000
웰바이오텍 010600 자본잉여금 0 0
웰바이오텍 010600 자본조정 0 0
웰바이오텍 010600 기타포괄손익누계액 0 0
웰바이오텍 010600 이익잉여금(결손금) -51,134,386,947 -49,064,896,928
웰바이오텍 010600 자본총계 49,518,277,197 22,618,980,485
웰바이오텍 010600 자본과부채총계 100,962,373,175 71,489,093,826
date : 2018-12-31
웰바이오텍 010600 유동자산 59,027,918,296 33,323,148,392
웰바이오텍 010600 현금및현금성자산 15,275,181,025 5,050,769,939
웰바이오텍 010600 매출채권 0 0
웰바이오텍 010600 재고자산 1,286,679,892 1,589,964,166
웰바이오텍 010600 기타유동금융자산 0 0
웰바이오텍 010600 기타유동자산 611,491,799 537,642,211
웰바이오텍 010600 매각예정비유동자산 0 0
웰바이오텍 010600 비유동자산 38,420,981,758 38,165,945,434
웰바이오텍 010600 장기금융상품 168,000,000 120,000,000
웰바이오텍 010600 기타포괄손익-공정가치 0 0
웰바이오텍 010600 당기손익인식공정가치측정금융자산 0 0
웰바이오텍 010600 종속회사투자 0 0
웰바이오텍 010600 관계회사투자 0 0
웰바이오텍 010600 렌탈자산 0 0
웰바이오텍 010600 유형자산 682,392,404 10,236,430,873
웰바이오텍 010600 무형자산 0 0
웰바이오텍 010600 기타비유동금융자산 0 0
웰바이오텍 010600 기타비유동자산 0 0
웰바이오텍 010600 사용권자산 0 0
웰바이오텍 010600 이연법인세자산 405,246,458 29,639,655
웰바이오텍 010600 자산총계 0 0
웰바이오텍 010600 유동부채 23,979,512,375 47,690,960,997
웰바이오텍 010600 단기매입채무 0 0
웰바이오텍 010600 단기차입금 0 0
웰바이오텍 010600 유동성장기차입금 0 0
웰바이오텍 010600 유동성사채 0 0
웰바이오텍 010600 기타유동금융부채 0 0
웰바이오텍 010600 기타유동부채 1,267,425,842 350,641,492
웰바이오텍 010600 당기법인세부채 83,281,774 5,242,702
웰바이오텍 010600 유동리스부채 0 0
웰바이오텍 010600 비유동부채 283,836,819 1,179,152,344
웰바이오텍 010600 사채 0 0
웰바이오텍 010600 장기차입금 0 0
웰바이오텍 010600 기타비유동금융부채 0 0
웰바이오텍 010600 이연법인세부채 0 0
웰바이오텍 010600 비유동리스부채 0 0
웰바이오텍 010600 부채총계 0 0
웰바이오텍 010600 자본금 18,479,719,000 7,624,942,000
웰바이오텍 010600 자본잉여금 0 0
웰바이오텍 010600 자본조정 0 0
웰바이오텍 010600 기타포괄손익누계액 0 0
웰바이오텍 010600 이익잉여금(결손금) 0 0
웰바이오텍 010600 자본총계 0 0
웰바이오텍 010600 자본과부채총계 0 0
date : 2019-03-31
웰바이오텍 010600 유동자산 75,625,329,308 59,027,918,296
웰바이오텍 010600 현금및현금성자산 21,821,728,709 15,275,181,025
웰바이오텍 010600 매출채권 0 0
웰바이오텍 010600 재고자산 2,446,424,210 1,286,679,892
웰바이오텍 010600 기타유동금융자산 0 0
웰바이오텍 010600 기타유동자산 2,573,325,549 611,491,799
웰바이오텍 010600 매각예정비유동자산 0 0
웰바이오텍 010600 비유동자산 25,954,246,796 38,420,981,758
웰바이오텍 010600 장기금융상품 168,000,000 38,420,981,758
웰바이오텍 010600 기타포괄손익-공정가치 0 0
웰바이오텍 010600 당기손익인식공정가치측정금융자산 0 0
웰바이오텍 010600 종속회사투자 0 0
웰바이오텍 010600 관계회사투자 0 0
웰바이오텍 010600 렌탈자산 0 0
웰바이오텍 010600 유형자산 631,393,211 682,392,404
웰바이오텍 010600 무형자산 0 0
웰바이오텍 010600 기타비유동금융자산 0 0
웰바이오텍 010600 기타비유동자산 0 0
웰바이오텍 010600 사용권자산 2,339,713,112 682,392,404
웰바이오텍 010600 이연법인세자산 0 0
웰바이오텍 010600 자산총계 0 0
웰바이오텍 010600 유동부채 13,047,372,924 23,979,512,375
웰바이오텍 010600 단기매입채무 0 0
웰바이오텍 010600 단기차입금 0 0
웰바이오텍 010600 유동성장기차입금 0 0
웰바이오텍 010600 유동성사채 0 0
웰바이오텍 010600 기타유동금융부채 0 0
웰바이오텍 010600 기타유동부채 538,602,189 1,267,425,842
웰바이오텍 010600 당기법인세부채 225,084,498 83,281,774
웰바이오텍 010600 유동리스부채 0 0
웰바이오텍 010600 비유동부채 2,700,944,946 283,836,819
웰바이오텍 010600 사채 0 0
웰바이오텍 010600 장기차입금 0 0
웰바이오텍 010600 기타비유동금융부채 0 0
웰바이오텍 010600 이연법인세부채 0 0
웰바이오텍 010600 비유동리스부채 0 0
웰바이오텍 010600 부채총계 0 0
웰바이오텍 010600 자본금 20,783,990,500 18,479,719,000
웰바이오텍 010600 자본잉여금 0 0
웰바이오텍 010600 자본조정 0 0
웰바이오텍 010600 기타포괄손익누계액 0 0
웰바이오텍 010600 이익잉여금(결손금) 0 0
웰바이오텍 010600 자본총계 0 0
웰바이오텍 010600 자본과부채총계 0 0
