date : 2019-03-31
S-Oil 010950 유동자산 6,201,903,000,000 5,850,562,000,000
S-Oil 010950 현금및현금성자산 1,140,855,000,000 661,678,000,000
S-Oil 010950 매출채권 1,324,282,000,000 1,641,457,000,000
S-Oil 010950 재고자산 3,314,810,000,000 3,139,082,000,000
S-Oil 010950 기타유동자산 173,296,000,000 129,222,000,000
S-Oil 010950 비유동자산 10,326,005,000,000 10,230,950,000,000
S-Oil 010950 유형자산 9,578,905,000,000 9,599,350,000,000
S-Oil 010950 무형자산 45,519,000,000 47,200,000,000
S-Oil 010950 기타비유동자산 391,097,000,000 274,978,000,000
S-Oil 010950 자산총계 16,527,908,000,000 16,081,512,000,000
S-Oil 010950 유동부채 6,052,595,000,000 5,790,228,000,000
S-Oil 010950 당기법인세부채 10,376,000,000 8,065,000,000
S-Oil 010950 기타유동부채 841,137,000,000 611,545,000,000
S-Oil 010950 비유동부채 3,916,974,000,000 3,829,695,000,000
S-Oil 010950 이연법인세부채 213,590,000,000 195,544,000,000
S-Oil 010950 부채총계 9,969,569,000,000 9,619,923,000,000
S-Oil 010950 자본금 291,512,000,000 291,512,000,000
S-Oil 010950 자본총계 6,558,339,000,000 6,461,589,000,000
S-Oil 010950 자본과부채총계 16,527,908,000,000 16,081,512,000,000
