date : 2015-12-31
두산건설 011160 유동자산 1,599,160,246,728 2,459,346,154,179
두산건설 011160 현금및현금성자산 50,269,612,624 96,883,055,929
두산건설 011160 매출채권 491,575,736,371 560,082,895,686
두산건설 011160 재고자산 67,821,977,775 21,637,320,106
두산건설 011160 기타유동금융자산 0 0
두산건설 011160 기타유동자산 327,430,183,182 254,562,555,048
두산건설 011160 매각예정비유동자산 0 0
두산건설 011160 비유동자산 2,569,450,218,694 2,551,779,512,875
두산건설 011160 장기금융상품 50,171,760 52,171,760
두산건설 011160 기타포괄손익-공정가치 0 0
두산건설 011160 당기손익인식공정가치측정금융자산 0 0
두산건설 011160 종속회사투자 0 0
두산건설 011160 관계회사투자 0 0
두산건설 011160 렌탈자산 0 0
두산건설 011160 유형자산 580,539,435,603 817,298,498,849
두산건설 011160 무형자산 315,457,062,418 328,826,550,251
두산건설 011160 기타비유동금융자산 0 0
두산건설 011160 기타비유동자산 1,014,753,949,249 684,959,378,217
두산건설 011160 사용권자산 0 0
두산건설 011160 이연법인세자산 210,125,449,757 208,494,539,664
두산건설 011160 자산총계 4,168,610,465,422 5,011,125,667,054
두산건설 011160 유동부채 2,298,088,780,597 2,541,307,091,363
두산건설 011160 단기매입채무 0 0
두산건설 011160 단기차입금 499,050,030,670 560,372,320,432
두산건설 011160 유동성장기차입금 0 0
두산건설 011160 유동성사채 0 0
두산건설 011160 기타유동금융부채 0 0
두산건설 011160 기타유동부채 72,268,654,349 130,616,345,780
두산건설 011160 당기법인세부채 0 0
두산건설 011160 유동리스부채 0 0
두산건설 011160 비유동부채 383,817,895,592 460,604,317,169
두산건설 011160 사채 134,827,973,577 242,474,516,020
두산건설 011160 장기차입금 82,287,939,960 26,135,657,610
두산건설 011160 기타비유동금융부채 0 0
두산건설 011160 이연법인세부채 0 0
두산건설 011160 비유동리스부채 0 0
두산건설 011160 부채총계 2,681,906,676,189 3,001,911,408,532
두산건설 011160 자본금 420,563,710,000 399,562,515,000
두산건설 011160 자본잉여금 635,019,809,522 615,428,365,035
두산건설 011160 자본조정 0 0
두산건설 011160 기타포괄손익누계액 131,216,228,416 156,207,947,478
두산건설 011160 이익잉여금(결손금) 0 0
두산건설 011160 자본총계 1,486,703,789,233 2,009,214,258,522
두산건설 011160 자본과부채총계 0 0
date : 2016-03-31
두산건설 011160 유동자산 1,721,378,383,597 1,599,160,246,728
두산건설 011160 현금및현금성자산 58,968,443,666 50,269,612,624
두산건설 011160 매출채권 469,832,871,788 491,575,736,371
두산건설 011160 재고자산 67,071,392,094 67,821,977,775
두산건설 011160 기타유동금융자산 0 0
두산건설 011160 기타유동자산 230,028,511,459 233,521,145,392
두산건설 011160 매각예정비유동자산 150,060,557,761 93,909,037,790
두산건설 011160 비유동자산 2,215,081,531,503 2,569,450,218,694
두산건설 011160 장기금융상품 50,171,760 50,171,760
두산건설 011160 기타포괄손익-공정가치 0 0
두산건설 011160 당기손익인식공정가치측정금융자산 0 0
두산건설 011160 종속회사투자 0 0
두산건설 011160 관계회사투자 0 0
두산건설 011160 렌탈자산 0 0
두산건설 011160 유형자산 570,515,405,651 580,539,435,603
두산건설 011160 무형자산 228,465,296,302 315,457,062,418
두산건설 011160 기타비유동금융자산 0 0
두산건설 011160 기타비유동자산 909,761,537,022 1,014,753,949,249
두산건설 011160 사용권자산 0 0
두산건설 011160 이연법인세자산 210,125,449,757 210,125,449,757
두산건설 011160 자산총계 3,936,459,915,100 4,168,610,465,422
두산건설 011160 유동부채 2,187,702,584,738 2,298,088,780,597
두산건설 011160 단기매입채무 0 0
두산건설 011160 단기차입금 480,033,125,912 499,050,030,670
두산건설 011160 유동성장기차입금 0 0
두산건설 011160 유동성사채 0 0
두산건설 011160 기타유동금융부채 0 0
두산건설 011160 기타유동부채 97,770,307,193 72,268,654,349
두산건설 011160 당기법인세부채 0 0
두산건설 011160 유동리스부채 0 0
두산건설 011160 비유동부채 372,869,836,095 383,817,895,592
두산건설 011160 사채 136,773,843,389 134,827,973,577
두산건설 011160 장기차입금 77,239,356,810 82,287,939,960
두산건설 011160 기타비유동금융부채 0 0
두산건설 011160 이연법인세부채 0 0
두산건설 011160 비유동리스부채 0 0
두산건설 011160 부채총계 2,560,572,420,833 2,681,906,676,189
두산건설 011160 자본금 420,689,315,000 420,563,710,000
두산건설 011160 자본잉여금 635,103,556,094 635,019,809,522
두산건설 011160 자본조정 0 0
두산건설 011160 기타포괄손익누계액 117,906,119,620 131,216,228,416
두산건설 011160 이익잉여금(결손금) 0 0
두산건설 011160 자본총계 1,375,887,494,267 1,486,703,789,233
두산건설 011160 자본과부채총계 0 0
date : 2016-06-30
두산건설 011160 유동자산 1,556,796,017,356 1,599,160,246,728
두산건설 011160 현금및현금성자산 72,496,996,962 50,269,612,624
두산건설 011160 매출채권 386,300,525,181 491,575,736,371
두산건설 011160 재고자산 44,164,536,305 67,821,977,775
두산건설 011160 기타유동금융자산 0 0
두산건설 011160 기타유동자산 236,425,822,034 233,521,145,392
두산건설 011160 매각예정비유동자산 326,415,136,728 93,909,037,790
두산건설 011160 비유동자산 1,981,482,566,343 2,569,450,218,694
두산건설 011160 장기금융상품 51,671,760 50,171,760
두산건설 011160 기타포괄손익-공정가치 0 0
두산건설 011160 당기손익인식공정가치측정금융자산 0 0
두산건설 011160 종속회사투자 0 0
두산건설 011160 관계회사투자 0 0
두산건설 011160 렌탈자산 0 0
두산건설 011160 유형자산 295,043,712,369 580,539,435,603
두산건설 011160 무형자산 5,983,904,977 315,457,062,418
두산건설 011160 기타비유동금융자산 0 0
두산건설 011160 기타비유동자산 946,992,381,802 1,014,753,949,249
두산건설 011160 사용권자산 0 0
두산건설 011160 이연법인세자산 210,125,449,757 210,125,449,757
두산건설 011160 자산총계 3,538,278,583,699 4,168,610,465,422
두산건설 011160 유동부채 1,863,394,372,680 2,298,088,780,597
두산건설 011160 단기매입채무 0 0
두산건설 011160 단기차입금 391,237,953,273 499,050,030,670
두산건설 011160 유동성장기차입금 0 0
두산건설 011160 유동성사채 0 0
두산건설 011160 기타유동금융부채 0 0
두산건설 011160 기타유동부채 93,214,755,453 72,268,654,349
두산건설 011160 당기법인세부채 0 0
두산건설 011160 유동리스부채 0 0
두산건설 011160 비유동부채 319,996,000,814 383,817,895,592
두산건설 011160 사채 136,232,933,227 134,827,973,577
두산건설 011160 장기차입금 72,000,000,000 82,287,939,960
두산건설 011160 기타비유동금융부채 0 0
두산건설 011160 이연법인세부채 0 0
두산건설 011160 비유동리스부채 0 0
두산건설 011160 부채총계 2,183,390,373,494 2,681,906,676,189
두산건설 011160 자본금 51,177,256,000 420,563,710,000
두산건설 011160 자본잉여금 1,012,020,629,066 635,019,809,522
두산건설 011160 자본조정 0 0
두산건설 011160 기타포괄손익누계액 114,950,980,313 131,216,228,416
두산건설 011160 이익잉여금(결손금) 0 0
두산건설 011160 자본총계 1,354,888,210,205 1,486,703,789,233
두산건설 011160 자본과부채총계 0 0
date : 2016-09-30
두산건설 011160 유동자산 1,270,950,142,108 1,599,160,246,728
두산건설 011160 현금및현금성자산 55,133,037,764 50,269,612,624
두산건설 011160 매출채권 366,105,634,339 491,575,736,371
두산건설 011160 재고자산 44,892,162,095 67,821,977,775
두산건설 011160 기타유동금융자산 0 0
두산건설 011160 기타유동자산 219,612,680,711 233,521,145,392
두산건설 011160 매각예정비유동자산 77,623,868,297 93,909,037,790
두산건설 011160 비유동자산 2,007,224,071,176 2,569,450,218,694
두산건설 011160 장기금융상품 49,171,760 50,171,760
두산건설 011160 기타포괄손익-공정가치 0 0
두산건설 011160 당기손익인식공정가치측정금융자산 0 0
두산건설 011160 종속회사투자 0 0
두산건설 011160 관계회사투자 0 0
두산건설 011160 렌탈자산 0 0
두산건설 011160 유형자산 294,617,628,812 580,539,435,603
두산건설 011160 무형자산 6,062,283,970 315,457,062,418
두산건설 011160 기타비유동금융자산 0 0
두산건설 011160 기타비유동자산 936,274,578,683 1,014,753,949,249
두산건설 011160 사용권자산 0 0
두산건설 011160 이연법인세자산 210,125,449,757 210,125,449,757
두산건설 011160 자산총계 3,278,174,213,284 4,168,610,465,422
두산건설 011160 유동부채 1,626,372,603,267 2,298,088,780,597
두산건설 011160 단기매입채무 0 0
두산건설 011160 단기차입금 296,380,647,678 499,050,030,670
두산건설 011160 유동성장기차입금 0 0
두산건설 011160 유동성사채 0 0
두산건설 011160 기타유동금융부채 0 0
두산건설 011160 기타유동부채 106,112,933,864 72,268,654,349
두산건설 011160 당기법인세부채 0 0
두산건설 011160 유동리스부채 0 0
두산건설 011160 비유동부채 314,701,150,971 383,817,895,592
두산건설 011160 사채 132,292,818,172 134,827,973,577
두산건설 011160 장기차입금 67,000,000,000 82,287,939,960
두산건설 011160 기타비유동금융부채 0 0
두산건설 011160 이연법인세부채 0 0
두산건설 011160 비유동리스부채 0 0
두산건설 011160 부채총계 1,941,073,754,238 2,681,906,676,189
두산건설 011160 자본금 54,264,536,500 420,563,710,000
두산건설 011160 자본잉여금 1,037,456,311,688 635,019,809,522
두산건설 011160 자본조정 0 0
두산건설 011160 기타포괄손익누계액 114,867,922,009 131,216,228,416
두산건설 011160 이익잉여금(결손금) 0 0
두산건설 011160 자본총계 1,337,100,459,046 1,486,703,789,233
두산건설 011160 자본과부채총계 0 0
date : 2016-12-31
두산건설 011160 유동자산 1,217,798,858,529 1,599,160,246,728
두산건설 011160 현금및현금성자산 76,158,849,377 50,269,612,624
두산건설 011160 매출채권 363,271,717,854 491,575,736,371
두산건설 011160 재고자산 45,103,859,785 67,821,977,775
두산건설 011160 기타유동금융자산 0 0
두산건설 011160 기타유동자산 200,547,518,054 233,521,145,392
두산건설 011160 매각예정비유동자산 139,729,386,833 93,909,037,790
두산건설 011160 비유동자산 1,849,051,520,992 2,569,450,218,694
두산건설 011160 장기금융상품 49,171,760 50,171,760
두산건설 011160 기타포괄손익-공정가치 0 0
두산건설 011160 당기손익인식공정가치측정금융자산 0 0
두산건설 011160 종속회사투자 0 0
두산건설 011160 관계회사투자 0 0
두산건설 011160 렌탈자산 0 0
두산건설 011160 유형자산 293,856,220,498 580,539,435,603
두산건설 011160 무형자산 5,786,246,159 315,457,062,418
두산건설 011160 기타비유동금융자산 0 0
두산건설 011160 기타비유동자산 802,290,466,911 1,014,753,949,249
두산건설 011160 사용권자산 0 0
두산건설 011160 이연법인세자산 210,125,449,757 210,125,449,757
두산건설 011160 자산총계 3,066,850,379,521 4,168,610,465,422
두산건설 011160 유동부채 1,684,568,197,597 2,298,088,780,597
두산건설 011160 단기매입채무 0 0
두산건설 011160 단기차입금 213,740,147,162 499,050,030,670
두산건설 011160 유동성장기차입금 0 0
두산건설 011160 유동성사채 0 0
두산건설 011160 기타유동금융부채 0 0
두산건설 011160 기타유동부채 81,169,069,403 72,268,654,349
두산건설 011160 당기법인세부채 0 0
두산건설 011160 유동리스부채 0 0
두산건설 011160 비유동부채 257,069,407,430 383,817,895,592
두산건설 011160 사채 134,389,730,521 134,827,973,577
두산건설 011160 장기차입금 0 82,287,939,960
두산건설 011160 기타비유동금융부채 0 0
두산건설 011160 이연법인세부채 0 0
두산건설 011160 비유동리스부채 0 0
두산건설 011160 부채총계 1,941,637,605,027 2,681,906,676,189
두산건설 011160 자본금 54,264,536,500 420,563,710,000
두산건설 011160 자본잉여금 1,038,006,161,549 635,019,809,522
두산건설 011160 자본조정 0 0
두산건설 011160 기타포괄손익누계액 140,937,262,246 131,216,228,416
두산건설 011160 이익잉여금(결손금) 0 0
두산건설 011160 자본총계 1,125,212,774,494 1,486,703,789,233
두산건설 011160 자본과부채총계 0 0
date : 2017-03-31
두산건설 011160 유동자산 1,322,888,374,111 1,217,798,858,529
두산건설 011160 현금및현금성자산 171,344,752,278 76,158,849,377
두산건설 011160 매출채권 387,844,347,622 363,271,717,854
두산건설 011160 재고자산 48,674,317,086 45,103,859,785
두산건설 011160 기타유동금융자산 0 0
두산건설 011160 기타유동자산 217,704,748,767 200,547,518,054
두산건설 011160 매각예정비유동자산 89,123,376,842 139,729,386,833
두산건설 011160 비유동자산 1,798,003,784,406 1,849,051,520,992
두산건설 011160 장기금융상품 49,171,760 49,171,760
두산건설 011160 기타포괄손익-공정가치 0 0
두산건설 011160 당기손익인식공정가치측정금융자산 0 0
두산건설 011160 종속회사투자 0 0
두산건설 011160 관계회사투자 0 0
두산건설 011160 렌탈자산 0 0
두산건설 011160 유형자산 292,886,964,685 293,856,220,498
두산건설 011160 무형자산 7,725,669,402 5,786,246,159
두산건설 011160 기타비유동금융자산 0 0
두산건설 011160 기타비유동자산 772,361,684,026 802,290,466,911
두산건설 011160 사용권자산 0 0
두산건설 011160 이연법인세자산 210,125,449,757 210,125,449,757
두산건설 011160 자산총계 3,120,892,158,517 3,066,850,379,521
두산건설 011160 유동부채 1,641,124,775,081 1,684,568,197,597
두산건설 011160 단기매입채무 0 0
두산건설 011160 단기차입금 187,016,097,662 213,740,147,162
두산건설 011160 유동성장기차입금 0 0
두산건설 011160 유동성사채 0 0
두산건설 011160 기타유동금융부채 0 0
두산건설 011160 기타유동부채 68,555,506,722 81,169,069,403
두산건설 011160 당기법인세부채 0 0
두산건설 011160 유동리스부채 0 0
두산건설 011160 비유동부채 399,367,122,398 257,069,407,430
두산건설 011160 사채 272,176,728,548 134,389,730,521
두산건설 011160 장기차입금 0 0
두산건설 011160 기타비유동금융부채 0 0
두산건설 011160 이연법인세부채 0 0
두산건설 011160 비유동리스부채 0 0
두산건설 011160 부채총계 2,040,491,897,479 1,941,637,605,027
두산건설 011160 자본금 54,265,647,000 54,264,536,500
두산건설 011160 자본잉여금 157,183,137,618 1,038,006,161,549
두산건설 011160 자본조정 0 0
두산건설 011160 기타포괄손익누계액 126,458,488,885 140,937,262,246
두산건설 011160 이익잉여금(결손금) 0 0
두산건설 011160 자본총계 1,080,400,261,038 1,125,212,774,494
두산건설 011160 자본과부채총계 0 0
date : 2017-06-30
두산건설 011160 유동자산 1,131,774,927,259 1,217,798,858,529
두산건설 011160 현금및현금성자산 120,332,010,832 76,158,849,377
두산건설 011160 매출채권 338,164,976,921 363,271,717,854
두산건설 011160 재고자산 4,218,425,908 45,103,859,785
두산건설 011160 기타유동금융자산 0 0
두산건설 011160 기타유동자산 198,815,307,584 200,547,518,054
두산건설 011160 매각예정비유동자산 27,442,596,352 139,729,386,833
두산건설 011160 비유동자산 1,864,552,351,355 1,849,051,520,992
두산건설 011160 장기금융상품 176,206,649 49,171,760
두산건설 011160 기타포괄손익-공정가치 0 0
두산건설 011160 당기손익인식공정가치측정금융자산 0 0
두산건설 011160 종속회사투자 0 0
두산건설 011160 관계회사투자 0 0
두산건설 011160 렌탈자산 0 0
두산건설 011160 유형자산 292,198,066,023 293,856,220,498
두산건설 011160 무형자산 7,846,764,435 5,786,246,159
두산건설 011160 기타비유동금융자산 0 0
두산건설 011160 기타비유동자산 874,292,377,527 802,290,466,911
두산건설 011160 사용권자산 0 0
두산건설 011160 이연법인세자산 210,125,449,757 210,125,449,757
두산건설 011160 자산총계 2,996,327,278,614 3,066,850,379,521
두산건설 011160 유동부채 1,634,471,461,714 1,684,568,197,597
두산건설 011160 단기매입채무 0 0
두산건설 011160 단기차입금 168,906,247,154 213,740,147,162
두산건설 011160 유동성장기차입금 0 0
두산건설 011160 유동성사채 0 0
두산건설 011160 기타유동금융부채 0 0
두산건설 011160 기타유동부채 65,694,836,334 81,169,069,403
두산건설 011160 당기법인세부채 0 0
두산건설 011160 유동리스부채 0 0
두산건설 011160 비유동부채 264,427,224,968 257,069,407,430
두산건설 011160 사채 135,990,257,516 134,389,730,521
두산건설 011160 장기차입금 0 0
두산건설 011160 기타비유동금융부채 0 0
두산건설 011160 이연법인세부채 0 0
두산건설 011160 비유동리스부채 0 0
두산건설 011160 부채총계 1,898,898,686,682 1,941,637,605,027
두산건설 011160 자본금 54,481,531,500 54,264,536,500
두산건설 011160 자본잉여금 158,288,324,597 1,038,006,161,549
두산건설 011160 자본조정 0 0
두산건설 011160 기타포괄손익누계액 76,830,481,659 140,937,262,246
두산건설 011160 이익잉여금(결손금) 0 0
두산건설 011160 자본총계 1,097,428,591,932 1,125,212,774,494
두산건설 011160 자본과부채총계 0 0
date : 2017-09-30
두산건설 011160 유동자산 1,105,882,414,565 1,190,228,529,646
두산건설 011160 현금및현금성자산 77,230,364,816 76,158,849,377
두산건설 011160 매출채권 343,133,382,560 363,271,717,854
두산건설 011160 재고자산 9,526,151,404 45,103,859,785
두산건설 011160 기타유동금융자산 0 0
두산건설 011160 기타유동자산 198,323,492,304 200,547,518,054
두산건설 011160 매각예정비유동자산 0 112,159,057,950
두산건설 011160 비유동자산 1,828,414,558,821 1,876,621,849,875
두산건설 011160 장기금융상품 49,171,760 49,171,760
두산건설 011160 기타포괄손익-공정가치 0 0
두산건설 011160 당기손익인식공정가치측정금융자산 0 0
두산건설 011160 종속회사투자 0 0
두산건설 011160 관계회사투자 0 0
두산건설 011160 렌탈자산 0 0
두산건설 011160 유형자산 262,671,397,689 293,856,220,498
두산건설 011160 무형자산 6,949,752,882 5,786,246,159
두산건설 011160 기타비유동금융자산 0 0
두산건설 011160 기타비유동자산 856,843,807,335 802,290,466,911
두산건설 011160 사용권자산 0 0
두산건설 011160 이연법인세자산 210,125,449,757 210,125,449,757
두산건설 011160 자산총계 2,934,296,973,386 3,066,850,379,521
두산건설 011160 유동부채 1,608,223,546,129 1,684,568,197,597
두산건설 011160 단기매입채무 0 0
두산건설 011160 단기차입금 128,123,990,944 213,740,147,162
두산건설 011160 유동성장기차입금 0 0
두산건설 011160 유동성사채 0 0
두산건설 011160 기타유동금융부채 0 0
두산건설 011160 기타유동부채 118,547,102,844 81,169,069,403
두산건설 011160 당기법인세부채 0 0
두산건설 011160 유동리스부채 0 0
두산건설 011160 비유동부채 289,387,722,294 257,069,407,430
두산건설 011160 사채 138,355,594,201 134,389,730,521
두산건설 011160 장기차입금 0 0
두산건설 011160 기타비유동금융부채 0 0
두산건설 011160 이연법인세부채 0 0
두산건설 011160 비유동리스부채 0 0
두산건설 011160 부채총계 1,897,611,268,423 1,941,637,605,027
두산건설 011160 자본금 54,495,260,500 54,264,536,500
두산건설 011160 자본잉여금 158,140,600,103 1,038,006,161,549
두산건설 011160 자본조정 0 0
두산건설 011160 기타포괄손익누계액 76,171,691,550 140,937,262,246
두산건설 011160 이익잉여금(결손금) 0 0
두산건설 011160 자본총계 1,036,685,704,963 1,125,212,774,494
두산건설 011160 자본과부채총계 2,934,296,973,386 3,066,850,379,521
date : 2017-12-31
두산건설 011160 유동자산 961,350,801,847 1,190,228,529,646
두산건설 011160 현금및현금성자산 100,265,215,976 76,158,849,377
두산건설 011160 매출채권 342,531,765,928 363,271,717,854
두산건설 011160 재고자산 6,654,464,534 45,103,859,785
두산건설 011160 기타유동금융자산 0 0
두산건설 011160 기타유동자산 176,605,810,286 200,547,518,054
두산건설 011160 매각예정비유동자산 0 112,159,057,950
두산건설 011160 비유동자산 1,848,478,614,443 1,876,621,849,875
두산건설 011160 장기금융상품 49,171,760 49,171,760
두산건설 011160 기타포괄손익-공정가치 0 0
두산건설 011160 당기손익인식공정가치측정금융자산 0 0
두산건설 011160 종속회사투자 0 0
두산건설 011160 관계회사투자 291,573,392,097 205,794,200,987
두산건설 011160 렌탈자산 0 0
두산건설 011160 유형자산 265,588,974,322 293,856,220,498
두산건설 011160 무형자산 6,562,957,109 5,786,246,159
두산건설 011160 기타비유동금융자산 0 0
두산건설 011160 기타비유동자산 935,871,338,344 802,290,466,911
두산건설 011160 사용권자산 0 0
두산건설 011160 이연법인세자산 209,026,373,422 210,125,449,757
두산건설 011160 자산총계 2,809,829,416,290 3,066,850,379,521
두산건설 011160 유동부채 1,523,252,447,283 1,684,568,197,597
두산건설 011160 단기매입채무 0 0
두산건설 011160 단기차입금 51,971,648,722 213,740,147,162
두산건설 011160 유동성장기차입금 0 0
두산건설 011160 유동성사채 0 0
두산건설 011160 기타유동금융부채 0 0
두산건설 011160 기타유동부채 78,261,613,695 81,169,069,403
두산건설 011160 당기법인세부채 0 0
두산건설 011160 유동리스부채 0 0
두산건설 011160 비유동부채 339,403,356,110 257,069,407,430
두산건설 011160 사채 141,035,749,067 134,389,730,521
두산건설 011160 장기차입금 73,000,000,000 0
두산건설 011160 기타비유동금융부채 0 0
두산건설 011160 이연법인세부채 0 0
두산건설 011160 비유동리스부채 0 0
두산건설 011160 부채총계 1,862,655,803,393 1,941,637,605,027
두산건설 011160 자본금 54,500,300,000 54,264,536,500
두산건설 011160 자본잉여금 157,483,299,703 1,038,006,161,549
두산건설 011160 자본조정 0 0
두산건설 011160 기타포괄손익누계액 89,970,982,092 140,937,262,246
두산건설 011160 이익잉여금(결손금) 665,251,211,798 -88,267,220,205
두산건설 011160 자본총계 947,173,612,897 1,125,212,774,494
두산건설 011160 자본과부채총계 2,809,829,416,290 3,066,850,379,521
date : 2018-03-31
두산건설 011160 유동자산 959,642,833,878 961,350,801,847
두산건설 011160 현금및현금성자산 131,774,866,919 100,265,215,976
두산건설 011160 매출채권 337,885,813,992 342,531,765,928
두산건설 011160 재고자산 3,663,948,735 6,654,464,534
두산건설 011160 기타유동금융자산 0 0
두산건설 011160 기타유동자산 132,563,238,792 176,605,810,286
두산건설 011160 매각예정비유동자산 0 0
두산건설 011160 비유동자산 1,759,392,086,378 1,848,478,614,443
두산건설 011160 장기금융상품 166,671,760 49,171,760
두산건설 011160 기타포괄손익-공정가치 0 0
두산건설 011160 당기손익인식공정가치측정금융자산 0 0
두산건설 011160 종속회사투자 0 0
두산건설 011160 관계회사투자 277,314,361,795 291,573,392,097
두산건설 011160 렌탈자산 0 0
두산건설 011160 유형자산 264,731,432,135 265,588,974,322
두산건설 011160 무형자산 5,888,225,975 6,562,957,109
두산건설 011160 기타비유동금융자산 0 0
두산건설 011160 기타비유동자산 854,966,887,905 935,871,338,344
두산건설 011160 사용권자산 0 0
두산건설 011160 이연법인세자산 209,026,373,422 209,026,373,422
두산건설 011160 자산총계 2,719,034,920,256 2,809,829,416,290
두산건설 011160 유동부채 1,694,832,119,692 1,523,252,447,283
두산건설 011160 단기매입채무 0 0
두산건설 011160 단기차입금 78,252,375,186 51,971,648,722
두산건설 011160 유동성장기차입금 0 0
두산건설 011160 유동성사채 0 0
두산건설 011160 기타유동금융부채 0 0
두산건설 011160 기타유동부채 80,050,371,923 78,261,613,695
두산건설 011160 당기법인세부채 0 0
두산건설 011160 유동리스부채 0 0
두산건설 011160 비유동부채 191,772,852,536 339,403,356,110
두산건설 011160 사채 0 141,035,749,067
두산건설 011160 장기차입금 68,000,000,000 73,000,000,000
두산건설 011160 기타비유동금융부채 0 0
두산건설 011160 이연법인세부채 0 0
두산건설 011160 비유동리스부채 0 0
두산건설 011160 부채총계 1,886,604,972,228 1,862,655,803,393
두산건설 011160 자본금 54,514,948,500 54,500,300,000
두산건설 011160 자본잉여금 157,556,025,537 157,483,299,703
두산건설 011160 자본조정 0 0
두산건설 011160 기타포괄손익누계액 67,144,325,918 89,970,982,092
두산건설 011160 이익잉여금(결손금) 0 0
두산건설 011160 자본총계 2,719,034,920,256 2,809,829,416,290
두산건설 011160 자본과부채총계 0 0
date : 2018-06-30
두산건설 011160 유동자산 977,030,392,049 961,350,801,847
두산건설 011160 현금및현금성자산 177,751,903,200 100,265,215,976
두산건설 011160 매출채권 345,260,143,619 342,531,765,928
두산건설 011160 재고자산 11,562,115,493 6,654,464,534
두산건설 011160 기타유동금융자산 0 0
두산건설 011160 기타유동자산 128,190,381,323 176,605,810,286
두산건설 011160 매각예정비유동자산 0 0
두산건설 011160 비유동자산 1,743,973,411,582 1,848,478,614,443
두산건설 011160 장기금융상품 166,671,760 49,171,760
두산건설 011160 기타포괄손익-공정가치 0 0
두산건설 011160 당기손익인식공정가치측정금융자산 0 0
두산건설 011160 종속회사투자 0 0
두산건설 011160 관계회사투자 278,744,907,974 291,573,392,097
두산건설 011160 렌탈자산 0 0
두산건설 011160 유형자산 264,184,472,461 265,588,974,322
두산건설 011160 무형자산 5,369,259,085 6,562,957,109
두산건설 011160 기타비유동금융자산 0 0
두산건설 011160 기타비유동자산 839,183,767,587 935,871,338,344
두산건설 011160 사용권자산 0 0
두산건설 011160 이연법인세자산 209,026,373,422 209,026,373,422
두산건설 011160 자산총계 2,721,003,803,631 2,809,829,416,290
두산건설 011160 유동부채 1,644,548,614,750 1,523,252,447,283
두산건설 011160 단기매입채무 0 0
두산건설 011160 단기차입금 75,539,255,000 51,971,648,722
두산건설 011160 유동성장기차입금 0 0
두산건설 011160 유동성사채 0 0
두산건설 011160 기타유동금융부채 0 0
두산건설 011160 기타유동부채 83,613,119,760 78,261,613,695
두산건설 011160 당기법인세부채 0 0
두산건설 011160 유동리스부채 0 0
두산건설 011160 비유동부채 240,287,257,725 339,403,356,110
두산건설 011160 사채 65,903,517,007 141,035,749,067
두산건설 011160 장기차입금 63,000,000,000 73,000,000,000
두산건설 011160 기타비유동금융부채 0 0
두산건설 011160 이연법인세부채 0 0
두산건설 011160 비유동리스부채 0 0
두산건설 011160 부채총계 1,884,835,872,475 1,862,655,803,393
두산건설 011160 자본금 60,371,209,000 54,500,300,000
두산건설 011160 자본잉여금 191,070,938,304 157,483,299,703
두산건설 011160 자본조정 0 0
두산건설 011160 기타포괄손익누계액 67,144,325,918 89,970,982,092
두산건설 011160 이익잉여금(결손금) 0 0
두산건설 011160 자본총계 2,721,003,803,631 2,809,829,416,290
두산건설 011160 자본과부채총계 0 0
date : 2018-09-30
두산건설 011160 유동자산 917,980,439,389 961,350,801,847
두산건설 011160 현금및현금성자산 129,731,890,114 100,265,215,976
두산건설 011160 매출채권 239,216,582,307 342,531,765,928
두산건설 011160 재고자산 3,059,890,363 6,654,464,534
두산건설 011160 기타유동금융자산 0 0
두산건설 011160 기타유동자산 121,403,035,926 176,605,810,286
두산건설 011160 매각예정비유동자산 0 0
두산건설 011160 비유동자산 1,727,657,989,829 1,848,478,614,443
두산건설 011160 장기금융상품 304,671,760 49,171,760
두산건설 011160 기타포괄손익-공정가치 0 0
두산건설 011160 당기손익인식공정가치측정금융자산 0 0
두산건설 011160 종속회사투자 0 0
두산건설 011160 관계회사투자 0 0
두산건설 011160 렌탈자산 0 0
두산건설 011160 유형자산 263,303,121,086 265,588,974,322
두산건설 011160 무형자산 5,137,625,856 6,562,957,109
두산건설 011160 기타비유동금융자산 0 0
두산건설 011160 기타비유동자산 822,881,952,869 935,871,338,344
두산건설 011160 사용권자산 0 0
두산건설 011160 이연법인세자산 209,026,373,422 209,026,373,422
두산건설 011160 자산총계 2,645,638,429,218 2,809,829,416,290
두산건설 011160 유동부채 1,604,308,799,363 1,523,252,447,283
두산건설 011160 단기매입채무 0 0
두산건설 011160 단기차입금 71,539,255,000 51,971,648,722
두산건설 011160 유동성장기차입금 0 0
두산건설 011160 유동성사채 0 0
두산건설 011160 기타유동금융부채 0 0
두산건설 011160 기타유동부채 64,928,389,692 78,261,613,695
두산건설 011160 당기법인세부채 0 0
두산건설 011160 유동리스부채 0 0
두산건설 011160 비유동부채 234,277,524,862 339,403,356,110
두산건설 011160 사채 66,761,897,540 141,035,749,067
두산건설 011160 장기차입금 58,000,000,000 73,000,000,000
두산건설 011160 기타비유동금융부채 0 0
두산건설 011160 이연법인세부채 0 0
두산건설 011160 비유동리스부채 0 0
두산건설 011160 부채총계 1,838,586,324,225 1,862,655,803,393
두산건설 011160 자본금 60,371,209,000 54,500,300,000
두산건설 011160 자본잉여금 191,070,938,304 157,483,299,703
두산건설 011160 자본조정 0 0
두산건설 011160 기타포괄손익누계액 67,144,325,918 89,970,982,092
두산건설 011160 이익잉여금(결손금) 0 0
두산건설 011160 자본총계 2,645,638,429,218 2,809,829,416,290
두산건설 011160 자본과부채총계 0 0
date : 2018-12-31
두산건설 011160 유동자산 860,430,810,225 961,350,801,847
두산건설 011160 현금및현금성자산 81,963,098,240 100,265,215,976
두산건설 011160 매출채권 226,057,062,901 342,531,765,928
두산건설 011160 재고자산 6,771,876,539 6,654,464,534
두산건설 011160 기타유동금융자산 0 0
두산건설 011160 기타유동자산 136,997,693,562 176,605,810,286
두산건설 011160 매각예정비유동자산 0 0
두산건설 011160 비유동자산 1,476,410,038,653 1,848,478,614,443
두산건설 011160 장기금융상품 274,431,035 49,171,760
두산건설 011160 기타포괄손익-공정가치 0 0
두산건설 011160 당기손익인식공정가치측정금융자산 0 0
두산건설 011160 종속회사투자 0 0
두산건설 011160 관계회사투자 0 0
두산건설 011160 렌탈자산 0 0
두산건설 011160 유형자산 262,554,527,032 265,588,974,322
두산건설 011160 무형자산 4,987,771,038 6,562,957,109
두산건설 011160 기타비유동금융자산 0 0
두산건설 011160 기타비유동자산 642,359,902,545 935,871,338,344
두산건설 011160 사용권자산 0 0
두산건설 011160 이연법인세자산 209,026,373,422 209,026,373,422
두산건설 011160 자산총계 2,336,840,848,878 2,809,829,416,290
두산건설 011160 유동부채 1,895,831,695,312 1,523,252,447,283
두산건설 011160 단기매입채무 0 0
두산건설 011160 단기차입금 66,558,859,359 51,971,648,722
두산건설 011160 유동성장기차입금 0 0
두산건설 011160 유동성사채 0 0
두산건설 011160 기타유동금융부채 0 0
두산건설 011160 기타유동부채 67,913,749,632 78,261,613,695
두산건설 011160 당기법인세부채 0 0
두산건설 011160 유동리스부채 0 0
두산건설 011160 비유동부채 119,187,615,048 339,403,356,110
두산건설 011160 사채 0 141,035,749,067
두산건설 011160 장기차입금 0 73,000,000,000
두산건설 011160 기타비유동금융부채 0 0
두산건설 011160 이연법인세부채 0 0
두산건설 011160 비유동리스부채 0 0
두산건설 011160 부채총계 2,015,019,310,360 1,862,655,803,393
두산건설 011160 자본금 60,371,209,000 54,500,300,000
두산건설 011160 자본잉여금 191,041,902,004 157,483,299,703
두산건설 011160 자본조정 0 0
두산건설 011160 기타포괄손익누계액 67,144,325,918 89,970,982,092
두산건설 011160 이익잉여금(결손금) 0 0
두산건설 011160 자본총계 2,336,840,848,878 2,809,829,416,290
두산건설 011160 자본과부채총계 0 0
date : 2019-03-31
두산건설 011160 유동자산 831,830,249,566 860,430,810,225
두산건설 011160 현금및현금성자산 88,100,393,863 81,963,098,240
두산건설 011160 매출채권 173,083,925,248 226,057,062,901
두산건설 011160 재고자산 8,300,979,543 6,771,876,539
두산건설 011160 기타유동금융자산 0 0
두산건설 011160 기타유동자산 130,766,021,025 136,997,693,562
두산건설 011160 매각예정비유동자산 0 0
두산건설 011160 비유동자산 1,497,901,004,811 1,476,410,038,653
두산건설 011160 장기금융상품 164,909,248 274,431,035
두산건설 011160 기타포괄손익-공정가치 0 0
두산건설 011160 당기손익인식공정가치측정금융자산 0 0
두산건설 011160 종속회사투자 0 0
두산건설 011160 관계회사투자 0 0
두산건설 011160 렌탈자산 0 0
두산건설 011160 유형자산 318,861,276,937 262,554,527,032
두산건설 011160 무형자산 4,758,970,090 4,987,771,038
두산건설 011160 기타비유동금융자산 0 0
두산건설 011160 기타비유동자산 606,889,774,031 642,359,902,545
두산건설 011160 사용권자산 0 0
두산건설 011160 이연법인세자산 209,026,373,422 209,026,373,422
두산건설 011160 자산총계 2,329,731,254,377 2,336,840,848,878
두산건설 011160 유동부채 1,872,981,248,612 1,895,831,695,312
두산건설 011160 단기매입채무 0 0
두산건설 011160 단기차입금 357,039,255,000 66,558,859,359
두산건설 011160 유동성장기차입금 0 0
두산건설 011160 유동성사채 0 0
두산건설 011160 기타유동금융부채 0 0
두산건설 011160 기타유동부채 73,880,480,427 67,913,749,632
두산건설 011160 당기법인세부채 0 0
두산건설 011160 유동리스부채 0 0
두산건설 011160 비유동부채 170,073,171,218 119,187,615,048
두산건설 011160 사채 0 0
두산건설 011160 장기차입금 0 0
두산건설 011160 기타비유동금융부채 0 0
두산건설 011160 이연법인세부채 0 0
두산건설 011160 비유동리스부채 0 0
두산건설 011160 부채총계 2,043,054,419,830 2,015,019,310,360
두산건설 011160 자본금 60,371,209,000 60,371,209,000
두산건설 011160 자본잉여금 187,015,977,895 191,041,902,004
두산건설 011160 자본조정 0 0
두산건설 011160 기타포괄손익누계액 67,144,325,918 67,144,325,918
두산건설 011160 이익잉여금(결손금) 0 0
두산건설 011160 자본총계 2,329,731,254,377 2,336,840,848,878
두산건설 011160 자본과부채총계 0 0
