date : 2015-12-31
태림포장공업 011280 유동자산 93,542,144,399 79,153,421,303
태림포장공업 011280 현금및현금성자산 6,917,720,032 4,676,114,861
태림포장공업 011280 매출채권 및 기타채권
태림포장공업 011280 재고자산 10,423,917,055 12,874,955,719
태림포장공업 011280 기타유동금융자산 0 32,870,000
태림포장공업 011280 기타유동자산 1,338,709,073 684,463,339
태림포장공업 011280 매각예정비유동자산 5,546,096,200 0
태림포장공업 011280 비유동자산 410,665,767,251 392,484,471,145
태림포장공업 011280 장기금융상품 0 0
태림포장공업 011280 기타포괄손익-공정가치 0 0
태림포장공업 011280 당기손익인식공정가치측정금융자산 0 0
태림포장공업 011280 종속회사투자 0 0
태림포장공업 011280 관계회사투자 0 0
태림포장공업 011280 렌탈자산 0 0
태림포장공업 011280 유형자산 261,837,302,488 258,371,045,190
태림포장공업 011280 무형자산 2,029,740,786 2,092,301,684
태림포장공업 011280 기타비유동금융자산 8,396,599,079 6,444,201,925
태림포장공업 011280 기타비유동자산 0 0
태림포장공업 011280 사용권자산 0 0
태림포장공업 011280 이연법인세자산 0 0
태림포장공업 011280 자산총계 504,207,911,650 471,637,892,448
태림포장공업 011280 유동부채 154,249,099,502 116,896,968,175
태림포장공업 011280 단기매입채무 0 0
태림포장공업 011280 단기차입금 0 0
태림포장공업 011280 유동성장기차입금 0 0
태림포장공업 011280 유동성사채 0 0
태림포장공업 011280 기타유동금융부채 1,661,152,202 686,944,800
태림포장공업 011280 기타유동부채 340,830,987 409,543,990
태림포장공업 011280 당기법인세부채 0 0
태림포장공업 011280 유동리스부채 0 0
태림포장공업 011280 비유동부채 37,199,374,579 54,519,538,674
태림포장공업 011280 사채 0 0
태림포장공업 011280 장기차입금 0 0
태림포장공업 011280 기타비유동금융부채 268,797,800 546,292,400
태림포장공업 011280 이연법인세부채 24,047,278,046 24,552,295,504
태림포장공업 011280 비유동리스부채 0 0
태림포장공업 011280 부채총계 191,448,474,081 171,416,506,849
태림포장공업 011280 자본금 35,402,970,000 35,402,970,000
태림포장공업 011280 자본잉여금 54,472,947,287 54,472,947,287
태림포장공업 011280 자본조정 0 0
태림포장공업 011280 기타포괄손익누계액 5,887,402,317 4,225,371,500
태림포장공업 011280 이익잉여금(결손금) 0 0
태림포장공업 011280 자본총계 312,759,437,569 300,221,385,599
태림포장공업 011280 자본과부채총계 504,207,911,650 471,637,892,448
date : 2016-03-31
태림포장 011280 유동자산 86,006,069,370 93,542,144,399
태림포장 011280 현금및현금성자산 2,980,078,290 6,917,720,032
태림포장 011280 매출채권 및 기타채권
태림포장 011280 재고자산 9,974,652,859 10,423,917,055
태림포장 011280 기타유동금융자산 0 0
태림포장 011280 기타유동자산 1,153,355,820 1,338,709,073
태림포장 011280 매각예정비유동자산 0 5,546,096,200
태림포장 011280 비유동자산 407,387,566,335 410,665,767,251
태림포장 011280 장기금융상품 0 0
태림포장 011280 기타포괄손익-공정가치 0 0
태림포장 011280 당기손익인식공정가치측정금융자산 0 0
태림포장 011280 종속회사투자 0 0
태림포장 011280 관계회사투자 0 0
태림포장 011280 렌탈자산 0 0
태림포장 011280 유형자산 259,892,596,929 261,837,302,488
태림포장 011280 무형자산 1,958,841,822 2,029,740,786
태림포장 011280 기타비유동금융자산 7,214,628,771 8,396,599,079
태림포장 011280 기타비유동자산 0 0
태림포장 011280 사용권자산 0 0
태림포장 011280 이연법인세자산 0 0
태림포장 011280 자산총계 493,393,635,705 504,207,911,650
태림포장 011280 유동부채 133,212,546,093 154,249,099,502
태림포장 011280 단기매입채무 0 0
태림포장 011280 단기차입금 0 0
태림포장 011280 유동성장기차입금 0 0
태림포장 011280 유동성사채 0 0
태림포장 011280 기타유동금융부채 1,188,035,390 1,661,152,202
태림포장 011280 기타유동부채 412,641,701 340,830,987
태림포장 011280 당기법인세부채 0 0
태림포장 011280 유동리스부채 0 0
태림포장 011280 비유동부채 36,421,159,591 37,199,374,579
태림포장 011280 사채 0 0
태림포장 011280 장기차입금 0 0
태림포장 011280 기타비유동금융부채 380,514,300 268,797,800
태림포장 011280 이연법인세부채 23,987,931,910 24,047,278,046
태림포장 011280 비유동리스부채 0 0
태림포장 011280 부채총계 169,633,705,684 191,448,474,081
태림포장 011280 자본금 35,402,970,000 35,402,970,000
태림포장 011280 자본잉여금 54,472,947,287 54,472,947,287
태림포장 011280 자본조정 0 0
태림포장 011280 기타포괄손익누계액 4,958,148,589 5,887,402,317
태림포장 011280 이익잉여금(결손금) 0 0
태림포장 011280 자본총계 323,759,930,021 312,759,437,569
태림포장 011280 자본과부채총계 493,393,635,705 504,207,911,650
date : 2016-06-30
태림포장 011280 유동자산 94,612,737,711 93,542,144,399
태림포장 011280 현금및현금성자산 3,086,197,826 6,917,720,032
태림포장 011280 매출채권 및 기타채권
태림포장 011280 재고자산 10,699,333,715 10,423,917,055
태림포장 011280 기타유동금융자산 0 0
태림포장 011280 기타유동자산 539,642,953 1,338,709,073
태림포장 011280 매각예정비유동자산 0 5,546,096,200
태림포장 011280 비유동자산 405,426,286,284 410,665,767,251
태림포장 011280 장기금융상품 0 0
태림포장 011280 기타포괄손익-공정가치 0 0
태림포장 011280 당기손익인식공정가치측정금융자산 0 0
태림포장 011280 종속회사투자 0 0
태림포장 011280 관계회사투자 0 0
태림포장 011280 렌탈자산 0 0
태림포장 011280 유형자산 259,146,048,422 261,837,302,488
태림포장 011280 무형자산 1,887,942,858 2,029,740,786
태림포장 011280 기타비유동금융자산 6,151,205,936 8,396,599,079
태림포장 011280 기타비유동자산 0 0
태림포장 011280 사용권자산 0 0
태림포장 011280 이연법인세자산 0 0
태림포장 011280 자산총계 500,039,023,995 504,207,911,650
태림포장 011280 유동부채 138,980,701,281 154,249,099,502
태림포장 011280 단기매입채무 0 0
태림포장 011280 단기차입금 0 0
태림포장 011280 유동성장기차입금 0 0
태림포장 011280 유동성사채 0 0
태림포장 011280 기타유동금융부채 902,768,879 1,661,152,202
태림포장 011280 기타유동부채 921,707,259 340,830,987
태림포장 011280 당기법인세부채 0 0
태림포장 011280 유동리스부채 0 0
태림포장 011280 비유동부채 35,087,122,940 37,199,374,579
태림포장 011280 사채 0 0
태림포장 011280 장기차입금 0 0
태림포장 011280 기타비유동금융부채 245,298,800 268,797,800
태림포장 011280 이연법인세부채 23,696,109,277 24,047,278,046
태림포장 011280 비유동리스부채 0 0
태림포장 011280 부채총계 174,067,824,221 191,448,474,081
태림포장 011280 자본금 35,402,970,000 35,402,970,000
태림포장 011280 자본잉여금 54,472,947,287 54,472,947,287
태림포장 011280 자본조정 0 0
태림포장 011280 기타포괄손익누계액 4,128,678,778 5,887,402,317
태림포장 011280 이익잉여금(결손금) 0 0
태림포장 011280 자본총계 325,971,199,774 312,759,437,569
태림포장 011280 자본과부채총계 500,039,023,995 504,207,911,650
date : 2016-09-30
태림포장 011280 유동자산 99,834,273,408 93,542,144,399
태림포장 011280 현금및현금성자산 2,026,932,400 6,917,720,032
태림포장 011280 매출채권 및 기타채권
태림포장 011280 재고자산 12,378,612,057 10,423,917,055
태림포장 011280 기타유동금융자산 0 0
태림포장 011280 기타유동자산 1,424,507,113 1,338,709,073
태림포장 011280 매각예정비유동자산 0 5,546,096,200
태림포장 011280 비유동자산 396,852,095,451 410,665,767,251
태림포장 011280 장기금융상품 0 0
태림포장 011280 기타포괄손익-공정가치 0 0
태림포장 011280 당기손익인식공정가치측정금융자산 0 0
태림포장 011280 종속회사투자 0 0
태림포장 011280 관계회사투자 0 0
태림포장 011280 렌탈자산 0 0
태림포장 011280 유형자산 255,651,367,324 261,837,302,488
태림포장 011280 무형자산 1,822,322,865 2,029,740,786
태림포장 011280 기타비유동금융자산 4,940,789,416 8,396,599,079
태림포장 011280 기타비유동자산 0 0
태림포장 011280 사용권자산 0 0
태림포장 011280 이연법인세자산 0 0
태림포장 011280 자산총계 496,686,368,859 504,207,911,650
태림포장 011280 유동부채 133,587,399,257 154,249,099,502
태림포장 011280 단기매입채무 0 0
태림포장 011280 단기차입금 0 0
태림포장 011280 유동성장기차입금 0 0
태림포장 011280 유동성사채 0 0
태림포장 011280 기타유동금융부채 1,630,617,735 1,661,152,202
태림포장 011280 기타유동부채 534,344,117 340,830,987
태림포장 011280 당기법인세부채 0 0
태림포장 011280 유동리스부채 0 0
태림포장 011280 비유동부채 33,934,726,605 37,199,374,579
태림포장 011280 사채 0 0
태림포장 011280 장기차입금 0 0
태림포장 011280 기타비유동금융부채 247,074,200 268,797,800
태림포장 011280 이연법인세부채 23,323,284,876 24,047,278,046
태림포장 011280 비유동리스부채 0 0
태림포장 011280 부채총계 167,522,125,862 191,448,474,081
태림포장 011280 자본금 35,402,970,000 35,402,970,000
태림포장 011280 자본잉여금 54,472,947,287 54,472,947,287
태림포장 011280 자본조정 0 0
태림포장 011280 기타포괄손익누계액 3,196,905,302 5,887,402,317
태림포장 011280 이익잉여금(결손금) 0 0
태림포장 011280 자본총계 329,164,242,997 312,759,437,569
태림포장 011280 자본과부채총계 496,686,368,859 504,207,911,650
date : 2016-12-31
태림포장 011280 유동자산 219,214,825,156 93,542,144,399
태림포장 011280 현금및현금성자산 3,051,955,605 6,917,720,032
태림포장 011280 매출채권 및 기타채권
태림포장 011280 재고자산 20,274,197,068 10,423,917,055
태림포장 011280 기타유동금융자산 0 0
태림포장 011280 기타유동자산 807,822,756 1,338,709,073
태림포장 011280 매각예정비유동자산 0 5,546,096,200
태림포장 011280 비유동자산 468,064,142,482 410,665,767,251
태림포장 011280 장기금융상품 0 0
태림포장 011280 기타포괄손익-공정가치 0 0
태림포장 011280 당기손익인식공정가치측정금융자산 0 0
태림포장 011280 종속회사투자 0 0
태림포장 011280 관계회사투자 0 0
태림포장 011280 렌탈자산 0 0
태림포장 011280 유형자산 415,311,276,238 261,837,302,488
태림포장 011280 무형자산 2,481,818,124 2,029,740,786
태림포장 011280 기타비유동금융자산 4,366,132,216 8,396,599,079
태림포장 011280 기타비유동자산 0 0
태림포장 011280 사용권자산 0 0
태림포장 011280 이연법인세자산 0 0
태림포장 011280 자산총계 687,278,967,638 504,207,911,650
태림포장 011280 유동부채 303,538,166,998 154,249,099,502
태림포장 011280 단기매입채무 0 0
태림포장 011280 단기차입금 0 0
태림포장 011280 유동성장기차입금 0 0
태림포장 011280 유동성사채 0 0
태림포장 011280 기타유동금융부채 846,778,063 1,661,152,202
태림포장 011280 기타유동부채 792,566,581 340,830,987
태림포장 011280 당기법인세부채 0 0
태림포장 011280 유동리스부채 0 0
태림포장 011280 비유동부채 71,247,708,535 37,199,374,579
태림포장 011280 사채 0 0
태림포장 011280 장기차입금 0 0
태림포장 011280 기타비유동금융부채 236,171,000 268,797,800
태림포장 011280 이연법인세부채 24,010,268,228 24,047,278,046
태림포장 011280 비유동리스부채 0 0
태림포장 011280 부채총계 374,785,875,533 191,448,474,081
태림포장 011280 자본금 35,402,970,000 35,402,970,000
태림포장 011280 자본잉여금 54,472,947,287 54,472,947,287
태림포장 011280 자본조정 0 0
태림포장 011280 기타포괄손익누계액 2,777,793,345 5,887,402,317
태림포장 011280 이익잉여금(결손금) 0 0
태림포장 011280 자본총계 312,493,092,105 312,759,437,569
태림포장 011280 자본과부채총계 687,278,967,638 504,207,911,650
date : 2017-03-31
태림포장 011280 유동자산 130,009,161,549 219,214,825,156
태림포장 011280 현금및현금성자산 2,105,348,170 3,051,955,605
태림포장 011280 매출채권 및 기타채권
태림포장 011280 재고자산 24,468,847,254 20,274,197,068
태림포장 011280 기타유동금융자산 0 0
태림포장 011280 기타유동자산 956,776,152 807,822,756
태림포장 011280 매각예정비유동자산 0 0
태림포장 011280 비유동자산 461,335,140,311 468,064,142,482
태림포장 011280 장기금융상품 0 0
태림포장 011280 기타포괄손익-공정가치 0 0
태림포장 011280 당기손익인식공정가치측정금융자산 0 0
태림포장 011280 종속회사투자 0 0
태림포장 011280 관계회사투자 0 0
태림포장 011280 렌탈자산 0 0
태림포장 011280 유형자산 410,720,836,920 415,311,276,238
태림포장 011280 무형자산 2,486,294,981 2,481,818,124
태림포장 011280 기타비유동금융자산 5,070,020,191 4,366,132,216
태림포장 011280 기타비유동자산 0 0
태림포장 011280 사용권자산 0 0
태림포장 011280 이연법인세자산 0 0
태림포장 011280 자산총계 591,344,301,860 687,278,967,638
태림포장 011280 유동부채 211,341,119,064 303,538,166,998
태림포장 011280 단기매입채무 0 0
태림포장 011280 단기차입금 0 0
태림포장 011280 유동성장기차입금 0 0
태림포장 011280 유동성사채 0 0
태림포장 011280 기타유동금융부채 783,154,798 846,778,063
태림포장 011280 기타유동부채 621,199,250 792,566,581
태림포장 011280 당기법인세부채 0 0
태림포장 011280 유동리스부채 0 0
태림포장 011280 비유동부채 68,439,849,384 71,247,708,535
태림포장 011280 사채 0 0
태림포장 011280 장기차입금 0 0
태림포장 011280 기타비유동금융부채 216,206,300 236,171,000
태림포장 011280 이연법인세부채 23,829,129,116 24,010,268,228
태림포장 011280 비유동리스부채 0 0
태림포장 011280 부채총계 279,780,968,448 374,785,875,533
태림포장 011280 자본금 35,402,970,000 35,402,970,000
태림포장 011280 자본잉여금 54,472,947,287 54,472,947,287
태림포장 011280 자본조정 0 0
태림포장 011280 기타포괄손익누계액 3,326,825,965 2,777,793,345
태림포장 011280 이익잉여금(결손금) 0 0
태림포장 011280 자본총계 311,563,333,412 312,493,092,105
태림포장 011280 자본과부채총계 591,344,301,860 687,278,967,638
date : 2017-06-30
태림포장 011280 유동자산 123,892,792,853 219,214,825,156
태림포장 011280 현금및현금성자산 1,197,237,889 3,051,955,605
태림포장 011280 매출채권 및 기타채권
태림포장 011280 재고자산 25,007,770,217 20,274,197,068
태림포장 011280 기타유동금융자산 0 0
태림포장 011280 기타유동자산 601,814,375 807,822,756
태림포장 011280 매각예정비유동자산 0 0
태림포장 011280 비유동자산 457,543,680,208 468,064,142,482
태림포장 011280 장기금융상품 0 0
태림포장 011280 기타포괄손익-공정가치 0 0
태림포장 011280 당기손익인식공정가치측정금융자산 0 0
태림포장 011280 종속회사투자 0 0
태림포장 011280 관계회사투자 0 0
태림포장 011280 렌탈자산 0 0
태림포장 011280 유형자산 406,735,945,062 415,311,276,238
태림포장 011280 무형자산 2,429,049,974 2,481,818,124
태림포장 011280 기타비유동금융자산 5,394,790,391 4,366,132,216
태림포장 011280 기타비유동자산 0 0
태림포장 011280 사용권자산 0 0
태림포장 011280 이연법인세자산 0 0
태림포장 011280 자산총계 581,436,473,061 687,278,967,638
태림포장 011280 유동부채 194,726,584,823 303,538,166,998
태림포장 011280 단기매입채무 0 0
태림포장 011280 단기차입금 0 0
태림포장 011280 유동성장기차입금 0 0
태림포장 011280 유동성사채 0 0
태림포장 011280 기타유동금융부채 701,804,783 846,778,063
태림포장 011280 기타유동부채 2,159,900,855 792,566,581
태림포장 011280 당기법인세부채 0 0
태림포장 011280 유동리스부채 0 0
태림포장 011280 비유동부채 74,315,645,975 71,247,708,535
태림포장 011280 사채 0 0
태림포장 011280 장기차입금 0 0
태림포장 011280 기타비유동금융부채 226,079,664 236,171,000
태림포장 011280 이연법인세부채 23,829,526,125 24,010,268,228
태림포장 011280 비유동리스부채 0 0
태림포장 011280 부채총계 269,042,230,798 374,785,875,533
태림포장 011280 자본금 35,402,970,000 35,402,970,000
태림포장 011280 자본잉여금 54,472,947,287 54,472,947,287
태림포장 011280 자본조정 0 0
태림포장 011280 기타포괄손익누계액 3,580,146,722 2,777,793,345
태림포장 011280 이익잉여금(결손금) 0 0
태림포장 011280 자본총계 312,394,242,263 312,493,092,105
태림포장 011280 자본과부채총계 581,436,473,061 687,278,967,638
date : 2017-09-30
태림포장 011280 유동자산 136,201,160,312 219,214,825,156
태림포장 011280 현금및현금성자산 2,720,563,612 3,051,955,605
태림포장 011280 매출채권 및 기타채권
태림포장 011280 재고자산 24,708,411,415 20,274,197,068
태림포장 011280 기타유동금융자산 0 0
태림포장 011280 기타유동자산 822,043,426 807,822,756
태림포장 011280 매각예정비유동자산 0 0
태림포장 011280 비유동자산 452,708,727,674 468,064,142,482
태림포장 011280 장기금융상품 0 0
태림포장 011280 기타포괄손익-공정가치 0 0
태림포장 011280 당기손익인식공정가치측정금융자산 0 0
태림포장 011280 종속회사투자 0 0
태림포장 011280 관계회사투자 0 0
태림포장 011280 렌탈자산 0 0
태림포장 011280 유형자산 402,936,174,188 415,311,276,238
태림포장 011280 무형자산 2,374,897,771 2,481,818,124
태림포장 011280 기타비유동금융자산 4,414,832,266 4,366,132,216
태림포장 011280 기타비유동자산 0 0
태림포장 011280 사용권자산 0 0
태림포장 011280 이연법인세자산 0 0
태림포장 011280 자산총계 588,909,887,986 687,278,967,638
태림포장 011280 유동부채 229,897,447,407 303,538,166,998
태림포장 011280 단기매입채무 0 0
태림포장 011280 단기차입금 0 0
태림포장 011280 유동성장기차입금 0 0
태림포장 011280 유동성사채 0 0
태림포장 011280 기타유동금융부채 762,857,950 846,778,063
태림포장 011280 기타유동부채 2,674,323,661 792,566,581
태림포장 011280 당기법인세부채 0 0
태림포장 011280 유동리스부채 0 0
태림포장 011280 비유동부채 47,003,667,376 71,247,708,535
태림포장 011280 사채 0 0
태림포장 011280 장기차입금 0 0
태림포장 011280 기타비유동금융부채 128,490,630 236,171,000
태림포장 011280 이연법인세부채 23,323,743,782 24,010,268,228
태림포장 011280 비유동리스부채 0 0
태림포장 011280 부채총계 276,901,114,783 374,785,875,533
태림포장 011280 자본금 35,402,970,000 35,402,970,000
태림포장 011280 자본잉여금 54,472,947,287 54,472,947,287
태림포장 011280 자본조정 0 0
태림포장 011280 기타포괄손익누계액 2,815,779,383 2,777,793,345
태림포장 011280 이익잉여금(결손금) 221,941,968,935 219,839,381,473
태림포장 011280 자본총계 312,008,773,203 312,493,092,105
태림포장 011280 자본과부채총계 588,909,887,986 687,278,967,638
date : 2017-12-31
태림포장 011280 유동자산 140,466,184,232 219,214,825,156
태림포장 011280 현금및현금성자산 2,266,153,530 3,051,955,605
태림포장 011280 매출채권 및 기타채권
태림포장 011280 재고자산 25,502,086,257 20,274,197,068
태림포장 011280 기타유동금융자산 0 0
태림포장 011280 기타유동자산 540,544,032 807,822,756
태림포장 011280 매각예정비유동자산 0 0
태림포장 011280 비유동자산 445,255,986,746 468,064,142,482
태림포장 011280 장기금융상품 0 0
태림포장 011280 기타포괄손익-공정가치 0 0
태림포장 011280 당기손익인식공정가치측정금융자산 0 0
태림포장 011280 종속회사투자 0 0
태림포장 011280 관계회사투자 0 0
태림포장 011280 렌탈자산 0 0
태림포장 011280 유형자산 399,748,824,427 415,311,276,238
태림포장 011280 무형자산 2,709,597,905 2,481,818,124
태림포장 011280 기타비유동금융자산 5,102,439,693 4,366,132,216
태림포장 011280 기타비유동자산 54,687,568 0
태림포장 011280 사용권자산 0 0
태림포장 011280 이연법인세자산 0 0
태림포장 011280 자산총계 585,722,170,978 687,278,967,638
태림포장 011280 유동부채 231,821,939,485 303,538,166,998
태림포장 011280 단기매입채무 0 0
태림포장 011280 단기차입금 0 0
태림포장 011280 유동성장기차입금 0 0
태림포장 011280 유동성사채 0 0
태림포장 011280 기타유동금융부채 455,825,783 846,778,063
태림포장 011280 기타유동부채 3,184,101,128 792,566,581
태림포장 011280 당기법인세부채 0 0
태림포장 011280 유동리스부채 0 0
태림포장 011280 비유동부채 44,406,193,916 71,247,708,535
태림포장 011280 사채 0 0
태림포장 011280 장기차입금 0 0
태림포장 011280 기타비유동금융부채 232,168,500 236,171,000
태림포장 011280 이연법인세부채 23,710,200,063 24,010,268,228
태림포장 011280 비유동리스부채 0 0
태림포장 011280 부채총계 276,228,133,401 374,785,875,533
태림포장 011280 자본금 35,402,970,000 35,402,970,000
태림포장 011280 자본잉여금 54,472,947,287 54,472,947,287
태림포장 011280 자본조정 0 0
태림포장 011280 기타포괄손익누계액 3,384,484,131 2,777,793,345
태림포장 011280 이익잉여금(결손금) 218,858,528,561 219,839,381,473
태림포장 011280 자본총계 309,494,037,577 312,493,092,105
태림포장 011280 자본과부채총계 585,722,170,978 687,278,967,638
date : 2018-03-31
태림포장 011280 유동자산 147,180,186,636 140,466,184,232
태림포장 011280 현금및현금성자산 1,698,164,405 2,266,153,530
태림포장 011280 매출채권 및 기타채권
태림포장 011280 재고자산 26,410,425,666 25,502,086,257
태림포장 011280 기타유동금융자산 0 0
태림포장 011280 기타유동자산 938,374,550 540,544,032
태림포장 011280 매각예정비유동자산 0 0
태림포장 011280 비유동자산 440,830,871,144 445,255,986,746
태림포장 011280 장기금융상품 0 0
태림포장 011280 기타포괄손익-공정가치 0 0
태림포장 011280 당기손익인식공정가치측정금융자산 0 0
태림포장 011280 종속회사투자 0 0
태림포장 011280 관계회사투자 0 0
태림포장 011280 렌탈자산 0 0
태림포장 011280 유형자산 396,778,409,146 399,748,824,427
태림포장 011280 무형자산 2,665,688,625 2,709,597,905
태림포장 011280 기타비유동금융자산 5,035,780,061 5,102,439,693
태림포장 011280 기타비유동자산 42,370,708 54,687,568
태림포장 011280 사용권자산 0 0
태림포장 011280 이연법인세자산 0 0
태림포장 011280 자산총계 588,011,057,780 585,722,170,978
태림포장 011280 유동부채 234,593,342,775 231,821,939,485
태림포장 011280 단기매입채무 0 0
태림포장 011280 단기차입금 0 0
태림포장 011280 유동성장기차입금 0 0
태림포장 011280 유동성사채 0 0
태림포장 011280 기타유동금융부채 531,507,140 455,825,783
태림포장 011280 기타유동부채 3,461,171,851 3,184,101,128
태림포장 011280 당기법인세부채 0 0
태림포장 011280 유동리스부채 0 0
태림포장 011280 비유동부채 43,431,894,219 44,406,193,916
태림포장 011280 사채 0 0
태림포장 011280 장기차입금 0 0
태림포장 011280 기타비유동금융부채 236,664,600 232,168,500
태림포장 011280 이연법인세부채 23,677,229,628 23,710,200,063
태림포장 011280 비유동리스부채 0 0
태림포장 011280 부채총계 278,025,236,994 276,228,133,401
태림포장 011280 자본금 35,402,970,000 35,402,970,000
태림포장 011280 자본잉여금 54,472,947,287 54,472,947,287
태림포장 011280 자본조정 0 0
태림포장 011280 기타포괄손익누계액 3,097,113,429 3,384,484,131
태림포장 011280 이익잉여금(결손금) 219,637,682,472 218,858,528,561
태림포장 011280 자본총계 0 0
태림포장 011280 자본과부채총계 588,011,057,780 585,722,170,978
date : 2018-06-30
태림포장 011280 유동자산 144,672,796,908 140,466,184,232
태림포장 011280 현금및현금성자산 2,298,647,180 2,266,153,530
태림포장 011280 매출채권 및 기타채권
태림포장 011280 재고자산 26,550,194,585 25,502,086,257
태림포장 011280 기타유동금융자산 0 0
태림포장 011280 기타유동자산 578,062,119 540,544,032
태림포장 011280 매각예정비유동자산 0 0
태림포장 011280 비유동자산 434,142,924,859 445,255,986,746
태림포장 011280 장기금융상품 0 0
태림포장 011280 기타포괄손익-공정가치 0 0
태림포장 011280 당기손익인식공정가치측정금융자산 0 0
태림포장 011280 종속회사투자 0 0
태림포장 011280 관계회사투자 0 0
태림포장 011280 렌탈자산 0 0
태림포장 011280 유형자산 395,118,943,298 399,748,824,427
태림포장 011280 무형자산 2,621,311,333 2,709,597,905
태림포장 011280 기타비유동금융자산 155,280,084 5,102,439,693
태림포장 011280 기타비유동자산 37,117,990 54,687,568
태림포장 011280 사용권자산 0 0
태림포장 011280 이연법인세자산 0 0
태림포장 011280 자산총계 578,815,721,767 585,722,170,978
태림포장 011280 유동부채 220,262,082,466 231,821,939,485
태림포장 011280 단기매입채무 0 0
태림포장 011280 단기차입금 0 0
태림포장 011280 유동성장기차입금 0 0
태림포장 011280 유동성사채 0 0
태림포장 011280 기타유동금융부채 514,823,714 455,825,783
태림포장 011280 기타유동부채 4,512,865,053 3,184,101,128
태림포장 011280 당기법인세부채 0 0
태림포장 011280 유동리스부채 0 0
태림포장 011280 비유동부채 40,751,949,891 44,406,193,916
태림포장 011280 사채 0 0
태림포장 011280 장기차입금 0 0
태림포장 011280 기타비유동금융부채 205,204,100 232,168,500
태림포장 011280 이연법인세부채 21,624,870,982 23,710,200,063
태림포장 011280 비유동리스부채 0 0
태림포장 011280 부채총계 261,014,032,357 276,228,133,401
태림포장 011280 자본금 35,402,970,000 35,402,970,000
태림포장 011280 자본잉여금 54,472,947,287 54,472,947,287
태림포장 011280 자본조정 0 0
태림포장 011280 기타포괄손익누계액 0 3,384,484,131
태림포장 011280 이익잉여금(결손금) 230,550,664,525 218,858,528,561
태림포장 011280 자본총계 0 0
태림포장 011280 자본과부채총계 578,815,721,767 585,722,170,978
date : 2018-09-30
태림포장 011280 유동자산 134,523,362,013 140,466,184,232
태림포장 011280 현금및현금성자산 1,898,223,377 2,266,153,530
태림포장 011280 매출채권 및 기타채권
태림포장 011280 재고자산 24,224,663,117 25,502,086,257
태림포장 011280 기타유동금융자산 0 0
태림포장 011280 기타유동자산 481,288,752 540,544,032
태림포장 011280 매각예정비유동자산 0 0
태림포장 011280 비유동자산 433,247,094,331 445,255,986,746
태림포장 011280 장기금융상품 0 0
태림포장 011280 기타포괄손익-공정가치 0 0
태림포장 011280 당기손익인식공정가치측정금융자산 0 0
태림포장 011280 종속회사투자 0 0
태림포장 011280 관계회사투자 0 0
태림포장 011280 렌탈자산 0 0
태림포장 011280 유형자산 393,886,162,644 399,748,824,427
태림포장 011280 무형자산 2,563,606,286 2,709,597,905
태림포장 011280 기타비유동금융자산 154,947,758 5,102,439,693
태림포장 011280 기타비유동자산 36,838,439 54,687,568
태림포장 011280 사용권자산 0 0
태림포장 011280 이연법인세자산 0 0
태림포장 011280 자산총계 567,770,456,344 585,722,170,978
태림포장 011280 유동부채 206,903,106,841 231,821,939,485
태림포장 011280 단기매입채무 0 0
태림포장 011280 단기차입금 0 0
태림포장 011280 유동성장기차입금 0 0
태림포장 011280 유동성사채 0 0
태림포장 011280 기타유동금융부채 450,951,789 455,825,783
태림포장 011280 기타유동부채 2,870,703,704 3,184,101,128
태림포장 011280 당기법인세부채 0 0
태림포장 011280 유동리스부채 0 0
태림포장 011280 비유동부채 40,282,433,693 44,406,193,916
태림포장 011280 사채 0 0
태림포장 011280 장기차입금 0 0
태림포장 011280 기타비유동금융부채 220,099,200 232,168,500
태림포장 011280 이연법인세부채 21,439,417,655 23,710,200,063
태림포장 011280 비유동리스부채 0 0
태림포장 011280 부채총계 247,185,540,534 276,228,133,401
태림포장 011280 자본금 35,402,970,000 35,402,970,000
태림포장 011280 자본잉여금 54,472,947,287 54,472,947,287
태림포장 011280 자본조정 0 0
태림포장 011280 기타포괄손익누계액 0 3,384,484,131
태림포장 011280 이익잉여금(결손금) 233,333,890,925 218,858,528,561
태림포장 011280 자본총계 0 0
태림포장 011280 자본과부채총계 567,770,456,344 585,722,170,978
date : 2018-12-31
태림포장 011280 유동자산 140,157,015,024 140,466,184,232
태림포장 011280 현금및현금성자산 7,463,279,517 2,266,153,530
태림포장 011280 매출채권 0 0
태림포장 011280 재고자산 21,515,266,196 25,502,086,257
태림포장 011280 기타유동금융자산 0 0
태림포장 011280 기타유동자산 391,921,679 540,544,032
태림포장 011280 매각예정비유동자산 0 0
태림포장 011280 비유동자산 418,953,685,217 445,255,986,746
태림포장 011280 장기금융상품 0 0
태림포장 011280 기타포괄손익-공정가치 0 0
태림포장 011280 당기손익인식공정가치측정금융자산 0 0
태림포장 011280 종속회사투자 0 0
태림포장 011280 관계회사투자 0 0
태림포장 011280 렌탈자산 0 0
태림포장 011280 유형자산 392,745,260,437 399,748,824,427
태림포장 011280 무형자산 2,400,812,143 2,709,597,905
태림포장 011280 기타비유동금융자산 149,535,160 5,102,439,693
태림포장 011280 기타비유동자산 32,123,945 54,687,568
태림포장 011280 사용권자산 0 0
태림포장 011280 이연법인세자산 0 0
태림포장 011280 자산총계 559,110,700,241 585,722,170,978
태림포장 011280 유동부채 204,807,837,616 231,821,939,485
태림포장 011280 단기매입채무 0 0
태림포장 011280 단기차입금 0 0
태림포장 011280 유동성장기차입금 0 0
태림포장 011280 유동성사채 0 0
태림포장 011280 기타유동금융부채 226,545,816 455,825,783
태림포장 011280 기타유동부채 3,659,018,605 3,184,101,128
태림포장 011280 당기법인세부채 0 0
태림포장 011280 유동리스부채 0 0
태림포장 011280 비유동부채 36,213,960,944 44,406,193,916
태림포장 011280 사채 0 0
태림포장 011280 장기차입금 0 0
태림포장 011280 기타비유동금융부채 392,707,999 232,168,500
태림포장 011280 이연법인세부채 21,370,924,662 23,710,200,063
태림포장 011280 비유동리스부채 0 0
태림포장 011280 부채총계 241,021,798,560 276,228,133,401
태림포장 011280 자본금 35,402,970,000 35,402,970,000
태림포장 011280 자본잉여금 54,472,947,287 54,472,947,287
태림포장 011280 자본조정 0 0
태림포장 011280 기타포괄손익누계액 -218,400,000 3,384,484,131
태림포장 011280 이익잉여금(결손금) 0 0
태림포장 011280 자본총계 318,088,901,681 309,494,037,577
태림포장 011280 자본과부채총계 559,110,700,241 585,722,170,978
date : 2019-03-31
태림포장 011280 유동자산 146,472,545,053 140,157,015,024
태림포장 011280 현금및현금성자산 7,135,108,154 7,463,279,517
태림포장 011280 매출채권 및 기타채권
태림포장 011280 재고자산 23,615,975,906 21,515,266,196
태림포장 011280 기타유동금융자산 0 0
태림포장 011280 기타유동자산 429,205,611 391,921,679
태림포장 011280 매각예정비유동자산 0 0
태림포장 011280 비유동자산 417,516,528,382 418,953,685,217
태림포장 011280 장기금융상품 0 0
태림포장 011280 기타포괄손익-공정가치 0 0
태림포장 011280 당기손익인식공정가치측정금융자산 0 0
태림포장 011280 종속회사투자 0 0
태림포장 011280 관계회사투자 0 0
태림포장 011280 렌탈자산 0 0
태림포장 011280 유형자산 391,239,840,454 392,745,260,437
태림포장 011280 무형자산 2,335,373,353 2,400,812,143
태림포장 011280 기타비유동금융자산 149,535,160 149,535,160
태림포장 011280 기타비유동자산 35,085,057 32,123,945
태림포장 011280 사용권자산 0 0
태림포장 011280 이연법인세자산 0 0
태림포장 011280 자산총계 563,989,073,435 559,110,700,241
태림포장 011280 유동부채 223,282,653,820 204,807,837,616
태림포장 011280 단기매입채무 0 0
태림포장 011280 단기차입금 0 0
태림포장 011280 유동성장기차입금 0 0
태림포장 011280 유동성사채 0 0
태림포장 011280 기타유동금융부채 976,299,187 226,545,816
태림포장 011280 기타유동부채 3,559,987,988 3,659,018,605
태림포장 011280 당기법인세부채 0 0
태림포장 011280 유동리스부채 0 0
태림포장 011280 비유동부채 37,311,722,551 36,213,960,944
태림포장 011280 사채 0 0
태림포장 011280 장기차입금 0 0
태림포장 011280 기타비유동금융부채 1,869,852,637 392,707,999
태림포장 011280 이연법인세부채 21,127,267,872 21,370,924,662
태림포장 011280 비유동리스부채 0 0
태림포장 011280 부채총계 260,594,376,371 241,021,798,560
태림포장 011280 자본금 35,402,970,000 35,402,970,000
태림포장 011280 자본잉여금 54,472,947,287 54,472,947,287
태림포장 011280 자본조정 0 0
태림포장 011280 기타포괄손익누계액 -218,400,000 -218,400,000
태림포장 011280 이익잉여금(결손금) 0 0
태림포장 011280 자본총계 303,394,697,064 318,088,901,681
태림포장 011280 자본과부채총계 563,989,073,435 559,110,700,241
