date : 2019-03-31
세보엠이씨 011560 유동자산 211,187,156,695 182,817,588,940
세보엠이씨 011560 현금및현금성자산 3,850,428,396 15,959,816,808
세보엠이씨 011560 매출채권 및 기타유동채권
세보엠이씨 011560 재고자산 9,978,895,804 13,259,348,690
세보엠이씨 011560 기타유동자산 5,466,474,636 2,440,365,110
세보엠이씨 011560 비유동자산 56,311,562,166 55,992,133,078
세보엠이씨 011560 장기금융상품 21,945,320 0
세보엠이씨 011560 유형자산 29,233,185,726 31,365,799,130
세보엠이씨 011560 무형자산 3,723,534,217 3,757,427,881
세보엠이씨 011560 이연법인세자산 1,451,778,374 1,301,615,962
세보엠이씨 011560 기타비유동자산 11,750,706,222 9,356,838,127
세보엠이씨 011560 자산총계 267,498,718,861 238,809,722,018
세보엠이씨 011560 유동부채 109,846,737,646 83,177,676,770
세보엠이씨 011560 단기차입금 14,000,000,000 11,620,000,000
세보엠이씨 011560 기타유동부채 6,046,515,067 7,347,203,115
세보엠이씨 011560 당기법인세부채 4,972,239,842 5,420,168,232
세보엠이씨 011560 비유동부채 2,106,321,526 1,817,759,270
세보엠이씨 011560 부채총계 111,953,059,172 84,995,436,040
세보엠이씨 011560 자본금 5,265,000,000 5,265,000,000
세보엠이씨 011560 자본잉여금 526,141,894 526,141,894
세보엠이씨 011560 자본조정 -1,895,644,300 -1,895,644,300
세보엠이씨 011560 기타포괄손익누계액 4,075,136,438 4,036,560,391
세보엠이씨 011560 자본총계 155,545,659,689 153,814,285,978
세보엠이씨 011560 자본과부채총계 267,498,718,861 238,809,722,018
