date : 2019-03-31
영흥철강 012160 유동자산 100,017,486,051 96,159,787,326
영흥철강 012160 현금및현금성자산 6,118,906,033 7,528,534,836
영흥철강 012160 매출채권 48,917,003,681 46,875,035,746
영흥철강 012160 재고자산 42,219,233,351 39,354,471,092
영흥철강 012160 기타유동자산 1,521,173,937 1,140,334,770
영흥철강 012160 매각예정비유동자산 2,621,696,058 0
영흥철강 012160 비유동자산 190,697,616,573 188,927,354,390
영흥철강 012160 기타포괄손익-공정가치 측정 금융자산
영흥철강 012160 유형자산 174,215,509,282 175,095,070,139
영흥철강 012160 사용권자산 1,738,968,589 0
영흥철강 012160 무형자산 482,145,026 448,020,000
영흥철강 012160 자산총계 290,715,102,624 287,708,837,774
영흥철강 012160 유동부채 91,361,835,584 91,583,043,828
영흥철강 012160 당기법인세부채 122,610,666 0
영흥철강 012160 기타유동부채 398,626,773 780,676,343
영흥철강 012160 비유동부채 38,746,386,332 36,671,588,402
영흥철강 012160 이연법인세부채 17,241,614,491 16,868,714,831
영흥철강 012160 부채총계 130,108,221,916 128,254,632,230
영흥철강 012160 자본금 42,913,254,500 42,913,254,500
영흥철강 012160 기타포괄손익누계액 -1,060,839,701 747,884,730
영흥철강 012160 이익잉여금(결손금) 108,318,418,117 105,357,018,522
영흥철강 012160 자본총계 160,606,880,708 159,454,205,544
영흥철강 012160 자본과부채총계 290,715,102,624 287,708,837,774
