date : 2019-03-31
영화금속 012280 유동자산 84,004,366,315 79,520,148,244
영화금속 012280 현금및현금성자산 6,426,364,577 10,647,963,645
영화금속 012280 매출채권 및 기타유동채권
영화금속 012280 기타유동자산 2,326,716,377 2,203,098,890
영화금속 012280 재고자산 17,845,033,545 18,702,758,500
영화금속 012280 비유동자산 127,791,639,908 128,877,726,581
영화금속 012280 장기금융상품 165,269,960 1,007,524,320
영화금속 012280 유형자산 126,354,425,474 126,599,419,097
영화금속 012280 무형자산 281,595,544 281,866,356
영화금속 012280 기타비유동자산 159,674,650 159,674,650
영화금속 012280 자산총계 211,796,006,223 208,397,874,825
영화금속 012280 유동부채 81,758,690,571 77,482,983,625
영화금속 012280 단기차입금 54,795,553,214 50,742,675,393
영화금속 012280 기타유동부채 1,621,705,604 2,015,557,761
영화금속 012280 당기법인세부채 345,060,027 23,662,083
영화금속 012280 비유동부채 59,841,637,181 61,346,468,983
영화금속 012280 장기차입금 49,920,000,000 52,195,000,000
영화금속 012280 이연법인세부채 2,033,073,327 2,178,782,900
영화금속 012280 부채총계 141,600,327,752 138,829,452,608
영화금속 012280 자본금 23,597,333,000 23,597,333,000
영화금속 012280 자본총계 70,195,678,471 69,568,422,217
영화금속 012280 자본과부채총계 211,796,006,223 208,397,874,825
