date : 2015-12-31
원일특강 012620 유동자산 118,966,166,455 121,609,076,865
원일특강 012620 현금및현금성자산 9,285,554,579 14,297,843,306
원일특강 012620 매출채권 76,207,680,214 73,741,671,344
원일특강 012620 재고자산 28,523,660,998 32,680,203,381
원일특강 012620 기타유동금융자산 0 0
원일특강 012620 기타유동자산 0 0
원일특강 012620 매각예정비유동자산 0 0
원일특강 012620 비유동자산 43,514,342,369 44,239,438,697
원일특강 012620 장기금융상품 0 0
원일특강 012620 기타포괄손익-공정가치 0 0
원일특강 012620 당기손익인식공정가치측정금융자산 0 0
원일특강 012620 종속회사투자 0 0
원일특강 012620 관계회사투자 0 0
원일특강 012620 렌탈자산 0 0
원일특강 012620 유형자산 40,597,872,309 38,089,884,247
원일특강 012620 무형자산 1,180,715,666 1,258,278,827
원일특강 012620 기타비유동금융자산 0 0
원일특강 012620 기타비유동자산 0 0
원일특강 012620 사용권자산 0 0
원일특강 012620 이연법인세자산 0 0
원일특강 012620 자산총계 162,480,508,824 165,848,515,562
원일특강 012620 유동부채 67,595,582,062 54,914,733,699
원일특강 012620 단기매입채무 0 0
원일특강 012620 단기차입금 53,274,695,829 35,931,151,725
원일특강 012620 유동성장기차입금 0 0
원일특강 012620 유동성사채 0 0
원일특강 012620 기타유동금융부채 0 0
원일특강 012620 기타유동부채 0 0
원일특강 012620 당기법인세부채 0 0
원일특강 012620 유동리스부채 0 0
원일특강 012620 비유동부채 5,046,207,781 25,004,101,218
원일특강 012620 사채 0 0
원일특강 012620 장기차입금 0 0
원일특강 012620 기타비유동금융부채 0 0
원일특강 012620 이연법인세부채 1,285,660,969 1,601,344,269
원일특강 012620 비유동리스부채 0 0
원일특강 012620 부채총계 72,641,789,843 79,918,834,917
원일특강 012620 자본금 2,200,000,000 2,200,000,000
원일특강 012620 자본잉여금 480,000,000 480,000,000
원일특강 012620 자본조정 0 0
원일특강 012620 기타포괄손익누계액 11,544,000 13,923,000
원일특강 012620 이익잉여금(결손금) 0 0
원일특강 012620 자본총계 89,838,718,981 85,929,680,645
원일특강 012620 자본과부채총계 162,480,508,824 165,848,515,562
date : 2016-03-31
원일특강 012620 유동자산 121,025,970,089 118,966,166,455
원일특강 012620 현금및현금성자산 12,448,062,287 9,285,554,579
원일특강 012620 매출채권 및 기타유동채권
원일특강 012620 재고자산 30,802,169,848 28,523,660,998
원일특강 012620 기타유동금융자산 4,957,611,545 4,794,695,260
원일특강 012620 기타유동자산 0 0
원일특강 012620 매각예정비유동자산 0 0
원일특강 012620 비유동자산 52,567,034,495 43,514,342,369
원일특강 012620 장기금융상품 0 0
원일특강 012620 기타포괄손익-공정가치 0 0
원일특강 012620 당기손익인식공정가치측정금융자산 0 0
원일특강 012620 종속회사투자 0 0
원일특강 012620 관계회사투자 0 0
원일특강 012620 렌탈자산 0 0
원일특강 012620 유형자산 50,037,967,036 40,597,872,309
원일특강 012620 무형자산 1,166,780,666 1,180,715,666
원일특강 012620 기타비유동금융자산 233,964,000 493,127,945
원일특강 012620 기타비유동자산 0 0
원일특강 012620 사용권자산 0 0
원일특강 012620 이연법인세자산 0 0
원일특강 012620 자산총계 173,593,004,584 162,480,508,824
원일특강 012620 유동부채 69,339,136,749 67,595,582,062
원일특강 012620 단기매입채무 0 0
원일특강 012620 단기차입금 52,737,418,101 53,274,695,829
원일특강 012620 유동성장기차입금 0 0
원일특강 012620 유동성사채 0 0
원일특강 012620 기타유동금융부채 1,700,365,863 2,252,788,615
원일특강 012620 기타유동부채 0 0
원일특강 012620 당기법인세부채 0 0
원일특강 012620 유동리스부채 0 0
원일특강 012620 비유동부채 13,415,751,426 5,046,207,781
원일특강 012620 사채 0 0
원일특강 012620 장기차입금 11,400,000,000 3,150,000,000
원일특강 012620 기타비유동금융부채 0 0
원일특강 012620 이연법인세부채 1,285,660,969 1,285,660,969
원일특강 012620 비유동리스부채 0 0
원일특강 012620 부채총계 82,754,888,175 72,641,789,843
원일특강 012620 자본금 0 0
원일특강 012620 자본잉여금 480,000,000 480,000,000
원일특강 012620 자본조정 0 0
원일특강 012620 기타포괄손익누계액 12,544,000 11,544,000
원일특강 012620 이익잉여금(결손금) 88,145,572,409 87,147,174,981
원일특강 012620 자본총계 90,838,116,409 89,838,718,981
원일특강 012620 자본과부채총계 173,593,004,584 162,480,508,824
date : 2016-06-30
원일특강 012620 유동자산 122,164,720,038 118,966,166,455
원일특강 012620 현금및현금성자산 14,187,344,770 9,285,554,579
원일특강 012620 매출채권 및 기타유동채권
원일특강 012620 재고자산 36,973,205,367 28,523,660,998
원일특강 012620 기타유동금융자산 4,411,995,978 4,794,695,260
원일특강 012620 기타유동자산 0 0
원일특강 012620 매각예정비유동자산 0 0
원일특강 012620 비유동자산 54,808,233,403 43,514,342,369
원일특강 012620 장기금융상품 0 0
원일특강 012620 기타포괄손익-공정가치 0 0
원일특강 012620 당기손익인식공정가치측정금융자산 0 0
원일특강 012620 종속회사투자 0 0
원일특강 012620 관계회사투자 0 0
원일특강 012620 렌탈자산 0 0
원일특강 012620 유형자산 51,133,723,934 40,597,872,309
원일특강 012620 무형자산 1,295,005,866 1,180,715,666
원일특강 012620 기타비유동금융자산 1,251,580,810 493,127,945
원일특강 012620 기타비유동자산 0 0
원일특강 012620 사용권자산 0 0
원일특강 012620 이연법인세자산 0 0
원일특강 012620 자산총계 176,972,953,441 162,480,508,824
원일특강 012620 유동부채 69,024,658,817 67,595,582,062
원일특강 012620 단기매입채무 0 0
원일특강 012620 단기차입금 51,983,148,044 53,274,695,829
원일특강 012620 유동성장기차입금 0 0
원일특강 012620 유동성사채 0 0
원일특강 012620 기타유동금융부채 1,583,060,448 2,252,788,615
원일특강 012620 기타유동부채 0 0
원일특강 012620 당기법인세부채 0 0
원일특강 012620 유동리스부채 0 0
원일특강 012620 비유동부채 14,492,342,411 5,046,207,781
원일특강 012620 사채 0 0
원일특강 012620 장기차입금 12,565,800,000 3,150,000,000
원일특강 012620 기타비유동금융부채 0 0
원일특강 012620 이연법인세부채 1,031,625,734 1,285,660,969
원일특강 012620 비유동리스부채 0 0
원일특강 012620 부채총계 83,517,001,228 72,641,789,843
원일특강 012620 자본금 0 0
원일특강 012620 자본잉여금 480,000,000 480,000,000
원일특강 012620 자본조정 0 0
원일특강 012620 기타포괄손익누계액 12,012,000 11,544,000
원일특강 012620 이익잉여금(결손금) 90,763,940,213 87,147,174,981
원일특강 012620 자본총계 93,455,952,213 89,838,718,981
원일특강 012620 자본과부채총계 176,972,953,441 162,480,508,824
date : 2016-09-30
원일특강 012620 유동자산 114,099,796,480 118,966,166,455
원일특강 012620 현금및현금성자산 16,225,585,457 9,285,554,579
원일특강 012620 매출채권 및 기타유동채권
원일특강 012620 재고자산 36,048,162,084 28,523,660,998
원일특강 012620 기타유동금융자산 1,850,642,701 4,794,695,260
원일특강 012620 기타유동자산 0 0
원일특강 012620 매각예정비유동자산 0 0
원일특강 012620 비유동자산 54,985,276,360 43,514,342,369
원일특강 012620 장기금융상품 0 0
원일특강 012620 기타포괄손익-공정가치 0 0
원일특강 012620 당기손익인식공정가치측정금융자산 0 0
원일특강 012620 종속회사투자 0 0
원일특강 012620 관계회사투자 0 0
원일특강 012620 렌탈자산 0 0
원일특강 012620 유형자산 51,748,612,946 40,597,872,309
원일특강 012620 무형자산 1,843,770,866 1,180,715,666
원일특강 012620 기타비유동금융자산 260,319,755 493,127,945
원일특강 012620 기타비유동자산 0 0
원일특강 012620 사용권자산 0 0
원일특강 012620 이연법인세자산 0 0
원일특강 012620 자산총계 169,085,072,840 162,480,508,824
원일특강 012620 유동부채 50,641,066,137 67,595,582,062
원일특강 012620 단기매입채무 0 0
원일특강 012620 단기차입금 36,325,409,944 53,274,695,829
원일특강 012620 유동성장기차입금 0 0
원일특강 012620 유동성사채 0 0
원일특강 012620 기타유동금융부채 1,252,882,969 2,252,788,615
원일특강 012620 기타유동부채 0 0
원일특강 012620 당기법인세부채 0 0
원일특강 012620 유동리스부채 0 0
원일특강 012620 비유동부채 24,775,005,319 5,046,207,781
원일특강 012620 사채 0 0
원일특강 012620 장기차입금 22,590,000,000 3,150,000,000
원일특강 012620 기타비유동금융부채 0 0
원일특강 012620 이연법인세부채 1,031,625,734 1,285,660,969
원일특강 012620 비유동리스부채 0 0
원일특강 012620 부채총계 75,416,071,456 72,641,789,843
원일특강 012620 자본금 0 0
원일특강 012620 자본잉여금 480,000,000 480,000,000
원일특강 012620 자본조정 0 0
원일특강 012620 기타포괄손익누계액 16,662,000 11,544,000
원일특강 012620 이익잉여금(결손금) 90,972,339,384 87,147,174,981
원일특강 012620 자본총계 93,669,001,384 89,838,718,981
원일특강 012620 자본과부채총계 169,085,072,840 162,480,508,824
date : 2016-12-31
원일특강 012620 유동자산 108,456,123,340 118,966,166,455
원일특강 012620 현금및현금성자산 9,027,503,108 9,285,554,579
원일특강 012620 매출채권 및 기타유동채권
원일특강 012620 재고자산 32,803,774,036 28,523,660,998
원일특강 012620 기타유동금융자산 1,057,325,027 4,794,695,260
원일특강 012620 기타유동자산 0 0
원일특강 012620 매각예정비유동자산 0 0
원일특강 012620 비유동자산 54,972,061,793 43,514,342,369
원일특강 012620 장기금융상품 0 0
원일특강 012620 기타포괄손익-공정가치 0 0
원일특강 012620 당기손익인식공정가치측정금융자산 0 0
원일특강 012620 종속회사투자 0 0
원일특강 012620 관계회사투자 0 0
원일특강 012620 렌탈자산 0 0
원일특강 012620 유형자산 51,896,291,534 40,597,872,309
원일특강 012620 무형자산 1,728,035,866 1,180,715,666
원일특강 012620 기타비유동금융자산 213,811,600 493,127,945
원일특강 012620 기타비유동자산 0 0
원일특강 012620 사용권자산 0 0
원일특강 012620 이연법인세자산 0 0
원일특강 012620 자산총계 163,428,185,133 162,480,508,824
원일특강 012620 유동부채 44,960,854,722 67,595,582,062
원일특강 012620 단기매입채무 0 0
원일특강 012620 단기차입금 29,718,691,399 53,274,695,829
원일특강 012620 유동성장기차입금 0 0
원일특강 012620 유동성사채 0 0
원일특강 012620 기타유동금융부채 2,497,476,297 2,252,788,615
원일특강 012620 기타유동부채 0 0
원일특강 012620 당기법인세부채 0 0
원일특강 012620 유동리스부채 0 0
원일특강 012620 비유동부채 23,852,999,245 5,046,207,781
원일특강 012620 사채 0 0
원일특강 012620 장기차입금 22,240,000,000 3,150,000,000
원일특강 012620 기타비유동금융부채 0 0
원일특강 012620 이연법인세부채 633,142,442 1,285,660,969
원일특강 012620 비유동리스부채 0 0
원일특강 012620 부채총계 68,813,853,967 72,641,789,843
원일특강 012620 자본금 0 0
원일특강 012620 자본잉여금 480,000,000 480,000,000
원일특강 012620 자본조정 0 0
원일특강 012620 기타포괄손익누계액 16,692,000 11,544,000
원일특강 012620 이익잉여금(결손금) 91,917,639,166 87,147,174,981
원일특강 012620 자본총계 94,614,331,166 89,838,718,981
원일특강 012620 자본과부채총계 163,428,185,133 162,480,508,824
date : 2017-03-31
원일특강 012620 유동자산 117,091,456,580 108,456,123,340
원일특강 012620 현금및현금성자산 7,814,492,750 9,027,503,108
원일특강 012620 매출채권 및 기타유동채권
원일특강 012620 재고자산 44,927,775,212 32,803,774,036
원일특강 012620 기타유동금융자산 2,089,625,680 1,057,325,027
원일특강 012620 기타유동자산 0 0
원일특강 012620 매각예정비유동자산 0 0
원일특강 012620 비유동자산 55,256,365,002 54,972,061,793
원일특강 012620 장기금융상품 0 0
원일특강 012620 기타포괄손익-공정가치 0 0
원일특강 012620 당기손익인식공정가치측정금융자산 0 0
원일특강 012620 종속회사투자 0 0
원일특강 012620 관계회사투자 0 0
원일특강 012620 렌탈자산 0 0
원일특강 012620 유형자산 51,829,399,747 51,896,291,534
원일특강 012620 무형자산 1,717,640,866 1,728,035,866
원일특강 012620 기타비유동금융자산 578,651,596 213,811,600
원일특강 012620 기타비유동자산 0 0
원일특강 012620 사용권자산 0 0
원일특강 012620 이연법인세자산 0 0
원일특강 012620 자산총계 172,347,821,582 163,428,185,133
원일특강 012620 유동부채 52,715,982,079 44,960,854,722
원일특강 012620 단기매입채무 0 0
원일특강 012620 단기차입금 34,849,813,322 29,718,691,399
원일특강 012620 유동성장기차입금 0 0
원일특강 012620 유동성사채 0 0
원일특강 012620 기타유동금융부채 1,365,272,664 2,497,476,297
원일특강 012620 기타유동부채 0 0
원일특강 012620 당기법인세부채 0 0
원일특강 012620 유동리스부채 0 0
원일특강 012620 비유동부채 23,716,315,322 23,852,999,245
원일특강 012620 사채 0 0
원일특강 012620 장기차입금 21,890,000,000 22,240,000,000
원일특강 012620 기타비유동금융부채 0 0
원일특강 012620 이연법인세부채 633,142,442 633,142,442
원일특강 012620 비유동리스부채 0 0
원일특강 012620 부채총계 76,432,297,401 68,813,853,967
원일특강 012620 자본금 0 0
원일특강 012620 자본잉여금 480,000,000 480,000,000
원일특강 012620 자본조정 0 0
원일특강 012620 기타포괄손익누계액 13,442,000 16,692,000
원일특강 012620 이익잉여금(결손금) 93,222,082,181 91,917,639,166
원일특강 012620 자본총계 95,915,524,181 94,614,331,166
원일특강 012620 자본과부채총계 172,347,821,582 163,428,185,133
date : 2017-06-30
원일특강 012620 유동자산 116,127,972,533 108,456,123,340
원일특강 012620 현금및현금성자산 7,285,420,458 9,027,503,108
원일특강 012620 매출채권 및 기타유동채권
원일특강 012620 재고자산 41,005,285,740 32,803,774,036
원일특강 012620 기타유동금융자산 1,824,737,122 1,057,325,027
원일특강 012620 기타유동자산 0 0
원일특강 012620 매각예정비유동자산 0 0
원일특강 012620 비유동자산 57,249,857,035 54,972,061,793
원일특강 012620 장기금융상품 0 0
원일특강 012620 기타포괄손익-공정가치 0 0
원일특강 012620 당기손익인식공정가치측정금융자산 0 0
원일특강 012620 종속회사투자 0 0
원일특강 012620 관계회사투자 0 0
원일특강 012620 렌탈자산 0 0
원일특강 012620 유형자산 53,615,821,358 51,896,291,534
원일특강 012620 무형자산 1,703,525,866 1,728,035,866
원일특강 012620 기타비유동금융자산 302,837,018 213,811,600
원일특강 012620 기타비유동자산 0 0
원일특강 012620 사용권자산 0 0
원일특강 012620 이연법인세자산 0 0
원일특강 012620 자산총계 173,377,829,568 163,428,185,133
원일특강 012620 유동부채 52,324,381,000 44,960,854,722
원일특강 012620 단기매입채무 0 0
원일특강 012620 단기차입금 33,938,623,956 29,718,691,399
원일특강 012620 유동성장기차입금 0 0
원일특강 012620 유동성사채 0 0
원일특강 012620 기타유동금융부채 2,212,342,753 2,497,476,297
원일특강 012620 기타유동부채 0 0
원일특강 012620 당기법인세부채 0 0
원일특강 012620 유동리스부채 0 0
원일특강 012620 비유동부채 23,096,180,344 23,852,999,245
원일특강 012620 사채 0 0
원일특강 012620 장기차입금 21,540,000,000 22,240,000,000
원일특강 012620 기타비유동금융부채 0 0
원일특강 012620 이연법인세부채 463,510,833 633,142,442
원일특강 012620 비유동리스부채 0 0
원일특강 012620 부채총계 75,420,561,344 68,813,853,967
원일특강 012620 자본금 0 0
원일특강 012620 자본잉여금 480,000,000 480,000,000
원일특강 012620 자본조정 0 0
원일특강 012620 기타포괄손익누계액 11,817,000 16,692,000
원일특강 012620 이익잉여금(결손금) 95,265,451,224 91,917,639,166
원일특강 012620 자본총계 97,957,268,224 94,614,331,166
원일특강 012620 자본과부채총계 173,377,829,568 163,428,185,133
date : 2017-09-30
원일특강 012620 유동자산 132,280,620,198 108,456,123,340
원일특강 012620 현금및현금성자산 12,923,747,061 9,027,503,108
원일특강 012620 매출채권 73,268,300,183 65,186,906,367
원일특강 012620 재고자산 44,840,364,361 32,803,774,036
원일특강 012620 기타유동금융자산 0 0
원일특강 012620 기타유동자산 0 0
원일특강 012620 매각예정비유동자산 0 0
원일특강 012620 비유동자산 63,287,986,390 54,972,061,793
원일특강 012620 장기금융상품 0 0
원일특강 012620 기타포괄손익-공정가치 0 0
원일특강 012620 당기손익인식공정가치측정금융자산 0 0
원일특강 012620 종속회사투자 0 0
원일특강 012620 관계회사투자 0 0
원일특강 012620 렌탈자산 0 0
원일특강 012620 유형자산 59,374,801,957 51,896,291,534
원일특강 012620 무형자산 1,689,410,866 1,728,035,866
원일특강 012620 기타비유동금융자산 0 0
원일특강 012620 기타비유동자산 0 0
원일특강 012620 사용권자산 0 0
원일특강 012620 이연법인세자산 0 0
원일특강 012620 자산총계 195,568,606,588 163,428,185,133
원일특강 012620 유동부채 66,752,777,122 44,960,854,722
원일특강 012620 단기매입채무 0 0
원일특강 012620 단기차입금 0 0
원일특강 012620 유동성장기차입금 0 0
원일특강 012620 유동성사채 0 0
원일특강 012620 기타유동금융부채 0 0
원일특강 012620 기타유동부채 0 0
원일특강 012620 당기법인세부채 0 0
원일특강 012620 유동리스부채 0 0
원일특강 012620 비유동부채 28,981,841,642 23,852,999,245
원일특강 012620 사채 0 0
원일특강 012620 장기차입금 0 0
원일특강 012620 기타비유동금융부채 0 0
원일특강 012620 이연법인세부채 463,510,833 633,142,442
원일특강 012620 비유동리스부채 0 0
원일특강 012620 부채총계 95,734,618,764 68,813,853,967
원일특강 012620 자본금 2,200,000,000 2,200,000,000
원일특강 012620 자본잉여금 480,000,000 480,000,000
원일특강 012620 자본조정 0 0
원일특강 012620 기타포괄손익누계액 7,967,000 16,692,000
원일특강 012620 이익잉여금(결손금) 97,146,020,824 91,917,639,166
원일특강 012620 자본총계 99,833,987,824 94,614,331,166
원일특강 012620 자본과부채총계 0 0
date : 2017-12-31
원일특강 012620 유동자산 126,085,225,283 108,456,123,340
원일특강 012620 현금및현금성자산 7,123,507,995 9,027,503,108
원일특강 012620 매출채권 73,358,689,688 65,186,906,367
원일특강 012620 재고자산 42,422,355,021 32,803,774,036
원일특강 012620 기타유동금융자산 0 0
원일특강 012620 기타유동자산 0 0
원일특강 012620 매각예정비유동자산 0 0
원일특강 012620 비유동자산 64,538,913,228 54,972,061,793
원일특강 012620 장기금융상품 0 0
원일특강 012620 기타포괄손익-공정가치 0 0
원일특강 012620 당기손익인식공정가치측정금융자산 0 0
원일특강 012620 종속회사투자 0 0
원일특강 012620 관계회사투자 0 0
원일특강 012620 렌탈자산 0 0
원일특강 012620 유형자산 60,990,530,889 51,896,291,534
원일특강 012620 무형자산 1,675,295,866 1,728,035,866
원일특강 012620 기타비유동금융자산 0 0
원일특강 012620 기타비유동자산 0 0
원일특강 012620 사용권자산 0 0
원일특강 012620 이연법인세자산 0 0
원일특강 012620 자산총계 190,624,138,511 163,428,185,133
원일특강 012620 유동부채 60,766,039,447 44,960,854,722
원일특강 012620 단기매입채무 0 0
원일특강 012620 단기차입금 0 0
원일특강 012620 유동성장기차입금 0 0
원일특강 012620 유동성사채 0 0
원일특강 012620 기타유동금융부채 0 0
원일특강 012620 기타유동부채 0 0
원일특강 012620 당기법인세부채 0 0
원일특강 012620 유동리스부채 0 0
원일특강 012620 비유동부채 28,530,432,407 23,852,999,245
원일특강 012620 사채 0 0
원일특강 012620 장기차입금 0 0
원일특강 012620 기타비유동금융부채 0 0
원일특강 012620 이연법인세부채 922,602,723 633,142,442
원일특강 012620 비유동리스부채 0 0
원일특강 012620 부채총계 89,296,471,854 68,813,853,967
원일특강 012620 자본금 2,200,000,000 2,200,000,000
원일특강 012620 자본잉여금 480,000,000 480,000,000
원일특강 012620 자본조정 0 0
원일특강 012620 기타포괄손익누계액 8,580,702 16,692,000
원일특강 012620 이익잉여금(결손금) 98,639,085,955 91,917,639,166
원일특강 012620 자본총계 101,327,666,657 94,614,331,166
원일특강 012620 자본과부채총계 0 0
date : 2018-03-31
원일특강 012620 유동자산 133,110,748,081 126,085,225,283
원일특강 012620 현금및현금성자산 4,075,446,764 7,123,507,995
원일특강 012620 매출채권 75,131,780,520 73,358,689,688
원일특강 012620 재고자산 50,806,049,700 42,422,355,021
원일특강 012620 기타유동금융자산 0 0
원일특강 012620 기타유동자산 0 0
원일특강 012620 매각예정비유동자산 0 0
원일특강 012620 비유동자산 66,835,697,424 64,538,913,228
원일특강 012620 장기금융상품 0 0
원일특강 012620 기타포괄손익-공정가치 0 0
원일특강 012620 당기손익인식공정가치측정금융자산 0 0
원일특강 012620 종속회사투자 0 0
원일특강 012620 관계회사투자 0 0
원일특강 012620 렌탈자산 0 0
원일특강 012620 유형자산 63,306,925,432 60,990,530,889
원일특강 012620 무형자산 1,661,181,199 1,675,295,866
원일특강 012620 기타비유동금융자산 0 0
원일특강 012620 기타비유동자산 0 0
원일특강 012620 사용권자산 0 0
원일특강 012620 이연법인세자산 0 0
원일특강 012620 자산총계 199,946,445,505 190,624,138,511
원일특강 012620 유동부채 63,679,547,030 60,766,039,447
원일특강 012620 단기매입채무 0 0
원일특강 012620 단기차입금 0 0
원일특강 012620 유동성장기차입금 0 0
원일특강 012620 유동성사채 0 0
원일특강 012620 기타유동금융부채 0 0
원일특강 012620 기타유동부채 0 0
원일특강 012620 당기법인세부채 0 0
원일특강 012620 유동리스부채 0 0
원일특강 012620 비유동부채 33,481,179,664 28,530,432,407
원일특강 012620 사채 0 0
원일특강 012620 장기차입금 0 0
원일특강 012620 기타비유동금융부채 0 0
원일특강 012620 이연법인세부채 922,602,723 922,602,723
원일특강 012620 비유동리스부채 0 0
원일특강 012620 부채총계 97,160,726,694 89,296,471,854
원일특강 012620 자본금 2,200,000,000 2,200,000,000
원일특강 012620 자본잉여금 480,000,000 480,000,000
원일특강 012620 자본조정 0 0
원일특강 012620 기타포괄손익누계액 9,130,702 8,580,702
원일특강 012620 이익잉여금(결손금) 100,096,588,109 98,639,085,955
원일특강 012620 자본총계 102,785,718,811 101,327,666,657
원일특강 012620 자본과부채총계 0 0
date : 2018-06-30
원일특강 012620 유동자산 138,893,361,372 126,085,225,283
원일특강 012620 현금및현금성자산 7,798,390,594 7,123,507,995
원일특강 012620 매출채권 78,447,606,704 73,358,689,688
원일특강 012620 재고자산 49,301,806,778 42,422,355,021
원일특강 012620 기타유동금융자산 0 0
원일특강 012620 기타유동자산 0 0
원일특강 012620 매각예정비유동자산 0 0
원일특강 012620 비유동자산 69,109,558,847 64,538,913,228
원일특강 012620 장기금융상품 0 0
원일특강 012620 기타포괄손익-공정가치 0 0
원일특강 012620 당기손익인식공정가치측정금융자산 0 0
원일특강 012620 종속회사투자 0 0
원일특강 012620 관계회사투자 0 0
원일특강 012620 렌탈자산 0 0
원일특강 012620 유형자산 65,378,648,422 60,990,530,889
원일특강 012620 무형자산 1,809,369,632 1,675,295,866
원일특강 012620 기타비유동금융자산 0 0
원일특강 012620 기타비유동자산 0 0
원일특강 012620 사용권자산 0 0
원일특강 012620 이연법인세자산 0 0
원일특강 012620 자산총계 208,002,920,219 190,624,138,511
원일특강 012620 유동부채 67,756,670,957 60,766,039,447
원일특강 012620 단기매입채무 0 0
원일특강 012620 단기차입금 0 0
원일특강 012620 유동성장기차입금 0 0
원일특강 012620 유동성사채 0 0
원일특강 012620 기타유동금융부채 0 0
원일특강 012620 기타유동부채 0 0
원일특강 012620 당기법인세부채 0 0
원일특강 012620 유동리스부채 0 0
원일특강 012620 비유동부채 36,851,043,483 28,530,432,407
원일특강 012620 사채 0 0
원일특강 012620 장기차입금 0 0
원일특강 012620 기타비유동금융부채 0 0
원일특강 012620 이연법인세부채 629,177,911 922,602,723
원일특강 012620 비유동리스부채 0 0
원일특강 012620 부채총계 104,607,714,440 89,296,471,854
원일특강 012620 자본금 2,200,000,000 2,200,000,000
원일특강 012620 자본잉여금 480,000,000 480,000,000
원일특강 012620 자본조정 0 0
원일특강 012620 기타포괄손익누계액 8,814,702 8,580,702
원일특강 012620 이익잉여금(결손금) 100,706,391,077 98,639,085,955
원일특강 012620 자본총계 103,395,205,779 101,327,666,657
원일특강 012620 자본과부채총계 0 0
date : 2018-09-30
원일특강 012620 유동자산 132,922,360,453 126,085,225,283
원일특강 012620 현금및현금성자산 3,721,670,665 7,123,507,995
원일특강 012620 매출채권 76,312,026,147 73,358,689,688
원일특강 012620 재고자산 47,422,879,669 42,422,355,021
원일특강 012620 기타유동금융자산 0 0
원일특강 012620 기타유동자산 0 0
원일특강 012620 매각예정비유동자산 0 0
원일특강 012620 비유동자산 71,563,142,265 64,538,913,228
원일특강 012620 장기금융상품 0 0
원일특강 012620 기타포괄손익-공정가치 0 0
원일특강 012620 당기손익인식공정가치측정금융자산 0 0
원일특강 012620 종속회사투자 0 0
원일특강 012620 관계회사투자 0 0
원일특강 012620 렌탈자산 0 0
원일특강 012620 유형자산 67,832,496,506 60,990,530,889
원일특강 012620 무형자산 1,795,254,966 1,675,295,866
원일특강 012620 기타비유동금융자산 0 0
원일특강 012620 기타비유동자산 0 0
원일특강 012620 사용권자산 0 0
원일특강 012620 이연법인세자산 0 0
원일특강 012620 자산총계 204,485,502,718 190,624,138,511
원일특강 012620 유동부채 73,455,237,683 60,766,039,447
원일특강 012620 단기매입채무 0 0
원일특강 012620 단기차입금 0 0
원일특강 012620 유동성장기차입금 0 0
원일특강 012620 유동성사채 0 0
원일특강 012620 기타유동금융부채 0 0
원일특강 012620 기타유동부채 0 0
원일특강 012620 당기법인세부채 0 0
원일특강 012620 유동리스부채 0 0
원일특강 012620 비유동부채 25,513,257,593 28,530,432,407
원일특강 012620 사채 0 0
원일특강 012620 장기차입금 0 0
원일특강 012620 기타비유동금융부채 0 0
원일특강 012620 이연법인세부채 629,177,911 922,602,723
원일특강 012620 비유동리스부채 0 0
원일특강 012620 부채총계 98,968,495,276 89,296,471,854
원일특강 012620 자본금 2,200,000,000 2,200,000,000
원일특강 012620 자본잉여금 480,000,000 480,000,000
원일특강 012620 자본조정 0 0
원일특강 012620 기타포괄손익누계액 8,064,702 8,580,702
원일특강 012620 이익잉여금(결손금) 102,828,942,740 98,639,085,955
원일특강 012620 자본총계 105,517,007,442 101,327,666,657
원일특강 012620 자본과부채총계 0 0
date : 2018-12-31
원일특강 012620 유동자산 117,664,852,574 126,085,225,283
원일특강 012620 현금및현금성자산 5,820,797,695 7,123,507,995
원일특강 012620 매출채권 69,237,595,684 73,358,689,688
원일특강 012620 재고자산 38,761,731,044 42,422,355,021
원일특강 012620 기타유동금융자산 0 0
원일특강 012620 기타유동자산 0 0
원일특강 012620 매각예정비유동자산 0 0
원일특강 012620 비유동자산 74,833,078,266 64,538,913,228
원일특강 012620 장기금융상품 0 0
원일특강 012620 기타포괄손익-공정가치 0 0
원일특강 012620 당기손익인식공정가치측정금융자산 0 0
원일특강 012620 종속회사투자 0 0
원일특강 012620 관계회사투자 0 0
원일특강 012620 렌탈자산 0 0
원일특강 012620 유형자산 71,162,511,507 60,990,530,889
원일특강 012620 무형자산 1,781,379,966 1,675,295,866
원일특강 012620 기타비유동금융자산 0 0
원일특강 012620 기타비유동자산 0 0
원일특강 012620 사용권자산 0 0
원일특강 012620 이연법인세자산 0 0
원일특강 012620 자산총계 192,497,930,840 190,624,138,511
원일특강 012620 유동부채 63,438,186,251 60,766,039,447
원일특강 012620 단기매입채무 0 0
원일특강 012620 단기차입금 0 0
원일특강 012620 유동성장기차입금 0 0
원일특강 012620 유동성사채 0 0
원일특강 012620 기타유동금융부채 0 0
원일특강 012620 기타유동부채 0 0
원일특강 012620 당기법인세부채 0 0
원일특강 012620 유동리스부채 0 0
원일특강 012620 비유동부채 23,781,833,423 28,530,432,407
원일특강 012620 사채 0 0
원일특강 012620 장기차입금 0 0
원일특강 012620 기타비유동금융부채 0 0
원일특강 012620 이연법인세부채 678,224,063 922,602,723
원일특강 012620 비유동리스부채 0 0
원일특강 012620 부채총계 87,220,019,674 89,296,471,854
원일특강 012620 자본금 2,200,000,000 2,200,000,000
원일특강 012620 자본잉여금 480,000,000 480,000,000
원일특강 012620 자본조정 0 0
원일특강 012620 기타포괄손익누계액 4,197,102 8,580,702
원일특강 012620 이익잉여금(결손금) 102,593,714,064 98,639,085,955
원일특강 012620 자본총계 105,277,911,166 101,327,666,657
원일특강 012620 자본과부채총계 0 0
date : 2019-03-31
원일특강 012620 유동자산 130,536,093,258 117,664,852,574
원일특강 012620 현금및현금성자산 3,455,815,775 5,820,797,695
원일특강 012620 매출채권 78,469,686,215 69,237,595,684
원일특강 012620 재고자산 43,226,376,553 38,761,731,044
원일특강 012620 기타유동금융자산 0 0
원일특강 012620 기타유동자산 0 0
원일특강 012620 매각예정비유동자산 0 0
원일특강 012620 비유동자산 75,328,577,819 74,833,078,266
원일특강 012620 장기금융상품 0 0
원일특강 012620 기타포괄손익-공정가치 0 0
원일특강 012620 당기손익인식공정가치측정금융자산 0 0
원일특강 012620 종속회사투자 0 0
원일특강 012620 관계회사투자 0 0
원일특강 012620 렌탈자산 0 0
원일특강 012620 유형자산 71,840,906,891 71,162,511,507
원일특강 012620 무형자산 1,767,724,135 1,781,379,966
원일특강 012620 기타비유동금융자산 0 0
원일특강 012620 기타비유동자산 0 0
원일특강 012620 사용권자산 0 0
원일특강 012620 이연법인세자산 0 0
원일특강 012620 자산총계 205,864,671,077 192,497,930,840
원일특강 012620 유동부채 77,204,803,764 63,438,186,251
원일특강 012620 단기매입채무 0 0
원일특강 012620 단기차입금 0 0
원일특강 012620 유동성장기차입금 0 0
원일특강 012620 유동성사채 0 0
원일특강 012620 기타유동금융부채 0 0
원일특강 012620 기타유동부채 0 0
원일특강 012620 당기법인세부채 0 0
원일특강 012620 유동리스부채 0 0
원일특강 012620 비유동부채 22,380,666,710 23,781,833,423
원일특강 012620 사채 0 0
원일특강 012620 장기차입금 0 0
원일특강 012620 기타비유동금융부채 0 0
원일특강 012620 이연법인세부채 678,224,063 678,224,063
원일특강 012620 비유동리스부채 0 0
원일특강 012620 부채총계 99,585,470,474 87,220,019,674
원일특강 012620 자본금 2,200,000,000 2,200,000,000
원일특강 012620 자본잉여금 480,000,000 480,000,000
원일특강 012620 자본조정 0 0
원일특강 012620 기타포괄손익누계액 1,157,102 4,197,102
원일특강 012620 이익잉여금(결손금) 103,598,043,501 102,593,714,064
원일특강 012620 자본총계 106,279,200,603 105,277,911,166
원일특강 012620 자본과부채총계 0 0
