date : 2019-03-31
HDC 012630 유동자산 189,470,181,536 165,785,820,254
HDC 012630 현금및현금성자산 131,739,481,734 118,927,814,788
HDC 012630 매출채권 17,114,607,703 2,666,902,711
HDC 012630 비유동자산 1,764,330,064,589 1,758,594,609,617
HDC 012630 유형자산 2,835,489,671 3,042,782,075
HDC 012630 무형자산 824,984,381 846,923,129
HDC 012630 이연법인세자산 7,939,371,651 12,023,638,657
HDC 012630 기타비유동자산 71,284,563,406 66,026,739,734
HDC 012630 자산총계 1,953,800,246,125 1,924,380,429,871
HDC 012630 유동부채 31,465,470,449 16,403,728,488
HDC 012630 당기법인세부채 15,267,133,472 8,103,716,125
HDC 012630 비유동부채 30,734,110,344 29,835,279,147
HDC 012630 부채총계 62,199,580,793 46,239,007,635
HDC 012630 자본금 298,708,605,000 298,708,605,000
HDC 012630 자본잉여금 644,510,880,298 644,510,880,298
HDC 012630 기타포괄손익누계액 -2,974,659,216 -2,750,493,386
HDC 012630 자본총계 1,891,600,665,332 1,878,141,422,236
HDC 012630 자본과부채총계 1,953,800,246,125 1,924,380,429,871
