date : 2019-03-31
신일제약 012790 유동자산 46,771,143,771 47,021,624,380
신일제약 012790 현금및현금성자산 1,695,549,202 1,727,043,761
신일제약 012790 기타유동금융자산 10,068,900,000 11,954,480,000
신일제약 012790 매출채권 및 기타유동채권
신일제약 012790 기타유동자산 249,571,300 285,705,298
신일제약 012790 재고자산 14,778,529,751 13,393,087,215
신일제약 012790 비유동자산 61,194,806,191 59,382,264,854
신일제약 012790 기타비유동금융자산 34,369,154 34,369,154
신일제약 012790 유형자산 25,655,041,437 24,288,888,478
신일제약 012790 무형자산 1,152,206,271 1,155,175,271
신일제약 012790 이연법인세자산 1,775,244,641 1,694,202,443
신일제약 012790 자산총계 107,965,949,962 106,403,889,234
신일제약 012790 유동부채 8,327,931,638 7,403,428,260
신일제약 012790 당기법인세부채 158,337,288 0
신일제약 012790 기타유동부채 1,531,611,451 892,126,333
신일제약 012790 비유동부채 4,251,904,298 3,815,722,917
신일제약 012790 부채총계 12,579,835,936 11,219,151,177
신일제약 012790 자본금 3,950,000,000 3,950,000,000
신일제약 012790 자본잉여금 2,671,000,000 2,671,000,000
신일제약 012790 이익잉여금(결손금) 88,836,251,654 88,634,875,685
신일제약 012790 자본총계 95,386,114,026 95,184,738,057
신일제약 012790 자본과부채총계 107,965,949,962 106,403,889,234
