date : 2019-03-31
리드코프 012700 유동자산 794,585,758,202 801,908,117,973
리드코프 012700 현금및현금성자산 24,804,636,837 24,700,472,758
리드코프 012700 매출채권 3,248,665,524 4,035,600,969
리드코프 012700 기타유동금융자산 9,735,558,885 9,988,227,980
리드코프 012700 기타유동자산 4,217,210,997 5,581,146,254
리드코프 012700 재고자산 5,601,494,532 449,221,763
리드코프 012700 비유동자산 73,087,828,493 67,329,664,811
리드코프 012700 기타비유동금융자산 5,635,112,607 5,452,279,277
리드코프 012700 유형자산 6,099,991,447 5,234,508,552
리드코프 012700 사용권자산 1,951,933,242 0
리드코프 012700 무형자산 1,022,856,574 1,146,027,288
리드코프 012700 이연법인세자산 39,561,518,170 35,148,672,794
리드코프 012700 자산총계 867,673,586,695 869,237,782,784
리드코프 012700 유동부채 516,578,429,753 523,771,676,496
리드코프 012700 기타유동금융부채 10,507,888,088 10,208,178,845
리드코프 012700 기타유동부채 2,166,954,548 917,459,631
리드코프 012700 당기법인세부채 12,277,032,632 5,969,638,763
리드코프 012700 단기차입금 489,815,194,569 506,302,692,075
리드코프 012700 유동리스부채 1,426,401,434 0
리드코프 012700 비유동부채 50,013,112,567 46,960,002,293
리드코프 012700 장기차입금 48,351,354,964 46,186,871,682
리드코프 012700 기타비유동금융부채 450,000,000 250,000,000
리드코프 012700 비유동리스부채 367,561,691 0
리드코프 012700 부채총계 566,591,542,320 570,731,678,789
리드코프 012700 이익잉여금(결손금) 247,640,037,628 245,556,256,596
리드코프 012700 자본과부채총계 867,673,586,695 869,237,782,784
