date : 2019-03-31
서연전자 012860 유동자산 221,361,857,376 230,316,890,494
서연전자 012860 현금및현금성자산 143,655,642 473,803,954
서연전자 012860 매출채권 및 기타채권
서연전자 012860 기타유동금융자산 29,374,285 29,374,285
서연전자 012860 기타유동자산 3,938,610,919 4,184,712,068
서연전자 012860 재고자산 48,091,739,463 47,078,228,579
서연전자 012860 비유동자산 296,446,374,139 291,576,301,539
서연전자 012860 유형자산 200,667,836,913 199,870,861,809
서연전자 012860 무형자산 15,108,853,765 15,916,864,340
서연전자 012860 기타비유동금융자산 2,396,609,046 2,396,609,046
서연전자 012860 이연법인세자산 17,946,609,284 17,946,609,284
서연전자 012860 자산총계 517,808,231,515 521,893,192,033
서연전자 012860 유동부채 297,477,497,390 291,832,429,090
서연전자 012860 단기차입금 113,577,212,632 116,562,627,405
서연전자 012860 유동성장기차입금 41,102,674,443 39,849,893,332
서연전자 012860 유동리스부채 1,439,963,161 0
서연전자 012860 기타유동부채 957,954,307 1,008,795,050
서연전자 012860 비유동부채 111,903,444,260 123,223,027,601
서연전자 012860 장기차입금 78,936,472,567 89,359,689,856
서연전자 012860 기타비유동금융부채 967,347,523 924,034,482
서연전자 012860 비유동리스부채 291,733,817 0
서연전자 012860 부채총계 409,380,941,650 415,055,456,691
서연전자 012860 자본금 13,500,000,000 13,500,000,000
서연전자 012860 자본잉여금 27,827,617,363 27,827,617,363
서연전자 012860 기타포괄손익누계액 10,134,598,773 10,134,598,773
서연전자 012860 자본총계 108,427,289,865 106,837,735,342
서연전자 012860 자본과부채총계 517,808,231,515 521,893,192,033
