date : 2015-12-31
디와이 013570 유동자산 66,123,181,652 62,602,970,593
디와이 013570 현금및현금성자산 30,238,085,005 29,308,743,692
디와이 013570 매출채권 및 기타유동채권
디와이 013570 재고자산 12,514,103,241 13,279,941,911
디와이 013570 기타유동금융자산 15,144,820 77,657,984
디와이 013570 기타유동자산 0 0
디와이 013570 매각예정비유동자산 0 0
디와이 013570 비유동자산 183,047,842,071 158,944,399,365
디와이 013570 장기금융상품 0 0
디와이 013570 기타포괄손익-공정가치 0 0
디와이 013570 당기손익인식공정가치측정금융자산 0 0
디와이 013570 종속회사투자 0 0
디와이 013570 관계회사투자 0 0
디와이 013570 렌탈자산 0 0
디와이 013570 유형자산 23,598,411,598 26,759,949,105
디와이 013570 무형자산 1,518,881,111 1,964,741,447
디와이 013570 기타비유동금융자산 411,209,088 789,670,637
디와이 013570 기타비유동자산 0 0
디와이 013570 사용권자산 0 0
디와이 013570 이연법인세자산 5,483,746,648 5,838,546,184
디와이 013570 자산총계 249,171,023,723 221,547,369,958
디와이 013570 유동부채 10,440,683,762 9,462,196,632
디와이 013570 단기매입채무 0 0
디와이 013570 단기차입금 387,500,000 0
디와이 013570 유동성장기차입금 0 0
디와이 013570 유동성사채 0 0
디와이 013570 기타유동금융부채 1,497,561,531 572,626,889
디와이 013570 기타유동부채 0 0
디와이 013570 당기법인세부채 0 572,653,328
디와이 013570 유동리스부채 0 0
디와이 013570 비유동부채 4,892,476,630 8,277,490,394
디와이 013570 사채 0 0
디와이 013570 장기차입금 2,712,500,000 3,100,000,000
디와이 013570 기타비유동금융부채 619,156,248 482,334,809
디와이 013570 이연법인세부채 0 0
디와이 013570 비유동리스부채 0 0
디와이 013570 부채총계 15,333,160,392 17,739,687,026
디와이 013570 자본금 13,159,816,500 10,311,800,000
디와이 013570 자본잉여금 0 0
디와이 013570 자본조정 0 0
디와이 013570 기타포괄손익누계액 0 5,132,178
디와이 013570 이익잉여금(결손금) 129,248,754,808 235,679,418,193
디와이 013570 자본총계 233,837,863,331 203,807,682,932
디와이 013570 자본과부채총계 249,171,023,723 221,547,369,958
date : 2016-03-31
디와이 013570 유동자산 63,829,923,065 66,123,181,652
디와이 013570 현금및현금성자산 19,371,147,540 30,238,085,005
디와이 013570 매출채권 및 기타유동채권
디와이 013570 재고자산 16,850,450,477 12,514,103,241
디와이 013570 기타유동금융자산 1,572,262,314 15,144,820
디와이 013570 기타유동자산 0 0
디와이 013570 매각예정비유동자산 0 0
디와이 013570 비유동자산 184,138,858,368 183,047,842,071
디와이 013570 장기금융상품 0 0
디와이 013570 기타포괄손익-공정가치 0 0
디와이 013570 당기손익인식공정가치측정금융자산 0 0
디와이 013570 종속회사투자 0 0
디와이 013570 관계회사투자 0 0
디와이 013570 렌탈자산 0 0
디와이 013570 유형자산 24,241,516,983 23,598,411,598
디와이 013570 무형자산 1,460,992,566 1,518,881,111
디와이 013570 기타비유동금융자산 410,072,724 411,209,088
디와이 013570 기타비유동자산 0 0
디와이 013570 사용권자산 0 0
디와이 013570 이연법인세자산 5,616,260,717 5,483,746,648
디와이 013570 자산총계 247,968,781,433 249,171,023,723
디와이 013570 유동부채 11,275,511,612 10,440,683,762
디와이 013570 단기매입채무 0 0
디와이 013570 단기차입금 581,250,000 387,500,000
디와이 013570 유동성장기차입금 0 0
디와이 013570 유동성사채 0 0
디와이 013570 기타유동금융부채 1,172,347,799 1,497,561,531
디와이 013570 기타유동부채 0 0
디와이 013570 당기법인세부채 0 0
디와이 013570 유동리스부채 0 0
디와이 013570 비유동부채 4,809,562,488 4,892,476,630
디와이 013570 사채 0 0
디와이 013570 장기차입금 2,518,750,000 2,712,500,000
디와이 013570 기타비유동금융부채 225,954,166 619,156,248
디와이 013570 이연법인세부채 0 0
디와이 013570 비유동리스부채 0 0
디와이 013570 부채총계 16,085,074,100 15,333,160,392
디와이 013570 자본금 13,159,816,500 13,159,816,500
디와이 013570 자본잉여금 0 0
디와이 013570 자본조정 0 0
디와이 013570 기타포괄손익누계액 0 0
디와이 013570 이익잉여금(결손금) 127,294,598,810 129,248,754,808
디와이 013570 자본총계 231,883,707,333 233,837,863,331
디와이 013570 자본과부채총계 247,968,781,433 249,171,023,723
date : 2016-06-30
디와이 013570 유동자산 64,848,489,968 66,123,181,652
디와이 013570 현금및현금성자산 26,725,453,195 30,238,085,005
디와이 013570 매출채권 및 기타유동채권
디와이 013570 재고자산 18,707,889,848 12,514,103,241
디와이 013570 기타유동금융자산 1,530,361,747 15,144,820
디와이 013570 기타유동자산 0 0
디와이 013570 매각예정비유동자산 0 0
디와이 013570 비유동자산 183,844,276,925 183,047,842,071
디와이 013570 장기금융상품 0 0
디와이 013570 기타포괄손익-공정가치 0 0
디와이 013570 당기손익인식공정가치측정금융자산 0 0
디와이 013570 종속회사투자 0 0
디와이 013570 관계회사투자 0 0
디와이 013570 렌탈자산 0 0
디와이 013570 유형자산 23,653,772,263 23,598,411,598
디와이 013570 무형자산 1,755,762,028 1,518,881,111
디와이 013570 기타비유동금융자산 188,936,360 411,209,088
디와이 013570 기타비유동자산 0 0
디와이 013570 사용권자산 0 0
디와이 013570 이연법인세자산 5,772,200,946 5,483,746,648
디와이 013570 자산총계 248,692,766,893 249,171,023,723
디와이 013570 유동부채 11,625,032,010 10,440,683,762
디와이 013570 단기매입채무 0 0
디와이 013570 단기차입금 775,000,000 387,500,000
디와이 013570 유동성장기차입금 0 0
디와이 013570 유동성사채 0 0
디와이 013570 기타유동금융부채 1,075,471,841 1,497,561,531
디와이 013570 기타유동부채 0 0
디와이 013570 당기법인세부채 263,680,889 0
디와이 013570 유동리스부채 0 0
디와이 013570 비유동부채 4,792,360,280 4,892,476,630
디와이 013570 사채 0 0
디와이 013570 장기차입금 2,325,000,000 2,712,500,000
디와이 013570 기타비유동금융부채 25,406,165 619,156,248
디와이 013570 이연법인세부채 0 0
디와이 013570 비유동리스부채 0 0
디와이 013570 부채총계 16,417,392,290 15,333,160,392
디와이 013570 자본금 13,159,816,500 13,159,816,500
디와이 013570 자본잉여금 0 0
디와이 013570 자본조정 0 0
디와이 013570 기타포괄손익누계액 0 0
디와이 013570 이익잉여금(결손금) 127,686,266,080 129,248,754,808
디와이 013570 자본총계 232,275,374,603 233,837,863,331
디와이 013570 자본과부채총계 248,692,766,893 249,171,023,723
date : 2016-09-30
디와이 013570 유동자산 62,838,515,572 66,123,181,652
디와이 013570 현금및현금성자산 26,682,786,441 30,238,085,005
디와이 013570 매출채권 및 기타유동채권
디와이 013570 재고자산 17,213,914,125 12,514,103,241
디와이 013570 기타유동금융자산 1,926,110,445 15,144,820
디와이 013570 기타유동자산 0 0
디와이 013570 매각예정비유동자산 0 0
디와이 013570 비유동자산 183,832,852,129 183,047,842,071
디와이 013570 장기금융상품 0 0
디와이 013570 기타포괄손익-공정가치 0 0
디와이 013570 당기손익인식공정가치측정금융자산 0 0
디와이 013570 종속회사투자 0 0
디와이 013570 관계회사투자 0 0
디와이 013570 렌탈자산 0 0
디와이 013570 유형자산 23,367,044,669 23,598,411,598
디와이 013570 무형자산 1,648,034,679 1,518,881,111
디와이 013570 기타비유동금융자산 393,799,996 411,209,088
디와이 013570 기타비유동자산 0 0
디와이 013570 사용권자산 0 0
디와이 013570 이연법인세자산 5,994,554,694 5,483,746,648
디와이 013570 자산총계 246,671,367,701 249,171,023,723
디와이 013570 유동부채 8,892,793,585 10,440,683,762
디와이 013570 단기매입채무 0 0
디와이 013570 단기차입금 775,000,000 387,500,000
디와이 013570 유동성장기차입금 0 0
디와이 013570 유동성사채 0 0
디와이 013570 기타유동금융부채 29,983,147 1,497,561,531
디와이 013570 기타유동부채 0 0
디와이 013570 당기법인세부채 365,597,281 0
디와이 013570 유동리스부채 0 0
디와이 013570 비유동부채 5,635,933,351 4,892,476,630
디와이 013570 사채 0 0
디와이 013570 장기차입금 2,131,250,000 2,712,500,000
디와이 013570 기타비유동금융부채 0 619,156,248
디와이 013570 이연법인세부채 0 0
디와이 013570 비유동리스부채 0 0
디와이 013570 부채총계 14,528,726,936 15,333,160,392
디와이 013570 자본금 13,159,816,500 13,159,816,500
디와이 013570 자본잉여금 0 0
디와이 013570 자본조정 0 0
디와이 013570 기타포괄손익누계액 0 0
디와이 013570 이익잉여금(결손금) 127,553,532,242 129,248,754,808
디와이 013570 자본총계 232,142,640,765 233,837,863,331
디와이 013570 자본과부채총계 246,671,367,701 249,171,023,723
date : 2016-12-31
디와이 013570 유동자산 60,946,693,290 66,123,181,652
디와이 013570 현금및현금성자산 29,577,884,930 30,238,085,005
디와이 013570 매출채권 및 기타유동채권
디와이 013570 재고자산 14,476,325,740 12,514,103,241
디와이 013570 기타유동금융자산 1,559,340,000 15,144,820
디와이 013570 기타유동자산 0 0
디와이 013570 매각예정비유동자산 0 0
디와이 013570 비유동자산 184,148,129,919 183,047,842,071
디와이 013570 장기금융상품 0 0
디와이 013570 기타포괄손익-공정가치 0 0
디와이 013570 당기손익인식공정가치측정금융자산 0 0
디와이 013570 종속회사투자 0 0
디와이 013570 관계회사투자 0 0
디와이 013570 렌탈자산 0 0
디와이 013570 유형자산 23,656,991,177 23,598,411,598
디와이 013570 무형자산 1,582,000,667 1,518,881,111
디와이 013570 기타비유동금융자산 156,000,000 422,937,113
디와이 013570 기타비유동자산 0 0
디와이 013570 사용권자산 0 0
디와이 013570 이연법인세자산 6,209,491,443 5,483,746,648
디와이 013570 자산총계 245,094,823,209 249,171,023,723
디와이 013570 유동부채 11,191,976,063 10,440,683,762
디와이 013570 단기매입채무 0 0
디와이 013570 단기차입금 775,000,000 387,500,000
디와이 013570 유동성장기차입금 0 0
디와이 013570 유동성사채 0 0
디와이 013570 기타유동금융부채 996,929,252 1,497,561,531
디와이 013570 기타유동부채 0 0
디와이 013570 당기법인세부채 0 0
디와이 013570 유동리스부채 0 0
디와이 013570 비유동부채 4,438,388,710 4,892,476,630
디와이 013570 사채 0 0
디와이 013570 장기차입금 1,937,500,000 2,712,500,000
디와이 013570 기타비유동금융부채 0 619,156,248
디와이 013570 이연법인세부채 0 0
디와이 013570 비유동리스부채 0 0
디와이 013570 부채총계 15,630,364,773 15,333,160,392
디와이 013570 자본금 13,159,816,500 13,159,816,500
디와이 013570 자본잉여금 0 0
디와이 013570 자본조정 0 0
디와이 013570 기타포괄손익누계액 0 0
디와이 013570 이익잉여금(결손금) 124,875,349,913 129,248,754,808
디와이 013570 자본총계 229,464,458,436 233,837,863,331
디와이 013570 자본과부채총계 245,094,823,209 249,171,023,723
date : 2017-03-31
디와이 013570 유동자산 61,120,768,503 60,946,693,290
디와이 013570 현금및현금성자산 25,020,070,930 29,577,884,930
디와이 013570 매출채권 및 기타유동채권
디와이 013570 재고자산 16,634,010,726 14,476,325,740
디와이 013570 기타유동금융자산 244,317,330 1,559,340,000
디와이 013570 기타유동자산 0 0
디와이 013570 매각예정비유동자산 0 0
디와이 013570 비유동자산 184,173,187,256 184,148,129,919
디와이 013570 장기금융상품 0 0
디와이 013570 기타포괄손익-공정가치 0 0
디와이 013570 당기손익인식공정가치측정금융자산 0 0
디와이 013570 종속회사투자 0 0
디와이 013570 관계회사투자 0 0
디와이 013570 렌탈자산 0 0
디와이 013570 유형자산 23,463,973,455 23,656,991,177
디와이 013570 무형자산 1,484,766,540 1,582,000,667
디와이 013570 기타비유동금융자산 136,000,000 156,000,000
디와이 013570 기타비유동자산 0 0
디와이 013570 사용권자산 0 0
디와이 013570 이연법인세자산 6,588,314,239 6,209,491,443
디와이 013570 자산총계 245,293,955,759 245,094,823,209
디와이 013570 유동부채 13,317,785,904 11,191,976,063
디와이 013570 단기매입채무 0 0
디와이 013570 단기차입금 775,000,000 775,000,000
디와이 013570 유동성장기차입금 0 0
디와이 013570 유동성사채 0 0
디와이 013570 기타유동금융부채 28,835,230 996,929,252
디와이 013570 기타유동부채 0 0
디와이 013570 당기법인세부채 0 0
디와이 013570 유동리스부채 0 0
디와이 013570 비유동부채 4,644,507,877 4,438,388,710
디와이 013570 사채 0 0
디와이 013570 장기차입금 1,743,750,000 1,937,500,000
디와이 013570 기타비유동금융부채 0 0
디와이 013570 이연법인세부채 0 0
디와이 013570 비유동리스부채 0 0
디와이 013570 부채총계 17,962,293,781 15,630,364,773
디와이 013570 자본금 13,159,816,500 13,159,816,500
디와이 013570 자본잉여금 0 0
디와이 013570 자본조정 0 0
디와이 013570 기타포괄손익누계액 0 0
디와이 013570 이익잉여금(결손금) 122,742,553,455 124,875,349,913
디와이 013570 자본총계 227,331,661,978 229,464,458,436
디와이 013570 자본과부채총계 245,293,955,759 245,094,823,209
date : 2017-06-30
디와이 013570 유동자산 62,486,545,527 60,946,693,290
디와이 013570 현금및현금성자산 21,168,616,169 29,577,884,930
디와이 013570 매출채권 및 기타유동채권
디와이 013570 재고자산 22,526,497,300 14,476,325,740
디와이 013570 기타유동금융자산 145,723,584 1,559,340,000
디와이 013570 기타유동자산 0 0
디와이 013570 매각예정비유동자산 0 0
디와이 013570 비유동자산 183,976,025,159 184,148,129,919
디와이 013570 장기금융상품 0 0
디와이 013570 기타포괄손익-공정가치 0 0
디와이 013570 당기손익인식공정가치측정금융자산 0 0
디와이 013570 종속회사투자 0 0
디와이 013570 관계회사투자 0 0
디와이 013570 렌탈자산 0 0
디와이 013570 유형자산 23,521,426,389 23,656,991,177
디와이 013570 무형자산 1,371,720,292 1,582,000,667
디와이 013570 기타비유동금융자산 437,800,000 156,000,000
디와이 013570 기타비유동자산 0 0
디와이 013570 사용권자산 0 0
디와이 013570 이연법인세자산 6,501,262,298 6,209,491,443
디와이 013570 자산총계 246,462,570,686 245,094,823,209
디와이 013570 유동부채 13,870,916,801 11,191,976,063
디와이 013570 단기매입채무 0 0
디와이 013570 단기차입금 775,000,000 775,000,000
디와이 013570 유동성장기차입금 0 0
디와이 013570 유동성사채 0 0
디와이 013570 기타유동금융부채 0 996,929,252
디와이 013570 기타유동부채 0 0
디와이 013570 당기법인세부채 0 0
디와이 013570 유동리스부채 0 0
디와이 013570 비유동부채 4,897,895,025 4,438,388,710
디와이 013570 사채 0 0
디와이 013570 장기차입금 1,550,000,000 1,937,500,000
디와이 013570 기타비유동금융부채 0 0
디와이 013570 이연법인세부채 0 0
디와이 013570 비유동리스부채 0 0
디와이 013570 부채총계 18,768,811,826 15,630,364,773
디와이 013570 자본금 13,159,816,500 13,159,816,500
디와이 013570 자본잉여금 0 0
디와이 013570 자본조정 0 0
디와이 013570 기타포괄손익누계액 0 0
디와이 013570 이익잉여금(결손금) 123,104,650,337 124,875,349,913
디와이 013570 자본총계 227,693,758,860 229,464,458,436
디와이 013570 자본과부채총계 246,462,570,686 245,094,823,209
date : 2017-09-30
디와이 013570 유동자산 60,433,925,468 60,946,693,290
디와이 013570 현금및현금성자산 21,899,587,415 29,577,884,930
디와이 013570 매출채권 및 기타유동채권
디와이 013570 재고자산 21,924,234,422 14,476,325,740
디와이 013570 기타유동금융자산 11,923,536 1,559,340,000
디와이 013570 기타유동자산 1,362,292,349 585,749,500
디와이 013570 매각예정비유동자산 0 0
디와이 013570 비유동자산 184,204,408,325 184,148,129,919
디와이 013570 장기금융상품 0 0
디와이 013570 기타포괄손익-공정가치 0 0
디와이 013570 당기손익인식공정가치측정금융자산 0 0
디와이 013570 종속회사투자 0 0
디와이 013570 관계회사투자 0 0
디와이 013570 렌탈자산 0 0
디와이 013570 유형자산 23,217,988,534 23,656,991,177
디와이 013570 무형자산 1,259,630,774 1,582,000,667
디와이 013570 기타비유동금융자산 827,003,655 156,000,000
디와이 013570 기타비유동자산 33,454,540 395,663,632
디와이 013570 사용권자산 0 0
디와이 013570 이연법인세자산 6,597,066,974 6,209,491,443
디와이 013570 자산총계 244,638,333,793 245,094,823,209
디와이 013570 유동부채 11,980,091,500 11,191,976,063
디와이 013570 단기매입채무 0 0
디와이 013570 단기차입금 775,000,000 775,000,000
디와이 013570 유동성장기차입금 0 0
디와이 013570 유동성사채 0 0
디와이 013570 기타유동금융부채 0 996,929,252
디와이 013570 기타유동부채 3,751,274,800 3,105,622,080
디와이 013570 당기법인세부채 0 0
디와이 013570 유동리스부채 0 0
디와이 013570 비유동부채 5,187,484,568 4,438,388,710
디와이 013570 사채 0 0
디와이 013570 장기차입금 1,356,250,000 1,937,500,000
디와이 013570 기타비유동금융부채 0 0
디와이 013570 이연법인세부채 0 0
디와이 013570 비유동리스부채 0 0
디와이 013570 부채총계 17,167,576,068 15,630,364,773
디와이 013570 자본금 13,159,816,500 13,159,816,500
디와이 013570 자본잉여금 0 0
디와이 013570 자본조정 0 0
디와이 013570 기타포괄손익누계액 0 0
디와이 013570 이익잉여금(결손금) 122,881,649,202 124,875,349,913
디와이 013570 자본총계 227,470,757,725 229,464,458,436
디와이 013570 자본과부채총계 244,638,333,793 245,094,823,209
date : 2017-12-31
디와이 013570 유동자산 57,975,879,263 60,946,693,290
디와이 013570 현금및현금성자산 20,877,376,763 29,577,884,930
디와이 013570 매출채권 및 기타유동채권
디와이 013570 재고자산 19,862,150,570 14,476,325,740
디와이 013570 기타유동금융자산 0 1,559,340,000
디와이 013570 기타유동자산 1,657,718,882 585,749,500
디와이 013570 매각예정비유동자산 0 0
디와이 013570 비유동자산 183,998,083,033 184,148,129,919
디와이 013570 장기금융상품 0 0
디와이 013570 기타포괄손익-공정가치 0 0
디와이 013570 당기손익인식공정가치측정금융자산 0 0
디와이 013570 종속회사투자 0 0
디와이 013570 관계회사투자 0 0
디와이 013570 렌탈자산 0 0
디와이 013570 유형자산 23,770,638,240 23,656,991,177
디와이 013570 무형자산 1,138,985,627 1,582,000,667
디와이 013570 기타비유동금융자산 741,303,655 156,000,000
디와이 013570 기타비유동자산 159,818,176 395,663,632
디와이 013570 사용권자산 0 0
디와이 013570 이연법인세자산 5,991,661,748 6,209,491,443
디와이 013570 자산총계 241,973,962,296 245,094,823,209
디와이 013570 유동부채 13,217,820,615 11,191,976,063
디와이 013570 단기매입채무 0 0
디와이 013570 단기차입금 1,088,341,644 775,000,000
디와이 013570 유동성장기차입금 0 0
디와이 013570 유동성사채 0 0
디와이 013570 기타유동금융부채 0 996,929,252
디와이 013570 기타유동부채 4,408,841,841 3,105,622,080
디와이 013570 당기법인세부채 0 0
디와이 013570 유동리스부채 0 0
디와이 013570 비유동부채 3,002,549,623 4,438,388,710
디와이 013570 사채 0 0
디와이 013570 장기차입금 1,162,500,000 1,937,500,000
디와이 013570 기타비유동금융부채 0 0
디와이 013570 이연법인세부채 0 0
디와이 013570 비유동리스부채 0 0
디와이 013570 부채총계 16,220,370,238 15,630,364,773
디와이 013570 자본금 13,159,816,500 13,159,816,500
디와이 013570 자본잉여금 100,600,878,592 100,600,878,592
디와이 013570 자본조정 0 0
디와이 013570 기타포괄손익누계액 0 0
디와이 013570 이익잉여금(결손금) 121,164,483,535 124,875,349,913
디와이 013570 자본총계 225,753,592,058 229,464,458,436
디와이 013570 자본과부채총계 241,973,962,296 245,094,823,209
date : 2018-03-31
디와이 013570 유동자산 59,391,030,868 57,975,879,263
디와이 013570 현금및현금성자산 19,190,177,625 20,877,376,763
디와이 013570 매출채권 및 기타유동채권
디와이 013570 재고자산 21,274,338,804 19,862,150,570
디와이 013570 기타유동금융자산 0 0
디와이 013570 기타유동자산 1,302,362,169 1,657,718,882
디와이 013570 매각예정비유동자산 0 0
디와이 013570 비유동자산 183,970,854,931 183,998,083,033
디와이 013570 장기금융상품 0 0
디와이 013570 기타포괄손익-공정가치 0 0
디와이 013570 당기손익인식공정가치측정금융자산 0 0
디와이 013570 종속회사투자 0 0
디와이 013570 관계회사투자 0 0
디와이 013570 렌탈자산 0 0
디와이 013570 유형자산 23,399,123,754 23,770,638,240
디와이 013570 무형자산 2,052,168,753 1,138,985,627
디와이 013570 기타비유동금융자산 719,303,655 741,303,655
디와이 013570 기타비유동자산 158,681,812 159,818,176
디와이 013570 사용권자산 0 0
디와이 013570 이연법인세자산 5,515,741,110 5,991,661,748
디와이 013570 자산총계 243,361,885,799 241,973,962,296
디와이 013570 유동부채 16,130,752,146 13,217,820,615
디와이 013570 단기매입채무 0 0
디와이 013570 단기차입금 775,000,000 1,088,341,644
디와이 013570 유동성장기차입금 0 0
디와이 013570 유동성사채 0 0
디와이 013570 기타유동금융부채 0 0
디와이 013570 기타유동부채 6,163,616,232 4,408,841,841
디와이 013570 당기법인세부채 0 0
디와이 013570 유동리스부채 0 0
디와이 013570 비유동부채 3,237,631,073 3,002,549,623
디와이 013570 사채 0 0
디와이 013570 장기차입금 968,750,000 1,162,500,000
디와이 013570 기타비유동금융부채 0 0
디와이 013570 이연법인세부채 0 0
디와이 013570 비유동리스부채 0 0
디와이 013570 부채총계 19,368,383,219 16,220,370,238
디와이 013570 자본금 13,159,816,500 13,159,816,500
디와이 013570 자본잉여금 100,600,878,592 100,600,878,592
디와이 013570 자본조정 0 0
디와이 013570 기타포괄손익누계액 0 0
디와이 013570 이익잉여금(결손금) 119,404,394,057 121,164,483,535
디와이 013570 자본총계 223,993,502,580 225,753,592,058
디와이 013570 자본과부채총계 243,361,885,799 241,973,962,296
date : 2018-06-30
디와이 013570 유동자산 56,533,294,887 57,975,879,263
디와이 013570 현금및현금성자산 18,336,661,366 20,877,376,763
디와이 013570 매출채권 및 기타유동채권
디와이 013570 재고자산 18,253,228,227 19,862,150,570
디와이 013570 기타유동금융자산 0 0
디와이 013570 기타유동자산 685,924,156 1,657,718,882
디와이 013570 매각예정비유동자산 0 0
디와이 013570 비유동자산 184,981,001,786 183,998,083,033
디와이 013570 장기금융상품 0 0
디와이 013570 기타포괄손익-공정가치 0 0
디와이 013570 당기손익인식공정가치측정금융자산 0 0
디와이 013570 종속회사투자 0 0
디와이 013570 관계회사투자 0 0
디와이 013570 렌탈자산 0 0
디와이 013570 유형자산 24,094,953,140 23,770,638,240
디와이 013570 무형자산 2,418,498,153 1,138,985,627
디와이 013570 기타비유동금융자산 709,303,655 741,303,655
디와이 013570 기타비유동자산 29,545,448 159,818,176
디와이 013570 사용권자산 0 0
디와이 013570 이연법인세자산 5,601,507,078 5,991,661,748
디와이 013570 자산총계 241,514,296,673 241,973,962,296
디와이 013570 유동부채 13,306,503,968 13,217,820,615
디와이 013570 단기매입채무 0 0
디와이 013570 단기차입금 775,000,000 1,088,341,644
디와이 013570 유동성장기차입금 0 0
디와이 013570 유동성사채 0 0
디와이 013570 기타유동금융부채 0 0
디와이 013570 기타유동부채 2,816,211,561 4,408,841,841
디와이 013570 당기법인세부채 28,620,930 0
디와이 013570 유동리스부채 0 0
디와이 013570 비유동부채 3,478,640,585 3,002,549,623
디와이 013570 사채 0 0
디와이 013570 장기차입금 775,000,000 1,162,500,000
디와이 013570 기타비유동금융부채 0 0
디와이 013570 이연법인세부채 0 0
디와이 013570 비유동리스부채 0 0
디와이 013570 부채총계 16,785,144,553 16,220,370,238
디와이 013570 자본금 13,159,816,500 13,159,816,500
디와이 013570 자본잉여금 100,600,878,592 100,600,878,592
디와이 013570 자본조정 0 0
디와이 013570 기타포괄손익누계액 0 0
디와이 013570 이익잉여금(결손금) 120,140,043,597 121,164,483,535
디와이 013570 자본총계 224,729,152,120 225,753,592,058
디와이 013570 자본과부채총계 241,514,296,673 241,973,962,296
date : 2018-09-30
디와이 013570 유동자산 52,983,168,904 57,975,879,263
디와이 013570 현금및현금성자산 13,681,702,613 20,877,376,763
디와이 013570 매출채권 및 기타유동채권
디와이 013570 재고자산 20,100,703,990 19,862,150,570
디와이 013570 기타유동금융자산 0 0
디와이 013570 기타유동자산 1,457,275,585 1,657,718,882
디와이 013570 매각예정비유동자산 0 0
디와이 013570 비유동자산 185,898,137,513 183,998,083,033
디와이 013570 장기금융상품 0 0
디와이 013570 기타포괄손익-공정가치 0 0
디와이 013570 당기손익인식공정가치측정금융자산 0 0
디와이 013570 종속회사투자 0 0
디와이 013570 관계회사투자 0 0
디와이 013570 렌탈자산 0 0
디와이 013570 유형자산 23,944,823,666 23,770,638,240
디와이 013570 무형자산 3,032,530,306 1,138,985,627
디와이 013570 기타비유동금융자산 1,219,017,975 741,303,655
디와이 013570 기타비유동자산 28,409,084 159,818,176
디와이 013570 사용권자산 0 0
디와이 013570 이연법인세자산 5,583,979,828 5,991,661,748
디와이 013570 자산총계 238,881,306,417 241,973,962,296
디와이 013570 유동부채 10,610,905,873 13,217,820,615
디와이 013570 단기매입채무 0 0
디와이 013570 단기차입금 775,000,000 1,088,341,644
디와이 013570 유동성장기차입금 0 0
디와이 013570 유동성사채 0 0
디와이 013570 기타유동금융부채 0 0
디와이 013570 기타유동부채 2,899,864,261 4,408,841,841
디와이 013570 당기법인세부채 0 0
디와이 013570 유동리스부채 0 0
디와이 013570 비유동부채 3,671,529,437 3,002,549,623
디와이 013570 사채 0 0
디와이 013570 장기차입금 581,250,000 1,162,500,000
디와이 013570 기타비유동금융부채 0 0
디와이 013570 이연법인세부채 0 0
디와이 013570 비유동리스부채 0 0
디와이 013570 부채총계 14,282,435,310 16,220,370,238
디와이 013570 자본금 13,159,816,500 13,159,816,500
디와이 013570 자본잉여금 100,600,878,592 100,600,878,592
디와이 013570 자본조정 0 0
디와이 013570 기타포괄손익누계액 0 0
디와이 013570 이익잉여금(결손금) 120,009,762,584 121,164,483,535
디와이 013570 자본총계 224,598,871,107 225,753,592,058
디와이 013570 자본과부채총계 238,881,306,417 241,973,962,296
date : 2018-12-31
디와이 013570 유동자산 49,950,931,987 57,975,879,263
디와이 013570 현금및현금성자산 12,977,620,431 20,877,376,763
디와이 013570 매출채권 및 기타유동채권
디와이 013570 재고자산 19,991,409,448 19,862,150,570
디와이 013570 기타유동금융자산 0 0
디와이 013570 기타유동자산 1,103,272,457 1,657,718,882
디와이 013570 매각예정비유동자산 0 0
디와이 013570 비유동자산 179,111,521,140 183,998,083,033
디와이 013570 장기금융상품 0 0
디와이 013570 기타포괄손익-공정가치 0 0
디와이 013570 당기손익인식공정가치측정금융자산 0 0
디와이 013570 종속회사투자 0 0
디와이 013570 관계회사투자 0 0
디와이 013570 렌탈자산 0 0
디와이 013570 유형자산 22,536,905,939 23,770,638,240
디와이 013570 무형자산 3,108,563,050 1,138,985,627
디와이 013570 기타비유동금융자산 1,369,033,452 741,303,655
디와이 013570 기타비유동자산 27,272,720 159,818,176
디와이 013570 사용권자산 0 0
디와이 013570 이연법인세자산 0 5,991,661,748
디와이 013570 자산총계 229,062,453,127 241,973,962,296
디와이 013570 유동부채 9,083,382,454 13,217,820,615
디와이 013570 단기매입채무 0 0
디와이 013570 단기차입금 775,000,000 1,088,341,644
디와이 013570 유동성장기차입금 0 0
디와이 013570 유동성사채 0 0
디와이 013570 기타유동금융부채 0 0
디와이 013570 기타유동부채 2,762,709,694 4,408,841,841
디와이 013570 당기법인세부채 4,584,118 0
디와이 013570 유동리스부채 0 0
디와이 013570 비유동부채 4,518,353,122 3,002,549,623
디와이 013570 사채 0 0
디와이 013570 장기차입금 387,500,000 1,162,500,000
디와이 013570 기타비유동금융부채 0 0
디와이 013570 이연법인세부채 0 0
디와이 013570 비유동리스부채 0 0
디와이 013570 부채총계 13,601,735,576 16,220,370,238
디와이 013570 자본금 13,159,816,500 13,159,816,500
디와이 013570 자본잉여금 100,600,878,592 100,600,878,592
디와이 013570 자본조정 0 0
디와이 013570 기타포괄손익누계액 0 0
디와이 013570 이익잉여금(결손금) 110,871,609,028 121,164,483,535
디와이 013570 자본총계 215,460,717,551 225,753,592,058
디와이 013570 자본과부채총계 229,062,453,127 241,973,962,296
date : 2019-03-31
디와이 013570 유동자산 54,409,370,651 49,950,931,987
디와이 013570 현금및현금성자산 7,013,820,240 12,977,620,431
디와이 013570 매출채권 및 기타유동채권
디와이 013570 재고자산 19,785,550,209 19,991,409,448
디와이 013570 기타유동금융자산 0 0
디와이 013570 기타유동자산 1,415,268,965 1,103,272,457
디와이 013570 매각예정비유동자산 0 0
디와이 013570 비유동자산 179,048,304,592 179,111,521,140
디와이 013570 장기금융상품 0 0
디와이 013570 기타포괄손익-공정가치 0 0
디와이 013570 당기손익인식공정가치측정금융자산 0 0
디와이 013570 종속회사투자 0 0
디와이 013570 관계회사투자 0 0
디와이 013570 렌탈자산 0 0
디와이 013570 유형자산 22,547,055,720 22,536,905,939
디와이 013570 무형자산 3,056,641,598 3,108,563,050
디와이 013570 기타비유동금융자산 1,369,033,452 1,369,033,452
디와이 013570 기타비유동자산 26,136,356 27,272,720
디와이 013570 사용권자산 0 0
디와이 013570 이연법인세자산 0 0
디와이 013570 자산총계 233,457,675,243 229,062,453,127
디와이 013570 유동부채 15,119,409,854 9,083,382,454
디와이 013570 단기매입채무 0 0
디와이 013570 단기차입금 775,000,000 775,000,000
디와이 013570 유동성장기차입금 0 0
디와이 013570 유동성사채 0 0
디와이 013570 기타유동금융부채 0 0
디와이 013570 기타유동부채 6,075,503,101 2,762,709,694
디와이 013570 당기법인세부채 11,516,425 4,584,118
디와이 013570 유동리스부채 0 0
디와이 013570 비유동부채 4,622,628,229 4,518,353,122
디와이 013570 사채 0 0
디와이 013570 장기차입금 193,750,000 387,500,000
디와이 013570 기타비유동금융부채 0 0
디와이 013570 이연법인세부채 0 0
디와이 013570 비유동리스부채 0 0
디와이 013570 부채총계 19,742,038,083 13,601,735,576
디와이 013570 자본금 13,159,816,500 13,159,816,500
디와이 013570 자본잉여금 100,600,878,592 100,600,878,592
디와이 013570 자본조정 0 0
디와이 013570 기타포괄손익누계액 0 0
디와이 013570 이익잉여금(결손금) 109,126,528,637 110,871,609,028
디와이 013570 자본총계 213,715,637,160 215,460,717,551
디와이 013570 자본과부채총계 233,457,675,243 229,062,453,127
