date : 2015-12-31
한익스프레스 014130 유동자산 67,744,104,543 51,812,941,985
한익스프레스 014130 현금및현금성자산 1,832,711,607 1,685,116,770
한익스프레스 014130 매출채권 및 기타채권
한익스프레스 014130 재고자산 2,579,842,099 1,721,807,948
한익스프레스 014130 기타유동금융자산 0 0
한익스프레스 014130 기타유동자산 3,689,245,953 821,278,620
한익스프레스 014130 매각예정비유동자산 0 0
한익스프레스 014130 비유동자산 60,344,176,619 40,878,132,604
한익스프레스 014130 장기금융상품 0 0
한익스프레스 014130 기타포괄손익-공정가치 0 0
한익스프레스 014130 당기손익인식공정가치측정금융자산 0 0
한익스프레스 014130 종속회사투자 0 0
한익스프레스 014130 관계회사투자 0 0
한익스프레스 014130 렌탈자산 0 0
한익스프레스 014130 유형자산 41,852,204,961 24,341,129,756
한익스프레스 014130 무형자산 1,181,040,029 1,181,040,029
한익스프레스 014130 기타비유동금융자산 4,000,000 5,000,000
한익스프레스 014130 기타비유동자산 565,168,610 608,344,074
한익스프레스 014130 사용권자산 0 0
한익스프레스 014130 이연법인세자산 805,849,476 793,450,224
한익스프레스 014130 자산총계 128,088,281,162 92,691,074,589
한익스프레스 014130 유동부채 59,115,865,517 45,556,597,204
한익스프레스 014130 단기매입채무 0 0
한익스프레스 014130 단기차입금 15,000,000,000 11,950,000,000
한익스프레스 014130 유동성장기차입금 0 0
한익스프레스 014130 유동성사채 0 0
한익스프레스 014130 기타유동금융부채 0 0
한익스프레스 014130 기타유동부채 1,510,937,555 740,681,536
한익스프레스 014130 당기법인세부채 0 0
한익스프레스 014130 유동리스부채 0 0
한익스프레스 014130 비유동부채 17,408,847,360 2,674,566,105
한익스프레스 014130 사채 0 0
한익스프레스 014130 장기차입금 및 사채
한익스프레스 014130 기타비유동금융부채 0 0
한익스프레스 014130 이연법인세부채 0 0
한익스프레스 014130 비유동리스부채 0 0
한익스프레스 014130 부채총계 76,524,712,877 48,231,163,309
한익스프레스 014130 자본금 6,000,000,000 6,000,000,000
한익스프레스 014130 자본잉여금 0 0
한익스프레스 014130 자본조정 0 0
한익스프레스 014130 기타포괄손익누계액 0 0
한익스프레스 014130 이익잉여금(결손금) 43,832,079,835 36,728,422,830
한익스프레스 014130 자본총계 51,563,568,285 44,459,911,280
한익스프레스 014130 자본과부채총계 128,088,281,162 92,691,074,589
date : 2016-03-31
한익스프레스 014130 유동자산 68,330,203,066 67,744,104,543
한익스프레스 014130 현금및현금성자산 1,263,717,164 1,832,711,607
한익스프레스 014130 매출채권 및 기타채권
한익스프레스 014130 재고자산 2,593,290,454 2,579,842,099
한익스프레스 014130 기타유동금융자산 0 0
한익스프레스 014130 기타유동자산 6,184,089,925 3,689,245,953
한익스프레스 014130 매각예정비유동자산 0 0
한익스프레스 014130 비유동자산 63,513,836,767 60,344,176,619
한익스프레스 014130 장기금융상품 0 0
한익스프레스 014130 기타포괄손익-공정가치 0 0
한익스프레스 014130 당기손익인식공정가치측정금융자산 0 0
한익스프레스 014130 종속회사투자 0 0
한익스프레스 014130 관계회사투자 0 0
한익스프레스 014130 렌탈자산 0 0
한익스프레스 014130 유형자산 44,236,471,916 41,852,204,961
한익스프레스 014130 무형자산 1,590,840,029 1,181,040,029
한익스프레스 014130 기타비유동금융자산 4,000,000 4,000,000
한익스프레스 014130 기타비유동자산 602,374,744 565,168,610
한익스프레스 014130 사용권자산 0 0
한익스프레스 014130 이연법인세자산 797,595,308 805,849,476
한익스프레스 014130 자산총계 131,844,039,833 128,088,281,162
한익스프레스 014130 유동부채 62,257,468,568 59,115,865,517
한익스프레스 014130 단기매입채무 0 0
한익스프레스 014130 단기차입금 19,700,000,000 15,000,000,000
한익스프레스 014130 유동성장기차입금 0 0
한익스프레스 014130 유동성사채 0 0
한익스프레스 014130 기타유동금융부채 0 0
한익스프레스 014130 기타유동부채 2,063,264,249 1,510,937,555
한익스프레스 014130 당기법인세부채 0 0
한익스프레스 014130 유동리스부채 0 0
한익스프레스 014130 비유동부채 17,484,697,214 17,408,847,360
한익스프레스 014130 사채 0 0
한익스프레스 014130 장기차입금 및 사채
한익스프레스 014130 기타비유동금융부채 0 0
한익스프레스 014130 이연법인세부채 0 0
한익스프레스 014130 비유동리스부채 0 0
한익스프레스 014130 부채총계 79,742,165,782 76,524,712,877
한익스프레스 014130 자본금 6,000,000,000 6,000,000,000
한익스프레스 014130 자본잉여금 0 0
한익스프레스 014130 자본조정 0 0
한익스프레스 014130 기타포괄손익누계액 0 0
한익스프레스 014130 이익잉여금(결손금) 44,370,385,601 43,832,079,835
한익스프레스 014130 자본총계 52,101,874,051 51,563,568,285
한익스프레스 014130 자본과부채총계 131,844,039,833 128,088,281,162
date : 2016-06-30
한익스프레스 014130 유동자산 64,273,742,564 67,744,104,543
한익스프레스 014130 현금및현금성자산 1,593,974,278 1,832,711,607
한익스프레스 014130 매출채권 및 기타채권
한익스프레스 014130 재고자산 2,627,213,931 2,579,842,099
한익스프레스 014130 기타유동금융자산 0 0
한익스프레스 014130 기타유동자산 3,333,654,534 3,689,245,953
한익스프레스 014130 매각예정비유동자산 0 0
한익스프레스 014130 비유동자산 73,290,226,421 60,344,176,619
한익스프레스 014130 장기금융상품 0 0
한익스프레스 014130 기타포괄손익-공정가치 0 0
한익스프레스 014130 당기손익인식공정가치측정금융자산 0 0
한익스프레스 014130 종속회사투자 0 0
한익스프레스 014130 관계회사투자 0 0
한익스프레스 014130 렌탈자산 0 0
한익스프레스 014130 유형자산 51,376,183,122 41,852,204,961
한익스프레스 014130 무형자산 2,376,776,269 1,181,040,029
한익스프레스 014130 기타비유동금융자산 4,000,000 4,000,000
한익스프레스 014130 기타비유동자산 591,580,878 565,168,610
한익스프레스 014130 사용권자산 0 0
한익스프레스 014130 이연법인세자산 939,316,264 805,849,476
한익스프레스 014130 자산총계 137,563,968,985 128,088,281,162
한익스프레스 014130 유동부채 57,729,729,664 59,115,865,517
한익스프레스 014130 단기매입채무 0 0
한익스프레스 014130 단기차입금 17,200,000,000 15,000,000,000
한익스프레스 014130 유동성장기차입금 0 0
한익스프레스 014130 유동성사채 0 0
한익스프레스 014130 기타유동금융부채 0 0
한익스프레스 014130 기타유동부채 2,360,720,278 1,510,937,555
한익스프레스 014130 당기법인세부채 0 0
한익스프레스 014130 유동리스부채 0 0
한익스프레스 014130 비유동부채 25,775,143,376 17,408,847,360
한익스프레스 014130 사채 0 0
한익스프레스 014130 장기차입금 및 사채
한익스프레스 014130 기타비유동금융부채 0 0
한익스프레스 014130 이연법인세부채 0 0
한익스프레스 014130 비유동리스부채 0 0
한익스프레스 014130 부채총계 83,504,873,040 76,524,712,877
한익스프레스 014130 자본금 6,000,000,000 6,000,000,000
한익스프레스 014130 자본잉여금 0 0
한익스프레스 014130 자본조정 0 0
한익스프레스 014130 기타포괄손익누계액 0 0
한익스프레스 014130 이익잉여금(결손금) 46,327,607,495 43,832,079,835
한익스프레스 014130 자본총계 54,059,095,945 51,563,568,285
한익스프레스 014130 자본과부채총계 137,563,968,985 128,088,281,162
date : 2016-09-30
한익스프레스 014130 유동자산 67,279,100,699 67,744,104,543
한익스프레스 014130 현금및현금성자산 251,783,319 1,832,711,607
한익스프레스 014130 매출채권 및 기타채권
한익스프레스 014130 재고자산 2,070,750,611 2,579,842,099
한익스프레스 014130 기타유동금융자산 0 0
한익스프레스 014130 기타유동자산 2,842,144,616 3,689,245,953
한익스프레스 014130 매각예정비유동자산 0 0
한익스프레스 014130 비유동자산 74,331,885,418 60,344,176,619
한익스프레스 014130 장기금융상품 0 0
한익스프레스 014130 기타포괄손익-공정가치 0 0
한익스프레스 014130 당기손익인식공정가치측정금융자산 0 0
한익스프레스 014130 종속회사투자 0 0
한익스프레스 014130 관계회사투자 0 0
한익스프레스 014130 렌탈자산 0 0
한익스프레스 014130 유형자산 51,956,310,429 41,852,204,961
한익스프레스 014130 무형자산 2,376,776,269 1,181,040,029
한익스프레스 014130 기타비유동금융자산 4,000,000 4,000,000
한익스프레스 014130 기타비유동자산 580,787,012 565,168,610
한익스프레스 014130 사용권자산 0 0
한익스프레스 014130 이연법인세자산 1,049,081,244 805,849,476
한익스프레스 014130 자산총계 141,610,986,117 128,088,281,162
한익스프레스 014130 유동부채 59,067,060,441 59,115,865,517
한익스프레스 014130 단기매입채무 0 0
한익스프레스 014130 단기차입금 18,230,000,000 15,000,000,000
한익스프레스 014130 유동성장기차입금 0 0
한익스프레스 014130 유동성사채 0 0
한익스프레스 014130 기타유동금융부채 0 0
한익스프레스 014130 기타유동부채 1,418,158,005 1,510,937,555
한익스프레스 014130 당기법인세부채 0 0
한익스프레스 014130 유동리스부채 0 0
한익스프레스 014130 비유동부채 26,040,923,528 17,408,847,360
한익스프레스 014130 사채 0 0
한익스프레스 014130 장기차입금 및 사채
한익스프레스 014130 기타비유동금융부채 0 0
한익스프레스 014130 이연법인세부채 0 0
한익스프레스 014130 비유동리스부채 0 0
한익스프레스 014130 부채총계 85,107,983,969 76,524,712,877
한익스프레스 014130 자본금 6,000,000,000 6,000,000,000
한익스프레스 014130 자본잉여금 0 0
한익스프레스 014130 자본조정 0 0
한익스프레스 014130 기타포괄손익누계액 0 0
한익스프레스 014130 이익잉여금(결손금) 48,771,513,698 43,832,079,835
한익스프레스 014130 자본총계 56,503,002,148 51,563,568,285
한익스프레스 014130 자본과부채총계 141,610,986,117 128,088,281,162
date : 2016-12-31
한익스프레스 014130 유동자산 67,831,914,727 67,744,104,543
한익스프레스 014130 현금및현금성자산 1,069,712,328 1,832,711,607
한익스프레스 014130 매출채권 및 기타채권
한익스프레스 014130 재고자산 1,771,365,707 2,579,842,099
한익스프레스 014130 기타유동금융자산 0 0
한익스프레스 014130 기타유동자산 1,386,239,511 3,689,245,953
한익스프레스 014130 매각예정비유동자산 0 0
한익스프레스 014130 비유동자산 75,971,481,403 60,344,176,619
한익스프레스 014130 장기금융상품 0 0
한익스프레스 014130 기타포괄손익-공정가치 0 0
한익스프레스 014130 당기손익인식공정가치측정금융자산 0 0
한익스프레스 014130 종속회사투자 0 0
한익스프레스 014130 관계회사투자 0 0
한익스프레스 014130 렌탈자산 0 0
한익스프레스 014130 유형자산 53,190,995,904 41,852,204,961
한익스프레스 014130 무형자산 2,556,776,269 1,181,040,029
한익스프레스 014130 기타비유동금융자산 4,000,000 4,000,000
한익스프레스 014130 기타비유동자산 569,993,146 565,168,610
한익스프레스 014130 사용권자산 0 0
한익스프레스 014130 이연법인세자산 841,151,293 805,849,476
한익스프레스 014130 자산총계 143,803,396,130 128,088,281,162
한익스프레스 014130 유동부채 61,501,369,284 59,115,865,517
한익스프레스 014130 단기매입채무 0 0
한익스프레스 014130 단기차입금 19,500,000,000 15,000,000,000
한익스프레스 014130 유동성장기차입금 0 0
한익스프레스 014130 유동성사채 0 0
한익스프레스 014130 기타유동금융부채 0 0
한익스프레스 014130 기타유동부채 905,673,319 1,510,937,555
한익스프레스 014130 당기법인세부채 0 0
한익스프레스 014130 유동리스부채 0 0
한익스프레스 014130 비유동부채 25,820,355,555 17,408,847,360
한익스프레스 014130 사채 0 0
한익스프레스 014130 장기차입금 및 사채
한익스프레스 014130 기타비유동금융부채 0 0
한익스프레스 014130 이연법인세부채 0 0
한익스프레스 014130 비유동리스부채 0 0
한익스프레스 014130 부채총계 87,321,724,839 76,524,712,877
한익스프레스 014130 자본금 6,000,000,000 6,000,000,000
한익스프레스 014130 자본잉여금 0 0
한익스프레스 014130 자본조정 0 0
한익스프레스 014130 기타포괄손익누계액 0 0
한익스프레스 014130 이익잉여금(결손금) 48,750,182,841 43,832,079,835
한익스프레스 014130 자본총계 56,481,671,291 51,563,568,285
한익스프레스 014130 자본과부채총계 143,803,396,130 128,088,281,162
date : 2017-03-31
한익스프레스 014130 유동자산 71,075,193,451 67,831,914,727
한익스프레스 014130 현금및현금성자산 1,472,338,148 1,069,712,328
한익스프레스 014130 매출채권 및 기타채권
한익스프레스 014130 재고자산 1,710,572,352 1,771,365,707
한익스프레스 014130 기타유동금융자산 0 0
한익스프레스 014130 기타유동자산 1,504,556,714 1,386,239,511
한익스프레스 014130 매각예정비유동자산 0 0
한익스프레스 014130 비유동자산 76,818,535,670 75,971,481,403
한익스프레스 014130 장기금융상품 0 0
한익스프레스 014130 기타포괄손익-공정가치 0 0
한익스프레스 014130 당기손익인식공정가치측정금융자산 0 0
한익스프레스 014130 종속회사투자 0 0
한익스프레스 014130 관계회사투자 0 0
한익스프레스 014130 렌탈자산 0 0
한익스프레스 014130 유형자산 53,613,930,027 53,190,995,904
한익스프레스 014130 무형자산 2,597,776,269 2,556,776,269
한익스프레스 014130 기타비유동금융자산 4,000,000 4,000,000
한익스프레스 014130 기타비유동자산 517,999,280 569,993,146
한익스프레스 014130 사용권자산 0 0
한익스프레스 014130 이연법인세자산 870,557,020 841,151,293
한익스프레스 014130 자산총계 147,893,729,121 143,803,396,130
한익스프레스 014130 유동부채 63,366,795,988 61,501,369,284
한익스프레스 014130 단기매입채무 0 0
한익스프레스 014130 단기차입금 20,025,581,524 19,500,000,000
한익스프레스 014130 유동성장기차입금 0 0
한익스프레스 014130 유동성사채 0 0
한익스프레스 014130 기타유동금융부채 0 0
한익스프레스 014130 기타유동부채 1,019,086,197 905,673,319
한익스프레스 014130 당기법인세부채 0 0
한익스프레스 014130 유동리스부채 0 0
한익스프레스 014130 비유동부채 26,637,195,055 25,820,355,555
한익스프레스 014130 사채 0 0
한익스프레스 014130 장기차입금 24,534,000,000 24,064,000,000
한익스프레스 014130 기타비유동금융부채 0 0
한익스프레스 014130 이연법인세부채 0 0
한익스프레스 014130 비유동리스부채 0 0
한익스프레스 014130 부채총계 90,003,991,043 87,321,724,839
한익스프레스 014130 자본금 6,000,000,000 6,000,000,000
한익스프레스 014130 자본잉여금 0 0
한익스프레스 014130 자본조정 0 0
한익스프레스 014130 기타포괄손익누계액 0 0
한익스프레스 014130 이익잉여금(결손금) 50,158,249,628 48,750,182,841
한익스프레스 014130 자본총계 57,889,738,078 56,481,671,291
한익스프레스 014130 자본과부채총계 0 0
date : 2017-06-30
한익스프레스 014130 유동자산 75,713,526,829 67,831,914,727
한익스프레스 014130 현금및현금성자산 1,512,522,944 1,069,712,328
한익스프레스 014130 매출채권 및 기타채권
한익스프레스 014130 재고자산 2,558,496,043 1,771,365,707
한익스프레스 014130 기타유동금융자산 0 0
한익스프레스 014130 기타유동자산 2,482,335,914 1,386,239,511
한익스프레스 014130 매각예정비유동자산 0 0
한익스프레스 014130 비유동자산 86,666,468,802 75,971,481,403
한익스프레스 014130 장기금융상품 0 0
한익스프레스 014130 기타포괄손익-공정가치 0 0
한익스프레스 014130 당기손익인식공정가치측정금융자산 0 0
한익스프레스 014130 종속회사투자 0 0
한익스프레스 014130 관계회사투자 0 0
한익스프레스 014130 렌탈자산 0 0
한익스프레스 014130 유형자산 62,983,558,877 53,190,995,904
한익스프레스 014130 무형자산 2,597,776,269 2,556,776,269
한익스프레스 014130 기타비유동금융자산 4,000,000 4,000,000
한익스프레스 014130 기타비유동자산 514,005,414 569,993,146
한익스프레스 014130 사용권자산 0 0
한익스프레스 014130 이연법인세자산 904,234,883 841,151,293
한익스프레스 014130 자산총계 162,379,995,631 143,803,396,130
한익스프레스 014130 유동부채 85,959,853,224 61,501,369,284
한익스프레스 014130 단기매입채무 0 0
한익스프레스 014130 단기차입금 22,058,342,669 19,500,000,000
한익스프레스 014130 유동성장기차입금 0 0
한익스프레스 014130 유동성사채 0 0
한익스프레스 014130 기타유동금융부채 0 0
한익스프레스 014130 기타유동부채 1,142,730,678 905,673,319
한익스프레스 014130 당기법인세부채 0 0
한익스프레스 014130 유동리스부채 0 0
한익스프레스 014130 비유동부채 16,661,513,270 25,820,355,555
한익스프레스 014130 사채 0 0
한익스프레스 014130 장기차입금 및 사채
한익스프레스 014130 기타비유동금융부채 0 0
한익스프레스 014130 이연법인세부채 0 0
한익스프레스 014130 비유동리스부채 0 0
한익스프레스 014130 부채총계 102,621,366,494 87,321,724,839
한익스프레스 014130 자본금 6,000,000,000 6,000,000,000
한익스프레스 014130 자본잉여금 0 0
한익스프레스 014130 자본조정 0 0
한익스프레스 014130 기타포괄손익누계액 0 0
한익스프레스 014130 이익잉여금(결손금) 52,027,140,687 48,750,182,841
한익스프레스 014130 자본총계 59,758,629,137 56,481,671,291
한익스프레스 014130 자본과부채총계 162,379,995,631 143,803,396,130
date : 2017-09-30
한익스프레스 014130 유동자산 82,657,319,434 67,831,914,727
한익스프레스 014130 현금및현금성자산 1,279,940,606 1,069,712,328
한익스프레스 014130 매출채권 및 기타유동채권
한익스프레스 014130 재고자산 2,606,828,470 1,771,365,707
한익스프레스 014130 기타유동금융자산 0 0
한익스프레스 014130 기타유동자산 2,153,184,562 1,386,239,511
한익스프레스 014130 매각예정비유동자산 0 0
한익스프레스 014130 비유동자산 90,636,806,504 75,971,481,403
한익스프레스 014130 장기금융상품 0 0
한익스프레스 014130 기타포괄손익-공정가치 0 0
한익스프레스 014130 당기손익인식공정가치측정금융자산 0 0
한익스프레스 014130 종속회사투자 0 0
한익스프레스 014130 관계회사투자 0 0
한익스프레스 014130 렌탈자산 0 0
한익스프레스 014130 유형자산 63,683,495,144 53,190,995,904
한익스프레스 014130 무형자산 2,741,405,269 2,556,776,269
한익스프레스 014130 기타비유동금융자산 4,000,000 4,000,000
한익스프레스 014130 기타비유동자산 510,011,548 569,993,146
한익스프레스 014130 사용권자산 0 0
한익스프레스 014130 이연법인세자산 950,265,031 841,151,293
한익스프레스 014130 자산총계 173,294,125,938 143,803,396,130
한익스프레스 014130 유동부채 94,017,780,098 61,501,369,284
한익스프레스 014130 단기매입채무 0 0
한익스프레스 014130 단기차입금 26,871,257,926 19,500,000,000
한익스프레스 014130 유동성장기차입금 17,750,000,000 0
한익스프레스 014130 유동성사채 0 0
한익스프레스 014130 기타유동금융부채 0 0
한익스프레스 014130 기타유동부채 1,264,709,537 905,673,319
한익스프레스 014130 당기법인세부채 0 0
한익스프레스 014130 유동리스부채 0 0
한익스프레스 014130 비유동부채 17,048,384,409 25,820,355,555
한익스프레스 014130 사채 0 0
한익스프레스 014130 장기차입금 14,384,000,000 24,064,000,000
한익스프레스 014130 기타비유동금융부채 0 0
한익스프레스 014130 이연법인세부채 0 0
한익스프레스 014130 비유동리스부채 0 0
한익스프레스 014130 부채총계 111,066,164,507 87,321,724,839
한익스프레스 014130 자본금 7,731,488,450 7,731,488,450
한익스프레스 014130 자본잉여금 0 0
한익스프레스 014130 자본조정 0 0
한익스프레스 014130 기타포괄손익누계액 0 0
한익스프레스 014130 이익잉여금(결손금) 0 0
한익스프레스 014130 자본총계 62,227,961,431 56,481,671,291
한익스프레스 014130 자본과부채총계 173,294,125,938 143,803,396,130
date : 2017-12-31
한익스프레스 014130 유동자산 81,787,243,973 67,831,914,727
한익스프레스 014130 현금및현금성자산 226,955,385 1,069,712,328
한익스프레스 014130 매출채권 및 기타유동채권
한익스프레스 014130 재고자산 2,352,358,297 1,771,365,707
한익스프레스 014130 기타유동금융자산 0 0
한익스프레스 014130 기타유동자산 2,143,718,806 1,386,239,511
한익스프레스 014130 매각예정비유동자산 0 0
한익스프레스 014130 비유동자산 104,581,296,166 75,971,481,403
한익스프레스 014130 장기금융상품 0 0
한익스프레스 014130 기타포괄손익-공정가치 0 0
한익스프레스 014130 당기손익인식공정가치측정금융자산 0 0
한익스프레스 014130 종속회사투자 0 0
한익스프레스 014130 관계회사투자 0 0
한익스프레스 014130 렌탈자산 0 0
한익스프레스 014130 유형자산 77,671,223,058 53,190,995,904
한익스프레스 014130 무형자산 2,725,905,269 2,556,776,269
한익스프레스 014130 기타비유동금융자산 4,000,000 4,000,000
한익스프레스 014130 기타비유동자산 506,017,682 569,993,146
한익스프레스 014130 사용권자산 0 0
한익스프레스 014130 이연법인세자산 664,577,190 841,151,293
한익스프레스 014130 자산총계 186,368,540,139 143,803,396,130
한익스프레스 014130 유동부채 94,870,629,764 61,501,369,284
한익스프레스 014130 단기매입채무 0 0
한익스프레스 014130 단기차입금 28,469,043,836 19,500,000,000
한익스프레스 014130 유동성장기차입금 17,750,000,000 0
한익스프레스 014130 유동성사채 0 0
한익스프레스 014130 기타유동금융부채 0 0
한익스프레스 014130 기타유동부채 1,042,077,616 905,673,319
한익스프레스 014130 당기법인세부채 0 0
한익스프레스 014130 유동리스부채 0 0
한익스프레스 014130 비유동부채 28,286,984,937 25,820,355,555
한익스프레스 014130 사채 0 0
한익스프레스 014130 장기차입금 27,083,200,000 24,064,000,000
한익스프레스 014130 기타비유동금융부채 0 0
한익스프레스 014130 이연법인세부채 0 0
한익스프레스 014130 비유동리스부채 0 0
한익스프레스 014130 부채총계 123,157,614,701 87,321,724,839
한익스프레스 014130 자본금 7,731,488,450 7,731,488,450
한익스프레스 014130 자본잉여금 0 0
한익스프레스 014130 자본조정 0 0
한익스프레스 014130 기타포괄손익누계액 0 0
한익스프레스 014130 이익잉여금(결손금) 0 0
한익스프레스 014130 자본총계 63,210,925,438 56,481,671,291
한익스프레스 014130 자본과부채총계 186,368,540,139 143,803,396,130
date : 2018-03-31
한익스프레스 014130 유동자산 83,443,201,236 81,787,243,973
한익스프레스 014130 현금및현금성자산 1,801,700,626 226,955,385
한익스프레스 014130 매출채권 및 기타유동채권
한익스프레스 014130 재고자산 2,267,855,603 2,352,358,297
한익스프레스 014130 기타유동금융자산 0 0
한익스프레스 014130 기타유동자산 4,206,318,558 2,143,718,806
한익스프레스 014130 매각예정비유동자산 0 0
한익스프레스 014130 비유동자산 106,560,237,111 104,581,296,166
한익스프레스 014130 장기금융상품 0 0
한익스프레스 014130 기타포괄손익-공정가치 0 0
한익스프레스 014130 당기손익인식공정가치측정금융자산 0 0
한익스프레스 014130 종속회사투자 0 0
한익스프레스 014130 관계회사투자 0 0
한익스프레스 014130 렌탈자산 0 0
한익스프레스 014130 유형자산 79,523,836,235 77,671,223,058
한익스프레스 014130 무형자산 2,980,805,269 2,725,905,269
한익스프레스 014130 기타비유동금융자산 4,000,000 4,000,000
한익스프레스 014130 기타비유동자산 502,023,816 506,017,682
한익스프레스 014130 사용권자산 0 0
한익스프레스 014130 이연법인세자산 704,171,715 664,577,190
한익스프레스 014130 자산총계 190,003,438,347 186,368,540,139
한익스프레스 014130 유동부채 91,714,860,056 94,870,629,764
한익스프레스 014130 단기매입채무 0 0
한익스프레스 014130 단기차입금 23,617,208,397 28,469,043,836
한익스프레스 014130 유동성장기차입금 17,750,000,000 17,750,000,000
한익스프레스 014130 유동성사채 0 0
한익스프레스 014130 기타유동금융부채 0 0
한익스프레스 014130 기타유동부채 909,248,750 1,042,077,616
한익스프레스 014130 당기법인세부채 0 0
한익스프레스 014130 유동리스부채 0 0
한익스프레스 014130 비유동부채 35,375,670,695 28,286,984,937
한익스프레스 014130 사채 0 0
한익스프레스 014130 장기차입금 33,795,000,000 27,083,200,000
한익스프레스 014130 기타비유동금융부채 0 0
한익스프레스 014130 이연법인세부채 0 0
한익스프레스 014130 비유동리스부채 0 0
한익스프레스 014130 부채총계 127,090,530,751 123,157,614,701
한익스프레스 014130 자본금 7,731,488,450 7,731,488,450
한익스프레스 014130 자본잉여금 0 0
한익스프레스 014130 자본조정 0 0
한익스프레스 014130 기타포괄손익누계액 0 0
한익스프레스 014130 이익잉여금(결손금) 0 0
한익스프레스 014130 자본총계 62,912,907,596 63,210,925,438
한익스프레스 014130 자본과부채총계 190,003,438,347 186,368,540,139
date : 2018-06-30
한익스프레스 014130 유동자산 88,627,353,502 81,787,243,973
한익스프레스 014130 현금및현금성자산 1,778,149,950 226,955,385
한익스프레스 014130 매출채권 및 기타유동채권
한익스프레스 014130 재고자산 1,879,918,833 2,352,358,297
한익스프레스 014130 기타유동금융자산 0 0
한익스프레스 014130 기타유동자산 6,749,493,804 2,143,718,806
한익스프레스 014130 매각예정비유동자산 0 0
한익스프레스 014130 비유동자산 108,542,675,719 104,581,296,166
한익스프레스 014130 장기금융상품 0 0
한익스프레스 014130 기타포괄손익-공정가치 0 0
한익스프레스 014130 당기손익인식공정가치측정금융자산 0 0
한익스프레스 014130 종속회사투자 0 0
한익스프레스 014130 관계회사투자 0 0
한익스프레스 014130 렌탈자산 0 0
한익스프레스 014130 유형자산 80,175,988,680 77,671,223,058
한익스프레스 014130 무형자산 3,015,455,269 2,725,905,269
한익스프레스 014130 기타비유동금융자산 4,000,000 4,000,000
한익스프레스 014130 기타비유동자산 498,029,950 506,017,682
한익스프레스 014130 사용권자산 0 0
한익스프레스 014130 이연법인세자산 777,974,634 664,577,190
한익스프레스 014130 자산총계 197,170,029,221 186,368,540,139
한익스프레스 014130 유동부채 118,395,701,717 94,870,629,764
한익스프레스 014130 단기매입채무 0 0
한익스프레스 014130 단기차입금 48,259,244,786 28,469,043,836
한익스프레스 014130 유동성장기차입금 21,300,000,000 17,750,000,000
한익스프레스 014130 유동성사채 0 0
한익스프레스 014130 기타유동금융부채 0 0
한익스프레스 014130 기타유동부채 1,190,199,155 1,042,077,616
한익스프레스 014130 당기법인세부채 0 0
한익스프레스 014130 유동리스부채 0 0
한익스프레스 014130 비유동부채 14,393,395,139 28,286,984,937
한익스프레스 014130 사채 0 0
한익스프레스 014130 장기차입금 12,495,000,000 27,083,200,000
한익스프레스 014130 기타비유동금융부채 0 0
한익스프레스 014130 이연법인세부채 0 0
한익스프레스 014130 비유동리스부채 0 0
한익스프레스 014130 부채총계 132,789,096,856 123,157,614,701
한익스프레스 014130 자본금 7,731,488,450 7,731,488,450
한익스프레스 014130 자본잉여금 0 0
한익스프레스 014130 자본조정 0 0
한익스프레스 014130 기타포괄손익누계액 0 0
한익스프레스 014130 이익잉여금(결손금) 0 0
한익스프레스 014130 자본총계 64,380,932,365 63,210,925,438
한익스프레스 014130 자본과부채총계 197,170,029,221 186,368,540,139
date : 2018-09-30
한익스프레스 014130 유동자산 92,983,986,088 81,787,243,973
한익스프레스 014130 현금및현금성자산 764,022,193 226,955,385
한익스프레스 014130 매출채권 및 기타유동채권
한익스프레스 014130 재고자산 1,996,836,763 2,352,358,297
한익스프레스 014130 기타유동금융자산 0 0
한익스프레스 014130 기타유동자산 5,341,255,291 2,143,718,806
한익스프레스 014130 매각예정비유동자산 0 0
한익스프레스 014130 비유동자산 110,318,631,790 104,581,296,166
한익스프레스 014130 장기금융상품 0 0
한익스프레스 014130 기타포괄손익-공정가치 0 0
한익스프레스 014130 당기손익인식공정가치측정금융자산 0 0
한익스프레스 014130 종속회사투자 0 0
한익스프레스 014130 관계회사투자 0 0
한익스프레스 014130 렌탈자산 0 0
한익스프레스 014130 유형자산 81,842,670,263 77,671,223,058
한익스프레스 014130 무형자산 3,015,455,269 2,725,905,269
한익스프레스 014130 기타비유동금융자산 4,000,000 4,000,000
한익스프레스 014130 기타비유동자산 494,036,084 506,017,682
한익스프레스 014130 사용권자산 0 0
한익스프레스 014130 이연법인세자산 861,800,043 664,577,190
한익스프레스 014130 자산총계 203,302,617,878 186,368,540,139
한익스프레스 014130 유동부채 121,351,902,338 94,870,629,764
한익스프레스 014130 단기매입채무 0 0
한익스프레스 014130 단기차입금 31,959,142,017 28,469,043,836
한익스프레스 014130 유동성장기차입금 21,300,000,000 17,750,000,000
한익스프레스 014130 유동성사채 0 0
한익스프레스 014130 기타유동금융부채 0 0
한익스프레스 014130 기타유동부채 1,374,390,596 1,042,077,616
한익스프레스 014130 당기법인세부채 0 0
한익스프레스 014130 유동리스부채 0 0
한익스프레스 014130 비유동부채 15,377,720,343 28,286,984,937
한익스프레스 014130 사채 0 0
한익스프레스 014130 장기차입금 13,125,000,000 27,083,200,000
한익스프레스 014130 기타비유동금융부채 0 0
한익스프레스 014130 이연법인세부채 0 0
한익스프레스 014130 비유동리스부채 0 0
한익스프레스 014130 부채총계 136,729,622,681 123,157,614,701
한익스프레스 014130 자본금 7,731,488,450 7,731,488,450
한익스프레스 014130 자본잉여금 0 0
한익스프레스 014130 자본조정 0 0
한익스프레스 014130 기타포괄손익누계액 0 0
한익스프레스 014130 이익잉여금(결손금) 0 0
한익스프레스 014130 자본총계 66,572,995,197 63,210,925,438
한익스프레스 014130 자본과부채총계 203,302,617,878 186,368,540,139
date : 2018-12-31
한익스프레스 014130 유동자산 83,930,556,279 81,787,243,973
한익스프레스 014130 현금및현금성자산 450,217,742 226,955,385
한익스프레스 014130 매출채권 및 기타유동채권
한익스프레스 014130 재고자산 2,139,311,452 2,352,358,297
한익스프레스 014130 기타유동금융자산 0 0
한익스프레스 014130 기타유동자산 2,788,475,916 2,143,718,806
한익스프레스 014130 매각예정비유동자산 0 0
한익스프레스 014130 비유동자산 113,784,300,483 104,581,296,166
한익스프레스 014130 장기금융상품 0 0
한익스프레스 014130 기타포괄손익-공정가치 0 0
한익스프레스 014130 당기손익인식공정가치측정금융자산 0 0
한익스프레스 014130 종속회사투자 0 0
한익스프레스 014130 관계회사투자 0 0
한익스프레스 014130 렌탈자산 0 0
한익스프레스 014130 유형자산 84,821,789,670 77,671,223,058
한익스프레스 014130 무형자산 3,056,455,269 2,725,905,269
한익스프레스 014130 기타비유동금융자산 4,000,000 4,000,000
한익스프레스 014130 기타비유동자산 490,042,218 506,017,682
한익스프레스 014130 사용권자산 0 0
한익스프레스 014130 이연법인세자산 758,167,445 664,577,190
한익스프레스 014130 자산총계 197,714,856,762 186,368,540,139
한익스프레스 014130 유동부채 121,737,349,699 94,870,629,764
한익스프레스 014130 단기매입채무 0 0
한익스프레스 014130 단기차입금 38,701,020,701 28,469,043,836
한익스프레스 014130 유동성장기차입금 33,765,670,000 17,750,000,000
한익스프레스 014130 유동성사채 0 0
한익스프레스 014130 기타유동금융부채 0 0
한익스프레스 014130 기타유동부채 1,166,310,239 1,042,077,616
한익스프레스 014130 당기법인세부채 0 0
한익스프레스 014130 유동리스부채 0 0
한익스프레스 014130 비유동부채 8,139,022,907 28,286,984,937
한익스프레스 014130 사채 0 0
한익스프레스 014130 장기차입금 6,034,660,000 27,083,200,000
한익스프레스 014130 기타비유동금융부채 0 0
한익스프레스 014130 이연법인세부채 0 0
한익스프레스 014130 비유동리스부채 0 0
한익스프레스 014130 부채총계 129,876,372,606 123,157,614,701
한익스프레스 014130 자본금 7,731,488,450 7,731,488,450
한익스프레스 014130 자본잉여금 0 0
한익스프레스 014130 자본조정 0 0
한익스프레스 014130 기타포괄손익누계액 0 0
한익스프레스 014130 이익잉여금(결손금) 0 0
한익스프레스 014130 자본총계 67,838,484,156 63,210,925,438
한익스프레스 014130 자본과부채총계 197,714,856,762 186,368,540,139
date : 2019-03-31
한익스프레스 014130 유동자산 88,804,495,291 83,930,556,279
한익스프레스 014130 현금및현금성자산 1,063,158,591 450,217,742
한익스프레스 014130 매출채권 및 기타유동채권
한익스프레스 014130 재고자산 2,438,510,840 2,139,311,452
한익스프레스 014130 기타유동금융자산 0 0
한익스프레스 014130 기타유동자산 4,852,486,243 2,788,475,916
한익스프레스 014130 매각예정비유동자산 0 0
한익스프레스 014130 비유동자산 145,186,337,087 113,784,300,483
한익스프레스 014130 장기금융상품 0 0
한익스프레스 014130 기타포괄손익-공정가치 0 0
한익스프레스 014130 당기손익인식공정가치측정금융자산 0 0
한익스프레스 014130 종속회사투자 0 0
한익스프레스 014130 관계회사투자 0 0
한익스프레스 014130 렌탈자산 0 0
한익스프레스 014130 유형자산 94,640,191,154 84,821,789,670
한익스프레스 014130 무형자산 3,056,455,269 3,056,455,269
한익스프레스 014130 기타비유동금융자산 4,000,000 4,000,000
한익스프레스 014130 기타비유동자산 21,598,415,617 490,042,218
한익스프레스 014130 사용권자산 0 0
한익스프레스 014130 이연법인세자산 473,116,456 758,167,445
한익스프레스 014130 자산총계 233,990,832,378 197,714,856,762
한익스프레스 014130 유동부채 113,334,836,849 121,737,349,699
한익스프레스 014130 단기매입채무 0 0
한익스프레스 014130 단기차입금 32,533,125,549 38,701,020,701
한익스프레스 014130 유동성장기차입금 22,265,670,000 33,765,670,000
한익스프레스 014130 유동성사채 0 0
한익스프레스 014130 기타유동금융부채 0 0
한익스프레스 014130 기타유동부채 772,621,674 1,166,310,239
한익스프레스 014130 당기법인세부채 0 0
한익스프레스 014130 유동리스부채 0 0
한익스프레스 014130 비유동부채 53,456,540,115 8,139,022,907
한익스프레스 014130 사채 0 0
한익스프레스 014130 장기차입금 29,684,660,000 6,034,660,000
한익스프레스 014130 기타비유동금융부채 0 0
한익스프레스 014130 이연법인세부채 0 0
한익스프레스 014130 비유동리스부채 0 0
한익스프레스 014130 부채총계 166,791,376,964 129,876,372,606
한익스프레스 014130 자본금 7,731,488,450 7,731,488,450
한익스프레스 014130 자본잉여금 0 0
한익스프레스 014130 자본조정 0 0
한익스프레스 014130 기타포괄손익누계액 0 0
한익스프레스 014130 이익잉여금(결손금) 0 0
한익스프레스 014130 자본총계 67,199,455,414 67,838,484,156
한익스프레스 014130 자본과부채총계 233,990,832,378 197,714,856,762
