date : 2019-03-31
영보화학 014440 유동자산 53,364,707,456 46,713,794,236
영보화학 014440 현금및현금성자산 16,291,633,974 14,289,544,288
영보화학 014440 기타유동금융자산 7,030,000 7,030,000
영보화학 014440 매출채권 및 기타유동채권
영보화학 014440 재고자산 10,283,833,214 8,758,619,854
영보화학 014440 기타유동자산 534,006,521 690,169,647
영보화학 014440 비유동자산 113,602,470,687 113,830,535,397
영보화학 014440 기타비유동금융자산 211,868,460 211,868,460
영보화학 014440 유형자산 65,833,266,077 66,314,146,008
영보화학 014440 무형자산 3,278,304,614 3,369,675,472
영보화학 014440 사용권자산 254,627,990 0
영보화학 014440 이연법인세자산 1,881,281,464 1,790,697,578
영보화학 014440 자산총계 166,967,178,143 160,544,329,633
영보화학 014440 유동부채 26,655,515,933 21,177,370,267
영보화학 014440 기타유동금융부채 2,543,637,734 2,605,636,989
영보화학 014440 당기법인세부채 1,673,578,290 780,885,211
영보화학 014440 유동리스부채 242,091,623 0
영보화학 014440 비유동부채 317,845,599 174,123,403
영보화학 014440 비유동리스부채 13,381,113 0
영보화학 014440 부채총계 26,973,361,532 21,351,493,670
영보화학 014440 자본금 10,000,000,000 10,000,000,000
영보화학 014440 자본잉여금 12,256,802,672 12,256,802,672
영보화학 014440 이익잉여금(결손금) 118,670,069,999 117,869,089,351
영보화학 014440 자본총계 139,993,816,611 139,192,835,963
영보화학 014440 자본과부채총계 166,967,178,143 160,544,329,633
