date : 2015-12-31
백광소재 014580 유동자산 36,381,271,407 41,590,424,678
백광소재 014580 현금및현금성자산 3,645,719,956 10,002,423,070
백광소재 014580 매출채권 24,950,918,262 25,198,729,515
백광소재 014580 재고자산 6,691,015,619 5,288,557,408
백광소재 014580 기타유동금융자산 0 0
백광소재 014580 기타유동자산 545,172,278 1,073,452,220
백광소재 014580 매각예정비유동자산 0 0
백광소재 014580 비유동자산 146,093,127,852 136,886,181,781
백광소재 014580 장기금융상품 0 0
백광소재 014580 기타포괄손익-공정가치 0 0
백광소재 014580 당기손익인식공정가치측정금융자산 0 0
백광소재 014580 종속회사투자 0 0
백광소재 014580 관계회사투자 0 0
백광소재 014580 렌탈자산 0 0
백광소재 014580 유형자산 69,550,802,369 63,943,390,789
백광소재 014580 무형자산 13,531,277,695 14,760,235,309
백광소재 014580 기타비유동금융자산 0 0
백광소재 014580 기타비유동자산 5,615,003,433 6,356,310,611
백광소재 014580 사용권자산 0 0
백광소재 014580 이연법인세자산 0 0
백광소재 014580 자산총계 182,474,399,259 178,476,606,459
백광소재 014580 유동부채 52,782,253,519 43,040,204,703
백광소재 014580 단기매입채무 0 0
백광소재 014580 단기차입금 31,429,752,388 22,364,462,458
백광소재 014580 유동성장기차입금 0 0
백광소재 014580 유동성사채 0 0
백광소재 014580 기타유동금융부채 0 0
백광소재 014580 기타유동부채 112,892,381 91,408,458
백광소재 014580 당기법인세부채 710,401,681 263,726,405
백광소재 014580 유동리스부채 0 0
백광소재 014580 비유동부채 14,536,472,752 21,009,081,939
백광소재 014580 사채 0 0
백광소재 014580 장기차입금 1,663,000,000 5,950,000,000
백광소재 014580 기타비유동금융부채 0 0
백광소재 014580 이연법인세부채 7,318,548,705 7,171,974,180
백광소재 014580 비유동리스부채 0 0
백광소재 014580 부채총계 67,318,726,271 64,049,286,642
백광소재 014580 자본금 13,791,550,000 13,791,550,000
백광소재 014580 자본잉여금 26,693,218,406 26,693,218,406
백광소재 014580 자본조정 0 0
백광소재 014580 기타포괄손익누계액 10,016,245,529 10,942,885,891
백광소재 014580 이익잉여금(결손금) 0 0
백광소재 014580 자본총계 115,155,672,988 114,427,319,817
백광소재 014580 자본과부채총계 182,474,399,259 178,476,606,459
date : 2016-03-31
백광소재 014580 유동자산 45,633,271,558 36,381,271,407
백광소재 014580 현금및현금성자산 9,289,791,577 3,645,719,956
백광소재 014580 매출채권 26,025,896,884 24,950,918,262
백광소재 014580 재고자산 8,959,754,724 6,691,015,619
백광소재 014580 기타유동금융자산 0 0
백광소재 014580 기타유동자산 856,259,003 545,172,278
백광소재 014580 매각예정비유동자산 0 0
백광소재 014580 비유동자산 152,790,677,272 146,093,127,852
백광소재 014580 장기금융상품 0 0
백광소재 014580 기타포괄손익-공정가치 0 0
백광소재 014580 당기손익인식공정가치측정금융자산 0 0
백광소재 014580 종속회사투자 0 0
백광소재 014580 관계회사투자 0 0
백광소재 014580 렌탈자산 0 0
백광소재 014580 유형자산 73,756,109,003 69,550,802,369
백광소재 014580 무형자산 13,460,079,982 13,531,277,695
백광소재 014580 기타비유동금융자산 0 0
백광소재 014580 기타비유동자산 5,509,147,196 5,615,003,433
백광소재 014580 사용권자산 0 0
백광소재 014580 이연법인세자산 0 0
백광소재 014580 자산총계 198,423,948,830 182,474,399,259
백광소재 014580 유동부채 64,466,143,681 52,782,253,519
백광소재 014580 단기매입채무 0 0
백광소재 014580 단기차입금 36,721,554,316 31,429,752,388
백광소재 014580 유동성장기차입금 0 0
백광소재 014580 유동성사채 0 0
백광소재 014580 기타유동금융부채 0 0
백광소재 014580 기타유동부채 121,450,655 112,892,381
백광소재 014580 당기법인세부채 392,917,021 710,401,681
백광소재 014580 유동리스부채 0 0
백광소재 014580 비유동부채 21,235,377,394 14,536,472,752
백광소재 014580 사채 0 0
백광소재 014580 장기차입금 8,779,630,000 1,663,000,000
백광소재 014580 기타비유동금융부채 0 0
백광소재 014580 이연법인세부채 6,900,823,347 7,318,548,705
백광소재 014580 비유동리스부채 0 0
백광소재 014580 부채총계 85,701,521,075 67,318,726,271
백광소재 014580 자본금 13,791,550,000 13,791,550,000
백광소재 014580 자본잉여금 26,703,077,006 26,693,218,406
백광소재 014580 자본조정 0 0
백광소재 014580 기타포괄손익누계액 8,542,269,628 10,016,245,529
백광소재 014580 이익잉여금(결손금) 0 0
백광소재 014580 자본총계 112,722,427,755 115,155,672,988
백광소재 014580 자본과부채총계 198,423,948,830 182,474,399,259
date : 2016-06-30
백광소재 014580 유동자산 46,640,263,813 36,381,271,407
백광소재 014580 현금및현금성자산 6,344,701,834 3,645,719,956
백광소재 014580 매출채권 27,991,287,649 24,950,918,262
백광소재 014580 재고자산 10,706,102,123 6,691,015,619
백광소재 014580 기타유동금융자산 0 0
백광소재 014580 기타유동자산 1,109,497,194 545,172,278
백광소재 014580 매각예정비유동자산 0 0
백광소재 014580 비유동자산 153,145,216,093 146,093,127,852
백광소재 014580 장기금융상품 0 0
백광소재 014580 기타포괄손익-공정가치 0 0
백광소재 014580 당기손익인식공정가치측정금융자산 0 0
백광소재 014580 종속회사투자 0 0
백광소재 014580 관계회사투자 0 0
백광소재 014580 렌탈자산 0 0
백광소재 014580 유형자산 74,539,986,567 69,550,802,369
백광소재 014580 무형자산 13,304,750,472 13,531,277,695
백광소재 014580 기타비유동금융자산 0 0
백광소재 014580 기타비유동자산 6,438,569,458 5,615,003,433
백광소재 014580 사용권자산 0 0
백광소재 014580 이연법인세자산 0 0
백광소재 014580 자산총계 199,785,479,906 182,474,399,259
백광소재 014580 유동부채 65,637,540,279 52,782,253,519
백광소재 014580 단기매입채무 0 0
백광소재 014580 단기차입금 41,804,605,279 31,429,752,388
백광소재 014580 유동성장기차입금 0 0
백광소재 014580 유동성사채 0 0
백광소재 014580 기타유동금융부채 0 0
백광소재 014580 기타유동부채 412,854,591 112,892,381
백광소재 014580 당기법인세부채 797,892,368 710,401,681
백광소재 014580 유동리스부채 0 0
백광소재 014580 비유동부채 20,392,433,436 14,536,472,752
백광소재 014580 사채 0 0
백광소재 014580 장기차입금 7,812,930,000 1,663,000,000
백광소재 014580 기타비유동금융부채 0 0
백광소재 014580 이연법인세부채 6,749,046,884 7,318,548,705
백광소재 014580 비유동리스부채 0 0
백광소재 014580 부채총계 86,029,973,715 67,318,726,271
백광소재 014580 자본금 13,791,550,000 13,791,550,000
백광소재 014580 자본잉여금 26,693,218,406 26,693,218,406
백광소재 014580 자본조정 0 0
백광소재 014580 기타포괄손익누계액 9,169,434,358 10,016,245,529
백광소재 014580 이익잉여금(결손금) 0 0
백광소재 014580 자본총계 113,755,506,191 115,155,672,988
백광소재 014580 자본과부채총계 199,785,479,906 182,474,399,259
date : 2016-09-30
백광소재 014580 유동자산 52,535,443,895 36,381,271,407
백광소재 014580 현금및현금성자산 9,403,080,405 3,645,719,956
백광소재 014580 매출채권 29,407,932,003 24,950,918,262
백광소재 014580 재고자산 12,158,854,397 6,691,015,619
백광소재 014580 기타유동금융자산 0 0
백광소재 014580 기타유동자산 1,102,510,402 545,172,278
백광소재 014580 매각예정비유동자산 0 0
백광소재 014580 비유동자산 152,625,927,780 146,093,127,852
백광소재 014580 장기금융상품 0 0
백광소재 014580 기타포괄손익-공정가치 0 0
백광소재 014580 당기손익인식공정가치측정금융자산 0 0
백광소재 014580 종속회사투자 0 0
백광소재 014580 관계회사투자 0 0
백광소재 014580 렌탈자산 0 0
백광소재 014580 유형자산 74,580,444,881 69,550,802,369
백광소재 014580 무형자산 13,225,463,909 13,531,277,695
백광소재 014580 기타비유동금융자산 0 0
백광소재 014580 기타비유동자산 6,357,765,002 5,615,003,433
백광소재 014580 사용권자산 0 0
백광소재 014580 이연법인세자산 0 0
백광소재 014580 자산총계 205,161,371,675 182,474,399,259
백광소재 014580 유동부채 60,924,444,637 52,782,253,519
백광소재 014580 단기매입채무 0 0
백광소재 014580 단기차입금 38,842,636,503 31,429,752,388
백광소재 014580 유동성장기차입금 0 0
백광소재 014580 유동성사채 0 0
백광소재 014580 기타유동금융부채 0 0
백광소재 014580 기타유동부채 752,439,958 112,892,381
백광소재 014580 당기법인세부채 582,149,462 710,401,681
백광소재 014580 유동리스부채 0 0
백광소재 014580 비유동부채 29,682,035,173 14,536,472,752
백광소재 014580 사채 0 0
백광소재 014580 장기차입금 16,846,270,000 1,663,000,000
백광소재 014580 기타비유동금융부채 0 0
백광소재 014580 이연법인세부채 6,708,567,055 7,318,548,705
백광소재 014580 비유동리스부채 0 0
백광소재 014580 부채총계 90,606,479,810 67,318,726,271
백광소재 014580 자본금 13,791,550,000 13,791,550,000
백광소재 014580 자본잉여금 26,693,218,406 26,693,218,406
백광소재 014580 자본조정 0 0
백광소재 014580 기타포괄손익누계액 9,025,914,962 10,016,245,529
백광소재 014580 이익잉여금(결손금) 0 0
백광소재 014580 자본총계 114,554,891,865 115,155,672,988
백광소재 014580 자본과부채총계 205,161,371,675 182,474,399,259
date : 2016-12-31
백광소재 014580 유동자산 57,915,021,416 36,381,271,407
백광소재 014580 현금및현금성자산 12,123,192,427 3,645,719,956
백광소재 014580 매출채권 31,809,982,533 24,950,918,262
백광소재 014580 재고자산 13,295,948,375 6,691,015,619
백광소재 014580 기타유동금융자산 0 0
백광소재 014580 기타유동자산 558,044,980 545,172,278
백광소재 014580 매각예정비유동자산 0 0
백광소재 014580 비유동자산 149,464,670,968 146,093,127,852
백광소재 014580 장기금융상품 0 0
백광소재 014580 기타포괄손익-공정가치 0 0
백광소재 014580 당기손익인식공정가치측정금융자산 0 0
백광소재 014580 종속회사투자 0 0
백광소재 014580 관계회사투자 0 0
백광소재 014580 렌탈자산 0 0
백광소재 014580 유형자산 72,967,014,580 69,550,802,369
백광소재 014580 무형자산 13,136,212,420 13,531,277,695
백광소재 014580 기타비유동금융자산 0 0
백광소재 014580 기타비유동자산 6,190,783,678 5,615,003,433
백광소재 014580 사용권자산 0 0
백광소재 014580 이연법인세자산 0 0
백광소재 014580 자산총계 207,379,692,384 182,474,399,259
백광소재 014580 유동부채 64,919,701,756 52,782,253,519
백광소재 014580 단기매입채무 0 0
백광소재 014580 단기차입금 43,274,001,738 31,429,752,388
백광소재 014580 유동성장기차입금 0 0
백광소재 014580 유동성사채 0 0
백광소재 014580 기타유동금융부채 0 0
백광소재 014580 기타유동부채 158,564,152 112,892,381
백광소재 014580 당기법인세부채 26,644,693 710,401,681
백광소재 014580 유동리스부채 0 0
백광소재 014580 비유동부채 30,703,811,342 14,536,472,752
백광소재 014580 사채 0 0
백광소재 014580 장기차입금 15,879,610,000 1,663,000,000
백광소재 014580 기타비유동금융부채 0 0
백광소재 014580 이연법인세부채 6,391,543,994 7,318,548,705
백광소재 014580 비유동리스부채 0 0
백광소재 014580 부채총계 95,623,513,098 67,318,726,271
백광소재 014580 자본금 13,791,550,000 13,791,550,000
백광소재 014580 자본잉여금 26,693,218,406 26,693,218,406
백광소재 014580 자본조정 0 0
백광소재 014580 기타포괄손익누계액 8,982,552,265 10,016,245,529
백광소재 014580 이익잉여금(결손금) 0 0
백광소재 014580 자본총계 111,756,179,286 115,155,672,988
백광소재 014580 자본과부채총계 207,379,692,384 182,474,399,259
date : 2017-03-31
백광소재 014580 유동자산 52,846,652,189 57,915,021,416
백광소재 014580 현금및현금성자산 6,447,037,922 12,123,192,427
백광소재 014580 매출채권 25,361,289,236 31,809,982,533
백광소재 014580 재고자산 18,747,466,485 13,295,948,375
백광소재 014580 기타유동금융자산 0 0
백광소재 014580 기타유동자산 1,254,382,278 558,044,980
백광소재 014580 매각예정비유동자산 0 0
백광소재 014580 비유동자산 147,951,672,465 149,464,670,968
백광소재 014580 장기금융상품 0 0
백광소재 014580 기타포괄손익-공정가치 0 0
백광소재 014580 당기손익인식공정가치측정금융자산 0 0
백광소재 014580 종속회사투자 0 0
백광소재 014580 관계회사투자 0 0
백광소재 014580 렌탈자산 0 0
백광소재 014580 유형자산 71,882,323,294 72,967,014,580
백광소재 014580 무형자산 13,053,826,444 13,136,212,420
백광소재 014580 기타비유동금융자산 0 0
백광소재 014580 기타비유동자산 6,034,452,868 6,190,783,678
백광소재 014580 사용권자산 0 0
백광소재 014580 이연법인세자산 0 0
백광소재 014580 자산총계 200,798,324,654 207,379,692,384
백광소재 014580 유동부채 55,726,864,711 64,919,701,756
백광소재 014580 단기매입채무 0 0
백광소재 014580 단기차입금 32,637,370,125 43,274,001,738
백광소재 014580 유동성장기차입금 0 0
백광소재 014580 유동성사채 0 0
백광소재 014580 기타유동금융부채 0 0
백광소재 014580 기타유동부채 96,524,063 158,564,152
백광소재 014580 당기법인세부채 286,718,153 26,644,693
백광소재 014580 유동리스부채 0 0
백광소재 014580 비유동부채 35,305,210,296 30,703,811,342
백광소재 014580 사채 0 0
백광소재 014580 장기차입금 19,899,950,000 15,879,610,000
백광소재 014580 기타비유동금융부채 0 0
백광소재 014580 이연법인세부채 6,300,129,316 6,391,543,994
백광소재 014580 비유동리스부채 0 0
백광소재 014580 부채총계 91,032,075,007 95,623,513,098
백광소재 014580 자본금 13,791,550,000 13,791,550,000
백광소재 014580 자본잉여금 26,693,218,406 26,693,218,406
백광소재 014580 자본조정 0 0
백광소재 014580 기타포괄손익누계액 8,878,155,084 8,982,552,265
백광소재 014580 이익잉여금(결손금) 0 0
백광소재 014580 자본총계 109,766,249,647 111,756,179,286
백광소재 014580 자본과부채총계 200,798,324,654 207,379,692,384
date : 2017-06-30
백광소재 014580 유동자산 55,391,564,806 57,915,021,416
백광소재 014580 현금및현금성자산 11,128,615,246 12,123,192,427
백광소재 014580 매출채권 30,024,365,411 31,809,982,533
백광소재 014580 재고자산 10,728,705,754 13,295,948,375
백광소재 014580 기타유동금융자산 0 0
백광소재 014580 기타유동자산 3,477,057,195 558,044,980
백광소재 014580 매각예정비유동자산 0 0
백광소재 014580 비유동자산 148,063,349,523 149,464,670,968
백광소재 014580 장기금융상품 0 0
백광소재 014580 기타포괄손익-공정가치 0 0
백광소재 014580 당기손익인식공정가치측정금융자산 0 0
백광소재 014580 종속회사투자 0 0
백광소재 014580 관계회사투자 0 0
백광소재 014580 렌탈자산 0 0
백광소재 014580 유형자산 71,387,147,457 72,967,014,580
백광소재 014580 무형자산 12,958,122,913 13,136,212,420
백광소재 014580 기타비유동금융자산 0 0
백광소재 014580 기타비유동자산 5,745,625,824 6,190,783,678
백광소재 014580 사용권자산 0 0
백광소재 014580 이연법인세자산 0 0
백광소재 014580 자산총계 203,454,914,329 207,379,692,384
백광소재 014580 유동부채 56,416,642,451 64,919,701,756
백광소재 014580 단기매입채무 0 0
백광소재 014580 단기차입금 34,333,526,490 43,274,001,738
백광소재 014580 유동성장기차입금 0 0
백광소재 014580 유동성사채 0 0
백광소재 014580 기타유동금융부채 0 0
백광소재 014580 기타유동부채 128,530,891 158,564,152
백광소재 014580 당기법인세부채 949,199,703 26,644,693
백광소재 014580 유동리스부채 0 0
백광소재 014580 비유동부채 34,852,652,840 30,703,811,342
백광소재 014580 사채 0 0
백광소재 014580 장기차입금 18,824,920,000 15,879,610,000
백광소재 014580 기타비유동금융부채 0 0
백광소재 014580 이연법인세부채 6,211,093,750 6,391,543,994
백광소재 014580 비유동리스부채 0 0
백광소재 014580 부채총계 91,269,295,291 95,623,513,098
백광소재 014580 자본금 13,791,550,000 13,791,550,000
백광소재 014580 자본잉여금 26,693,218,406 26,693,218,406
백광소재 014580 자본조정 0 0
백광소재 014580 기타포괄손익누계액 9,428,267,410 8,982,552,265
백광소재 014580 이익잉여금(결손금) 0 0
백광소재 014580 자본총계 112,185,619,038 111,756,179,286
백광소재 014580 자본과부채총계 203,454,914,329 207,379,692,384
date : 2017-09-30
백광소재 014580 유동자산 61,044,197,830 57,915,021,416
백광소재 014580 현금및현금성자산 12,061,197,219 12,123,192,427
백광소재 014580 매출채권 28,905,162,828 31,809,982,533
백광소재 014580 재고자산 17,756,350,272 13,295,948,375
백광소재 014580 기타유동금융자산 0 0
백광소재 014580 기타유동자산 2,283,720,925 558,044,980
백광소재 014580 매각예정비유동자산 0 0
백광소재 014580 비유동자산 147,611,066,782 149,464,670,968
백광소재 014580 장기금융상품 0 0
백광소재 014580 기타포괄손익-공정가치 0 0
백광소재 014580 당기손익인식공정가치측정금융자산 0 0
백광소재 014580 종속회사투자 0 0
백광소재 014580 관계회사투자 0 0
백광소재 014580 렌탈자산 0 0
백광소재 014580 유형자산 70,379,612,408 72,967,014,580
백광소재 014580 무형자산 12,850,558,451 13,136,212,420
백광소재 014580 기타비유동금융자산 5,678,909,199 5,321,354,199
백광소재 014580 기타비유동자산 5,547,898,611 6,190,783,678
백광소재 014580 사용권자산 0 0
백광소재 014580 이연법인세자산 0 0
백광소재 014580 자산총계 208,655,264,612 207,379,692,384
백광소재 014580 유동부채 60,429,178,969 64,919,701,756
백광소재 014580 단기매입채무 6,464,506,028 8,857,143,979
백광소재 014580 단기차입금 38,872,296,391 43,274,001,738
백광소재 014580 유동성장기차입금 0 0
백광소재 014580 유동성사채 0 0
백광소재 014580 기타유동금융부채 0 0
백광소재 014580 기타유동부채 291,851,417 158,564,152
백광소재 014580 당기법인세부채 917,769,466 26,644,693
백광소재 014580 유동리스부채 0 0
백광소재 014580 비유동부채 34,594,627,492 30,703,811,342
백광소재 014580 사채 0 0
백광소재 014580 장기차입금 17,749,930,000 15,879,610,000
백광소재 014580 기타비유동금융부채 0 0
백광소재 014580 이연법인세부채 6,303,285,704 6,391,543,994
백광소재 014580 비유동리스부채 0 0
백광소재 014580 부채총계 95,023,806,461 95,623,513,098
백광소재 014580 자본금 13,791,550,000 13,791,550,000
백광소재 014580 자본잉여금 26,693,218,406 26,693,218,406
백광소재 014580 자본조정 0 0
백광소재 014580 기타포괄손익누계액 9,328,764,721 8,982,552,265
백광소재 014580 이익잉여금(결손금) 63,817,925,024 62,288,858,615
백광소재 014580 자본총계 113,631,458,151 111,756,179,286
백광소재 014580 자본과부채총계 208,655,264,612 207,379,692,384
date : 2017-12-31
백광소재 014580 유동자산 48,663,879,374 57,915,021,416
백광소재 014580 현금및현금성자산 7,416,017,699 12,123,192,427
백광소재 014580 매출채권 26,652,085,521 31,809,982,533
백광소재 014580 재고자산 13,877,413,999 13,295,948,375
백광소재 014580 기타유동금융자산 0 0
백광소재 014580 기타유동자산 672,349,496 558,044,980
백광소재 014580 매각예정비유동자산 0 0
백광소재 014580 비유동자산 145,615,185,022 149,464,670,968
백광소재 014580 장기금융상품 0 0
백광소재 014580 기타포괄손익-공정가치 0 0
백광소재 014580 당기손익인식공정가치측정금융자산 0 0
백광소재 014580 종속회사투자 0 0
백광소재 014580 관계회사투자 0 0
백광소재 014580 렌탈자산 0 0
백광소재 014580 유형자산 68,887,264,877 72,967,014,580
백광소재 014580 무형자산 13,893,821,781 13,136,212,420
백광소재 014580 기타비유동금융자산 0 0
백광소재 014580 기타비유동자산 6,261,200,626 6,190,783,678
백광소재 014580 사용권자산 0 0
백광소재 014580 이연법인세자산 0 0
백광소재 014580 자산총계 194,279,064,396 207,379,692,384
백광소재 014580 유동부채 47,092,148,424 64,919,701,756
백광소재 014580 단기매입채무 0 0
백광소재 014580 단기차입금 25,104,670,000 43,274,001,738
백광소재 014580 유동성장기차입금 0 0
백광소재 014580 유동성사채 0 0
백광소재 014580 기타유동금융부채 0 0
백광소재 014580 기타유동부채 128,728,183 158,564,152
백광소재 014580 당기법인세부채 1,305,643,034 26,644,693
백광소재 014580 유동리스부채 0 0
백광소재 014580 비유동부채 32,752,500,697 30,703,811,342
백광소재 014580 사채 0 0
백광소재 014580 장기차입금 16,674,940,000 15,879,610,000
백광소재 014580 기타비유동금융부채 0 0
백광소재 014580 이연법인세부채 6,124,155,292 6,391,543,994
백광소재 014580 비유동리스부채 0 0
백광소재 014580 부채총계 79,844,649,121 95,623,513,098
백광소재 014580 자본금 13,791,550,000 13,791,550,000
백광소재 014580 자본잉여금 26,693,218,406 26,693,218,406
백광소재 014580 자본조정 0 0
백광소재 014580 기타포괄손익누계액 9,293,615,739 8,982,552,265
백광소재 014580 이익잉여금(결손금) 0 0
백광소재 014580 자본총계 114,434,415,275 111,756,179,286
백광소재 014580 자본과부채총계 194,279,064,396 207,379,692,384
date : 2018-03-31
백광소재 014580 유동자산 47,725,705,086 48,663,879,374
백광소재 014580 현금및현금성자산 5,921,600,137 7,416,017,699
백광소재 014580 매출채권 30,781,881,089 26,652,085,521
백광소재 014580 재고자산 8,553,140,458 13,877,413,999
백광소재 014580 기타유동금융자산 0 0
백광소재 014580 기타유동자산 1,191,634,065 672,349,496
백광소재 014580 매각예정비유동자산 0 0
백광소재 014580 비유동자산 144,141,950,327 145,615,185,022
백광소재 014580 장기금융상품 0 0
백광소재 014580 기타포괄손익-공정가치 0 0
백광소재 014580 당기손익인식공정가치측정금융자산 0 0
백광소재 014580 종속회사투자 0 0
백광소재 014580 관계회사투자 0 0
백광소재 014580 렌탈자산 0 0
백광소재 014580 유형자산 67,354,356,043 68,887,264,877
백광소재 014580 무형자산 13,816,706,062 13,893,821,781
백광소재 014580 기타비유동금융자산 0 0
백광소재 014580 기타비유동자산 5,929,749,699 6,261,200,626
백광소재 014580 사용권자산 0 0
백광소재 014580 이연법인세자산 0 0
백광소재 014580 자산총계 191,867,655,413 194,279,064,396
백광소재 014580 유동부채 45,836,397,281 47,092,148,424
백광소재 014580 단기매입채무 0 0
백광소재 014580 단기차입금 20,800,000,000 25,104,670,000
백광소재 014580 유동성장기차입금 0 0
백광소재 014580 유동성사채 0 0
백광소재 014580 기타유동금융부채 0 0
백광소재 014580 기타유동부채 149,259,444 128,728,183
백광소재 014580 당기법인세부채 1,628,554,810 1,305,643,034
백광소재 014580 유동리스부채 0 0
백광소재 014580 비유동부채 32,579,901,027 32,752,500,697
백광소재 014580 사채 0 0
백광소재 014580 장기차입금 15,599,950,000 16,674,940,000
백광소재 014580 기타비유동금융부채 0 0
백광소재 014580 이연법인세부채 6,207,999,951 6,124,155,292
백광소재 014580 비유동리스부채 0 0
백광소재 014580 부채총계 78,416,298,308 79,844,649,121
백광소재 014580 자본금 13,791,550,000 13,791,550,000
백광소재 014580 자본잉여금 26,693,218,406 26,693,218,406
백광소재 014580 자본조정 0 0
백광소재 014580 기타포괄손익누계액 9,793,835,123 9,293,615,739
백광소재 014580 이익잉여금(결손금) 0 0
백광소재 014580 자본총계 113,451,357,105 114,434,415,275
백광소재 014580 자본과부채총계 191,867,655,413 194,279,064,396
date : 2018-06-30
백광소재 014580 유동자산 60,273,852,716 48,663,879,374
백광소재 014580 현금및현금성자산 5,556,666,287 7,416,017,699
백광소재 014580 매출채권 29,717,578,745 26,652,085,521
백광소재 014580 재고자산 23,166,874,341 13,877,413,999
백광소재 014580 기타유동금융자산 0 0
백광소재 014580 기타유동자산 1,544,108,297 672,349,496
백광소재 014580 매각예정비유동자산 0 0
백광소재 014580 비유동자산 156,691,186,381 145,615,185,022
백광소재 014580 장기금융상품 0 0
백광소재 014580 기타포괄손익-공정가치 0 0
백광소재 014580 당기손익인식공정가치측정금융자산 0 0
백광소재 014580 종속회사투자 0 0
백광소재 014580 관계회사투자 0 0
백광소재 014580 렌탈자산 0 0
백광소재 014580 유형자산 75,624,828,946 68,887,264,877
백광소재 014580 무형자산 13,734,266,860 13,893,821,781
백광소재 014580 기타비유동금융자산 0 0
백광소재 014580 기타비유동자산 5,616,606,969 6,261,200,626
백광소재 014580 사용권자산 0 0
백광소재 014580 이연법인세자산 0 0
백광소재 014580 자산총계 216,965,039,097 194,279,064,396
백광소재 014580 유동부채 66,275,426,888 47,092,148,424
백광소재 014580 단기매입채무 0 0
백광소재 014580 단기차입금 44,284,420,455 25,104,670,000
백광소재 014580 유동성장기차입금 0 0
백광소재 014580 유동성사채 0 0
백광소재 014580 기타유동금융부채 0 0
백광소재 014580 기타유동부채 1,419,573,262 128,728,183
백광소재 014580 당기법인세부채 953,688,902 1,305,643,034
백광소재 014580 유동리스부채 0 0
백광소재 014580 비유동부채 25,218,804,209 32,752,500,697
백광소재 014580 사채 0 0
백광소재 014580 장기차입금 4,524,960,000 16,674,940,000
백광소재 014580 기타비유동금융부채 0 0
백광소재 014580 이연법인세부채 9,056,360,454 6,124,155,292
백광소재 014580 비유동리스부채 0 0
백광소재 014580 부채총계 91,494,231,097 79,844,649,121
백광소재 014580 자본금 13,791,550,000 13,791,550,000
백광소재 014580 자본잉여금 26,693,218,406 26,693,218,406
백광소재 014580 자본조정 0 0
백광소재 014580 기타포괄손익누계액 21,020,050,053 9,293,615,739
백광소재 014580 이익잉여금(결손금) 0 0
백광소재 014580 자본총계 125,470,808,000 114,434,415,275
백광소재 014580 자본과부채총계 216,965,039,097 194,279,064,396
date : 2018-09-30
백광소재 014580 유동자산 61,767,287,345 48,663,879,374
백광소재 014580 현금및현금성자산 4,809,777,816 7,416,017,699
백광소재 014580 매출채권 31,204,697,808 26,652,085,521
백광소재 014580 재고자산 24,520,404,940 13,877,413,999
백광소재 014580 기타유동금융자산 0 0
백광소재 014580 기타유동자산 1,188,285,220 672,349,496
백광소재 014580 매각예정비유동자산 0 0
백광소재 014580 비유동자산 154,741,644,690 145,615,185,022
백광소재 014580 장기금융상품 0 0
백광소재 014580 기타포괄손익-공정가치 0 0
백광소재 014580 당기손익인식공정가치측정금융자산 0 0
백광소재 014580 종속회사투자 0 0
백광소재 014580 관계회사투자 0 0
백광소재 014580 렌탈자산 0 0
백광소재 014580 유형자산 74,256,181,630 68,887,264,877
백광소재 014580 무형자산 13,662,082,156 13,893,821,781
백광소재 014580 기타비유동금융자산 0 0
백광소재 014580 기타비유동자산 5,274,304,642 6,261,200,626
백광소재 014580 사용권자산 0 0
백광소재 014580 이연법인세자산 0 0
백광소재 014580 자산총계 216,508,932,035 194,279,064,396
백광소재 014580 유동부채 65,802,627,657 47,092,148,424
백광소재 014580 단기매입채무 0 0
백광소재 014580 단기차입금 42,480,098,308 25,104,670,000
백광소재 014580 유동성장기차입금 0 0
백광소재 014580 유동성사채 0 0
백광소재 014580 기타유동금융부채 0 0
백광소재 014580 기타유동부채 1,588,946,673 128,728,183
백광소재 014580 당기법인세부채 807,893,768 1,305,643,034
백광소재 014580 유동리스부채 0 0
백광소재 014580 비유동부채 24,842,214,671 32,752,500,697
백광소재 014580 사채 0 0
백광소재 014580 장기차입금 3,449,970,000 16,674,940,000
백광소재 014580 기타비유동금융부채 0 0
백광소재 014580 이연법인세부채 8,943,881,838 6,124,155,292
백광소재 014580 비유동리스부채 0 0
백광소재 014580 부채총계 90,644,842,328 79,844,649,121
백광소재 014580 자본금 13,791,550,000 13,791,550,000
백광소재 014580 자본잉여금 26,693,218,406 26,693,218,406
백광소재 014580 자본조정 0 0
백광소재 014580 기타포괄손익누계액 20,825,882,288 9,293,615,739
백광소재 014580 이익잉여금(결손금) 0 0
백광소재 014580 자본총계 125,864,089,707 114,434,415,275
백광소재 014580 자본과부채총계 216,508,932,035 194,279,064,396
date : 2018-12-31
백광소재 014580 유동자산 58,726,716,259 48,663,879,374
백광소재 014580 현금및현금성자산 4,329,869,198 7,416,017,699
백광소재 014580 매출채권 27,464,267,784 26,652,085,521
백광소재 014580 재고자산 25,289,324,747 13,877,413,999
백광소재 014580 기타유동금융자산 0 0
백광소재 014580 기타유동자산 1,593,786,853 672,349,496
백광소재 014580 매각예정비유동자산 0 0
백광소재 014580 비유동자산 153,149,801,199 145,615,185,022
백광소재 014580 장기금융상품 0 0
백광소재 014580 기타포괄손익-공정가치 0 0
백광소재 014580 당기손익인식공정가치측정금융자산 0 0
백광소재 014580 종속회사투자 0 0
백광소재 014580 관계회사투자 0 0
백광소재 014580 렌탈자산 0 0
백광소재 014580 유형자산 74,296,686,081 68,887,264,877
백광소재 014580 무형자산 13,591,451,375 13,893,821,781
백광소재 014580 기타비유동금융자산 0 0
백광소재 014580 기타비유동자산 5,047,053,967 6,261,200,626
백광소재 014580 사용권자산 0 0
백광소재 014580 이연법인세자산 0 0
백광소재 014580 자산총계 211,876,517,458 194,279,064,396
백광소재 014580 유동부채 63,654,632,726 47,092,148,424
백광소재 014580 단기매입채무 0 0
백광소재 014580 단기차입금 41,453,185,269 25,104,670,000
백광소재 014580 유동성장기차입금 0 0
백광소재 014580 유동성사채 0 0
백광소재 014580 기타유동금융부채 0 0
백광소재 014580 기타유동부채 225,515,192 128,728,183
백광소재 014580 당기법인세부채 797,956,734 1,305,643,034
백광소재 014580 유동리스부채 0 0
백광소재 014580 비유동부채 21,651,952,026 32,752,500,697
백광소재 014580 사채 0 0
백광소재 014580 장기차입금 2,374,980,000 16,674,940,000
백광소재 014580 기타비유동금융부채 0 0
백광소재 014580 이연법인세부채 9,120,724,033 6,124,155,292
백광소재 014580 비유동리스부채 0 0
백광소재 014580 부채총계 85,306,584,752 79,844,649,121
백광소재 014580 자본금 13,791,550,000 13,791,550,000
백광소재 014580 자본잉여금 26,693,218,406 26,693,218,406
백광소재 014580 자본조정 0 0
백광소재 014580 기타포괄손익누계액 19,727,279,636 9,293,615,739
백광소재 014580 이익잉여금(결손금) 0 0
백광소재 014580 자본총계 126,569,932,706 114,434,415,275
백광소재 014580 자본과부채총계 211,876,517,458 194,279,064,396
date : 2019-03-31
백광소재 014580 유동자산 64,107,571,269 58,726,716,259
백광소재 014580 현금및현금성자산 5,347,928,794 4,329,869,198
백광소재 014580 매출채권 29,317,960,773 27,464,267,784
백광소재 014580 재고자산 26,683,962,837 25,289,324,747
백광소재 014580 기타유동금융자산 0 0
백광소재 014580 기타유동자산 1,624,966,170 1,593,786,853
백광소재 014580 매각예정비유동자산 0 0
백광소재 014580 비유동자산 153,037,035,416 153,149,801,199
백광소재 014580 장기금융상품 0 0
백광소재 014580 기타포괄손익-공정가치 0 0
백광소재 014580 당기손익인식공정가치측정금융자산 0 0
백광소재 014580 종속회사투자 0 0
백광소재 014580 관계회사투자 0 0
백광소재 014580 렌탈자산 0 0
백광소재 014580 유형자산 74,201,697,979 74,296,686,081
백광소재 014580 무형자산 13,523,946,914 13,591,451,375
백광소재 014580 기타비유동금융자산 0 0
백광소재 014580 기타비유동자산 4,715,754,673 5,047,053,967
백광소재 014580 사용권자산 0 0
백광소재 014580 이연법인세자산 0 0
백광소재 014580 자산총계 217,144,606,685 211,876,517,458
백광소재 014580 유동부채 70,741,224,517 63,654,632,726
백광소재 014580 단기매입채무 0 0
백광소재 014580 단기차입금 46,119,855,269 41,453,185,269
백광소재 014580 유동성장기차입금 0 0
백광소재 014580 유동성사채 0 0
백광소재 014580 기타유동금융부채 0 0
백광소재 014580 기타유동부채 1,029,957,799 225,515,192
백광소재 014580 당기법인세부채 1,129,028,888 797,956,734
백광소재 014580 유동리스부채 0 0
백광소재 014580 비유동부채 21,566,679,528 21,651,952,026
백광소재 014580 사채 0 0
백광소재 014580 장기차입금 1,633,320,000 2,374,980,000
백광소재 014580 기타비유동금융부채 0 0
백광소재 014580 이연법인세부채 9,199,851,764 9,120,724,033
백광소재 014580 비유동리스부채 0 0
백광소재 014580 부채총계 92,307,904,045 85,306,584,752
백광소재 014580 자본금 13,791,550,000 13,791,550,000
백광소재 014580 자본잉여금 26,693,218,406 26,693,218,406
백광소재 014580 자본조정 0 0
백광소재 014580 기타포괄손익누계액 20,007,823,407 19,727,279,636
백광소재 014580 이익잉여금(결손금) 0 0
백광소재 014580 자본총계 124,836,702,640 126,569,932,706
백광소재 014580 자본과부채총계 217,144,606,685 211,876,517,458
