date : 2015-12-31
성광벤드 014620 유동자산 254,144,979,001 285,816,446,767
성광벤드 014620 현금및현금성자산 33,182,686,417 55,539,032,031
성광벤드 014620 매출채권 0 0
성광벤드 014620 재고자산 141,504,820,570 155,195,515,087
성광벤드 014620 기타유동금융자산 0 0
성광벤드 014620 기타유동자산 117,163,797 129,715,049
성광벤드 014620 매각예정비유동자산 0 0
성광벤드 014620 비유동자산 262,059,922,104 243,582,061,870
성광벤드 014620 장기금융상품 0 0
성광벤드 014620 기타포괄손익-공정가치 0 0
성광벤드 014620 당기손익인식공정가치측정금융자산 0 0
성광벤드 014620 종속회사투자 0 0
성광벤드 014620 관계회사투자 0 0
성광벤드 014620 렌탈자산 0 0
성광벤드 014620 유형자산 228,087,914,806 211,233,384,252
성광벤드 014620 무형자산 702,440,425 1,042,349,925
성광벤드 014620 기타비유동금융자산 0 0
성광벤드 014620 기타비유동자산 0 0
성광벤드 014620 사용권자산 0 0
성광벤드 014620 이연법인세자산 0 0
성광벤드 014620 자산총계 516,204,901,105 529,398,508,637
성광벤드 014620 유동부채 40,213,006,242 46,676,965,140
성광벤드 014620 단기매입채무 0 0
성광벤드 014620 단기차입금 0 10,000,000,000
성광벤드 014620 유동성장기차입금 0 0
성광벤드 014620 유동성사채 0 0
성광벤드 014620 기타유동금융부채 0 0
성광벤드 014620 기타유동부채 906,466,244 1,071,186,705
성광벤드 014620 당기법인세부채 3,105,339,573 3,984,904,271
성광벤드 014620 유동리스부채 0 0
성광벤드 014620 비유동부채 20,101,398,100 39,167,148,440
성광벤드 014620 사채 0 0
성광벤드 014620 장기차입금 0 19,461,361,271
성광벤드 014620 기타비유동금융부채 0 0
성광벤드 014620 이연법인세부채 11,303,669,489 11,987,835,387
성광벤드 014620 비유동리스부채 0 0
성광벤드 014620 부채총계 60,314,404,342 85,844,113,580
성광벤드 014620 자본금 14,300,000,000 14,300,000,000
성광벤드 014620 자본잉여금 3,959,250,423 3,959,250,423
성광벤드 014620 자본조정 0 0
성광벤드 014620 기타포괄손익누계액 0 0
성광벤드 014620 이익잉여금(결손금) 0 0
성광벤드 014620 자본총계 455,890,496,763 443,554,395,057
성광벤드 014620 자본과부채총계 0 0
date : 2016-03-31
성광벤드 014620 유동자산 260,638,021,068 254,144,979,001
성광벤드 014620 현금및현금성자산 32,809,566,124 33,182,686,417
성광벤드 014620 매출채권 0 0
성광벤드 014620 재고자산 138,236,934,871 141,504,820,570
성광벤드 014620 기타유동금융자산 0 0
성광벤드 014620 기타유동자산 113,949,610 117,163,797
성광벤드 014620 매각예정비유동자산 0 0
성광벤드 014620 비유동자산 249,302,544,443 262,059,922,104
성광벤드 014620 장기금융상품 0 0
성광벤드 014620 기타포괄손익-공정가치 0 0
성광벤드 014620 당기손익인식공정가치측정금융자산 0 0
성광벤드 014620 종속회사투자 0 0
성광벤드 014620 관계회사투자 0 0
성광벤드 014620 렌탈자산 0 0
성광벤드 014620 유형자산 214,963,522,762 228,087,914,806
성광벤드 014620 무형자산 797,401,675 702,440,425
성광벤드 014620 기타비유동금융자산 0 0
성광벤드 014620 기타비유동자산 0 0
성광벤드 014620 사용권자산 0 0
성광벤드 014620 이연법인세자산 0 0
성광벤드 014620 자산총계 509,940,565,511 516,204,901,105
성광벤드 014620 유동부채 36,734,275,696 40,213,006,242
성광벤드 014620 단기매입채무 0 0
성광벤드 014620 단기차입금 0 0
성광벤드 014620 유동성장기차입금 0 0
성광벤드 014620 유동성사채 0 0
성광벤드 014620 기타유동금융부채 0 0
성광벤드 014620 기타유동부채 1,953,163,969 906,466,244
성광벤드 014620 당기법인세부채 2,226,017,462 3,105,339,573
성광벤드 014620 유동리스부채 0 0
성광벤드 014620 비유동부채 20,764,231,350 20,101,398,100
성광벤드 014620 사채 0 0
성광벤드 014620 장기차입금 0 0
성광벤드 014620 기타비유동금융부채 0 0
성광벤드 014620 이연법인세부채 11,134,617,662 11,303,669,489
성광벤드 014620 비유동리스부채 0 0
성광벤드 014620 부채총계 57,498,507,046 60,314,404,342
성광벤드 014620 자본금 14,300,000,000 14,300,000,000
성광벤드 014620 자본잉여금 3,959,250,423 3,959,250,423
성광벤드 014620 자본조정 0 0
성광벤드 014620 기타포괄손익누계액 0 0
성광벤드 014620 이익잉여금(결손금) 0 0
성광벤드 014620 자본총계 452,442,058,465 455,890,496,763
성광벤드 014620 자본과부채총계 0 0
date : 2016-06-30
성광벤드 014620 유동자산 253,142,189,530 254,144,979,001
성광벤드 014620 현금및현금성자산 22,533,042,008 33,182,686,417
성광벤드 014620 매출채권 0 0
성광벤드 014620 재고자산 129,784,489,984 141,504,820,570
성광벤드 014620 기타유동금융자산 0 0
성광벤드 014620 기타유동자산 129,739,114 117,163,797
성광벤드 014620 매각예정비유동자산 0 0
성광벤드 014620 비유동자산 248,298,591,543 262,059,922,104
성광벤드 014620 장기금융상품 0 0
성광벤드 014620 기타포괄손익-공정가치 0 0
성광벤드 014620 당기손익인식공정가치측정금융자산 0 0
성광벤드 014620 종속회사투자 0 0
성광벤드 014620 관계회사투자 0 0
성광벤드 014620 렌탈자산 0 0
성광벤드 014620 유형자산 214,162,460,050 228,087,914,806
성광벤드 014620 무형자산 808,696,297 702,440,425
성광벤드 014620 기타비유동금융자산 0 0
성광벤드 014620 기타비유동자산 0 0
성광벤드 014620 사용권자산 0 0
성광벤드 014620 이연법인세자산 0 0
성광벤드 014620 자산총계 501,440,781,073 516,204,901,105
성광벤드 014620 유동부채 26,634,045,598 40,213,006,242
성광벤드 014620 단기매입채무 0 0
성광벤드 014620 단기차입금 0 0
성광벤드 014620 유동성장기차입금 0 0
성광벤드 014620 유동성사채 0 0
성광벤드 014620 기타유동금융부채 0 0
성광벤드 014620 기타유동부채 2,118,031,845 906,466,244
성광벤드 014620 당기법인세부채 892,148,809 3,105,339,573
성광벤드 014620 유동리스부채 0 0
성광벤드 014620 비유동부채 20,937,611,415 20,101,398,100
성광벤드 014620 사채 0 0
성광벤드 014620 장기차입금 0 0
성광벤드 014620 기타비유동금융부채 0 0
성광벤드 014620 이연법인세부채 10,992,943,971 11,303,669,489
성광벤드 014620 비유동리스부채 0 0
성광벤드 014620 부채총계 47,571,657,013 60,314,404,342
성광벤드 014620 자본금 14,300,000,000 14,300,000,000
성광벤드 014620 자본잉여금 3,959,250,423 3,959,250,423
성광벤드 014620 자본조정 0 0
성광벤드 014620 기타포괄손익누계액 0 0
성광벤드 014620 이익잉여금(결손금) 0 0
성광벤드 014620 자본총계 453,869,124,060 455,890,496,763
성광벤드 014620 자본과부채총계 0 0
date : 2016-09-30
성광벤드 014620 유동자산 246,806,879,540 254,144,979,001
성광벤드 014620 현금및현금성자산 37,263,097,676 33,182,686,417
성광벤드 014620 매출채권 및 기타채권
성광벤드 014620 재고자산 123,103,698,502 141,504,820,570
성광벤드 014620 기타유동금융자산 0 0
성광벤드 014620 기타유동자산 181,322,287 117,163,797
성광벤드 014620 매각예정비유동자산 0 0
성광벤드 014620 비유동자산 247,695,003,384 262,059,922,104
성광벤드 014620 장기금융상품 0 0
성광벤드 014620 기타포괄손익-공정가치 0 0
성광벤드 014620 당기손익인식공정가치측정금융자산 0 0
성광벤드 014620 종속회사투자 0 0
성광벤드 014620 관계회사투자 0 0
성광벤드 014620 렌탈자산 0 0
성광벤드 014620 유형자산 213,350,662,942 228,087,914,806
성광벤드 014620 무형자산 790,968,343 702,440,425
성광벤드 014620 기타비유동금융자산 0 0
성광벤드 014620 기타비유동자산 0 0
성광벤드 014620 사용권자산 0 0
성광벤드 014620 이연법인세자산 0 0
성광벤드 014620 자산총계 494,501,882,924 516,204,901,105
성광벤드 014620 유동부채 21,754,898,316 40,213,006,242
성광벤드 014620 단기매입채무 0 0
성광벤드 014620 단기차입금 0 0
성광벤드 014620 유동성장기차입금 0 0
성광벤드 014620 유동성사채 0 0
성광벤드 014620 기타유동금융부채 0 0
성광벤드 014620 기타유동부채 849,741,271 906,466,244
성광벤드 014620 당기법인세부채 50,092,386 3,105,339,573
성광벤드 014620 유동리스부채 0 0
성광벤드 014620 비유동부채 21,389,568,891 20,101,398,100
성광벤드 014620 사채 0 0
성광벤드 014620 장기차입금 0 0
성광벤드 014620 기타비유동금융부채 0 0
성광벤드 014620 이연법인세부채 10,614,977,787 11,303,669,489
성광벤드 014620 비유동리스부채 0 0
성광벤드 014620 부채총계 43,144,467,207 60,314,404,342
성광벤드 014620 자본금 14,300,000,000 14,300,000,000
성광벤드 014620 자본잉여금 3,959,250,423 3,959,250,423
성광벤드 014620 자본조정 0 0
성광벤드 014620 기타포괄손익누계액 0 0
성광벤드 014620 이익잉여금(결손금) 0 0
성광벤드 014620 자본총계 451,357,415,717 455,890,496,763
성광벤드 014620 자본과부채총계 0 0
date : 2016-12-31
성광벤드 014620 유동자산 251,734,326,521 254,144,979,001
성광벤드 014620 현금및현금성자산 49,260,658,225 33,182,686,417
성광벤드 014620 매출채권 및 기타채권
성광벤드 014620 재고자산 121,880,138,339 141,504,820,570
성광벤드 014620 기타유동금융자산 0 0
성광벤드 014620 기타유동자산 110,995,599 117,163,797
성광벤드 014620 매각예정비유동자산 0 0
성광벤드 014620 비유동자산 247,437,269,164 262,059,922,104
성광벤드 014620 장기금융상품 0 0
성광벤드 014620 기타포괄손익-공정가치 0 0
성광벤드 014620 당기손익인식공정가치측정금융자산 0 0
성광벤드 014620 종속회사투자 0 0
성광벤드 014620 관계회사투자 0 0
성광벤드 014620 렌탈자산 0 0
성광벤드 014620 유형자산 212,538,004,846 228,087,914,806
성광벤드 014620 무형자산 774,308,913 702,440,425
성광벤드 014620 기타비유동금융자산 0 0
성광벤드 014620 기타비유동자산 0 0
성광벤드 014620 사용권자산 0 0
성광벤드 014620 이연법인세자산 0 0
성광벤드 014620 자산총계 499,171,595,685 516,204,901,105
성광벤드 014620 유동부채 23,270,810,861 40,213,006,242
성광벤드 014620 단기매입채무 0 0
성광벤드 014620 단기차입금 0 0
성광벤드 014620 유동성장기차입금 0 0
성광벤드 014620 유동성사채 0 0
성광벤드 014620 기타유동금융부채 0 0
성광벤드 014620 기타유동부채 838,299,058 906,466,244
성광벤드 014620 당기법인세부채 657,694,562 3,105,339,573
성광벤드 014620 유동리스부채 0 0
성광벤드 014620 비유동부채 18,331,635,185 20,101,398,100
성광벤드 014620 사채 0 0
성광벤드 014620 장기차입금 0 0
성광벤드 014620 기타비유동금융부채 0 0
성광벤드 014620 이연법인세부채 11,544,797,081 11,303,669,489
성광벤드 014620 비유동리스부채 0 0
성광벤드 014620 부채총계 41,602,446,046 60,314,404,342
성광벤드 014620 자본금 14,300,000,000 14,300,000,000
성광벤드 014620 자본잉여금 3,959,250,423 3,959,250,423
성광벤드 014620 자본조정 0 0
성광벤드 014620 기타포괄손익누계액 0 0
성광벤드 014620 이익잉여금(결손금) 0 0
성광벤드 014620 자본총계 457,569,149,639 455,890,496,763
성광벤드 014620 자본과부채총계 0 0
date : 2017-03-31
성광벤드 014620 유동자산 240,476,385,200 251,734,326,521
성광벤드 014620 현금및현금성자산 41,540,621,559 49,260,658,225
성광벤드 014620 매출채권 및 기타채권
성광벤드 014620 재고자산 120,641,939,429 121,880,138,339
성광벤드 014620 기타유동금융자산 0 0
성광벤드 014620 기타유동자산 122,292,693 110,995,599
성광벤드 014620 매각예정비유동자산 0 0
성광벤드 014620 비유동자산 246,528,731,395 247,437,269,164
성광벤드 014620 장기금융상품 0 0
성광벤드 014620 기타포괄손익-공정가치 0 0
성광벤드 014620 당기손익인식공정가치측정금융자산 0 0
성광벤드 014620 종속회사투자 0 0
성광벤드 014620 관계회사투자 0 0
성광벤드 014620 렌탈자산 0 0
성광벤드 014620 유형자산 211,823,710,750 212,538,004,846
성광벤드 014620 무형자산 764,455,137 774,308,913
성광벤드 014620 기타비유동금융자산 0 0
성광벤드 014620 기타비유동자산 0 0
성광벤드 014620 사용권자산 0 0
성광벤드 014620 이연법인세자산 0 0
성광벤드 014620 자산총계 487,005,116,595 499,171,595,685
성광벤드 014620 유동부채 21,109,125,790 23,270,810,861
성광벤드 014620 단기매입채무 0 0
성광벤드 014620 단기차입금 0 0
성광벤드 014620 유동성장기차입금 0 0
성광벤드 014620 유동성사채 0 0
성광벤드 014620 기타유동금융부채 0 0
성광벤드 014620 기타유동부채 458,789,952 838,299,058
성광벤드 014620 당기법인세부채 418,013,129 657,694,562
성광벤드 014620 유동리스부채 0 0
성광벤드 014620 비유동부채 17,367,941,383 18,331,635,185
성광벤드 014620 사채 0 0
성광벤드 014620 장기차입금 0 0
성광벤드 014620 기타비유동금융부채 0 0
성광벤드 014620 이연법인세부채 9,996,443,474 11,544,797,081
성광벤드 014620 비유동리스부채 0 0
성광벤드 014620 부채총계 38,477,067,173 41,602,446,046
성광벤드 014620 자본금 14,300,000,000 14,300,000,000
성광벤드 014620 자본잉여금 3,959,250,423 3,959,250,423
성광벤드 014620 자본조정 0 0
성광벤드 014620 기타포괄손익누계액 0 0
성광벤드 014620 이익잉여금(결손금) 0 0
성광벤드 014620 자본총계 448,528,049,422 457,569,149,639
성광벤드 014620 자본과부채총계 0 0
date : 2017-06-30
성광벤드 014620 유동자산 235,945,883,341 251,734,326,521
성광벤드 014620 현금및현금성자산 43,352,271,254 49,260,658,225
성광벤드 014620 매출채권 0 0
성광벤드 014620 재고자산 111,689,524,974 121,880,138,339
성광벤드 014620 기타유동금융자산 0 0
성광벤드 014620 기타유동자산 162,329,711 110,995,599
성광벤드 014620 매각예정비유동자산 0 0
성광벤드 014620 비유동자산 246,560,906,299 247,437,269,164
성광벤드 014620 장기금융상품 0 0
성광벤드 014620 기타포괄손익-공정가치 0 0
성광벤드 014620 당기손익인식공정가치측정금융자산 0 0
성광벤드 014620 종속회사투자 0 0
성광벤드 014620 관계회사투자 0 0
성광벤드 014620 렌탈자산 0 0
성광벤드 014620 유형자산 211,097,456,003 212,538,004,846
성광벤드 014620 무형자산 754,520,611 774,308,913
성광벤드 014620 기타비유동금융자산 0 0
성광벤드 014620 기타비유동자산 0 0
성광벤드 014620 사용권자산 0 0
성광벤드 014620 이연법인세자산 0 0
성광벤드 014620 자산총계 482,506,789,640 499,171,595,685
성광벤드 014620 유동부채 17,174,741,439 23,270,810,861
성광벤드 014620 단기매입채무 0 0
성광벤드 014620 단기차입금 95,813,067 0
성광벤드 014620 유동성장기차입금 0 0
성광벤드 014620 유동성사채 0 0
성광벤드 014620 기타유동금융부채 0 0
성광벤드 014620 기타유동부채 543,813,663 838,299,058
성광벤드 014620 당기법인세부채 0 657,694,562
성광벤드 014620 유동리스부채 0 0
성광벤드 014620 비유동부채 17,216,877,325 18,331,635,185
성광벤드 014620 사채 0 0
성광벤드 014620 장기차입금 0 0
성광벤드 014620 기타비유동금융부채 0 0
성광벤드 014620 이연법인세부채 9,871,651,240 11,544,797,081
성광벤드 014620 비유동리스부채 0 0
성광벤드 014620 부채총계 34,391,618,764 41,602,446,046
성광벤드 014620 자본금 14,300,000,000 14,300,000,000
성광벤드 014620 자본잉여금 3,959,250,423 3,959,250,423
성광벤드 014620 자본조정 0 0
성광벤드 014620 기타포괄손익누계액 0 0
성광벤드 014620 이익잉여금(결손금) 0 0
성광벤드 014620 자본총계 448,115,170,876 457,569,149,639
성광벤드 014620 자본과부채총계 0 0
date : 2017-09-30
성광벤드 014620 유동자산 237,753,369,831 251,734,326,521
성광벤드 014620 현금및현금성자산 42,381,616,030 49,260,658,225
성광벤드 014620 매출채권 0 0
성광벤드 014620 재고자산 104,660,002,708 121,880,138,339
성광벤드 014620 기타유동금융자산 0 0
성광벤드 014620 기타유동자산 354,241,621 110,995,599
성광벤드 014620 매각예정비유동자산 0 0
성광벤드 014620 비유동자산 242,924,033,807 247,437,269,164
성광벤드 014620 장기금융상품 0 0
성광벤드 014620 기타포괄손익-공정가치 0 0
성광벤드 014620 당기손익인식공정가치측정금융자산 0 0
성광벤드 014620 종속회사투자 0 0
성광벤드 014620 관계회사투자 0 0
성광벤드 014620 렌탈자산 0 0
성광벤드 014620 유형자산 210,407,927,928 212,538,004,846
성광벤드 014620 무형자산 747,439,418 774,308,913
성광벤드 014620 기타비유동금융자산 0 0
성광벤드 014620 기타비유동자산 0 0
성광벤드 014620 사용권자산 0 0
성광벤드 014620 이연법인세자산 0 0
성광벤드 014620 자산총계 480,677,403,638 499,171,595,685
성광벤드 014620 유동부채 17,932,866,325 23,270,810,861
성광벤드 014620 단기매입채무 0 0
성광벤드 014620 단기차입금 35,814,973 0
성광벤드 014620 유동성장기차입금 0 0
성광벤드 014620 유동성사채 0 0
성광벤드 014620 기타유동금융부채 0 0
성광벤드 014620 기타유동부채 647,031,961 838,299,058
성광벤드 014620 당기법인세부채 0 657,694,562
성광벤드 014620 유동리스부채 0 0
성광벤드 014620 비유동부채 17,141,342,010 18,331,635,185
성광벤드 014620 사채 0 0
성광벤드 014620 장기차입금 0 0
성광벤드 014620 기타비유동금융부채 0 0
성광벤드 014620 이연법인세부채 9,090,624,049 11,544,797,081
성광벤드 014620 비유동리스부채 0 0
성광벤드 014620 부채총계 35,074,208,335 41,602,446,046
성광벤드 014620 자본금 14,300,000,000 14,300,000,000
성광벤드 014620 자본잉여금 3,959,250,423 3,959,250,423
성광벤드 014620 자본조정 0 0
성광벤드 014620 기타포괄손익누계액 0 0
성광벤드 014620 이익잉여금(결손금) 0 0
성광벤드 014620 자본총계 445,603,195,303 457,569,149,639
성광벤드 014620 자본과부채총계 480,677,403,638 499,171,595,685
date : 2017-12-31
성광벤드 014620 유동자산 226,531,644,309 251,734,326,521
성광벤드 014620 현금및현금성자산 31,753,527,068 49,260,658,225
성광벤드 014620 매출채권 0 0
성광벤드 014620 재고자산 103,010,332,374 121,880,138,339
성광벤드 014620 기타유동금융자산 0 0
성광벤드 014620 기타유동자산 189,996,283 110,995,599
성광벤드 014620 매각예정비유동자산 0 0
성광벤드 014620 비유동자산 242,682,748,933 247,437,269,164
성광벤드 014620 장기금융상품 0 0
성광벤드 014620 기타포괄손익-공정가치 0 0
성광벤드 014620 당기손익인식공정가치측정금융자산 0 0
성광벤드 014620 종속회사투자 0 0
성광벤드 014620 관계회사투자 0 0
성광벤드 014620 렌탈자산 0 0
성광벤드 014620 유형자산 209,712,305,913 212,538,004,846
성광벤드 014620 무형자산 740,358,225 774,308,913
성광벤드 014620 기타비유동금융자산 0 0
성광벤드 014620 기타비유동자산 0 0
성광벤드 014620 사용권자산 0 0
성광벤드 014620 이연법인세자산 0 0
성광벤드 014620 자산총계 469,214,393,242 499,171,595,685
성광벤드 014620 유동부채 20,472,136,175 23,270,810,861
성광벤드 014620 단기매입채무 0 0
성광벤드 014620 단기차입금 0 0
성광벤드 014620 유동성장기차입금 0 0
성광벤드 014620 유동성사채 0 0
성광벤드 014620 기타유동금융부채 0 0
성광벤드 014620 기타유동부채 1,112,987,583 838,299,058
성광벤드 014620 당기법인세부채 0 657,694,562
성광벤드 014620 유동리스부채 0 0
성광벤드 014620 비유동부채 11,807,239,510 18,331,635,185
성광벤드 014620 사채 0 0
성광벤드 014620 장기차입금 0 0
성광벤드 014620 기타비유동금융부채 0 0
성광벤드 014620 이연법인세부채 6,360,236,350 11,544,797,081
성광벤드 014620 비유동리스부채 0 0
성광벤드 014620 부채총계 32,279,375,685 41,602,446,046
성광벤드 014620 자본금 14,300,000,000 14,300,000,000
성광벤드 014620 자본잉여금 3,959,250,423 3,959,250,423
성광벤드 014620 자본조정 0 0
성광벤드 014620 기타포괄손익누계액 0 0
성광벤드 014620 이익잉여금(결손금) 0 0
성광벤드 014620 자본총계 436,935,017,557 457,569,149,639
성광벤드 014620 자본과부채총계 0 0
date : 2018-03-31
성광벤드 014620 유동자산 228,360,848,839 226,531,644,309
성광벤드 014620 현금및현금성자산 30,417,290,626 31,753,527,068
성광벤드 014620 매출채권 0 0
성광벤드 014620 재고자산 108,099,993,757 103,010,332,374
성광벤드 014620 기타유동금융자산 0 0
성광벤드 014620 기타유동자산 894,540,254 189,996,283
성광벤드 014620 매각예정비유동자산 0 0
성광벤드 014620 비유동자산 242,363,754,621 242,682,748,933
성광벤드 014620 장기금융상품 0 0
성광벤드 014620 기타포괄손익-공정가치 0 0
성광벤드 014620 당기손익인식공정가치측정금융자산 0 0
성광벤드 014620 종속회사투자 0 0
성광벤드 014620 관계회사투자 0 0
성광벤드 014620 렌탈자산 0 0
성광벤드 014620 유형자산 209,204,659,233 209,712,305,913
성광벤드 014620 무형자산 733,277,032 740,358,225
성광벤드 014620 기타비유동금융자산 0 0
성광벤드 014620 기타비유동자산 0 0
성광벤드 014620 사용권자산 0 0
성광벤드 014620 이연법인세자산 0 0
성광벤드 014620 자산총계 470,724,603,460 469,214,393,242
성광벤드 014620 유동부채 23,909,464,869 20,472,136,175
성광벤드 014620 단기매입채무 0 0
성광벤드 014620 단기차입금 0 0
성광벤드 014620 유동성장기차입금 0 0
성광벤드 014620 유동성사채 0 0
성광벤드 014620 기타유동금융부채 0 0
성광벤드 014620 기타유동부채 1,357,325,591 1,112,987,583
성광벤드 014620 당기법인세부채 50,166,707 0
성광벤드 014620 유동리스부채 0 0
성광벤드 014620 비유동부채 12,983,877,084 11,807,239,510
성광벤드 014620 사채 0 0
성광벤드 014620 장기차입금 0 0
성광벤드 014620 기타비유동금융부채 0 0
성광벤드 014620 이연법인세부채 6,230,725,549 6,360,236,350
성광벤드 014620 비유동리스부채 0 0
성광벤드 014620 부채총계 36,893,341,953 32,279,375,685
성광벤드 014620 자본금 14,300,000,000 14,300,000,000
성광벤드 014620 자본잉여금 3,959,250,423 3,959,250,423
성광벤드 014620 자본조정 0 0
성광벤드 014620 기타포괄손익누계액 0 0
성광벤드 014620 이익잉여금(결손금) 0 0
성광벤드 014620 자본총계 433,831,261,507 436,935,017,557
성광벤드 014620 자본과부채총계 0 0
date : 2018-06-30
성광벤드 014620 유동자산 232,256,642,678 226,531,644,309
성광벤드 014620 현금및현금성자산 37,179,117,234 31,753,527,068
성광벤드 014620 매출채권 0 0
성광벤드 014620 재고자산 111,472,150,457 103,010,332,374
성광벤드 014620 기타유동금융자산 0 0
성광벤드 014620 기타유동자산 127,380,471 189,996,283
성광벤드 014620 매각예정비유동자산 0 0
성광벤드 014620 비유동자산 241,942,423,400 242,682,748,933
성광벤드 014620 장기금융상품 0 0
성광벤드 014620 기타포괄손익-공정가치 0 0
성광벤드 014620 당기손익인식공정가치측정금융자산 0 0
성광벤드 014620 종속회사투자 0 0
성광벤드 014620 관계회사투자 0 0
성광벤드 014620 렌탈자산 0 0
성광벤드 014620 유형자산 208,741,018,872 209,712,305,913
성광벤드 014620 무형자산 726,195,839 740,358,225
성광벤드 014620 기타비유동금융자산 0 0
성광벤드 014620 기타비유동자산 0 0
성광벤드 014620 사용권자산 0 0
성광벤드 014620 이연법인세자산 0 0
성광벤드 014620 자산총계 474,199,066,078 469,214,393,242
성광벤드 014620 유동부채 25,880,122,306 20,472,136,175
성광벤드 014620 단기매입채무 0 0
성광벤드 014620 단기차입금 0 0
성광벤드 014620 유동성장기차입금 0 0
성광벤드 014620 유동성사채 0 0
성광벤드 014620 기타유동금융부채 0 0
성광벤드 014620 기타유동부채 1,632,902,842 1,112,987,583
성광벤드 014620 당기법인세부채 161,703,094 0
성광벤드 014620 유동리스부채 0 0
성광벤드 014620 비유동부채 13,632,686,080 11,807,239,510
성광벤드 014620 사채 0 0
성광벤드 014620 장기차입금 0 0
성광벤드 014620 기타비유동금융부채 0 0
성광벤드 014620 이연법인세부채 6,341,195,408 6,360,236,350
성광벤드 014620 비유동리스부채 0 0
성광벤드 014620 부채총계 39,512,808,386 32,279,375,685
성광벤드 014620 자본금 14,300,000,000 14,300,000,000
성광벤드 014620 자본잉여금 3,959,250,423 3,959,250,423
성광벤드 014620 자본조정 0 0
성광벤드 014620 기타포괄손익누계액 0 0
성광벤드 014620 이익잉여금(결손금) 0 0
성광벤드 014620 자본총계 434,686,257,692 436,935,017,557
성광벤드 014620 자본과부채총계 0 0
date : 2018-09-30
성광벤드 014620 유동자산 227,380,464,082 226,531,644,309
성광벤드 014620 현금및현금성자산 32,232,686,201 31,753,527,068
성광벤드 014620 매출채권 0 0
성광벤드 014620 재고자산 115,115,280,680 103,010,332,374
성광벤드 014620 기타유동금융자산 0 0
성광벤드 014620 기타유동자산 124,486,810 189,996,283
성광벤드 014620 매각예정비유동자산 0 0
성광벤드 014620 비유동자산 239,614,292,814 242,682,748,933
성광벤드 014620 장기금융상품 0 0
성광벤드 014620 기타포괄손익-공정가치 0 0
성광벤드 014620 당기손익인식공정가치측정금융자산 0 0
성광벤드 014620 종속회사투자 0 0
성광벤드 014620 관계회사투자 0 0
성광벤드 014620 렌탈자산 0 0
성광벤드 014620 유형자산 208,102,158,529 209,712,305,913
성광벤드 014620 무형자산 719,114,646 740,358,225
성광벤드 014620 기타비유동금융자산 0 0
성광벤드 014620 기타비유동자산 0 0
성광벤드 014620 사용권자산 0 0
성광벤드 014620 이연법인세자산 0 0
성광벤드 014620 자산총계 466,994,756,896 469,214,393,242
성광벤드 014620 유동부채 22,714,426,719 20,472,136,175
성광벤드 014620 단기매입채무 0 0
성광벤드 014620 단기차입금 0 0
성광벤드 014620 유동성장기차입금 0 0
성광벤드 014620 유동성사채 0 0
성광벤드 014620 기타유동금융부채 0 0
성광벤드 014620 기타유동부채 2,384,688,146 1,112,987,583
성광벤드 014620 당기법인세부채 0 0
성광벤드 014620 유동리스부채 0 0
성광벤드 014620 비유동부채 12,784,171,638 11,807,239,510
성광벤드 014620 사채 0 0
성광벤드 014620 장기차입금 0 0
성광벤드 014620 기타비유동금융부채 0 0
성광벤드 014620 이연법인세부채 5,550,702,374 6,360,236,350
성광벤드 014620 비유동리스부채 0 0
성광벤드 014620 부채총계 35,498,598,357 32,279,375,685
성광벤드 014620 자본금 14,300,000,000 14,300,000,000
성광벤드 014620 자본잉여금 3,959,250,423 3,959,250,423
성광벤드 014620 자본조정 0 0
성광벤드 014620 기타포괄손익누계액 0 0
성광벤드 014620 이익잉여금(결손금) 0 0
성광벤드 014620 자본총계 431,496,158,539 436,935,017,557
성광벤드 014620 자본과부채총계 0 0
date : 2018-12-31
성광벤드 014620 유동자산 225,117,059,625 226,531,644,309
성광벤드 014620 현금및현금성자산 31,856,437,365 31,753,527,068
성광벤드 014620 매출채권 0 0
성광벤드 014620 재고자산 117,198,485,690 103,010,332,374
성광벤드 014620 기타유동금융자산 0 0
성광벤드 014620 기타유동자산 957,980,959 189,996,283
성광벤드 014620 매각예정비유동자산 0 0
성광벤드 014620 비유동자산 240,165,105,833 242,682,748,933
성광벤드 014620 장기금융상품 0 0
성광벤드 014620 기타포괄손익-공정가치 0 0
성광벤드 014620 당기손익인식공정가치측정금융자산 0 0
성광벤드 014620 종속회사투자 0 0
성광벤드 014620 관계회사투자 0 0
성광벤드 014620 렌탈자산 0 0
성광벤드 014620 유형자산 207,582,335,604 209,712,305,913
성광벤드 014620 무형자산 712,033,453 740,358,225
성광벤드 014620 기타비유동금융자산 0 0
성광벤드 014620 기타비유동자산 0 0
성광벤드 014620 사용권자산 0 0
성광벤드 014620 이연법인세자산 0 0
성광벤드 014620 자산총계 465,282,165,458 469,214,393,242
성광벤드 014620 유동부채 26,918,263,104 20,472,136,175
성광벤드 014620 단기매입채무 0 0
성광벤드 014620 단기차입금 0 0
성광벤드 014620 유동성장기차입금 0 0
성광벤드 014620 유동성사채 0 0
성광벤드 014620 기타유동금융부채 0 0
성광벤드 014620 기타유동부채 930,758,461 1,112,987,583
성광벤드 014620 당기법인세부채 0 0
성광벤드 014620 유동리스부채 0 0
성광벤드 014620 비유동부채 13,656,559,848 11,807,239,510
성광벤드 014620 사채 0 0
성광벤드 014620 장기차입금 0 0
성광벤드 014620 기타비유동금융부채 0 0
성광벤드 014620 이연법인세부채 3,608,658,929 6,360,236,350
성광벤드 014620 비유동리스부채 0 0
성광벤드 014620 부채총계 40,574,822,952 32,279,375,685
성광벤드 014620 자본금 14,300,000,000 14,300,000,000
성광벤드 014620 자본잉여금 3,959,250,423 3,959,250,423
성광벤드 014620 자본조정 0 0
성광벤드 014620 기타포괄손익누계액 0 0
성광벤드 014620 이익잉여금(결손금) 0 0
성광벤드 014620 자본총계 424,707,342,506 436,935,017,557
성광벤드 014620 자본과부채총계 0 0
date : 2019-03-31
성광벤드 014620 유동자산 224,618,483,536 225,117,059,625
성광벤드 014620 현금및현금성자산 31,511,386,592 31,856,437,365
성광벤드 014620 매출채권 0 0
성광벤드 014620 재고자산 114,525,239,387 117,198,485,690
성광벤드 014620 기타유동금융자산 0 0
성광벤드 014620 기타유동자산 552,624,837 957,980,959
성광벤드 014620 매각예정비유동자산 0 0
성광벤드 014620 비유동자산 239,876,890,419 240,165,105,833
성광벤드 014620 장기금융상품 0 0
성광벤드 014620 기타포괄손익-공정가치 0 0
성광벤드 014620 당기손익인식공정가치측정금융자산 0 0
성광벤드 014620 종속회사투자 0 0
성광벤드 014620 관계회사투자 0 0
성광벤드 014620 렌탈자산 0 0
성광벤드 014620 유형자산 206,965,136,979 207,582,335,604
성광벤드 014620 무형자산 704,952,260 712,033,453
성광벤드 014620 기타비유동금융자산 0 0
성광벤드 014620 기타비유동자산 0 0
성광벤드 014620 사용권자산 0 0
성광벤드 014620 이연법인세자산 0 0
성광벤드 014620 자산총계 0 0
성광벤드 014620 유동부채 25,795,389,422 26,918,263,104
성광벤드 014620 단기매입채무 0 0
성광벤드 014620 단기차입금 0 0
성광벤드 014620 유동성장기차입금 0 0
성광벤드 014620 유동성사채 0 0
성광벤드 014620 기타유동금융부채 0 0
성광벤드 014620 기타유동부채 605,773,577 930,758,461
성광벤드 014620 당기법인세부채 181,928,178 0
성광벤드 014620 유동리스부채 0 0
성광벤드 014620 비유동부채 14,605,916,542 13,656,559,848
성광벤드 014620 사채 0 0
성광벤드 014620 장기차입금 0 0
성광벤드 014620 기타비유동금융부채 0 0
성광벤드 014620 이연법인세부채 4,124,834,926 3,608,658,929
성광벤드 014620 비유동리스부채 0 0
성광벤드 014620 부채총계 40,401,305,964 40,574,822,952
성광벤드 014620 자본금 14,300,000,000 14,300,000,000
성광벤드 014620 자본잉여금 3,959,250,423 3,959,250,423
성광벤드 014620 자본조정 0 0
성광벤드 014620 기타포괄손익누계액 0 0
성광벤드 014620 이익잉여금(결손금) 0 0
성광벤드 014620 자본총계 424,094,067,991 424,707,342,506
성광벤드 014620 자본과부채총계 0 0
