date : 2019-03-31
동원시스템즈 014820 유동자산 247,529,381,923 226,063,737,428
동원시스템즈 014820 현금및현금성자산 59,660,158,127 56,738,279,748
동원시스템즈 014820 매출채권 및 기타유동채권
동원시스템즈 014820 재고자산 67,026,411,659 69,830,206,458
동원시스템즈 014820 기타유동금융자산 1,261,248,567 1,115,110,956
동원시스템즈 014820 비유동자산 541,984,260,039 516,084,834,493
동원시스템즈 014820 유형자산 216,262,844,983 192,263,562,455
동원시스템즈 014820 무형자산 1,677,159,707 1,740,442,050
동원시스템즈 014820 기타포괄손익-공정가치 측정 금융자산
동원시스템즈 014820 기타비유동자산 9,810,731 3,353,582
동원시스템즈 014820 자산총계 789,513,641,962 742,148,571,921
동원시스템즈 014820 유동부채 312,905,957,128 270,370,501,982
동원시스템즈 014820 유동성장기차입금 130,223,330,000 132,571,660,000
동원시스템즈 014820 단기차입금 60,000,000,000 60,000,000,000
동원시스템즈 014820 기타유동부채 416,808,241 589,461,612
동원시스템즈 014820 유동리스부채 1,222,671,702 0
동원시스템즈 014820 비유동부채 106,759,705,457 105,305,284,517
동원시스템즈 014820 사채 99,708,633,819 99,682,684,514
동원시스템즈 014820 이연법인세부채 3,541,535,361 4,219,243,133
동원시스템즈 014820 부채총계 419,665,662,585 375,675,786,499
동원시스템즈 014820 자본금 129,419,345,000 129,419,345,000
동원시스템즈 014820 이익잉여금(결손금) 119,976,217,830 117,889,443,895
동원시스템즈 014820 자본총계 369,847,979,377 366,472,785,422
동원시스템즈 014820 자본과부채총계 789,513,641,962 742,148,571,921
