date : 2015-12-31
대창단조 015230 유동자산 93,359,095,693 91,907,914,515
대창단조 015230 현금및현금성자산 4,896,280,197 6,544,242,987
대창단조 015230 매출채권 24,185,223,279 26,814,410,774
대창단조 015230 재고자산 17,389,161,090 18,879,464,202
대창단조 015230 기타유동금융자산 0 0
대창단조 015230 기타유동자산 53,738,455 33,603,028
대창단조 015230 매각예정비유동자산 0 0
대창단조 015230 비유동자산 53,851,366,689 49,398,284,001
대창단조 015230 장기금융상품 0 0
대창단조 015230 기타포괄손익-공정가치 0 0
대창단조 015230 당기손익인식공정가치측정금융자산 0 0
대창단조 015230 종속회사투자 0 0
대창단조 015230 관계회사투자 0 0
대창단조 015230 렌탈자산 0 0
대창단조 015230 유형자산 31,824,965,331 33,064,103,423
대창단조 015230 무형자산 801,435,918 866,395,138
대창단조 015230 기타비유동금융자산 0 0
대창단조 015230 기타비유동자산 0 0
대창단조 015230 사용권자산 0 0
대창단조 015230 이연법인세자산 0 0
대창단조 015230 자산총계 147,210,462,382 141,306,198,516
대창단조 015230 유동부채 18,490,925,748 22,324,561,682
대창단조 015230 단기매입채무 0 0
대창단조 015230 단기차입금 0 0
대창단조 015230 유동성장기차입금 0 0
대창단조 015230 유동성사채 0 0
대창단조 015230 기타유동금융부채 0 0
대창단조 015230 기타유동부채 751,923,443 1,091,482,667
대창단조 015230 당기법인세부채 2,751,122,944 1,789,149,258
대창단조 015230 유동리스부채 0 0
대창단조 015230 비유동부채 2,349,243,634 2,323,932,095
대창단조 015230 사채 0 0
대창단조 015230 장기차입금 0 0
대창단조 015230 기타비유동금융부채 0 0
대창단조 015230 이연법인세부채 1,653,059,550 1,601,385,219
대창단조 015230 비유동리스부채 0 0
대창단조 015230 부채총계 20,840,169,382 24,648,493,777
대창단조 015230 자본금 10,000,000,000 10,000,000,000
대창단조 015230 자본잉여금 4,431,548,131 4,431,548,131
대창단조 015230 자본조정 0 0
대창단조 015230 기타포괄손익누계액 0 0
대창단조 015230 이익잉여금(결손금) 0 0
대창단조 015230 자본총계 126,370,293,000 116,657,704,739
대창단조 015230 자본과부채총계 147,210,462,382 141,306,198,516
date : 2016-03-31
대창단조 015230 유동자산 94,921,343,460 93,359,095,693
대창단조 015230 현금및현금성자산 4,183,222,532 4,896,280,197
대창단조 015230 매출채권 27,156,954,516 24,185,223,279
대창단조 015230 재고자산 17,623,069,129 17,389,161,090
대창단조 015230 기타유동금융자산 0 0
대창단조 015230 기타유동자산 19,781,595 53,738,455
대창단조 015230 매각예정비유동자산 0 0
대창단조 015230 비유동자산 53,732,711,950 53,851,366,689
대창단조 015230 장기금융상품 0 0
대창단조 015230 기타포괄손익-공정가치 0 0
대창단조 015230 당기손익인식공정가치측정금융자산 0 0
대창단조 015230 종속회사투자 0 0
대창단조 015230 관계회사투자 0 0
대창단조 015230 렌탈자산 0 0
대창단조 015230 유형자산 31,671,476,146 31,824,965,331
대창단조 015230 무형자산 836,270,364 801,435,918
대창단조 015230 기타비유동금융자산 0 0
대창단조 015230 기타비유동자산 0 0
대창단조 015230 사용권자산 0 0
대창단조 015230 이연법인세자산 0 0
대창단조 015230 자산총계 148,654,055,410 147,210,462,382
대창단조 015230 유동부채 19,401,225,118 18,490,925,748
대창단조 015230 단기매입채무 0 0
대창단조 015230 단기차입금 0 0
대창단조 015230 유동성장기차입금 0 0
대창단조 015230 유동성사채 0 0
대창단조 015230 기타유동금융부채 0 0
대창단조 015230 기타유동부채 906,376,940 751,923,443
대창단조 015230 당기법인세부채 2,319,378,231 2,751,122,944
대창단조 015230 유동리스부채 0 0
대창단조 015230 비유동부채 2,691,236,901 2,349,243,634
대창단조 015230 사채 0 0
대창단조 015230 장기차입금 0 0
대창단조 015230 기타비유동금융부채 0 0
대창단조 015230 이연법인세부채 1,654,570,868 1,653,059,550
대창단조 015230 비유동리스부채 0 0
대창단조 015230 부채총계 22,092,462,019 20,840,169,382
대창단조 015230 자본금 10,000,000,000 10,000,000,000
대창단조 015230 자본잉여금 4,431,548,131 4,431,548,131
대창단조 015230 자본조정 0 0
대창단조 015230 기타포괄손익누계액 0 0
대창단조 015230 이익잉여금(결손금) 0 0
대창단조 015230 자본총계 126,561,593,391 126,370,293,000
대창단조 015230 자본과부채총계 148,654,055,410 147,210,462,382
date : 2016-06-30
대창단조 015230 유동자산 100,576,284,351 93,359,095,693
대창단조 015230 현금및현금성자산 5,264,242,694 4,896,280,197
대창단조 015230 매출채권 33,841,156,444 24,185,223,279
대창단조 015230 재고자산 19,623,661,421 17,389,161,090
대창단조 015230 기타유동금융자산 0 0
대창단조 015230 기타유동자산 33,129,647 53,738,455
대창단조 015230 매각예정비유동자산 0 0
대창단조 015230 비유동자산 53,263,854,361 53,851,366,689
대창단조 015230 장기금융상품 0 0
대창단조 015230 기타포괄손익-공정가치 0 0
대창단조 015230 당기손익인식공정가치측정금융자산 0 0
대창단조 015230 종속회사투자 0 0
대창단조 015230 관계회사투자 0 0
대창단조 015230 렌탈자산 0 0
대창단조 015230 유형자산 31,182,148,971 31,824,965,331
대창단조 015230 무형자산 856,739,950 801,435,918
대창단조 015230 기타비유동금융자산 0 0
대창단조 015230 기타비유동자산 0 0
대창단조 015230 사용권자산 0 0
대창단조 015230 이연법인세자산 0 0
대창단조 015230 자산총계 153,840,138,712 147,210,462,382
대창단조 015230 유동부채 18,777,032,277 18,490,925,748
대창단조 015230 단기매입채무 0 0
대창단조 015230 단기차입금 0 0
대창단조 015230 유동성장기차입금 0 0
대창단조 015230 유동성사채 0 0
대창단조 015230 기타유동금융부채 0 0
대창단조 015230 기타유동부채 760,487,649 751,923,443
대창단조 015230 당기법인세부채 2,372,157,429 2,751,122,944
대창단조 015230 유동리스부채 0 0
대창단조 015230 비유동부채 2,848,754,964 2,349,243,634
대창단조 015230 사채 0 0
대창단조 015230 장기차입금 0 0
대창단조 015230 기타비유동금융부채 0 0
대창단조 015230 이연법인세부채 1,566,240,993 1,653,059,550
대창단조 015230 비유동리스부채 0 0
대창단조 015230 부채총계 21,625,787,241 20,840,169,382
대창단조 015230 자본금 10,000,000,000 10,000,000,000
대창단조 015230 자본잉여금 4,431,548,131 4,431,548,131
대창단조 015230 자본조정 0 0
대창단조 015230 기타포괄손익누계액 0 0
대창단조 015230 이익잉여금(결손금) 0 0
대창단조 015230 자본총계 132,214,351,471 126,370,293,000
대창단조 015230 자본과부채총계 153,840,138,712 147,210,462,382
date : 2016-09-30
대창단조 015230 유동자산 99,734,178,220 93,359,095,693
대창단조 015230 현금및현금성자산 3,061,931,051 4,896,280,197
대창단조 015230 매출채권 31,699,201,895 24,185,223,279
대창단조 015230 재고자산 22,943,790,486 17,389,161,090
대창단조 015230 기타유동금융자산 0 0
대창단조 015230 기타유동자산 23,568,953 53,738,455
대창단조 015230 매각예정비유동자산 0 0
대창단조 015230 비유동자산 53,052,668,759 53,851,366,689
대창단조 015230 장기금융상품 0 0
대창단조 015230 기타포괄손익-공정가치 0 0
대창단조 015230 당기손익인식공정가치측정금융자산 0 0
대창단조 015230 종속회사투자 0 0
대창단조 015230 관계회사투자 0 0
대창단조 015230 렌탈자산 0 0
대창단조 015230 유형자산 30,558,747,116 31,824,965,331
대창단조 015230 무형자산 1,093,456,203 801,435,918
대창단조 015230 기타비유동금융자산 0 0
대창단조 015230 기타비유동자산 0 0
대창단조 015230 사용권자산 0 0
대창단조 015230 이연법인세자산 0 0
대창단조 015230 자산총계 152,786,846,979 147,210,462,382
대창단조 015230 유동부채 14,931,631,240 18,490,925,748
대창단조 015230 단기매입채무 0 0
대창단조 015230 단기차입금 0 0
대창단조 015230 유동성장기차입금 0 0
대창단조 015230 유동성사채 0 0
대창단조 015230 기타유동금융부채 0 0
대창단조 015230 기타유동부채 791,732,529 751,923,443
대창단조 015230 당기법인세부채 1,099,862,634 2,751,122,944
대창단조 015230 유동리스부채 0 0
대창단조 015230 비유동부채 3,108,037,897 2,349,243,634
대창단조 015230 사채 0 0
대창단조 015230 장기차입금 0 0
대창단조 015230 기타비유동금융부채 0 0
대창단조 015230 이연법인세부채 1,467,523,258 1,653,059,550
대창단조 015230 비유동리스부채 0 0
대창단조 015230 부채총계 18,039,669,137 20,840,169,382
대창단조 015230 자본금 10,000,000,000 10,000,000,000
대창단조 015230 자본잉여금 4,431,548,131 4,431,548,131
대창단조 015230 자본조정 0 0
대창단조 015230 기타포괄손익누계액 0 0
대창단조 015230 이익잉여금(결손금) 0 0
대창단조 015230 자본총계 134,747,177,842 126,370,293,000
대창단조 015230 자본과부채총계 152,786,846,979 147,210,462,382
date : 2016-12-31
대창단조 015230 유동자산 107,517,117,410 93,359,095,693
대창단조 015230 현금및현금성자산 5,969,018,307 4,896,280,197
대창단조 015230 매출채권 41,862,420,404 24,185,223,279
대창단조 015230 재고자산 22,227,662,207 17,389,161,090
대창단조 015230 기타유동금융자산 0 0
대창단조 015230 기타유동자산 166,244,663 53,738,455
대창단조 015230 매각예정비유동자산 0 0
대창단조 015230 비유동자산 54,890,982,642 53,851,366,689
대창단조 015230 장기금융상품 0 0
대창단조 015230 기타포괄손익-공정가치 0 0
대창단조 015230 당기손익인식공정가치측정금융자산 0 0
대창단조 015230 종속회사투자 0 0
대창단조 015230 관계회사투자 0 0
대창단조 015230 렌탈자산 0 0
대창단조 015230 유형자산 35,706,940,415 31,824,965,331
대창단조 015230 무형자산 1,080,256,787 801,435,918
대창단조 015230 기타비유동금융자산 0 0
대창단조 015230 기타비유동자산 0 0
대창단조 015230 사용권자산 0 0
대창단조 015230 이연법인세자산 0 0
대창단조 015230 자산총계 162,408,100,052 147,210,462,382
대창단조 015230 유동부채 19,219,712,907 18,490,925,748
대창단조 015230 단기매입채무 0 0
대창단조 015230 단기차입금 0 0
대창단조 015230 유동성장기차입금 0 0
대창단조 015230 유동성사채 0 0
대창단조 015230 기타유동금융부채 0 0
대창단조 015230 기타유동부채 981,456,044 751,923,443
대창단조 015230 당기법인세부채 2,068,598,781 2,751,122,944
대창단조 015230 유동리스부채 0 0
대창단조 015230 비유동부채 2,518,693,762 2,349,243,634
대창단조 015230 사채 0 0
대창단조 015230 장기차입금 0 0
대창단조 015230 기타비유동금융부채 0 0
대창단조 015230 이연법인세부채 2,357,827,796 1,653,059,550
대창단조 015230 비유동리스부채 0 0
대창단조 015230 부채총계 21,738,406,669 20,840,169,382
대창단조 015230 자본금 10,000,000,000 10,000,000,000
대창단조 015230 자본잉여금 6,201,417,232 4,431,548,131
대창단조 015230 자본조정 0 0
대창단조 015230 기타포괄손익누계액 0 0
대창단조 015230 이익잉여금(결손금) 0 0
대창단조 015230 자본총계 140,669,693,383 126,370,293,000
대창단조 015230 자본과부채총계 162,408,100,052 147,210,462,382
date : 2017-03-31
대창단조 015230 유동자산 110,010,895,826 107,517,117,410
대창단조 015230 현금및현금성자산 6,616,624,822 5,969,018,307
대창단조 015230 매출채권 42,132,343,106 41,862,420,404
대창단조 015230 재고자산 23,028,378,239 22,227,662,207
대창단조 015230 기타유동금융자산 0 0
대창단조 015230 기타유동자산 179,851,523 166,244,663
대창단조 015230 매각예정비유동자산 0 0
대창단조 015230 비유동자산 54,463,178,247 54,890,982,642
대창단조 015230 장기금융상품 0 0
대창단조 015230 기타포괄손익-공정가치 0 0
대창단조 015230 당기손익인식공정가치측정금융자산 0 0
대창단조 015230 종속회사투자 0 0
대창단조 015230 관계회사투자 0 0
대창단조 015230 렌탈자산 0 0
대창단조 015230 유형자산 35,292,169,769 35,706,940,415
대창단조 015230 무형자산 1,067,223,038 1,080,256,787
대창단조 015230 기타비유동금융자산 0 0
대창단조 015230 기타비유동자산 0 0
대창단조 015230 사용권자산 0 0
대창단조 015230 이연법인세자산 0 0
대창단조 015230 자산총계 164,474,074,073 162,408,100,052
대창단조 015230 유동부채 22,007,237,323 19,219,712,907
대창단조 015230 단기매입채무 0 0
대창단조 015230 단기차입금 0 0
대창단조 015230 유동성장기차입금 0 0
대창단조 015230 유동성사채 0 0
대창단조 015230 기타유동금융부채 0 0
대창단조 015230 기타유동부채 308,724,608 981,456,044
대창단조 015230 당기법인세부채 1,953,779,959 2,068,598,781
대창단조 015230 유동리스부채 0 0
대창단조 015230 비유동부채 2,612,539,762 2,518,693,762
대창단조 015230 사채 0 0
대창단조 015230 장기차입금 0 0
대창단조 015230 기타비유동금융부채 0 0
대창단조 015230 이연법인세부채 2,242,873,580 2,357,827,796
대창단조 015230 비유동리스부채 0 0
대창단조 015230 부채총계 24,619,777,085 21,738,406,669
대창단조 015230 자본금 10,000,000,000 10,000,000,000
대창단조 015230 자본잉여금 6,201,417,232 6,201,417,232
대창단조 015230 자본조정 0 0
대창단조 015230 기타포괄손익누계액 0 0
대창단조 015230 이익잉여금(결손금) 0 0
대창단조 015230 자본총계 139,854,296,988 140,669,693,383
대창단조 015230 자본과부채총계 164,474,074,073 162,408,100,052
date : 2017-06-30
대창단조 015230 유동자산 111,565,278,551 107,517,117,410
대창단조 015230 현금및현금성자산 7,469,656,480 5,969,018,307
대창단조 015230 매출채권 39,050,031,483 41,862,420,404
대창단조 015230 재고자산 25,550,027,733 22,227,662,207
대창단조 015230 기타유동금융자산 0 0
대창단조 015230 기타유동자산 198,169,792 166,244,663
대창단조 015230 매각예정비유동자산 0 0
대창단조 015230 비유동자산 54,048,130,572 54,890,982,642
대창단조 015230 장기금융상품 0 0
대창단조 015230 기타포괄손익-공정가치 0 0
대창단조 015230 당기손익인식공정가치측정금융자산 0 0
대창단조 015230 종속회사투자 0 0
대창단조 015230 관계회사투자 0 0
대창단조 015230 렌탈자산 0 0
대창단조 015230 유형자산 34,307,748,131 35,706,940,415
대창단조 015230 무형자산 1,636,597,001 1,080,256,787
대창단조 015230 기타비유동금융자산 0 0
대창단조 015230 기타비유동자산 0 0
대창단조 015230 사용권자산 0 0
대창단조 015230 이연법인세자산 0 0
대창단조 015230 자산총계 165,613,409,123 162,408,100,052
대창단조 015230 유동부채 19,303,557,270 19,219,712,907
대창단조 015230 단기매입채무 0 0
대창단조 015230 단기차입금 0 0
대창단조 015230 유동성장기차입금 0 0
대창단조 015230 유동성사채 0 0
대창단조 015230 기타유동금융부채 0 0
대창단조 015230 기타유동부채 438,102,764 981,456,044
대창단조 015230 당기법인세부채 1,683,168,856 2,068,598,781
대창단조 015230 유동리스부채 0 0
대창단조 015230 비유동부채 2,858,977,212 2,518,693,762
대창단조 015230 사채 0 0
대창단조 015230 장기차입금 0 0
대창단조 015230 기타비유동금융부채 0 0
대창단조 015230 이연법인세부채 2,156,228,281 2,357,827,796
대창단조 015230 비유동리스부채 0 0
대창단조 015230 부채총계 22,162,534,482 21,738,406,669
대창단조 015230 자본금 10,000,000,000 10,000,000,000
대창단조 015230 자본잉여금 6,201,417,232 6,201,417,232
대창단조 015230 자본조정 0 0
대창단조 015230 기타포괄손익누계액 0 0
대창단조 015230 이익잉여금(결손금) 0 0
대창단조 015230 자본총계 143,450,874,641 140,669,693,383
대창단조 015230 자본과부채총계 165,613,409,123 162,408,100,052
date : 2017-09-30
대창단조 015230 유동자산 118,662,251,730 107,517,117,410
대창단조 015230 현금및현금성자산 7,189,067,734 5,969,018,307
대창단조 015230 매출채권 및 기타유동채권
대창단조 015230 재고자산 31,438,197,682 22,227,662,207
대창단조 015230 기타유동금융자산 39,003,804,000 36,008,270,000
대창단조 015230 기타유동자산 190,853,601 166,244,663
대창단조 015230 매각예정비유동자산 0 0
대창단조 015230 비유동자산 53,907,326,452 54,890,982,642
대창단조 015230 장기금융상품 0 0
대창단조 015230 기타포괄손익-공정가치 0 0
대창단조 015230 당기손익인식공정가치측정금융자산 0 0
대창단조 015230 종속회사투자 0 0
대창단조 015230 관계회사투자 0 0
대창단조 015230 렌탈자산 0 0
대창단조 015230 유형자산 34,210,630,800 35,706,940,415
대창단조 015230 무형자산 1,592,910,212 1,080,256,787
대창단조 015230 기타비유동금융자산 7,540,380 7,540,380
대창단조 015230 기타비유동자산 0 0
대창단조 015230 사용권자산 0 0
대창단조 015230 이연법인세자산 0 0
대창단조 015230 자산총계 172,569,578,182 162,408,100,052
대창단조 015230 유동부채 22,888,647,609 19,219,712,907
대창단조 015230 단기매입채무 0 0
대창단조 015230 단기차입금 0 0
대창단조 015230 유동성장기차입금 0 0
대창단조 015230 유동성사채 0 0
대창단조 015230 기타유동금융부채 403,321,277 981,456,044
대창단조 015230 기타유동부채 0 0
대창단조 015230 당기법인세부채 1,709,721,993 2,068,598,781
대창단조 015230 유동리스부채 0 0
대창단조 015230 비유동부채 2,896,533,639 2,518,693,762
대창단조 015230 사채 0 0
대창단조 015230 장기차입금 0 0
대창단조 015230 기타비유동금융부채 0 0
대창단조 015230 이연법인세부채 2,113,960,436 2,357,827,796
대창단조 015230 비유동리스부채 0 0
대창단조 015230 부채총계 25,785,181,248 21,738,406,669
대창단조 015230 자본금 10,000,000,000 10,000,000,000
대창단조 015230 자본잉여금 6,201,417,232 6,201,417,232
대창단조 015230 자본조정 0 0
대창단조 015230 기타포괄손익누계액 0 0
대창단조 015230 이익잉여금(결손금) 130,582,979,702 124,468,276,151
대창단조 015230 자본총계 146,784,396,934 140,669,693,383
대창단조 015230 자본과부채총계 172,569,578,182 162,408,100,052
date : 2017-12-31
대창단조 015230 유동자산 119,929,940,714 107,517,117,410
대창단조 015230 현금및현금성자산 12,489,629,860 5,969,018,307
대창단조 015230 매출채권 및 기타유동채권
대창단조 015230 재고자산 29,909,865,694 22,227,662,207
대창단조 015230 기타유동금융자산 0 0
대창단조 015230 기타유동자산 224,012,839 166,244,663
대창단조 015230 매각예정비유동자산 0 0
대창단조 015230 비유동자산 52,886,234,199 54,890,982,642
대창단조 015230 장기금융상품 0 0
대창단조 015230 기타포괄손익-공정가치 0 0
대창단조 015230 당기손익인식공정가치측정금융자산 0 0
대창단조 015230 종속회사투자 0 0
대창단조 015230 관계회사투자 0 0
대창단조 015230 렌탈자산 0 0
대창단조 015230 유형자산 33,215,676,446 35,706,940,415
대창단조 015230 무형자산 1,568,112,313 1,080,256,787
대창단조 015230 기타비유동금융자산 0 0
대창단조 015230 기타비유동자산 0 0
대창단조 015230 사용권자산 0 0
대창단조 015230 이연법인세자산 0 0
대창단조 015230 자산총계 172,816,174,913 162,408,100,052
대창단조 015230 유동부채 21,901,819,574 19,219,712,907
대창단조 015230 단기매입채무 0 0
대창단조 015230 단기차입금 0 0
대창단조 015230 유동성장기차입금 0 0
대창단조 015230 유동성사채 0 0
대창단조 015230 기타유동금융부채 115,050,806 981,456,044
대창단조 015230 기타유동부채 0 0
대창단조 015230 당기법인세부채 1,564,690,482 2,068,598,781
대창단조 015230 유동리스부채 0 0
대창단조 015230 비유동부채 2,660,262,340 2,518,693,762
대창단조 015230 사채 0 0
대창단조 015230 장기차입금 0 0
대창단조 015230 기타비유동금융부채 0 0
대창단조 015230 이연법인세부채 2,286,123,467 2,357,827,796
대창단조 015230 비유동리스부채 0 0
대창단조 015230 부채총계 24,562,081,914 21,738,406,669
대창단조 015230 자본금 10,000,000,000 10,000,000,000
대창단조 015230 자본잉여금 6,201,417,232 6,201,417,232
대창단조 015230 자본조정 0 0
대창단조 015230 기타포괄손익누계액 0 0
대창단조 015230 이익잉여금(결손금) 0 0
대창단조 015230 자본총계 148,254,092,999 140,669,693,383
대창단조 015230 자본과부채총계 172,816,174,913 162,408,100,052
date : 2018-03-31
대창단조 015230 유동자산 128,802,653,170 119,929,940,714
대창단조 015230 현금및현금성자산 5,938,039,447 12,489,629,860
대창단조 015230 매출채권 및 기타유동채권
대창단조 015230 재고자산 35,964,697,347 29,909,865,694
대창단조 015230 기타유동금융자산 0 0
대창단조 015230 기타유동자산 213,348,402 224,012,839
대창단조 015230 매각예정비유동자산 0 0
대창단조 015230 비유동자산 52,627,918,079 52,886,234,199
대창단조 015230 장기금융상품 0 0
대창단조 015230 기타포괄손익-공정가치 0 0
대창단조 015230 당기손익인식공정가치측정금융자산 0 0
대창단조 015230 종속회사투자 0 0
대창단조 015230 관계회사투자 0 0
대창단조 015230 렌탈자산 0 0
대창단조 015230 유형자산 32,950,767,110 33,215,676,446
대창단조 015230 무형자산 1,574,705,529 1,568,112,313
대창단조 015230 기타비유동금융자산 0 0
대창단조 015230 기타비유동자산 0 0
대창단조 015230 사용권자산 0 0
대창단조 015230 이연법인세자산 0 0
대창단조 015230 자산총계 181,430,571,249 172,816,174,913
대창단조 015230 유동부채 29,687,974,969 21,901,819,574
대창단조 015230 단기매입채무 0 0
대창단조 015230 단기차입금 0 0
대창단조 015230 유동성장기차입금 0 0
대창단조 015230 유동성사채 0 0
대창단조 015230 기타유동금융부채 266,456,980 115,050,806
대창단조 015230 기타유동부채 0 0
대창단조 015230 당기법인세부채 2,141,647,516 1,564,690,482
대창단조 015230 유동리스부채 0 0
대창단조 015230 비유동부채 3,059,843,797 2,660,262,340
대창단조 015230 사채 0 0
대창단조 015230 장기차입금 0 0
대창단조 015230 기타비유동금융부채 0 0
대창단조 015230 이연법인세부채 2,315,021,602 2,286,123,467
대창단조 015230 비유동리스부채 0 0
대창단조 015230 부채총계 32,747,818,766 24,562,081,914
대창단조 015230 자본금 10,000,000,000 10,000,000,000
대창단조 015230 자본잉여금 6,201,417,232 6,201,417,232
대창단조 015230 자본조정 0 0
대창단조 015230 기타포괄손익누계액 0 0
대창단조 015230 이익잉여금(결손금) 0 0
대창단조 015230 자본총계 148,682,752,483 148,254,092,999
대창단조 015230 자본과부채총계 181,430,571,249 172,816,174,913
date : 2018-06-30
대창단조 015230 유동자산 121,531,126,741 119,929,940,714
대창단조 015230 현금및현금성자산 13,890,201,200 12,489,629,860
대창단조 015230 매출채권 및 기타유동채권
대창단조 015230 재고자산 35,054,705,503 29,909,865,694
대창단조 015230 기타유동금융자산 0 0
대창단조 015230 기타유동자산 226,982,682 224,012,839
대창단조 015230 매각예정비유동자산 0 0
대창단조 015230 비유동자산 53,064,543,397 52,886,234,199
대창단조 015230 장기금융상품 0 0
대창단조 015230 기타포괄손익-공정가치 0 0
대창단조 015230 당기손익인식공정가치측정금융자산 0 0
대창단조 015230 종속회사투자 0 0
대창단조 015230 관계회사투자 0 0
대창단조 015230 렌탈자산 0 0
대창단조 015230 유형자산 32,543,464,542 33,215,676,446
대창단조 015230 무형자산 1,528,233,415 1,568,112,313
대창단조 015230 기타비유동금융자산 0 0
대창단조 015230 기타비유동자산 0 0
대창단조 015230 사용권자산 0 0
대창단조 015230 이연법인세자산 0 0
대창단조 015230 자산총계 174,595,670,138 172,816,174,913
대창단조 015230 유동부채 20,122,790,143 21,901,819,574
대창단조 015230 단기매입채무 0 0
대창단조 015230 단기차입금 758,434,821 2,473,869,503
대창단조 015230 유동성장기차입금 0 0
대창단조 015230 유동성사채 0 0
대창단조 015230 기타유동금융부채 416,089,701 115,050,806
대창단조 015230 기타유동부채 0 0
대창단조 015230 당기법인세부채 1,396,842,317 1,564,690,482
대창단조 015230 유동리스부채 0 0
대창단조 015230 비유동부채 2,899,616,812 2,660,262,340
대창단조 015230 사채 0 0
대창단조 015230 장기차입금 0 0
대창단조 015230 기타비유동금융부채 0 0
대창단조 015230 이연법인세부채 2,276,876,961 2,286,123,467
대창단조 015230 비유동리스부채 0 0
대창단조 015230 부채총계 23,022,406,955 24,562,081,914
대창단조 015230 자본금 10,000,000,000 10,000,000,000
대창단조 015230 자본잉여금 6,201,417,232 6,201,417,232
대창단조 015230 자본조정 0 0
대창단조 015230 기타포괄손익누계액 0 0
대창단조 015230 이익잉여금(결손금) 0 0
대창단조 015230 자본총계 151,573,263,183 148,254,092,999
대창단조 015230 자본과부채총계 174,595,670,138 172,816,174,913
date : 2018-09-30
대창단조 015230 유동자산 123,302,011,118 119,929,940,714
대창단조 015230 현금및현금성자산 9,526,375,491 12,489,629,860
대창단조 015230 매출채권 및 기타유동채권
대창단조 015230 재고자산 40,325,103,870 29,909,865,694
대창단조 015230 기타유동금융자산 0 0
대창단조 015230 기타유동자산 1,900,019,355 224,012,839
대창단조 015230 매각예정비유동자산 0 0
대창단조 015230 비유동자산 53,841,282,169 52,886,234,199
대창단조 015230 장기금융상품 0 0
대창단조 015230 기타포괄손익-공정가치 0 0
대창단조 015230 당기손익인식공정가치측정금융자산 0 0
대창단조 015230 종속회사투자 0 0
대창단조 015230 관계회사투자 0 0
대창단조 015230 렌탈자산 0 0
대창단조 015230 유형자산 33,367,610,761 33,215,676,446
대창단조 015230 무형자산 1,480,825,968 1,568,112,313
대창단조 015230 기타비유동금융자산 0 0
대창단조 015230 기타비유동자산 0 0
대창단조 015230 사용권자산 0 0
대창단조 015230 이연법인세자산 0 0
대창단조 015230 자산총계 177,143,293,287 172,816,174,913
대창단조 015230 유동부채 21,163,279,183 21,901,819,574
대창단조 015230 단기매입채무 0 0
대창단조 015230 단기차입금 697,349,122 2,473,869,503
대창단조 015230 유동성장기차입금 0 0
대창단조 015230 유동성사채 0 0
대창단조 015230 기타유동금융부채 523,888,206 115,050,806
대창단조 015230 기타유동부채 0 0
대창단조 015230 당기법인세부채 1,128,786,021 1,564,690,482
대창단조 015230 유동리스부채 0 0
대창단조 015230 비유동부채 3,018,035,402 2,660,262,340
대창단조 015230 사채 0 0
대창단조 015230 장기차입금 0 0
대창단조 015230 기타비유동금융부채 0 0
대창단조 015230 이연법인세부채 2,221,712,095 2,286,123,467
대창단조 015230 비유동리스부채 0 0
대창단조 015230 부채총계 24,181,314,585 24,562,081,914
대창단조 015230 자본금 10,000,000,000 10,000,000,000
대창단조 015230 자본잉여금 6,201,417,232 6,201,417,232
대창단조 015230 자본조정 0 0
대창단조 015230 기타포괄손익누계액 0 0
대창단조 015230 이익잉여금(결손금) 0 0
대창단조 015230 자본총계 152,961,978,702 148,254,092,999
대창단조 015230 자본과부채총계 177,143,293,287 172,816,174,913
date : 2018-12-31
대창단조 015230 유동자산 120,977,690,531 119,929,940,714
대창단조 015230 현금및현금성자산 10,413,923,302 12,489,629,860
대창단조 015230 매출채권 및 기타유동채권
대창단조 015230 재고자산 36,997,164,880 29,909,865,694
대창단조 015230 기타유동금융자산 0 0
대창단조 015230 기타유동자산 1,548,379,854 224,012,839
대창단조 015230 매각예정비유동자산 0 0
대창단조 015230 비유동자산 55,513,949,488 52,886,234,199
대창단조 015230 장기금융상품 0 0
대창단조 015230 기타포괄손익-공정가치 0 0
대창단조 015230 당기손익인식공정가치측정금융자산 0 0
대창단조 015230 종속회사투자 0 0
대창단조 015230 관계회사투자 0 0
대창단조 015230 렌탈자산 0 0
대창단조 015230 유형자산 33,169,215,728 33,215,676,446
대창단조 015230 무형자산 1,433,418,520 1,568,112,313
대창단조 015230 기타비유동금융자산 0 0
대창단조 015230 기타비유동자산 0 0
대창단조 015230 사용권자산 0 0
대창단조 015230 이연법인세자산 0 0
대창단조 015230 자산총계 176,491,640,019 172,816,174,913
대창단조 015230 유동부채 19,072,865,493 21,901,819,574
대창단조 015230 단기매입채무 0 0
대창단조 015230 단기차입금 810,399,655 2,473,869,503
대창단조 015230 유동성장기차입금 0 0
대창단조 015230 유동성사채 0 0
대창단조 015230 기타유동금융부채 638,062,088 115,050,806
대창단조 015230 기타유동부채 0 0
대창단조 015230 당기법인세부채 1,010,323,399 1,564,690,482
대창단조 015230 유동리스부채 0 0
대창단조 015230 비유동부채 2,860,182,180 2,660,262,340
대창단조 015230 사채 0 0
대창단조 015230 장기차입금 0 0
대창단조 015230 기타비유동금융부채 0 0
대창단조 015230 이연법인세부채 2,173,485,321 2,286,123,467
대창단조 015230 비유동리스부채 0 0
대창단조 015230 부채총계 21,933,047,673 24,562,081,914
대창단조 015230 자본금 10,000,000,000 10,000,000,000
대창단조 015230 자본잉여금 6,201,417,232 6,201,417,232
대창단조 015230 자본조정 317,100,500 0
대창단조 015230 기타포괄손익누계액 0 0
대창단조 015230 이익잉여금(결손금) 0 0
대창단조 015230 자본총계 154,558,592,346 148,254,092,999
대창단조 015230 자본과부채총계 176,491,640,019 172,816,174,913
date : 2019-03-31
대창단조 015230 유동자산 125,746,946,737 120,977,690,531
대창단조 015230 현금및현금성자산 6,544,287,191 10,413,923,302
대창단조 015230 매출채권 및 기타유동채권
대창단조 015230 재고자산 38,975,620,481 36,997,164,880
대창단조 015230 기타유동금융자산 0 0
대창단조 015230 기타유동자산 1,695,444,789 1,548,379,854
대창단조 015230 매각예정비유동자산 0 0
대창단조 015230 비유동자산 55,930,839,427 55,513,949,488
대창단조 015230 장기금융상품 0 0
대창단조 015230 기타포괄손익-공정가치 0 0
대창단조 015230 당기손익인식공정가치측정금융자산 0 0
대창단조 015230 종속회사투자 0 0
대창단조 015230 관계회사투자 0 0
대창단조 015230 렌탈자산 0 0
대창단조 015230 유형자산 33,603,005,928 33,169,215,728
대창단조 015230 무형자산 1,411,535,849 1,433,418,520
대창단조 015230 기타비유동금융자산 0 0
대창단조 015230 기타비유동자산 0 0
대창단조 015230 사용권자산 0 0
대창단조 015230 이연법인세자산 0 0
대창단조 015230 자산총계 181,677,786,164 176,491,640,019
대창단조 015230 유동부채 24,390,299,909 19,072,865,493
대창단조 015230 단기매입채무 0 0
대창단조 015230 단기차입금 444,383,124 810,399,655
대창단조 015230 유동성장기차입금 0 0
대창단조 015230 유동성사채 0 0
대창단조 015230 기타유동금융부채 569,384,481 638,062,088
대창단조 015230 기타유동부채 0 0
대창단조 015230 당기법인세부채 1,926,164,093 1,010,323,399
대창단조 015230 유동리스부채 0 0
대창단조 015230 비유동부채 4,052,679,146 2,860,182,180
대창단조 015230 사채 0 0
대창단조 015230 장기차입금 0 0
대창단조 015230 기타비유동금융부채 0 0
대창단조 015230 이연법인세부채 1,854,014,806 2,173,485,321
대창단조 015230 비유동리스부채 0 0
대창단조 015230 부채총계 28,442,979,055 21,933,047,673
대창단조 015230 자본금 10,000,000,000 10,000,000,000
대창단조 015230 자본잉여금 6,201,417,232 6,201,417,232
대창단조 015230 자본조정 1,994,747,850 317,100,500
대창단조 015230 기타포괄손익누계액 0 0
대창단조 015230 이익잉여금(결손금) 0 0
대창단조 015230 자본총계 153,234,807,109 154,558,592,346
대창단조 015230 자본과부채총계 181,677,786,164 176,491,640,019
