date : 2015-12-31
에이엔피 015260 유동자산 43,556,689,908 42,939,813,700
에이엔피 015260 현금및현금성자산 4,558,971,989 6,333,267,564
에이엔피 015260 매출채권 및 기타유동채권
에이엔피 015260 재고자산 20,516,330,085 18,088,849,170
에이엔피 015260 기타유동금융자산 2,096,750,855 2,240,625,100
에이엔피 015260 기타유동자산 509,288,738 646,487,825
에이엔피 015260 매각예정비유동자산 0 0
에이엔피 015260 비유동자산 65,605,011,820 57,868,392,803
에이엔피 015260 장기금융상품 0 0
에이엔피 015260 기타포괄손익-공정가치 0 0
에이엔피 015260 당기손익인식공정가치측정금융자산 0 0
에이엔피 015260 종속회사투자 0 0
에이엔피 015260 관계회사투자 0 0
에이엔피 015260 렌탈자산 0 0
에이엔피 015260 유형자산 39,486,955,906 36,227,446,022
에이엔피 015260 무형자산 628,029,000 1,054,468,600
에이엔피 015260 기타비유동금융자산 2,134,603,380 2,196,581,980
에이엔피 015260 기타비유동자산 191,710,391 383,420,787
에이엔피 015260 사용권자산 0 0
에이엔피 015260 이연법인세자산 0 0
에이엔피 015260 자산총계 109,161,701,728 100,808,206,503
에이엔피 015260 유동부채 36,290,369,577 20,746,920,788
에이엔피 015260 단기매입채무 0 0
에이엔피 015260 단기차입금 24,939,035,394 10,500,850,528
에이엔피 015260 유동성장기차입금 0 0
에이엔피 015260 유동성사채 0 0
에이엔피 015260 기타유동금융부채 0 0
에이엔피 015260 기타유동부채 26,132,231 52,134,279
에이엔피 015260 당기법인세부채 0 0
에이엔피 015260 유동리스부채 0 0
에이엔피 015260 비유동부채 15,238,795,861 23,407,663,740
에이엔피 015260 사채 5,000,000,000 0
에이엔피 015260 장기차입금 5,976,462,713 9,622,790,409
에이엔피 015260 기타비유동금융부채 0 0
에이엔피 015260 이연법인세부채 0 0
에이엔피 015260 비유동리스부채 0 0
에이엔피 015260 부채총계 51,529,165,438 44,154,584,528
에이엔피 015260 자본금 21,614,326,000 20,747,969,000
에이엔피 015260 자본잉여금 0 0
에이엔피 015260 자본조정 0 0
에이엔피 015260 기타포괄손익누계액 0 0
에이엔피 015260 이익잉여금(결손금) 6,687,922,770 -5,418,783,065
에이엔피 015260 자본총계 57,632,536,290 56,653,621,975
에이엔피 015260 자본과부채총계 109,161,701,728 100,808,206,503
date : 2016-03-31
에이엔피 015260 유동자산 42,815,078,961 43,556,689,908
에이엔피 015260 현금및현금성자산 3,230,093,682 4,558,971,989
에이엔피 015260 매출채권 및 기타유동채권
에이엔피 015260 재고자산 21,466,758,929 20,516,330,085
에이엔피 015260 기타유동금융자산 1,774,162,025 2,096,750,855
에이엔피 015260 기타유동자산 602,387,277 509,288,738
에이엔피 015260 매각예정비유동자산 0 0
에이엔피 015260 비유동자산 66,239,861,461 65,605,011,820
에이엔피 015260 장기금융상품 0 0
에이엔피 015260 기타포괄손익-공정가치 0 0
에이엔피 015260 당기손익인식공정가치측정금융자산 0 0
에이엔피 015260 종속회사투자 0 0
에이엔피 015260 관계회사투자 0 0
에이엔피 015260 렌탈자산 0 0
에이엔피 015260 유형자산 39,071,396,909 39,486,955,906
에이엔피 015260 무형자산 628,029,000 628,029,000
에이엔피 015260 기타비유동금융자산 2,264,928,380 2,134,603,380
에이엔피 015260 기타비유동자산 143,782,792 191,710,391
에이엔피 015260 사용권자산 0 0
에이엔피 015260 이연법인세자산 0 0
에이엔피 015260 자산총계 109,054,940,422 109,161,701,728
에이엔피 015260 유동부채 32,370,918,047 36,290,369,577
에이엔피 015260 단기매입채무 0 0
에이엔피 015260 단기차입금 21,842,869,993 24,939,035,394
에이엔피 015260 유동성장기차입금 0 0
에이엔피 015260 유동성사채 0 0
에이엔피 015260 기타유동금융부채 0 0
에이엔피 015260 기타유동부채 8,590,126 26,132,231
에이엔피 015260 당기법인세부채 0 0
에이엔피 015260 유동리스부채 0 0
에이엔피 015260 비유동부채 16,187,099,735 15,238,795,861
에이엔피 015260 사채 5,000,000,000 5,000,000,000
에이엔피 015260 장기차입금 7,780,384,630 5,976,462,713
에이엔피 015260 기타비유동금융부채 0 0
에이엔피 015260 이연법인세부채 0 0
에이엔피 015260 비유동리스부채 0 0
에이엔피 015260 부채총계 48,558,017,782 51,529,165,438
에이엔피 015260 자본금 22,075,155,000 21,614,326,000
에이엔피 015260 자본잉여금 0 0
에이엔피 015260 자본조정 0 0
에이엔피 015260 기타포괄손익누계액 0 0
에이엔피 015260 이익잉여금(결손금) 8,556,596,630 6,687,922,770
에이엔피 015260 자본총계 60,496,922,640 57,632,536,290
에이엔피 015260 자본과부채총계 109,054,940,422 109,161,701,728
date : 2016-06-30
에이엔피 015260 유동자산 47,017,712,586 43,556,689,908
에이엔피 015260 현금및현금성자산 6,932,164,367 4,558,971,989
에이엔피 015260 매출채권 및 기타유동채권
에이엔피 015260 재고자산 20,156,106,366 20,516,330,085
에이엔피 015260 기타유동금융자산 2,583,277,705 2,096,750,855
에이엔피 015260 기타유동자산 840,773,892 509,288,738
에이엔피 015260 매각예정비유동자산 0 0
에이엔피 015260 비유동자산 67,294,572,335 65,605,011,820
에이엔피 015260 장기금융상품 0 0
에이엔피 015260 기타포괄손익-공정가치 0 0
에이엔피 015260 당기손익인식공정가치측정금융자산 0 0
에이엔피 015260 종속회사투자 0 0
에이엔피 015260 관계회사투자 0 0
에이엔피 015260 렌탈자산 0 0
에이엔피 015260 유형자산 39,142,145,253 39,486,955,906
에이엔피 015260 무형자산 628,029,000 628,029,000
에이엔피 015260 기타비유동금융자산 2,233,482,180 2,134,603,380
에이엔피 015260 기타비유동자산 95,855,193 191,710,391
에이엔피 015260 사용권자산 0 0
에이엔피 015260 이연법인세자산 0 0
에이엔피 015260 자산총계 114,312,284,921 109,161,701,728
에이엔피 015260 유동부채 31,252,122,498 36,290,369,577
에이엔피 015260 단기매입채무 0 0
에이엔피 015260 단기차입금 20,447,061,791 24,939,035,394
에이엔피 015260 유동성장기차입금 0 0
에이엔피 015260 유동성사채 0 0
에이엔피 015260 기타유동금융부채 0 0
에이엔피 015260 기타유동부채 35,496,839 26,132,231
에이엔피 015260 당기법인세부채 0 0
에이엔피 015260 유동리스부채 0 0
에이엔피 015260 비유동부채 17,058,208,414 15,238,795,861
에이엔피 015260 사채 5,000,000,000 5,000,000,000
에이엔피 015260 장기차입금 8,624,065,743 5,976,462,713
에이엔피 015260 기타비유동금융부채 0 0
에이엔피 015260 이연법인세부채 0 0
에이엔피 015260 비유동리스부채 0 0
에이엔피 015260 부채총계 48,310,330,912 51,529,165,438
에이엔피 015260 자본금 24,056,720,500 21,614,326,000
에이엔피 015260 자본잉여금 0 0
에이엔피 015260 자본조정 0 0
에이엔피 015260 기타포괄손익누계액 -7,195,429 21,614,326,000
에이엔피 015260 이익잉여금(결손금) 9,785,255,013 6,687,922,770
에이엔피 015260 자본총계 66,001,954,009 57,632,536,290
에이엔피 015260 자본과부채총계 114,312,284,921 109,161,701,728
date : 2016-09-30
에이엔피 015260 유동자산 45,558,800,324 43,556,689,908
에이엔피 015260 현금및현금성자산 2,402,176,758 4,558,971,989
에이엔피 015260 매출채권 및 기타유동채권
에이엔피 015260 재고자산 19,914,898,916 20,516,330,085
에이엔피 015260 기타유동금융자산 7,655,198,209 2,096,750,855
에이엔피 015260 기타유동자산 1,257,634,862 509,288,738
에이엔피 015260 매각예정비유동자산 0 0
에이엔피 015260 비유동자산 64,194,053,802 65,605,011,820
에이엔피 015260 장기금융상품 0 0
에이엔피 015260 기타포괄손익-공정가치 0 0
에이엔피 015260 당기손익인식공정가치측정금융자산 0 0
에이엔피 015260 종속회사투자 0 0
에이엔피 015260 관계회사투자 0 0
에이엔피 015260 렌탈자산 0 0
에이엔피 015260 유형자산 38,109,762,316 39,486,955,906
에이엔피 015260 무형자산 1,143,229,000 628,029,000
에이엔피 015260 기타비유동금융자산 2,296,399,680 2,134,603,380
에이엔피 015260 기타비유동자산 47,927,594 191,710,391
에이엔피 015260 사용권자산 0 0
에이엔피 015260 이연법인세자산 0 0
에이엔피 015260 자산총계 109,752,854,126 109,161,701,728
에이엔피 015260 유동부채 30,674,253,270 36,290,369,577
에이엔피 015260 단기매입채무 0 0
에이엔피 015260 단기차입금 20,087,604,594 24,939,035,394
에이엔피 015260 유동성장기차입금 0 0
에이엔피 015260 유동성사채 0 0
에이엔피 015260 기타유동금융부채 0 0
에이엔피 015260 기타유동부채 56,898,066 26,132,231
에이엔피 015260 당기법인세부채 0 0
에이엔피 015260 유동리스부채 0 0
에이엔피 015260 비유동부채 16,233,827,937 15,238,795,861
에이엔피 015260 사채 5,000,000,000 5,000,000,000
에이엔피 015260 장기차입금 8,427,276,083 5,976,462,713
에이엔피 015260 기타비유동금융부채 0 0
에이엔피 015260 이연법인세부채 0 0
에이엔피 015260 비유동리스부채 0 0
에이엔피 015260 부채총계 46,908,081,207 51,529,165,438
에이엔피 015260 자본금 24,056,720,500 21,614,326,000
에이엔피 015260 자본잉여금 0 0
에이엔피 015260 자본조정 0 0
에이엔피 015260 기타포괄손익누계액 -770,652,714 21,614,326,000
에이엔피 015260 이익잉여금(결손금) 7,391,531,208 6,687,922,770
에이엔피 015260 자본총계 62,844,772,919 57,632,536,290
에이엔피 015260 자본과부채총계 109,752,854,126 109,161,701,728
date : 2016-12-31
에이엔피 015260 유동자산 49,504,674,250 43,556,689,908
에이엔피 015260 현금및현금성자산 6,201,191,241 4,558,971,989
에이엔피 015260 매출채권 및 기타유동채권
에이엔피 015260 재고자산 21,833,213,850 20,516,330,085
에이엔피 015260 기타유동금융자산 3,274,750,894 2,096,750,855
에이엔피 015260 기타유동자산 1,101,820,149 509,288,738
에이엔피 015260 매각예정비유동자산 0 0
에이엔피 015260 비유동자산 67,884,203,826 65,605,011,820
에이엔피 015260 장기금융상품 0 0
에이엔피 015260 기타포괄손익-공정가치 0 0
에이엔피 015260 당기손익인식공정가치측정금융자산 0 0
에이엔피 015260 종속회사투자 0 0
에이엔피 015260 관계회사투자 0 0
에이엔피 015260 렌탈자산 0 0
에이엔피 015260 유형자산 37,416,981,263 39,486,955,906
에이엔피 015260 무형자산 1,143,229,000 628,029,000
에이엔피 015260 기타비유동금융자산 2,105,505,439 2,134,603,380
에이엔피 015260 기타비유동자산 0 191,710,391
에이엔피 015260 사용권자산 0 0
에이엔피 015260 이연법인세자산 0 0
에이엔피 015260 자산총계 117,388,878,076 109,161,701,728
에이엔피 015260 유동부채 35,304,343,133 36,290,369,577
에이엔피 015260 단기매입채무 0 0
에이엔피 015260 단기차입금 20,680,482,064 24,939,035,394
에이엔피 015260 유동성장기차입금 0 0
에이엔피 015260 유동성사채 0 0
에이엔피 015260 기타유동금융부채 0 0
에이엔피 015260 기타유동부채 39,035,839 26,132,231
에이엔피 015260 당기법인세부채 0 0
에이엔피 015260 유동리스부채 0 0
에이엔피 015260 비유동부채 14,413,687,058 15,238,795,861
에이엔피 015260 사채 5,000,000,000 5,000,000,000
에이엔피 015260 장기차입금 6,997,390,000 5,976,462,713
에이엔피 015260 기타비유동금융부채 0 0
에이엔피 015260 이연법인세부채 0 0
에이엔피 015260 비유동리스부채 0 0
에이엔피 015260 부채총계 49,718,030,191 51,529,165,438
에이엔피 015260 자본금 24,194,969,000 21,614,326,000
에이엔피 015260 자본잉여금 0 0
에이엔피 015260 자본조정 0 0
에이엔피 015260 기타포괄손익누계액 -707,832,243 21,614,326,000
에이엔피 015260 이익잉여금(결손금) 11,856,495,278 6,687,922,770
에이엔피 015260 자본총계 67,670,847,885 57,632,536,290
에이엔피 015260 자본과부채총계 117,388,878,076 109,161,701,728
date : 2017-03-31
에이엔피 015260 유동자산 46,358,321,476 49,504,674,250
에이엔피 015260 현금및현금성자산 3,230,609,604 6,201,191,241
에이엔피 015260 매출채권 및 기타유동채권
에이엔피 015260 재고자산 23,169,052,511 21,833,213,850
에이엔피 015260 기타유동금융자산 2,551,828,314 3,274,750,894
에이엔피 015260 기타유동자산 1,039,775,002 1,101,820,149
에이엔피 015260 매각예정비유동자산 0 0
에이엔피 015260 비유동자산 66,919,755,696 67,884,203,826
에이엔피 015260 장기금융상품 0 0
에이엔피 015260 기타포괄손익-공정가치 0 0
에이엔피 015260 당기손익인식공정가치측정금융자산 0 0
에이엔피 015260 종속회사투자 0 0
에이엔피 015260 관계회사투자 0 0
에이엔피 015260 렌탈자산 0 0
에이엔피 015260 유형자산 37,558,871,506 37,416,981,263
에이엔피 015260 무형자산 1,143,229,000 1,143,229,000
에이엔피 015260 기타비유동금융자산 2,608,372,027 2,105,505,439
에이엔피 015260 기타비유동자산 0 0
에이엔피 015260 사용권자산 0 0
에이엔피 015260 이연법인세자산 0 0
에이엔피 015260 자산총계 113,278,077,172 117,388,878,076
에이엔피 015260 유동부채 32,758,177,057 35,304,343,133
에이엔피 015260 단기매입채무 0 0
에이엔피 015260 단기차입금 21,807,658,078 20,680,482,064
에이엔피 015260 유동성장기차입금 0 0
에이엔피 015260 유동성사채 0 0
에이엔피 015260 기타유동금융부채 0 0
에이엔피 015260 기타유동부채 99,642,422 39,035,839
에이엔피 015260 당기법인세부채 0 0
에이엔피 015260 유동리스부채 0 0
에이엔피 015260 비유동부채 15,292,313,711 14,413,687,058
에이엔피 015260 사채 5,000,000,000 5,000,000,000
에이엔피 015260 장기차입금 7,779,890,000 6,997,390,000
에이엔피 015260 기타비유동금융부채 0 0
에이엔피 015260 이연법인세부채 0 0
에이엔피 015260 비유동리스부채 0 0
에이엔피 015260 부채총계 48,050,490,768 49,718,030,191
에이엔피 015260 자본금 24,342,434,000 24,194,969,000
에이엔피 015260 자본잉여금 0 0
에이엔피 015260 자본조정 0 0
에이엔피 015260 기타포괄손익누계액 -707,832,243 -707,832,243
에이엔피 015260 이익잉여금(결손금) 9,095,849,037 11,856,495,278
에이엔피 015260 자본총계 65,227,586,404 67,670,847,885
에이엔피 015260 자본과부채총계 113,278,077,172 117,388,878,076
date : 2017-06-30
에이엔피 015260 유동자산 45,961,647,531 49,504,674,250
에이엔피 015260 현금및현금성자산 5,030,979,619 6,201,191,241
에이엔피 015260 매출채권 및 기타유동채권
에이엔피 015260 재고자산 21,828,956,259 21,833,213,850
에이엔피 015260 기타유동금융자산 2,391,807,245 3,274,750,894
에이엔피 015260 기타유동자산 1,398,923,632 1,101,820,149
에이엔피 015260 매각예정비유동자산 0 0
에이엔피 015260 비유동자산 63,872,104,015 67,884,203,826
에이엔피 015260 장기금융상품 0 0
에이엔피 015260 기타포괄손익-공정가치 0 0
에이엔피 015260 당기손익인식공정가치측정금융자산 0 0
에이엔피 015260 종속회사투자 0 0
에이엔피 015260 관계회사투자 0 0
에이엔피 015260 렌탈자산 0 0
에이엔피 015260 유형자산 36,491,196,490 37,416,981,263
에이엔피 015260 무형자산 1,143,229,000 1,143,229,000
에이엔피 015260 기타비유동금융자산 2,134,607,439 2,105,505,439
에이엔피 015260 기타비유동자산 0 0
에이엔피 015260 사용권자산 0 0
에이엔피 015260 이연법인세자산 0 0
에이엔피 015260 자산총계 109,833,751,546 117,388,878,076
에이엔피 015260 유동부채 37,695,827,662 35,304,343,133
에이엔피 015260 단기매입채무 0 0
에이엔피 015260 단기차입금 27,077,802,699 20,680,482,064
에이엔피 015260 유동성장기차입금 0 0
에이엔피 015260 유동성사채 0 0
에이엔피 015260 기타유동금융부채 0 0
에이엔피 015260 기타유동부채 13,677,947 39,035,839
에이엔피 015260 당기법인세부채 0 0
에이엔피 015260 유동리스부채 0 0
에이엔피 015260 비유동부채 9,427,685,400 14,413,687,058
에이엔피 015260 사채 0 5,000,000,000
에이엔피 015260 장기차입금 7,013,333,326 6,997,390,000
에이엔피 015260 기타비유동금융부채 0 0
에이엔피 015260 이연법인세부채 0 0
에이엔피 015260 비유동리스부채 0 0
에이엔피 015260 부채총계 47,123,513,062 49,718,030,191
에이엔피 015260 자본금 24,342,434,000 24,194,969,000
에이엔피 015260 자본잉여금 0 0
에이엔피 015260 자본조정 0 0
에이엔피 015260 기타포괄손익누계액 -610,338,906 -707,832,243
에이엔피 015260 이익잉여금(결손금) 6,481,007,780 11,856,495,278
에이엔피 015260 자본총계 62,710,238,484 67,670,847,885
에이엔피 015260 자본과부채총계 109,833,751,546 117,388,878,076
date : 2017-09-30
에이엔피 015260 유동자산 43,773,684,036 49,504,674,250
에이엔피 015260 현금및현금성자산 4,181,607,951 6,201,191,241
에이엔피 015260 매출채권 및 기타유동채권
에이엔피 015260 재고자산 21,791,478,974 21,833,213,850
에이엔피 015260 기타유동금융자산 0 0
에이엔피 015260 기타유동자산 993,266,285 1,101,820,149
에이엔피 015260 매각예정비유동자산 0 0
에이엔피 015260 비유동자산 63,318,300,045 67,884,203,826
에이엔피 015260 장기금융상품 0 0
에이엔피 015260 기타포괄손익-공정가치 0 0
에이엔피 015260 당기손익인식공정가치측정금융자산 0 0
에이엔피 015260 종속회사투자 0 0
에이엔피 015260 관계회사투자 0 0
에이엔피 015260 렌탈자산 0 0
에이엔피 015260 유형자산 38,694,730,611 37,416,981,263
에이엔피 015260 무형자산 1,143,229,000 1,143,229,000
에이엔피 015260 기타비유동금융자산 2,195,424,939 2,105,505,439
에이엔피 015260 기타비유동자산 0 0
에이엔피 015260 사용권자산 0 0
에이엔피 015260 이연법인세자산 0 0
에이엔피 015260 자산총계 107,091,984,081 117,388,878,076
에이엔피 015260 유동부채 39,646,447,371 35,304,343,133
에이엔피 015260 단기매입채무 0 0
에이엔피 015260 단기차입금 29,278,054,616 20,680,482,064
에이엔피 015260 유동성장기차입금 0 0
에이엔피 015260 유동성사채 0 0
에이엔피 015260 기타유동금융부채 0 0
에이엔피 015260 기타유동부채 31,174,936 39,035,839
에이엔피 015260 당기법인세부채 0 0
에이엔피 015260 유동리스부채 0 0
에이엔피 015260 비유동부채 8,706,798,823 14,413,687,058
에이엔피 015260 사채 0 5,000,000,000
에이엔피 015260 장기차입금 6,256,666,660 6,997,390,000
에이엔피 015260 기타비유동금융부채 40,000,000 40,000,000
에이엔피 015260 이연법인세부채 0 0
에이엔피 015260 비유동리스부채 0 0
에이엔피 015260 부채총계 48,353,246,194 49,718,030,191
에이엔피 015260 자본금 24,342,434,000 24,194,969,000
에이엔피 015260 자본잉여금 35,295,215,705 35,125,295,945
에이엔피 015260 자본조정 0 0
에이엔피 015260 기타포괄손익누계액 0 0
에이엔피 015260 이익잉여금(결손금) 2,493,973,611 11,856,495,278
에이엔피 015260 자본총계 58,738,737,887 67,670,847,885
에이엔피 015260 자본과부채총계 107,091,984,081 117,388,878,076
date : 2017-12-31
에이엔피 015260 유동자산 45,039,627,724 49,504,674,250
에이엔피 015260 현금및현금성자산 5,717,671,004 6,201,191,241
에이엔피 015260 매출채권 및 기타유동채권
에이엔피 015260 재고자산 20,799,775,903 21,833,213,850
에이엔피 015260 기타유동금융자산 0 0
에이엔피 015260 기타유동자산 888,431,505 1,101,820,149
에이엔피 015260 매각예정비유동자산 0 0
에이엔피 015260 비유동자산 85,481,317,247 67,884,203,826
에이엔피 015260 장기금융상품 0 0
에이엔피 015260 기타포괄손익-공정가치 0 0
에이엔피 015260 당기손익인식공정가치측정금융자산 0 0
에이엔피 015260 종속회사투자 0 0
에이엔피 015260 관계회사투자 0 0
에이엔피 015260 렌탈자산 0 0
에이엔피 015260 유형자산 60,381,030,139 37,416,981,263
에이엔피 015260 무형자산 1,143,229,000 1,143,229,000
에이엔피 015260 기타비유동금융자산 2,157,542,439 2,105,505,439
에이엔피 015260 기타비유동자산 0 0
에이엔피 015260 사용권자산 0 0
에이엔피 015260 이연법인세자산 0 0
에이엔피 015260 자산총계 130,520,944,971 117,388,878,076
에이엔피 015260 유동부채 42,690,240,434 35,304,343,133
에이엔피 015260 단기매입채무 0 0
에이엔피 015260 단기차입금 30,546,155,669 20,680,482,064
에이엔피 015260 유동성장기차입금 0 0
에이엔피 015260 유동성사채 0 0
에이엔피 015260 기타유동금융부채 0 0
에이엔피 015260 기타유동부채 33,232,518 39,035,839
에이엔피 015260 당기법인세부채 0 0
에이엔피 015260 유동리스부채 0 0
에이엔피 015260 비유동부채 31,955,839,242 14,413,687,058
에이엔피 015260 사채 0 5,000,000,000
에이엔피 015260 장기차입금 30,059,999,994 6,997,390,000
에이엔피 015260 기타비유동금융부채 40,000,000 40,000,000
에이엔피 015260 이연법인세부채 0 0
에이엔피 015260 비유동리스부채 0 0
에이엔피 015260 부채총계 74,646,079,676 49,718,030,191
에이엔피 015260 자본금 24,342,434,000 24,194,969,000
에이엔피 015260 자본잉여금 35,290,489,445 35,125,295,945
에이엔피 015260 자본조정 0 0
에이엔피 015260 기타포괄손익누계액 0 0
에이엔피 015260 이익잉여금(결손금) 1,167,037,573 11,856,495,278
에이엔피 015260 자본총계 55,874,865,295 67,670,847,885
에이엔피 015260 자본과부채총계 130,520,944,971 117,388,878,076
date : 2018-03-31
에이엔피 015260 유동자산 48,968,110,633 45,039,627,724
에이엔피 015260 현금및현금성자산 5,939,271,988 5,717,671,004
에이엔피 015260 매출채권 및 기타유동채권
에이엔피 015260 재고자산 21,291,414,004 20,799,775,903
에이엔피 015260 기타유동금융자산 0 0
에이엔피 015260 기타유동자산 2,226,069,041 888,431,505
에이엔피 015260 매각예정비유동자산 0 0
에이엔피 015260 비유동자산 88,224,097,559 85,481,317,247
에이엔피 015260 장기금융상품 0 0
에이엔피 015260 기타포괄손익-공정가치 0 0
에이엔피 015260 당기손익인식공정가치측정금융자산 0 0
에이엔피 015260 종속회사투자 0 0
에이엔피 015260 관계회사투자 0 0
에이엔피 015260 렌탈자산 0 0
에이엔피 015260 유형자산 64,404,307,265 60,381,030,139
에이엔피 015260 무형자산 1,143,229,000 1,143,229,000
에이엔피 015260 기타비유동금융자산 2,521,459,939 2,157,542,439
에이엔피 015260 기타비유동자산 0 0
에이엔피 015260 사용권자산 0 0
에이엔피 015260 이연법인세자산 0 0
에이엔피 015260 자산총계 137,192,208,192 130,520,944,971
에이엔피 015260 유동부채 30,757,473,367 42,690,240,434
에이엔피 015260 단기매입채무 0 0
에이엔피 015260 단기차입금 19,742,112,277 30,546,155,669
에이엔피 015260 유동성장기차입금 0 0
에이엔피 015260 유동성사채 0 0
에이엔피 015260 기타유동금융부채 0 0
에이엔피 015260 기타유동부채 3,622,749 33,232,518
에이엔피 015260 당기법인세부채 0 0
에이엔피 015260 유동리스부채 0 0
에이엔피 015260 비유동부채 34,691,587,307 31,955,839,242
에이엔피 015260 사채 3,500,000,000 0
에이엔피 015260 장기차입금 29,303,333,328 30,059,999,994
에이엔피 015260 기타비유동금융부채 40,000,000 40,000,000
에이엔피 015260 이연법인세부채 0 0
에이엔피 015260 비유동리스부채 0 0
에이엔피 015260 부채총계 65,449,060,674 74,646,079,676
에이엔피 015260 자본금 41,392,434,000 24,342,434,000
에이엔피 015260 자본잉여금 37,163,842,595 35,290,489,445
에이엔피 015260 자본조정 0 0
에이엔피 015260 기타포괄손익누계액 0 0
에이엔피 015260 이익잉여금(결손금) -1,888,033,354 1,167,037,573
에이엔피 015260 자본총계 71,743,147,518 55,874,865,295
에이엔피 015260 자본과부채총계 137,192,208,192 130,520,944,971
date : 2018-06-30
에이엔피 015260 유동자산 44,528,729,492 45,039,627,724
에이엔피 015260 현금및현금성자산 3,467,771,726 5,717,671,004
에이엔피 015260 매출채권 및 기타유동채권
에이엔피 015260 재고자산 19,884,200,919 20,799,775,903
에이엔피 015260 기타유동금융자산 0 0
에이엔피 015260 기타유동자산 1,132,738,227 888,431,505
에이엔피 015260 매각예정비유동자산 0 0
에이엔피 015260 비유동자산 103,123,012,436 85,481,317,247
에이엔피 015260 장기금융상품 0 0
에이엔피 015260 기타포괄손익-공정가치 0 0
에이엔피 015260 당기손익인식공정가치측정금융자산 0 0
에이엔피 015260 종속회사투자 0 0
에이엔피 015260 관계회사투자 0 0
에이엔피 015260 렌탈자산 0 0
에이엔피 015260 유형자산 75,735,559,628 60,381,030,139
에이엔피 015260 무형자산 1,143,229,000 1,143,229,000
에이엔피 015260 기타비유동금융자산 0 0
에이엔피 015260 기타비유동자산 0 0
에이엔피 015260 사용권자산 0 0
에이엔피 015260 이연법인세자산 0 0
에이엔피 015260 자산총계 147,651,741,928 130,520,944,971
에이엔피 015260 유동부채 39,901,968,650 42,690,240,434
에이엔피 015260 단기매입채무 0 0
에이엔피 015260 단기차입금 21,406,087,443 30,546,155,669
에이엔피 015260 유동성장기차입금 0 0
에이엔피 015260 유동성사채 0 0
에이엔피 015260 기타유동금융부채 0 0
에이엔피 015260 기타유동부채 27,509,535 33,232,518
에이엔피 015260 당기법인세부채 0 0
에이엔피 015260 유동리스부채 0 0
에이엔피 015260 비유동부채 34,461,468,435 31,955,839,242
에이엔피 015260 사채 3,500,000,000 0
에이엔피 015260 장기차입금 28,946,666,662 30,059,999,994
에이엔피 015260 기타비유동금융부채 0 0
에이엔피 015260 이연법인세부채 0 0
에이엔피 015260 비유동리스부채 0 0
에이엔피 015260 부채총계 74,363,437,085 74,646,079,676
에이엔피 015260 자본금 41,392,434,000 24,342,434,000
에이엔피 015260 자본잉여금 37,164,275,001 35,290,489,445
에이엔피 015260 자본조정 0 0
에이엔피 015260 기타포괄손익누계액 0 0
에이엔피 015260 이익잉여금(결손금) -419,384,646 1,167,037,573
에이엔피 015260 자본총계 73,288,304,843 55,874,865,295
에이엔피 015260 자본과부채총계 147,651,741,928 130,520,944,971
date : 2018-09-30
에이엔피 015260 유동자산 44,959,866,676 45,039,627,724
에이엔피 015260 현금및현금성자산 6,434,318,530 5,717,671,004
에이엔피 015260 매출채권 및 기타유동채권
에이엔피 015260 재고자산 19,445,344,514 20,799,775,903
에이엔피 015260 기타유동금융자산 0 0
에이엔피 015260 기타유동자산 1,190,614,649 888,431,505
에이엔피 015260 매각예정비유동자산 0 0
에이엔피 015260 비유동자산 98,582,441,125 85,481,317,247
에이엔피 015260 장기금융상품 0 0
에이엔피 015260 기타포괄손익-공정가치 0 0
에이엔피 015260 당기손익인식공정가치측정금융자산 0 0
에이엔피 015260 종속회사투자 0 0
에이엔피 015260 관계회사투자 0 0
에이엔피 015260 렌탈자산 0 0
에이엔피 015260 유형자산 75,714,779,575 60,381,030,139
에이엔피 015260 무형자산 1,143,229,000 1,143,229,000
에이엔피 015260 기타비유동금융자산 0 0
에이엔피 015260 기타비유동자산 0 0
에이엔피 015260 사용권자산 0 0
에이엔피 015260 이연법인세자산 0 0
에이엔피 015260 자산총계 143,542,307,801 130,520,944,971
에이엔피 015260 유동부채 37,212,619,005 42,690,240,434
에이엔피 015260 단기매입채무 0 0
에이엔피 015260 단기차입금 21,056,219,964 30,546,155,669
에이엔피 015260 유동성장기차입금 0 0
에이엔피 015260 유동성사채 0 0
에이엔피 015260 기타유동금융부채 0 0
에이엔피 015260 기타유동부채 403,363,431 33,232,518
에이엔피 015260 당기법인세부채 0 0
에이엔피 015260 유동리스부채 0 0
에이엔피 015260 비유동부채 39,527,567,041 31,955,839,242
에이엔피 015260 사채 3,500,000,000 0
에이엔피 015260 장기차입금 34,029,999,996 30,059,999,994
에이엔피 015260 기타비유동금융부채 0 0
에이엔피 015260 이연법인세부채 0 0
에이엔피 015260 비유동리스부채 0 0
에이엔피 015260 부채총계 76,740,186,046 74,646,079,676
에이엔피 015260 자본금 41,392,434,000 24,342,434,000
에이엔피 015260 자본잉여금 37,164,275,001 35,290,489,445
에이엔피 015260 자본조정 0 0
에이엔피 015260 기타포괄손익누계액 0 0
에이엔피 015260 이익잉여금(결손금) -6,808,092,302 1,167,037,573
에이엔피 015260 자본총계 66,802,121,755 55,874,865,295
에이엔피 015260 자본과부채총계 143,542,307,801 130,520,944,971
date : 2018-12-31
에이엔피 015260 유동자산 39,021,109,306 45,039,627,724
에이엔피 015260 현금및현금성자산 2,297,689,463 5,717,671,004
에이엔피 015260 매출채권 및 기타유동채권
에이엔피 015260 재고자산 17,456,859,810 20,799,775,903
에이엔피 015260 기타유동금융자산 0 0
에이엔피 015260 기타유동자산 896,045,438 888,431,505
에이엔피 015260 매각예정비유동자산 0 0
에이엔피 015260 비유동자산 102,329,523,130 85,481,317,247
에이엔피 015260 장기금융상품 0 0
에이엔피 015260 기타포괄손익-공정가치 0 0
에이엔피 015260 당기손익인식공정가치측정금융자산 0 0
에이엔피 015260 종속회사투자 0 0
에이엔피 015260 관계회사투자 0 0
에이엔피 015260 렌탈자산 0 0
에이엔피 015260 유형자산 75,407,125,552 60,381,030,139
에이엔피 015260 무형자산 700,029,000 1,143,229,000
에이엔피 015260 기타비유동금융자산 0 0
에이엔피 015260 기타비유동자산 0 0
에이엔피 015260 사용권자산 0 0
에이엔피 015260 이연법인세자산 0 0
에이엔피 015260 자산총계 141,350,632,436 130,520,944,971
에이엔피 015260 유동부채 35,102,480,459 42,690,240,434
에이엔피 015260 단기매입채무 0 0
에이엔피 015260 단기차입금 22,356,912,019 30,546,155,669
에이엔피 015260 유동성장기차입금 0 0
에이엔피 015260 유동성사채 0 0
에이엔피 015260 기타유동금융부채 0 0
에이엔피 015260 기타유동부채 2,021,008 33,232,518
에이엔피 015260 당기법인세부채 0 0
에이엔피 015260 유동리스부채 0 0
에이엔피 015260 비유동부채 39,530,951,725 31,955,839,242
에이엔피 015260 사채 3,500,000,000 0
에이엔피 015260 장기차입금 33,673,333,330 30,059,999,994
에이엔피 015260 기타비유동금융부채 0 0
에이엔피 015260 이연법인세부채 0 0
에이엔피 015260 비유동리스부채 0 0
에이엔피 015260 부채총계 74,633,432,184 74,646,079,676
에이엔피 015260 자본금 41,392,434,000 24,342,434,000
에이엔피 015260 자본잉여금 37,164,275,001 35,290,489,445
에이엔피 015260 자본조정 0 0
에이엔피 015260 기타포괄손익누계액 0 0
에이엔피 015260 이익잉여금(결손금) -7,899,867,065 1,167,037,573
에이엔피 015260 자본총계 66,717,200,252 55,874,865,295
에이엔피 015260 자본과부채총계 141,350,632,436 130,520,944,971
date : 2019-03-31
에이엔피 015260 유동자산 38,101,523,614 39,021,109,306
에이엔피 015260 현금및현금성자산 1,492,158,896 2,297,689,463
에이엔피 015260 매출채권 및 기타유동채권
에이엔피 015260 재고자산 17,226,664,060 17,456,859,810
에이엔피 015260 기타유동금융자산 0 0
에이엔피 015260 기타유동자산 877,331,554 896,045,438
에이엔피 015260 매각예정비유동자산 0 0
에이엔피 015260 비유동자산 100,429,947,132 102,329,523,130
에이엔피 015260 장기금융상품 0 0
에이엔피 015260 기타포괄손익-공정가치 0 0
에이엔피 015260 당기손익인식공정가치측정금융자산 0 0
에이엔피 015260 종속회사투자 0 0
에이엔피 015260 관계회사투자 0 0
에이엔피 015260 렌탈자산 0 0
에이엔피 015260 유형자산 74,377,425,433 75,407,125,552
에이엔피 015260 무형자산 700,029,000 700,029,000
에이엔피 015260 기타비유동금융자산 0 0
에이엔피 015260 기타비유동자산 0 0
에이엔피 015260 사용권자산 0 0
에이엔피 015260 이연법인세자산 0 0
에이엔피 015260 자산총계 138,531,470,746 141,350,632,436
에이엔피 015260 유동부채 40,874,677,039 35,102,480,459
에이엔피 015260 단기매입채무 0 0
에이엔피 015260 단기차입금 27,299,402,970 22,356,912,019
에이엔피 015260 유동성장기차입금 0 0
에이엔피 015260 유동성사채 0 0
에이엔피 015260 기타유동금융부채 0 0
에이엔피 015260 기타유동부채 2,815,216 2,021,008
에이엔피 015260 당기법인세부채 0 0
에이엔피 015260 유동리스부채 0 0
에이엔피 015260 비유동부채 34,545,141,031 39,530,951,725
에이엔피 015260 사채 3,500,000,000 39,530,951,725
에이엔피 015260 장기차입금 32,014,666,664 33,673,333,330
에이엔피 015260 기타비유동금융부채 0 0
에이엔피 015260 이연법인세부채 0 0
에이엔피 015260 비유동리스부채 0 0
에이엔피 015260 부채총계 75,419,818,070 74,633,432,184
에이엔피 015260 자본금 41,392,434,000 41,392,434,000
에이엔피 015260 자본잉여금 37,164,275,001 37,164,275,001
에이엔피 015260 자본조정 0 0
에이엔피 015260 기타포괄손익누계액 0 0
에이엔피 015260 이익잉여금(결손금) -11,505,414,641 -7,899,867,065
에이엔피 015260 자본총계 63,111,652,676 66,717,200,252
에이엔피 015260 자본과부채총계 138,531,470,746 141,350,632,436
