date : 2019-03-31
예스코홀딩스 015360 유동자산 46,217,930,744 65,215,292,409
예스코홀딩스 015360 현금및현금성자산 18,953,736,960 47,578,786,548
예스코홀딩스 015360 기타유동자산 7,402,003,844 12,034,934,780
예스코홀딩스 015360 비유동자산 666,938,474,101 661,845,389,359
예스코홀딩스 015360 유형자산 746,371,759 607,058,711
예스코홀딩스 015360 사용권자산 1,757,716,788 0
예스코홀딩스 015360 무형자산 781,390,000 735,400,000
예스코홀딩스 015360 자산총계 713,156,404,845 727,060,681,768
예스코홀딩스 015360 유동부채 62,601,106,265 86,122,498,258
예스코홀딩스 015360 유동성사채 50,000,000,000 50,000,000,000
예스코홀딩스 015360 단기차입금 0 29,910,591,781
예스코홀딩스 015360 유동리스부채 364,175,667 0
예스코홀딩스 015360 비유동부채 80,884,417,750 79,040,175,491
예스코홀딩스 015360 이연법인세부채 61,217,231,396 60,919,146,754
예스코홀딩스 015360 비유동리스부채 1,401,393,759 0
예스코홀딩스 015360 부채총계 143,485,524,015 165,162,673,749
예스코홀딩스 015360 자본금 30,000,000,000 30,000,000,000
예스코홀딩스 015360 자본잉여금 39,600,000,000 39,600,000,000
예스코홀딩스 015360 이익잉여금(결손금) 548,026,571,840 540,253,699,029
예스코홀딩스 015360 자본총계 569,670,880,830 561,898,008,019
예스코홀딩스 015360 자본과부채총계 713,156,404,845 727,060,681,768
