date : 2015-12-31
코콤 015710 유동자산 42,181,939,225 36,727,584,196
코콤 015710 현금및현금성자산 4,436,419,179 3,401,588,194
코콤 015710 매출채권 및 기타유동채권
코콤 015710 재고자산 15,806,732,602 12,548,611,313
코콤 015710 기타유동금융자산 0 0
코콤 015710 기타유동자산 0 0
코콤 015710 매각예정비유동자산 0 0
코콤 015710 비유동자산 67,896,480,011 68,977,114,050
코콤 015710 장기금융상품 351,371,420 138,770,420
코콤 015710 기타포괄손익-공정가치 0 0
코콤 015710 당기손익인식공정가치측정금융자산 0 0
코콤 015710 종속회사투자 0 0
코콤 015710 관계회사투자 0 0
코콤 015710 렌탈자산 0 0
코콤 015710 유형자산 24,961,133,163 25,089,162,224
코콤 015710 무형자산 1,604,305,599 1,978,300,046
코콤 015710 기타비유동금융자산 259,722,618 406,872,618
코콤 015710 기타비유동자산 0 0
코콤 015710 사용권자산 0 0
코콤 015710 이연법인세자산 0 0
코콤 015710 자산총계 110,078,419,236 105,704,698,246
코콤 015710 유동부채 14,023,213,444 12,600,912,774
코콤 015710 단기매입채무 0 0
코콤 015710 단기차입금 0 0
코콤 015710 유동성장기차입금 0 0
코콤 015710 유동성사채 0 0
코콤 015710 기타유동금융부채 113,000,000 113,000,000
코콤 015710 기타유동부채 0 0
코콤 015710 당기법인세부채 1,484,355,772 1,470,296,726
코콤 015710 유동리스부채 0 0
코콤 015710 비유동부채 7,161,721,836 17,670,220,399
코콤 015710 사채 0 0
코콤 015710 장기차입금 0 11,000,000,000
코콤 015710 기타비유동금융부채 2,654,594,365 1,734,820,261
코콤 015710 이연법인세부채 2,547,016,810 1,323,234,602
코콤 015710 비유동리스부채 0 0
코콤 015710 부채총계 21,184,935,280 30,271,133,173
코콤 015710 자본금 0 0
코콤 015710 자본잉여금 0 0
코콤 015710 자본조정 0 0
코콤 015710 기타포괄손익누계액 0 0
코콤 015710 이익잉여금(결손금) 64,204,708,794 58,421,484,595
코콤 015710 자본총계 88,893,483,956 75,433,565,073
코콤 015710 자본과부채총계 0 0
date : 2016-03-31
코콤 015710 유동자산 44,181,638,483 42,181,939,225
코콤 015710 현금및현금성자산 5,020,153,694 4,436,419,179
코콤 015710 매출채권 및 기타유동채권
코콤 015710 재고자산 17,620,000,251 15,806,732,602
코콤 015710 기타유동금융자산 0 0
코콤 015710 기타유동자산 0 0
코콤 015710 매각예정비유동자산 0 0
코콤 015710 비유동자산 67,784,192,687 67,896,480,011
코콤 015710 장기금융상품 361,526,720 351,371,420
코콤 015710 기타포괄손익-공정가치 0 0
코콤 015710 당기손익인식공정가치측정금융자산 0 0
코콤 015710 종속회사투자 0 0
코콤 015710 관계회사투자 0 0
코콤 015710 렌탈자산 0 0
코콤 015710 유형자산 24,914,883,233 24,961,133,163
코콤 015710 무형자산 1,605,964,390 1,604,305,599
코콤 015710 기타비유동금융자산 269,722,618 259,722,618
코콤 015710 기타비유동자산 0 0
코콤 015710 사용권자산 0 0
코콤 015710 이연법인세자산 0 0
코콤 015710 자산총계 111,965,831,170 110,078,419,236
코콤 015710 유동부채 16,472,274,029 14,023,213,444
코콤 015710 단기매입채무 0 0
코콤 015710 단기차입금 0 0
코콤 015710 유동성장기차입금 0 0
코콤 015710 유동성사채 0 0
코콤 015710 기타유동금융부채 113,000,000 113,000,000
코콤 015710 기타유동부채 0 0
코콤 015710 당기법인세부채 1,115,601,506 1,484,355,772
코콤 015710 유동리스부채 0 0
코콤 015710 비유동부채 7,354,737,075 7,161,721,836
코콤 015710 사채 0 0
코콤 015710 장기차입금 0 0
코콤 015710 기타비유동금융부채 2,665,641,494 2,654,594,365
코콤 015710 이연법인세부채 2,725,725,079 2,547,016,810
코콤 015710 비유동리스부채 0 0
코콤 015710 부채총계 23,827,011,104 21,184,935,280
코콤 015710 자본금 0 0
코콤 015710 자본잉여금 0 0
코콤 015710 자본조정 0 0
코콤 015710 기타포괄손익누계액 0 0
코콤 015710 이익잉여금(결손금) 63,448,959,550 64,204,708,794
코콤 015710 자본총계 88,138,820,066 88,893,483,956
코콤 015710 자본과부채총계 111,965,831,170 110,078,419,236
date : 2016-06-30
코콤 015710 유동자산 43,484,989,066 42,181,939,225
코콤 015710 현금및현금성자산 2,049,809,131 4,436,419,179
코콤 015710 매출채권 및 기타유동채권
코콤 015710 재고자산 17,763,070,562 15,806,732,602
코콤 015710 기타유동금융자산 57,806,520 0
코콤 015710 기타유동자산 0 0
코콤 015710 매각예정비유동자산 0 0
코콤 015710 비유동자산 68,387,573,967 67,896,480,011
코콤 015710 장기금융상품 121,722,020 351,371,420
코콤 015710 기타포괄손익-공정가치 0 0
코콤 015710 당기손익인식공정가치측정금융자산 0 0
코콤 015710 종속회사투자 0 0
코콤 015710 관계회사투자 0 0
코콤 015710 렌탈자산 0 0
코콤 015710 유형자산 25,844,305,560 24,961,133,163
코콤 015710 무형자산 1,409,634,083 1,604,305,599
코콤 015710 기타비유동금융자산 272,722,618 259,722,618
코콤 015710 기타비유동자산 0 0
코콤 015710 사용권자산 0 0
코콤 015710 이연법인세자산 0 0
코콤 015710 자산총계 111,872,563,033 110,078,419,236
코콤 015710 유동부채 14,469,537,473 14,023,213,444
코콤 015710 단기매입채무 0 0
코콤 015710 단기차입금 0 0
코콤 015710 유동성장기차입금 0 0
코콤 015710 유동성사채 0 0
코콤 015710 기타유동금융부채 108,000,000 113,000,000
코콤 015710 기타유동부채 0 0
코콤 015710 당기법인세부채 692,570,923 1,484,355,772
코콤 015710 유동리스부채 0 0
코콤 015710 비유동부채 7,295,315,170 7,161,721,836
코콤 015710 사채 0 0
코콤 015710 장기차입금 0 0
코콤 015710 기타비유동금융부채 2,686,688,624 2,654,594,365
코콤 015710 이연법인세부채 2,613,277,706 2,547,016,810
코콤 015710 비유동리스부채 0 0
코콤 015710 부채총계 21,764,852,643 21,184,935,280
코콤 015710 자본금 0 0
코콤 015710 자본잉여금 0 0
코콤 015710 자본조정 0 0
코콤 015710 기타포괄손익누계액 0 0
코콤 015710 이익잉여금(결손금) 65,417,984,034 64,204,708,794
코콤 015710 자본총계 90,107,710,390 88,893,483,956
코콤 015710 자본과부채총계 111,872,563,033 110,078,419,236
date : 2016-09-30
코콤 015710 유동자산 46,125,668,562 42,181,939,225
코콤 015710 현금및현금성자산 1,944,257,216 4,436,419,179
코콤 015710 매출채권 및 기타유동채권
코콤 015710 재고자산 21,018,436,287 15,806,732,602
코콤 015710 기타유동금융자산 49,846,520 0
코콤 015710 기타유동자산 0 0
코콤 015710 매각예정비유동자산 0 0
코콤 015710 비유동자산 69,877,448,286 67,896,480,011
코콤 015710 장기금융상품 131,877,320 351,371,420
코콤 015710 기타포괄손익-공정가치 0 0
코콤 015710 당기손익인식공정가치측정금융자산 0 0
코콤 015710 종속회사투자 0 0
코콤 015710 관계회사투자 0 0
코콤 015710 렌탈자산 0 0
코콤 015710 유형자산 27,402,715,772 24,961,133,163
코콤 015710 무형자산 1,418,656,409 1,604,305,599
코콤 015710 기타비유동금융자산 272,722,618 259,722,618
코콤 015710 기타비유동자산 0 0
코콤 015710 사용권자산 0 0
코콤 015710 이연법인세자산 0 0
코콤 015710 자산총계 116,003,116,848 110,078,419,236
코콤 015710 유동부채 16,722,015,782 14,023,213,444
코콤 015710 단기매입채무 0 0
코콤 015710 단기차입금 0 0
코콤 015710 유동성장기차입금 0 0
코콤 015710 유동성사채 0 0
코콤 015710 기타유동금융부채 108,000,000 113,000,000
코콤 015710 기타유동부채 0 0
코콤 015710 당기법인세부채 554,670,633 1,484,355,772
코콤 015710 유동리스부채 0 0
코콤 015710 비유동부채 7,274,139,764 7,161,721,836
코콤 015710 사채 0 0
코콤 015710 장기차입금 0 0
코콤 015710 기타비유동금융부채 2,702,912,094 2,654,594,365
코콤 015710 이연법인세부채 2,482,735,315 2,547,016,810
코콤 015710 비유동리스부채 0 0
코콤 015710 부채총계 23,996,155,546 21,184,935,280
코콤 015710 자본금 0 0
코콤 015710 자본잉여금 0 0
코콤 015710 자본조정 0 0
코콤 015710 기타포괄손익누계액 0 0
코콤 015710 이익잉여금(결손금) 67,315,564,654 64,204,708,794
코콤 015710 자본총계 92,006,961,302 88,893,483,956
코콤 015710 자본과부채총계 116,003,116,848 110,078,419,236
date : 2016-12-31
코콤 015710 유동자산 45,162,326,775 42,181,939,225
코콤 015710 현금및현금성자산 1,498,405,279 4,436,419,179
코콤 015710 매출채권 및 기타유동채권
코콤 015710 재고자산 17,055,663,074 15,806,732,602
코콤 015710 기타유동금융자산 37,990,000 0
코콤 015710 기타유동자산 0 0
코콤 015710 매각예정비유동자산 0 0
코콤 015710 비유동자산 72,618,467,875 67,896,480,011
코콤 015710 장기금융상품 142,047,500 351,371,420
코콤 015710 기타포괄손익-공정가치 0 0
코콤 015710 당기손익인식공정가치측정금융자산 0 0
코콤 015710 종속회사투자 0 0
코콤 015710 관계회사투자 0 0
코콤 015710 렌탈자산 0 0
코콤 015710 유형자산 30,198,883,366 24,961,133,163
코콤 015710 무형자산 1,415,974,664 1,604,305,599
코콤 015710 기타비유동금융자산 269,722,618 259,722,618
코콤 015710 기타비유동자산 0 0
코콤 015710 사용권자산 0 0
코콤 015710 이연법인세자산 0 0
코콤 015710 자산총계 117,780,794,650 110,078,419,236
코콤 015710 유동부채 16,598,613,912 14,023,213,444
코콤 015710 단기매입채무 0 0
코콤 015710 단기차입금 240,638,145 0
코콤 015710 유동성장기차입금 0 0
코콤 015710 유동성사채 0 0
코콤 015710 기타유동금융부채 238,000,000 113,000,000
코콤 015710 기타유동부채 0 0
코콤 015710 당기법인세부채 626,551,061 1,484,355,772
코콤 015710 유동리스부채 0 0
코콤 015710 비유동부채 7,110,741,266 7,161,721,836
코콤 015710 사채 0 0
코콤 015710 장기차입금 0 0
코콤 015710 기타비유동금융부채 2,724,135,566 2,654,594,365
코콤 015710 이연법인세부채 2,592,156,291 2,547,016,810
코콤 015710 비유동리스부채 0 0
코콤 015710 부채총계 23,709,355,178 21,184,935,280
코콤 015710 자본금 8,765,250,000 8,765,250,000
코콤 015710 자본잉여금 0 0
코콤 015710 자본조정 0 0
코콤 015710 기타포괄손익누계액 0 0
코콤 015710 이익잉여금(결손금) 69,379,326,410 64,204,708,794
코콤 015710 자본총계 94,071,439,472 88,893,483,956
코콤 015710 자본과부채총계 117,780,794,650 110,078,419,236
date : 2017-03-31
코콤 015710 유동자산 51,792,315,091 45,162,326,775
코콤 015710 현금및현금성자산 7,869,305,463 1,498,405,279
코콤 015710 매출채권 및 기타유동채권
코콤 015710 재고자산 17,256,022,414 17,055,663,074
코콤 015710 기타유동금융자산 17,060,000 37,990,000
코콤 015710 기타유동자산 0 0
코콤 015710 매각예정비유동자산 0 0
코콤 015710 비유동자산 72,728,268,320 72,618,467,875
코콤 015710 장기금융상품 152,202,800 142,047,500
코콤 015710 기타포괄손익-공정가치 0 0
코콤 015710 당기손익인식공정가치측정금융자산 0 0
코콤 015710 종속회사투자 0 0
코콤 015710 관계회사투자 0 0
코콤 015710 렌탈자산 0 0
코콤 015710 유형자산 30,040,746,581 30,198,883,366
코콤 015710 무형자산 1,425,147,304 1,415,974,664
코콤 015710 기타비유동금융자산 262,722,618 269,722,618
코콤 015710 기타비유동자산 0 0
코콤 015710 사용권자산 0 0
코콤 015710 이연법인세자산 0 0
코콤 015710 자산총계 124,520,583,411 117,780,794,650
코콤 015710 유동부채 23,172,065,268 16,598,613,912
코콤 015710 단기매입채무 0 0
코콤 015710 단기차입금 80,288,532 240,638,145
코콤 015710 유동성장기차입금 0 0
코콤 015710 유동성사채 0 0
코콤 015710 기타유동금융부채 313,000,000 238,000,000
코콤 015710 기타유동부채 0 0
코콤 015710 당기법인세부채 765,822,714 626,551,061
코콤 015710 유동리스부채 0 0
코콤 015710 비유동부채 7,209,224,242 7,110,741,266
코콤 015710 사채 0 0
코콤 015710 장기차입금 0 0
코콤 015710 기타비유동금융부채 2,740,404,209 2,724,135,566
코콤 015710 이연법인세부채 2,620,147,849 2,592,156,291
코콤 015710 비유동리스부채 0 0
코콤 015710 부채총계 30,381,289,510 23,709,355,178
코콤 015710 자본금 8,765,250,000 8,765,250,000
코콤 015710 자본잉여금 0 0
코콤 015710 자본조정 0 0
코콤 015710 기타포괄손익누계액 0 0
코콤 015710 이익잉여금(결손금) 69,441,978,114 69,379,326,410
코콤 015710 자본총계 94,139,293,901 94,071,439,472
코콤 015710 자본과부채총계 124,520,583,411 117,780,794,650
date : 2017-06-30
코콤 015710 유동자산 51,259,381,956 45,162,326,775
코콤 015710 현금및현금성자산 4,307,611,454 1,498,405,279
코콤 015710 매출채권 및 기타유동채권
코콤 015710 재고자산 18,474,724,515 17,055,663,074
코콤 015710 기타유동금융자산 12,000,000 37,990,000
코콤 015710 기타유동자산 0 0
코콤 015710 매각예정비유동자산 0 0
코콤 015710 비유동자산 73,061,168,275 72,618,467,875
코콤 015710 장기금융상품 162,358,100 142,047,500
코콤 015710 기타포괄손익-공정가치 0 0
코콤 015710 당기손익인식공정가치측정금융자산 0 0
코콤 015710 종속회사투자 0 0
코콤 015710 관계회사투자 0 0
코콤 015710 렌탈자산 0 0
코콤 015710 유형자산 29,941,114,932 30,198,883,366
코콤 015710 무형자산 1,438,454,154 1,415,974,664
코콤 015710 기타비유동금융자산 262,722,618 269,722,618
코콤 015710 기타비유동자산 0 0
코콤 015710 사용권자산 0 0
코콤 015710 이연법인세자산 0 0
코콤 015710 자산총계 124,320,550,231 117,780,794,650
코콤 015710 유동부채 19,805,076,562 16,598,613,912
코콤 015710 단기매입채무 0 0
코콤 015710 단기차입금 0 240,638,145
코콤 015710 유동성장기차입금 0 0
코콤 015710 유동성사채 0 0
코콤 015710 기타유동금융부채 313,000,000 238,000,000
코콤 015710 기타유동부채 0 0
코콤 015710 당기법인세부채 958,636,413 626,551,061
코콤 015710 유동리스부채 0 0
코콤 015710 비유동부채 7,271,080,388 7,110,741,266
코콤 015710 사채 0 0
코콤 015710 장기차입금 0 0
코콤 015710 기타비유동금융부채 2,756,853,616 2,724,135,566
코콤 015710 이연법인세부채 2,587,584,697 2,592,156,291
코콤 015710 비유동리스부채 0 0
코콤 015710 부채총계 27,076,156,950 23,709,355,178
코콤 015710 자본금 8,765,250,000 8,765,250,000
코콤 015710 자본잉여금 0 0
코콤 015710 자본조정 0 0
코콤 015710 기타포괄손익누계액 0 0
코콤 015710 이익잉여금(결손금) 72,547,077,494 69,379,326,410
코콤 015710 자본총계 97,244,393,281 94,071,439,472
코콤 015710 자본과부채총계 124,320,550,231 117,780,794,650
date : 2017-09-30
코콤 015710 유동자산 51,414,707,453 45,162,326,775
코콤 015710 현금및현금성자산 8,499,623,362 1,498,405,279
코콤 015710 매출채권 및 기타유동채권
코콤 015710 재고자산 17,727,875,305 17,055,663,074
코콤 015710 기타유동금융자산 12,000,000 37,990,000
코콤 015710 기타유동자산 582,420,131 284,055,899
코콤 015710 매각예정비유동자산 0 0
코콤 015710 비유동자산 72,955,847,418 72,618,467,875
코콤 015710 장기금융상품 172,513,400 142,047,500
코콤 015710 기타포괄손익-공정가치 0 0
코콤 015710 당기손익인식공정가치측정금융자산 0 0
코콤 015710 종속회사투자 0 0
코콤 015710 관계회사투자 0 0
코콤 015710 렌탈자산 0 0
코콤 015710 유형자산 29,918,465,481 30,198,883,366
코콤 015710 무형자산 1,436,552,830 1,415,974,664
코콤 015710 기타비유동금융자산 262,722,618 269,722,618
코콤 015710 기타비유동자산 0 0
코콤 015710 사용권자산 0 0
코콤 015710 이연법인세자산 0 0
코콤 015710 자산총계 124,370,554,871 117,780,794,650
코콤 015710 유동부채 17,410,189,412 16,598,613,912
코콤 015710 단기매입채무 0 0
코콤 015710 단기차입금 0 240,638,145
코콤 015710 유동성장기차입금 0 0
코콤 015710 유동성사채 0 0
코콤 015710 기타유동금융부채 313,000,000 238,000,000
코콤 015710 기타유동부채 2,597,048,660 3,050,922,061
코콤 015710 당기법인세부채 1,223,314,172 626,551,061
코콤 015710 유동리스부채 0 0
코콤 015710 비유동부채 7,252,613,563 7,110,741,266
코콤 015710 사채 0 0
코콤 015710 장기차입금 0 0
코콤 015710 기타비유동금융부채 2,773,483,785 2,724,135,566
코콤 015710 이연법인세부채 2,435,515,317 2,592,156,291
코콤 015710 비유동리스부채 0 0
코콤 015710 부채총계 24,662,802,975 23,709,355,178
코콤 015710 자본금 8,765,250,000 8,765,250,000
코콤 015710 자본잉여금 0 0
코콤 015710 자본조정 0 0
코콤 015710 기타포괄손익누계액 0 0
코콤 015710 이익잉여금(결손금) 75,010,436,109 69,379,326,410
코콤 015710 자본총계 99,707,751,896 94,071,439,472
코콤 015710 자본과부채총계 124,370,554,871 117,780,794,650
date : 2017-12-31
코콤 015710 유동자산 56,082,045,308 45,162,326,775
코콤 015710 현금및현금성자산 9,783,829,435 1,498,405,279
코콤 015710 매출채권 및 기타유동채권
코콤 015710 재고자산 13,552,959,953 17,055,663,074
코콤 015710 기타유동금융자산 0 37,990,000
코콤 015710 기타유동자산 438,251,924 284,055,899
코콤 015710 매각예정비유동자산 0 0
코콤 015710 비유동자산 72,807,654,138 72,618,467,875
코콤 015710 장기금융상품 182,668,700 142,047,500
코콤 015710 기타포괄손익-공정가치 0 0
코콤 015710 당기손익인식공정가치측정금융자산 0 0
코콤 015710 종속회사투자 0 0
코콤 015710 관계회사투자 0 0
코콤 015710 렌탈자산 0 0
코콤 015710 유형자산 29,870,579,650 30,198,883,366
코콤 015710 무형자산 1,437,195,623 1,415,974,664
코콤 015710 기타비유동금융자산 233,130,000 269,722,618
코콤 015710 기타비유동자산 0 0
코콤 015710 사용권자산 0 0
코콤 015710 이연법인세자산 0 0
코콤 015710 자산총계 128,889,699,446 117,780,794,650
코콤 015710 유동부채 19,309,385,428 16,598,613,912
코콤 015710 단기매입채무 0 0
코콤 015710 단기차입금 0 240,638,145
코콤 015710 유동성장기차입금 0 0
코콤 015710 유동성사채 0 0
코콤 015710 기타유동금융부채 248,000,000 238,000,000
코콤 015710 기타유동부채 4,281,056,097 3,050,922,061
코콤 015710 당기법인세부채 1,016,089,737 626,551,061
코콤 015710 유동리스부채 0 0
코콤 015710 비유동부채 7,274,829,920 7,110,741,266
코콤 015710 사채 0 0
코콤 015710 장기차입금 0 0
코콤 015710 기타비유동금융부채 2,850,113,955 2,724,135,566
코콤 015710 이연법인세부채 2,641,930,339 2,592,156,291
코콤 015710 비유동리스부채 0 0
코콤 015710 부채총계 26,584,215,348 23,709,355,178
코콤 015710 자본금 8,765,250,000 8,765,250,000
코콤 015710 자본잉여금 0 0
코콤 015710 자본조정 0 0
코콤 015710 기타포괄손익누계액 0 0
코콤 015710 이익잉여금(결손금) 77,608,168,311 69,379,326,410
코콤 015710 자본총계 102,305,484,098 94,071,439,472
코콤 015710 자본과부채총계 128,889,699,446 117,780,794,650
date : 2018-03-31
코콤 015710 유동자산 65,034,173,478 56,082,045,308
코콤 015710 현금및현금성자산 6,838,106,226 9,783,829,435
코콤 015710 매출채권 및 기타유동채권
코콤 015710 재고자산 17,589,284,726 13,552,959,953
코콤 015710 기타유동금융자산 0 0
코콤 015710 기타유동자산 6,897,690,759 438,251,924
코콤 015710 매각예정비유동자산 0 0
코콤 015710 비유동자산 72,672,060,561 72,807,654,138
코콤 015710 장기금융상품 192,824,000 182,668,700
코콤 015710 기타포괄손익-공정가치 0 0
코콤 015710 당기손익인식공정가치측정금융자산 0 0
코콤 015710 종속회사투자 0 0
코콤 015710 관계회사투자 0 0
코콤 015710 렌탈자산 0 0
코콤 015710 유형자산 29,976,856,419 29,870,579,650
코콤 015710 무형자산 1,428,001,624 1,437,195,623
코콤 015710 기타비유동금융자산 233,130,000 233,130,000
코콤 015710 기타비유동자산 0 0
코콤 015710 사용권자산 0 0
코콤 015710 이연법인세자산 0 0
코콤 015710 자산총계 137,706,234,039 128,889,699,446
코콤 015710 유동부채 28,016,895,816 19,309,385,428
코콤 015710 단기매입채무 0 0
코콤 015710 단기차입금 0 0
코콤 015710 유동성장기차입금 0 0
코콤 015710 유동성사채 0 0
코콤 015710 기타유동금융부채 248,000,000 248,000,000
코콤 015710 기타유동부채 10,507,861,882 4,281,056,097
코콤 015710 당기법인세부채 1,186,731,438 1,016,089,737
코콤 015710 유동리스부채 0 0
코콤 015710 비유동부채 7,382,480,043 7,274,829,920
코콤 015710 사채 0 0
코콤 015710 장기차입금 0 0
코콤 015710 기타비유동금융부채 2,866,789,314 2,850,113,955
코콤 015710 이연법인세부채 2,667,576,560 2,641,930,339
코콤 015710 비유동리스부채 0 0
코콤 015710 부채총계 35,399,375,859 26,584,215,348
코콤 015710 자본금 8,765,250,000 8,765,250,000
코콤 015710 자본잉여금 0 0
코콤 015710 자본조정 0 0
코콤 015710 기타포괄손익누계액 0 0
코콤 015710 이익잉여금(결손금) 77,609,542,393 77,608,168,311
코콤 015710 자본총계 102,306,858,180 102,305,484,098
코콤 015710 자본과부채총계 137,706,234,039 128,889,699,446
date : 2018-06-30
코콤 015710 유동자산 65,411,724,249 56,082,045,308
코콤 015710 현금및현금성자산 4,258,220,070 9,783,829,435
코콤 015710 매출채권 및 기타유동채권
코콤 015710 재고자산 18,174,192,697 13,552,959,953
코콤 015710 기타유동금융자산 0 0
코콤 015710 기타유동자산 5,565,294,994 438,251,924
코콤 015710 매각예정비유동자산 0 0
코콤 015710 비유동자산 73,173,995,347 72,807,654,138
코콤 015710 장기금융상품 202,979,300 182,668,700
코콤 015710 기타포괄손익-공정가치 0 0
코콤 015710 당기손익인식공정가치측정금융자산 0 0
코콤 015710 종속회사투자 0 0
코콤 015710 관계회사투자 0 0
코콤 015710 렌탈자산 0 0
코콤 015710 유형자산 30,577,781,370 29,870,579,650
코콤 015710 무형자산 1,457,771,942 1,437,195,623
코콤 015710 기타비유동금융자산 232,130,000 233,130,000
코콤 015710 기타비유동자산 0 0
코콤 015710 사용권자산 0 0
코콤 015710 이연법인세자산 0 0
코콤 015710 자산총계 138,585,719,596 128,889,699,446
코콤 015710 유동부채 25,663,433,212 19,309,385,428
코콤 015710 단기매입채무 0 0
코콤 015710 단기차입금 0 0
코콤 015710 유동성장기차입금 0 0
코콤 015710 유동성사채 0 0
코콤 015710 기타유동금융부채 248,000,000 248,000,000
코콤 015710 기타유동부채 9,641,319,468 4,281,056,097
코콤 015710 당기법인세부채 1,376,856,445 1,016,089,737
코콤 015710 유동리스부채 0 0
코콤 015710 비유동부채 7,414,570,725 7,274,829,920
코콤 015710 사채 0 0
코콤 015710 장기차입금 0 0
코콤 015710 기타비유동금융부채 2,903,649,956 2,850,113,955
코콤 015710 이연법인세부채 2,546,473,500 2,641,930,339
코콤 015710 비유동리스부채 0 0
코콤 015710 부채총계 33,078,003,937 26,584,215,348
코콤 015710 자본금 8,765,250,000 8,765,250,000
코콤 015710 자본잉여금 0 0
코콤 015710 자본조정 0 0
코콤 015710 기타포괄손익누계액 0 0
코콤 015710 이익잉여금(결손금) 80,810,399,872 77,608,168,311
코콤 015710 자본총계 105,507,715,659 102,305,484,098
코콤 015710 자본과부채총계 138,585,719,596 128,889,699,446
date : 2018-09-30
코콤 015710 유동자산 65,219,872,796 56,082,045,308
코콤 015710 현금및현금성자산 11,770,031,061 9,783,829,435
코콤 015710 매출채권 및 기타유동채권
코콤 015710 재고자산 19,674,400,966 13,552,959,953
코콤 015710 기타유동금융자산 0 0
코콤 015710 기타유동자산 2,430,192,025 438,251,924
코콤 015710 매각예정비유동자산 0 0
코콤 015710 비유동자산 73,559,844,342 72,807,654,138
코콤 015710 장기금융상품 213,134,600 182,668,700
코콤 015710 기타포괄손익-공정가치 0 0
코콤 015710 당기손익인식공정가치측정금융자산 0 0
코콤 015710 종속회사투자 0 0
코콤 015710 관계회사투자 0 0
코콤 015710 렌탈자산 0 0
코콤 015710 유형자산 30,705,771,995 29,870,579,650
코콤 015710 무형자산 1,785,690,677 1,437,195,623
코콤 015710 기타비유동금융자산 242,130,000 233,130,000
코콤 015710 기타비유동자산 0 0
코콤 015710 사용권자산 0 0
코콤 015710 이연법인세자산 0 0
코콤 015710 자산총계 138,779,717,138 128,889,699,446
코콤 015710 유동부채 21,107,216,751 19,309,385,428
코콤 015710 단기매입채무 0 0
코콤 015710 단기차입금 0 0
코콤 015710 유동성장기차입금 0 0
코콤 015710 유동성사채 0 0
코콤 015710 기타유동금융부채 248,000,000 248,000,000
코콤 015710 기타유동부채 4,966,028,047 4,281,056,097
코콤 015710 당기법인세부채 1,710,457,976 1,016,089,737
코콤 015710 유동리스부채 0 0
코콤 015710 비유동부채 7,711,339,049 7,274,829,920
코콤 015710 사채 0 0
코콤 015710 장기차입금 0 0
코콤 015710 기타비유동금융부채 3,105,695,880 2,850,113,955
코콤 015710 이연법인세부채 2,575,783,261 2,641,930,339
코콤 015710 비유동리스부채 0 0
코콤 015710 부채총계 28,818,555,800 26,584,215,348
코콤 015710 자본금 8,765,250,000 8,765,250,000
코콤 015710 자본잉여금 0 0
코콤 015710 자본조정 0 0
코콤 015710 기타포괄손익누계액 0 0
코콤 015710 이익잉여금(결손금) 85,263,845,551 77,608,168,311
코콤 015710 자본총계 109,961,161,338 102,305,484,098
코콤 015710 자본과부채총계 138,779,717,138 128,889,699,446
date : 2018-12-31
코콤 015710 유동자산 74,379,714,281 56,082,045,308
코콤 015710 현금및현금성자산 13,415,784,101 9,783,829,435
코콤 015710 매출채권 및 기타유동채권
코콤 015710 재고자산 14,630,112,653 13,552,959,953
코콤 015710 기타유동금융자산 0 0
코콤 015710 기타유동자산 1,196,726,225 438,251,924
코콤 015710 매각예정비유동자산 0 0
코콤 015710 비유동자산 73,239,739,202 72,807,654,138
코콤 015710 장기금융상품 223,289,900 182,668,700
코콤 015710 기타포괄손익-공정가치 0 0
코콤 015710 당기손익인식공정가치측정금융자산 0 0
코콤 015710 종속회사투자 0 0
코콤 015710 관계회사투자 0 0
코콤 015710 렌탈자산 0 0
코콤 015710 유형자산 31,061,621,639 29,870,579,650
코콤 015710 무형자산 951,381,512 1,437,195,623
코콤 015710 기타비유동금융자산 252,270,000 233,130,000
코콤 015710 기타비유동자산 0 0
코콤 015710 사용권자산 0 0
코콤 015710 이연법인세자산 0 0
코콤 015710 자산총계 147,619,453,483 128,889,699,446
코콤 015710 유동부채 26,748,035,544 19,309,385,428
코콤 015710 단기매입채무 0 0
코콤 015710 단기차입금 0 0
코콤 015710 유동성장기차입금 0 0
코콤 015710 유동성사채 0 0
코콤 015710 기타유동금융부채 248,000,000 248,000,000
코콤 015710 기타유동부채 6,410,789,712 4,281,056,097
코콤 015710 당기법인세부채 3,202,329,586 1,016,089,737
코콤 015710 유동리스부채 0 0
코콤 015710 비유동부채 7,760,999,643 7,274,829,920
코콤 015710 사채 0 0
코콤 015710 장기차입금 0 0
코콤 015710 기타비유동금융부채 3,123,902,722 2,850,113,955
코콤 015710 이연법인세부채 2,547,534,084 2,641,930,339
코콤 015710 비유동리스부채 0 0
코콤 015710 부채총계 34,509,035,187 26,584,215,348
코콤 015710 자본금 8,765,250,000 8,765,250,000
코콤 015710 자본잉여금 0 0
코콤 015710 자본조정 0 0
코콤 015710 기타포괄손익누계액 0 0
코콤 015710 이익잉여금(결손금) 88,413,102,509 77,608,168,311
코콤 015710 자본총계 113,110,418,296 102,305,484,098
코콤 015710 자본과부채총계 147,619,453,483 128,889,699,446
date : 2019-03-31
코콤 015710 유동자산 73,839,568,842 74,379,714,281
코콤 015710 현금및현금성자산 15,504,373,817 13,415,784,101
코콤 015710 매출채권 및 기타유동채권
코콤 015710 재고자산 19,302,130,096 14,630,112,653
코콤 015710 기타유동금융자산 0 0
코콤 015710 기타유동자산 524,283,609 1,196,726,225
코콤 015710 매각예정비유동자산 0 0
코콤 015710 비유동자산 73,584,434,357 73,239,739,202
코콤 015710 장기금융상품 233,445,200 223,289,900
코콤 015710 기타포괄손익-공정가치 0 0
코콤 015710 당기손익인식공정가치측정금융자산 0 0
코콤 015710 종속회사투자 0 0
코콤 015710 관계회사투자 0 0
코콤 015710 렌탈자산 0 0
코콤 015710 유형자산 31,559,503,087 31,061,621,639
코콤 015710 무형자산 905,025,409 951,381,512
코콤 015710 기타비유동금융자산 252,270,000 252,270,000
코콤 015710 기타비유동자산 0 0
코콤 015710 사용권자산 0 0
코콤 015710 이연법인세자산 0 0
코콤 015710 자산총계 147,424,003,199 147,619,453,483
코콤 015710 유동부채 27,113,194,267 26,748,035,544
코콤 015710 단기매입채무 0 0
코콤 015710 단기차입금 0 0
코콤 015710 유동성장기차입금 0 0
코콤 015710 유동성사채 0 0
코콤 015710 기타유동금융부채 508,000,000 248,000,000
코콤 015710 기타유동부채 4,410,336,612 6,410,789,712
코콤 015710 당기법인세부채 2,708,132,331 3,202,329,586
코콤 015710 유동리스부채 0 0
코콤 015710 비유동부채 7,514,114,425 7,760,999,643
코콤 015710 사채 0 0
코콤 015710 장기차입금 0 0
코콤 015710 기타비유동금융부채 2,899,834,046 3,123,902,722
코콤 015710 이연법인세부채 2,463,146,983 2,547,534,084
코콤 015710 비유동리스부채 0 0
코콤 015710 부채총계 34,627,308,692 34,509,035,187
코콤 015710 자본금 8,765,250,000 8,765,250,000
코콤 015710 자본잉여금 0 0
코콤 015710 자본조정 0 0
코콤 015710 기타포괄손익누계액 0 0
코콤 015710 이익잉여금(결손금) 88,099,378,720 88,413,102,509
코콤 015710 자본총계 112,796,694,507 113,110,418,296
코콤 015710 자본과부채총계 147,424,003,199 147,619,453,483
