date : 2015-12-31
산성앨엔에스 016100 유동자산 74,534,983,087 32,963,287,822
산성앨엔에스 016100 현금및현금성자산 14,359,458,372 6,079,134,299
산성앨엔에스 016100 매출채권 및 기타유동채권
산성앨엔에스 016100 재고자산 28,861,192,681 5,031,150,104
산성앨엔에스 016100 기타유동금융자산 0 0
산성앨엔에스 016100 기타유동자산 0 0
산성앨엔에스 016100 매각예정비유동자산 0 0
산성앨엔에스 016100 비유동자산 75,403,058,177 57,060,731,544
산성앨엔에스 016100 장기금융상품 0 0
산성앨엔에스 016100 기타포괄손익-공정가치 0 0
산성앨엔에스 016100 당기손익인식공정가치측정금융자산 0 0
산성앨엔에스 016100 종속회사투자 0 0
산성앨엔에스 016100 관계회사투자 0 0
산성앨엔에스 016100 렌탈자산 0 0
산성앨엔에스 016100 유형자산 56,200,055,195 45,072,782,038
산성앨엔에스 016100 무형자산 1,048,563,863 916,533,594
산성앨엔에스 016100 기타비유동금융자산 3,679,218,606 2,184,129,458
산성앨엔에스 016100 기타비유동자산 0 0
산성앨엔에스 016100 사용권자산 0 0
산성앨엔에스 016100 이연법인세자산 0 0
산성앨엔에스 016100 자산총계 149,938,041,264 90,024,019,366
산성앨엔에스 016100 유동부채 42,697,103,791 23,832,891,102
산성앨엔에스 016100 단기매입채무 0 0
산성앨엔에스 016100 단기차입금 15,609,724,201 6,030,317,393
산성앨엔에스 016100 유동성장기차입금 0 0
산성앨엔에스 016100 유동성사채 0 0
산성앨엔에스 016100 기타유동금융부채 0 0
산성앨엔에스 016100 기타유동부채 0 0
산성앨엔에스 016100 당기법인세부채 6,552,406,769 2,897,155,949
산성앨엔에스 016100 유동리스부채 0 0
산성앨엔에스 016100 비유동부채 25,452,813,711 5,688,506,236
산성앨엔에스 016100 사채 0 0
산성앨엔에스 016100 장기차입금 2,000,000,000 2,684,730,000
산성앨엔에스 016100 기타비유동금융부채 0 0
산성앨엔에스 016100 이연법인세부채 1,434,197,568 1,215,704,190
산성앨엔에스 016100 비유동리스부채 0 0
산성앨엔에스 016100 부채총계 68,149,917,502 29,521,397,338
산성앨엔에스 016100 자본금 8,969,758,500 8,969,758,500
산성앨엔에스 016100 자본잉여금 0 0
산성앨엔에스 016100 자본조정 0 0
산성앨엔에스 016100 기타포괄손익누계액 0 0
산성앨엔에스 016100 이익잉여금(결손금) 49,782,710,163 28,718,092,084
산성앨엔에스 016100 자본총계 81,788,123,762 60,502,622,028
산성앨엔에스 016100 자본과부채총계 149,938,041,264 90,024,019,366
date : 2016-03-31
리더스코스메틱 016100 유동자산 74,790,285,641 74,534,983,087
리더스코스메틱 016100 현금및현금성자산 22,765,383,002 14,359,458,372
리더스코스메틱 016100 매출채권 및 기타유동채권
리더스코스메틱 016100 재고자산 24,196,903,619 28,861,192,681
리더스코스메틱 016100 기타유동금융자산 0 0
리더스코스메틱 016100 기타유동자산 0 0
리더스코스메틱 016100 매각예정비유동자산 0 0
리더스코스메틱 016100 비유동자산 74,302,451,659 75,403,058,177
리더스코스메틱 016100 장기금융상품 0 0
리더스코스메틱 016100 기타포괄손익-공정가치 0 0
리더스코스메틱 016100 당기손익인식공정가치측정금융자산 0 0
리더스코스메틱 016100 종속회사투자 0 0
리더스코스메틱 016100 관계회사투자 0 0
리더스코스메틱 016100 렌탈자산 0 0
리더스코스메틱 016100 유형자산 55,364,067,070 56,200,055,195
리더스코스메틱 016100 무형자산 1,089,269,025 1,048,563,863
리더스코스메틱 016100 기타비유동금융자산 3,431,483,343 3,679,218,606
리더스코스메틱 016100 기타비유동자산 0 0
리더스코스메틱 016100 사용권자산 0 0
리더스코스메틱 016100 이연법인세자산 0 0
리더스코스메틱 016100 자산총계 149,092,737,300 149,938,041,264
리더스코스메틱 016100 유동부채 40,833,858,500 42,697,103,791
리더스코스메틱 016100 단기매입채무 0 0
리더스코스메틱 016100 단기차입금 15,077,296,634 15,609,724,201
리더스코스메틱 016100 유동성장기차입금 0 0
리더스코스메틱 016100 유동성사채 0 0
리더스코스메틱 016100 기타유동금융부채 0 0
리더스코스메틱 016100 기타유동부채 0 0
리더스코스메틱 016100 당기법인세부채 3,329,072,287 6,552,406,769
리더스코스메틱 016100 유동리스부채 0 0
리더스코스메틱 016100 비유동부채 25,571,473,974 25,452,813,711
리더스코스메틱 016100 사채 0 0
리더스코스메틱 016100 장기차입금 2,000,000,000 2,000,000,000
리더스코스메틱 016100 기타비유동금융부채 0 0
리더스코스메틱 016100 이연법인세부채 1,322,389,604 1,434,197,568
리더스코스메틱 016100 비유동리스부채 0 0
리더스코스메틱 016100 부채총계 66,405,332,474 68,149,917,502
리더스코스메틱 016100 자본금 8,969,758,500 8,969,758,500
리더스코스메틱 016100 자본잉여금 0 0
리더스코스메틱 016100 자본조정 0 0
리더스코스메틱 016100 기타포괄손익누계액 0 0
리더스코스메틱 016100 이익잉여금(결손금) 50,611,902,090 49,782,710,163
리더스코스메틱 016100 자본총계 82,687,404,826 81,788,123,762
리더스코스메틱 016100 자본과부채총계 149,092,737,300 149,938,041,264
date : 2016-06-30
리더스코스메틱 016100 유동자산 59,669,396,608 74,534,983,087
리더스코스메틱 016100 현금및현금성자산 12,193,184,169 14,359,458,372
리더스코스메틱 016100 매출채권 및 기타유동채권
리더스코스메틱 016100 재고자산 25,000,963,139 28,861,192,681
리더스코스메틱 016100 기타유동금융자산 0 0
리더스코스메틱 016100 기타유동자산 0 0
리더스코스메틱 016100 매각예정비유동자산 0 0
리더스코스메틱 016100 비유동자산 88,813,648,176 75,403,058,177
리더스코스메틱 016100 장기금융상품 0 0
리더스코스메틱 016100 기타포괄손익-공정가치 0 0
리더스코스메틱 016100 당기손익인식공정가치측정금융자산 0 0
리더스코스메틱 016100 종속회사투자 0 0
리더스코스메틱 016100 관계회사투자 0 0
리더스코스메틱 016100 렌탈자산 0 0
리더스코스메틱 016100 유형자산 24,266,047,695 56,200,055,195
리더스코스메틱 016100 무형자산 436,863,810 1,048,563,863
리더스코스메틱 016100 기타비유동금융자산 399,356,634 3,679,218,606
리더스코스메틱 016100 기타비유동자산 0 0
리더스코스메틱 016100 사용권자산 0 0
리더스코스메틱 016100 이연법인세자산 0 0
리더스코스메틱 016100 자산총계 148,483,044,784 149,938,041,264
리더스코스메틱 016100 유동부채 35,247,028,876 42,697,103,791
리더스코스메틱 016100 단기매입채무 0 0
리더스코스메틱 016100 단기차입금 14,341,989,764 15,609,724,201
리더스코스메틱 016100 유동성장기차입금 0 0
리더스코스메틱 016100 유동성사채 0 0
리더스코스메틱 016100 기타유동금융부채 0 0
리더스코스메틱 016100 기타유동부채 0 0
리더스코스메틱 016100 당기법인세부채 1,706,689,466 6,552,406,769
리더스코스메틱 016100 유동리스부채 0 0
리더스코스메틱 016100 비유동부채 32,190,912,668 25,452,813,711
리더스코스메틱 016100 사채 0 0
리더스코스메틱 016100 장기차입금 2,000,000,000 2,000,000,000
리더스코스메틱 016100 기타비유동금융부채 0 0
리더스코스메틱 016100 이연법인세부채 1,788,902,578 1,434,197,568
리더스코스메틱 016100 비유동리스부채 0 0
리더스코스메틱 016100 부채총계 67,437,941,544 68,149,917,502
리더스코스메틱 016100 자본금 8,969,758,500 8,969,758,500
리더스코스메틱 016100 자본잉여금 0 0
리더스코스메틱 016100 자본조정 0 0
리더스코스메틱 016100 기타포괄손익누계액 0 0
리더스코스메틱 016100 이익잉여금(결손금) 48,899,511,367 49,782,710,163
리더스코스메틱 016100 자본총계 81,045,103,240 81,788,123,762
리더스코스메틱 016100 자본과부채총계 148,483,044,784 149,938,041,264
date : 2016-09-30
리더스코스메틱 016100 유동자산 59,877,089,879 74,534,983,087
리더스코스메틱 016100 현금및현금성자산 18,295,025,801 14,359,458,372
리더스코스메틱 016100 매출채권 및 기타유동채권
리더스코스메틱 016100 재고자산 22,523,554,439 28,861,192,681
리더스코스메틱 016100 기타유동금융자산 0 0
리더스코스메틱 016100 기타유동자산 0 0
리더스코스메틱 016100 매각예정비유동자산 0 0
리더스코스메틱 016100 비유동자산 89,649,197,939 75,403,058,177
리더스코스메틱 016100 장기금융상품 0 0
리더스코스메틱 016100 기타포괄손익-공정가치 0 0
리더스코스메틱 016100 당기손익인식공정가치측정금융자산 0 0
리더스코스메틱 016100 종속회사투자 0 0
리더스코스메틱 016100 관계회사투자 0 0
리더스코스메틱 016100 렌탈자산 0 0
리더스코스메틱 016100 유형자산 24,680,249,341 56,200,055,195
리더스코스메틱 016100 무형자산 792,208,837 1,048,563,863
리더스코스메틱 016100 기타비유동금융자산 383,676,634 3,679,218,606
리더스코스메틱 016100 기타비유동자산 0 0
리더스코스메틱 016100 사용권자산 0 0
리더스코스메틱 016100 이연법인세자산 0 0
리더스코스메틱 016100 자산총계 149,526,287,818 149,938,041,264
리더스코스메틱 016100 유동부채 15,846,214,556 42,697,103,791
리더스코스메틱 016100 단기매입채무 0 0
리더스코스메틱 016100 단기차입금 6,040,025,913 15,609,724,201
리더스코스메틱 016100 유동성장기차입금 0 0
리더스코스메틱 016100 유동성사채 0 0
리더스코스메틱 016100 기타유동금융부채 0 0
리더스코스메틱 016100 기타유동부채 0 0
리더스코스메틱 016100 당기법인세부채 760,077,943 6,552,406,769
리더스코스메틱 016100 유동리스부채 0 0
리더스코스메틱 016100 비유동부채 43,424,549,493 25,452,813,711
리더스코스메틱 016100 사채 0 0
리더스코스메틱 016100 장기차입금 12,000,000,000 2,000,000,000
리더스코스메틱 016100 기타비유동금융부채 0 0
리더스코스메틱 016100 이연법인세부채 2,634,160,714 1,434,197,568
리더스코스메틱 016100 비유동리스부채 0 0
리더스코스메틱 016100 부채총계 59,270,764,049 68,149,917,502
리더스코스메틱 016100 자본금 8,969,758,500 8,969,758,500
리더스코스메틱 016100 자본잉여금 0 0
리더스코스메틱 016100 자본조정 0 0
리더스코스메틱 016100 기타포괄손익누계액 0 0
리더스코스메틱 016100 이익잉여금(결손금) 55,736,553,235 49,782,710,163
리더스코스메틱 016100 자본총계 90,255,523,769 81,788,123,762
리더스코스메틱 016100 자본과부채총계 149,526,287,818 149,938,041,264
date : 2016-12-31
리더스코스메틱 016100 유동자산 55,877,193,339 74,534,983,087
리더스코스메틱 016100 현금및현금성자산 8,853,218,932 14,359,458,372
리더스코스메틱 016100 매출채권 및 기타유동채권
리더스코스메틱 016100 재고자산 18,359,145,081 28,861,192,681
리더스코스메틱 016100 기타유동금융자산 0 0
리더스코스메틱 016100 기타유동자산 0 0
리더스코스메틱 016100 매각예정비유동자산 0 0
리더스코스메틱 016100 비유동자산 92,831,641,187 75,403,058,177
리더스코스메틱 016100 장기금융상품 0 0
리더스코스메틱 016100 기타포괄손익-공정가치 0 0
리더스코스메틱 016100 당기손익인식공정가치측정금융자산 0 0
리더스코스메틱 016100 종속회사투자 0 0
리더스코스메틱 016100 관계회사투자 0 0
리더스코스메틱 016100 렌탈자산 0 0
리더스코스메틱 016100 유형자산 29,518,346,252 56,200,055,195
리더스코스메틱 016100 무형자산 783,973,880 1,048,563,863
리더스코스메틱 016100 기타비유동금융자산 179,170,084 3,679,218,606
리더스코스메틱 016100 기타비유동자산 0 0
리더스코스메틱 016100 사용권자산 0 0
리더스코스메틱 016100 이연법인세자산 0 0
리더스코스메틱 016100 자산총계 148,708,834,526 149,938,041,264
리더스코스메틱 016100 유동부채 43,089,578,720 42,697,103,791
리더스코스메틱 016100 단기매입채무 0 0
리더스코스메틱 016100 단기차입금 6,046,923,638 15,609,724,201
리더스코스메틱 016100 유동성장기차입금 0 0
리더스코스메틱 016100 유동성사채 22,945,554,289 15,609,724,201
리더스코스메틱 016100 기타유동금융부채 0 0
리더스코스메틱 016100 기타유동부채 0 0
리더스코스메틱 016100 당기법인세부채 4,030,223,265 6,552,406,769
리더스코스메틱 016100 유동리스부채 0 0
리더스코스메틱 016100 비유동부채 17,866,747,720 25,452,813,711
리더스코스메틱 016100 사채 0 0
리더스코스메틱 016100 장기차입금 11,166,630,000 2,000,000,000
리더스코스메틱 016100 기타비유동금융부채 0 0
리더스코스메틱 016100 이연법인세부채 1,119,227,976 1,434,197,568
리더스코스메틱 016100 비유동리스부채 0 0
리더스코스메틱 016100 부채총계 60,956,326,440 68,149,917,502
리더스코스메틱 016100 자본금 8,969,758,500 8,969,758,500
리더스코스메틱 016100 자본잉여금 0 0
리더스코스메틱 016100 자본조정 0 0
리더스코스메틱 016100 기타포괄손익누계액 0 0
리더스코스메틱 016100 이익잉여금(결손금) 53,732,295,162 49,782,710,163
리더스코스메틱 016100 자본총계 87,752,508,086 81,788,123,762
리더스코스메틱 016100 자본과부채총계 148,708,834,526 149,938,041,264
date : 2017-03-31
리더스코스메틱 016100 유동자산 46,156,901,623 55,877,193,339
리더스코스메틱 016100 현금및현금성자산 15,680,106,844 8,853,218,932
리더스코스메틱 016100 매출채권 및 기타유동채권
리더스코스메틱 016100 재고자산 15,248,110,661 18,359,145,081
리더스코스메틱 016100 기타유동금융자산 0 0
리더스코스메틱 016100 기타유동자산 0 0
리더스코스메틱 016100 매각예정비유동자산 0 0
리더스코스메틱 016100 비유동자산 92,267,790,941 92,831,641,187
리더스코스메틱 016100 장기금융상품 0 0
리더스코스메틱 016100 기타포괄손익-공정가치 0 0
리더스코스메틱 016100 당기손익인식공정가치측정금융자산 0 0
리더스코스메틱 016100 종속회사투자 0 0
리더스코스메틱 016100 관계회사투자 0 0
리더스코스메틱 016100 렌탈자산 0 0
리더스코스메틱 016100 유형자산 33,320,492,970 29,518,346,252
리더스코스메틱 016100 무형자산 1,077,898,907 783,973,880
리더스코스메틱 016100 기타비유동금융자산 162,016,634 179,170,084
리더스코스메틱 016100 기타비유동자산 0 0
리더스코스메틱 016100 사용권자산 0 0
리더스코스메틱 016100 이연법인세자산 0 0
리더스코스메틱 016100 자산총계 138,424,692,564 148,708,834,526
리더스코스메틱 016100 유동부채 35,513,682,283 43,089,578,720
리더스코스메틱 016100 단기매입채무 0 0
리더스코스메틱 016100 단기차입금 3,024,659,113 6,046,923,638
리더스코스메틱 016100 유동성장기차입금 0 0
리더스코스메틱 016100 유동성사채 23,183,950,232 22,945,554,289
리더스코스메틱 016100 기타유동금융부채 0 0
리더스코스메틱 016100 기타유동부채 0 0
리더스코스메틱 016100 당기법인세부채 2,356,361,160 4,030,223,265
리더스코스메틱 016100 유동리스부채 0 0
리더스코스메틱 016100 비유동부채 15,628,281,276 17,866,747,720
리더스코스메틱 016100 사채 0 0
리더스코스메틱 016100 장기차입금 14,499,900,000 11,166,630,000
리더스코스메틱 016100 기타비유동금융부채 0 0
리더스코스메틱 016100 이연법인세부채 980,451,194 1,119,227,976
리더스코스메틱 016100 비유동리스부채 0 0
리더스코스메틱 016100 부채총계 51,141,963,559 60,956,326,440
리더스코스메틱 016100 자본금 8,969,758,500 8,969,758,500
리더스코스메틱 016100 자본잉여금 0 0
리더스코스메틱 016100 자본조정 0 0
리더스코스메틱 016100 기타포괄손익누계액 0 0
리더스코스메틱 016100 이익잉여금(결손금) 53,195,989,101 53,732,295,162
리더스코스메틱 016100 자본총계 87,282,729,005 87,752,508,086
리더스코스메틱 016100 자본과부채총계 138,424,692,564 148,708,834,526
date : 2017-06-30
리더스코스메틱 016100 유동자산 41,593,256,133 55,877,193,339
리더스코스메틱 016100 현금및현금성자산 11,246,556,050 8,853,218,932
리더스코스메틱 016100 매출채권 및 기타유동채권
리더스코스메틱 016100 재고자산 14,089,543,114 18,359,145,081
리더스코스메틱 016100 기타유동금융자산 0 0
리더스코스메틱 016100 기타유동자산 0 0
리더스코스메틱 016100 매각예정비유동자산 0 0
리더스코스메틱 016100 비유동자산 103,583,891,540 92,831,641,187
리더스코스메틱 016100 장기금융상품 0 0
리더스코스메틱 016100 기타포괄손익-공정가치 0 0
리더스코스메틱 016100 당기손익인식공정가치측정금융자산 0 0
리더스코스메틱 016100 종속회사투자 0 0
리더스코스메틱 016100 관계회사투자 0 0
리더스코스메틱 016100 렌탈자산 0 0
리더스코스메틱 016100 유형자산 44,200,050,141 29,518,346,252
리더스코스메틱 016100 무형자산 1,019,605,943 783,973,880
리더스코스메틱 016100 기타비유동금융자산 146,616,634 179,170,084
리더스코스메틱 016100 기타비유동자산 0 0
리더스코스메틱 016100 사용권자산 0 0
리더스코스메틱 016100 이연법인세자산 0 0
리더스코스메틱 016100 자산총계 145,177,147,673 148,708,834,526
리더스코스메틱 016100 유동부채 40,800,262,644 43,089,578,720
리더스코스메틱 016100 단기매입채무 0 0
리더스코스메틱 016100 단기차입금 3,602,493,528 6,046,923,638
리더스코스메틱 016100 유동성장기차입금 0 0
리더스코스메틱 016100 유동성사채 23,424,995,016 22,945,554,289
리더스코스메틱 016100 기타유동금융부채 0 0
리더스코스메틱 016100 기타유동부채 0 0
리더스코스메틱 016100 당기법인세부채 4,030,223,265 22,945,554,289
리더스코스메틱 016100 유동리스부채 0 0
리더스코스메틱 016100 비유동부채 16,821,621,693 17,866,747,720
리더스코스메틱 016100 사채 0 0
리더스코스메틱 016100 장기차입금 15,649,850,000 11,166,630,000
리더스코스메틱 016100 기타비유동금융부채 0 0
리더스코스메틱 016100 이연법인세부채 849,569,532 1,119,227,976
리더스코스메틱 016100 비유동리스부채 0 0
리더스코스메틱 016100 부채총계 57,621,884,337 60,956,326,440
리더스코스메틱 016100 자본금 8,969,758,500 8,969,758,500
리더스코스메틱 016100 자본잉여금 0 0
리더스코스메틱 016100 자본조정 0 0
리더스코스메틱 016100 기타포괄손익누계액 0 0
리더스코스메틱 016100 이익잉여금(결손금) 53,332,486,189 53,732,295,162
리더스코스메틱 016100 자본총계 87,555,263,336 87,752,508,086
리더스코스메틱 016100 자본과부채총계 145,177,147,673 148,708,834,526
date : 2017-09-30
리더스코스메틱 016100 유동자산 76,101,856,388 55,877,193,339
리더스코스메틱 016100 현금및현금성자산 50,295,753,283 8,853,218,932
리더스코스메틱 016100 매출채권 및 기타유동채권
리더스코스메틱 016100 재고자산 12,658,308,316 18,359,145,081
리더스코스메틱 016100 기타유동금융자산 1,390,228,444 8,790,724,000
리더스코스메틱 016100 기타유동자산 0 0
리더스코스메틱 016100 매각예정비유동자산 0 0
리더스코스메틱 016100 비유동자산 104,047,356,717 92,831,641,187
리더스코스메틱 016100 장기금융상품 0 0
리더스코스메틱 016100 기타포괄손익-공정가치 0 0
리더스코스메틱 016100 당기손익인식공정가치측정금융자산 0 0
리더스코스메틱 016100 종속회사투자 0 0
리더스코스메틱 016100 관계회사투자 0 0
리더스코스메틱 016100 렌탈자산 0 0
리더스코스메틱 016100 유형자산 44,798,444,543 29,518,346,252
리더스코스메틱 016100 무형자산 999,956,678 783,973,880
리더스코스메틱 016100 기타비유동금융자산 142,416,634 179,170,084
리더스코스메틱 016100 기타비유동자산 0 0
리더스코스메틱 016100 사용권자산 0 0
리더스코스메틱 016100 이연법인세자산 0 0
리더스코스메틱 016100 자산총계 180,149,213,105 148,708,834,526
리더스코스메틱 016100 유동부채 46,046,690,428 43,089,578,720
리더스코스메틱 016100 단기매입채무 0 0
리더스코스메틱 016100 단기차입금 3,033,435,477 6,046,923,638
리더스코스메틱 016100 유동성장기차입금 8,666,800,000 833,370,000
리더스코스메틱 016100 유동성사채 23,661,612,466 22,945,554,289
리더스코스메틱 016100 기타유동금융부채 0 0
리더스코스메틱 016100 기타유동부채 0 0
리더스코스메틱 016100 당기법인세부채 4,030,223,265 833,370,000
리더스코스메틱 016100 유동리스부채 0 0
리더스코스메틱 016100 비유동부채 46,783,898,765 17,866,747,720
리더스코스메틱 016100 사채 27,721,334,617 11,166,630,000
리더스코스메틱 016100 장기차입금 17,333,200,000 11,166,630,000
리더스코스메틱 016100 기타비유동금융부채 0 0
리더스코스메틱 016100 이연법인세부채 1,242,587,363 1,119,227,976
리더스코스메틱 016100 비유동리스부채 0 0
리더스코스메틱 016100 부채총계 92,830,589,193 60,956,326,440
리더스코스메틱 016100 자본금 31,464,222,817 31,464,222,817
리더스코스메틱 016100 자본잉여금 0 0
리더스코스메틱 016100 자본조정 0 0
리더스코스메틱 016100 기타포괄손익누계액 0 0
리더스코스메틱 016100 이익잉여금(결손금) 53,025,867,637 53,732,295,162
리더스코스메틱 016100 자본총계 87,318,623,912 87,752,508,086
리더스코스메틱 016100 자본과부채총계 180,149,213,105 148,708,834,526
date : 2017-12-31
리더스코스메틱 016100 유동자산 57,482,203,827 55,877,193,339
리더스코스메틱 016100 현금및현금성자산 21,868,339,136 8,853,218,932
리더스코스메틱 016100 매출채권 및 기타유동채권
리더스코스메틱 016100 재고자산 15,359,303,469 18,359,145,081
리더스코스메틱 016100 기타유동금융자산 8,633,395,110 8,790,724,000
리더스코스메틱 016100 기타유동자산 0 0
리더스코스메틱 016100 매각예정비유동자산 0 0
리더스코스메틱 016100 비유동자산 95,955,302,191 92,831,641,187
리더스코스메틱 016100 장기금융상품 0 0
리더스코스메틱 016100 기타포괄손익-공정가치 0 0
리더스코스메틱 016100 당기손익인식공정가치측정금융자산 0 0
리더스코스메틱 016100 종속회사투자 0 0
리더스코스메틱 016100 관계회사투자 0 0
리더스코스메틱 016100 렌탈자산 0 0
리더스코스메틱 016100 유형자산 35,911,253,903 29,518,346,252
리더스코스메틱 016100 무형자산 1,034,167,552 783,973,880
리더스코스메틱 016100 기타비유동금융자산 138,216,634 179,170,084
리더스코스메틱 016100 기타비유동자산 0 0
리더스코스메틱 016100 사용권자산 0 0
리더스코스메틱 016100 이연법인세자산 1,322,114,040 783,973,880
리더스코스메틱 016100 자산총계 153,437,506,018 148,708,834,526
리더스코스메틱 016100 유동부채 35,977,258,831 43,089,578,720
리더스코스메틱 016100 단기매입채무 0 0
리더스코스메틱 016100 단기차입금 31,612,727 6,046,923,638
리더스코스메틱 016100 유동성장기차입금 8,666,600,000 833,370,000
리더스코스메틱 016100 유동성사채 22,945,554,289 6,552,406,769
리더스코스메틱 016100 기타유동금융부채 0 0
리더스코스메틱 016100 기타유동부채 0 0
리더스코스메틱 016100 당기법인세부채 4,030,223,265 6,552,406,769
리더스코스메틱 016100 유동리스부채 0 0
리더스코스메틱 016100 비유동부채 37,047,122,550 17,866,747,720
리더스코스메틱 016100 사채 21,453,516,018 22,018,616,143
리더스코스메틱 016100 장기차입금 15,166,550,000 11,166,630,000
리더스코스메틱 016100 기타비유동금융부채 0 0
리더스코스메틱 016100 이연법인세부채 1,119,227,976 1,434,197,568
리더스코스메틱 016100 비유동리스부채 0 0
리더스코스메틱 016100 부채총계 73,024,381,381 60,956,326,440
리더스코스메틱 016100 자본금 31,464,222,817 31,464,222,817
리더스코스메틱 016100 자본잉여금 0 0
리더스코스메틱 016100 자본조정 0 0
리더스코스메틱 016100 기타포괄손익누계액 0 0
리더스코스메틱 016100 이익잉여금(결손금) 47,883,127,002 53,732,295,162
리더스코스메틱 016100 자본총계 80,413,124,637 87,752,508,086
리더스코스메틱 016100 자본과부채총계 153,437,506,018 148,708,834,526
date : 2018-03-31
리더스코스메틱 016100 유동자산 60,729,660,065 57,482,203,827
리더스코스메틱 016100 현금및현금성자산 25,384,624,836 21,868,339,136
리더스코스메틱 016100 매출채권 및 기타유동채권
리더스코스메틱 016100 재고자산 14,473,036,313 15,359,303,469
리더스코스메틱 016100 기타유동금융자산 7,247,096,557 8,633,395,110
리더스코스메틱 016100 기타유동자산 0 0
리더스코스메틱 016100 매각예정비유동자산 0 0
리더스코스메틱 016100 비유동자산 95,599,183,183 95,955,302,191
리더스코스메틱 016100 장기금융상품 0 0
리더스코스메틱 016100 기타포괄손익-공정가치 0 0
리더스코스메틱 016100 당기손익인식공정가치측정금융자산 0 0
리더스코스메틱 016100 종속회사투자 0 0
리더스코스메틱 016100 관계회사투자 0 0
리더스코스메틱 016100 렌탈자산 0 0
리더스코스메틱 016100 유형자산 36,458,459,036 35,911,253,903
리더스코스메틱 016100 무형자산 1,094,689,676 1,034,167,552
리더스코스메틱 016100 기타비유동금융자산 152,905,522 138,216,634
리더스코스메틱 016100 기타비유동자산 0 0
리더스코스메틱 016100 사용권자산 0 0
리더스코스메틱 016100 이연법인세자산 1,322,114,040 1,034,167,552
리더스코스메틱 016100 자산총계 156,328,843,248 153,437,506,018
리더스코스메틱 016100 유동부채 35,698,613,890 35,977,258,831
리더스코스메틱 016100 단기매입채무 0 0
리더스코스메틱 016100 단기차입금 42,419,184 31,612,727
리더스코스메틱 016100 유동성장기차입금 8,666,600,000 8,666,600,000
리더스코스메틱 016100 유동성사채 0 8,666,600,000
리더스코스메틱 016100 기타유동금융부채 0 0
리더스코스메틱 016100 기타유동부채 0 0
리더스코스메틱 016100 당기법인세부채 520,490,045 8,666,600,000
리더스코스메틱 016100 유동리스부채 0 0
리더스코스메틱 016100 비유동부채 35,615,223,810 37,047,122,550
리더스코스메틱 016100 사채 21,981,594,409 21,453,516,018
리더스코스메틱 016100 장기차입금 12,999,900,000 15,166,550,000
리더스코스메틱 016100 기타비유동금융부채 0 0
리더스코스메틱 016100 이연법인세부채 147,146,320 21,453,516,018
리더스코스메틱 016100 비유동리스부채 0 0
리더스코스메틱 016100 부채총계 71,313,837,700 73,024,381,381
리더스코스메틱 016100 자본금 31,464,222,817 31,464,222,817
리더스코스메틱 016100 자본잉여금 0 0
리더스코스메틱 016100 자본조정 0 0
리더스코스메틱 016100 기타포괄손익누계액 0 0
리더스코스메틱 016100 이익잉여금(결손금) 52,193,493,916 47,883,127,002
리더스코스메틱 016100 자본총계 85,015,005,548 80,413,124,637
리더스코스메틱 016100 자본과부채총계 156,328,843,248 153,437,506,018
date : 2018-06-30
리더스코스메틱 016100 유동자산 63,650,442,016 57,482,203,827
리더스코스메틱 016100 현금및현금성자산 25,004,935,499 21,868,339,136
리더스코스메틱 016100 매출채권 27,655,469,430 13,958,282,509
리더스코스메틱 016100 재고자산 12,228,343,291 15,359,303,469
리더스코스메틱 016100 기타유동금융자산 2,228,514,133 8,633,395,110
리더스코스메틱 016100 기타유동자산 0 0
리더스코스메틱 016100 매각예정비유동자산 0 0
리더스코스메틱 016100 비유동자산 95,645,088,740 95,955,302,191
리더스코스메틱 016100 장기금융상품 0 0
리더스코스메틱 016100 기타포괄손익-공정가치 0 0
리더스코스메틱 016100 당기손익인식공정가치측정금융자산 0 0
리더스코스메틱 016100 종속회사투자 0 0
리더스코스메틱 016100 관계회사투자 0 0
리더스코스메틱 016100 렌탈자산 0 0
리더스코스메틱 016100 유형자산 36,557,456,487 35,911,253,903
리더스코스메틱 016100 무형자산 1,034,240,063 1,034,167,552
리더스코스메틱 016100 기타비유동금융자산 173,113,296 138,216,634
리더스코스메틱 016100 기타비유동자산 0 0
리더스코스메틱 016100 사용권자산 0 0
리더스코스메틱 016100 이연법인세자산 1,322,114,040 1,034,167,552
리더스코스메틱 016100 자산총계 159,295,530,756 153,437,506,018
리더스코스메틱 016100 유동부채 34,951,790,733 36,295,984,392
리더스코스메틱 016100 단기매입채무 6,250,472,569 5,578,144,651
리더스코스메틱 016100 단기차입금 30,235,423 31,612,727
리더스코스메틱 016100 유동성장기차입금 8,666,600,000 8,666,600,000
리더스코스메틱 016100 유동성사채 0 0
리더스코스메틱 016100 기타유동금융부채 0 0
리더스코스메틱 016100 기타유동부채 0 0
리더스코스메틱 016100 당기법인세부채 706,994,755 8,666,600,000
리더스코스메틱 016100 유동리스부채 0 0
리더스코스메틱 016100 비유동부채 34,678,655,176 36,728,396,989
리더스코스메틱 016100 사채 22,515,540,337 21,453,516,018
리더스코스메틱 016100 장기차입금 10,833,250,000 15,166,550,000
리더스코스메틱 016100 기타비유동금융부채 0 0
리더스코스메틱 016100 이연법인세부채 812,205,870 21,453,516,018
리더스코스메틱 016100 비유동리스부채 0 0
리더스코스메틱 016100 부채총계 69,630,445,909 73,024,381,381
리더스코스메틱 016100 자본금 31,464,222,817 31,464,222,817
리더스코스메틱 016100 자본잉여금 0 0
리더스코스메틱 016100 자본조정 0 0
리더스코스메틱 016100 기타포괄손익누계액 0 0
리더스코스메틱 016100 이익잉여금(결손금) 56,824,370,977 47,883,127,002
리더스코스메틱 016100 자본총계 89,665,084,847 80,413,124,637
리더스코스메틱 016100 자본과부채총계 159,295,530,756 153,437,506,018
date : 2018-09-30
리더스코스메틱 016100 유동자산 52,107,960,294 57,482,203,827
리더스코스메틱 016100 현금및현금성자산 6,858,055,864 21,868,339,136
리더스코스메틱 016100 매출채권 24,265,308,847 13,958,282,509
리더스코스메틱 016100 재고자산 11,587,851,563 15,359,303,469
리더스코스메틱 016100 기타유동금융자산 12,094,847,524 8,633,395,110
리더스코스메틱 016100 기타유동자산 0 0
리더스코스메틱 016100 매각예정비유동자산 0 0
리더스코스메틱 016100 비유동자산 95,614,086,793 95,955,302,191
리더스코스메틱 016100 장기금융상품 0 0
리더스코스메틱 016100 기타포괄손익-공정가치 0 0
리더스코스메틱 016100 당기손익인식공정가치측정금융자산 0 0
리더스코스메틱 016100 종속회사투자 0 0
리더스코스메틱 016100 관계회사투자 0 0
리더스코스메틱 016100 렌탈자산 0 0
리더스코스메틱 016100 유형자산 36,313,987,838 35,911,253,903
리더스코스메틱 016100 무형자산 1,004,765,327 1,034,167,552
리더스코스메틱 016100 기타비유동금융자산 167,928,294 138,216,634
리더스코스메틱 016100 기타비유동자산 0 0
리더스코스메틱 016100 사용권자산 0 0
리더스코스메틱 016100 이연법인세자산 225,170,415 1,322,114,040
리더스코스메틱 016100 자산총계 147,722,047,087 153,437,506,018
리더스코스메틱 016100 유동부채 25,933,008,698 36,295,984,392
리더스코스메틱 016100 단기매입채무 1,077,113,145 5,578,144,651
리더스코스메틱 016100 단기차입금 8,343,692 31,612,727
리더스코스메틱 016100 유동성장기차입금 8,666,600,000 8,666,600,000
리더스코스메틱 016100 유동성사채 0 0
리더스코스메틱 016100 기타유동금융부채 0 0
리더스코스메틱 016100 기타유동부채 0 0
리더스코스메틱 016100 당기법인세부채 0 8,666,600,000
리더스코스메틱 016100 유동리스부채 0 0
리더스코스메틱 016100 비유동부채 30,189,863,642 36,728,396,989
리더스코스메틱 016100 사채 20,825,779,119 21,453,516,018
리더스코스메틱 016100 장기차입금 8,666,600,000 15,166,550,000
리더스코스메틱 016100 기타비유동금융부채 0 0
리더스코스메틱 016100 이연법인세부채 0 21,453,516,018
리더스코스메틱 016100 비유동리스부채 0 0
리더스코스메틱 016100 부채총계 56,122,872,340 73,024,381,381
리더스코스메틱 016100 자본금 35,161,867,203 31,464,222,817
리더스코스메틱 016100 자본잉여금 0 0
리더스코스메틱 016100 자본조정 0 0
리더스코스메틱 016100 기타포괄손익누계액 0 0
리더스코스메틱 016100 이익잉여금(결손금) 55,041,403,239 47,883,127,002
리더스코스메틱 016100 자본총계 91,599,174,747 80,413,124,637
리더스코스메틱 016100 자본과부채총계 147,722,047,087 153,437,506,018
date : 2018-12-31
리더스코스메틱 016100 유동자산 40,049,703,338 57,482,203,827
리더스코스메틱 016100 현금및현금성자산 18,751,719,605 21,868,339,136
리더스코스메틱 016100 매출채권 20,229,041,827 13,958,282,509
리더스코스메틱 016100 재고자산 12,551,834,774 15,359,303,469
리더스코스메틱 016100 기타유동금융자산 1,509,874,373 8,633,395,110
리더스코스메틱 016100 기타유동자산 0 0
리더스코스메틱 016100 매각예정비유동자산 0 0
리더스코스메틱 016100 비유동자산 92,834,577,069 95,955,302,191
리더스코스메틱 016100 장기금융상품 0 0
리더스코스메틱 016100 기타포괄손익-공정가치 0 0
리더스코스메틱 016100 당기손익인식공정가치측정금융자산 0 0
리더스코스메틱 016100 종속회사투자 0 0
리더스코스메틱 016100 관계회사투자 0 0
리더스코스메틱 016100 렌탈자산 0 0
리더스코스메틱 016100 유형자산 35,823,944,686 35,911,253,903
리더스코스메틱 016100 무형자산 1,116,865,067 1,034,167,552
리더스코스메틱 016100 기타비유동금융자산 175,638,286 138,216,634
리더스코스메틱 016100 기타비유동자산 0 0
리더스코스메틱 016100 사용권자산 0 0
리더스코스메틱 016100 이연법인세자산 3,058,858,293 1,322,114,040
리더스코스메틱 016100 자산총계 132,884,280,407 153,437,506,018
리더스코스메틱 016100 유동부채 48,535,618,989 36,295,984,392
리더스코스메틱 016100 단기매입채무 1,462,177,902 5,578,144,651
리더스코스메틱 016100 단기차입금 16,997,579 31,612,727
리더스코스메틱 016100 유동성장기차입금 10,166,600,000 8,666,600,000
리더스코스메틱 016100 유동성사채 21,364,189,256 22,945,554,289
리더스코스메틱 016100 기타유동금융부채 0 0
리더스코스메틱 016100 기타유동부채 0 0
리더스코스메틱 016100 당기법인세부채 4,030,223,265 22,945,554,289
리더스코스메틱 016100 유동리스부채 0 0
리더스코스메틱 016100 비유동부채 10,127,677,667 36,728,396,989
리더스코스메틱 016100 사채 21,453,516,018 15,166,550,000
리더스코스메틱 016100 장기차입금 9,999,950,000 15,166,550,000
리더스코스메틱 016100 기타비유동금융부채 0 0
리더스코스메틱 016100 이연법인세부채 1,119,227,976 15,166,550,000
리더스코스메틱 016100 비유동리스부채 0 0
리더스코스메틱 016100 부채총계 58,663,296,656 73,024,381,381
리더스코스메틱 016100 자본금 35,161,867,203 31,464,222,817
리더스코스메틱 016100 자본잉여금 0 0
리더스코스메틱 016100 자본조정 0 0
리더스코스메틱 016100 기타포괄손익누계액 0 0
리더스코스메틱 016100 이익잉여금(결손금) 37,643,798,992 47,883,127,002
리더스코스메틱 016100 자본총계 74,220,983,751 80,413,124,637
리더스코스메틱 016100 자본과부채총계 132,884,280,407 153,437,506,018
date : 2019-03-31
리더스코스메틱 016100 유동자산 33,039,076,936 40,049,703,338
리더스코스메틱 016100 현금및현금성자산 7,810,692,475 18,751,719,605
리더스코스메틱 016100 매출채권 20,704,245,348 20,229,041,827
리더스코스메틱 016100 재고자산 11,908,721,679 12,551,834,774
리더스코스메틱 016100 기타유동금융자산 4,047,360,200 1,509,874,373
리더스코스메틱 016100 기타유동자산 0 0
리더스코스메틱 016100 매각예정비유동자산 0 0
리더스코스메틱 016100 비유동자산 93,437,395,597 92,834,577,069
리더스코스메틱 016100 장기금융상품 0 0
리더스코스메틱 016100 기타포괄손익-공정가치 0 0
리더스코스메틱 016100 당기손익인식공정가치측정금융자산 0 0
리더스코스메틱 016100 종속회사투자 0 0
리더스코스메틱 016100 관계회사투자 0 0
리더스코스메틱 016100 렌탈자산 0 0
리더스코스메틱 016100 유형자산 36,404,056,200 35,823,944,686
리더스코스메틱 016100 무형자산 1,041,923,260 1,116,865,067
리더스코스메틱 016100 기타비유동금융자산 168,703,264 175,638,286
리더스코스메틱 016100 기타비유동자산 0 0
리더스코스메틱 016100 사용권자산 0 0
리더스코스메틱 016100 이연법인세자산 3,448,096,177 3,058,858,293
리더스코스메틱 016100 자산총계 126,476,472,533 132,884,280,407
리더스코스메틱 016100 유동부채 46,030,932,133 48,535,618,989
리더스코스메틱 016100 단기매입채무 495,458,578 1,462,177,902
리더스코스메틱 016100 단기차입금 8,287,735 16,997,579
리더스코스메틱 016100 유동성장기차입금 10,666,600,000 10,166,600,000
리더스코스메틱 016100 유동성사채 21,890,894,825 21,364,189,256
리더스코스메틱 016100 기타유동금융부채 0 0
리더스코스메틱 016100 기타유동부채 0 0
리더스코스메틱 016100 당기법인세부채 0 0
리더스코스메틱 016100 유동리스부채 674,272,000 21,364,189,256
리더스코스메틱 016100 비유동부채 7,825,432,788 10,127,677,667
리더스코스메틱 016100 사채 0 0
리더스코스메틱 016100 장기차입금 7,333,300,000 9,999,950,000
리더스코스메틱 016100 기타비유동금융부채 0 0
리더스코스메틱 016100 이연법인세부채 0 0
리더스코스메틱 016100 비유동리스부채 352,082,762 9,999,950,000
리더스코스메틱 016100 부채총계 53,856,364,921 58,663,296,656
리더스코스메틱 016100 자본금 35,161,867,203 35,161,867,203
리더스코스메틱 016100 자본잉여금 0 0
리더스코스메틱 016100 자본조정 0 0
리더스코스메틱 016100 기타포괄손익누계액 0 0
리더스코스메틱 016100 이익잉여금(결손금) 28,262,312,421 37,643,798,992
리더스코스메틱 016100 자본총계 72,620,107,612 74,220,983,751
리더스코스메틱 016100 자본과부채총계 126,476,472,533 132,884,280,407
