date : 2015-12-31
동부제철 016380 유동자산 471,509,801,918 803,606,888,210
동부제철 016380 현금및현금성자산 4,185,237,369 10,084,479,168
동부제철 016380 매출채권 301,984,352,964 381,008,544,118
동부제철 016380 재고자산 156,305,628,193 195,631,948,858
동부제철 016380 기타유동금융자산 0 0
동부제철 016380 기타유동자산 0 0
동부제철 016380 매각예정비유동자산 0 0
동부제철 016380 비유동자산 2,004,249,422,933 2,088,616,474,784
동부제철 016380 장기금융상품 0 0
동부제철 016380 기타포괄손익-공정가치 0 0
동부제철 016380 당기손익인식공정가치측정금융자산 0 0
동부제철 016380 종속회사투자 0 0
동부제철 016380 관계회사투자 0 0
동부제철 016380 렌탈자산 0 0
동부제철 016380 유형자산 1,017,056,042,370 1,091,162,639,842
동부제철 016380 무형자산 3,961,037,004 25,312,406,869
동부제철 016380 기타비유동금융자산 0 0
동부제철 016380 기타비유동자산 0 0
동부제철 016380 사용권자산 0 0
동부제철 016380 이연법인세자산 0 0
동부제철 016380 자산총계 2,475,759,224,851 2,892,223,362,994
동부제철 016380 유동부채 648,013,569,232 1,097,244,087,861
동부제철 016380 단기매입채무 0 0
동부제철 016380 단기차입금 185,050,108,142 207,476,325,889
동부제철 016380 유동성장기차입금 8,921,724,607 13,770,015,757
동부제철 016380 유동성사채 1,670,014,753 129,446,381,520
동부제철 016380 기타유동금융부채 0 0
동부제철 016380 기타유동부채 2,084,472,370 2,612,484,370
동부제철 016380 당기법인세부채 0 0
동부제철 016380 유동리스부채 0 0
동부제철 016380 비유동부채 1,800,200,230,516 1,739,236,055,198
동부제철 016380 사채 312,815,550,913 265,987,319,154
동부제철 016380 장기차입금 1,364,920,775,865 1,346,287,981,390
동부제철 016380 기타비유동금융부채 0 0
동부제철 016380 이연법인세부채 92,381,297,191 92,381,297,191
동부제철 016380 비유동리스부채 0 0
동부제철 016380 부채총계 2,448,213,799,748 2,836,480,143,059
동부제철 016380 자본금 0 0
동부제철 016380 자본잉여금 0 0
동부제철 016380 자본조정 0 0
동부제철 016380 기타포괄손익누계액 0 0
동부제철 016380 이익잉여금(결손금) 0 0
동부제철 016380 자본총계 27,545,425,103 55,743,219,935
동부제철 016380 자본과부채총계 2,475,759,224,851 2,892,223,362,994
date : 2016-03-31
동부제철 016380 유동자산 444,721,734,639 471,509,801,918
동부제철 016380 현금및현금성자산 9,230,924,297 4,185,237,369
동부제철 016380 매출채권 294,284,620,350 301,984,352,964
동부제철 016380 재고자산 131,441,108,181 156,305,628,193
동부제철 016380 기타유동금융자산 0 0
동부제철 016380 기타유동자산 0 0
동부제철 016380 매각예정비유동자산 0 0
동부제철 016380 비유동자산 1,981,349,524,690 2,004,249,422,933
동부제철 016380 장기금융상품 0 0
동부제철 016380 기타포괄손익-공정가치 0 0
동부제철 016380 당기손익인식공정가치측정금융자산 0 0
동부제철 016380 종속회사투자 0 0
동부제철 016380 관계회사투자 0 0
동부제철 016380 렌탈자산 0 0
동부제철 016380 유형자산 996,337,475,948 1,017,056,042,370
동부제철 016380 무형자산 3,784,847,752 3,961,037,004
동부제철 016380 기타비유동금융자산 0 0
동부제철 016380 기타비유동자산 0 0
동부제철 016380 사용권자산 0 0
동부제철 016380 이연법인세자산 0 0
동부제철 016380 자산총계 2,426,071,259,329 2,475,759,224,851
동부제철 016380 유동부채 576,246,251,961 648,013,569,232
동부제철 016380 단기매입채무 0 0
동부제철 016380 단기차입금 183,998,031,826 185,050,108,142
동부제철 016380 유동성장기차입금 8,668,754,216 8,921,724,607
동부제철 016380 유동성사채 1,591,326,446 1,670,014,753
동부제철 016380 기타유동금융부채 0 0
동부제철 016380 기타유동부채 1,909,758,641 2,084,472,370
동부제철 016380 당기법인세부채 0 0
동부제철 016380 유동리스부채 0 0
동부제철 016380 비유동부채 1,642,937,957,815 1,800,200,230,516
동부제철 016380 사채 243,387,863,984 312,815,550,913
동부제철 016380 장기차입금 1,276,095,325,201 1,364,920,775,865
동부제철 016380 기타비유동금융부채 0 0
동부제철 016380 이연법인세부채 92,381,297,191 92,381,297,191
동부제철 016380 비유동리스부채 0 0
동부제철 016380 부채총계 2,219,184,209,776 2,448,213,799,748
동부제철 016380 자본금 0 0
동부제철 016380 자본잉여금 0 0
동부제철 016380 자본조정 0 0
동부제철 016380 기타포괄손익누계액 0 0
동부제철 016380 이익잉여금(결손금) 0 0
동부제철 016380 자본총계 206,887,049,553 27,545,425,103
동부제철 016380 자본과부채총계 2,426,071,259,329 2,475,759,224,851
date : 2016-06-30
동부제철 016380 유동자산 492,928,782,956 471,509,801,918
동부제철 016380 현금및현금성자산 33,780,709,870 4,185,237,369
동부제철 016380 매출채권 315,136,164,978 301,984,352,964
동부제철 016380 재고자산 133,836,431,561 156,305,628,193
동부제철 016380 기타유동금융자산 0 0
동부제철 016380 기타유동자산 0 0
동부제철 016380 매각예정비유동자산 0 0
동부제철 016380 비유동자산 1,959,137,970,778 2,004,249,422,933
동부제철 016380 장기금융상품 0 0
동부제철 016380 기타포괄손익-공정가치 0 0
동부제철 016380 당기손익인식공정가치측정금융자산 0 0
동부제철 016380 종속회사투자 0 0
동부제철 016380 관계회사투자 0 0
동부제철 016380 렌탈자산 0 0
동부제철 016380 유형자산 976,254,282,622 1,017,056,042,370
동부제철 016380 무형자산 3,655,123,682 3,961,037,004
동부제철 016380 기타비유동금융자산 0 0
동부제철 016380 기타비유동자산 0 0
동부제철 016380 사용권자산 0 0
동부제철 016380 이연법인세자산 0 0
동부제철 016380 자산총계 2,452,066,753,734 2,475,759,224,851
동부제철 016380 유동부채 526,281,516,963 648,013,569,232
동부제철 016380 단기매입채무 0 0
동부제철 016380 단기차입금 128,266,380,345 185,050,108,142
동부제철 016380 유동성장기차입금 3,000,109,038 8,921,724,607
동부제철 016380 유동성사채 1,608,236,391 1,670,014,753
동부제철 016380 기타유동금융부채 0 0
동부제철 016380 기타유동부채 2,008,347,092 2,084,472,370
동부제철 016380 당기법인세부채 0 0
동부제철 016380 유동리스부채 0 0
동부제철 016380 비유동부채 1,710,694,136,660 1,800,200,230,516
동부제철 016380 사채 247,235,564,689 312,815,550,913
동부제철 016380 장기차입금 1,338,921,482,450 1,364,920,775,865
동부제철 016380 기타비유동금융부채 0 0
동부제철 016380 이연법인세부채 92,381,297,191 92,381,297,191
동부제철 016380 비유동리스부채 0 0
동부제철 016380 부채총계 2,236,975,653,623 2,448,213,799,748
동부제철 016380 자본금 0 0
동부제철 016380 자본잉여금 0 0
동부제철 016380 자본조정 0 0
동부제철 016380 기타포괄손익누계액 0 0
동부제철 016380 이익잉여금(결손금) 0 0
동부제철 016380 자본총계 215,091,100,111 27,545,425,103
동부제철 016380 자본과부채총계 2,452,066,753,734 2,475,759,224,851
date : 2016-09-30
동부제철 016380 유동자산 568,447,796,472 471,509,801,918
동부제철 016380 현금및현금성자산 109,514,581,270 4,185,237,369
동부제철 016380 매출채권 288,445,787,306 301,984,352,964
동부제철 016380 재고자산 153,674,680,068 156,305,628,193
동부제철 016380 기타유동금융자산 0 0
동부제철 016380 기타유동자산 0 0
동부제철 016380 매각예정비유동자산 0 0
동부제철 016380 비유동자산 1,939,482,200,100 2,004,249,422,933
동부제철 016380 장기금융상품 0 0
동부제철 016380 기타포괄손익-공정가치 0 0
동부제철 016380 당기손익인식공정가치측정금융자산 0 0
동부제철 016380 종속회사투자 0 0
동부제철 016380 관계회사투자 0 0
동부제철 016380 렌탈자산 0 0
동부제철 016380 유형자산 958,935,955,401 1,017,056,042,370
동부제철 016380 무형자산 3,855,225,973 3,961,037,004
동부제철 016380 기타비유동금융자산 0 0
동부제철 016380 기타비유동자산 0 0
동부제철 016380 사용권자산 0 0
동부제철 016380 이연법인세자산 0 0
동부제철 016380 자산총계 2,507,929,996,572 2,475,759,224,851
동부제철 016380 유동부채 570,756,105,088 648,013,569,232
동부제철 016380 단기매입채무 0 0
동부제철 016380 단기차입금 136,070,783,072 185,050,108,142
동부제철 016380 유동성장기차입금 2,244,850,950 8,921,724,607
동부제철 016380 유동성사채 1,618,789,554 1,670,014,753
동부제철 016380 기타유동금융부채 0 0
동부제철 016380 기타유동부채 1,894,832,364 2,084,472,370
동부제철 016380 당기법인세부채 0 0
동부제철 016380 유동리스부채 0 0
동부제철 016380 비유동부채 1,723,815,997,486 1,800,200,230,516
동부제철 016380 사채 251,168,014,910 312,815,550,913
동부제철 016380 장기차입금 1,350,970,145,256 1,364,920,775,865
동부제철 016380 기타비유동금융부채 0 0
동부제철 016380 이연법인세부채 92,381,297,191 92,381,297,191
동부제철 016380 비유동리스부채 0 0
동부제철 016380 부채총계 2,294,572,102,574 2,448,213,799,748
동부제철 016380 자본금 0 0
동부제철 016380 자본잉여금 0 0
동부제철 016380 자본조정 0 0
동부제철 016380 기타포괄손익누계액 0 0
동부제철 016380 이익잉여금(결손금) 0 0
동부제철 016380 자본총계 213,357,893,998 27,545,425,103
동부제철 016380 자본과부채총계 2,507,929,996,572 2,475,759,224,851
date : 2016-12-31
동부제철 016380 유동자산 509,563,998,711 471,509,801,918
동부제철 016380 현금및현금성자산 51,444,678,688 4,185,237,369
동부제철 016380 매출채권 292,182,993,012 301,984,352,964
동부제철 016380 재고자산 151,451,009,220 156,305,628,193
동부제철 016380 기타유동금융자산 0 0
동부제철 016380 기타유동자산 0 0
동부제철 016380 매각예정비유동자산 0 0
동부제철 016380 비유동자산 1,901,068,934,974 2,004,249,422,933
동부제철 016380 장기금융상품 0 0
동부제철 016380 기타포괄손익-공정가치 0 0
동부제철 016380 당기손익인식공정가치측정금융자산 0 0
동부제철 016380 종속회사투자 0 0
동부제철 016380 관계회사투자 0 0
동부제철 016380 렌탈자산 0 0
동부제철 016380 유형자산 942,553,722,499 1,017,056,042,370
동부제철 016380 무형자산 3,679,041,112 3,961,037,004
동부제철 016380 기타비유동금융자산 0 0
동부제철 016380 기타비유동자산 0 0
동부제철 016380 사용권자산 0 0
동부제철 016380 이연법인세자산 0 0
동부제철 016380 자산총계 2,410,632,933,685 2,475,759,224,851
동부제철 016380 유동부채 614,468,352,053 648,013,569,232
동부제철 016380 단기매입채무 0 0
동부제철 016380 단기차입금 137,481,191,743 185,050,108,142
동부제철 016380 유동성장기차입금 1,694,458,883 8,921,724,607
동부제철 016380 유동성사채 1,636,413,659 1,670,014,753
동부제철 016380 기타유동금융부채 0 0
동부제철 016380 기타유동부채 2,005,610,465 2,084,472,370
동부제철 016380 당기법인세부채 0 0
동부제철 016380 유동리스부채 0 0
동부제철 016380 비유동부채 1,659,210,559,102 1,800,200,230,516
동부제철 016380 사채 220,128,716,631 312,815,550,913
동부제철 016380 장기차입금 1,320,822,381,933 1,364,920,775,865
동부제철 016380 기타비유동금융부채 0 0
동부제철 016380 이연법인세부채 92,381,297,191 92,381,297,191
동부제철 016380 비유동리스부채 0 0
동부제철 016380 부채총계 2,273,678,911,155 2,448,213,799,748
동부제철 016380 자본금 0 0
동부제철 016380 자본잉여금 0 0
동부제철 016380 자본조정 0 0
동부제철 016380 기타포괄손익누계액 0 0
동부제철 016380 이익잉여금(결손금) 0 0
동부제철 016380 자본총계 136,954,022,530 27,545,425,103
동부제철 016380 자본과부채총계 2,410,632,933,685 2,475,759,224,851
date : 2017-03-31
동부제철 016380 유동자산 513,290,945,578 509,563,998,711
동부제철 016380 현금및현금성자산 1,825,556,386 51,444,678,688
동부제철 016380 매출채권 304,956,198,548 292,182,993,012
동부제철 016380 재고자산 179,761,339,449 151,451,009,220
동부제철 016380 기타유동금융자산 0 0
동부제철 016380 기타유동자산 0 0
동부제철 016380 매각예정비유동자산 0 0
동부제철 016380 비유동자산 1,879,744,074,353 1,901,068,934,974
동부제철 016380 장기금융상품 0 0
동부제철 016380 기타포괄손익-공정가치 0 0
동부제철 016380 당기손익인식공정가치측정금융자산 0 0
동부제철 016380 종속회사투자 0 0
동부제철 016380 관계회사투자 0 0
동부제철 016380 렌탈자산 0 0
동부제철 016380 유형자산 922,363,355,546 942,553,722,499
동부제철 016380 무형자산 3,549,065,325 3,679,041,112
동부제철 016380 기타비유동금융자산 0 0
동부제철 016380 기타비유동자산 0 0
동부제철 016380 사용권자산 0 0
동부제철 016380 이연법인세자산 0 0
동부제철 016380 자산총계 2,393,035,019,931 2,410,632,933,685
동부제철 016380 유동부채 559,049,882,610 614,468,352,053
동부제철 016380 단기매입채무 0 0
동부제철 016380 단기차입금 124,615,106,709 137,481,191,743
동부제철 016380 유동성장기차입금 1,796,880,313 1,694,458,883
동부제철 016380 유동성사채 1,654,443,527 1,636,413,659
동부제철 016380 기타유동금융부채 0 0
동부제철 016380 기타유동부채 2,087,280,269 2,005,610,465
동부제철 016380 당기법인세부채 0 0
동부제철 016380 유동리스부채 0 0
동부제철 016380 비유동부채 1,675,819,900,679 1,659,210,559,102
동부제철 016380 사채 223,689,993,877 220,128,716,631
동부제철 016380 장기차입금 1,333,106,961,358 1,320,822,381,933
동부제철 016380 기타비유동금융부채 0 0
동부제철 016380 이연법인세부채 92,381,297,191 92,381,297,191
동부제철 016380 비유동리스부채 0 0
동부제철 016380 부채총계 2,234,869,783,289 2,273,678,911,155
동부제철 016380 자본금 0 0
동부제철 016380 자본잉여금 0 0
동부제철 016380 자본조정 0 0
동부제철 016380 기타포괄손익누계액 0 0
동부제철 016380 이익잉여금(결손금) 0 0
동부제철 016380 자본총계 158,165,236,642 136,954,022,530
동부제철 016380 자본과부채총계 2,393,035,019,931 2,410,632,933,685
date : 2017-06-30
동부제철 016380 유동자산 570,996,620,760 509,563,998,711
동부제철 016380 현금및현금성자산 43,140,845,397 51,444,678,688
동부제철 016380 매출채권 329,578,150,999 292,182,993,012
동부제철 016380 재고자산 178,818,632,216 151,451,009,220
동부제철 016380 기타유동금융자산 0 0
동부제철 016380 기타유동자산 0 0
동부제철 016380 매각예정비유동자산 0 0
동부제철 016380 비유동자산 1,863,255,792,098 1,901,068,934,974
동부제철 016380 장기금융상품 0 0
동부제철 016380 기타포괄손익-공정가치 0 0
동부제철 016380 당기손익인식공정가치측정금융자산 0 0
동부제철 016380 종속회사투자 0 0
동부제철 016380 관계회사투자 0 0
동부제철 016380 렌탈자산 0 0
동부제철 016380 유형자산 903,089,001,388 942,553,722,499
동부제철 016380 무형자산 3,434,793,020 3,679,041,112
동부제철 016380 기타비유동금융자산 0 0
동부제철 016380 기타비유동자산 0 0
동부제철 016380 사용권자산 0 0
동부제철 016380 이연법인세자산 0 0
동부제철 016380 자산총계 2,434,252,412,858 2,410,632,933,685
동부제철 016380 유동부채 620,457,249,585 614,468,352,053
동부제철 016380 단기매입채무 0 0
동부제철 016380 단기차입금 184,165,072,661 137,481,191,743
동부제철 016380 유동성장기차입금 1,907,921,691 1,694,458,883
동부제철 016380 유동성사채 1,672,888,500 1,636,413,659
동부제철 016380 기타유동금융부채 0 0
동부제철 016380 기타유동부채 2,183,422,528 2,005,610,465
동부제철 016380 당기법인세부채 0 0
동부제철 016380 유동리스부채 0 0
동부제철 016380 비유동부채 1,689,098,354,187 1,659,210,559,102
동부제철 016380 사채 227,329,116,184 220,128,716,631
동부제철 016380 장기차입금 1,345,530,005,650 1,320,822,381,933
동부제철 016380 기타비유동금융부채 0 0
동부제철 016380 이연법인세부채 92,381,297,191 92,381,297,191
동부제철 016380 비유동리스부채 0 0
동부제철 016380 부채총계 2,309,555,603,772 2,273,678,911,155
동부제철 016380 자본금 0 0
동부제철 016380 자본잉여금 0 0
동부제철 016380 자본조정 0 0
동부제철 016380 기타포괄손익누계액 0 0
동부제철 016380 이익잉여금(결손금) 0 0
동부제철 016380 자본총계 124,696,809,086 136,954,022,530
동부제철 016380 자본과부채총계 2,434,252,412,858 2,410,632,933,685
date : 2017-09-30
동부제철 016380 유동자산 549,679,500,060 509,563,998,711
동부제철 016380 현금및현금성자산 45,465,928,681 51,444,678,688
동부제철 016380 매출채권 310,661,152,248 292,182,993,012
동부제철 016380 재고자산 164,841,051,112 151,451,009,220
동부제철 016380 기타유동금융자산 0 0
동부제철 016380 기타유동자산 0 0
동부제철 016380 매각예정비유동자산 0 0
동부제철 016380 비유동자산 1,822,051,778,815 1,901,068,934,974
동부제철 016380 장기금융상품 0 0
동부제철 016380 기타포괄손익-공정가치 0 0
동부제철 016380 당기손익인식공정가치측정금융자산 0 0
동부제철 016380 종속회사투자 0 0
동부제철 016380 관계회사투자 0 0
동부제철 016380 렌탈자산 0 0
동부제철 016380 유형자산 885,678,188,100 942,553,722,499
동부제철 016380 무형자산 3,459,818,112 3,679,041,112
동부제철 016380 기타비유동금융자산 0 0
동부제철 016380 기타비유동자산 0 0
동부제철 016380 사용권자산 0 0
동부제철 016380 이연법인세자산 0 0
동부제철 016380 자산총계 2,371,731,278,875 2,410,632,933,685
동부제철 016380 유동부채 604,925,197,914 614,468,352,053
동부제철 016380 단기매입채무 0 0
동부제철 016380 단기차입금 158,501,163,528 137,481,191,743
동부제철 016380 유동성장기차입금 2,020,537,272 1,694,458,883
동부제철 016380 유동성사채 1,691,758,135 1,636,413,659
동부제철 016380 기타유동금융부채 0 0
동부제철 016380 기타유동부채 2,295,648,293 2,005,610,465
동부제철 016380 당기법인세부채 0 0
동부제철 016380 유동리스부채 0 0
동부제철 016380 비유동부채 1,706,744,823,032 1,659,210,559,102
동부제철 016380 사채 231,042,946,118 220,128,716,631
동부제철 016380 장기차입금 1,358,289,611,927 1,320,822,381,933
동부제철 016380 기타비유동금융부채 0 0
동부제철 016380 이연법인세부채 92,381,297,191 92,381,297,191
동부제철 016380 비유동리스부채 0 0
동부제철 016380 부채총계 2,311,670,020,946 2,273,678,911,155
동부제철 016380 자본금 180,802,285,000 180,802,280,000
동부제철 016380 자본잉여금 511,778,554,366 511,778,653,316
동부제철 016380 자본조정 0 0
동부제철 016380 기타포괄손익누계액 601,979,458 78,519,060
동부제철 016380 이익잉여금(결손금) -633,207,479,328 -555,791,348,279
동부제철 016380 자본총계 60,061,257,929 136,954,022,530
동부제철 016380 자본과부채총계 2,371,731,278,875 2,410,632,933,685
date : 2017-12-31
동부제철 016380 유동자산 528,046,983,085 509,563,998,711
동부제철 016380 현금및현금성자산 67,125,895,705 51,444,678,688
동부제철 016380 매출채권 273,356,239,700 292,182,993,012
동부제철 016380 재고자산 169,047,425,967 151,451,009,220
동부제철 016380 기타유동금융자산 0 0
동부제철 016380 기타유동자산 0 0
동부제철 016380 매각예정비유동자산 0 0
동부제철 016380 비유동자산 1,795,835,299,997 1,901,068,934,974
동부제철 016380 장기금융상품 0 0
동부제철 016380 기타포괄손익-공정가치 0 0
동부제철 016380 당기손익인식공정가치측정금융자산 0 0
동부제철 016380 종속회사투자 0 0
동부제철 016380 관계회사투자 0 0
동부제철 016380 렌탈자산 0 0
동부제철 016380 유형자산 873,641,392,952 942,553,722,499
동부제철 016380 무형자산 3,774,736,456 3,679,041,112
동부제철 016380 기타비유동금융자산 0 0
동부제철 016380 기타비유동자산 0 0
동부제철 016380 사용권자산 0 0
동부제철 016380 이연법인세자산 0 0
동부제철 016380 자산총계 2,323,882,283,082 2,410,632,933,685
동부제철 016380 유동부채 2,030,403,525,354 614,468,352,053
동부제철 016380 단기매입채무 0 0
동부제철 016380 단기차입금 91,993,221,640 137,481,191,743
동부제철 016380 유동성장기차입금 1,182,685,824,649 1,694,458,883
동부제철 016380 유동성사채 232,064,911,792 1,636,413,659
동부제철 016380 기타유동금융부채 0 0
동부제철 016380 기타유동부채 1,955,183,260 2,005,610,465
동부제철 016380 당기법인세부채 0 0
동부제철 016380 유동리스부채 0 0
동부제철 016380 비유동부채 135,869,088,792 1,659,210,559,102
동부제철 016380 사채 220,128,716,631 312,815,550,913
동부제철 016380 장기차입금 20,476,561,481 1,320,822,381,933
동부제철 016380 기타비유동금융부채 0 0
동부제철 016380 이연법인세부채 92,381,297,191 92,381,297,191
동부제철 016380 비유동리스부채 0 0
동부제철 016380 부채총계 2,166,272,614,146 2,273,678,911,155
동부제철 016380 자본금 180,802,285,000 180,802,280,000
동부제철 016380 자본잉여금 683,898,554,366 511,778,653,316
동부제철 016380 자본조정 0 0
동부제철 016380 기타포괄손익누계액 78,519,060 1,738,147,041
동부제철 016380 이익잉여금(결손금) -707,177,088,863 -555,791,348,279
동부제철 016380 자본총계 157,609,668,936 136,954,022,530
동부제철 016380 자본과부채총계 2,323,882,283,082 2,410,632,933,685
date : 2018-03-31
동부제철 016380 유동자산 560,939,990,848 528,046,983,085
동부제철 016380 현금및현금성자산 37,140,646,043 67,125,895,705
동부제철 016380 매출채권 268,466,495,465 273,356,239,700
동부제철 016380 재고자산 196,658,818,875 169,047,425,967
동부제철 016380 기타유동금융자산 0 0
동부제철 016380 기타유동자산 0 0
동부제철 016380 매각예정비유동자산 0 0
동부제철 016380 비유동자산 1,765,183,211,718 1,795,835,299,997
동부제철 016380 장기금융상품 0 0
동부제철 016380 기타포괄손익-공정가치 0 0
동부제철 016380 당기손익인식공정가치측정금융자산 0 0
동부제철 016380 종속회사투자 0 0
동부제철 016380 관계회사투자 0 0
동부제철 016380 렌탈자산 0 0
동부제철 016380 유형자산 854,177,182,703 873,641,392,952
동부제철 016380 무형자산 3,985,288,884 3,774,736,456
동부제철 016380 기타비유동금융자산 0 0
동부제철 016380 기타비유동자산 0 0
동부제철 016380 사용권자산 0 0
동부제철 016380 이연법인세자산 0 0
동부제철 016380 자산총계 2,326,123,202,566 2,323,882,283,082
동부제철 016380 유동부채 2,069,506,016,149 2,030,403,525,354
동부제철 016380 단기매입채무 0 0
동부제철 016380 단기차입금 87,679,132,827 91,993,221,640
동부제철 016380 유동성장기차입금 1,193,364,997,155 1,182,685,824,649
동부제철 016380 유동성사채 234,109,551,629 232,064,911,792
동부제철 016380 기타유동금융부채 0 0
동부제철 016380 기타유동부채 1,823,104,917 1,955,183,260
동부제철 016380 당기법인세부채 0 0
동부제철 016380 유동리스부채 0 0
동부제철 016380 비유동부채 136,085,089,162 135,869,088,792
동부제철 016380 사채 0 20,476,561,481
동부제철 016380 장기차입금 19,869,922,999 20,476,561,481
동부제철 016380 기타비유동금융부채 0 0
동부제철 016380 이연법인세부채 92,381,297,191 92,381,297,191
동부제철 016380 비유동리스부채 0 0
동부제철 016380 부채총계 2,205,591,105,311 2,166,272,614,146
동부제철 016380 자본금 125,301,235,000 180,802,285,000
동부제철 016380 자본잉여금 739,343,512,279 683,898,554,366
동부제철 016380 자본조정 0 0
동부제철 016380 기타포괄손익누계액 0 683,898,554,366
동부제철 016380 이익잉여금(결손금) -744,254,660,544 -707,177,088,863
동부제철 016380 자본총계 120,532,097,255 157,609,668,936
동부제철 016380 자본과부채총계 2,326,123,202,566 2,323,882,283,082
date : 2018-06-30
동부제철 016380 유동자산 548,860,373,532 528,046,983,085
동부제철 016380 현금및현금성자산 49,617,470,848 67,125,895,705
동부제철 016380 매출채권 260,624,069,253 273,356,239,700
동부제철 016380 재고자산 183,842,049,882 169,047,425,967
동부제철 016380 기타유동금융자산 0 0
동부제철 016380 기타유동자산 16,676,614,481 13,477,185,007
동부제철 016380 매각예정비유동자산 0 0
동부제철 016380 비유동자산 1,745,826,650,823 1,795,835,299,997
동부제철 016380 장기금융상품 0 0
동부제철 016380 기타포괄손익-공정가치 0 0
동부제철 016380 당기손익인식공정가치측정금융자산 0 0
동부제철 016380 종속회사투자 0 0
동부제철 016380 관계회사투자 0 0
동부제철 016380 렌탈자산 0 0
동부제철 016380 유형자산 835,278,237,639 873,641,392,952
동부제철 016380 무형자산 3,967,431,926 3,774,736,456
동부제철 016380 기타비유동금융자산 0 0
동부제철 016380 기타비유동자산 0 0
동부제철 016380 사용권자산 0 0
동부제철 016380 이연법인세자산 0 0
동부제철 016380 자산총계 2,294,687,024,355 2,323,882,283,082
동부제철 016380 유동부채 2,061,065,217,234 2,030,403,525,354
동부제철 016380 단기매입채무 0 0
동부제철 016380 단기차입금 71,310,015,514 91,993,221,640
동부제철 016380 유동성장기차입금 1,205,382,388,427 1,182,685,824,649
동부제철 016380 유동성사채 237,947,963,312 232,064,911,792
동부제철 016380 기타유동금융부채 0 0
동부제철 016380 기타유동부채 1,813,646,657 1,955,183,260
동부제철 016380 당기법인세부채 0 0
동부제철 016380 유동리스부채 0 0
동부제철 016380 비유동부채 135,355,320,360 135,869,088,792
동부제철 016380 사채 0 0
동부제철 016380 장기차입금 19,233,249,834 20,476,561,481
동부제철 016380 기타비유동금융부채 0 0
동부제철 016380 이연법인세부채 92,381,297,191 92,381,297,191
동부제철 016380 비유동리스부채 0 0
동부제철 016380 부채총계 2,196,420,537,594 2,166,272,614,146
동부제철 016380 자본금 191,967,900,000 180,802,285,000
동부제철 016380 자본잉여금 700,212,317,289 683,898,554,366
동부제철 016380 자본조정 0 0
동부제철 016380 기타포괄손익누계액 0 0
동부제철 016380 이익잉여금(결손금) -794,055,741,048 -707,177,088,863
동부제철 016380 자본총계 98,266,486,761 157,609,668,936
동부제철 016380 자본과부채총계 2,294,687,024,355 2,323,882,283,082
date : 2018-09-30
동부제철 016380 유동자산 545,960,425,818 528,046,983,085
동부제철 016380 현금및현금성자산 20,232,353,351 67,125,895,705
동부제철 016380 매출채권 285,703,639,665 273,356,239,700
동부제철 016380 재고자산 186,830,330,772 169,047,425,967
동부제철 016380 기타유동금융자산 0 0
동부제철 016380 기타유동자산 17,182,896,723 13,477,185,007
동부제철 016380 매각예정비유동자산 0 0
동부제철 016380 비유동자산 1,727,853,492,580 1,795,835,299,997
동부제철 016380 장기금융상품 0 0
동부제철 016380 기타포괄손익-공정가치 0 0
동부제철 016380 당기손익인식공정가치측정금융자산 0 0
동부제철 016380 종속회사투자 0 0
동부제철 016380 관계회사투자 0 0
동부제철 016380 렌탈자산 0 0
동부제철 016380 유형자산 816,140,402,030 873,641,392,952
동부제철 016380 무형자산 3,898,321,672 3,774,736,456
동부제철 016380 기타비유동금융자산 0 0
동부제철 016380 기타비유동자산 0 0
동부제철 016380 사용권자산 0 0
동부제철 016380 이연법인세자산 0 0
동부제철 016380 자산총계 2,273,813,918,398 2,323,882,283,082
동부제철 016380 유동부채 2,066,186,284,853 2,030,403,525,354
동부제철 016380 단기매입채무 0 0
동부제철 016380 단기차입금 82,680,045,686 91,993,221,640
동부제철 016380 유동성장기차입금 1,217,451,526,194 1,182,685,824,649
동부제철 016380 유동성사채 241,848,375,729 232,064,911,792
동부제철 016380 기타유동금융부채 0 0
동부제철 016380 기타유동부채 2,062,371,427 1,955,183,260
동부제철 016380 당기법인세부채 0 0
동부제철 016380 유동리스부채 0 0
동부제철 016380 비유동부채 135,988,437,919 135,869,088,792
동부제철 016380 사채 0 0
동부제철 016380 장기차입금 18,566,102,116 20,476,561,481
동부제철 016380 기타비유동금융부채 0 0
동부제철 016380 이연법인세부채 92,381,297,191 92,381,297,191
동부제철 016380 비유동리스부채 0 0
동부제철 016380 부채총계 2,202,174,722,772 2,166,272,614,146
동부제철 016380 자본금 191,967,900,000 180,802,285,000
동부제철 016380 자본잉여금 700,212,317,289 683,898,554,366
동부제철 016380 자본조정 0 0
동부제철 016380 기타포괄손익누계액 0 0
동부제철 016380 이익잉여금(결손금) -820,683,032,183 -707,177,088,863
동부제철 016380 자본총계 71,639,195,626 157,609,668,936
동부제철 016380 자본과부채총계 2,273,813,918,398 2,323,882,283,082
date : 2018-12-31
동부제철 016380 유동자산 546,298,905,791 528,046,983,085
동부제철 016380 현금및현금성자산 32,476,801,250 67,125,895,705
동부제철 016380 매출채권 278,433,980,758 273,356,239,700
동부제철 016380 재고자산 185,298,239,437 169,047,425,967
동부제철 016380 기타유동금융자산 0 0
동부제철 016380 기타유동자산 21,962,986,994 13,477,185,007
동부제철 016380 매각예정비유동자산 0 0
동부제철 016380 비유동자산 1,687,416,801,922 1,777,561,728,341
동부제철 016380 장기금융상품 0 0
동부제철 016380 기타포괄손익-공정가치 0 0
동부제철 016380 당기손익인식공정가치측정금융자산 0 0
동부제철 016380 종속회사투자 0 0
동부제철 016380 관계회사투자 0 0
동부제철 016380 렌탈자산 0 0
동부제철 016380 유형자산 802,203,458,097 873,641,392,952
동부제철 016380 무형자산 3,974,191,830 3,774,736,456
동부제철 016380 기타비유동금융자산 0 0
동부제철 016380 기타비유동자산 0 0
동부제철 016380 사용권자산 0 0
동부제철 016380 이연법인세자산 0 0
동부제철 016380 자산총계 2,233,715,707,713 2,305,608,711,426
동부제철 016380 유동부채 633,095,766,681 2,022,660,372,121
동부제철 016380 단기매입채무 0 0
동부제철 016380 단기차입금 133,443,340,802 91,993,221,640
동부제철 016380 유동성장기차입금 2,608,541,473 1,181,383,421,150
동부제철 016380 유동성사채 225,624,162,058 1,636,413,659
동부제철 016380 기타유동금융부채 0 0
동부제철 016380 기타유동부채 3,750,000,311 1,955,183,260
동부제철 016380 당기법인세부채 0 0
동부제철 016380 유동리스부채 0 0
동부제철 016380 비유동부채 1,468,742,619,307 135,869,088,792
동부제철 016380 사채 206,883,305,965 220,128,716,631
동부제철 016380 장기차입금 1,141,505,361,217 20,476,561,481
동부제철 016380 기타비유동금융부채 0 0
동부제철 016380 이연법인세부채 92,381,297,191 92,381,297,191
동부제철 016380 비유동리스부채 0 0
동부제철 016380 부채총계 2,101,838,385,988 2,158,529,460,913
동부제철 016380 자본금 191,967,900,000 180,802,285,000
동부제철 016380 자본잉여금 700,212,317,289 683,898,554,366
동부제철 016380 자본조정 0 0
동부제철 016380 기타포괄손익누계액 78,519,060 683,898,554,366
동부제철 016380 이익잉여금(결손금) -760,444,906,084 -717,707,507,286
동부제철 016380 자본총계 131,877,321,725 147,079,250,513
동부제철 016380 자본과부채총계 2,233,715,707,713 2,305,608,711,426
date : 2019-03-31
동부제철 016380 유동자산 547,846,293,514 546,298,905,791
동부제철 016380 현금및현금성자산 45,222,206,028 32,476,801,250
동부제철 016380 매출채권 279,836,791,152 278,433,980,758
동부제철 016380 재고자산 180,049,666,354 185,298,239,437
동부제철 016380 기타유동금융자산 0 0
동부제철 016380 기타유동자산 16,487,676,539 21,962,986,994
동부제철 016380 매각예정비유동자산 0 0
동부제철 016380 비유동자산 1,675,721,729,629 1,687,416,801,922
동부제철 016380 장기금융상품 0 0
동부제철 016380 기타포괄손익-공정가치 0 0
동부제철 016380 당기손익인식공정가치측정금융자산 0 0
동부제철 016380 종속회사투자 0 0
동부제철 016380 관계회사투자 0 0
동부제철 016380 렌탈자산 0 0
동부제철 016380 유형자산 778,332,070,835 802,203,458,097
동부제철 016380 무형자산 4,067,139,534 3,974,191,830
동부제철 016380 기타비유동금융자산 0 0
동부제철 016380 기타비유동자산 0 0
동부제철 016380 사용권자산 13,040,429,443 3,974,191,830
동부제철 016380 이연법인세자산 0 0
동부제철 016380 자산총계 2,223,568,023,143 2,233,715,707,713
동부제철 016380 유동부채 640,168,418,063 633,095,766,681
동부제철 016380 단기매입채무 0 0
동부제철 016380 단기차입금 144,378,779,247 133,443,340,802
동부제철 016380 유동성장기차입금 844,018,560 2,608,541,473
동부제철 016380 유동성사채 0 0
동부제철 016380 기타유동금융부채 0 0
동부제철 016380 기타유동부채 3,190,106,995 3,750,000,311
동부제철 016380 당기법인세부채 0 0
동부제철 016380 유동리스부채 0 0
동부제철 016380 비유동부채 1,491,868,462,133 1,468,742,619,307
동부제철 016380 사채 211,327,280,599 206,883,305,965
동부제철 016380 장기차입금 1,138,272,214,674 1,141,505,361,217
동부제철 016380 기타비유동금융부채 0 0
동부제철 016380 이연법인세부채 92,381,297,191 92,381,297,191
동부제철 016380 비유동리스부채 0 0
동부제철 016380 부채총계 2,132,036,880,196 2,101,838,385,988
동부제철 016380 자본금 191,967,900,000 191,967,900,000
동부제철 016380 자본잉여금 700,212,317,289 700,212,317,289
동부제철 016380 자본조정 0 0
동부제철 016380 기타포괄손익누계액 0 700,212,317,289
동부제철 016380 이익잉여금(결손금) -800,791,084,862 -760,444,906,084
동부제철 016380 자본총계 91,531,142,947 131,877,321,725
동부제철 016380 자본과부채총계 2,223,568,023,143 2,233,715,707,713
