date : 2019-03-31
신원종합개발 017000 유동자산 175,232,137,932 165,924,650,153
신원종합개발 017000 현금및현금성자산 9,470,933,508 9,783,047,258
신원종합개발 017000 매출채권 및 기타유동채권
신원종합개발 017000 재고자산 46,879,520,399 46,812,302,660
신원종합개발 017000 기타유동자산 4,987,026,177 4,389,752,463
신원종합개발 017000 비유동자산 17,541,061,591 16,136,771,962
신원종합개발 017000 장기금융상품 1,032,688,605 996,688,605
신원종합개발 017000 기타비유동금융자산 0 0
신원종합개발 017000 유형자산 379,823,638 398,407,126
신원종합개발 017000 기타비유동자산 1,804,120,953 1,744,423,053
신원종합개발 017000 자산총계 192,773,199,523 182,061,422,115
신원종합개발 017000 유동부채 88,002,626,100 77,887,359,796
신원종합개발 017000 단기차입금 12,273,000,000 3,482,000,000
신원종합개발 017000 기타유동부채 369,566,814 1,036,602,207
신원종합개발 017000 비유동부채 27,016,180,625 27,876,982,211
신원종합개발 017000 장기차입금 491,409,150 1,617,505,171
신원종합개발 017000 사채 1,938,584,333 1,926,124,210
신원종합개발 017000 부채총계 115,018,806,725 105,764,342,007
신원종합개발 017000 자본금 52,989,616,000 52,989,616,000
신원종합개발 017000 자본잉여금 80,621,488 80,621,488
신원종합개발 017000 기타포괄손익누계액 0 0
신원종합개발 017000 이익잉여금(결손금) 24,084,218,524 22,677,254,238
신원종합개발 017000 자본총계 77,754,392,798 76,297,080,108
신원종합개발 017000 자본과부채총계 192,773,199,523 182,061,422,115
