date : 2019-03-31
대림제지 017650 유동자산 25,356,780,251 28,732,342,446
대림제지 017650 현금및현금성자산 4,458,443,703 7,543,951,948
대림제지 017650 매출채권 및 기타유동채권
대림제지 017650 기타유동자산 104,146,141 78,661,964
대림제지 017650 재고자산 5,836,047,815 4,747,665,576
대림제지 017650 비유동자산 195,623,813,586 196,814,158,234
대림제지 017650 기타비유동금융자산 31,977,802,350 31,977,802,350
대림제지 017650 유형자산 145,108,639,497 146,290,801,096
대림제지 017650 무형자산 220,250,507 217,988,507
대림제지 017650 자산총계 220,980,593,837 225,546,500,680
대림제지 017650 유동부채 29,776,312,216 34,857,500,788
대림제지 017650 단기차입금 9,257,966,137 14,963,737,931
대림제지 017650 유동성장기차입금 10,363,820,000 11,453,170,000
대림제지 017650 당기법인세부채 964,167,337 741,694,162
대림제지 017650 기타유동금융부채 176,549,509 208,071,124
대림제지 017650 기타유동부채 39,348,697 31,148,253
대림제지 017650 비유동부채 44,100,030,978 45,911,515,008
대림제지 017650 장기차입금 28,527,100,000 31,110,880,000
대림제지 017650 이연법인세부채 13,860,476,208 13,366,318,503
대림제지 017650 부채총계 73,876,343,194 80,769,015,796
대림제지 017650 자본금 4,500,000,000 4,500,000,000
대림제지 017650 자본잉여금 60,159,279 60,159,279
대림제지 017650 기타포괄손익누계액 38,283,610,599 38,283,610,599
대림제지 017650 이익잉여금(결손금) 104,260,480,765 101,933,715,006
대림제지 017650 자본총계 147,104,250,643 144,777,484,884
대림제지 017650 자본과부채총계 220,980,593,837 225,546,500,680
