date : 2019-03-31
데코앤이 017680 유동자산 30,198,002,693 37,475,910,040
데코앤이 017680 현금및현금성자산 849,053,867 3,987,691,388
데코앤이 017680 매출채권 3,476,800,997 3,395,250,403
데코앤이 017680 재고자산 12,653,570,821 12,769,490,460
데코앤이 017680 기타유동자산 1,834,025,513 2,734,862,004
데코앤이 017680 비유동자산 17,493,017,118 22,166,372,933
데코앤이 017680 장기금융상품 4,500,000 4,500,000
데코앤이 017680 기타포괄손익-공정가치 측정 금융자산
데코앤이 017680 유형자산 1,400,716,447 1,519,244,307
데코앤이 017680 무형자산 3,886,284,450 3,902,415,013
데코앤이 017680 기타비유동자산 696,197,785 751,881,337
데코앤이 017680 매각예정비유동자산 8,300,000,000 4,709,131,975
데코앤이 017680 자산총계 55,991,019,811 64,351,414,948
데코앤이 017680 유동부채 24,051,298,594 29,692,649,975
데코앤이 017680 단기차입금 700,000,000 0
데코앤이 017680 기타유동부채 2,158,087,452 926,781,456
데코앤이 017680 비유동부채 5,498,187,911 5,424,606,776
데코앤이 017680 부채총계 29,549,486,505 35,117,256,751
데코앤이 017680 자본금 58,342,461,000 58,342,461,000
데코앤이 017680 이익잉여금(결손금) -54,712,529,327 -52,023,191,551
데코앤이 017680 자본총계 26,441,533,306 29,234,158,197
데코앤이 017680 자본과부채총계 55,991,019,811 64,351,414,948
