date : 2015-12-31
현대엘리베이터 017800 유동자산 844,305,164,564 474,964,446,647
현대엘리베이터 017800 현금및현금성자산 335,616,172,988 111,258,449,839
현대엘리베이터 017800 매출채권 214,352,482,604 185,767,485,344
현대엘리베이터 017800 재고자산 14,994,986,364 12,136,706,088
현대엘리베이터 017800 기타유동금융자산 0 0
현대엘리베이터 017800 기타유동자산 6,714,610,355 8,262,095,516
현대엘리베이터 017800 매각예정비유동자산 0 0
현대엘리베이터 017800 비유동자산 630,488,771,913 759,378,256,967
현대엘리베이터 017800 장기금융상품 18,000,000 8,142,970,330
현대엘리베이터 017800 기타포괄손익-공정가치 0 0
현대엘리베이터 017800 당기손익인식공정가치측정금융자산 0 0
현대엘리베이터 017800 종속회사투자 0 0
현대엘리베이터 017800 관계회사투자 0 0
현대엘리베이터 017800 렌탈자산 0 0
현대엘리베이터 017800 유형자산 84,256,907,575 83,120,496,213
현대엘리베이터 017800 무형자산 11,301,764,468 5,604,091,291
현대엘리베이터 017800 기타비유동금융자산 0 0
현대엘리베이터 017800 기타비유동자산 18,370,253,538 2,274,037,872
현대엘리베이터 017800 사용권자산 0 0
현대엘리베이터 017800 이연법인세자산 54,393,445,314 89,517,118,592
현대엘리베이터 017800 자산총계 1,474,793,936,477 1,234,342,703,614
현대엘리베이터 017800 유동부채 511,449,456,246 528,397,405,175
현대엘리베이터 017800 단기매입채무 0 0
현대엘리베이터 017800 단기차입금 0 0
현대엘리베이터 017800 유동성장기차입금 0 0
현대엘리베이터 017800 유동성사채 0 0
현대엘리베이터 017800 기타유동금융부채 0 0
현대엘리베이터 017800 기타유동부채 16,406,323,631 8,731,906,924
현대엘리베이터 017800 당기법인세부채 0 1,472,829,693
현대엘리베이터 017800 유동리스부채 0 0
현대엘리베이터 017800 비유동부채 226,586,792,125 131,907,095,358
현대엘리베이터 017800 사채 0 0
현대엘리베이터 017800 장기차입금 0 0
현대엘리베이터 017800 기타비유동금융부채 0 0
현대엘리베이터 017800 이연법인세부채 0 0
현대엘리베이터 017800 비유동리스부채 0 0
현대엘리베이터 017800 부채총계 738,036,248,371 660,304,500,533
현대엘리베이터 017800 자본금 123,162,565,000 98,162,565,000
현대엘리베이터 017800 자본잉여금 469,224,378,554 678,534,277,559
현대엘리베이터 017800 자본조정 0 0
현대엘리베이터 017800 기타포괄손익누계액 91,421,072 10,003,395
현대엘리베이터 017800 이익잉여금(결손금) 113,086,351,280 -202,668,642,873
현대엘리베이터 017800 자본총계 736,757,688,106 574,038,203,081
현대엘리베이터 017800 자본과부채총계 1,474,793,936,477 1,234,342,703,614
date : 2016-03-31
현대엘리베이터 017800 유동자산 762,583,685,002 844,305,164,564
현대엘리베이터 017800 현금및현금성자산 247,676,071,949 335,616,172,988
현대엘리베이터 017800 매출채권 181,614,812,634 214,352,482,604
현대엘리베이터 017800 재고자산 15,836,030,889 14,994,986,364
현대엘리베이터 017800 기타유동금융자산 0 0
현대엘리베이터 017800 기타유동자산 9,370,483,799 6,714,610,355
현대엘리베이터 017800 매각예정비유동자산 0 0
현대엘리베이터 017800 비유동자산 591,373,126,710 630,488,771,913
현대엘리베이터 017800 장기금융상품 18,000,000 18,000,000
현대엘리베이터 017800 기타포괄손익-공정가치 0 0
현대엘리베이터 017800 당기손익인식공정가치측정금융자산 0 0
현대엘리베이터 017800 종속회사투자 0 0
현대엘리베이터 017800 관계회사투자 0 0
현대엘리베이터 017800 렌탈자산 0 0
현대엘리베이터 017800 유형자산 83,840,095,894 84,256,907,575
현대엘리베이터 017800 무형자산 11,369,964,468 11,301,764,468
현대엘리베이터 017800 기타비유동금융자산 0 0
현대엘리베이터 017800 기타비유동자산 17,249,911,924 18,370,253,538
현대엘리베이터 017800 사용권자산 0 0
현대엘리베이터 017800 이연법인세자산 49,305,958,243 54,393,445,314
현대엘리베이터 017800 자산총계 1,353,956,811,712 1,474,793,936,477
현대엘리베이터 017800 유동부채 443,427,329,491 511,449,456,246
현대엘리베이터 017800 단기매입채무 0 0
현대엘리베이터 017800 단기차입금 0 0
현대엘리베이터 017800 유동성장기차입금 0 0
현대엘리베이터 017800 유동성사채 0 0
현대엘리베이터 017800 기타유동금융부채 0 0
현대엘리베이터 017800 기타유동부채 12,308,969,259 16,406,323,631
현대엘리베이터 017800 당기법인세부채 0 0
현대엘리베이터 017800 유동리스부채 0 0
현대엘리베이터 017800 비유동부채 238,878,773,820 226,586,792,125
현대엘리베이터 017800 사채 0 0
현대엘리베이터 017800 장기차입금 0 0
현대엘리베이터 017800 기타비유동금융부채 0 0
현대엘리베이터 017800 이연법인세부채 0 0
현대엘리베이터 017800 비유동리스부채 0 0
현대엘리베이터 017800 부채총계 682,306,103,311 738,036,248,371
현대엘리베이터 017800 자본금 123,162,565,000 123,162,565,000
현대엘리베이터 017800 자본잉여금 469,224,378,554 469,224,378,554
현대엘리베이터 017800 자본조정 0 0
현대엘리베이터 017800 기타포괄손익누계액 130,282,670 91,421,072
현대엘리베이터 017800 이익잉여금(결손금) 47,940,509,977 113,086,351,280
현대엘리베이터 017800 자본총계 1,353,956,811,712 1,474,793,936,477
현대엘리베이터 017800 자본과부채총계 0 0
date : 2016-06-30
현대엘리베이터 017800 유동자산 745,469,695,697 844,305,164,564
현대엘리베이터 017800 현금및현금성자산 387,963,441,828 335,616,172,988
현대엘리베이터 017800 매출채권 192,461,299,142 214,352,482,604
현대엘리베이터 017800 재고자산 15,581,252,752 14,994,986,364
현대엘리베이터 017800 기타유동금융자산 0 0
현대엘리베이터 017800 기타유동자산 9,420,923,818 6,714,610,355
현대엘리베이터 017800 매각예정비유동자산 0 0
현대엘리베이터 017800 비유동자산 680,035,098,968 630,488,771,913
현대엘리베이터 017800 장기금융상품 18,000,000 18,000,000
현대엘리베이터 017800 기타포괄손익-공정가치 0 0
현대엘리베이터 017800 당기손익인식공정가치측정금융자산 0 0
현대엘리베이터 017800 종속회사투자 0 0
현대엘리베이터 017800 관계회사투자 0 0
현대엘리베이터 017800 렌탈자산 0 0
현대엘리베이터 017800 유형자산 95,385,747,524 84,256,907,575
현대엘리베이터 017800 무형자산 13,076,704,468 11,301,764,468
현대엘리베이터 017800 기타비유동금융자산 0 0
현대엘리베이터 017800 기타비유동자산 16,116,214,105 18,370,253,538
현대엘리베이터 017800 사용권자산 0 0
현대엘리베이터 017800 이연법인세자산 39,990,923,790 54,393,445,314
현대엘리베이터 017800 자산총계 1,425,504,794,665 1,474,793,936,477
현대엘리베이터 017800 유동부채 500,361,362,442 511,449,456,246
현대엘리베이터 017800 단기매입채무 0 0
현대엘리베이터 017800 단기차입금 0 0
현대엘리베이터 017800 유동성장기차입금 0 0
현대엘리베이터 017800 유동성사채 0 0
현대엘리베이터 017800 기타유동금융부채 0 0
현대엘리베이터 017800 기타유동부채 9,095,665,277 16,406,323,631
현대엘리베이터 017800 당기법인세부채 0 0
현대엘리베이터 017800 유동리스부채 0 0
현대엘리베이터 017800 비유동부채 221,770,173,779 226,586,792,125
현대엘리베이터 017800 사채 0 0
현대엘리베이터 017800 장기차입금 0 0
현대엘리베이터 017800 기타비유동금융부채 0 0
현대엘리베이터 017800 이연법인세부채 0 0
현대엘리베이터 017800 비유동리스부채 0 0
현대엘리베이터 017800 부채총계 722,131,536,221 738,036,248,371
현대엘리베이터 017800 자본금 123,162,565,000 123,162,565,000
현대엘리베이터 017800 자본잉여금 469,224,378,554 469,224,378,554
현대엘리베이터 017800 자본조정 0 0
현대엘리베이터 017800 기타포괄손익누계액 135,966,631 91,421,072
현대엘리베이터 017800 이익잉여금(결손금) 79,657,376,059 113,086,351,280
현대엘리베이터 017800 자본총계 1,425,504,794,665 1,474,793,936,477
현대엘리베이터 017800 자본과부채총계 0 0
date : 2016-09-30
현대엘리베이터 017800 유동자산 796,371,297,356 844,305,164,564
현대엘리베이터 017800 현금및현금성자산 389,528,095,187 335,616,172,988
현대엘리베이터 017800 매출채권 234,036,417,369 214,352,482,604
현대엘리베이터 017800 재고자산 15,152,728,536 14,994,986,364
현대엘리베이터 017800 기타유동금융자산 0 0
현대엘리베이터 017800 기타유동자산 9,707,025,796 6,714,610,355
현대엘리베이터 017800 매각예정비유동자산 0 0
현대엘리베이터 017800 비유동자산 586,469,809,021 630,488,771,913
현대엘리베이터 017800 장기금융상품 18,000,000 18,000,000
현대엘리베이터 017800 기타포괄손익-공정가치 0 0
현대엘리베이터 017800 당기손익인식공정가치측정금융자산 0 0
현대엘리베이터 017800 종속회사투자 0 0
현대엘리베이터 017800 관계회사투자 0 0
현대엘리베이터 017800 렌탈자산 0 0
현대엘리베이터 017800 유형자산 84,503,295,379 84,256,907,575
현대엘리베이터 017800 무형자산 28,089,118,813 11,301,764,468
현대엘리베이터 017800 기타비유동금융자산 0 0
현대엘리베이터 017800 기타비유동자산 14,377,260,083 18,370,253,538
현대엘리베이터 017800 사용권자산 0 0
현대엘리베이터 017800 이연법인세자산 31,622,405,215 54,393,445,314
현대엘리베이터 017800 자산총계 1,382,841,106,377 1,474,793,936,477
현대엘리베이터 017800 유동부채 518,755,573,492 511,449,456,246
현대엘리베이터 017800 단기매입채무 0 0
현대엘리베이터 017800 단기차입금 0 0
현대엘리베이터 017800 유동성장기차입금 0 0
현대엘리베이터 017800 유동성사채 0 0
현대엘리베이터 017800 기타유동금융부채 0 0
현대엘리베이터 017800 기타유동부채 11,325,533,582 16,406,323,631
현대엘리베이터 017800 당기법인세부채 0 0
현대엘리베이터 017800 유동리스부채 0 0
현대엘리베이터 017800 비유동부채 198,552,022,070 226,586,792,125
현대엘리베이터 017800 사채 0 0
현대엘리베이터 017800 장기차입금 0 0
현대엘리베이터 017800 기타비유동금융부채 0 0
현대엘리베이터 017800 이연법인세부채 0 0
현대엘리베이터 017800 비유동리스부채 0 0
현대엘리베이터 017800 부채총계 717,307,595,562 738,036,248,371
현대엘리베이터 017800 자본금 123,162,565,000 123,162,565,000
현대엘리베이터 017800 자본잉여금 469,224,378,554 469,224,378,554
현대엘리베이터 017800 자본조정 0 0
현대엘리베이터 017800 기타포괄손익누계액 938,356,892 91,421,072
현대엘리베이터 017800 이익잉여금(결손금) 41,015,238,169 113,086,351,280
현대엘리베이터 017800 자본총계 1,382,841,106,377 1,474,793,936,477
현대엘리베이터 017800 자본과부채총계 0 0
date : 2016-12-31
현대엘리베이터 017800 유동자산 767,128,709,237 844,305,164,564
현대엘리베이터 017800 현금및현금성자산 331,688,062,709 335,616,172,988
현대엘리베이터 017800 매출채권 259,154,356,761 214,352,482,604
현대엘리베이터 017800 재고자산 15,178,867,354 14,994,986,364
현대엘리베이터 017800 기타유동금융자산 0 0
현대엘리베이터 017800 기타유동자산 10,305,833,292 6,714,610,355
현대엘리베이터 017800 매각예정비유동자산 0 0
현대엘리베이터 017800 비유동자산 713,090,427,273 630,488,771,913
현대엘리베이터 017800 장기금융상품 18,000,000 18,000,000
현대엘리베이터 017800 기타포괄손익-공정가치 0 0
현대엘리베이터 017800 당기손익인식공정가치측정금융자산 0 0
현대엘리베이터 017800 종속회사투자 0 0
현대엘리베이터 017800 관계회사투자 0 0
현대엘리베이터 017800 렌탈자산 0 0
현대엘리베이터 017800 유형자산 85,126,506,891 84,256,907,575
현대엘리베이터 017800 무형자산 27,919,388,606 11,301,764,468
현대엘리베이터 017800 기타비유동금융자산 0 0
현대엘리베이터 017800 기타비유동자산 12,797,077,979 18,370,253,538
현대엘리베이터 017800 사용권자산 0 0
현대엘리베이터 017800 이연법인세자산 164,473,557,545 54,393,445,314
현대엘리베이터 017800 자산총계 1,480,219,136,510 1,474,793,936,477
현대엘리베이터 017800 유동부채 487,697,091,271 511,449,456,246
현대엘리베이터 017800 단기매입채무 0 0
현대엘리베이터 017800 단기차입금 0 0
현대엘리베이터 017800 유동성장기차입금 0 0
현대엘리베이터 017800 유동성사채 0 0
현대엘리베이터 017800 기타유동금융부채 0 0
현대엘리베이터 017800 기타유동부채 9,628,147,280 16,406,323,631
현대엘리베이터 017800 당기법인세부채 2,118,197,971 0
현대엘리베이터 017800 유동리스부채 0 0
현대엘리베이터 017800 비유동부채 185,319,134,162 226,586,792,125
현대엘리베이터 017800 사채 0 0
현대엘리베이터 017800 장기차입금 0 0
현대엘리베이터 017800 기타비유동금융부채 0 0
현대엘리베이터 017800 이연법인세부채 0 0
현대엘리베이터 017800 비유동리스부채 0 0
현대엘리베이터 017800 부채총계 673,016,225,433 738,036,248,371
현대엘리베이터 017800 자본금 123,162,565,000 123,162,565,000
현대엘리베이터 017800 자본잉여금 469,224,378,554 469,224,378,554
현대엘리베이터 017800 자본조정 0 0
현대엘리베이터 017800 기타포괄손익누계액 161,619,897 91,421,072
현대엘리베이터 017800 이익잉여금(결손금) 0 0
현대엘리베이터 017800 자본총계 1,480,219,136,510 1,474,793,936,477
현대엘리베이터 017800 자본과부채총계 0 0
date : 2017-03-31
현대엘리베이터 017800 유동자산 702,123,715,563 767,128,709,237
현대엘리베이터 017800 현금및현금성자산 279,437,521,123 331,688,062,709
현대엘리베이터 017800 매출채권 245,180,646,688 259,154,356,761
현대엘리베이터 017800 재고자산 15,727,795,852 15,178,867,354
현대엘리베이터 017800 기타유동금융자산 0 0
현대엘리베이터 017800 기타유동자산 14,646,908,118 10,305,833,292
현대엘리베이터 017800 매각예정비유동자산 0 0
현대엘리베이터 017800 비유동자산 709,712,358,994 713,090,427,273
현대엘리베이터 017800 장기금융상품 14,500,000 18,000,000
현대엘리베이터 017800 기타포괄손익-공정가치 0 0
현대엘리베이터 017800 당기손익인식공정가치측정금융자산 0 0
현대엘리베이터 017800 종속회사투자 0 0
현대엘리베이터 017800 관계회사투자 0 0
현대엘리베이터 017800 렌탈자산 0 0
현대엘리베이터 017800 유형자산 85,158,152,190 85,126,506,891
현대엘리베이터 017800 무형자산 29,045,302,399 27,919,388,606
현대엘리베이터 017800 기타비유동금융자산 0 0
현대엘리베이터 017800 기타비유동자산 11,283,963,865 12,797,077,979
현대엘리베이터 017800 사용권자산 0 0
현대엘리베이터 017800 이연법인세자산 160,208,063,314 164,473,557,545
현대엘리베이터 017800 자산총계 1,411,836,074,557 1,480,219,136,510
현대엘리베이터 017800 유동부채 579,855,986,424 487,697,091,271
현대엘리베이터 017800 단기매입채무 0 0
현대엘리베이터 017800 단기차입금 0 0
현대엘리베이터 017800 유동성장기차입금 0 0
현대엘리베이터 017800 유동성사채 0 0
현대엘리베이터 017800 기타유동금융부채 0 0
현대엘리베이터 017800 기타유동부채 9,586,485,070 9,628,147,280
현대엘리베이터 017800 당기법인세부채 1,539,098,350 2,118,197,971
현대엘리베이터 017800 유동리스부채 0 0
현대엘리베이터 017800 비유동부채 17,637,837,609 185,319,134,162
현대엘리베이터 017800 사채 0 0
현대엘리베이터 017800 장기차입금 0 0
현대엘리베이터 017800 기타비유동금융부채 0 0
현대엘리베이터 017800 이연법인세부채 0 0
현대엘리베이터 017800 비유동리스부채 0 0
현대엘리베이터 017800 부채총계 597,493,824,033 673,016,225,433
현대엘리베이터 017800 자본금 123,162,565,000 123,162,565,000
현대엘리베이터 017800 자본잉여금 469,224,378,554 469,224,378,554
현대엘리베이터 017800 자본조정 0 0
현대엘리베이터 017800 기타포괄손익누계액 1,129,977,830 161,619,897
현대엘리베이터 017800 이익잉여금(결손금) 0 0
현대엘리베이터 017800 자본총계 1,411,836,074,557 1,480,219,136,510
현대엘리베이터 017800 자본과부채총계 0 0
date : 2017-06-30
현대엘리베이터 017800 유동자산 769,937,984,087 767,128,709,237
현대엘리베이터 017800 현금및현금성자산 282,252,950,996 331,688,062,709
현대엘리베이터 017800 매출채권 276,031,385,374 259,154,356,761
현대엘리베이터 017800 재고자산 16,243,939,101 15,178,867,354
현대엘리베이터 017800 기타유동금융자산 0 0
현대엘리베이터 017800 기타유동자산 14,445,270,702 10,305,833,292
현대엘리베이터 017800 매각예정비유동자산 0 0
현대엘리베이터 017800 비유동자산 704,621,092,274 713,090,427,273
현대엘리베이터 017800 장기금융상품 3,014,500,000 18,000,000
현대엘리베이터 017800 기타포괄손익-공정가치 0 0
현대엘리베이터 017800 당기손익인식공정가치측정금융자산 0 0
현대엘리베이터 017800 종속회사투자 0 0
현대엘리베이터 017800 관계회사투자 0 0
현대엘리베이터 017800 렌탈자산 0 0
현대엘리베이터 017800 유형자산 85,183,479,136 85,126,506,891
현대엘리베이터 017800 무형자산 28,842,616,192 27,919,388,606
현대엘리베이터 017800 기타비유동금융자산 0 0
현대엘리베이터 017800 기타비유동자산 9,986,071,939 12,797,077,979
현대엘리베이터 017800 사용권자산 0 0
현대엘리베이터 017800 이연법인세자산 151,173,160,131 164,473,557,545
현대엘리베이터 017800 자산총계 1,474,559,076,361 1,480,219,136,510
현대엘리베이터 017800 유동부채 599,422,140,071 487,697,091,271
현대엘리베이터 017800 단기매입채무 0 0
현대엘리베이터 017800 단기차입금 0 0
현대엘리베이터 017800 유동성장기차입금 0 0
현대엘리베이터 017800 유동성사채 0 0
현대엘리베이터 017800 기타유동금융부채 0 0
현대엘리베이터 017800 기타유동부채 6,493,553,081 9,628,147,280
현대엘리베이터 017800 당기법인세부채 4,592,402,641 2,118,197,971
현대엘리베이터 017800 유동리스부채 0 0
현대엘리베이터 017800 비유동부채 22,247,975,023 185,319,134,162
현대엘리베이터 017800 사채 0 0
현대엘리베이터 017800 장기차입금 0 0
현대엘리베이터 017800 기타비유동금융부채 0 0
현대엘리베이터 017800 이연법인세부채 0 0
현대엘리베이터 017800 비유동리스부채 0 0
현대엘리베이터 017800 부채총계 621,670,115,094 673,016,225,433
현대엘리베이터 017800 자본금 123,162,565,000 123,162,565,000
현대엘리베이터 017800 자본잉여금 469,224,378,554 469,224,378,554
현대엘리베이터 017800 자본조정 0 0
현대엘리베이터 017800 기타포괄손익누계액 1,464,663,535 161,619,897
현대엘리베이터 017800 이익잉여금(결손금) 0 0
현대엘리베이터 017800 자본총계 1,474,559,076,361 1,480,219,136,510
현대엘리베이터 017800 자본과부채총계 0 0
date : 2017-09-30
현대엘리베이터 017800 유동자산 896,513,091,635 767,128,709,237
현대엘리베이터 017800 현금및현금성자산 441,093,691,333 331,688,062,709
현대엘리베이터 017800 매출채권 238,518,311,148 259,154,356,761
현대엘리베이터 017800 재고자산 16,757,784,825 15,178,867,354
현대엘리베이터 017800 기타유동금융자산 0 0
현대엘리베이터 017800 기타유동자산 12,427,117,812 10,305,833,292
현대엘리베이터 017800 매각예정비유동자산 0 0
현대엘리베이터 017800 비유동자산 737,643,842,188 713,090,427,273
현대엘리베이터 017800 장기금융상품 3,123,340,000 18,000,000
현대엘리베이터 017800 기타포괄손익-공정가치 0 0
현대엘리베이터 017800 당기손익인식공정가치측정금융자산 0 0
현대엘리베이터 017800 종속회사투자 0 0
현대엘리베이터 017800 관계회사투자 0 0
현대엘리베이터 017800 렌탈자산 0 0
현대엘리베이터 017800 유형자산 84,690,139,951 85,126,506,891
현대엘리베이터 017800 무형자산 28,939,929,985 27,919,388,606
현대엘리베이터 017800 기타비유동금융자산 0 0
현대엘리베이터 017800 기타비유동자산 7,547,915,944 12,797,077,979
현대엘리베이터 017800 사용권자산 0 0
현대엘리베이터 017800 이연법인세자산 148,860,146,638 164,473,557,545
현대엘리베이터 017800 자산총계 1,634,156,933,823 1,480,219,136,510
현대엘리베이터 017800 유동부채 507,647,796,910 487,697,091,271
현대엘리베이터 017800 단기매입채무 0 0
현대엘리베이터 017800 단기차입금 0 0
현대엘리베이터 017800 유동성장기차입금 0 0
현대엘리베이터 017800 유동성사채 0 0
현대엘리베이터 017800 기타유동금융부채 0 0
현대엘리베이터 017800 기타유동부채 3,752,947,965 9,628,147,280
현대엘리베이터 017800 당기법인세부채 21,959,468,991 2,118,197,971
현대엘리베이터 017800 유동리스부채 0 0
현대엘리베이터 017800 비유동부채 204,658,788,472 185,319,134,162
현대엘리베이터 017800 사채 0 0
현대엘리베이터 017800 장기차입금 0 0
현대엘리베이터 017800 기타비유동금융부채 0 0
현대엘리베이터 017800 이연법인세부채 0 0
현대엘리베이터 017800 비유동리스부채 0 0
현대엘리베이터 017800 부채총계 712,306,585,382 673,016,225,433
현대엘리베이터 017800 자본금 123,162,565,000 123,162,565,000
현대엘리베이터 017800 자본잉여금 469,224,378,554 469,224,378,554
현대엘리베이터 017800 자본조정 0 0
현대엘리베이터 017800 기타포괄손익누계액 1,144,816,703 161,619,897
현대엘리베이터 017800 이익잉여금(결손금) 309,602,804,864 183,461,375,426
현대엘리베이터 017800 자본총계 921,850,348,441 807,202,911,077
현대엘리베이터 017800 자본과부채총계 1,634,156,933,823 1,480,219,136,510
date : 2017-12-31
현대엘리베이터 017800 유동자산 752,585,912,591 767,128,709,237
현대엘리베이터 017800 현금및현금성자산 244,927,652,303 331,688,062,709
현대엘리베이터 017800 매출채권 284,458,328,855 259,154,356,761
현대엘리베이터 017800 재고자산 16,013,127,328 15,178,867,354
현대엘리베이터 017800 기타유동금융자산 0 0
현대엘리베이터 017800 기타유동자산 10,615,045,876 10,305,833,292
현대엘리베이터 017800 매각예정비유동자산 0 0
현대엘리베이터 017800 비유동자산 946,010,849,634 713,090,427,273
현대엘리베이터 017800 장기금융상품 449,860,000 18,000,000
현대엘리베이터 017800 기타포괄손익-공정가치 0 0
현대엘리베이터 017800 당기손익인식공정가치측정금융자산 0 0
현대엘리베이터 017800 종속회사투자 0 0
현대엘리베이터 017800 관계회사투자 0 0
현대엘리베이터 017800 렌탈자산 0 0
현대엘리베이터 017800 유형자산 161,144,340,134 85,126,506,891
현대엘리베이터 017800 무형자산 29,640,776,213 27,919,388,606
현대엘리베이터 017800 기타비유동금융자산 0 0
현대엘리베이터 017800 기타비유동자산 5,348,704,307 12,797,077,979
현대엘리베이터 017800 사용권자산 0 0
현대엘리베이터 017800 이연법인세자산 121,944,502,959 164,473,557,545
현대엘리베이터 017800 자산총계 1,698,596,762,225 1,480,219,136,510
현대엘리베이터 017800 유동부채 544,469,799,897 487,697,091,271
현대엘리베이터 017800 단기매입채무 0 0
현대엘리베이터 017800 단기차입금 0 0
현대엘리베이터 017800 유동성장기차입금 0 0
현대엘리베이터 017800 유동성사채 0 0
현대엘리베이터 017800 기타유동금융부채 0 0
현대엘리베이터 017800 기타유동부채 5,400,181,481 9,628,147,280
현대엘리베이터 017800 당기법인세부채 0 2,118,197,971
현대엘리베이터 017800 유동리스부채 0 0
현대엘리베이터 017800 비유동부채 278,323,431,845 185,319,134,162
현대엘리베이터 017800 사채 0 0
현대엘리베이터 017800 장기차입금 0 0
현대엘리베이터 017800 기타비유동금융부채 0 0
현대엘리베이터 017800 이연법인세부채 0 0
현대엘리베이터 017800 비유동리스부채 0 0
현대엘리베이터 017800 부채총계 822,793,231,742 673,016,225,433
현대엘리베이터 017800 자본금 123,162,565,000 123,162,565,000
현대엘리베이터 017800 자본잉여금 469,224,378,554 469,224,378,554
현대엘리베이터 017800 자본조정 0 0
현대엘리베이터 017800 기타포괄손익누계액 -541,183,971 161,619,897
현대엘리베이터 017800 이익잉여금(결손금) 0 0
현대엘리베이터 017800 자본총계 875,803,530,483 807,202,911,077
현대엘리베이터 017800 자본과부채총계 1,698,596,762,225 1,480,219,136,510
date : 2018-03-31
현대엘리베이터 017800 유동자산 713,134,431,170 752,585,912,591
현대엘리베이터 017800 현금및현금성자산 249,917,393,273 244,927,652,303
현대엘리베이터 017800 매출채권 239,980,910,559 284,458,328,855
현대엘리베이터 017800 재고자산 18,276,880,769 16,013,127,328
현대엘리베이터 017800 기타유동금융자산 0 0
현대엘리베이터 017800 기타유동자산 12,420,541,712 10,615,045,876
현대엘리베이터 017800 매각예정비유동자산 0 0
현대엘리베이터 017800 비유동자산 982,335,636,685 946,010,849,634
현대엘리베이터 017800 장기금융상품 885,220,000 449,860,000
현대엘리베이터 017800 기타포괄손익-공정가치 0 0
현대엘리베이터 017800 당기손익인식공정가치측정금융자산 0 0
현대엘리베이터 017800 종속회사투자 0 0
현대엘리베이터 017800 관계회사투자 0 0
현대엘리베이터 017800 렌탈자산 0 0
현대엘리베이터 017800 유형자산 159,694,780,081 161,144,340,134
현대엘리베이터 017800 무형자산 30,388,550,006 29,640,776,213
현대엘리베이터 017800 기타비유동금융자산 0 0
현대엘리베이터 017800 기타비유동자산 3,286,458,693 5,348,704,307
현대엘리베이터 017800 사용권자산 0 0
현대엘리베이터 017800 이연법인세자산 128,490,087,969 121,944,502,959
현대엘리베이터 017800 자산총계 1,695,470,067,855 1,698,596,762,225
현대엘리베이터 017800 유동부채 470,360,814,073 544,469,799,897
현대엘리베이터 017800 단기매입채무 0 0
현대엘리베이터 017800 단기차입금 0 0
현대엘리베이터 017800 유동성장기차입금 0 0
현대엘리베이터 017800 유동성사채 0 0
현대엘리베이터 017800 기타유동금융부채 0 0
현대엘리베이터 017800 기타유동부채 9,739,733,561 5,400,181,481
현대엘리베이터 017800 당기법인세부채 1,097,034,578 0
현대엘리베이터 017800 유동리스부채 0 0
현대엘리베이터 017800 비유동부채 283,408,016,698 278,323,431,845
현대엘리베이터 017800 사채 0 0
현대엘리베이터 017800 장기차입금 0 0
현대엘리베이터 017800 기타비유동금융부채 0 0
현대엘리베이터 017800 이연법인세부채 0 0
현대엘리베이터 017800 비유동리스부채 0 0
현대엘리베이터 017800 부채총계 753,768,830,771 822,793,231,742
현대엘리베이터 017800 자본금 132,813,835,000 123,162,565,000
현대엘리베이터 017800 자본잉여금 561,703,319,101 469,224,378,554
현대엘리베이터 017800 자본조정 0 0
현대엘리베이터 017800 기타포괄손익누계액 0 -541,183,971
현대엘리베이터 017800 이익잉여금(결손금) 0 0
현대엘리베이터 017800 자본총계 941,701,237,084 875,803,530,483
현대엘리베이터 017800 자본과부채총계 1,695,470,067,855 1,698,596,762,225
date : 2018-06-30
현대엘리베이터 017800 유동자산 741,842,550,183 752,585,912,591
현대엘리베이터 017800 현금및현금성자산 294,085,120,462 244,927,652,303
현대엘리베이터 017800 매출채권 222,606,151,129 284,458,328,855
현대엘리베이터 017800 재고자산 18,468,756,132 16,013,127,328
현대엘리베이터 017800 기타유동금융자산 0 0
현대엘리베이터 017800 기타유동자산 9,147,122,968 10,615,045,876
현대엘리베이터 017800 매각예정비유동자산 0 0
현대엘리베이터 017800 비유동자산 1,007,033,453,878 946,010,849,634
현대엘리베이터 017800 장기금융상품 1,102,900,000 449,860,000
현대엘리베이터 017800 기타포괄손익-공정가치 0 0
현대엘리베이터 017800 당기손익인식공정가치측정금융자산 0 0
현대엘리베이터 017800 종속회사투자 0 0
현대엘리베이터 017800 관계회사투자 0 0
현대엘리베이터 017800 렌탈자산 0 0
현대엘리베이터 017800 유형자산 159,611,282,142 161,144,340,134
현대엘리베이터 017800 무형자산 33,954,803,799 29,640,776,213
현대엘리베이터 017800 기타비유동금융자산 0 0
현대엘리베이터 017800 기타비유동자산 1,335,288,153 5,348,704,307
현대엘리베이터 017800 사용권자산 0 0
현대엘리베이터 017800 이연법인세자산 129,807,879,196 121,944,502,959
현대엘리베이터 017800 자산총계 1,748,876,004,061 1,698,596,762,225
현대엘리베이터 017800 유동부채 485,280,597,714 544,469,799,897
현대엘리베이터 017800 단기매입채무 0 0
현대엘리베이터 017800 단기차입금 0 0
현대엘리베이터 017800 유동성장기차입금 0 0
현대엘리베이터 017800 유동성사채 0 0
현대엘리베이터 017800 기타유동금융부채 0 0
현대엘리베이터 017800 기타유동부채 8,135,950,010 5,400,181,481
현대엘리베이터 017800 당기법인세부채 3,893,321,995 0
현대엘리베이터 017800 유동리스부채 0 0
현대엘리베이터 017800 비유동부채 288,233,872,505 278,323,431,845
현대엘리베이터 017800 사채 0 0
현대엘리베이터 017800 장기차입금 0 0
현대엘리베이터 017800 기타비유동금융부채 0 0
현대엘리베이터 017800 이연법인세부채 0 0
현대엘리베이터 017800 비유동리스부채 0 0
현대엘리베이터 017800 부채총계 773,514,470,219 822,793,231,742
현대엘리베이터 017800 자본금 135,791,330,000 123,162,565,000
현대엘리베이터 017800 자본잉여금 590,377,998,810 469,224,378,554
현대엘리베이터 017800 자본조정 0 0
현대엘리베이터 017800 기타포괄손익누계액 0 -541,183,971
현대엘리베이터 017800 이익잉여금(결손금) 0 0
현대엘리베이터 017800 자본총계 975,361,533,842 875,803,530,483
현대엘리베이터 017800 자본과부채총계 1,748,876,004,061 1,698,596,762,225
date : 2018-09-30
현대엘리베이터 017800 유동자산 705,477,098,378 752,585,912,591
현대엘리베이터 017800 현금및현금성자산 268,821,912,571 244,927,652,303
현대엘리베이터 017800 매출채권 205,610,211,667 284,458,328,855
현대엘리베이터 017800 재고자산 19,642,152,458 16,013,127,328
현대엘리베이터 017800 기타유동금융자산 0 0
현대엘리베이터 017800 기타유동자산 7,493,525,278 10,615,045,876
현대엘리베이터 017800 매각예정비유동자산 0 0
현대엘리베이터 017800 비유동자산 1,080,158,936,304 946,010,849,634
현대엘리베이터 017800 장기금융상품 1,429,420,000 449,860,000
현대엘리베이터 017800 기타포괄손익-공정가치 0 0
현대엘리베이터 017800 당기손익인식공정가치측정금융자산 0 0
현대엘리베이터 017800 종속회사투자 0 0
현대엘리베이터 017800 관계회사투자 0 0
현대엘리베이터 017800 렌탈자산 0 0
현대엘리베이터 017800 유형자산 159,169,732,297 161,144,340,134
현대엘리베이터 017800 무형자산 33,785,752,072 29,640,776,213
현대엘리베이터 017800 기타비유동금융자산 0 0
현대엘리베이터 017800 기타비유동자산 1,258,271,356 5,348,704,307
현대엘리베이터 017800 사용권자산 0 0
현대엘리베이터 017800 이연법인세자산 130,349,378,060 121,944,502,959
현대엘리베이터 017800 자산총계 1,785,636,034,682 1,698,596,762,225
현대엘리베이터 017800 유동부채 540,666,742,106 544,469,799,897
현대엘리베이터 017800 단기매입채무 0 0
현대엘리베이터 017800 단기차입금 0 0
현대엘리베이터 017800 유동성장기차입금 0 0
현대엘리베이터 017800 유동성사채 0 0
현대엘리베이터 017800 기타유동금융부채 0 0
현대엘리베이터 017800 기타유동부채 10,995,438,358 5,400,181,481
현대엘리베이터 017800 당기법인세부채 6,098,552,012 0
현대엘리베이터 017800 유동리스부채 0 0
현대엘리베이터 017800 비유동부채 263,640,301,827 278,323,431,845
현대엘리베이터 017800 사채 0 0
현대엘리베이터 017800 장기차입금 0 0
현대엘리베이터 017800 기타비유동금융부채 0 0
현대엘리베이터 017800 이연법인세부채 0 0
현대엘리베이터 017800 비유동리스부채 0 0
현대엘리베이터 017800 부채총계 804,307,043,933 822,793,231,742
현대엘리베이터 017800 자본금 135,791,330,000 123,162,565,000
현대엘리베이터 017800 자본잉여금 590,377,998,810 469,224,378,554
현대엘리베이터 017800 자본조정 0 0
현대엘리베이터 017800 기타포괄손익누계액 0 -541,183,971
현대엘리베이터 017800 이익잉여금(결손금) 0 0
현대엘리베이터 017800 자본총계 981,328,990,749 875,803,530,483
현대엘리베이터 017800 자본과부채총계 1,785,636,034,682 1,698,596,762,225
date : 2018-12-31
현대엘리베이터 017800 유동자산 723,666,337,269 752,585,912,591
현대엘리베이터 017800 현금및현금성자산 285,686,613,379 244,927,652,303
현대엘리베이터 017800 매출채권 231,219,763,150 284,458,328,855
현대엘리베이터 017800 재고자산 22,742,687,096 16,013,127,328
현대엘리베이터 017800 기타유동금융자산 0 0
현대엘리베이터 017800 기타유동자산 7,907,698,731 10,615,045,876
현대엘리베이터 017800 매각예정비유동자산 0 0
현대엘리베이터 017800 비유동자산 1,077,908,545,418 946,010,849,634
현대엘리베이터 017800 장기금융상품 1,864,780,000 449,860,000
현대엘리베이터 017800 기타포괄손익-공정가치 0 0
현대엘리베이터 017800 당기손익인식공정가치측정금융자산 0 0
현대엘리베이터 017800 종속회사투자 0 0
현대엘리베이터 017800 관계회사투자 0 0
현대엘리베이터 017800 렌탈자산 0 0
현대엘리베이터 017800 유형자산 158,317,013,304 161,144,340,134
현대엘리베이터 017800 무형자산 31,456,998,285 29,640,776,213
현대엘리베이터 017800 기타비유동금융자산 0 0
현대엘리베이터 017800 기타비유동자산 1,208,822,225 5,348,704,307
현대엘리베이터 017800 사용권자산 0 0
현대엘리베이터 017800 이연법인세자산 111,112,443,278 121,944,502,959
현대엘리베이터 017800 자산총계 1,801,574,882,687 1,698,596,762,225
현대엘리베이터 017800 유동부채 569,140,979,238 544,469,799,897
현대엘리베이터 017800 단기매입채무 0 0
현대엘리베이터 017800 단기차입금 0 0
현대엘리베이터 017800 유동성장기차입금 0 0
현대엘리베이터 017800 유동성사채 0 0
현대엘리베이터 017800 기타유동금융부채 0 0
현대엘리베이터 017800 기타유동부채 9,740,185,376 5,400,181,481
현대엘리베이터 017800 당기법인세부채 0 0
현대엘리베이터 017800 유동리스부채 0 0
현대엘리베이터 017800 비유동부채 229,639,157,043 278,323,431,845
현대엘리베이터 017800 사채 0 0
현대엘리베이터 017800 장기차입금 0 0
현대엘리베이터 017800 기타비유동금융부채 0 0
현대엘리베이터 017800 이연법인세부채 0 0
현대엘리베이터 017800 비유동리스부채 0 0
현대엘리베이터 017800 부채총계 798,780,136,281 822,793,231,742
현대엘리베이터 017800 자본금 135,791,330,000 123,162,565,000
현대엘리베이터 017800 자본잉여금 590,377,998,810 469,224,378,554
현대엘리베이터 017800 자본조정 0 0
현대엘리베이터 017800 기타포괄손익누계액 0 -541,183,971
현대엘리베이터 017800 이익잉여금(결손금) 0 0
현대엘리베이터 017800 자본총계 1,002,794,746,406 875,803,530,483
현대엘리베이터 017800 자본과부채총계 1,801,574,882,687 1,698,596,762,225
date : 2019-03-31
현대엘리베이터 017800 유동자산 673,526,265,939 723,666,337,269
현대엘리베이터 017800 현금및현금성자산 259,973,363,079 285,686,613,379
현대엘리베이터 017800 매출채권 217,149,205,350 231,219,763,150
현대엘리베이터 017800 재고자산 19,857,993,312 22,742,687,096
현대엘리베이터 017800 기타유동금융자산 0 0
현대엘리베이터 017800 기타유동자산 8,185,060,022 7,907,698,731
현대엘리베이터 017800 매각예정비유동자산 0 0
현대엘리베이터 017800 비유동자산 1,111,575,370,773 1,077,908,545,418
현대엘리베이터 017800 장기금융상품 2,082,460,000 1,864,780,000
현대엘리베이터 017800 기타포괄손익-공정가치 0 0
현대엘리베이터 017800 당기손익인식공정가치측정금융자산 0 0
현대엘리베이터 017800 종속회사투자 0 0
현대엘리베이터 017800 관계회사투자 0 0
현대엘리베이터 017800 렌탈자산 0 0
현대엘리베이터 017800 유형자산 165,128,745,654 158,317,013,304
현대엘리베이터 017800 무형자산 32,448,912,078 31,456,998,285
현대엘리베이터 017800 기타비유동금융자산 0 0
현대엘리베이터 017800 기타비유동자산 1,241,740,123 1,208,822,225
현대엘리베이터 017800 사용권자산 0 0
현대엘리베이터 017800 이연법인세자산 99,017,810,683 111,112,443,278
현대엘리베이터 017800 자산총계 1,785,101,636,712 1,801,574,882,687
현대엘리베이터 017800 유동부채 528,169,782,724 569,140,979,238
현대엘리베이터 017800 단기매입채무 0 0
현대엘리베이터 017800 단기차입금 0 0
현대엘리베이터 017800 유동성장기차입금 0 0
현대엘리베이터 017800 유동성사채 0 0
현대엘리베이터 017800 기타유동금융부채 0 0
현대엘리베이터 017800 기타유동부채 8,853,729,842 9,740,185,376
현대엘리베이터 017800 당기법인세부채 0 0
현대엘리베이터 017800 유동리스부채 0 0
현대엘리베이터 017800 비유동부채 232,355,089,499 229,639,157,043
현대엘리베이터 017800 사채 0 0
현대엘리베이터 017800 장기차입금 0 0
현대엘리베이터 017800 기타비유동금융부채 0 0
현대엘리베이터 017800 이연법인세부채 0 0
현대엘리베이터 017800 비유동리스부채 0 0
현대엘리베이터 017800 부채총계 760,524,872,223 798,780,136,281
현대엘리베이터 017800 자본금 135,791,330,000 135,791,330,000
현대엘리베이터 017800 자본잉여금 590,377,998,810 590,377,998,810
현대엘리베이터 017800 자본조정 0 0
현대엘리베이터 017800 기타포괄손익누계액 0 0
현대엘리베이터 017800 이익잉여금(결손금) 0 0
현대엘리베이터 017800 자본총계 1,024,576,764,489 1,002,794,746,406
현대엘리베이터 017800 자본과부채총계 1,785,101,636,712 1,801,574,882,687
