date : 2019-03-31
풀무원 017810 유동자산 24,434,920,991 25,972,026,513
풀무원 017810 현금및현금성자산 871,647,958 6,869,969,083
풀무원 017810 매출채권 및 기타유동채권
풀무원 017810 재고자산 19,308,712 20,283,517
풀무원 017810 기타유동자산 1,643,188,484 1,809,954,854
풀무원 017810 비유동자산 458,855,962,063 453,005,536,003
풀무원 017810 기타비유동자산 2,758,029,517 2,758,029,517
풀무원 017810 유형자산 19,833,248,422 13,408,674,514
풀무원 017810 무형자산 6,168,143,153 6,643,178,671
풀무원 017810 이연법인세자산 3,997,728,455 3,916,458,750
풀무원 017810 자산총계 483,290,883,054 478,977,562,516
풀무원 017810 유동부채 74,653,288,140 74,623,959,325
풀무원 017810 단기차입금 57,474,085,997 63,712,263,148
풀무원 017810 유동리스부채 292,826,593 0
풀무원 017810 당기법인세부채 1,991,353,038 2,029,020,928
풀무원 017810 기타유동금융부채 104,378,359 0
풀무원 017810 기타유동부채 9,364,957,187 3,347,095,767
풀무원 017810 비유동부채 25,034,550,005 20,988,121,257
풀무원 017810 장기차입금 15,000,000,000 16,250,000,000
풀무원 017810 비유동리스부채 4,152,370,791 0
풀무원 017810 기타비유동금융부채 179,899,182 139,078,120
풀무원 017810 부채총계 99,687,838,145 95,612,080,582
풀무원 017810 자본금 21,062,765,000 21,062,765,000
풀무원 017810 이익잉여금(결손금) 197,936,207,383 197,692,755,408
풀무원 017810 자본총계 383,603,044,909 383,365,481,934
풀무원 017810 자본과부채총계 483,290,883,054 478,977,562,516
