date : 2019-03-31
한국카본 017960 유동자산 190,166,475,237 194,306,745,370
한국카본 017960 현금및현금성자산 13,116,209,138 28,163,779,294
한국카본 017960 기타유동금융자산 75,899,054,128 90,358,758,706
한국카본 017960 기타포괄손익-공정가치 측정 금융자산
한국카본 017960 매출채권 및 기타유동채권
한국카본 017960 재고자산 72,664,076,673 56,073,597,082
한국카본 017960 기타유동자산 1,782,317,918 1,020,638,589
한국카본 017960 비유동자산 168,363,961,366 162,911,278,188
한국카본 017960 기타비유동금융자산 52,558,672,382 48,434,305,886
한국카본 017960 장기금융상품 11,692,000,000 11,128,000,000
한국카본 017960 기타포괄손익-공정가치 측정 금융자산
한국카본 017960 유형자산 97,609,424,309 96,481,861,665
한국카본 017960 무형자산 2,765,496,145 2,541,263,330
한국카본 017960 자산총계 359,362,436,603 358,050,023,558
한국카본 017960 유동부채 40,258,535,257 38,012,190,788
한국카본 017960 단기매입채무 20,722,996,726 18,300,662,016
한국카본 017960 당기법인세부채 1,555,506,053 1,289,538,154
한국카본 017960 유동성장기차입금 0 0
한국카본 017960 기타유동금융부채 722,663,515 739,285,568
한국카본 017960 기타유동부채 403,292,605 841,101,186
한국카본 017960 비유동부채 4,705,280,327 4,293,268,802
한국카본 017960 장기차입금 283,000,000 283,000,000
한국카본 017960 이연법인세부채 3,575,682,757 3,132,730,360
한국카본 017960 부채총계 44,963,815,584 42,305,459,590
한국카본 017960 자본금 21,980,378,500 21,980,378,500
한국카본 017960 이익잉여금(결손금) 229,602,822,642 230,948,266,352
한국카본 017960 기타포괄손익누계액 -12,144,687,357 -12,144,188,118
한국카본 017960 기타포괄손익누계액 -3,553,865,523 -3,553,366,284
한국카본 017960 자본총계 314,398,621,019 315,744,563,968
한국카본 017960 자본과부채총계 359,362,436,603 358,050,023,558
