date : 2019-03-31
서울제약 018680 유동자산 45,636,056,953 44,109,046,125
서울제약 018680 현금및현금성자산 8,647,945,976 4,733,959,029
서울제약 018680 매출채권 30,856,846,027 29,443,650,182
서울제약 018680 재고자산 4,692,160,773 6,037,791,882
서울제약 018680 비유동자산 46,588,726,181 46,459,772,730
서울제약 018680 장기금융상품 328,391,641 319,526,641
서울제약 018680 유형자산 40,839,208,725 41,275,647,096
서울제약 018680 무형자산 1,130,758,495 1,171,695,966
서울제약 018680 사용권자산 174,696,285 0
서울제약 018680 이연법인세자산 2,085,683,548 1,914,784,721
서울제약 018680 자산총계 92,224,783,134 90,568,818,855
서울제약 018680 유동부채 15,018,754,607 14,020,841,762
서울제약 018680 단기차입금 3,000,000,000 0
서울제약 018680 당기법인세부채 14,155,548 0
서울제약 018680 유동리스부채 125,940,946 0
서울제약 018680 비유동부채 26,932,316,138 26,234,051,249
서울제약 018680 장기차입금 14,800,000,000 14,800,000,000
서울제약 018680 비유동리스부채 62,677,087 0
서울제약 018680 부채총계 41,951,070,745 40,254,893,011
서울제약 018680 자본금 4,242,749,500 4,242,749,500
서울제약 018680 이익잉여금(결손금) 12,489,788,144 12,712,482,193
서울제약 018680 자본총계 50,273,712,389 50,313,925,844
서울제약 018680 자본과부채총계 92,224,783,134 90,568,818,855
