date : 2019-03-31
SK가스 018670 유동자산 1,122,073,492,767 1,173,890,555,258
SK가스 018670 현금및현금성자산 55,929,127,703 34,820,911,471
SK가스 018670 재고자산 210,275,339,340 178,088,519,768
SK가스 018670 기타유동자산 20,665,604,455 51,584,295,208
SK가스 018670 비유동자산 2,309,232,331,898 2,017,245,310,363
SK가스 018670 장기금융상품 17,000,000 17,000,000
SK가스 018670 유형자산 918,508,533,548 933,407,358,472
SK가스 018670 무형자산 18,983,383,307 19,289,874,390
SK가스 018670 기타비유동자산 80,884,609,265 102,245,985,610
SK가스 018670 자산총계 3,431,305,824,665 3,191,135,865,621
SK가스 018670 유동부채 1,119,221,592,116 1,172,136,506,343
SK가스 018670 유동리스부채 78,670,331,054 0
SK가스 018670 기타유동부채 203,201,231 452,263,281
SK가스 018670 비유동부채 860,130,399,547 528,568,866,128
SK가스 018670 사채 249,443,042,838 349,276,661,322
SK가스 018670 이연법인세부채 30,592,720,859 67,475,514,668
SK가스 018670 부채총계 1,979,351,991,663 1,700,705,372,471
SK가스 018670 자본금 45,708,905,000 45,270,835,000
SK가스 018670 자본잉여금 253,164,193,145 253,164,193,145
SK가스 018670 기타포괄손익누계액 -6,182,334,070 120,324,702,238
SK가스 018670 자본총계 1,451,953,833,002 1,490,430,493,150
SK가스 018670 자본과부채총계 3,431,305,824,665 3,191,135,865,621
