date : 2019-03-31
우진비앤지 018620 유동자산 19,793,273,023 14,769,100,383
우진비앤지 018620 현금및현금성자산 3,919,753,474 1,737,399,553
우진비앤지 018620 매출채권 5,930,597,185 4,947,194,580
우진비앤지 018620 재고자산 9,143,165,793 7,654,378,011
우진비앤지 018620 비유동자산 32,398,340,437 32,423,407,023
우진비앤지 018620 장기금융상품 620,800,000 539,000,000
우진비앤지 018620 유형자산 11,992,406,310 12,085,872,438
우진비앤지 018620 무형자산 185,807,910 199,208,368
우진비앤지 018620 자산총계 52,191,613,460 47,192,507,406
우진비앤지 018620 유동부채 9,946,592,450 18,012,965,136
우진비앤지 018620 단기차입금 3,310,000,000 12,107,838,278
우진비앤지 018620 비유동부채 1,627,074,445 1,666,480,730
우진비앤지 018620 부채총계 11,573,666,895 19,679,445,866
우진비앤지 018620 자본금 12,983,506,500 8,108,506,500
우진비앤지 018620 자본잉여금 24,924,997,134 16,715,553,994
우진비앤지 018620 자본조정 -11,044,570 -11,044,570
우진비앤지 018620 이익잉여금(결손금) 2,720,487,501 2,700,045,616
우진비앤지 018620 자본총계 40,617,946,565 27,513,061,540
우진비앤지 018620 자본과부채총계 52,191,613,460 47,192,507,406
