date : 2019-03-31
한온시스템 018880 유동자산 1,004,847,033,826 1,640,151,379,702
한온시스템 018880 현금및현금성자산 200,367,550,411 768,900,289,667
한온시스템 018880 매출채권 463,637,071,326 502,019,239,807
한온시스템 018880 기타유동자산 33,361,729,672 35,825,950,989
한온시스템 018880 재고자산 118,486,230,308 102,539,916,614
한온시스템 018880 매각예정비유동자산 3,043,615,235 4,985,611,715
한온시스템 018880 비유동자산 3,227,708,536,446 1,878,223,372,525
한온시스템 018880 장기금융상품 2,000,000 2,000,000
한온시스템 018880 유형자산 421,216,393,703 441,618,553,020
한온시스템 018880 무형자산 295,898,180,454 287,267,713,828
한온시스템 018880 이연법인세자산 36,198,186,025 33,867,712,200
한온시스템 018880 기타비유동자산 4,367,513,805 4,552,979,072
한온시스템 018880 자산총계 4,232,555,570,272 3,518,374,752,227
한온시스템 018880 유동부채 1,162,461,491,582 905,830,356,803
한온시스템 018880 당기법인세부채 8,441,543,447 8,146,712,161
한온시스템 018880 기타유동부채 7,949,840,417 8,098,653,134
한온시스템 018880 비유동부채 1,571,383,856,318 1,075,995,775,600
한온시스템 018880 부채총계 2,733,845,347,900 1,981,826,132,403
한온시스템 018880 자본금 53,380,000,000 53,380,000,000
한온시스템 018880 기타포괄손익누계액 1,972,561,279 9,929,873,783
한온시스템 018880 이익잉여금(결손금) 1,226,877,462,116 1,256,896,721,358
한온시스템 018880 자본총계 1,498,710,222,372 1,536,548,619,824
한온시스템 018880 자본과부채총계 4,232,555,570,272 3,518,374,752,227
