date : 2019-03-31
티에이치엔 019180 유동자산 136,243,969,776 129,426,177,413
티에이치엔 019180 현금및현금성자산 7,074,817,203 188,702,193
티에이치엔 019180 매출채권 97,293,264,571 94,121,892,430
티에이치엔 019180 기타유동자산 2,100,227,335 2,365,778,003
티에이치엔 019180 재고자산 21,074,465,842 22,085,524,890
티에이치엔 019180 비유동자산 105,352,094,173 106,967,446,512
티에이치엔 019180 유형자산 43,939,996,403 43,960,572,643
티에이치엔 019180 무형자산 1,090,082,733 1,090,082,733
티에이치엔 019180 자산총계 241,596,063,949 236,393,623,925
티에이치엔 019180 유동부채 130,257,772,885 127,655,393,999
티에이치엔 019180 단기매입채무 77,095,972,888 62,554,779,185
티에이치엔 019180 단기차입금 28,000,000,000 37,800,000,000
티에이치엔 019180 유동성장기차입금 1,110,209,270 894,444,120
티에이치엔 019180 당기법인세부채 4,323,384,228 3,267,219,484
티에이치엔 019180 기타유동부채 4,029,256,726 4,597,412,371
티에이치엔 019180 비유동부채 23,331,387,568 24,946,606,304
티에이치엔 019180 장기차입금 8,838,268,830 9,067,373,250
티에이치엔 019180 이연법인세부채 1,125,280,452 1,140,093,803
티에이치엔 019180 부채총계 153,589,160,453 152,602,000,303
티에이치엔 019180 자본금 9,000,000,000 9,000,000,000
티에이치엔 019180 기타포괄손익누계액 13,452,616,154 13,471,059,839
티에이치엔 019180 이익잉여금(결손금) 59,455,462,600 55,221,739,041
티에이치엔 019180 자본총계 88,006,903,496 83,791,623,622
티에이치엔 019180 자본과부채총계 241,596,063,949 236,393,623,925
