date : 2015-12-31
신풍제약 019170 유동자산 210,815,696,508 205,917,940,926
신풍제약 019170 현금및현금성자산 12,395,516,575 5,831,381,621
신풍제약 019170 매출채권 및 기타유동채권
신풍제약 019170 재고자산 42,348,921,313 41,275,206,160
신풍제약 019170 기타유동금융자산 1,473,595,323 1,345,627,883
신풍제약 019170 기타유동자산 0 0
신풍제약 019170 매각예정비유동자산 0 0
신풍제약 019170 비유동자산 191,723,249,006 195,954,823,734
신풍제약 019170 장기금융상품 1,750,000,000 1,689,800,000
신풍제약 019170 기타포괄손익-공정가치 0 0
신풍제약 019170 당기손익인식공정가치측정금융자산 0 0
신풍제약 019170 종속회사투자 0 0
신풍제약 019170 관계회사투자 0 0
신풍제약 019170 렌탈자산 0 0
신풍제약 019170 유형자산 150,423,372,566 157,883,523,201
신풍제약 019170 무형자산 11,716,148,843 12,145,740,941
신풍제약 019170 기타비유동금융자산 1,510,970,870 1,809,970,870
신풍제약 019170 기타비유동자산 0 0
신풍제약 019170 사용권자산 0 0
신풍제약 019170 이연법인세자산 5,276,080,141 5,160,086,636
신풍제약 019170 자산총계 402,538,945,514 401,872,764,660
신풍제약 019170 유동부채 182,659,569,739 179,115,865,108
신풍제약 019170 단기매입채무 0 0
신풍제약 019170 단기차입금 151,070,204,111 146,793,077,697
신풍제약 019170 유동성장기차입금 0 0
신풍제약 019170 유동성사채 0 0
신풍제약 019170 기타유동금융부채 13,501,506,883 7,969,356,717
신풍제약 019170 기타유동부채 0 0
신풍제약 019170 당기법인세부채 437,986,392 2,148,564,856
신풍제약 019170 유동리스부채 0 0
신풍제약 019170 비유동부채 31,623,975,374 37,271,843,717
신풍제약 019170 사채 0 0
신풍제약 019170 장기차입금 4,473,335,612 9,833,849,079
신풍제약 019170 기타비유동금융부채 1,153,409,050 1,144,529,050
신풍제약 019170 이연법인세부채 0 0
신풍제약 019170 비유동리스부채 0 0
신풍제약 019170 부채총계 214,283,545,113 216,387,708,825
신풍제약 019170 자본금 23,709,000,000 22,897,150,000
신풍제약 019170 자본잉여금 0 0
신풍제약 019170 자본조정 0 0
신풍제약 019170 기타포괄손익누계액 0 0
신풍제약 019170 이익잉여금(결손금) 0 0
신풍제약 019170 자본총계 188,255,400,401 185,485,055,835
신풍제약 019170 자본과부채총계 402,538,945,514 401,872,764,660
date : 2016-03-31
신풍제약 019170 유동자산 207,181,723,435 210,815,696,508
신풍제약 019170 현금및현금성자산 5,954,346,449 12,395,516,575
신풍제약 019170 매출채권 및 기타유동채권
신풍제약 019170 재고자산 41,902,298,007 42,348,921,313
신풍제약 019170 기타유동금융자산 3,331,927,088 1,473,595,323
신풍제약 019170 기타유동자산 0 0
신풍제약 019170 매각예정비유동자산 0 0
신풍제약 019170 비유동자산 189,821,122,548 191,723,249,006
신풍제약 019170 장기금융상품 1,750,000,000 1,750,000,000
신풍제약 019170 기타포괄손익-공정가치 0 0
신풍제약 019170 당기손익인식공정가치측정금융자산 0 0
신풍제약 019170 종속회사투자 0 0
신풍제약 019170 관계회사투자 0 0
신풍제약 019170 렌탈자산 0 0
신풍제약 019170 유형자산 148,663,028,255 150,423,372,566
신풍제약 019170 무형자산 11,546,117,967 11,716,148,843
신풍제약 019170 기타비유동금융자산 1,443,970,870 1,510,970,870
신풍제약 019170 기타비유동자산 0 0
신풍제약 019170 사용권자산 0 0
신풍제약 019170 이연법인세자산 5,276,080,141 5,276,080,141
신풍제약 019170 자산총계 397,002,845,983 402,538,945,514
신풍제약 019170 유동부채 174,624,280,122 182,659,569,739
신풍제약 019170 단기매입채무 0 0
신풍제약 019170 단기차입금 143,401,070,941 151,070,204,111
신풍제약 019170 유동성장기차입금 0 0
신풍제약 019170 유동성사채 0 0
신풍제약 019170 기타유동금융부채 12,426,415,311 13,501,506,883
신풍제약 019170 기타유동부채 0 0
신풍제약 019170 당기법인세부채 539,197,942 437,986,392
신풍제약 019170 유동리스부채 0 0
신풍제약 019170 비유동부채 33,706,545,214 31,623,975,374
신풍제약 019170 사채 0 0
신풍제약 019170 장기차입금 6,070,970,517 4,473,335,612
신풍제약 019170 기타비유동금융부채 1,153,409,050 1,153,409,050
신풍제약 019170 이연법인세부채 0 0
신풍제약 019170 비유동리스부채 0 0
신풍제약 019170 부채총계 208,330,825,336 214,283,545,113
신풍제약 019170 자본금 23,709,000,000 23,709,000,000
신풍제약 019170 자본잉여금 0 0
신풍제약 019170 자본조정 0 0
신풍제약 019170 기타포괄손익누계액 0 0
신풍제약 019170 이익잉여금(결손금) 0 0
신풍제약 019170 자본총계 188,672,020,647 188,255,400,401
신풍제약 019170 자본과부채총계 397,002,845,983 402,538,945,514
date : 2016-06-30
신풍제약 019170 유동자산 235,187,476,278 210,815,696,508
신풍제약 019170 현금및현금성자산 20,947,717,639 12,395,516,575
신풍제약 019170 매출채권 및 기타유동채권
신풍제약 019170 재고자산 38,373,057,030 42,348,921,313
신풍제약 019170 기타유동금융자산 3,163,039,957 1,473,595,323
신풍제약 019170 기타유동자산 0 0
신풍제약 019170 매각예정비유동자산 0 0
신풍제약 019170 비유동자산 185,980,158,078 191,723,249,006
신풍제약 019170 장기금융상품 2,020,000,000 1,750,000,000
신풍제약 019170 기타포괄손익-공정가치 0 0
신풍제약 019170 당기손익인식공정가치측정금융자산 0 0
신풍제약 019170 종속회사투자 0 0
신풍제약 019170 관계회사투자 0 0
신풍제약 019170 렌탈자산 0 0
신풍제약 019170 유형자산 146,591,816,549 150,423,372,566
신풍제약 019170 무형자산 11,382,366,524 11,716,148,843
신풍제약 019170 기타비유동금융자산 1,393,970,870 1,510,970,870
신풍제약 019170 기타비유동자산 0 0
신풍제약 019170 사용권자산 0 0
신풍제약 019170 이연법인세자산 6,480,820,320 5,276,080,141
신풍제약 019170 자산총계 421,167,634,356 402,538,945,514
신풍제약 019170 유동부채 159,364,711,850 182,659,569,739
신풍제약 019170 단기매입채무 0 0
신풍제약 019170 단기차입금 127,025,608,410 151,070,204,111
신풍제약 019170 유동성장기차입금 0 0
신풍제약 019170 유동성사채 0 0
신풍제약 019170 기타유동금융부채 11,507,061,568 13,501,506,883
신풍제약 019170 기타유동부채 0 0
신풍제약 019170 당기법인세부채 1,584,436,371 437,986,392
신풍제약 019170 유동리스부채 0 0
신풍제약 019170 비유동부채 33,697,991,587 31,623,975,374
신풍제약 019170 사채 0 0
신풍제약 019170 장기차입금 5,732,332,138 4,473,335,612
신풍제약 019170 기타비유동금융부채 817,409,050 1,153,409,050
신풍제약 019170 이연법인세부채 0 0
신풍제약 019170 비유동리스부채 0 0
신풍제약 019170 부채총계 193,062,703,437 214,283,545,113
신풍제약 019170 자본금 27,592,495,000 23,709,000,000
신풍제약 019170 자본잉여금 0 0
신풍제약 019170 자본조정 0 0
신풍제약 019170 기타포괄손익누계액 0 0
신풍제약 019170 이익잉여금(결손금) 0 0
신풍제약 019170 자본총계 228,104,930,919 188,255,400,401
신풍제약 019170 자본과부채총계 421,167,634,356 402,538,945,514
date : 2016-09-30
신풍제약 019170 유동자산 232,740,029,583 210,815,696,508
신풍제약 019170 현금및현금성자산 17,715,263,670 12,395,516,575
신풍제약 019170 매출채권 및 기타유동채권
신풍제약 019170 재고자산 41,482,244,562 42,348,921,313
신풍제약 019170 기타유동금융자산 3,269,747,167 1,473,595,323
신풍제약 019170 기타유동자산 0 0
신풍제약 019170 매각예정비유동자산 0 0
신풍제약 019170 비유동자산 183,710,113,836 191,723,249,006
신풍제약 019170 장기금융상품 2,030,000,000 1,750,000,000
신풍제약 019170 기타포괄손익-공정가치 0 0
신풍제약 019170 당기손익인식공정가치측정금융자산 0 0
신풍제약 019170 종속회사투자 0 0
신풍제약 019170 관계회사투자 0 0
신풍제약 019170 렌탈자산 0 0
신풍제약 019170 유형자산 144,631,960,209 150,423,372,566
신풍제약 019170 무형자산 11,182,837,312 11,716,148,843
신풍제약 019170 기타비유동금융자산 1,449,970,870 1,510,970,870
신풍제약 019170 기타비유동자산 0 0
신풍제약 019170 사용권자산 0 0
신풍제약 019170 이연법인세자산 6,530,647,130 5,276,080,141
신풍제약 019170 자산총계 416,450,143,419 402,538,945,514
신풍제약 019170 유동부채 151,512,942,353 182,659,569,739
신풍제약 019170 단기매입채무 0 0
신풍제약 019170 단기차입금 119,395,097,530 151,070,204,111
신풍제약 019170 유동성장기차입금 0 0
신풍제약 019170 유동성사채 0 0
신풍제약 019170 기타유동금융부채 12,475,944,935 13,501,506,883
신풍제약 019170 기타유동부채 0 0
신풍제약 019170 당기법인세부채 1,082,159,016 437,986,392
신풍제약 019170 유동리스부채 0 0
신풍제약 019170 비유동부채 36,588,500,749 31,623,975,374
신풍제약 019170 사채 0 0
신풍제약 019170 장기차입금 8,392,019,136 4,473,335,612
신풍제약 019170 기타비유동금융부채 1,007,459,050 1,153,409,050
신풍제약 019170 이연법인세부채 0 0
신풍제약 019170 비유동리스부채 0 0
신풍제약 019170 부채총계 188,101,443,102 214,283,545,113
신풍제약 019170 자본금 27,592,495,000 23,709,000,000
신풍제약 019170 자본잉여금 0 0
신풍제약 019170 자본조정 0 0
신풍제약 019170 기타포괄손익누계액 0 0
신풍제약 019170 이익잉여금(결손금) 0 0
신풍제약 019170 자본총계 228,348,700,317 188,255,400,401
신풍제약 019170 자본과부채총계 416,450,143,419 402,538,945,514
date : 2016-12-31
신풍제약 019170 유동자산 227,441,097,949 210,815,696,508
신풍제약 019170 현금및현금성자산 14,772,767,393 12,395,516,575
신풍제약 019170 매출채권 및 기타유동채권
신풍제약 019170 재고자산 40,270,916,596 42,348,921,313
신풍제약 019170 기타유동금융자산 2,932,220,012 1,473,595,323
신풍제약 019170 기타유동자산 0 0
신풍제약 019170 매각예정비유동자산 0 0
신풍제약 019170 비유동자산 181,910,787,401 191,723,249,006
신풍제약 019170 장기금융상품 2,240,000,000 1,750,000,000
신풍제약 019170 기타포괄손익-공정가치 0 0
신풍제약 019170 당기손익인식공정가치측정금융자산 0 0
신풍제약 019170 종속회사투자 0 0
신풍제약 019170 관계회사투자 0 0
신풍제약 019170 렌탈자산 0 0
신풍제약 019170 유형자산 142,865,654,798 150,423,372,566
신풍제약 019170 무형자산 10,828,052,380 11,716,148,843
신풍제약 019170 기타비유동금융자산 2,249,970,870 1,510,970,870
신풍제약 019170 기타비유동자산 0 0
신풍제약 019170 사용권자산 0 0
신풍제약 019170 이연법인세자산 5,792,471,238 5,276,080,141
신풍제약 019170 자산총계 409,351,885,350 402,538,945,514
신풍제약 019170 유동부채 165,505,940,379 182,659,569,739
신풍제약 019170 단기매입채무 0 0
신풍제약 019170 단기차입금 113,014,335,612 151,070,204,111
신풍제약 019170 유동성장기차입금 0 0
신풍제약 019170 유동성사채 0 0
신풍제약 019170 기타유동금융부채 31,073,585,057 13,501,506,883
신풍제약 019170 기타유동부채 0 0
신풍제약 019170 당기법인세부채 3,996,370,569 437,986,392
신풍제약 019170 유동리스부채 0 0
신풍제약 019170 비유동부채 32,621,868,334 31,623,975,374
신풍제약 019170 사채 0 0
신풍제약 019170 장기차입금 8,050,000,000 4,473,335,612
신풍제약 019170 기타비유동금융부채 1,050,719,050 1,153,409,050
신풍제약 019170 이연법인세부채 0 0
신풍제약 019170 비유동리스부채 0 0
신풍제약 019170 부채총계 198,127,808,713 214,283,545,113
신풍제약 019170 자본금 27,592,495,000 23,709,000,000
신풍제약 019170 자본잉여금 0 0
신풍제약 019170 자본조정 0 0
신풍제약 019170 기타포괄손익누계액 0 0
신풍제약 019170 이익잉여금(결손금) 0 0
신풍제약 019170 자본총계 211,224,076,637 188,255,400,401
신풍제약 019170 자본과부채총계 409,351,885,350 402,538,945,514
date : 2017-03-31
신풍제약 019170 유동자산 216,758,928,219 227,441,097,949
신풍제약 019170 현금및현금성자산 18,735,360,132 14,772,767,393
신풍제약 019170 매출채권 및 기타유동채권
신풍제약 019170 재고자산 39,813,558,438 40,270,916,596
신풍제약 019170 기타유동금융자산 3,125,735,458 2,932,220,012
신풍제약 019170 기타유동자산 0 0
신풍제약 019170 매각예정비유동자산 0 0
신풍제약 019170 비유동자산 180,672,969,313 181,910,787,401
신풍제약 019170 장기금융상품 2,510,000,000 2,240,000,000
신풍제약 019170 기타포괄손익-공정가치 0 0
신풍제약 019170 당기손익인식공정가치측정금융자산 0 0
신풍제약 019170 종속회사투자 0 0
신풍제약 019170 관계회사투자 0 0
신풍제약 019170 렌탈자산 0 0
신풍제약 019170 유형자산 141,121,354,824 142,865,654,798
신풍제약 019170 무형자산 11,050,123,170 10,828,052,380
신풍제약 019170 기타비유동금융자산 2,296,070,870 2,249,970,870
신풍제약 019170 기타비유동자산 0 0
신풍제약 019170 사용권자산 0 0
신풍제약 019170 이연법인세자산 5,801,409,134 5,792,471,238
신풍제약 019170 자산총계 397,431,897,532 409,351,885,350
신풍제약 019170 유동부채 150,982,712,488 165,505,940,379
신풍제약 019170 단기매입채무 0 0
신풍제약 019170 단기차입금 108,661,970,517 113,014,335,612
신풍제약 019170 유동성장기차입금 0 0
신풍제약 019170 유동성사채 0 0
신풍제약 019170 기타유동금융부채 21,133,854,437 31,073,585,057
신풍제약 019170 기타유동부채 0 0
신풍제약 019170 당기법인세부채 2,691,999,645 3,996,370,569
신풍제약 019170 유동리스부채 0 0
신풍제약 019170 비유동부채 34,295,353,154 32,621,868,334
신풍제약 019170 사채 0 0
신풍제약 019170 장기차입금 9,800,000,000 8,050,000,000
신풍제약 019170 기타비유동금융부채 1,050,719,050 1,050,719,050
신풍제약 019170 이연법인세부채 0 0
신풍제약 019170 비유동리스부채 0 0
신풍제약 019170 부채총계 185,278,065,642 198,127,808,713
신풍제약 019170 자본금 27,592,495,000 27,592,495,000
신풍제약 019170 자본잉여금 0 0
신풍제약 019170 자본조정 0 0
신풍제약 019170 기타포괄손익누계액 0 0
신풍제약 019170 이익잉여금(결손금) 0 0
신풍제약 019170 자본총계 212,153,831,890 211,224,076,637
신풍제약 019170 자본과부채총계 397,431,897,532 409,351,885,350
date : 2017-06-30
신풍제약 019170 유동자산 216,150,311,635 227,441,097,949
신풍제약 019170 현금및현금성자산 19,168,931,966 14,772,767,393
신풍제약 019170 매출채권 및 기타유동채권
신풍제약 019170 재고자산 38,382,061,370 40,270,916,596
신풍제약 019170 기타유동금융자산 3,378,823,616 2,932,220,012
신풍제약 019170 기타유동자산 0 0
신풍제약 019170 매각예정비유동자산 0 0
신풍제약 019170 비유동자산 178,578,775,919 181,910,787,401
신풍제약 019170 장기금융상품 1,250,000,000 2,240,000,000
신풍제약 019170 기타포괄손익-공정가치 0 0
신풍제약 019170 당기손익인식공정가치측정금융자산 0 0
신풍제약 019170 종속회사투자 0 0
신풍제약 019170 관계회사투자 0 0
신풍제약 019170 렌탈자산 0 0
신풍제약 019170 유형자산 139,501,750,388 142,865,654,798
신풍제약 019170 무형자산 11,168,902,291 10,828,052,380
신풍제약 019170 기타비유동금융자산 2,373,909,647 2,249,970,870
신풍제약 019170 기타비유동자산 0 0
신풍제약 019170 사용권자산 0 0
신풍제약 019170 이연법인세자산 6,403,250,278 5,792,471,238
신풍제약 019170 자산총계 394,729,087,554 409,351,885,350
신풍제약 019170 유동부채 144,304,637,838 165,505,940,379
신풍제약 019170 단기매입채무 0 0
신풍제약 019170 단기차입금 107,482,332,138 113,014,335,612
신풍제약 019170 유동성장기차입금 0 0
신풍제약 019170 유동성사채 0 0
신풍제약 019170 기타유동금융부채 10,959,353,996 31,073,585,057
신풍제약 019170 기타유동부채 0 0
신풍제약 019170 당기법인세부채 1,849,234,114 3,996,370,569
신풍제약 019170 유동리스부채 0 0
신풍제약 019170 비유동부채 34,957,617,582 32,621,868,334
신풍제약 019170 사채 0 0
신풍제약 019170 장기차입금 9,550,000,000 8,050,000,000
신풍제약 019170 기타비유동금융부채 1,371,939,050 1,050,719,050
신풍제약 019170 이연법인세부채 0 0
신풍제약 019170 비유동리스부채 0 0
신풍제약 019170 부채총계 179,262,255,420 198,127,808,713
신풍제약 019170 자본금 27,592,495,000 27,592,495,000
신풍제약 019170 자본잉여금 0 0
신풍제약 019170 자본조정 0 0
신풍제약 019170 기타포괄손익누계액 0 0
신풍제약 019170 이익잉여금(결손금) 0 0
신풍제약 019170 자본총계 215,466,832,134 211,224,076,637
신풍제약 019170 자본과부채총계 394,729,087,554 409,351,885,350
date : 2017-09-30
신풍제약 019170 유동자산 214,096,325,600 227,441,097,949
신풍제약 019170 현금및현금성자산 21,538,458,424 14,772,767,393
신풍제약 019170 매출채권 및 기타유동채권
신풍제약 019170 재고자산 40,815,180,004 40,270,916,596
신풍제약 019170 기타유동금융자산 2,661,704,720 2,932,220,012
신풍제약 019170 기타유동자산 898,266,329 525,158,230
신풍제약 019170 매각예정비유동자산 0 0
신풍제약 019170 비유동자산 176,920,798,855 181,910,787,401
신풍제약 019170 장기금융상품 1,457,000,000 2,240,000,000
신풍제약 019170 기타포괄손익-공정가치 0 0
신풍제약 019170 당기손익인식공정가치측정금융자산 0 0
신풍제약 019170 종속회사투자 0 0
신풍제약 019170 관계회사투자 0 0
신풍제약 019170 렌탈자산 0 0
신풍제약 019170 유형자산 138,097,263,963 142,865,654,798
신풍제약 019170 무형자산 10,962,682,412 10,828,052,380
신풍제약 019170 기타비유동금융자산 2,086,209,647 2,249,970,870
신풍제약 019170 기타비유동자산 0 0
신풍제약 019170 사용권자산 0 0
신풍제약 019170 이연법인세자산 6,393,821,518 5,792,471,238
신풍제약 019170 자산총계 391,017,124,455 409,351,885,350
신풍제약 019170 유동부채 139,663,840,621 165,505,940,379
신풍제약 019170 단기매입채무 0 0
신풍제약 019170 단기차입금 105,792,019,136 113,014,335,612
신풍제약 019170 유동성장기차입금 0 0
신풍제약 019170 유동성사채 0 0
신풍제약 019170 기타유동금융부채 8,747,375,975 31,073,585,057
신풍제약 019170 기타유동부채 3,236,941,539 1,985,825,612
신풍제약 019170 당기법인세부채 975,765,794 3,996,370,569
신풍제약 019170 유동리스부채 0 0
신풍제약 019170 비유동부채 35,178,404,030 32,621,868,334
신풍제약 019170 사채 0 0
신풍제약 019170 장기차입금 9,550,000,000 8,050,000,000
신풍제약 019170 기타비유동금융부채 1,322,939,050 1,050,719,050
신풍제약 019170 이연법인세부채 0 0
신풍제약 019170 비유동리스부채 0 0
신풍제약 019170 부채총계 174,842,244,651 198,127,808,713
신풍제약 019170 자본금 27,592,495,000 27,592,495,000
신풍제약 019170 자본잉여금 0 0
신풍제약 019170 자본조정 0 0
신풍제약 019170 기타포괄손익누계액 0 0
신풍제약 019170 이익잉여금(결손금) 141,801,326,113 136,842,085,842
신풍제약 019170 자본총계 216,174,879,804 211,224,076,637
신풍제약 019170 자본과부채총계 391,017,124,455 409,351,885,350
date : 2017-12-31
신풍제약 019170 유동자산 211,689,288,606 227,441,097,949
신풍제약 019170 현금및현금성자산 18,708,166,071 14,772,767,393
신풍제약 019170 매출채권 및 기타유동채권
신풍제약 019170 재고자산 44,027,550,256 40,270,916,596
신풍제약 019170 기타유동금융자산 3,197,793,628 2,932,220,012
신풍제약 019170 기타유동자산 787,838,024 525,158,230
신풍제약 019170 매각예정비유동자산 0 0
신풍제약 019170 비유동자산 172,387,488,223 181,910,787,401
신풍제약 019170 장기금융상품 1,403,593,482 2,240,000,000
신풍제약 019170 기타포괄손익-공정가치 0 0
신풍제약 019170 당기손익인식공정가치측정금융자산 0 0
신풍제약 019170 종속회사투자 0 0
신풍제약 019170 관계회사투자 0 0
신풍제약 019170 렌탈자산 0 0
신풍제약 019170 유형자산 136,015,680,635 142,865,654,798
신풍제약 019170 무형자산 8,402,701,182 10,828,052,380
신풍제약 019170 기타비유동금융자산 1,778,386,687 2,249,970,870
신풍제약 019170 기타비유동자산 0 0
신풍제약 019170 사용권자산 0 0
신풍제약 019170 이연법인세자산 6,967,079,377 5,792,471,238
신풍제약 019170 자산총계 384,076,776,829 409,351,885,350
신풍제약 019170 유동부채 137,682,566,866 165,505,940,379
신풍제약 019170 단기매입채무 0 0
신풍제약 019170 단기차입금 103,015,282,640 113,014,335,612
신풍제약 019170 유동성장기차입금 0 0
신풍제약 019170 유동성사채 0 0
신풍제약 019170 기타유동금융부채 9,121,257,904 31,073,585,057
신풍제약 019170 기타유동부채 1,239,642,073 1,985,825,612
신풍제약 019170 당기법인세부채 0 3,996,370,569
신풍제약 019170 유동리스부채 0 0
신풍제약 019170 비유동부채 36,424,822,827 32,621,868,334
신풍제약 019170 사채 0 0
신풍제약 019170 장기차입금 9,550,000,000 8,050,000,000
신풍제약 019170 기타비유동금융부채 1,322,939,050 1,050,719,050
신풍제약 019170 이연법인세부채 0 0
신풍제약 019170 비유동리스부채 0 0
신풍제약 019170 부채총계 174,107,389,693 198,127,808,713
신풍제약 019170 자본금 27,592,495,000 27,592,495,000
신풍제약 019170 자본잉여금 0 0
신풍제약 019170 자본조정 0 0
신풍제약 019170 기타포괄손익누계액 0 0
신풍제약 019170 이익잉여금(결손금) 135,595,727,365 136,842,085,842
신풍제약 019170 자본총계 209,969,387,136 211,224,076,637
신풍제약 019170 자본과부채총계 384,076,776,829 409,351,885,350
date : 2018-03-31
신풍제약 019170 유동자산 212,093,459,133 211,689,288,606
신풍제약 019170 현금및현금성자산 26,037,726,825 18,708,166,071
신풍제약 019170 매출채권 및 기타유동채권
신풍제약 019170 재고자산 45,887,860,925 44,027,550,256
신풍제약 019170 기타유동금융자산 2,251,478,161 3,197,793,628
신풍제약 019170 기타유동자산 462,110,668 787,838,024
신풍제약 019170 매각예정비유동자산 0 0
신풍제약 019170 비유동자산 170,067,281,305 172,387,488,223
신풍제약 019170 장기금융상품 1,347,935,039 1,403,593,482
신풍제약 019170 기타포괄손익-공정가치 0 0
신풍제약 019170 당기손익인식공정가치측정금융자산 0 0
신풍제약 019170 종속회사투자 0 0
신풍제약 019170 관계회사투자 0 0
신풍제약 019170 렌탈자산 0 0
신풍제약 019170 유형자산 133,552,577,742 136,015,680,635
신풍제약 019170 무형자산 8,179,265,972 8,402,701,182
신풍제약 019170 기타비유동금융자산 1,773,386,687 1,778,386,687
신풍제약 019170 기타비유동자산 0 0
신풍제약 019170 사용권자산 0 0
신풍제약 019170 이연법인세자산 6,846,646,405 6,967,079,377
신풍제약 019170 자산총계 382,160,740,438 384,076,776,829
신풍제약 019170 유동부채 134,575,333,633 137,682,566,866
신풍제약 019170 단기매입채무 0 0
신풍제약 019170 단기차입금 101,972,030,716 103,015,282,640
신풍제약 019170 유동성장기차입금 0 0
신풍제약 019170 유동성사채 0 0
신풍제약 019170 기타유동금융부채 10,181,566,796 9,121,257,904
신풍제약 019170 기타유동부채 1,762,665,145 1,239,642,073
신풍제약 019170 당기법인세부채 92,499,170 0
신풍제약 019170 유동리스부채 0 0
신풍제약 019170 비유동부채 37,761,893,765 36,424,822,827
신풍제약 019170 사채 0 0
신풍제약 019170 장기차입금 9,550,000,000 9,550,000,000
신풍제약 019170 기타비유동금융부채 1,439,739,050 1,322,939,050
신풍제약 019170 이연법인세부채 0 0
신풍제약 019170 비유동리스부채 0 0
신풍제약 019170 부채총계 172,337,227,398 174,107,389,693
신풍제약 019170 자본금 27,592,495,000 27,592,495,000
신풍제약 019170 자본잉여금 0 0
신풍제약 019170 자본조정 0 0
신풍제약 019170 기타포괄손익누계액 0 0
신풍제약 019170 이익잉여금(결손금) 135,022,863,641 135,595,727,365
신풍제약 019170 자본총계 209,823,513,040 209,969,387,136
신풍제약 019170 자본과부채총계 382,160,740,438 384,076,776,829
date : 2018-06-30
신풍제약 019170 유동자산 221,321,484,373 211,689,288,606
신풍제약 019170 현금및현금성자산 23,797,490,963 18,708,166,071
신풍제약 019170 매출채권 117,569,712,369 125,765,554,415
신풍제약 019170 재고자산 43,186,304,402 44,027,550,256
신풍제약 019170 기타유동금융자산 2,249,000,025 3,197,793,628
신풍제약 019170 기타유동자산 5,924,526,704 787,838,024
신풍제약 019170 매각예정비유동자산 0 0
신풍제약 019170 비유동자산 167,538,626,043 172,387,488,223
신풍제약 019170 장기금융상품 244,316,899 1,403,593,482
신풍제약 019170 기타포괄손익-공정가치 측정 금융자산
신풍제약 019170 당기손익인식공정가치측정금융자산 0 0
신풍제약 019170 종속회사투자 0 0
신풍제약 019170 관계회사투자 0 0
신풍제약 019170 렌탈자산 0 0
신풍제약 019170 유형자산 131,478,926,634 136,015,680,635
신풍제약 019170 무형자산 7,956,465,092 8,402,701,182
신풍제약 019170 기타비유동금융자산 1,756,237,683 1,778,386,687
신풍제약 019170 기타비유동자산 0 0
신풍제약 019170 사용권자산 0 0
신풍제약 019170 이연법인세자산 7,104,801,075 6,967,079,377
신풍제약 019170 자산총계 388,860,110,416 384,076,776,829
신풍제약 019170 유동부채 148,520,365,883 137,682,566,866
신풍제약 019170 단기매입채무 19,786,882,348 24,306,384,249
신풍제약 019170 단기차입금 105,343,041,205 103,015,282,640
신풍제약 019170 유동성장기차입금 0 0
신풍제약 019170 유동성사채 0 0
신풍제약 019170 기타유동금융부채 10,919,993,481 9,121,257,904
신풍제약 019170 기타유동부채 11,446,262,864 1,239,642,073
신풍제약 019170 당기법인세부채 1,024,185,985 0
신풍제약 019170 유동리스부채 0 0
신풍제약 019170 비유동부채 29,415,917,493 36,424,822,827
신풍제약 019170 사채 0 0
신풍제약 019170 장기차입금 5,000,000,000 9,550,000,000
신풍제약 019170 기타비유동금융부채 1,556,359,050 1,322,939,050
신풍제약 019170 이연법인세부채 0 0
신풍제약 019170 비유동리스부채 0 0
신풍제약 019170 부채총계 177,936,283,376 174,107,389,693
신풍제약 019170 자본금 27,592,495,000 27,592,495,000
신풍제약 019170 자본잉여금 0 0
신풍제약 019170 자본조정 0 0
신풍제약 019170 기타포괄손익누계액 0 0
신풍제약 019170 이익잉여금(결손금) 135,746,526,037 135,595,727,365
신풍제약 019170 자본총계 210,923,827,040 209,969,387,136
신풍제약 019170 자본과부채총계 388,860,110,416 384,076,776,829
date : 2018-09-30
신풍제약 019170 유동자산 223,077,409,060 211,689,288,606
신풍제약 019170 현금및현금성자산 26,906,277,621 18,708,166,071
신풍제약 019170 매출채권 116,191,118,323 125,765,554,415
신풍제약 019170 재고자산 44,345,066,073 44,027,550,256
신풍제약 019170 기타유동금융자산 2,248,417,390 3,197,793,628
신풍제약 019170 기타유동자산 5,743,357,388 787,838,024
신풍제약 019170 매각예정비유동자산 0 0
신풍제약 019170 비유동자산 164,880,412,576 172,387,488,223
신풍제약 019170 장기금융상품 372,120,047 1,403,593,482
신풍제약 019170 기타포괄손익-공정가치 측정 금융자산
신풍제약 019170 당기손익인식공정가치측정금융자산 0 0
신풍제약 019170 종속회사투자 0 0
신풍제약 019170 관계회사투자 0 0
신풍제약 019170 렌탈자산 0 0
신풍제약 019170 유형자산 129,595,782,767 136,015,680,635
신풍제약 019170 무형자산 6,921,638,154 8,402,701,182
신풍제약 019170 기타비유동금융자산 1,772,160,777 1,778,386,687
신풍제약 019170 기타비유동자산 0 0
신풍제약 019170 사용권자산 0 0
신풍제약 019170 이연법인세자산 7,363,924,071 6,967,079,377
신풍제약 019170 자산총계 387,957,821,636 384,076,776,829
신풍제약 019170 유동부채 146,993,855,379 137,682,566,866
신풍제약 019170 단기매입채무 19,411,750,677 24,306,384,249
신풍제약 019170 단기차입금 104,270,000,000 103,015,282,640
신풍제약 019170 유동성장기차입금 0 0
신풍제약 019170 유동성사채 0 0
신풍제약 019170 기타유동금융부채 11,096,651,457 9,121,257,904
신풍제약 019170 기타유동부채 10,966,666,248 1,239,642,073
신풍제약 019170 당기법인세부채 1,248,786,997 0
신풍제약 019170 유동리스부채 0 0
신풍제약 019170 비유동부채 29,503,023,251 36,424,822,827
신풍제약 019170 사채 0 0
신풍제약 019170 장기차입금 5,000,000,000 9,550,000,000
신풍제약 019170 기타비유동금융부채 1,578,759,050 1,322,939,050
신풍제약 019170 이연법인세부채 0 0
신풍제약 019170 비유동리스부채 0 0
신풍제약 019170 부채총계 176,496,878,630 174,107,389,693
신풍제약 019170 자본금 27,592,495,000 27,592,495,000
신풍제약 019170 자본잉여금 0 0
신풍제약 019170 자본조정 0 0
신풍제약 019170 기타포괄손익누계액 0 0
신풍제약 019170 이익잉여금(결손금) 136,167,610,907 135,595,727,365
신풍제약 019170 자본총계 211,460,943,006 209,969,387,136
신풍제약 019170 자본과부채총계 387,957,821,636 384,076,776,829
date : 2018-12-31
신풍제약 019170 유동자산 218,324,732,421 211,689,288,606
신풍제약 019170 현금및현금성자산 34,738,451,417 18,708,166,071
신풍제약 019170 매출채권 108,775,371,883 125,765,554,415
신풍제약 019170 재고자산 41,714,839,086 44,027,550,256
신풍제약 019170 기타유동금융자산 2,361,636,734 3,197,793,628
신풍제약 019170 기타유동자산 1,314,351,320 787,838,024
신풍제약 019170 매각예정비유동자산 0 0
신풍제약 019170 비유동자산 164,309,699,535 172,387,488,223
신풍제약 019170 장기금융상품 513,309,943 1,403,593,482
신풍제약 019170 기타포괄손익-공정가치 측정 금융자산
신풍제약 019170 당기손익인식공정가치측정금융자산 0 0
신풍제약 019170 종속회사투자 0 0
신풍제약 019170 관계회사투자 0 0
신풍제약 019170 렌탈자산 0 0
신풍제약 019170 유형자산 127,569,827,852 136,015,680,635
신풍제약 019170 무형자산 6,736,073,489 8,402,701,182
신풍제약 019170 기타비유동금융자산 1,833,638,998 1,778,386,687
신풍제약 019170 기타비유동자산 0 0
신풍제약 019170 사용권자산 0 0
신풍제약 019170 이연법인세자산 8,353,488,797 6,967,079,377
신풍제약 019170 자산총계 382,634,431,956 384,076,776,829
신풍제약 019170 유동부채 145,614,235,087 137,682,566,866
신풍제약 019170 단기매입채무 20,364,858,119 24,306,384,249
신풍제약 019170 단기차입금 106,440,000,000 103,015,282,640
신풍제약 019170 유동성장기차입금 0 0
신풍제약 019170 유동성사채 0 0
신풍제약 019170 기타유동금융부채 10,092,583,417 9,121,257,904
신풍제약 019170 기타유동부채 6,353,657,155 1,239,642,073
신풍제약 019170 당기법인세부채 2,363,136,396 0
신풍제약 019170 유동리스부채 0 0
신풍제약 019170 비유동부채 27,300,250,041 36,424,822,827
신풍제약 019170 사채 0 0
신풍제약 019170 장기차입금 2,000,000,000 9,550,000,000
신풍제약 019170 기타비유동금융부채 1,633,639,050 1,322,939,050
신풍제약 019170 이연법인세부채 0 0
신풍제약 019170 비유동리스부채 0 0
신풍제약 019170 부채총계 172,914,485,128 174,107,389,693
신풍제약 019170 자본금 27,592,495,000 27,592,495,000
신풍제약 019170 자본잉여금 0 0
신풍제약 019170 자본조정 0 0
신풍제약 019170 기타포괄손익누계액 0 0
신풍제약 019170 이익잉여금(결손금) 134,627,417,379 135,595,727,365
신풍제약 019170 자본총계 209,719,946,828 209,969,387,136
신풍제약 019170 자본과부채총계 382,634,431,956 384,076,776,829
date : 2019-03-31
신풍제약 019170 유동자산 223,199,619,062 218,324,732,421
신풍제약 019170 현금및현금성자산 31,694,276,190 34,738,451,417
신풍제약 019170 매출채권 107,301,357,598 108,775,371,883
신풍제약 019170 재고자산 42,529,846,155 41,714,839,086
신풍제약 019170 기타유동금융자산 1,938,780,752 2,361,636,734
신풍제약 019170 기타유동자산 1,265,483,103 1,314,351,320
신풍제약 019170 매각예정비유동자산 0 0
신풍제약 019170 비유동자산 167,368,371,358 164,309,699,535
신풍제약 019170 장기금융상품 675,354,293 513,309,943
신풍제약 019170 기타포괄손익-공정가치 측정 금융자산
신풍제약 019170 당기손익인식공정가치측정금융자산 0 0
신풍제약 019170 종속회사투자 0 0
신풍제약 019170 관계회사투자 0 0
신풍제약 019170 렌탈자산 0 0
신풍제약 019170 유형자산 129,487,717,724 127,569,827,852
신풍제약 019170 무형자산 6,532,775,679 6,736,073,489
신풍제약 019170 기타비유동금융자산 2,127,188,998 1,833,638,998
신풍제약 019170 기타비유동자산 0 0
신풍제약 019170 사용권자산 0 0
신풍제약 019170 이연법인세자산 8,102,890,348 8,353,488,797
신풍제약 019170 자산총계 390,567,990,420 382,634,431,956
신풍제약 019170 유동부채 147,898,095,147 145,614,235,087
신풍제약 019170 단기매입채무 19,560,077,932 20,364,858,119
신풍제약 019170 단기차입금 103,957,403,340 106,440,000,000
신풍제약 019170 유동성장기차입금 0 0
신풍제약 019170 유동성사채 0 0
신풍제약 019170 기타유동금융부채 14,591,960,583 10,092,583,417
신풍제약 019170 기타유동부채 7,045,359,427 6,353,657,155
신풍제약 019170 당기법인세부채 2,743,293,865 2,363,136,396
신풍제약 019170 유동리스부채 0 0
신풍제약 019170 비유동부채 31,720,996,872 27,300,250,041
신풍제약 019170 사채 0 0
신풍제약 019170 장기차입금 4,550,000,000 2,000,000,000
신풍제약 019170 기타비유동금융부채 1,885,219,050 1,633,639,050
신풍제약 019170 이연법인세부채 0 0
신풍제약 019170 비유동리스부채 1,036,489,990 0
신풍제약 019170 부채총계 179,619,092,019 172,914,485,128
신풍제약 019170 자본금 27,592,495,000 27,592,495,000
신풍제약 019170 자본잉여금 0 0
신풍제약 019170 자본조정 0 0
신풍제약 019170 기타포괄손익누계액 0 0
신풍제약 019170 이익잉여금(결손금) 134,967,883,541 134,627,417,379
신풍제약 019170 자본총계 210,948,898,401 209,719,946,828
신풍제약 019170 자본과부채총계 390,567,990,420 382,634,431,956
