date : 2015-03-31
대신정보통신 020180 유동자산 29,010,850,771 23,661,566,529
대신정보통신 020180 현금및현금성자산 10,683,387,488 7,431,325,166
대신정보통신 020180 매출채권 및 기타유동채권
대신정보통신 020180 재고자산 3,939,578,850 4,117,424,101
대신정보통신 020180 기타유동금융자산 1,306,428,371 1,418,350,828
대신정보통신 020180 기타유동자산 234,698,825 369,729,494
대신정보통신 020180 매각예정비유동자산 0 0
대신정보통신 020180 비유동자산 11,438,410,561 10,114,459,771
대신정보통신 020180 장기금융상품 0 0
대신정보통신 020180 기타포괄손익-공정가치 0 0
대신정보통신 020180 당기손익인식공정가치측정금융자산 0 0
대신정보통신 020180 종속회사투자 0 0
대신정보통신 020180 관계회사투자 0 0
대신정보통신 020180 렌탈자산 0 0
대신정보통신 020180 유형자산 8,571,201,928 8,578,072,606
대신정보통신 020180 무형자산 447,603,204 643,739,107
대신정보통신 020180 기타비유동금융자산 1,994,783,400 632,248,973
대신정보통신 020180 기타비유동자산 0 0
대신정보통신 020180 사용권자산 0 0
대신정보통신 020180 이연법인세자산 424,822,029 260,399,085
대신정보통신 020180 자산총계 40,449,261,332 33,776,026,300
대신정보통신 020180 유동부채 18,650,342,753 13,149,642,222
대신정보통신 020180 단기매입채무 0 0
대신정보통신 020180 단기차입금 0 0
대신정보통신 020180 유동성장기차입금 0 0
대신정보통신 020180 유동성사채 0 0
대신정보통신 020180 기타유동금융부채 0 0
대신정보통신 020180 기타유동부채 1,273,774,364 1,172,975,745
대신정보통신 020180 당기법인세부채 0 0
대신정보통신 020180 유동리스부채 0 0
대신정보통신 020180 비유동부채 0 0
대신정보통신 020180 사채 0 0
대신정보통신 020180 장기차입금 0 0
대신정보통신 020180 기타비유동금융부채 0 0
대신정보통신 020180 이연법인세부채 0 0
대신정보통신 020180 비유동리스부채 0 0
대신정보통신 020180 부채총계 18,650,342,753 13,149,642,222
대신정보통신 020180 자본금 19,214,457,500 19,214,457,500
대신정보통신 020180 자본잉여금 0 0
대신정보통신 020180 자본조정 0 0
대신정보통신 020180 기타포괄손익누계액 0 0
대신정보통신 020180 이익잉여금(결손금) 2,017,820,807 845,286,306
대신정보통신 020180 자본총계 21,798,918,579 20,626,384,078
대신정보통신 020180 자본과부채총계 40,449,261,332 33,776,026,300
date : 2016-06-30
대신정보통신 020180 유동자산 36,266,904,501 35,158,099,330
대신정보통신 020180 현금및현금성자산 19,701,792,860 16,273,534,769
대신정보통신 020180 매출채권 및 기타유동채권
대신정보통신 020180 재고자산 4,414,826,902 3,254,330,439
대신정보통신 020180 기타유동금융자산 1,093,634,576 1,490,524,576
대신정보통신 020180 기타유동자산 213,339,497 185,302,215
대신정보통신 020180 매각예정비유동자산 0 0
대신정보통신 020180 비유동자산 11,059,204,302 10,366,684,149
대신정보통신 020180 장기금융상품 0 0
대신정보통신 020180 기타포괄손익-공정가치 0 0
대신정보통신 020180 당기손익인식공정가치측정금융자산 0 0
대신정보통신 020180 종속회사투자 0 0
대신정보통신 020180 관계회사투자 0 0
대신정보통신 020180 렌탈자산 0 0
대신정보통신 020180 유형자산 8,149,155,954 8,096,044,868
대신정보통신 020180 무형자산 408,965,165 277,621,864
대신정보통신 020180 기타비유동금융자산 2,166,824,915 1,672,899,915
대신정보통신 020180 기타비유동자산 0 0
대신정보통신 020180 사용권자산 0 0
대신정보통신 020180 이연법인세자산 334,258,268 320,117,502
대신정보통신 020180 자산총계 47,326,108,803 45,524,783,479
대신정보통신 020180 유동부채 26,036,686,262 22,654,094,422
대신정보통신 020180 단기매입채무 0 0
대신정보통신 020180 단기차입금 487,064,787 22,654,094,422
대신정보통신 020180 유동성장기차입금 0 0
대신정보통신 020180 유동성사채 0 0
대신정보통신 020180 기타유동금융부채 0 0
대신정보통신 020180 기타유동부채 1,723,293,408 1,076,025,137
대신정보통신 020180 당기법인세부채 0 0
대신정보통신 020180 유동리스부채 0 0
대신정보통신 020180 비유동부채 382,503,000 276,126,000
대신정보통신 020180 사채 0 0
대신정보통신 020180 장기차입금 0 0
대신정보통신 020180 기타비유동금융부채 0 0
대신정보통신 020180 이연법인세부채 0 0
대신정보통신 020180 비유동리스부채 0 0
대신정보통신 020180 부채총계 26,419,189,262 22,930,220,422
대신정보통신 020180 자본금 19,214,457,500 19,214,457,500
대신정보통신 020180 자본잉여금 0 0
대신정보통신 020180 자본조정 0 0
대신정보통신 020180 기타포괄손익누계액 0 0
대신정보통신 020180 이익잉여금(결손금) 1,125,821,769 2,813,465,285
대신정보통신 020180 자본총계 20,906,919,541 22,594,563,057
대신정보통신 020180 자본과부채총계 47,326,108,803 45,524,783,479
date : 2016-09-30
대신정보통신 020180 유동자산 32,056,818,454 35,158,099,330
대신정보통신 020180 현금및현금성자산 6,307,317,806 16,273,534,769
대신정보통신 020180 매출채권 및 기타유동채권
대신정보통신 020180 재고자산 4,129,043,382 3,254,330,439
대신정보통신 020180 기타유동금융자산 1,039,342,091 1,490,524,576
대신정보통신 020180 기타유동자산 482,635,170 185,302,215
대신정보통신 020180 매각예정비유동자산 0 0
대신정보통신 020180 비유동자산 13,784,079,577 10,366,684,149
대신정보통신 020180 장기금융상품 0 0
대신정보통신 020180 기타포괄손익-공정가치 0 0
대신정보통신 020180 당기손익인식공정가치측정금융자산 0 0
대신정보통신 020180 종속회사투자 0 0
대신정보통신 020180 관계회사투자 0 0
대신정보통신 020180 렌탈자산 0 0
대신정보통신 020180 유형자산 9,946,684,799 8,096,044,868
대신정보통신 020180 무형자산 382,028,018 277,621,864
대신정보통신 020180 기타비유동금융자산 3,006,116,632 1,672,899,915
대신정보통신 020180 기타비유동자산 0 0
대신정보통신 020180 사용권자산 0 0
대신정보통신 020180 이연법인세자산 449,250,128 320,117,502
대신정보통신 020180 자산총계 45,840,898,031 45,524,783,479
대신정보통신 020180 유동부채 23,901,568,305 22,654,094,422
대신정보통신 020180 단기매입채무 0 0
대신정보통신 020180 단기차입금 502,540,327 22,654,094,422
대신정보통신 020180 유동성장기차입금 0 0
대신정보통신 020180 유동성사채 0 0
대신정보통신 020180 기타유동금융부채 0 0
대신정보통신 020180 기타유동부채 908,299,799 1,076,025,137
대신정보통신 020180 당기법인세부채 0 0
대신정보통신 020180 유동리스부채 0 0
대신정보통신 020180 비유동부채 380,695,000 276,126,000
대신정보통신 020180 사채 0 0
대신정보통신 020180 장기차입금 0 0
대신정보통신 020180 기타비유동금융부채 0 0
대신정보통신 020180 이연법인세부채 0 0
대신정보통신 020180 비유동리스부채 0 0
대신정보통신 020180 부채총계 24,282,263,305 22,930,220,422
대신정보통신 020180 자본금 19,214,457,500 19,214,457,500
대신정보통신 020180 자본잉여금 0 0
대신정보통신 020180 자본조정 0 0
대신정보통신 020180 기타포괄손익누계액 27,976,039 19,214,457,500
대신정보통신 020180 이익잉여금(결손금) 1,749,560,915 2,813,465,285
대신정보통신 020180 자본총계 21,558,634,726 22,594,563,057
대신정보통신 020180 자본과부채총계 45,840,898,031 45,524,783,479
date : 2016-12-31
대신정보통신 020180 유동자산 67,446,280,960 35,158,099,330
대신정보통신 020180 현금및현금성자산 27,439,286,818 16,273,534,769
대신정보통신 020180 매출채권 및 기타유동채권
대신정보통신 020180 재고자산 5,269,534,561 3,254,330,439
대신정보통신 020180 기타유동금융자산 567,756,991 1,490,524,576
대신정보통신 020180 기타유동자산 261,770,450 185,302,215
대신정보통신 020180 매각예정비유동자산 0 0
대신정보통신 020180 비유동자산 12,466,791,245 10,366,684,149
대신정보통신 020180 장기금융상품 0 0
대신정보통신 020180 기타포괄손익-공정가치 0 0
대신정보통신 020180 당기손익인식공정가치측정금융자산 0 0
대신정보통신 020180 종속회사투자 0 0
대신정보통신 020180 관계회사투자 0 0
대신정보통신 020180 렌탈자산 0 0
대신정보통신 020180 유형자산 8,620,545,088 8,096,044,868
대신정보통신 020180 무형자산 357,529,981 277,621,864
대신정보통신 020180 기타비유동금융자산 3,015,041,632 1,672,899,915
대신정보통신 020180 기타비유동자산 0 0
대신정보통신 020180 사용권자산 0 0
대신정보통신 020180 이연법인세자산 473,674,544 320,117,502
대신정보통신 020180 자산총계 79,913,072,205 45,524,783,479
대신정보통신 020180 유동부채 55,066,515,489 22,654,094,422
대신정보통신 020180 단기매입채무 0 0
대신정보통신 020180 단기차입금 0 0
대신정보통신 020180 유동성장기차입금 0 0
대신정보통신 020180 유동성사채 0 0
대신정보통신 020180 기타유동금융부채 0 0
대신정보통신 020180 기타유동부채 1,879,117,199 1,076,025,137
대신정보통신 020180 당기법인세부채 0 0
대신정보통신 020180 유동리스부채 0 0
대신정보통신 020180 비유동부채 357,119,000 276,126,000
대신정보통신 020180 사채 0 0
대신정보통신 020180 장기차입금 0 0
대신정보통신 020180 기타비유동금융부채 0 0
대신정보통신 020180 이연법인세부채 0 0
대신정보통신 020180 비유동리스부채 0 0
대신정보통신 020180 부채총계 55,423,634,489 22,930,220,422
대신정보통신 020180 자본금 19,214,457,500 19,214,457,500
대신정보통신 020180 자본잉여금 0 0
대신정보통신 020180 자본조정 0 0
대신정보통신 020180 기타포괄손익누계액 27,976,039 19,214,457,500
대신정보통신 020180 이익잉여금(결손금) 4,680,363,905 2,813,465,285
대신정보통신 020180 자본총계 24,489,437,716 22,594,563,057
대신정보통신 020180 자본과부채총계 79,913,072,205 45,524,783,479
date : 2016-03-31
대신정보통신 020180 유동자산 35,158,099,330 29,010,850,771
대신정보통신 020180 현금및현금성자산 16,273,534,769 10,683,387,488
대신정보통신 020180 매출채권 및 기타유동채권
대신정보통신 020180 재고자산 3,254,330,439 3,939,578,850
대신정보통신 020180 기타유동금융자산 1,490,524,576 1,306,428,371
대신정보통신 020180 기타유동자산 185,302,215 234,698,825
대신정보통신 020180 매각예정비유동자산 0 0
대신정보통신 020180 비유동자산 10,366,684,149 11,438,410,561
대신정보통신 020180 장기금융상품 0 0
대신정보통신 020180 기타포괄손익-공정가치 0 0
대신정보통신 020180 당기손익인식공정가치측정금융자산 0 0
대신정보통신 020180 종속회사투자 0 0
대신정보통신 020180 관계회사투자 0 0
대신정보통신 020180 렌탈자산 0 0
대신정보통신 020180 유형자산 8,096,044,868 8,571,201,928
대신정보통신 020180 무형자산 277,621,864 447,603,204
대신정보통신 020180 기타비유동금융자산 1,672,899,915 1,994,783,400
대신정보통신 020180 기타비유동자산 0 0
대신정보통신 020180 사용권자산 0 0
대신정보통신 020180 이연법인세자산 320,117,502 424,822,029
대신정보통신 020180 자산총계 45,524,783,479 40,449,261,332
대신정보통신 020180 유동부채 22,654,094,422 18,650,342,753
대신정보통신 020180 단기매입채무 0 0
대신정보통신 020180 단기차입금 0 0
대신정보통신 020180 유동성장기차입금 0 0
대신정보통신 020180 유동성사채 0 0
대신정보통신 020180 기타유동금융부채 0 0
대신정보통신 020180 기타유동부채 1,076,025,137 1,273,774,364
대신정보통신 020180 당기법인세부채 0 0
대신정보통신 020180 유동리스부채 0 0
대신정보통신 020180 비유동부채 276,126,000 1,273,774,364
대신정보통신 020180 사채 0 0
대신정보통신 020180 장기차입금 0 0
대신정보통신 020180 기타비유동금융부채 0 0
대신정보통신 020180 이연법인세부채 0 0
대신정보통신 020180 비유동리스부채 0 0
대신정보통신 020180 부채총계 22,930,220,422 18,650,342,753
대신정보통신 020180 자본금 19,214,457,500 19,214,457,500
대신정보통신 020180 자본잉여금 0 0
대신정보통신 020180 자본조정 0 0
대신정보통신 020180 기타포괄손익누계액 0 0
대신정보통신 020180 이익잉여금(결손금) 2,813,465,285 2,017,820,807
대신정보통신 020180 자본총계 22,594,563,057 21,798,918,579
대신정보통신 020180 자본과부채총계 45,524,783,479 40,449,261,332
date : 2017-06-30
대신정보통신 020180 유동자산 33,722,175,802 40,754,718,391
대신정보통신 020180 현금및현금성자산 6,290,356,729 15,447,110,490
대신정보통신 020180 매출채권 및 기타유동채권
대신정보통신 020180 재고자산 4,558,826,361 4,152,068,348
대신정보통신 020180 기타유동금융자산 0 0
대신정보통신 020180 기타유동자산 5,867,276,173 959,656,248
대신정보통신 020180 매각예정비유동자산 0 0
대신정보통신 020180 비유동자산 28,658,527,080 12,622,438,459
대신정보통신 020180 장기금융상품 0 0
대신정보통신 020180 기타포괄손익-공정가치 0 0
대신정보통신 020180 당기손익인식공정가치측정금융자산 0 0
대신정보통신 020180 종속회사투자 0 0
대신정보통신 020180 관계회사투자 0 0
대신정보통신 020180 렌탈자산 0 0
대신정보통신 020180 유형자산 15,693,177,660 7,832,895,738
대신정보통신 020180 무형자산 663,482,657 390,843,808
대신정보통신 020180 기타비유동금융자산 0 0
대신정보통신 020180 기타비유동자산 0 0
대신정보통신 020180 사용권자산 0 0
대신정보통신 020180 이연법인세자산 557,393,990 280,525,399
대신정보통신 020180 자산총계 62,380,702,882 53,377,156,850
대신정보통신 020180 유동부채 30,971,586,015 29,335,247,847
대신정보통신 020180 단기매입채무 0 0
대신정보통신 020180 단기차입금 0 0
대신정보통신 020180 유동성장기차입금 0 0
대신정보통신 020180 유동성사채 0 0
대신정보통신 020180 기타유동금융부채 0 0
대신정보통신 020180 기타유동부채 0 0
대신정보통신 020180 당기법인세부채 308,592,846 559,145,266
대신정보통신 020180 유동리스부채 0 0
대신정보통신 020180 비유동부채 10,467,027,000 357,673,000
대신정보통신 020180 사채 0 0
대신정보통신 020180 장기차입금 10,000,000,000 357,673,000
대신정보통신 020180 기타비유동금융부채 0 0
대신정보통신 020180 이연법인세부채 0 0
대신정보통신 020180 비유동리스부채 0 0
대신정보통신 020180 부채총계 41,438,613,015 29,692,920,847
대신정보통신 020180 자본금 19,214,457,500 19,214,457,500
대신정보통신 020180 자본잉여금 0 0
대신정보통신 020180 자본조정 0 0
대신정보통신 020180 기타포괄손익누계액 17,516,994 11,683,249
대신정보통신 020180 이익잉여금(결손금) 1,143,475,101 3,891,454,982
대신정보통신 020180 자본총계 20,942,089,867 23,684,236,003
대신정보통신 020180 자본과부채총계 62,380,702,882 53,377,156,850
date : 2017-09-30
대신정보통신 020180 유동자산 32,779,116,372 40,754,718,391
대신정보통신 020180 현금및현금성자산 4,311,783,578 15,447,110,490
대신정보통신 020180 매출채권 및 기타유동채권
대신정보통신 020180 재고자산 4,956,245,725 4,152,068,348
대신정보통신 020180 기타유동금융자산 1,063,234,973 552,185,173
대신정보통신 020180 기타유동자산 4,198,979,881 959,656,248
대신정보통신 020180 매각예정비유동자산 4,713,108,283 959,656,248
대신정보통신 020180 비유동자산 28,568,920,044 12,622,438,459
대신정보통신 020180 장기금융상품 0 0
대신정보통신 020180 기타포괄손익-공정가치 0 0
대신정보통신 020180 당기손익인식공정가치측정금융자산 0 0
대신정보통신 020180 종속회사투자 0 0
대신정보통신 020180 관계회사투자 0 0
대신정보통신 020180 렌탈자산 0 0
대신정보통신 020180 유형자산 16,170,554,120 7,832,895,738
대신정보통신 020180 무형자산 673,390,469 390,843,808
대신정보통신 020180 기타비유동금융자산 3,100,019,033 3,498,007,944
대신정보통신 020180 기타비유동자산 0 0
대신정보통신 020180 사용권자산 0 0
대신정보통신 020180 이연법인세자산 502,458,312 280,525,399
대신정보통신 020180 자산총계 61,348,036,416 53,377,156,850
대신정보통신 020180 유동부채 27,425,422,152 29,335,247,847
대신정보통신 020180 단기매입채무 0 0
대신정보통신 020180 단기차입금 367,855,844 29,335,247,847
대신정보통신 020180 유동성장기차입금 0 0
대신정보통신 020180 유동성사채 0 0
대신정보통신 020180 기타유동금융부채 0 0
대신정보통신 020180 기타유동부채 1,525,273,330 1,973,372,747
대신정보통신 020180 당기법인세부채 276,272,232 559,145,266
대신정보통신 020180 유동리스부채 0 0
대신정보통신 020180 비유동부채 10,416,366,000 357,673,000
대신정보통신 020180 사채 0 0
대신정보통신 020180 장기차입금 10,000,000,000 357,673,000
대신정보통신 020180 기타비유동금융부채 0 0
대신정보통신 020180 이연법인세부채 0 0
대신정보통신 020180 비유동리스부채 0 0
대신정보통신 020180 부채총계 37,841,788,152 29,692,920,847
대신정보통신 020180 자본금 19,214,457,500 19,214,457,500
대신정보통신 020180 자본잉여금 0 0
대신정보통신 020180 자본조정 0 0
대신정보통신 020180 기타포괄손익누계액 11,041,327 11,683,249
대신정보통신 020180 이익잉여금(결손금) 3,714,109,165 3,891,454,982
대신정보통신 020180 자본총계 23,506,248,264 23,684,236,003
대신정보통신 020180 자본과부채총계 61,348,036,416 53,377,156,850
date : 2017-12-31
대신정보통신 020180 유동자산 56,868,177,694 40,754,718,391
대신정보통신 020180 현금및현금성자산 25,948,708,505 15,447,110,490
대신정보통신 020180 매출채권 및 기타유동채권
대신정보통신 020180 재고자산 5,573,817,327 4,152,068,348
대신정보통신 020180 기타유동금융자산 886,234,973 552,185,173
대신정보통신 020180 기타유동자산 2,688,350,627 959,656,248
대신정보통신 020180 매각예정비유동자산 4,713,108,283 959,656,248
대신정보통신 020180 비유동자산 28,530,588,967 12,622,438,459
대신정보통신 020180 장기금융상품 0 0
대신정보통신 020180 기타포괄손익-공정가치 0 0
대신정보통신 020180 당기손익인식공정가치측정금융자산 0 0
대신정보통신 020180 종속회사투자 0 0
대신정보통신 020180 관계회사투자 0 0
대신정보통신 020180 렌탈자산 0 0
대신정보통신 020180 유형자산 15,922,677,462 7,832,895,738
대신정보통신 020180 무형자산 644,863,584 390,843,808
대신정보통신 020180 기타비유동금융자산 3,277,790,274 3,498,007,944
대신정보통신 020180 기타비유동자산 0 0
대신정보통신 020180 사용권자산 0 0
대신정보통신 020180 이연법인세자산 519,786,984 280,525,399
대신정보통신 020180 자산총계 85,398,766,661 53,377,156,850
대신정보통신 020180 유동부채 49,483,349,268 29,335,247,847
대신정보통신 020180 단기매입채무 0 0
대신정보통신 020180 단기차입금 0 0
대신정보통신 020180 유동성장기차입금 0 0
대신정보통신 020180 유동성사채 0 0
대신정보통신 020180 기타유동금융부채 0 0
대신정보통신 020180 기타유동부채 2,320,497,188 1,973,372,747
대신정보통신 020180 당기법인세부채 598,803,786 559,145,266
대신정보통신 020180 유동리스부채 0 0
대신정보통신 020180 비유동부채 10,431,682,000 357,673,000
대신정보통신 020180 사채 0 0
대신정보통신 020180 장기차입금 10,000,000,000 357,673,000
대신정보통신 020180 기타비유동금융부채 0 0
대신정보통신 020180 이연법인세부채 0 0
대신정보통신 020180 비유동리스부채 0 0
대신정보통신 020180 부채총계 59,915,031,268 29,692,920,847
대신정보통신 020180 자본금 19,214,457,500 19,214,457,500
대신정보통신 020180 자본잉여금 0 0
대신정보통신 020180 자본조정 0 0
대신정보통신 020180 기타포괄손익누계액 13,261,396 11,683,249
대신정보통신 020180 이익잉여금(결손금) 5,689,376,225 3,891,454,982
대신정보통신 020180 자본총계 25,483,735,393 23,684,236,003
대신정보통신 020180 자본과부채총계 85,398,766,661 53,377,156,850
date : 2017-03-31
대신정보통신 020180 유동자산 40,754,718,391 35,158,099,330
대신정보통신 020180 현금및현금성자산 15,447,110,490 16,273,534,769
대신정보통신 020180 매출채권 및 기타유동채권
대신정보통신 020180 재고자산 4,152,068,348 3,254,330,439
대신정보통신 020180 기타유동금융자산 552,185,173 1,490,524,576
대신정보통신 020180 기타유동자산 959,656,248 185,302,215
대신정보통신 020180 매각예정비유동자산 0 0
대신정보통신 020180 비유동자산 12,622,438,459 10,366,684,149
대신정보통신 020180 장기금융상품 0 0
대신정보통신 020180 기타포괄손익-공정가치 0 0
대신정보통신 020180 당기손익인식공정가치측정금융자산 0 0
대신정보통신 020180 종속회사투자 0 0
대신정보통신 020180 관계회사투자 0 0
대신정보통신 020180 렌탈자산 0 0
대신정보통신 020180 유형자산 7,832,895,738 8,096,044,868
대신정보통신 020180 무형자산 390,843,808 277,621,864
대신정보통신 020180 기타비유동금융자산 3,498,007,944 1,672,899,915
대신정보통신 020180 기타비유동자산 0 0
대신정보통신 020180 사용권자산 0 0
대신정보통신 020180 이연법인세자산 280,525,399 320,117,502
대신정보통신 020180 자산총계 53,377,156,850 45,524,783,479
대신정보통신 020180 유동부채 29,335,247,847 22,654,094,422
대신정보통신 020180 단기매입채무 0 0
대신정보통신 020180 단기차입금 0 0
대신정보통신 020180 유동성장기차입금 0 0
대신정보통신 020180 유동성사채 0 0
대신정보통신 020180 기타유동금융부채 0 0
대신정보통신 020180 기타유동부채 1,973,372,747 1,076,025,137
대신정보통신 020180 당기법인세부채 0 0
대신정보통신 020180 유동리스부채 0 0
대신정보통신 020180 비유동부채 357,673,000 276,126,000
대신정보통신 020180 사채 0 0
대신정보통신 020180 장기차입금 0 0
대신정보통신 020180 기타비유동금융부채 0 0
대신정보통신 020180 이연법인세부채 0 0
대신정보통신 020180 비유동리스부채 0 0
대신정보통신 020180 부채총계 29,692,920,847 22,930,220,422
대신정보통신 020180 자본금 19,214,457,500 19,214,457,500
대신정보통신 020180 자본잉여금 0 0
대신정보통신 020180 자본조정 0 0
대신정보통신 020180 기타포괄손익누계액 11,683,249 19,214,457,500
대신정보통신 020180 이익잉여금(결손금) 3,891,454,982 2,813,465,285
대신정보통신 020180 자본총계 23,684,236,003 22,594,563,057
대신정보통신 020180 자본과부채총계 53,377,156,850 45,524,783,479
date : 2018-06-30
대신정보통신 020180 유동자산 46,894,715,098 39,797,085,143
대신정보통신 020180 현금및현금성자산 20,704,780,318 10,813,821,620
대신정보통신 020180 매출채권 및 기타유동채권
대신정보통신 020180 재고자산 4,771,006,456 4,402,907,673
대신정보통신 020180 기타유동금융자산 1,316,794,150 1,331,172,421
대신정보통신 020180 기타유동자산 2,536,336,295 2,144,069,667
대신정보통신 020180 매각예정비유동자산 0 0
대신정보통신 020180 비유동자산 27,216,548,514 26,967,612,960
대신정보통신 020180 장기금융상품 0 0
대신정보통신 020180 기타포괄손익-공정가치 0 0
대신정보통신 020180 당기손익인식공정가치측정금융자산 0 0
대신정보통신 020180 종속회사투자 0 0
대신정보통신 020180 관계회사투자 0 0
대신정보통신 020180 렌탈자산 0 0
대신정보통신 020180 유형자산 15,719,081,535 15,680,482,317
대신정보통신 020180 무형자산 698,025,932 616,611,707
대신정보통신 020180 기타비유동금융자산 2,006,384,970 2,081,524,718
대신정보통신 020180 기타비유동자산 0 0
대신정보통신 020180 사용권자산 0 0
대신정보통신 020180 이연법인세자산 614,664,163 435,422,785
대신정보통신 020180 자산총계 74,111,263,612 66,764,698,103
대신정보통신 020180 유동부채 41,653,410,461 32,384,502,643
대신정보통신 020180 단기매입채무 0 0
대신정보통신 020180 단기차입금 0 0
대신정보통신 020180 유동성장기차입금 0 0
대신정보통신 020180 유동성사채 0 0
대신정보통신 020180 기타유동금융부채 0 0
대신정보통신 020180 기타유동부채 1,469,248,593 1,096,244,340
대신정보통신 020180 당기법인세부채 59,633,148 59,633,148
대신정보통신 020180 유동리스부채 0 0
대신정보통신 020180 비유동부채 10,538,041,000 10,425,367,000
대신정보통신 020180 사채 0 0
대신정보통신 020180 장기차입금 10,000,000,000 10,000,000,000
대신정보통신 020180 기타비유동금융부채 0 0
대신정보통신 020180 이연법인세부채 0 0
대신정보통신 020180 비유동리스부채 0 0
대신정보통신 020180 부채총계 52,191,451,461 42,809,869,643
대신정보통신 020180 자본금 19,214,457,500 19,214,457,500
대신정보통신 020180 자본잉여금 0 0
대신정보통신 020180 자본조정 0 0
대신정보통신 020180 기타포괄손익누계액 7,470,148 19,214,457,500
대신정보통신 020180 이익잉여금(결손금) 2,138,714,379 4,166,260,540
대신정보통신 020180 자본총계 21,919,812,151 23,954,828,460
대신정보통신 020180 자본과부채총계 74,111,263,612 66,764,698,103
date : 2018-09-30
대신정보통신 020180 유동자산 51,128,808,310 39,797,085,143
대신정보통신 020180 현금및현금성자산 2,202,555,017 10,813,821,620
대신정보통신 020180 매출채권 및 기타유동채권
대신정보통신 020180 재고자산 4,056,403,489 4,402,907,673
대신정보통신 020180 기타유동금융자산 1,796,380,345 1,331,172,421
대신정보통신 020180 기타유동자산 5,432,138,304 2,144,069,667
대신정보통신 020180 매각예정비유동자산 0 0
대신정보통신 020180 비유동자산 26,961,098,654 26,967,612,960
대신정보통신 020180 장기금융상품 0 0
대신정보통신 020180 기타포괄손익-공정가치 0 0
대신정보통신 020180 당기손익인식공정가치측정금융자산 0 0
대신정보통신 020180 종속회사투자 0 0
대신정보통신 020180 관계회사투자 0 0
대신정보통신 020180 렌탈자산 0 0
대신정보통신 020180 유형자산 15,523,016,516 15,680,482,317
대신정보통신 020180 무형자산 666,280,874 616,611,707
대신정보통신 020180 기타비유동금융자산 1,918,063,460 2,081,524,718
대신정보통신 020180 기타비유동자산 0 0
대신정보통신 020180 사용권자산 0 0
대신정보통신 020180 이연법인세자산 678,695,474 435,422,785
대신정보통신 020180 자산총계 78,089,906,964 66,764,698,103
대신정보통신 020180 유동부채 45,081,014,584 32,384,502,643
대신정보통신 020180 단기매입채무 0 0
대신정보통신 020180 단기차입금 810,506,394 32,384,502,643
대신정보통신 020180 유동성장기차입금 0 0
대신정보통신 020180 유동성사채 0 0
대신정보통신 020180 기타유동금융부채 0 0
대신정보통신 020180 기타유동부채 1,177,631,930 1,096,244,340
대신정보통신 020180 당기법인세부채 59,633,148 32,384,502,643
대신정보통신 020180 유동리스부채 0 0
대신정보통신 020180 비유동부채 10,473,298,000 10,425,367,000
대신정보통신 020180 사채 0 0
대신정보통신 020180 장기차입금 10,000,000,000 10,000,000,000
대신정보통신 020180 기타비유동금융부채 0 0
대신정보통신 020180 이연법인세부채 0 0
대신정보통신 020180 비유동리스부채 0 0
대신정보통신 020180 부채총계 55,554,312,584 42,809,869,643
대신정보통신 020180 자본금 19,214,457,500 19,214,457,500
대신정보통신 020180 자본잉여금 0 0
대신정보통신 020180 자본조정 0 0
대신정보통신 020180 기타포괄손익누계액 -117,000,000 7,470,148
대신정보통신 020180 이익잉여금(결손금) 2,871,496,608 4,166,260,540
대신정보통신 020180 자본총계 22,535,594,380 23,954,828,460
대신정보통신 020180 자본과부채총계 78,089,906,964 66,764,698,103
date : 2018-12-31
대신정보통신 020180 유동자산 85,121,131,928 39,797,085,143
대신정보통신 020180 현금및현금성자산 52,973,064,906 10,813,821,620
대신정보통신 020180 매출채권 및 기타유동채권
대신정보통신 020180 재고자산 4,302,835,001 4,402,907,673
대신정보통신 020180 기타유동금융자산 1,537,709,640 1,331,172,421
대신정보통신 020180 기타유동자산 3,558,460,312 2,144,069,667
대신정보통신 020180 매각예정비유동자산 0 0
대신정보통신 020180 비유동자산 25,904,248,760 26,967,612,960
대신정보통신 020180 장기금융상품 0 0
대신정보통신 020180 기타포괄손익-공정가치 0 0
대신정보통신 020180 당기손익인식공정가치측정금융자산 0 0
대신정보통신 020180 종속회사투자 0 0
대신정보통신 020180 관계회사투자 0 0
대신정보통신 020180 렌탈자산 0 0
대신정보통신 020180 유형자산 15,274,801,200 15,680,482,317
대신정보통신 020180 무형자산 635,185,830 616,611,707
대신정보통신 020180 기타비유동금융자산 1,571,251,328 2,081,524,718
대신정보통신 020180 기타비유동자산 0 0
대신정보통신 020180 사용권자산 0 0
대신정보통신 020180 이연법인세자산 871,850,321 435,422,785
대신정보통신 020180 자산총계 111,025,380,688 66,764,698,103
대신정보통신 020180 유동부채 74,761,712,505 32,384,502,643
대신정보통신 020180 단기매입채무 0 0
대신정보통신 020180 단기차입금 2,939,346,744 32,384,502,643
대신정보통신 020180 유동성장기차입금 0 0
대신정보통신 020180 유동성사채 0 0
대신정보통신 020180 기타유동금융부채 0 0
대신정보통신 020180 기타유동부채 3,030,062,199 1,096,244,340
대신정보통신 020180 당기법인세부채 803,516,070 59,633,148
대신정보통신 020180 유동리스부채 0 0
대신정보통신 020180 비유동부채 10,489,828,000 10,425,367,000
대신정보통신 020180 사채 0 0
대신정보통신 020180 장기차입금 10,000,000,000 10,000,000,000
대신정보통신 020180 기타비유동금융부채 0 0
대신정보통신 020180 이연법인세부채 0 0
대신정보통신 020180 비유동리스부채 0 0
대신정보통신 020180 부채총계 85,251,540,505 42,809,869,643
대신정보통신 020180 자본금 19,214,457,500 19,214,457,500
대신정보통신 020180 자본잉여금 0 0
대신정보통신 020180 자본조정 0 0
대신정보통신 020180 기타포괄손익누계액 -117,000,000 7,470,148
대신정보통신 020180 이익잉여금(결손금) 6,109,742,411 4,166,260,540
대신정보통신 020180 자본총계 25,773,840,183 23,954,828,460
대신정보통신 020180 자본과부채총계 111,025,380,688 66,764,698,103
date : 2018-03-31
대신정보통신 020180 유동자산 39,797,085,143 40,754,718,391
대신정보통신 020180 현금및현금성자산 10,813,821,620 15,447,110,490
대신정보통신 020180 매출채권 및 기타유동채권
대신정보통신 020180 재고자산 4,402,907,673 4,152,068,348
대신정보통신 020180 기타유동금융자산 1,331,172,421 552,185,173
대신정보통신 020180 기타유동자산 2,144,069,667 959,656,248
대신정보통신 020180 매각예정비유동자산 4,713,108,283 959,656,248
대신정보통신 020180 비유동자산 26,967,612,960 12,622,438,459
대신정보통신 020180 장기금융상품 0 0
대신정보통신 020180 기타포괄손익-공정가치 0 0
대신정보통신 020180 당기손익인식공정가치측정금융자산 0 0
대신정보통신 020180 종속회사투자 0 0
대신정보통신 020180 관계회사투자 0 0
대신정보통신 020180 렌탈자산 0 0
대신정보통신 020180 유형자산 15,680,482,317 7,832,895,738
대신정보통신 020180 무형자산 616,611,707 390,843,808
대신정보통신 020180 기타비유동금융자산 2,081,524,718 3,498,007,944
대신정보통신 020180 기타비유동자산 0 0
대신정보통신 020180 사용권자산 0 0
대신정보통신 020180 이연법인세자산 435,422,785 280,525,399
대신정보통신 020180 자산총계 66,764,698,103 53,377,156,850
대신정보통신 020180 유동부채 32,384,502,643 29,335,247,847
대신정보통신 020180 단기매입채무 0 0
대신정보통신 020180 단기차입금 0 0
대신정보통신 020180 유동성장기차입금 0 0
대신정보통신 020180 유동성사채 0 0
대신정보통신 020180 기타유동금융부채 0 0
대신정보통신 020180 기타유동부채 1,096,244,340 1,973,372,747
대신정보통신 020180 당기법인세부채 59,633,148 559,145,266
대신정보통신 020180 유동리스부채 0 0
대신정보통신 020180 비유동부채 10,425,367,000 357,673,000
대신정보통신 020180 사채 0 0
대신정보통신 020180 장기차입금 10,000,000,000 357,673,000
대신정보통신 020180 기타비유동금융부채 0 0
대신정보통신 020180 이연법인세부채 0 0
대신정보통신 020180 비유동리스부채 0 0
대신정보통신 020180 부채총계 42,809,869,643 29,692,920,847
대신정보통신 020180 자본금 19,214,457,500 19,214,457,500
대신정보통신 020180 자본잉여금 0 0
대신정보통신 020180 자본조정 0 0
대신정보통신 020180 기타포괄손익누계액 7,470,148 11,683,249
대신정보통신 020180 이익잉여금(결손금) 4,166,260,540 3,891,454,982
대신정보통신 020180 자본총계 23,954,828,460 23,684,236,003
대신정보통신 020180 자본과부채총계 66,764,698,103 53,377,156,850
