date : 2019-03-31
시공테크 020710 유동자산 56,274,447,710 54,284,462,461
시공테크 020710 현금및현금성자산 12,363,542,777 11,446,891,755
시공테크 020710 매출채권 및 기타채권
시공테크 020710 기타유동자산 252,522,343 498,668,120
시공테크 020710 비유동자산 51,997,111,252 49,654,359,049
시공테크 020710 이연법인세자산 1,443,262,176 1,383,001,134
시공테크 020710 유형자산 20,629,747,566 20,772,095,561
시공테크 020710 무형자산 986,924,657 975,166,311
시공테크 020710 기타비유동자산 32,200,000 32,200,000
시공테크 020710 자산총계 108,271,558,962 103,938,821,510
시공테크 020710 유동부채 23,768,920,472 19,857,559,905
시공테크 020710 당기법인세부채 0 0
시공테크 020710 기타유동부채 1,234,478,542 948,840,386
시공테크 020710 비유동부채 2,456,465,938 2,233,071,943
시공테크 020710 부채총계 26,225,386,410 22,090,631,848
시공테크 020710 자본금 10,023,985,000 10,023,985,000
시공테크 020710 자본잉여금 23,314,323,028 23,314,323,028
시공테크 020710 이익잉여금(결손금) 48,707,864,524 48,509,881,634
시공테크 020710 자본총계 82,046,172,552 81,848,189,662
시공테크 020710 자본과부채총계 108,271,558,962 103,938,821,510
