date : 2015-12-31
대호피앤씨 021040 유동자산 81,840,803,498 93,861,833,992
대호피앤씨 021040 현금및현금성자산 3,207,324,192 1,529,297,048
대호피앤씨 021040 매출채권 49,941,192,248 50,521,323,508
대호피앤씨 021040 재고자산 27,774,860,027 41,441,666,997
대호피앤씨 021040 기타유동금융자산 0 0
대호피앤씨 021040 기타유동자산 0 0
대호피앤씨 021040 매각예정비유동자산 0 0
대호피앤씨 021040 비유동자산 72,387,066,776 75,306,006,627
대호피앤씨 021040 장기금융상품 0 0
대호피앤씨 021040 기타포괄손익-공정가치 0 0
대호피앤씨 021040 당기손익인식공정가치측정금융자산 0 0
대호피앤씨 021040 종속회사투자 0 0
대호피앤씨 021040 관계회사투자 0 0
대호피앤씨 021040 렌탈자산 0 0
대호피앤씨 021040 유형자산 45,698,693,606 44,024,635,377
대호피앤씨 021040 무형자산 20,730,928,578 22,200,798,638
대호피앤씨 021040 기타비유동금융자산 0 0
대호피앤씨 021040 기타비유동자산 0 0
대호피앤씨 021040 사용권자산 0 0
대호피앤씨 021040 이연법인세자산 0 0
대호피앤씨 021040 자산총계 154,227,870,274 169,167,840,619
대호피앤씨 021040 유동부채 108,731,846,496 127,132,170,865
대호피앤씨 021040 단기매입채무 0 0
대호피앤씨 021040 단기차입금 0 0
대호피앤씨 021040 유동성장기차입금 0 0
대호피앤씨 021040 유동성사채 0 0
대호피앤씨 021040 기타유동금융부채 0 0
대호피앤씨 021040 기타유동부채 0 0
대호피앤씨 021040 당기법인세부채 0 127,132,170,865
대호피앤씨 021040 유동리스부채 0 0
대호피앤씨 021040 비유동부채 9,459,428,642 7,790,752,038
대호피앤씨 021040 사채 0 0
대호피앤씨 021040 장기차입금 0 0
대호피앤씨 021040 기타비유동금융부채 0 0
대호피앤씨 021040 이연법인세부채 0 0
대호피앤씨 021040 비유동리스부채 0 0
대호피앤씨 021040 부채총계 118,191,275,138 134,922,922,903
대호피앤씨 021040 자본금 27,177,646,000 27,177,646,000
대호피앤씨 021040 자본잉여금 0 0
대호피앤씨 021040 자본조정 0 0
대호피앤씨 021040 기타포괄손익누계액 4,388,414,157 4,157,489,377
대호피앤씨 021040 이익잉여금(결손금) -14,944,020,048 -16,504,772,688
대호피앤씨 021040 자본총계 36,036,595,136 34,244,917,716
대호피앤씨 021040 자본과부채총계 154,227,870,274 169,167,840,619
date : 2016-03-31
대호피앤씨 021040 유동자산 73,709,339,664 81,840,803,498
대호피앤씨 021040 현금및현금성자산 1,289,331,900 3,207,324,192
대호피앤씨 021040 매출채권 48,419,461,834 49,941,192,248
대호피앤씨 021040 재고자산 22,723,855,398 27,774,860,027
대호피앤씨 021040 기타유동금융자산 0 0
대호피앤씨 021040 기타유동자산 0 0
대호피앤씨 021040 매각예정비유동자산 0 0
대호피앤씨 021040 비유동자산 71,553,738,853 72,387,066,776
대호피앤씨 021040 장기금융상품 0 0
대호피앤씨 021040 기타포괄손익-공정가치 0 0
대호피앤씨 021040 당기손익인식공정가치측정금융자산 0 0
대호피앤씨 021040 종속회사투자 0 0
대호피앤씨 021040 관계회사투자 0 0
대호피앤씨 021040 렌탈자산 0 0
대호피앤씨 021040 유형자산 45,139,029,448 45,698,693,606
대호피앤씨 021040 무형자산 20,526,516,813 20,730,928,578
대호피앤씨 021040 기타비유동금융자산 0 0
대호피앤씨 021040 기타비유동자산 0 0
대호피앤씨 021040 사용권자산 0 0
대호피앤씨 021040 이연법인세자산 0 0
대호피앤씨 021040 자산총계 145,263,078,517 154,227,870,274
대호피앤씨 021040 유동부채 98,071,806,556 108,731,846,496
대호피앤씨 021040 단기매입채무 0 0
대호피앤씨 021040 단기차입금 0 0
대호피앤씨 021040 유동성장기차입금 0 0
대호피앤씨 021040 유동성사채 0 0
대호피앤씨 021040 기타유동금융부채 0 0
대호피앤씨 021040 기타유동부채 0 0
대호피앤씨 021040 당기법인세부채 0 0
대호피앤씨 021040 유동리스부채 0 0
대호피앤씨 021040 비유동부채 9,714,790,521 9,459,428,642
대호피앤씨 021040 사채 0 0
대호피앤씨 021040 장기차입금 0 0
대호피앤씨 021040 기타비유동금융부채 0 0
대호피앤씨 021040 이연법인세부채 0 0
대호피앤씨 021040 비유동리스부채 0 0
대호피앤씨 021040 부채총계 107,786,597,077 118,191,275,138
대호피앤씨 021040 자본금 27,177,646,000 27,177,646,000
대호피앤씨 021040 자본잉여금 0 0
대호피앤씨 021040 자본조정 0 0
대호피앤씨 021040 기타포괄손익누계액 4,390,805,637 4,388,414,157
대호피앤씨 021040 이익잉여금(결손금) -13,506,525,224 -14,944,020,048
대호피앤씨 021040 자본총계 37,476,481,440 36,036,595,136
대호피앤씨 021040 자본과부채총계 145,263,078,517 154,227,870,274
date : 2016-06-30
대호피앤씨 021040 유동자산 79,286,797,694 81,840,803,498
대호피앤씨 021040 현금및현금성자산 2,737,834,299 3,207,324,192
대호피앤씨 021040 매출채권 48,798,293,716 49,941,192,248
대호피앤씨 021040 재고자산 26,610,534,711 27,774,860,027
대호피앤씨 021040 기타유동금융자산 0 0
대호피앤씨 021040 기타유동자산 0 0
대호피앤씨 021040 매각예정비유동자산 0 0
대호피앤씨 021040 비유동자산 70,205,646,366 72,387,066,776
대호피앤씨 021040 장기금융상품 0 0
대호피앤씨 021040 기타포괄손익-공정가치 0 0
대호피앤씨 021040 당기손익인식공정가치측정금융자산 0 0
대호피앤씨 021040 종속회사투자 0 0
대호피앤씨 021040 관계회사투자 0 0
대호피앤씨 021040 렌탈자산 0 0
대호피앤씨 021040 유형자산 44,423,918,628 45,698,693,606
대호피앤씨 021040 무형자산 20,322,105,048 20,730,928,578
대호피앤씨 021040 기타비유동금융자산 0 0
대호피앤씨 021040 기타비유동자산 0 0
대호피앤씨 021040 사용권자산 0 0
대호피앤씨 021040 이연법인세자산 0 0
대호피앤씨 021040 자산총계 149,492,444,060 154,227,870,274
대호피앤씨 021040 유동부채 100,947,307,298 108,731,846,496
대호피앤씨 021040 단기매입채무 0 0
대호피앤씨 021040 단기차입금 0 0
대호피앤씨 021040 유동성장기차입금 0 0
대호피앤씨 021040 유동성사채 0 0
대호피앤씨 021040 기타유동금융부채 0 0
대호피앤씨 021040 기타유동부채 0 0
대호피앤씨 021040 당기법인세부채 0 0
대호피앤씨 021040 유동리스부채 0 0
대호피앤씨 021040 비유동부채 9,410,661,349 9,459,428,642
대호피앤씨 021040 사채 0 0
대호피앤씨 021040 장기차입금 0 0
대호피앤씨 021040 기타비유동금융부채 0 0
대호피앤씨 021040 이연법인세부채 0 0
대호피앤씨 021040 비유동리스부채 0 0
대호피앤씨 021040 부채총계 110,357,968,647 118,191,275,138
대호피앤씨 021040 자본금 27,177,646,000 27,177,646,000
대호피앤씨 021040 자본잉여금 0 0
대호피앤씨 021040 자본조정 0 0
대호피앤씨 021040 기타포괄손익누계액 4,372,800,725 4,388,414,157
대호피앤씨 021040 이익잉여금(결손금) -11,830,526,339 -14,944,020,048
대호피앤씨 021040 자본총계 39,134,475,413 36,036,595,136
대호피앤씨 021040 자본과부채총계 149,492,444,060 154,227,870,274
date : 2016-09-30
대호피앤씨 021040 유동자산 80,361,310,536 81,840,803,498
대호피앤씨 021040 현금및현금성자산 8,385,452,288 3,207,324,192
대호피앤씨 021040 매출채권 46,383,946,438 49,941,192,248
대호피앤씨 021040 재고자산 25,124,401,727 27,774,860,027
대호피앤씨 021040 기타유동금융자산 0 0
대호피앤씨 021040 기타유동자산 0 0
대호피앤씨 021040 매각예정비유동자산 0 0
대호피앤씨 021040 비유동자산 69,553,371,693 72,387,066,776
대호피앤씨 021040 장기금융상품 0 0
대호피앤씨 021040 기타포괄손익-공정가치 0 0
대호피앤씨 021040 당기손익인식공정가치측정금융자산 0 0
대호피앤씨 021040 종속회사투자 0 0
대호피앤씨 021040 관계회사투자 0 0
대호피앤씨 021040 렌탈자산 0 0
대호피앤씨 021040 유형자산 44,145,485,686 45,698,693,606
대호피앤씨 021040 무형자산 20,129,900,408 20,730,928,578
대호피앤씨 021040 기타비유동금융자산 0 0
대호피앤씨 021040 기타비유동자산 0 0
대호피앤씨 021040 사용권자산 0 0
대호피앤씨 021040 이연법인세자산 0 0
대호피앤씨 021040 자산총계 149,914,682,229 154,227,870,274
대호피앤씨 021040 유동부채 99,442,293,712 108,731,846,496
대호피앤씨 021040 단기매입채무 0 0
대호피앤씨 021040 단기차입금 0 0
대호피앤씨 021040 유동성장기차입금 0 0
대호피앤씨 021040 유동성사채 0 0
대호피앤씨 021040 기타유동금융부채 0 0
대호피앤씨 021040 기타유동부채 0 0
대호피앤씨 021040 당기법인세부채 0 0
대호피앤씨 021040 유동리스부채 0 0
대호피앤씨 021040 비유동부채 9,365,834,954 9,459,428,642
대호피앤씨 021040 사채 0 0
대호피앤씨 021040 장기차입금 0 0
대호피앤씨 021040 기타비유동금융부채 0 0
대호피앤씨 021040 이연법인세부채 0 0
대호피앤씨 021040 비유동리스부채 0 0
대호피앤씨 021040 부채총계 108,808,128,666 118,191,275,138
대호피앤씨 021040 자본금 27,177,646,000 27,177,646,000
대호피앤씨 021040 자본잉여금 0 0
대호피앤씨 021040 자본조정 0 0
대호피앤씨 021040 기타포괄손익누계액 4,370,907,991 4,388,414,157
대호피앤씨 021040 이익잉여금(결손금) -9,856,555,455 -14,944,020,048
대호피앤씨 021040 자본총계 41,106,553,563 36,036,595,136
대호피앤씨 021040 자본과부채총계 149,914,682,229 154,227,870,274
date : 2016-12-31
대호피앤씨 021040 유동자산 74,492,760,315 81,840,803,498
대호피앤씨 021040 현금및현금성자산 1,345,334,176 3,207,324,192
대호피앤씨 021040 매출채권 및 기타유동채권
대호피앤씨 021040 재고자산 22,727,850,588 27,774,860,027
대호피앤씨 021040 기타유동금융자산 126,471,846 0
대호피앤씨 021040 기타유동자산 0 0
대호피앤씨 021040 매각예정비유동자산 0 0
대호피앤씨 021040 비유동자산 66,693,447,778 72,387,066,776
대호피앤씨 021040 장기금융상품 0 0
대호피앤씨 021040 기타포괄손익-공정가치 0 0
대호피앤씨 021040 당기손익인식공정가치측정금융자산 0 0
대호피앤씨 021040 종속회사투자 0 0
대호피앤씨 021040 관계회사투자 0 0
대호피앤씨 021040 렌탈자산 0 0
대호피앤씨 021040 유형자산 43,576,788,769 45,698,693,606
대호피앤씨 021040 무형자산 133,486,876 231,352,229
대호피앤씨 021040 기타비유동금융자산 229,844,000 166,330,500
대호피앤씨 021040 기타비유동자산 0 0
대호피앤씨 021040 사용권자산 0 0
대호피앤씨 021040 이연법인세자산 0 0
대호피앤씨 021040 자산총계 141,186,208,093 154,227,870,274
대호피앤씨 021040 유동부채 90,378,655,957 108,731,846,496
대호피앤씨 021040 단기매입채무 0 0
대호피앤씨 021040 단기차입금 74,880,626,604 90,004,219,419
대호피앤씨 021040 유동성장기차입금 0 0
대호피앤씨 021040 유동성사채 0 0
대호피앤씨 021040 기타유동금융부채 0 0
대호피앤씨 021040 기타유동부채 0 0
대호피앤씨 021040 당기법인세부채 173,975,703 0
대호피앤씨 021040 유동리스부채 0 0
대호피앤씨 021040 비유동부채 9,848,210,112 9,459,428,642
대호피앤씨 021040 사채 0 0
대호피앤씨 021040 장기차입금 1,046,700,000 1,765,900,000
대호피앤씨 021040 기타비유동금융부채 0 0
대호피앤씨 021040 이연법인세부채 0 0
대호피앤씨 021040 비유동리스부채 0 0
대호피앤씨 021040 부채총계 100,226,866,069 118,191,275,138
대호피앤씨 021040 자본금 27,177,646,000 27,177,646,000
대호피앤씨 021040 자본잉여금 0 0
대호피앤씨 021040 자본조정 0 0
대호피앤씨 021040 기타포괄손익누계액 4,464,878,871 4,388,414,157
대호피앤씨 021040 이익잉여금(결손금) -10,097,737,874 -14,944,020,048
대호피앤씨 021040 자본총계 40,959,342,024 36,036,595,136
대호피앤씨 021040 자본과부채총계 141,186,208,093 154,227,870,274
date : 2017-03-31
대호피앤씨 021040 유동자산 77,893,663,128 74,492,760,315
대호피앤씨 021040 현금및현금성자산 810,158,492 1,345,334,176
대호피앤씨 021040 매출채권 및 기타유동채권
대호피앤씨 021040 재고자산 23,810,521,762 22,727,850,588
대호피앤씨 021040 기타유동금융자산 126,471,846 126,471,846
대호피앤씨 021040 기타유동자산 0 0
대호피앤씨 021040 매각예정비유동자산 0 0
대호피앤씨 021040 비유동자산 65,366,944,788 66,693,447,778
대호피앤씨 021040 장기금융상품 0 0
대호피앤씨 021040 기타포괄손익-공정가치 0 0
대호피앤씨 021040 당기손익인식공정가치측정금융자산 0 0
대호피앤씨 021040 종속회사투자 0 0
대호피앤씨 021040 관계회사투자 0 0
대호피앤씨 021040 렌탈자산 0 0
대호피앤씨 021040 유형자산 43,083,812,074 43,576,788,769
대호피앤씨 021040 무형자산 133,486,876 133,486,876
대호피앤씨 021040 기타비유동금융자산 278,297,600 229,844,000
대호피앤씨 021040 기타비유동자산 0 0
대호피앤씨 021040 사용권자산 0 0
대호피앤씨 021040 이연법인세자산 0 0
대호피앤씨 021040 자산총계 143,260,607,916 141,186,208,093
대호피앤씨 021040 유동부채 86,615,879,381 90,378,655,957
대호피앤씨 021040 단기매입채무 0 0
대호피앤씨 021040 단기차입금 66,910,635,667 74,880,626,604
대호피앤씨 021040 유동성장기차입금 0 0
대호피앤씨 021040 유동성사채 0 0
대호피앤씨 021040 기타유동금융부채 0 0
대호피앤씨 021040 기타유동부채 0 0
대호피앤씨 021040 당기법인세부채 119,748,623 173,975,703
대호피앤씨 021040 유동리스부채 0 0
대호피앤씨 021040 비유동부채 12,754,582,963 9,848,210,112
대호피앤씨 021040 사채 0 0
대호피앤씨 021040 장기차입금 4,072,250,000 1,046,700,000
대호피앤씨 021040 기타비유동금융부채 0 0
대호피앤씨 021040 이연법인세부채 0 0
대호피앤씨 021040 비유동리스부채 0 0
대호피앤씨 021040 부채총계 99,370,462,344 100,226,866,069
대호피앤씨 021040 자본금 27,177,646,000 27,177,646,000
대호피앤씨 021040 자본잉여금 0 0
대호피앤씨 021040 자본조정 0 0
대호피앤씨 021040 기타포괄손익누계액 4,502,672,679 4,464,878,871
대호피앤씨 021040 이익잉여금(결손금) -7,204,728,134 -10,097,737,874
대호피앤씨 021040 자본총계 43,890,145,572 40,959,342,024
대호피앤씨 021040 자본과부채총계 143,260,607,916 141,186,208,093
date : 2017-06-30
대호피앤씨 021040 유동자산 81,494,107,211 74,492,760,315
대호피앤씨 021040 현금및현금성자산 2,650,526,354 1,345,334,176
대호피앤씨 021040 매출채권 및 기타유동채권
대호피앤씨 021040 재고자산 25,311,697,937 22,727,850,588
대호피앤씨 021040 기타유동금융자산 22,496,516 126,471,846
대호피앤씨 021040 기타유동자산 0 0
대호피앤씨 021040 매각예정비유동자산 0 0
대호피앤씨 021040 비유동자산 65,762,813,862 66,693,447,778
대호피앤씨 021040 장기금융상품 0 0
대호피앤씨 021040 기타포괄손익-공정가치 0 0
대호피앤씨 021040 당기손익인식공정가치측정금융자산 0 0
대호피앤씨 021040 종속회사투자 0 0
대호피앤씨 021040 관계회사투자 0 0
대호피앤씨 021040 렌탈자산 0 0
대호피앤씨 021040 유형자산 42,775,115,753 43,576,788,769
대호피앤씨 021040 무형자산 1,268,153,543 133,486,876
대호피앤씨 021040 기타비유동금융자산 309,357,600 229,844,000
대호피앤씨 021040 기타비유동자산 0 0
대호피앤씨 021040 사용권자산 0 0
대호피앤씨 021040 이연법인세자산 0 0
대호피앤씨 021040 자산총계 147,256,921,073 141,186,208,093
대호피앤씨 021040 유동부채 71,153,014,752 90,378,655,957
대호피앤씨 021040 단기매입채무 0 0
대호피앤씨 021040 단기차입금 52,285,324,818 74,880,626,604
대호피앤씨 021040 유동성장기차입금 0 0
대호피앤씨 021040 유동성사채 0 0
대호피앤씨 021040 기타유동금융부채 0 0
대호피앤씨 021040 기타유동부채 0 0
대호피앤씨 021040 당기법인세부채 146,262,591 173,975,703
대호피앤씨 021040 유동리스부채 0 0
대호피앤씨 021040 비유동부채 12,612,748,158 9,848,210,112
대호피앤씨 021040 사채 0 0
대호피앤씨 021040 장기차입금 4,897,800,000 1,046,700,000
대호피앤씨 021040 기타비유동금융부채 0 0
대호피앤씨 021040 이연법인세부채 0 0
대호피앤씨 021040 비유동리스부채 0 0
대호피앤씨 021040 부채총계 83,765,762,910 100,226,866,069
대호피앤씨 021040 자본금 38,677,646,000 27,177,646,000
대호피앤씨 021040 자본잉여금 0 0
대호피앤씨 021040 자본조정 0 0
대호피앤씨 021040 기타포괄손익누계액 4,369,044,951 4,464,878,871
대호피앤씨 021040 이익잉여금(결손금) -4,927,614,235 -10,097,737,874
대호피앤씨 021040 자본총계 63,491,158,163 40,959,342,024
대호피앤씨 021040 자본과부채총계 147,256,921,073 141,186,208,093
date : 2017-09-30
대호피앤씨 021040 유동자산 80,615,223,599 74,492,760,315
대호피앤씨 021040 현금및현금성자산 2,707,777,720 1,345,334,176
대호피앤씨 021040 매출채권 51,840,095,271 50,117,066,418
대호피앤씨 021040 재고자산 25,786,189,520 22,727,850,588
대호피앤씨 021040 기타유동금융자산 22,496,516 126,471,846
대호피앤씨 021040 기타유동자산 0 0
대호피앤씨 021040 매각예정비유동자산 0 0
대호피앤씨 021040 비유동자산 72,128,085,191 66,693,447,778
대호피앤씨 021040 장기금융상품 85,900,000 716,966,020
대호피앤씨 021040 기타포괄손익-공정가치 0 0
대호피앤씨 021040 당기손익인식공정가치측정금융자산 0 0
대호피앤씨 021040 종속회사투자 0 0
대호피앤씨 021040 관계회사투자 0 0
대호피앤씨 021040 렌탈자산 0 0
대호피앤씨 021040 유형자산 49,166,669,602 43,576,788,769
대호피앤씨 021040 무형자산 1,293,453,543 133,486,876
대호피앤씨 021040 기타비유동금융자산 278,297,600 229,844,000
대호피앤씨 021040 기타비유동자산 0 0
대호피앤씨 021040 사용권자산 0 0
대호피앤씨 021040 이연법인세자산 0 0
대호피앤씨 021040 자산총계 152,743,308,790 141,186,208,093
대호피앤씨 021040 유동부채 70,035,090,675 90,378,655,957
대호피앤씨 021040 단기매입채무 16,125,036,000 10,199,547,503
대호피앤씨 021040 단기차입금 46,857,399,940 74,161,426,604
대호피앤씨 021040 유동성장기차입금 3,097,800,000 719,200,000
대호피앤씨 021040 유동성사채 0 0
대호피앤씨 021040 기타유동금융부채 0 0
대호피앤씨 021040 기타유동부채 0 0
대호피앤씨 021040 당기법인세부채 0 0
대호피앤씨 021040 유동리스부채 0 0
대호피앤씨 021040 비유동부채 12,580,939,088 9,848,210,112
대호피앤씨 021040 사채 0 0
대호피앤씨 021040 장기차입금 0 0
대호피앤씨 021040 기타비유동금융부채 0 0
대호피앤씨 021040 이연법인세부채 1,489,843,371 0
대호피앤씨 021040 비유동리스부채 0 0
대호피앤씨 021040 부채총계 82,616,029,763 100,226,866,069
대호피앤씨 021040 자본금 38,677,646,000 27,177,646,000
대호피앤씨 021040 자본잉여금 26,779,429,523 20,821,903,103
대호피앤씨 021040 자본조정 0 0
대호피앤씨 021040 기타포괄손익누계액 9,784,844,631 4,464,878,871
대호피앤씨 021040 이익잉여금(결손금) -3,707,293,051 -10,097,737,874
대호피앤씨 021040 자본총계 70,127,279,027 40,959,342,024
대호피앤씨 021040 자본과부채총계 152,743,308,790 141,186,208,093
date : 2017-12-31
대호피앤씨 021040 유동자산 82,528,307,921 74,492,760,315
대호피앤씨 021040 현금및현금성자산 1,656,962,405 1,345,334,176
대호피앤씨 021040 매출채권 51,554,504,025 50,117,066,418
대호피앤씨 021040 재고자산 28,900,544,681 22,727,850,588
대호피앤씨 021040 기타유동금융자산 0 126,471,846
대호피앤씨 021040 기타유동자산 0 0
대호피앤씨 021040 매각예정비유동자산 0 0
대호피앤씨 021040 비유동자산 68,545,708,820 66,693,447,778
대호피앤씨 021040 장기금융상품 115,900,000 716,966,020
대호피앤씨 021040 기타포괄손익-공정가치 0 0
대호피앤씨 021040 당기손익인식공정가치측정금융자산 0 0
대호피앤씨 021040 종속회사투자 0 0
대호피앤씨 021040 관계회사투자 0 0
대호피앤씨 021040 렌탈자산 0 0
대호피앤씨 021040 유형자산 48,845,438,999 43,576,788,769
대호피앤씨 021040 무형자산 1,287,870,210 133,486,876
대호피앤씨 021040 기타비유동금융자산 182,135,840 229,844,000
대호피앤씨 021040 기타비유동자산 0 0
대호피앤씨 021040 사용권자산 0 0
대호피앤씨 021040 이연법인세자산 0 0
대호피앤씨 021040 자산총계 151,074,016,741 141,186,208,093
대호피앤씨 021040 유동부채 72,946,055,340 90,378,655,957
대호피앤씨 021040 단기매입채무 18,585,019,063 10,199,547,503
대호피앤씨 021040 단기차입금 45,885,469,571 74,161,426,604
대호피앤씨 021040 유동성장기차입금 3,097,800,000 719,200,000
대호피앤씨 021040 유동성사채 0 0
대호피앤씨 021040 기타유동금융부채 0 0
대호피앤씨 021040 기타유동부채 0 0
대호피앤씨 021040 당기법인세부채 0 0
대호피앤씨 021040 유동리스부채 0 0
대호피앤씨 021040 비유동부채 9,078,910,443 9,848,210,112
대호피앤씨 021040 사채 0 0
대호피앤씨 021040 장기차입금 0 0
대호피앤씨 021040 기타비유동금융부채 0 0
대호피앤씨 021040 이연법인세부채 1,868,429,113 0
대호피앤씨 021040 비유동리스부채 0 0
대호피앤씨 021040 부채총계 82,024,965,783 100,226,866,069
대호피앤씨 021040 자본금 38,677,646,000 27,177,646,000
대호피앤씨 021040 자본잉여금 26,776,758,194 20,821,903,103
대호피앤씨 021040 자본조정 0 0
대호피앤씨 021040 기타포괄손익누계액 9,056,966,965 4,464,878,871
대호피앤씨 021040 이익잉여금(결손금) -4,071,092,233 -10,097,737,874
대호피앤씨 021040 자본총계 69,049,050,958 40,959,342,024
대호피앤씨 021040 자본과부채총계 151,074,016,741 141,186,208,093
date : 2018-03-31
대호피앤씨 021040 유동자산 88,042,134,507 82,528,307,921
대호피앤씨 021040 현금및현금성자산 4,004,027,274 1,656,962,405
대호피앤씨 021040 매출채권 54,507,389,733 51,554,504,025
대호피앤씨 021040 재고자산 29,123,241,477 28,900,544,681
대호피앤씨 021040 기타유동금융자산 0 0
대호피앤씨 021040 기타유동자산 0 0
대호피앤씨 021040 매각예정비유동자산 0 0
대호피앤씨 021040 비유동자산 68,306,700,335 68,545,708,820
대호피앤씨 021040 장기금융상품 127,900,000 115,900,000
대호피앤씨 021040 기타포괄손익-공정가치 0 0
대호피앤씨 021040 당기손익인식공정가치측정금융자산 0 0
대호피앤씨 021040 종속회사투자 0 0
대호피앤씨 021040 관계회사투자 0 0
대호피앤씨 021040 렌탈자산 0 0
대호피앤씨 021040 유형자산 48,986,538,497 48,845,438,999
대호피앤씨 021040 무형자산 1,287,870,210 1,287,870,210
대호피앤씨 021040 기타비유동금융자산 191,826,560 182,135,840
대호피앤씨 021040 기타비유동자산 0 0
대호피앤씨 021040 사용권자산 0 0
대호피앤씨 021040 이연법인세자산 0 0
대호피앤씨 021040 자산총계 156,348,834,842 151,074,016,741
대호피앤씨 021040 유동부채 67,644,349,080 72,946,055,340
대호피앤씨 021040 단기매입채무 13,974,670,142 18,585,019,063
대호피앤씨 021040 단기차입금 45,799,913,532 45,885,469,571
대호피앤씨 021040 유동성장기차입금 3,097,800,000 3,097,800,000
대호피앤씨 021040 유동성사채 0 0
대호피앤씨 021040 기타유동금융부채 0 0
대호피앤씨 021040 기타유동부채 0 0
대호피앤씨 021040 당기법인세부채 0 0
대호피앤씨 021040 유동리스부채 0 0
대호피앤씨 021040 비유동부채 18,394,754,545 9,078,910,443
대호피앤씨 021040 사채 0 0
대호피앤씨 021040 장기차입금 0 0
대호피앤씨 021040 기타비유동금융부채 0 0
대호피앤씨 021040 이연법인세부채 1,868,429,113 1,868,429,113
대호피앤씨 021040 비유동리스부채 0 0
대호피앤씨 021040 부채총계 86,039,103,625 82,024,965,783
대호피앤씨 021040 자본금 38,677,646,000 38,677,646,000
대호피앤씨 021040 자본잉여금 26,776,758,194 26,776,758,194
대호피앤씨 021040 자본조정 0 0
대호피앤씨 021040 기타포괄손익누계액 9,056,966,965 9,056,966,965
대호피앤씨 021040 이익잉여금(결손금) -2,810,411,974 -4,071,092,233
대호피앤씨 021040 자본총계 70,309,731,217 69,049,050,958
대호피앤씨 021040 자본과부채총계 156,348,834,842 151,074,016,741
date : 2018-06-30
대호피앤씨 021040 유동자산 91,879,378,203 82,528,307,921
대호피앤씨 021040 현금및현금성자산 2,051,142,925 1,656,962,405
대호피앤씨 021040 매출채권 61,106,114,962 51,554,504,025
대호피앤씨 021040 재고자산 28,268,187,033 28,900,544,681
대호피앤씨 021040 기타유동금융자산 0 0
대호피앤씨 021040 기타유동자산 0 0
대호피앤씨 021040 매각예정비유동자산 0 0
대호피앤씨 021040 비유동자산 68,690,049,399 68,545,708,820
대호피앤씨 021040 장기금융상품 130,900,000 115,900,000
대호피앤씨 021040 기타포괄손익-공정가치 0 0
대호피앤씨 021040 당기손익인식공정가치측정금융자산 0 0
대호피앤씨 021040 종속회사투자 0 0
대호피앤씨 021040 관계회사투자 0 0
대호피앤씨 021040 렌탈자산 0 0
대호피앤씨 021040 유형자산 49,556,642,043 48,845,438,999
대호피앤씨 021040 무형자산 1,287,870,210 1,287,870,210
대호피앤씨 021040 기타비유동금융자산 281,801,520 182,135,840
대호피앤씨 021040 기타비유동자산 0 0
대호피앤씨 021040 사용권자산 0 0
대호피앤씨 021040 이연법인세자산 0 0
대호피앤씨 021040 자산총계 160,569,427,602 151,074,016,741
대호피앤씨 021040 유동부채 71,109,327,741 72,946,055,340
대호피앤씨 021040 단기매입채무 18,883,308,948 18,585,019,063
대호피앤씨 021040 단기차입금 42,819,565,584 45,885,469,571
대호피앤씨 021040 유동성장기차입금 4,097,800,000 3,097,800,000
대호피앤씨 021040 유동성사채 0 0
대호피앤씨 021040 기타유동금융부채 0 0
대호피앤씨 021040 기타유동부채 0 0
대호피앤씨 021040 당기법인세부채 0 0
대호피앤씨 021040 유동리스부채 0 0
대호피앤씨 021040 비유동부채 17,474,687,899 9,078,910,443
대호피앤씨 021040 사채 0 0
대호피앤씨 021040 장기차입금 12,118,000,000 3,348,900,000
대호피앤씨 021040 기타비유동금융부채 0 0
대호피앤씨 021040 이연법인세부채 2,122,988,870 1,868,429,113
대호피앤씨 021040 비유동리스부채 0 0
대호피앤씨 021040 부채총계 88,584,015,640 82,024,965,783
대호피앤씨 021040 자본금 38,677,646,000 38,677,646,000
대호피앤씨 021040 자본잉여금 26,776,758,194 26,776,758,194
대호피앤씨 021040 자본조정 0 0
대호피앤씨 021040 기타포괄손익누계액 9,113,253,932 9,056,966,965
대호피앤씨 021040 이익잉여금(결손금) -1,191,018,196 -4,071,092,233
대호피앤씨 021040 자본총계 71,985,411,962 69,049,050,958
대호피앤씨 021040 자본과부채총계 160,569,427,602 151,074,016,741
date : 2018-09-30
대호피앤씨 021040 유동자산 90,082,302,149 82,528,307,921
대호피앤씨 021040 현금및현금성자산 2,892,738,943 1,656,962,405
대호피앤씨 021040 매출채권 56,861,158,570 51,554,504,025
대호피앤씨 021040 재고자산 29,548,043,804 28,900,544,681
대호피앤씨 021040 기타유동금융자산 0 0
대호피앤씨 021040 기타유동자산 0 0
대호피앤씨 021040 매각예정비유동자산 0 0
대호피앤씨 021040 비유동자산 70,745,383,389 68,545,708,820
대호피앤씨 021040 장기금융상품 133,900,000 115,900,000
대호피앤씨 021040 기타포괄손익-공정가치 0 0
대호피앤씨 021040 당기손익인식공정가치측정금융자산 0 0
대호피앤씨 021040 종속회사투자 0 0
대호피앤씨 021040 관계회사투자 0 0
대호피앤씨 021040 렌탈자산 0 0
대호피앤씨 021040 유형자산 51,984,585,898 48,845,438,999
대호피앤씨 021040 무형자산 1,287,870,210 1,287,870,210
대호피앤씨 021040 기타비유동금융자산 318,901,440 182,135,840
대호피앤씨 021040 기타비유동자산 0 0
대호피앤씨 021040 사용권자산 0 0
대호피앤씨 021040 이연법인세자산 0 0
대호피앤씨 021040 자산총계 160,827,685,538 151,074,016,741
대호피앤씨 021040 유동부채 57,630,875,334 72,946,055,340
대호피앤씨 021040 단기매입채무 18,350,031,457 18,585,019,063
대호피앤씨 021040 단기차입금 29,473,725,706 45,885,469,571
대호피앤씨 021040 유동성장기차입금 4,923,350,000 3,097,800,000
대호피앤씨 021040 유동성사채 0 0
대호피앤씨 021040 기타유동금융부채 0 0
대호피앤씨 021040 기타유동부채 0 0
대호피앤씨 021040 당기법인세부채 0 0
대호피앤씨 021040 유동리스부채 0 0
대호피앤씨 021040 비유동부채 31,142,209,531 9,078,910,443
대호피앤씨 021040 사채 0 0
대호피앤씨 021040 장기차입금 11,041,000,000 3,348,900,000
대호피앤씨 021040 기타비유동금융부채 0 0
대호피앤씨 021040 이연법인세부채 2,122,988,870 1,868,429,113
대호피앤씨 021040 비유동리스부채 0 0
대호피앤씨 021040 부채총계 88,773,084,865 82,024,965,783
대호피앤씨 021040 자본금 38,677,646,000 38,677,646,000
대호피앤씨 021040 자본잉여금 26,776,758,194 26,776,758,194
대호피앤씨 021040 자본조정 0 0
대호피앤씨 021040 기타포괄손익누계액 9,113,253,932 9,056,966,965
대호피앤씨 021040 이익잉여금(결손금) -1,121,829,485 -4,071,092,233
대호피앤씨 021040 자본총계 72,054,600,673 69,049,050,958
대호피앤씨 021040 자본과부채총계 160,827,685,538 151,074,016,741
date : 2018-12-31
대호피앤씨 021040 유동자산 86,859,640,092 82,528,307,921
대호피앤씨 021040 현금및현금성자산 5,014,006 1,656,962,405
대호피앤씨 021040 매출채권 54,817,607,056 51,554,504,025
대호피앤씨 021040 재고자산 31,441,827,738 28,900,544,681
대호피앤씨 021040 기타유동금융자산 12,003,479 0
대호피앤씨 021040 기타유동자산 0 0
대호피앤씨 021040 매각예정비유동자산 0 0
대호피앤씨 021040 비유동자산 70,423,165,732 68,545,708,820
대호피앤씨 021040 장기금융상품 136,900,000 115,900,000
대호피앤씨 021040 기타포괄손익-공정가치 0 0
대호피앤씨 021040 당기손익인식공정가치측정금융자산 0 0
대호피앤씨 021040 종속회사투자 0 0
대호피앤씨 021040 관계회사투자 0 0
대호피앤씨 021040 렌탈자산 0 0
대호피앤씨 021040 유형자산 52,528,247,118 48,845,438,999
대호피앤씨 021040 무형자산 1,287,620,210 1,287,870,210
대호피앤씨 021040 기타비유동금융자산 292,457,880 182,135,840
대호피앤씨 021040 기타비유동자산 0 0
대호피앤씨 021040 사용권자산 0 0
대호피앤씨 021040 이연법인세자산 0 0
대호피앤씨 021040 자산총계 157,282,805,824 151,074,016,741
대호피앤씨 021040 유동부채 56,700,688,192 72,946,055,340
대호피앤씨 021040 단기매입채무 14,040,167,970 18,585,019,063
대호피앤씨 021040 단기차입금 30,173,278,702 45,885,469,571
대호피앤씨 021040 유동성장기차입금 5,748,900,000 3,097,800,000
대호피앤씨 021040 유동성사채 0 0
대호피앤씨 021040 기타유동금융부채 0 0
대호피앤씨 021040 기타유동부채 0 0
대호피앤씨 021040 당기법인세부채 0 0
대호피앤씨 021040 유동리스부채 0 0
대호피앤씨 021040 비유동부채 28,152,646,870 9,078,910,443
대호피앤씨 021040 사채 0 0
대호피앤씨 021040 장기차입금 9,441,000,000 3,348,900,000
대호피앤씨 021040 기타비유동금융부채 0 0
대호피앤씨 021040 이연법인세부채 2,798,612,309 1,868,429,113
대호피앤씨 021040 비유동리스부채 0 0
대호피앤씨 021040 부채총계 84,853,335,062 82,024,965,783
대호피앤씨 021040 자본금 38,677,646,000 38,677,646,000
대호피앤씨 021040 자본잉여금 28,543,379,162 26,689,694,936
대호피앤씨 021040 자본조정 0 0
대호피앤씨 021040 기타포괄손익누계액 9,113,053,303 9,056,966,965
대호피앤씨 021040 이익잉여금(결손금) -2,600,442,993 -4,071,092,233
대호피앤씨 021040 자본총계 72,429,470,762 69,049,050,958
대호피앤씨 021040 자본과부채총계 157,282,805,824 151,074,016,741
date : 2019-03-31
대호피앤씨 021040 유동자산 91,130,364,784 86,859,640,092
대호피앤씨 021040 현금및현금성자산 1,114,602,971 5,014,006
대호피앤씨 021040 매출채권 57,777,723,910 54,817,607,056
대호피앤씨 021040 재고자산 31,625,250,638 31,441,827,738
대호피앤씨 021040 기타유동금융자산 0 12,003,479
대호피앤씨 021040 기타유동자산 0 0
대호피앤씨 021040 매각예정비유동자산 0 0
대호피앤씨 021040 비유동자산 69,826,478,581 70,423,165,732
대호피앤씨 021040 장기금융상품 139,900,000 136,900,000
대호피앤씨 021040 기타포괄손익-공정가치 0 0
대호피앤씨 021040 당기손익인식공정가치측정금융자산 0 0
대호피앤씨 021040 종속회사투자 0 0
대호피앤씨 021040 관계회사투자 0 0
대호피앤씨 021040 렌탈자산 0 0
대호피앤씨 021040 유형자산 52,308,232,468 52,528,247,118
대호피앤씨 021040 무형자산 1,287,620,210 1,287,620,210
대호피앤씨 021040 기타비유동금융자산 326,005,680 292,457,880
대호피앤씨 021040 기타비유동자산 0 0
대호피앤씨 021040 사용권자산 0 0
대호피앤씨 021040 이연법인세자산 0 0
대호피앤씨 021040 자산총계 160,956,843,365 157,282,805,824
대호피앤씨 021040 유동부채 54,712,933,737 56,700,688,192
대호피앤씨 021040 단기매입채무 16,302,527,572 14,040,167,970
대호피앤씨 021040 단기차입금 26,911,820,135 30,173,278,702
대호피앤씨 021040 유동성장기차입금 6,374,450,000 5,748,900,000
대호피앤씨 021040 유동성사채 0 0
대호피앤씨 021040 기타유동금융부채 0 0
대호피앤씨 021040 기타유동부채 0 0
대호피앤씨 021040 당기법인세부채 0 0
대호피앤씨 021040 유동리스부채 0 0
대호피앤씨 021040 비유동부채 33,342,792,367 28,152,646,870
대호피앤씨 021040 사채 0 0
대호피앤씨 021040 장기차입금 14,541,000,000 9,441,000,000
대호피앤씨 021040 기타비유동금융부채 0 0
대호피앤씨 021040 이연법인세부채 2,700,161,132 2,798,612,309
대호피앤씨 021040 비유동리스부채 0 0
대호피앤씨 021040 부채총계 88,055,726,104 84,853,335,062
대호피앤씨 021040 자본금 38,677,646,000 38,677,646,000
대호피앤씨 021040 자본잉여금 28,543,379,162 28,543,379,162
대호피앤씨 021040 자본조정 0 0
대호피앤씨 021040 기타포괄손익누계액 9,144,880,862 9,113,053,303
대호피앤씨 021040 이익잉여금(결손금) -2,160,624,053 -2,600,442,993
대호피앤씨 021040 자본총계 72,901,117,261 72,429,470,762
대호피앤씨 021040 자본과부채총계 160,956,843,365 157,282,805,824
