date : 2019-03-31
한국큐빅 021650 유동자산 30,537,057,907 29,660,414,454
한국큐빅 021650 현금및현금성자산 12,212,158,907 15,409,783,373
한국큐빅 021650 매출채권 및 기타유동채권
한국큐빅 021650 재고자산 1,348,085,693 1,177,553,610
한국큐빅 021650 기타유동자산 613,820,444 244,364,737
한국큐빅 021650 비유동자산 48,679,868,353 48,034,176,555
한국큐빅 021650 기타포괄손익-공정가치 측정 지정
한국큐빅 021650 장기금융상품 44,400,000 44,400,000
한국큐빅 021650 유형자산 10,298,565,654 9,698,906,821
한국큐빅 021650 기타비유동자산 2,156,000 2,156,000
한국큐빅 021650 이연법인세자산 48,950,853 3,946,426
한국큐빅 021650 자산총계 79,216,926,260 77,694,591,009
한국큐빅 021650 유동부채 9,878,715,113 8,873,710,431
한국큐빅 021650 당기법인세부채 360,948,308 193,199,330
한국큐빅 021650 기타유동부채 1,280,179,682 400,514,949
한국큐빅 021650 비유동부채 308,299,492 163,690,698
한국큐빅 021650 부채총계 10,187,014,605 9,037,401,129
한국큐빅 021650 자본금 8,175,281,500 8,175,281,500
한국큐빅 021650 자본잉여금 19,452,005,815 19,452,005,815
한국큐빅 021650 이익잉여금(결손금) 41,548,002,985 41,175,281,210
한국큐빅 021650 자본총계 69,029,911,655 68,657,189,880
한국큐빅 021650 자본과부채총계 79,216,926,260 77,694,591,009
