date : 2019-03-31
포스코 022100 유동자산 324,104,050,798 329,776,360,595
포스코 022100 현금및현금성자산 58,898,966,586 48,504,514,542
포스코 022100 매출채권 144,459,586,477 190,171,541,481
포스코 022100 재고자산 114,221,997 830,751,997
포스코 022100 기타유동자산 18,544,837,561 14,633,893,459
포스코 022100 비유동자산 247,601,938,840 267,214,752,729
포스코 022100 유형자산 119,488,049,705 144,947,571,504
포스코 022100 무형자산 10,059,758,121 22,705,421,043
포스코 022100 이연법인세자산 55,802,316,128 56,544,659,594
포스코 022100 기타비유동자산 100,500,000 100,500,000
포스코 022100 자산총계 571,705,989,638 596,991,113,324
포스코 022100 유동부채 178,240,457,419 207,941,067,728
포스코 022100 당기법인세부채 823,210,255 0
포스코 022100 기타유동부채 15,647,682,050 20,297,497,081
포스코 022100 비유동부채 57,319,863,629 51,158,179,646
포스코 022100 장기차입금 76,603,000 76,603,000
포스코 022100 기타비유동금융부채 2,831,801,006 1,933,066,372
포스코 022100 부채총계 235,560,321,048 259,099,247,374
포스코 022100 자본금 76,017,364,500 76,017,364,500
포스코 022100 자본잉여금 223,345,574,157 223,345,574,157
포스코 022100 기타포괄손익누계액 -3,010,989,111 -3,010,989,111
포스코 022100 자본총계 336,145,668,590 337,891,865,950
포스코 022100 자본과부채총계 571,705,989,638 596,991,113,324
