date : 2015-12-31
한국종합기술 023350 유동자산 87,314,202,854 86,218,828,384
한국종합기술 023350 현금및현금성자산 17,557,307,752 16,638,367,069
한국종합기술 023350 매출채권 17,819,173,051 13,522,052,211
한국종합기술 023350 재고자산 0 0
한국종합기술 023350 기타유동금융자산 0 0
한국종합기술 023350 기타유동자산 4,471,642,815 3,833,536,641
한국종합기술 023350 매각예정비유동자산 0 0
한국종합기술 023350 비유동자산 138,332,889,866 139,390,536,319
한국종합기술 023350 장기금융상품 0 0
한국종합기술 023350 기타포괄손익-공정가치 0 0
한국종합기술 023350 당기손익인식공정가치측정금융자산 0 0
한국종합기술 023350 종속회사투자 0 0
한국종합기술 023350 관계회사투자 0 0
한국종합기술 023350 렌탈자산 0 0
한국종합기술 023350 유형자산 72,050,339,354 74,048,844,615
한국종합기술 023350 무형자산 3,392,499,696 3,464,020,206
한국종합기술 023350 기타비유동금융자산 0 0
한국종합기술 023350 기타비유동자산 0 0
한국종합기술 023350 사용권자산 0 0
한국종합기술 023350 이연법인세자산 0 0
한국종합기술 023350 자산총계 225,647,092,720 225,609,364,703
한국종합기술 023350 유동부채 57,221,353,147 55,239,837,371
한국종합기술 023350 단기매입채무 0 0
한국종합기술 023350 단기차입금 10,000,000,000 10,000,000,000
한국종합기술 023350 유동성장기차입금 3,000,000,000 750,000,000
한국종합기술 023350 유동성사채 0 0
한국종합기술 023350 기타유동금융부채 0 0
한국종합기술 023350 기타유동부채 0 0
한국종합기술 023350 당기법인세부채 0 0
한국종합기술 023350 유동리스부채 0 0
한국종합기술 023350 비유동부채 47,029,252,431 47,632,251,919
한국종합기술 023350 사채 0 0
한국종합기술 023350 장기차입금 26,250,000,000 29,250,000,000
한국종합기술 023350 기타비유동금융부채 0 0
한국종합기술 023350 이연법인세부채 4,522,603,003 6,233,294,327
한국종합기술 023350 비유동리스부채 0 0
한국종합기술 023350 부채총계 104,250,605,578 102,872,089,290
한국종합기술 023350 자본금 5,475,000,000 5,475,000,000
한국종합기술 023350 자본잉여금 0 0
한국종합기술 023350 자본조정 0 0
한국종합기술 023350 기타포괄손익누계액 0 0
한국종합기술 023350 이익잉여금(결손금) 0 0
한국종합기술 023350 자본총계 121,396,487,142 122,737,275,413
한국종합기술 023350 자본과부채총계 225,647,092,720 225,609,364,703
date : 2016-03-31
한국종합기술 023350 유동자산 93,565,442,626 87,314,202,854
한국종합기술 023350 현금및현금성자산 15,548,251,015 17,557,307,752
한국종합기술 023350 매출채권 19,695,984,027 17,819,173,051
한국종합기술 023350 재고자산 0 0
한국종합기술 023350 기타유동금융자산 0 0
한국종합기술 023350 기타유동자산 4,946,448,285 4,471,642,815
한국종합기술 023350 매각예정비유동자산 0 0
한국종합기술 023350 비유동자산 138,374,579,706 138,332,889,866
한국종합기술 023350 장기금융상품 0 0
한국종합기술 023350 기타포괄손익-공정가치 0 0
한국종합기술 023350 당기손익인식공정가치측정금융자산 0 0
한국종합기술 023350 종속회사투자 0 0
한국종합기술 023350 관계회사투자 0 0
한국종합기술 023350 렌탈자산 0 0
한국종합기술 023350 유형자산 71,646,904,141 72,050,339,354
한국종합기술 023350 무형자산 3,375,284,638 3,392,499,696
한국종합기술 023350 기타비유동금융자산 0 0
한국종합기술 023350 기타비유동자산 0 0
한국종합기술 023350 사용권자산 0 0
한국종합기술 023350 이연법인세자산 0 0
한국종합기술 023350 자산총계 231,940,022,332 225,647,092,720
한국종합기술 023350 유동부채 61,725,898,654 57,221,353,147
한국종합기술 023350 단기매입채무 0 0
한국종합기술 023350 단기차입금 10,000,000,000 10,000,000,000
한국종합기술 023350 유동성장기차입금 3,000,000,000 3,000,000,000
한국종합기술 023350 유동성사채 0 0
한국종합기술 023350 기타유동금융부채 0 0
한국종합기술 023350 기타유동부채 0 0
한국종합기술 023350 당기법인세부채 0 0
한국종합기술 023350 유동리스부채 0 0
한국종합기술 023350 비유동부채 48,375,564,393 47,029,252,431
한국종합기술 023350 사채 0 0
한국종합기술 023350 장기차입금 25,500,000,000 26,250,000,000
한국종합기술 023350 기타비유동금융부채 0 0
한국종합기술 023350 이연법인세부채 4,584,179,268 4,522,603,003
한국종합기술 023350 비유동리스부채 0 0
한국종합기술 023350 부채총계 110,101,463,047 104,250,605,578
한국종합기술 023350 자본금 5,475,000,000 5,475,000,000
한국종합기술 023350 자본잉여금 0 0
한국종합기술 023350 자본조정 0 0
한국종합기술 023350 기타포괄손익누계액 0 0
한국종합기술 023350 이익잉여금(결손금) 0 0
한국종합기술 023350 자본총계 121,838,559,285 121,396,487,142
한국종합기술 023350 자본과부채총계 231,940,022,332 225,647,092,720
date : 2016-06-30
한국종합기술 023350 유동자산 99,520,720,719 87,314,202,854
한국종합기술 023350 현금및현금성자산 20,506,200,973 17,557,307,752
한국종합기술 023350 매출채권 20,322,599,930 17,819,173,051
한국종합기술 023350 재고자산 0 0
한국종합기술 023350 기타유동금융자산 0 0
한국종합기술 023350 기타유동자산 4,388,552,046 4,471,642,815
한국종합기술 023350 매각예정비유동자산 0 0
한국종합기술 023350 비유동자산 137,687,652,819 138,332,889,866
한국종합기술 023350 장기금융상품 0 0
한국종합기술 023350 기타포괄손익-공정가치 0 0
한국종합기술 023350 당기손익인식공정가치측정금융자산 0 0
한국종합기술 023350 종속회사투자 0 0
한국종합기술 023350 관계회사투자 0 0
한국종합기술 023350 렌탈자산 0 0
한국종합기술 023350 유형자산 71,293,867,572 72,050,339,354
한국종합기술 023350 무형자산 3,358,218,473 3,392,499,696
한국종합기술 023350 기타비유동금융자산 0 0
한국종합기술 023350 기타비유동자산 0 0
한국종합기술 023350 사용권자산 0 0
한국종합기술 023350 이연법인세자산 0 0
한국종합기술 023350 자산총계 237,208,373,538 225,647,092,720
한국종합기술 023350 유동부채 64,532,171,926 57,221,353,147
한국종합기술 023350 단기매입채무 0 0
한국종합기술 023350 단기차입금 10,000,000,000 10,000,000,000
한국종합기술 023350 유동성장기차입금 3,000,000,000 3,000,000,000
한국종합기술 023350 유동성사채 0 0
한국종합기술 023350 기타유동금융부채 0 0
한국종합기술 023350 기타유동부채 0 0
한국종합기술 023350 당기법인세부채 0 0
한국종합기술 023350 유동리스부채 0 0
한국종합기술 023350 비유동부채 49,269,995,818 47,029,252,431
한국종합기술 023350 사채 0 0
한국종합기술 023350 장기차입금 24,750,000,000 26,250,000,000
한국종합기술 023350 기타비유동금융부채 0 0
한국종합기술 023350 이연법인세부채 4,664,650,106 4,522,603,003
한국종합기술 023350 비유동리스부채 0 0
한국종합기술 023350 부채총계 113,802,167,744 104,250,605,578
한국종합기술 023350 자본금 5,475,000,000 5,475,000,000
한국종합기술 023350 자본잉여금 0 0
한국종합기술 023350 자본조정 0 0
한국종합기술 023350 기타포괄손익누계액 0 0
한국종합기술 023350 이익잉여금(결손금) 0 0
한국종합기술 023350 자본총계 123,406,205,794 121,396,487,142
한국종합기술 023350 자본과부채총계 237,208,373,538 225,647,092,720
date : 2016-09-30
한국종합기술 023350 유동자산 87,139,557,892 87,314,202,854
한국종합기술 023350 현금및현금성자산 6,033,592,503 17,557,307,752
한국종합기술 023350 매출채권 15,308,811,955 17,819,173,051
한국종합기술 023350 재고자산 0 0
한국종합기술 023350 기타유동금융자산 0 0
한국종합기술 023350 기타유동자산 5,196,130,388 4,471,642,815
한국종합기술 023350 매각예정비유동자산 0 0
한국종합기술 023350 비유동자산 137,459,427,752 138,332,889,866
한국종합기술 023350 장기금융상품 0 0
한국종합기술 023350 기타포괄손익-공정가치 0 0
한국종합기술 023350 당기손익인식공정가치측정금융자산 0 0
한국종합기술 023350 종속회사투자 0 0
한국종합기술 023350 관계회사투자 0 0
한국종합기술 023350 렌탈자산 0 0
한국종합기술 023350 유형자산 71,218,463,925 72,050,339,354
한국종합기술 023350 무형자산 3,341,152,323 3,392,499,696
한국종합기술 023350 기타비유동금융자산 0 0
한국종합기술 023350 기타비유동자산 0 0
한국종합기술 023350 사용권자산 0 0
한국종합기술 023350 이연법인세자산 0 0
한국종합기술 023350 자산총계 224,598,985,644 225,647,092,720
한국종합기술 023350 유동부채 50,878,419,667 57,221,353,147
한국종합기술 023350 단기매입채무 0 0
한국종합기술 023350 단기차입금 10,000,000,000 10,000,000,000
한국종합기술 023350 유동성장기차입금 3,000,000,000 3,000,000,000
한국종합기술 023350 유동성사채 0 0
한국종합기술 023350 기타유동금융부채 0 0
한국종합기술 023350 기타유동부채 0 0
한국종합기술 023350 당기법인세부채 0 0
한국종합기술 023350 유동리스부채 0 0
한국종합기술 023350 비유동부채 50,081,630,889 47,029,252,431
한국종합기술 023350 사채 0 0
한국종합기술 023350 장기차입금 24,000,000,000 26,250,000,000
한국종합기술 023350 기타비유동금융부채 0 0
한국종합기술 023350 이연법인세부채 4,640,625,805 4,522,603,003
한국종합기술 023350 비유동리스부채 0 0
한국종합기술 023350 부채총계 100,960,050,556 104,250,605,578
한국종합기술 023350 자본금 5,475,000,000 5,475,000,000
한국종합기술 023350 자본잉여금 0 0
한국종합기술 023350 자본조정 0 0
한국종합기술 023350 기타포괄손익누계액 0 0
한국종합기술 023350 이익잉여금(결손금) 0 0
한국종합기술 023350 자본총계 123,638,935,088 121,396,487,142
한국종합기술 023350 자본과부채총계 224,598,985,644 225,647,092,720
date : 2016-12-31
한국종합기술 023350 유동자산 104,206,214,972 87,314,202,854
한국종합기술 023350 현금및현금성자산 12,410,914,241 17,557,307,752
한국종합기술 023350 매출채권 16,354,891,457 17,819,173,051
한국종합기술 023350 재고자산 0 0
한국종합기술 023350 기타유동금융자산 0 0
한국종합기술 023350 기타유동자산 19,867,721,558 4,471,642,815
한국종합기술 023350 매각예정비유동자산 0 0
한국종합기술 023350 비유동자산 138,237,621,956 138,332,889,866
한국종합기술 023350 장기금융상품 0 0
한국종합기술 023350 기타포괄손익-공정가치 0 0
한국종합기술 023350 당기손익인식공정가치측정금융자산 0 0
한국종합기술 023350 종속회사투자 0 0
한국종합기술 023350 관계회사투자 0 0
한국종합기술 023350 렌탈자산 0 0
한국종합기술 023350 유형자산 71,715,393,358 72,050,339,354
한국종합기술 023350 무형자산 3,324,752,550 3,392,499,696
한국종합기술 023350 기타비유동금융자산 0 0
한국종합기술 023350 기타비유동자산 0 0
한국종합기술 023350 사용권자산 0 0
한국종합기술 023350 이연법인세자산 0 0
한국종합기술 023350 자산총계 242,443,836,928 225,647,092,720
한국종합기술 023350 유동부채 73,439,396,702 57,221,353,147
한국종합기술 023350 단기매입채무 0 0
한국종합기술 023350 단기차입금 10,000,000,000 10,000,000,000
한국종합기술 023350 유동성장기차입금 3,000,000,000 3,000,000,000
한국종합기술 023350 유동성사채 0 0
한국종합기술 023350 기타유동금융부채 0 0
한국종합기술 023350 기타유동부채 0 0
한국종합기술 023350 당기법인세부채 0 0
한국종합기술 023350 유동리스부채 0 0
한국종합기술 023350 비유동부채 46,600,473,691 47,029,252,431
한국종합기술 023350 사채 0 0
한국종합기술 023350 장기차입금 23,250,000,000 26,250,000,000
한국종합기술 023350 기타비유동금융부채 0 0
한국종합기술 023350 이연법인세부채 4,364,105,982 4,522,603,003
한국종합기술 023350 비유동리스부채 0 0
한국종합기술 023350 부채총계 120,039,870,393 104,250,605,578
한국종합기술 023350 자본금 5,475,000,000 5,475,000,000
한국종합기술 023350 자본잉여금 0 0
한국종합기술 023350 자본조정 0 0
한국종합기술 023350 기타포괄손익누계액 0 0
한국종합기술 023350 이익잉여금(결손금) 0 0
한국종합기술 023350 자본총계 122,403,966,535 121,396,487,142
한국종합기술 023350 자본과부채총계 242,443,836,928 225,647,092,720
date : 2017-03-31
한국종합기술 023350 유동자산 89,967,391,913 104,206,214,972
한국종합기술 023350 현금및현금성자산 10,009,748,374 12,410,914,241
한국종합기술 023350 매출채권 13,363,041,518 16,354,891,457
한국종합기술 023350 재고자산 0 0
한국종합기술 023350 기타유동금융자산 0 0
한국종합기술 023350 기타유동자산 6,626,348,846 19,867,721,558
한국종합기술 023350 매각예정비유동자산 0 0
한국종합기술 023350 비유동자산 138,387,199,152 138,237,621,956
한국종합기술 023350 장기금융상품 0 0
한국종합기술 023350 기타포괄손익-공정가치 0 0
한국종합기술 023350 당기손익인식공정가치측정금융자산 0 0
한국종합기술 023350 종속회사투자 0 0
한국종합기술 023350 관계회사투자 0 0
한국종합기술 023350 렌탈자산 0 0
한국종합기술 023350 유형자산 71,721,272,303 71,715,393,358
한국종합기술 023350 무형자산 3,309,685,609 3,324,752,550
한국종합기술 023350 기타비유동금융자산 0 0
한국종합기술 023350 기타비유동자산 0 0
한국종합기술 023350 사용권자산 0 0
한국종합기술 023350 이연법인세자산 0 0
한국종합기술 023350 자산총계 228,354,591,065 242,443,836,928
한국종합기술 023350 유동부채 59,583,946,863 73,439,396,702
한국종합기술 023350 단기매입채무 0 0
한국종합기술 023350 단기차입금 10,000,000,000 10,000,000,000
한국종합기술 023350 유동성장기차입금 3,000,000,000 3,000,000,000
한국종합기술 023350 유동성사채 0 0
한국종합기술 023350 기타유동금융부채 0 0
한국종합기술 023350 기타유동부채 0 0
한국종합기술 023350 당기법인세부채 0 0
한국종합기술 023350 유동리스부채 0 0
한국종합기술 023350 비유동부채 47,076,176,374 46,600,473,691
한국종합기술 023350 사채 0 0
한국종합기술 023350 장기차입금 22,500,000,000 23,250,000,000
한국종합기술 023350 기타비유동금융부채 0 0
한국종합기술 023350 이연법인세부채 4,438,824,230 4,364,105,982
한국종합기술 023350 비유동리스부채 0 0
한국종합기술 023350 부채총계 106,660,123,237 120,039,870,393
한국종합기술 023350 자본금 5,475,000,000 5,475,000,000
한국종합기술 023350 자본잉여금 0 0
한국종합기술 023350 자본조정 0 0
한국종합기술 023350 기타포괄손익누계액 0 0
한국종합기술 023350 이익잉여금(결손금) 0 0
한국종합기술 023350 자본총계 121,694,467,828 122,403,966,535
한국종합기술 023350 자본과부채총계 228,354,591,065 242,443,836,928
date : 2017-06-30
한국종합기술 023350 유동자산 96,197,377,161 104,206,214,972
한국종합기술 023350 현금및현금성자산 11,040,215,598 12,410,914,241
한국종합기술 023350 매출채권 15,316,932,918 16,354,891,457
한국종합기술 023350 재고자산 0 0
한국종합기술 023350 기타유동금융자산 0 0
한국종합기술 023350 기타유동자산 8,489,129,128 19,867,721,558
한국종합기술 023350 매각예정비유동자산 0 0
한국종합기술 023350 비유동자산 137,839,231,992 138,237,621,956
한국종합기술 023350 장기금융상품 0 0
한국종합기술 023350 기타포괄손익-공정가치 0 0
한국종합기술 023350 당기손익인식공정가치측정금융자산 0 0
한국종합기술 023350 종속회사투자 0 0
한국종합기술 023350 관계회사투자 0 0
한국종합기술 023350 렌탈자산 0 0
한국종합기술 023350 유형자산 71,492,355,336 71,715,393,358
한국종합기술 023350 무형자산 3,294,618,644 3,324,752,550
한국종합기술 023350 기타비유동금융자산 0 0
한국종합기술 023350 기타비유동자산 0 0
한국종합기술 023350 사용권자산 0 0
한국종합기술 023350 이연법인세자산 0 0
한국종합기술 023350 자산총계 234,036,609,153 242,443,836,928
한국종합기술 023350 유동부채 64,362,078,294 73,439,396,702
한국종합기술 023350 단기매입채무 0 0
한국종합기술 023350 단기차입금 9,000,000,000 10,000,000,000
한국종합기술 023350 유동성장기차입금 3,000,000,000 3,000,000,000
한국종합기술 023350 유동성사채 0 0
한국종합기술 023350 기타유동금융부채 0 0
한국종합기술 023350 기타유동부채 0 0
한국종합기술 023350 당기법인세부채 0 0
한국종합기술 023350 유동리스부채 0 0
한국종합기술 023350 비유동부채 47,863,754,418 46,600,473,691
한국종합기술 023350 사채 0 0
한국종합기술 023350 장기차입금 21,750,000,000 23,250,000,000
한국종합기술 023350 기타비유동금융부채 0 0
한국종합기술 023350 이연법인세부채 4,571,451,538 4,364,105,982
한국종합기술 023350 비유동리스부채 0 0
한국종합기술 023350 부채총계 112,225,832,712 120,039,870,393
한국종합기술 023350 자본금 5,475,000,000 5,475,000,000
한국종합기술 023350 자본잉여금 0 0
한국종합기술 023350 자본조정 0 0
한국종합기술 023350 기타포괄손익누계액 0 0
한국종합기술 023350 이익잉여금(결손금) 0 0
한국종합기술 023350 자본총계 121,810,776,441 122,403,966,535
한국종합기술 023350 자본과부채총계 234,036,609,153 242,443,836,928
date : 2017-09-30
한국종합기술 023350 유동자산 94,023,513,752 104,206,214,972
한국종합기술 023350 현금및현금성자산 4,221,394,076 12,410,914,241
한국종합기술 023350 매출채권 16,084,807,722 16,354,891,457
한국종합기술 023350 재고자산 0 0
한국종합기술 023350 기타유동금융자산 0 0
한국종합기술 023350 기타유동자산 10,218,594,896 19,867,721,558
한국종합기술 023350 매각예정비유동자산 0 0
한국종합기술 023350 비유동자산 137,340,406,636 138,237,621,956
한국종합기술 023350 장기금융상품 2,500,000 2,500,000
한국종합기술 023350 기타포괄손익-공정가치 0 0
한국종합기술 023350 당기손익인식공정가치측정금융자산 0 0
한국종합기술 023350 종속회사투자 0 0
한국종합기술 023350 관계회사투자 0 0
한국종합기술 023350 렌탈자산 0 0
한국종합기술 023350 유형자산 71,210,917,243 71,715,393,358
한국종합기술 023350 무형자산 2,996,425,714 3,324,752,550
한국종합기술 023350 기타비유동금융자산 0 0
한국종합기술 023350 기타비유동자산 0 0
한국종합기술 023350 사용권자산 0 0
한국종합기술 023350 이연법인세자산 0 0
한국종합기술 023350 자산총계 231,363,920,388 242,443,836,928
한국종합기술 023350 유동부채 62,510,469,409 73,439,396,702
한국종합기술 023350 단기매입채무 0 0
한국종합기술 023350 단기차입금 19,000,000,000 10,000,000,000
한국종합기술 023350 유동성장기차입금 3,000,000,000 3,000,000,000
한국종합기술 023350 유동성사채 0 0
한국종합기술 023350 기타유동금융부채 0 0
한국종합기술 023350 기타유동부채 0 0
한국종합기술 023350 당기법인세부채 0 0
한국종합기술 023350 유동리스부채 0 0
한국종합기술 023350 비유동부채 48,206,917,333 46,600,473,691
한국종합기술 023350 사채 0 0
한국종합기술 023350 장기차입금 21,000,000,000 23,250,000,000
한국종합기술 023350 기타비유동금융부채 0 0
한국종합기술 023350 이연법인세부채 4,185,815,692 4,364,105,982
한국종합기술 023350 비유동리스부채 0 0
한국종합기술 023350 부채총계 110,717,386,742 120,039,870,393
한국종합기술 023350 자본금 5,475,000,000 5,475,000,000
한국종합기술 023350 자본잉여금 0 0
한국종합기술 023350 자본조정 0 0
한국종합기술 023350 기타포괄손익누계액 0 0
한국종합기술 023350 이익잉여금(결손금) 0 0
한국종합기술 023350 자본총계 120,646,533,646 122,403,966,535
한국종합기술 023350 자본과부채총계 231,363,920,388 242,443,836,928
date : 2017-12-31
한국종합기술 023350 유동자산 93,977,947,500 104,206,214,972
한국종합기술 023350 현금및현금성자산 7,661,998,807 12,410,914,241
한국종합기술 023350 매출채권 26,233,350,749 16,354,891,457
한국종합기술 023350 재고자산 0 0
한국종합기술 023350 기타유동금융자산 0 0
한국종합기술 023350 기타유동자산 10,367,528,553 19,867,721,558
한국종합기술 023350 매각예정비유동자산 0 0
한국종합기술 023350 비유동자산 136,820,743,192 138,237,621,956
한국종합기술 023350 장기금융상품 2,500,000 2,500,000
한국종합기술 023350 기타포괄손익-공정가치 0 0
한국종합기술 023350 당기손익인식공정가치측정금융자산 0 0
한국종합기술 023350 종속회사투자 0 0
한국종합기술 023350 관계회사투자 0 0
한국종합기술 023350 렌탈자산 0 0
한국종합기술 023350 유형자산 70,707,472,996 71,715,393,358
한국종합기술 023350 무형자산 2,984,516,387 3,324,752,550
한국종합기술 023350 기타비유동금융자산 0 0
한국종합기술 023350 기타비유동자산 0 0
한국종합기술 023350 사용권자산 0 0
한국종합기술 023350 이연법인세자산 0 0
한국종합기술 023350 자산총계 230,798,690,692 242,443,836,928
한국종합기술 023350 유동부채 76,077,411,069 73,439,396,702
한국종합기술 023350 단기매입채무 0 0
한국종합기술 023350 단기차입금 21,000,000,000 10,000,000,000
한국종합기술 023350 유동성장기차입금 3,000,000,000 3,000,000,000
한국종합기술 023350 유동성사채 0 0
한국종합기술 023350 기타유동금융부채 0 0
한국종합기술 023350 기타유동부채 0 0
한국종합기술 023350 당기법인세부채 0 0
한국종합기술 023350 유동리스부채 0 0
한국종합기술 023350 비유동부채 40,337,889,907 46,600,473,691
한국종합기술 023350 사채 0 0
한국종합기술 023350 장기차입금 20,250,000,000 23,250,000,000
한국종합기술 023350 기타비유동금융부채 0 0
한국종합기술 023350 이연법인세부채 2,755,353,241 4,364,105,982
한국종합기술 023350 비유동리스부채 0 0
한국종합기술 023350 부채총계 116,415,300,976 120,039,870,393
한국종합기술 023350 자본금 5,475,000,000 5,475,000,000
한국종합기술 023350 자본잉여금 0 0
한국종합기술 023350 자본조정 0 0
한국종합기술 023350 기타포괄손익누계액 0 0
한국종합기술 023350 이익잉여금(결손금) 0 0
한국종합기술 023350 자본총계 114,383,389,716 122,403,966,535
한국종합기술 023350 자본과부채총계 230,798,690,692 242,443,836,928
date : 2018-03-31
한국종합기술 023350 유동자산 95,533,057,518 93,977,947,500
한국종합기술 023350 현금및현금성자산 7,517,824,069 7,661,998,807
한국종합기술 023350 매출채권 22,941,929,988 26,233,350,749
한국종합기술 023350 재고자산 0 0
한국종합기술 023350 기타유동금융자산 0 0
한국종합기술 023350 기타유동자산 8,822,277,807 10,367,528,553
한국종합기술 023350 매각예정비유동자산 0 0
한국종합기술 023350 비유동자산 136,547,850,234 136,820,743,192
한국종합기술 023350 장기금융상품 2,500,000 2,500,000
한국종합기술 023350 기타포괄손익-공정가치 0 0
한국종합기술 023350 당기손익인식공정가치측정금융자산 0 0
한국종합기술 023350 종속회사투자 0 0
한국종합기술 023350 관계회사투자 0 0
한국종합기술 023350 렌탈자산 0 0
한국종합기술 023350 유형자산 70,305,647,567 70,707,472,996
한국종합기술 023350 무형자산 2,975,455,855 2,984,516,387
한국종합기술 023350 기타비유동금융자산 0 0
한국종합기술 023350 기타비유동자산 0 0
한국종합기술 023350 사용권자산 0 0
한국종합기술 023350 이연법인세자산 0 0
한국종합기술 023350 자산총계 232,080,907,752 230,798,690,692
한국종합기술 023350 유동부채 79,746,793,433 76,077,411,069
한국종합기술 023350 단기매입채무 0 0
한국종합기술 023350 단기차입금 21,000,000,000 21,000,000,000
한국종합기술 023350 유동성장기차입금 3,000,000,000 3,000,000,000
한국종합기술 023350 유동성사채 0 0
한국종합기술 023350 기타유동금융부채 0 0
한국종합기술 023350 기타유동부채 0 0
한국종합기술 023350 당기법인세부채 0 0
한국종합기술 023350 유동리스부채 0 0
한국종합기술 023350 비유동부채 40,436,307,305 40,337,889,907
한국종합기술 023350 사채 0 0
한국종합기술 023350 장기차입금 19,500,000,000 20,250,000,000
한국종합기술 023350 기타비유동금융부채 0 0
한국종합기술 023350 이연법인세부채 2,413,990,336 2,755,353,241
한국종합기술 023350 비유동리스부채 0 0
한국종합기술 023350 부채총계 120,183,100,738 116,415,300,976
한국종합기술 023350 자본금 5,475,000,000 5,475,000,000
한국종합기술 023350 자본잉여금 0 0
한국종합기술 023350 자본조정 0 0
한국종합기술 023350 기타포괄손익누계액 0 0
한국종합기술 023350 이익잉여금(결손금) 0 0
한국종합기술 023350 자본총계 111,897,807,014 114,383,389,716
한국종합기술 023350 자본과부채총계 232,080,907,752 230,798,690,692
date : 2018-06-30
한국종합기술 023350 유동자산 91,387,238,406 93,977,947,500
한국종합기술 023350 현금및현금성자산 20,144,379,734 7,661,998,807
한국종합기술 023350 매출채권 14,437,522,348 26,233,350,749
한국종합기술 023350 재고자산 0 0
한국종합기술 023350 기타유동금융자산 0 0
한국종합기술 023350 기타유동자산 7,991,966,107 10,367,528,553
한국종합기술 023350 매각예정비유동자산 0 0
한국종합기술 023350 비유동자산 136,415,041,596 136,820,743,192
한국종합기술 023350 장기금융상품 2,500,000 2,500,000
한국종합기술 023350 기타포괄손익-공정가치 0 0
한국종합기술 023350 당기손익인식공정가치측정금융자산 0 0
한국종합기술 023350 종속회사투자 0 0
한국종합기술 023350 관계회사투자 0 0
한국종합기술 023350 렌탈자산 0 0
한국종합기술 023350 유형자산 69,680,408,847 70,707,472,996
한국종합기술 023350 무형자산 3,442,334,752 2,984,516,387
한국종합기술 023350 기타비유동금융자산 0 0
한국종합기술 023350 기타비유동자산 0 0
한국종합기술 023350 사용권자산 0 0
한국종합기술 023350 이연법인세자산 0 0
한국종합기술 023350 자산총계 227,802,280,002 230,798,690,692
한국종합기술 023350 유동부채 86,333,179,202 76,077,411,069
한국종합기술 023350 단기매입채무 0 0
한국종합기술 023350 단기차입금 21,000,000,000 21,000,000,000
한국종합기술 023350 유동성장기차입금 3,000,000,000 3,000,000,000
한국종합기술 023350 유동성사채 0 0
한국종합기술 023350 기타유동금융부채 0 0
한국종합기술 023350 기타유동부채 0 0
한국종합기술 023350 당기법인세부채 0 0
한국종합기술 023350 유동리스부채 0 0
한국종합기술 023350 비유동부채 39,979,307,272 40,337,889,907
한국종합기술 023350 사채 0 0
한국종합기술 023350 장기차입금 18,750,000,000 20,250,000,000
한국종합기술 023350 기타비유동금융부채 0 0
한국종합기술 023350 이연법인세부채 1,452,196,205 2,755,353,241
한국종합기술 023350 비유동리스부채 0 0
한국종합기술 023350 부채총계 126,312,486,474 116,415,300,976
한국종합기술 023350 자본금 5,475,000,000 5,475,000,000
한국종합기술 023350 자본잉여금 0 0
한국종합기술 023350 자본조정 0 0
한국종합기술 023350 기타포괄손익누계액 0 0
한국종합기술 023350 이익잉여금(결손금) 0 0
한국종합기술 023350 자본총계 101,489,793,528 114,383,389,716
한국종합기술 023350 자본과부채총계 227,802,280,002 230,798,690,692
date : 2018-09-30
한국종합기술 023350 유동자산 93,327,649,070 93,977,947,500
한국종합기술 023350 현금및현금성자산 20,969,638,836 7,661,998,807
한국종합기술 023350 매출채권 7,159,136,359 26,233,350,749
한국종합기술 023350 재고자산 0 0
한국종합기술 023350 기타유동금융자산 0 0
한국종합기술 023350 기타유동자산 12,799,970,290 10,367,528,553
한국종합기술 023350 매각예정비유동자산 0 0
한국종합기술 023350 비유동자산 136,294,119,233 136,820,743,192
한국종합기술 023350 장기금융상품 2,500,000 2,500,000
한국종합기술 023350 기타포괄손익-공정가치 0 0
한국종합기술 023350 당기손익인식공정가치측정금융자산 0 0
한국종합기술 023350 종속회사투자 0 0
한국종합기술 023350 관계회사투자 0 0
한국종합기술 023350 렌탈자산 0 0
한국종합기술 023350 유형자산 69,281,152,652 70,707,472,996
한국종합기술 023350 무형자산 3,427,933,395 2,984,516,387
한국종합기술 023350 기타비유동금융자산 0 0
한국종합기술 023350 기타비유동자산 0 0
한국종합기술 023350 사용권자산 0 0
한국종합기술 023350 이연법인세자산 0 0
한국종합기술 023350 자산총계 229,621,768,303 230,798,690,692
한국종합기술 023350 유동부채 91,115,214,143 76,077,411,069
한국종합기술 023350 단기매입채무 0 0
한국종합기술 023350 단기차입금 39,000,000,000 21,000,000,000
한국종합기술 023350 유동성장기차입금 3,950,000,000 3,000,000,000
한국종합기술 023350 유동성사채 0 0
한국종합기술 023350 기타유동금융부채 0 0
한국종합기술 023350 기타유동부채 0 0
한국종합기술 023350 당기법인세부채 0 0
한국종합기술 023350 유동리스부채 0 0
한국종합기술 023350 비유동부채 39,121,600,115 40,337,889,907
한국종합기술 023350 사채 0 0
한국종합기술 023350 장기차입금 17,000,000,000 20,250,000,000
한국종합기술 023350 기타비유동금융부채 0 0
한국종합기술 023350 이연법인세부채 938,252,837 2,755,353,241
한국종합기술 023350 비유동리스부채 0 0
한국종합기술 023350 부채총계 130,236,814,258 116,415,300,976
한국종합기술 023350 자본금 5,475,000,000 5,475,000,000
한국종합기술 023350 자본잉여금 0 0
한국종합기술 023350 자본조정 0 0
한국종합기술 023350 기타포괄손익누계액 0 0
한국종합기술 023350 이익잉여금(결손금) 0 0
한국종합기술 023350 자본총계 99,384,954,045 114,383,389,716
한국종합기술 023350 자본과부채총계 229,621,768,303 230,798,690,692
date : 2018-12-31
한국종합기술 023350 유동자산 90,736,044,441 93,977,947,500
한국종합기술 023350 현금및현금성자산 16,529,124,192 7,661,998,807
한국종합기술 023350 매출채권 15,420,805,779 26,233,350,749
한국종합기술 023350 재고자산 0 0
한국종합기술 023350 기타유동금융자산 0 0
한국종합기술 023350 기타유동자산 11,618,294,232 10,367,528,553
한국종합기술 023350 매각예정비유동자산 0 0
한국종합기술 023350 비유동자산 137,172,075,738 136,820,743,192
한국종합기술 023350 장기금융상품 2,500,000 2,500,000
한국종합기술 023350 기타포괄손익-공정가치 0 0
한국종합기술 023350 당기손익인식공정가치측정금융자산 0 0
한국종합기술 023350 종속회사투자 0 0
한국종합기술 023350 관계회사투자 0 0
한국종합기술 023350 렌탈자산 0 0
한국종합기술 023350 유형자산 63,497,003,584 70,707,472,996
한국종합기술 023350 무형자산 3,420,699,130 2,984,516,387
한국종합기술 023350 기타비유동금융자산 0 0
한국종합기술 023350 기타비유동자산 0 0
한국종합기술 023350 사용권자산 0 0
한국종합기술 023350 이연법인세자산 0 0
한국종합기술 023350 자산총계 227,908,120,179 230,798,690,692
한국종합기술 023350 유동부채 92,004,659,638 76,077,411,069
한국종합기술 023350 단기매입채무 0 0
한국종합기술 023350 단기차입금 29,000,000,000 21,000,000,000
한국종합기술 023350 유동성장기차입금 3,800,000,000 3,000,000,000
한국종합기술 023350 유동성사채 0 0
한국종합기술 023350 기타유동금융부채 0 0
한국종합기술 023350 기타유동부채 0 0
한국종합기술 023350 당기법인세부채 0 0
한국종합기술 023350 유동리스부채 0 0
한국종합기술 023350 비유동부채 34,268,120,627 40,337,889,907
한국종합기술 023350 사채 0 0
한국종합기술 023350 장기차입금 19,043,000,000 20,250,000,000
한국종합기술 023350 기타비유동금융부채 0 0
한국종합기술 023350 이연법인세부채 281,517,128 2,755,353,241
한국종합기술 023350 비유동리스부채 0 0
한국종합기술 023350 부채총계 126,272,780,265 116,415,300,976
한국종합기술 023350 자본금 5,475,000,000 5,475,000,000
한국종합기술 023350 자본잉여금 0 0
한국종합기술 023350 자본조정 0 0
한국종합기술 023350 기타포괄손익누계액 0 0
한국종합기술 023350 이익잉여금(결손금) 0 0
한국종합기술 023350 자본총계 101,635,339,914 114,383,389,716
한국종합기술 023350 자본과부채총계 227,908,120,179 230,798,690,692
date : 2019-03-31
한국종합기술 023350 유동자산 87,968,218,556 90,736,044,441
한국종합기술 023350 현금및현금성자산 17,786,495,407 16,529,124,192
한국종합기술 023350 매출채권 7,404,399,167 15,420,805,779
한국종합기술 023350 재고자산 0 0
한국종합기술 023350 기타유동금융자산 0 0
한국종합기술 023350 기타유동자산 14,128,696,204 11,618,294,232
한국종합기술 023350 매각예정비유동자산 0 0
한국종합기술 023350 비유동자산 137,345,093,233 137,172,075,738
한국종합기술 023350 장기금융상품 2,500,000 2,500,000
한국종합기술 023350 기타포괄손익-공정가치 0 0
한국종합기술 023350 당기손익인식공정가치측정금융자산 0 0
한국종합기술 023350 종속회사투자 0 0
한국종합기술 023350 관계회사투자 0 0
한국종합기술 023350 렌탈자산 0 0
한국종합기술 023350 유형자산 63,285,895,042 63,497,003,584
한국종합기술 023350 무형자산 3,408,061,395 3,420,699,130
한국종합기술 023350 기타비유동금융자산 0 0
한국종합기술 023350 기타비유동자산 0 0
한국종합기술 023350 사용권자산 0 0
한국종합기술 023350 이연법인세자산 0 0
한국종합기술 023350 자산총계 225,313,311,789 227,908,120,179
한국종합기술 023350 유동부채 88,989,661,344 92,004,659,638
한국종합기술 023350 단기매입채무 0 0
한국종합기술 023350 단기차입금 29,000,000,000 29,000,000,000
한국종합기술 023350 유동성장기차입금 4,025,000,000 3,800,000,000
한국종합기술 023350 유동성사채 0 0
한국종합기술 023350 기타유동금융부채 0 0
한국종합기술 023350 기타유동부채 0 0
한국종합기술 023350 당기법인세부채 0 0
한국종합기술 023350 유동리스부채 0 0
한국종합기술 023350 비유동부채 33,711,123,043 34,268,120,627
한국종합기술 023350 사채 0 0
한국종합기술 023350 장기차입금 17,868,000,000 19,043,000,000
한국종합기술 023350 기타비유동금융부채 0 0
한국종합기술 023350 이연법인세부채 788,027,224 281,517,128
한국종합기술 023350 비유동리스부채 0 0
한국종합기술 023350 부채총계 122,700,784,387 126,272,780,265
한국종합기술 023350 자본금 5,475,000,000 5,475,000,000
한국종합기술 023350 자본잉여금 0 0
한국종합기술 023350 자본조정 0 0
한국종합기술 023350 기타포괄손익누계액 0 0
한국종합기술 023350 이익잉여금(결손금) 0 0
한국종합기술 023350 자본총계 102,612,527,402 101,635,339,914
한국종합기술 023350 자본과부채총계 225,313,311,789 227,908,120,179
