date : 2015-12-31
인테그레이티드에너지 023430 유동자산 1,568,703,339 31,042,113,578
인테그레이티드에너지 023430 현금및현금성자산 1,040,680,869 990,328,974
인테그레이티드에너지 023430 매출채권 및 기타채권
인테그레이티드에너지 023430 재고자산 181,255,479 177,908,981
인테그레이티드에너지 023430 기타유동금융자산 100,000,000 100,000,000
인테그레이티드에너지 023430 기타유동자산 43,610,299 29,112,236
인테그레이티드에너지 023430 매각예정비유동자산 0 0
인테그레이티드에너지 023430 비유동자산 60,508,623,253 46,371,289,919
인테그레이티드에너지 023430 장기금융상품 0 0
인테그레이티드에너지 023430 기타포괄손익-공정가치 0 0
인테그레이티드에너지 023430 당기손익인식공정가치측정금융자산 0 0
인테그레이티드에너지 023430 종속회사투자 0 0
인테그레이티드에너지 023430 관계회사투자 0 0
인테그레이티드에너지 023430 렌탈자산 0 0
인테그레이티드에너지 023430 유형자산 3,081,721,593 3,121,059,580
인테그레이티드에너지 023430 무형자산 644,544,288 1,798,523,116
인테그레이티드에너지 023430 기타비유동금융자산 36,130,355 17,279,735
인테그레이티드에너지 023430 기타비유동자산 0 0
인테그레이티드에너지 023430 사용권자산 0 0
인테그레이티드에너지 023430 이연법인세자산 0 0
인테그레이티드에너지 023430 자산총계 62,077,326,592 77,413,403,497
인테그레이티드에너지 023430 유동부채 3,372,590,788 35,152,774,474
인테그레이티드에너지 023430 단기매입채무 0 0
인테그레이티드에너지 023430 단기차입금 134,000,000 2,000,000,000
인테그레이티드에너지 023430 유동성장기차입금 0 0
인테그레이티드에너지 023430 유동성사채 0 0
인테그레이티드에너지 023430 기타유동금융부채 0 0
인테그레이티드에너지 023430 기타유동부채 2,979,531 1,260,231
인테그레이티드에너지 023430 당기법인세부채 0 0
인테그레이티드에너지 023430 유동리스부채 0 0
인테그레이티드에너지 023430 비유동부채 1,996,634,200 133,209,315
인테그레이티드에너지 023430 사채 0 0
인테그레이티드에너지 023430 장기차입금 1,800,000,000 0
인테그레이티드에너지 023430 기타비유동금융부채 0 0
인테그레이티드에너지 023430 이연법인세부채 0 0
인테그레이티드에너지 023430 비유동리스부채 0 0
인테그레이티드에너지 023430 부채총계 5,369,224,988 35,285,983,789
인테그레이티드에너지 023430 자본금 69,628,223,500 53,672,077,000
인테그레이티드에너지 023430 자본잉여금 21,579,434,285 17,129,859,718
인테그레이티드에너지 023430 자본조정 0 0
인테그레이티드에너지 023430 기타포괄손익누계액 0 0
인테그레이티드에너지 023430 이익잉여금(결손금) -36,953,484,174 -24,671,386,006
인테그레이티드에너지 023430 자본총계 56,708,101,604 42,127,419,708
인테그레이티드에너지 023430 자본과부채총계 62,077,326,592 77,413,403,497
date : 2016-03-31
아이이 023430 유동자산 1,165,109,118 1,568,703,339
아이이 023430 현금및현금성자산 695,361,763 1,040,680,869
아이이 023430 매출채권 및 기타채권
아이이 023430 재고자산 177,802,365 181,255,479
아이이 023430 기타유동금융자산 100,000,000 100,000,000
아이이 023430 기타유동자산 28,836,971 43,610,299
아이이 023430 매각예정비유동자산 0 0
아이이 023430 비유동자산 59,470,807,648 60,508,623,253
아이이 023430 장기금융상품 0 0
아이이 023430 기타포괄손익-공정가치 0 0
아이이 023430 당기손익인식공정가치측정금융자산 0 0
아이이 023430 종속회사투자 0 0
아이이 023430 관계회사투자 0 0
아이이 023430 렌탈자산 0 0
아이이 023430 유형자산 3,068,692,100 3,081,721,593
아이이 023430 무형자산 643,467,729 644,544,288
아이이 023430 기타비유동금융자산 40,843,010 36,130,355
아이이 023430 기타비유동자산 0 0
아이이 023430 사용권자산 0 0
아이이 023430 이연법인세자산 0 0
아이이 023430 자산총계 60,635,916,766 62,077,326,592
아이이 023430 유동부채 3,294,032,957 3,372,590,788
아이이 023430 단기매입채무 0 0
아이이 023430 단기차입금 116,000,000 134,000,000
아이이 023430 유동성장기차입금 0 0
아이이 023430 유동성사채 0 0
아이이 023430 기타유동금융부채 0 0
아이이 023430 기타유동부채 1,534,947 2,979,531
아이이 023430 당기법인세부채 0 0
아이이 023430 유동리스부채 0 0
아이이 023430 비유동부채 2,010,176,000 1,996,634,200
아이이 023430 사채 0 0
아이이 023430 장기차입금 1,800,000,000 1,800,000,000
아이이 023430 기타비유동금융부채 0 0
아이이 023430 이연법인세부채 0 0
아이이 023430 비유동리스부채 0 0
아이이 023430 부채총계 5,304,208,957 5,369,224,988
아이이 023430 자본금 69,628,223,500 69,628,223,500
아이이 023430 자본잉여금 21,579,434,285 21,579,434,285
아이이 023430 자본조정 0 0
아이이 023430 기타포괄손익누계액 0 0
아이이 023430 이익잉여금(결손금) -37,669,373,368 -36,953,484,174
아이이 023430 자본총계 55,331,707,809 56,708,101,604
아이이 023430 자본과부채총계 60,635,916,766 62,077,326,592
date : 2016-06-30
아이이 023430 유동자산 3,976,563,941 1,568,703,339
아이이 023430 현금및현금성자산 3,409,816,815 1,040,680,869
아이이 023430 매출채권 및 기타채권
아이이 023430 재고자산 171,313,139 181,255,479
아이이 023430 기타유동금융자산 100,000,000 100,000,000
아이이 023430 기타유동자산 0 0
아이이 023430 매각예정비유동자산 0 0
아이이 023430 비유동자산 59,753,636,264 60,508,623,253
아이이 023430 장기금융상품 0 0
아이이 023430 기타포괄손익-공정가치 0 0
아이이 023430 당기손익인식공정가치측정금융자산 0 0
아이이 023430 종속회사투자 0 0
아이이 023430 관계회사투자 0 0
아이이 023430 렌탈자산 0 0
아이이 023430 유형자산 3,049,432,216 3,081,721,593
아이이 023430 무형자산 642,391,182 644,544,288
아이이 023430 기타비유동금융자산 45,555,665 36,130,355
아이이 023430 기타비유동자산 0 0
아이이 023430 사용권자산 0 0
아이이 023430 이연법인세자산 0 0
아이이 023430 자산총계 63,730,200,205 62,077,326,592
아이이 023430 유동부채 3,545,625,994 3,372,590,788
아이이 023430 단기매입채무 0 0
아이이 023430 단기차입금 330,940,000 134,000,000
아이이 023430 유동성장기차입금 0 0
아이이 023430 유동성사채 0 0
아이이 023430 기타유동금융부채 0 0
아이이 023430 기타유동부채 3,908,451 2,979,531
아이이 023430 당기법인세부채 0 0
아이이 023430 유동리스부채 0 0
아이이 023430 비유동부채 4,811,328,288 1,996,634,200
아이이 023430 사채 0 0
아이이 023430 장기차입금 1,800,000,000 1,800,000,000
아이이 023430 기타비유동금융부채 68,434,086 0
아이이 023430 이연법인세부채 0 0
아이이 023430 비유동리스부채 0 0
아이이 023430 부채총계 8,356,954,282 5,369,224,988
아이이 023430 자본금 69,628,223,500 69,628,223,500
아이이 023430 자본잉여금 23,273,737,172 21,579,434,285
아이이 023430 자본조정 0 0
아이이 023430 기타포괄손익누계액 0 0
아이이 023430 이익잉여금(결손금) -38,961,194,829 -36,953,484,174
아이이 023430 자본총계 55,373,245,923 56,708,101,604
아이이 023430 자본과부채총계 63,730,200,205 62,077,326,592
date : 2016-09-30
아이이 023430 유동자산 1,631,336,274 1,568,703,339
아이이 023430 현금및현금성자산 1,016,134,841 1,040,680,869
아이이 023430 매출채권 및 기타채권
아이이 023430 재고자산 206,157,685 181,255,479
아이이 023430 기타유동금융자산 100,000,000 100,000,000
아이이 023430 기타유동자산 64,236,003 43,610,299
아이이 023430 매각예정비유동자산 0 0
아이이 023430 비유동자산 136,489,770,699 60,508,623,253
아이이 023430 장기금융상품 0 0
아이이 023430 기타포괄손익-공정가치 0 0
아이이 023430 당기손익인식공정가치측정금융자산 0 0
아이이 023430 종속회사투자 0 0
아이이 023430 관계회사투자 0 0
아이이 023430 렌탈자산 0 0
아이이 023430 유형자산 3,040,965,506 3,081,721,593
아이이 023430 무형자산 641,314,635 644,544,288
아이이 023430 기타비유동금융자산 50,268,320 36,130,355
아이이 023430 기타비유동자산 0 0
아이이 023430 사용권자산 0 0
아이이 023430 이연법인세자산 0 0
아이이 023430 자산총계 138,121,106,973 62,077,326,592
아이이 023430 유동부채 3,397,245,787 3,372,590,788
아이이 023430 단기매입채무 0 0
아이이 023430 단기차입금 299,260,000 134,000,000
아이이 023430 유동성장기차입금 0 0
아이이 023430 유동성사채 0 0
아이이 023430 기타유동금융부채 0 0
아이이 023430 기타유동부채 5,058,034 2,979,531
아이이 023430 당기법인세부채 0 0
아이이 023430 유동리스부채 0 0
아이이 023430 비유동부채 6,181,398,890 1,996,634,200
아이이 023430 사채 0 0
아이이 023430 장기차입금 2,238,520,000 1,800,000,000
아이이 023430 기타비유동금융부채 0 0
아이이 023430 이연법인세부채 0 0
아이이 023430 비유동리스부채 0 0
아이이 023430 부채총계 9,578,644,677 5,369,224,988
아이이 023430 자본금 140,184,474,500 69,628,223,500
아이이 023430 자본잉여금 43,396,381,172 21,579,434,285
아이이 023430 자본조정 0 0
아이이 023430 기타포괄손익누계액 0 0
아이이 023430 이익잉여금(결손금) -52,263,416,843 -36,953,484,174
아이이 023430 자본총계 128,542,462,296 56,708,101,604
아이이 023430 자본과부채총계 138,121,106,973 62,077,326,592
date : 2016-12-31
아이이 023430 유동자산 3,770,529,501 1,568,703,339
아이이 023430 현금및현금성자산 2,734,898,425 1,040,680,869
아이이 023430 매출채권 및 기타채권
아이이 023430 재고자산 159,699,018 181,255,479
아이이 023430 기타유동금융자산 100,000,000 100,000,000
아이이 023430 기타유동자산 98,114,586 43,610,299
아이이 023430 매각예정비유동자산 0 0
아이이 023430 비유동자산 27,678,719,066 60,508,623,253
아이이 023430 장기금융상품 0 0
아이이 023430 기타포괄손익-공정가치 0 0
아이이 023430 당기손익인식공정가치측정금융자산 0 0
아이이 023430 종속회사투자 0 0
아이이 023430 관계회사투자 0 0
아이이 023430 렌탈자산 0 0
아이이 023430 유형자산 3,036,078,577 3,081,721,593
아이이 023430 무형자산 128,263,735 644,544,288
아이이 023430 기타비유동금융자산 53,410,090 36,130,355
아이이 023430 기타비유동자산 0 0
아이이 023430 사용권자산 0 0
아이이 023430 이연법인세자산 0 0
아이이 023430 자산총계 31,449,248,567 62,077,326,592
아이이 023430 유동부채 6,867,166,327 3,372,590,788
아이이 023430 단기매입채무 0 0
아이이 023430 단기차입금 303,700,000 134,000,000
아이이 023430 유동성장기차입금 0 0
아이이 023430 유동성사채 0 0
아이이 023430 기타유동금융부채 0 0
아이이 023430 기타유동부채 44,310,828 2,979,531
아이이 023430 당기법인세부채 0 0
아이이 023430 유동리스부채 0 0
아이이 023430 비유동부채 15,275,314,628 1,996,634,200
아이이 023430 사채 0 0
아이이 023430 장기차입금 2,283,400,000 1,800,000,000
아이이 023430 기타비유동금융부채 0 0
아이이 023430 이연법인세부채 0 0
아이이 023430 비유동리스부채 0 0
아이이 023430 부채총계 22,142,480,955 5,369,224,988
아이이 023430 자본금 140,184,474,500 69,628,223,500
아이이 023430 자본잉여금 43,381,316,285 21,579,434,285
아이이 023430 자본조정 0 0
아이이 023430 기타포괄손익누계액 0 0
아이이 023430 이익잉여금(결손금) -178,349,597,974 -36,953,484,174
아이이 023430 자본총계 9,306,767,612 56,708,101,604
아이이 023430 자본과부채총계 31,449,248,567 62,077,326,592
date : 2017-03-31
아이이 023430 유동자산 6,519,318,111 3,770,529,501
아이이 023430 현금및현금성자산 2,873,515,938 2,734,898,425
아이이 023430 매출채권 및 기타채권
아이이 023430 재고자산 158,913,285 159,699,018
아이이 023430 기타유동금융자산 100,000,000 100,000,000
아이이 023430 기타유동자산 88,293,038 98,114,586
아이이 023430 매각예정비유동자산 0 0
아이이 023430 비유동자산 25,472,467,389 27,678,719,066
아이이 023430 장기금융상품 0 0
아이이 023430 기타포괄손익-공정가치 0 0
아이이 023430 당기손익인식공정가치측정금융자산 0 0
아이이 023430 종속회사투자 0 0
아이이 023430 관계회사투자 0 0
아이이 023430 렌탈자산 0 0
아이이 023430 유형자산 3,293,648,161 3,036,078,577
아이이 023430 무형자산 8,171,551,772 128,263,735
아이이 023430 기타비유동금융자산 53,410,090 27,678,719,066
아이이 023430 기타비유동자산 0 0
아이이 023430 사용권자산 0 0
아이이 023430 이연법인세자산 0 0
아이이 023430 자산총계 31,991,785,500 31,449,248,567
아이이 023430 유동부채 9,152,447,198 6,867,166,327
아이이 023430 단기매입채무 0 0
아이이 023430 단기차입금 267,220,000 303,700,000
아이이 023430 유동성장기차입금 0 0
아이이 023430 유동성사채 0 0
아이이 023430 기타유동금융부채 0 0
아이이 023430 기타유동부채 28,812,879 44,310,828
아이이 023430 당기법인세부채 0 0
아이이 023430 유동리스부채 0 0
아이이 023430 비유동부채 12,279,849,167 15,275,314,628
아이이 023430 사채 0 0
아이이 023430 장기차입금 2,246,440,000 2,283,400,000
아이이 023430 기타비유동금융부채 0 0
아이이 023430 이연법인세부채 0 2,283,400,000
아이이 023430 비유동리스부채 0 0
아이이 023430 부채총계 21,432,296,365 22,142,480,955
아이이 023430 자본금 145,356,823,500 140,184,474,500
아이이 023430 자본잉여금 45,311,638,768 43,381,316,285
아이이 023430 자본조정 0 0
아이이 023430 기타포괄손익누계액 0 0
아이이 023430 이익잉여금(결손금) -179,251,733,811 -178,349,597,974
아이이 023430 자본총계 10,559,489,135 9,306,767,612
아이이 023430 자본과부채총계 31,991,785,500 31,449,248,567
date : 2017-06-30
아이이 023430 유동자산 4,530,016,068 3,770,529,501
아이이 023430 현금및현금성자산 908,843,842 2,734,898,425
아이이 023430 매출채권 및 기타채권
아이이 023430 재고자산 178,434,126 159,699,018
아이이 023430 기타유동금융자산 100,000,000 100,000,000
아이이 023430 기타유동자산 56,844,427 98,114,586
아이이 023430 매각예정비유동자산 1,504,930,648 159,699,018
아이이 023430 비유동자산 26,633,732,004 27,678,719,066
아이이 023430 장기금융상품 0 0
아이이 023430 기타포괄손익-공정가치 0 0
아이이 023430 당기손익인식공정가치측정금융자산 0 0
아이이 023430 종속회사투자 0 0
아이이 023430 관계회사투자 0 0
아이이 023430 렌탈자산 0 0
아이이 023430 유형자산 3,275,964,073 3,036,078,577
아이이 023430 무형자산 127,279,621 128,263,735
아이이 023430 기타비유동금융자산 53,410,090 27,678,719,066
아이이 023430 기타비유동자산 0 0
아이이 023430 사용권자산 0 0
아이이 023430 이연법인세자산 0 0
아이이 023430 자산총계 31,163,748,072 31,449,248,567
아이이 023430 유동부채 10,696,924,230 6,867,166,327
아이이 023430 단기매입채무 0 0
아이이 023430 단기차입금 2,027,920,000 303,700,000
아이이 023430 유동성장기차입금 0 0
아이이 023430 유동성사채 0 0
아이이 023430 기타유동금융부채 0 0
아이이 023430 기타유동부채 18,345,020 44,310,828
아이이 023430 당기법인세부채 0 0
아이이 023430 유동리스부채 0 0
아이이 023430 비유동부채 8,285,259,966 15,275,314,628
아이이 023430 사채 0 0
아이이 023430 장기차입금 455,840,000 2,283,400,000
아이이 023430 기타비유동금융부채 0 0
아이이 023430 이연법인세부채 1,157,319,077 2,283,400,000
아이이 023430 비유동리스부채 0 0
아이이 023430 부채총계 18,982,184,196 22,142,480,955
아이이 023430 자본금 145,356,823,500 140,184,474,500
아이이 023430 자본잉여금 45,281,933,230 43,381,316,285
아이이 023430 자본조정 0 0
아이이 023430 기타포괄손익누계액 0 0
아이이 023430 이익잉여금(결손금) -177,791,852,779 -178,349,597,974
아이이 023430 자본총계 12,181,563,876 9,306,767,612
아이이 023430 자본과부채총계 31,163,748,072 31,449,248,567
date : 2017-09-30
아이이 023430 유동자산 2,644,461,837 3,770,529,501
아이이 023430 현금및현금성자산 555,858,735 2,734,898,425
아이이 023430 매출채권 및 기타유동채권
아이이 023430 재고자산 288,026,040 159,699,018
아이이 023430 기타유동금융자산 100,000,000 100,000,000
아이이 023430 기타유동자산 48,310,236 98,114,586
아이이 023430 매각예정비유동자산 0 0
아이이 023430 비유동자산 43,462,310,127 27,678,719,066
아이이 023430 장기금융상품 0 0
아이이 023430 기타포괄손익-공정가치 0 0
아이이 023430 당기손익인식공정가치측정금융자산 0 0
아이이 023430 종속회사투자 0 0
아이이 023430 관계회사투자 0 0
아이이 023430 렌탈자산 0 0
아이이 023430 유형자산 3,252,310,060 3,036,078,577
아이이 023430 무형자산 126,231,928 128,263,735
아이이 023430 기타비유동금융자산 13,762,514,514 53,410,090
아이이 023430 기타비유동자산 0 0
아이이 023430 사용권자산 0 0
아이이 023430 이연법인세자산 5,131,774 53,410,090
아이이 023430 자산총계 46,106,771,964 31,449,248,567
아이이 023430 유동부채 10,860,522,706 6,867,166,327
아이이 023430 단기매입채무 0 0
아이이 023430 단기차입금 2,029,340,000 303,700,000
아이이 023430 유동성장기차입금 0 0
아이이 023430 유동성사채 0 0
아이이 023430 기타유동금융부채 0 0
아이이 023430 기타유동부채 5,342,385 44,310,828
아이이 023430 당기법인세부채 0 0
아이이 023430 유동리스부채 0 0
아이이 023430 비유동부채 8,704,556,516 15,275,314,628
아이이 023430 사채 0 0
아이이 023430 장기차입금 458,680,000 2,283,400,000
아이이 023430 기타비유동금융부채 31,342,254 3,799,426,988
아이이 023430 이연법인세부채 1,157,319,077 3,799,426,988
아이이 023430 비유동리스부채 0 0
아이이 023430 부채총계 19,565,079,222 22,142,480,955
아이이 023430 자본금 145,356,823,500 140,184,474,500
아이이 023430 자본잉여금 59,296,744,287 43,381,316,285
아이이 023430 자본조정 0 0
아이이 023430 기타포괄손익누계액 0 0
아이이 023430 이익잉여금(결손금) -180,089,046,609 -178,349,597,974
아이이 023430 자본총계 26,541,692,742 9,306,767,612
아이이 023430 자본과부채총계 46,106,771,964 31,449,248,567
