date : 2019-03-31
삼보판지 023600 유동자산 42,426,022,015 57,167,706,669
삼보판지 023600 현금및현금성자산 5,966,961,988 13,671,511,564
삼보판지 023600 매출채권 및 기타유동채권
삼보판지 023600 기타유동자산 1,223,482,183 1,644,806,818
삼보판지 023600 재고자산 6,447,538,997 6,640,515,127
삼보판지 023600 비유동자산 259,194,658,797 241,590,191,986
삼보판지 023600 장기금융상품 7,500,000 7,500,000
삼보판지 023600 유형자산 153,885,960,023 136,263,201,614
삼보판지 023600 무형자산 22,973,000 23,073,000
삼보판지 023600 기타비유동자산 188,182,213 186,749,543
삼보판지 023600 자산총계 301,620,680,812 298,757,898,655
삼보판지 023600 유동부채 55,649,896,184 53,044,567,764
삼보판지 023600 단기차입금 20,841,537,104 20,740,733,351
삼보판지 023600 당기법인세부채 9,020,523,955 8,716,018,770
삼보판지 023600 유동성장기차입금 2,553,191,484 1,914,893,613
삼보판지 023600 기타유동부채 700,212,037 661,012,693
삼보판지 023600 비유동부채 33,992,782,566 34,439,817,121
삼보판지 023600 장기차입금 11,395,308,516 12,033,606,387
삼보판지 023600 이연법인세부채 20,911,250,469 21,515,579,595
삼보판지 023600 부채총계 89,642,678,750 87,484,384,885
삼보판지 023600 자본금 8,085,000,000 7,350,000,000
삼보판지 023600 기타포괄손익누계액 -6,278,691 -6,278,691
삼보판지 023600 이익잉여금(결손금) 204,258,795,914 204,289,307,622
삼보판지 023600 자본총계 211,978,002,062 211,273,513,770
삼보판지 023600 자본과부채총계 301,620,680,812 298,757,898,655
