date : 2019-03-31
플레이위드 023770 유동자산 5,538,017,393 6,419,420,524
플레이위드 023770 현금및현금성자산 182,869,428 189,694,891
플레이위드 023770 매출채권 및 기타유동채권
플레이위드 023770 기타유동금융자산 1,060,690,930 1,676,416,471
플레이위드 023770 비유동자산 73,754,205,462 72,871,707,325
플레이위드 023770 유형자산 599,976,833 250,699,219
플레이위드 023770 무형자산 2,380,157,444 1,353,683,953
플레이위드 023770 기타비유동금융자산 158,359,350 158,320,218
플레이위드 023770 자산총계 79,292,222,855 79,291,127,849
플레이위드 023770 유동부채 73,721,969,836 73,618,590,819
플레이위드 023770 기타유동금융부채 69,516,343,595 69,499,176,101
플레이위드 023770 비유동부채 1,720,311,216 1,438,075,600
플레이위드 023770 부채총계 75,442,281,052 75,056,666,419
플레이위드 023770 자본금 1,830,033,500 1,794,773,000
플레이위드 023770 자본잉여금 34,837,263,702 34,327,360,648
플레이위드 023770 이익잉여금(결손금) -32,858,046,473 -31,958,658,292
플레이위드 023770 자본총계 3,849,941,803 4,234,461,430
플레이위드 023770 자본과부채총계 79,292,222,855 79,291,127,849
