date : 2019-03-31
아트라스BX 023890 유동자산 339,044,158,630 335,804,889,029
아트라스BX 023890 현금및현금성자산 114,502,129,790 103,610,568,102
아트라스BX 023890 기타유동금융자산 20,812,180,000 15,000,000,000
아트라스BX 023890 매출채권 및 기타유동채권
아트라스BX 023890 재고자산 65,399,941,677 69,329,323,460
아트라스BX 023890 기타유동자산 6,512,703,643 5,416,520,237
아트라스BX 023890 비유동자산 153,320,384,641 151,812,703,142
아트라스BX 023890 기타비유동금융자산 1,039,623,138 1,085,846,470
아트라스BX 023890 유형자산 108,084,147,021 105,892,793,254
아트라스BX 023890 무형자산 4,163,099,842 4,464,517,059
아트라스BX 023890 이연법인세자산 2,207,529,816 1,841,747,749
아트라스BX 023890 자산총계 492,364,543,271 487,617,592,171
아트라스BX 023890 유동부채 157,475,334,554 168,491,641,235
아트라스BX 023890 단기차입금 70,837,452,969 80,815,858,829
아트라스BX 023890 당기법인세부채 11,325,370,305 11,149,137,929
아트라스BX 023890 기타유동부채 3,836,711,643 4,626,015,299
아트라스BX 023890 비유동부채 6,435,344,455 4,036,721,822
아트라스BX 023890 부채총계 163,910,679,009 172,528,363,057
아트라스BX 023890 자본금 9,150,000,000 9,150,000,000
아트라스BX 023890 자본잉여금 -239,498,859,960 -239,498,859,960
아트라스BX 023890 이익잉여금(결손금) 559,593,838,884 546,198,282,793
아트라스BX 023890 자본총계 328,453,864,262 315,089,229,114
아트라스BX 023890 자본과부채총계 492,364,543,271 487,617,592,171
