date : 2019-03-31
인팩 023810 유동자산 45,282,274,971 42,103,577,824
인팩 023810 현금및현금성자산 2,050,805,532 362,721,813
인팩 023810 매출채권 및 기타채권
인팩 023810 재고자산 9,105,183,518 6,428,609,625
인팩 023810 기타유동자산 1,074,252,077 401,769,305
인팩 023810 비유동자산 87,499,707,478 87,381,336,796
인팩 023810 장기금융상품 1,437,786,432 1,370,742,956
인팩 023810 유형자산 39,471,634,691 39,794,385,431
인팩 023810 무형자산 6,199,978,956 6,375,165,342
인팩 023810 이연법인세자산 2,661,674,463 2,582,082,187
인팩 023810 자산총계 132,781,982,449 129,484,914,620
인팩 023810 유동부채 37,971,195,718 35,483,939,411
인팩 023810 단기차입금 9,994,286,888 15,212,652,260
인팩 023810 당기법인세부채 80,262,998 0
인팩 023810 기타유동부채 196,739,422 88,908,410
인팩 023810 비유동부채 6,250,018,810 6,304,503,281
인팩 023810 부채총계 44,221,214,528 41,788,442,692
인팩 023810 자본금 5,000,000,000 5,000,000,000
인팩 023810 자본총계 88,560,767,921 87,696,471,928
