date : 2019-03-31
흥구석유 024060 유동자산 13,191,993,832 12,514,902,769
흥구석유 024060 현금및현금성자산 1,740,519,798 4,017,426,215
흥구석유 024060 기타유동금융자산 2,019,924,865 5,090,000
흥구석유 024060 매출채권 및 기타유동채권
흥구석유 024060 매출채권 5,234,226,664 4,997,854,602
흥구석유 024060 기타유동자산 266,761,221 886,455,451
흥구석유 024060 재고자산 2,926,637,135 1,486,004,880
흥구석유 024060 비유동자산 63,258,910,764 62,690,678,706
흥구석유 024060 장기금융상품 2,500,000 2,500,000
흥구석유 024060 기타비유동금융자산 417,100,743 415,226,220
흥구석유 024060 유형자산 34,269,885,706 37,699,907,972
흥구석유 024060 사용권자산 673,249,982 0
흥구석유 024060 무형자산 56,721,000 56,721,000
흥구석유 024060 자산총계 76,450,904,596 75,205,581,475
흥구석유 024060 유동부채 5,529,151,296 3,801,903,275
흥구석유 024060 단기매입채무 4,025,500 3,154,000
흥구석유 024060 유동리스부채 183,499,992 0
흥구석유 024060 당기법인세부채 423,517,781 297,770,340
흥구석유 024060 기타유동부채 1,236,026,083 1,161,316,844
흥구석유 024060 비유동부채 1,726,094,474 961,409,645
흥구석유 024060 비유동리스부채 489,749,990 0
흥구석유 024060 이연법인세부채 570,409,645 570,409,645
흥구석유 024060 부채총계 7,255,245,770 4,763,312,920
흥구석유 024060 자본금 1,500,000,000 1,500,000,000
흥구석유 024060 자본잉여금 35,533,638,555 35,533,638,555
흥구석유 024060 이익잉여금(결손금) 32,844,127,821 34,090,737,550
흥구석유 024060 자본총계 69,195,658,826 70,442,268,555
흥구석유 024060 자본과부채총계 76,450,904,596 75,205,581,475
