date : 2019-03-31
유성티엔에스 024800 유동자산 127,674,475,398 129,359,800,820
유성티엔에스 024800 현금및현금성자산 17,817,240,125 23,608,154,780
유성티엔에스 024800 매출채권 및 기타유동채권
유성티엔에스 024800 기타유동금융자산 55,863,533,519 55,969,310,318
유성티엔에스 024800 기타유동자산 3,476,131,241 3,456,141,525
유성티엔에스 024800 재고자산 1,233,518,680 1,361,345,340
유성티엔에스 024800 비유동자산 172,926,942,508 174,451,036,238
유성티엔에스 024800 유형자산 66,536,339,168 67,791,669,217
유성티엔에스 024800 무형자산 4,300,197,962 4,509,488,684
유성티엔에스 024800 기타비유동금융자산 13,955,835,723 13,913,235,723
유성티엔에스 024800 기타비유동자산 2,520,235,160 2,520,235,160
유성티엔에스 024800 자산총계 300,601,417,906 303,810,837,058
유성티엔에스 024800 유동부채 137,246,089,690 142,216,864,497
유성티엔에스 024800 기타유동금융부채 3,223,076,526 3,698,964,788
유성티엔에스 024800 기타유동부채 2,840,711,464 3,554,251,571
유성티엔에스 024800 당기법인세부채 47,310,300 0
유성티엔에스 024800 비유동부채 13,837,667,852 12,041,887,882
유성티엔에스 024800 기타비유동금융부채 1,419,583,954 1,514,498,758
유성티엔에스 024800 이연법인세부채 5,045,294,419 5,208,921,469
유성티엔에스 024800 부채총계 151,083,757,542 154,258,752,379
유성티엔에스 024800 자본금 13,606,790,000 13,606,790,000
유성티엔에스 024800 자본잉여금 51,034,513,394 51,034,513,394
유성티엔에스 024800 이익잉여금(결손금) 93,996,978,882 94,031,403,197
유성티엔에스 024800 자본총계 149,517,660,364 149,552,084,679
유성티엔에스 024800 자본과부채총계 300,601,417,906 303,810,837,058
