date : 2015-12-31
덕양산업 024900 유동자산 162,716,670,824 130,131,318,391
덕양산업 024900 현금및현금성자산 33,154,328,120 23,211,803,459
덕양산업 024900 매출채권 111,131,263,832 90,524,429,094
덕양산업 024900 재고자산 2,696,327,969 2,468,006,775
덕양산업 024900 기타유동금융자산 8,310,000 9,260,000
덕양산업 024900 기타유동자산 1,981,761,434 1,035,935,894
덕양산업 024900 매각예정비유동자산 0 0
덕양산업 024900 비유동자산 167,794,164,419 86,905,626,146
덕양산업 024900 장기금융상품 0 0
덕양산업 024900 기타포괄손익-공정가치 0 0
덕양산업 024900 당기손익인식공정가치측정금융자산 0 0
덕양산업 024900 종속회사투자 0 0
덕양산업 024900 관계회사투자 0 0
덕양산업 024900 렌탈자산 0 0
덕양산업 024900 유형자산 81,729,514,850 78,449,653,733
덕양산업 024900 무형자산 8,439,911,416 1,458,904,670
덕양산업 024900 기타비유동금융자산 90,313,609 60,109,079
덕양산업 024900 기타비유동자산 0 0
덕양산업 024900 사용권자산 0 0
덕양산업 024900 이연법인세자산 0 0
덕양산업 024900 자산총계 330,510,835,243 217,036,944,537
덕양산업 024900 유동부채 193,090,358,552 143,703,165,851
덕양산업 024900 단기매입채무 0 0
덕양산업 024900 단기차입금 4,400,000,000 3,043,129,651
덕양산업 024900 유동성장기차입금 0 0
덕양산업 024900 유동성사채 0 0
덕양산업 024900 기타유동금융부채 0 0
덕양산업 024900 기타유동부채 3,837,509,755 3,043,129,651
덕양산업 024900 당기법인세부채 0 1,485,509,761
덕양산업 024900 유동리스부채 0 0
덕양산업 024900 비유동부채 76,154,718,479 12,526,030,082
덕양산업 024900 사채 0 0
덕양산업 024900 장기차입금 59,600,000,000 2,689,305,226
덕양산업 024900 기타비유동금융부채 0 0
덕양산업 024900 이연법인세부채 2,883,995,234 2,689,305,226
덕양산업 024900 비유동리스부채 0 0
덕양산업 024900 부채총계 269,245,077,031 156,229,195,933
덕양산업 024900 자본금 16,282,490,000 16,282,490,000
덕양산업 024900 자본잉여금 0 0
덕양산업 024900 자본조정 0 0
덕양산업 024900 기타포괄손익누계액 0 0
덕양산업 024900 이익잉여금(결손금) 0 0
덕양산업 024900 자본총계 61,265,758,212 60,807,748,604
덕양산업 024900 자본과부채총계 330,510,835,243 217,036,944,537
date : 2016-03-31
덕양산업 024900 유동자산 145,285,934,463 162,716,670,824
덕양산업 024900 현금및현금성자산 21,701,608,105 33,154,328,120
덕양산업 024900 매출채권 106,933,328,124 111,131,263,832
덕양산업 024900 재고자산 2,421,458,431 2,696,327,969
덕양산업 024900 기타유동금융자산 3,285,000 8,310,000
덕양산업 024900 기타유동자산 4,028,775,570 1,981,761,434
덕양산업 024900 매각예정비유동자산 0 0
덕양산업 024900 비유동자산 167,753,963,682 167,794,164,419
덕양산업 024900 장기금융상품 0 0
덕양산업 024900 기타포괄손익-공정가치 0 0
덕양산업 024900 당기손익인식공정가치측정금융자산 0 0
덕양산업 024900 종속회사투자 0 0
덕양산업 024900 관계회사투자 0 0
덕양산업 024900 렌탈자산 0 0
덕양산업 024900 유형자산 81,044,375,581 81,729,514,850
덕양산업 024900 무형자산 8,703,224,801 8,439,911,416
덕양산업 024900 기타비유동금융자산 150,313,609 90,313,609
덕양산업 024900 기타비유동자산 0 0
덕양산업 024900 사용권자산 0 0
덕양산업 024900 이연법인세자산 0 0
덕양산업 024900 자산총계 313,039,898,145 330,510,835,243
덕양산업 024900 유동부채 180,084,421,046 193,090,358,552
덕양산업 024900 단기매입채무 0 0
덕양산업 024900 단기차입금 4,400,000,000 4,400,000,000
덕양산업 024900 유동성장기차입금 3,075,000,000 0
덕양산업 024900 유동성사채 0 0
덕양산업 024900 기타유동금융부채 0 0
덕양산업 024900 기타유동부채 3,392,589,594 3,837,509,755
덕양산업 024900 당기법인세부채 0 0
덕양산업 024900 유동리스부채 0 0
덕양산업 024900 비유동부채 73,702,558,663 76,154,718,479
덕양산업 024900 사채 0 0
덕양산업 024900 장기차입금 56,525,000,000 59,600,000,000
덕양산업 024900 기타비유동금융부채 0 0
덕양산업 024900 이연법인세부채 2,670,423,641 2,883,995,234
덕양산업 024900 비유동리스부채 0 0
덕양산업 024900 부채총계 253,786,979,709 269,245,077,031
덕양산업 024900 자본금 16,282,490,000 16,282,490,000
덕양산업 024900 자본잉여금 0 0
덕양산업 024900 자본조정 0 0
덕양산업 024900 기타포괄손익누계액 0 0
덕양산업 024900 이익잉여금(결손금) 0 0
덕양산업 024900 자본총계 59,252,918,436 61,265,758,212
덕양산업 024900 자본과부채총계 313,039,898,145 330,510,835,243
date : 2016-06-30
덕양산업 024900 유동자산 156,700,102,535 162,716,670,824
덕양산업 024900 현금및현금성자산 30,618,842,971 33,154,328,120
덕양산업 024900 매출채권 107,519,462,525 111,131,263,832
덕양산업 024900 재고자산 2,475,552,208 2,696,327,969
덕양산업 024900 기타유동금융자산 3,365,000 8,310,000
덕양산업 024900 기타유동자산 5,794,797,373 1,981,761,434
덕양산업 024900 매각예정비유동자산 0 0
덕양산업 024900 비유동자산 167,050,080,600 167,794,164,419
덕양산업 024900 장기금융상품 0 0
덕양산업 024900 기타포괄손익-공정가치 0 0
덕양산업 024900 당기손익인식공정가치측정금융자산 0 0
덕양산업 024900 종속회사투자 0 0
덕양산업 024900 관계회사투자 0 0
덕양산업 024900 렌탈자산 0 0
덕양산업 024900 유형자산 81,028,355,767 81,729,514,850
덕양산업 024900 무형자산 8,562,192,022 8,439,911,416
덕양산업 024900 기타비유동금융자산 241,383,609 90,313,609
덕양산업 024900 기타비유동자산 0 0
덕양산업 024900 사용권자산 0 0
덕양산업 024900 이연법인세자산 0 0
덕양산업 024900 자산총계 323,750,183,135 330,510,835,243
덕양산업 024900 유동부채 191,579,053,156 193,090,358,552
덕양산업 024900 단기매입채무 0 0
덕양산업 024900 단기차입금 4,400,000,000 4,400,000,000
덕양산업 024900 유동성장기차입금 4,612,500,000 0
덕양산업 024900 유동성사채 0 0
덕양산업 024900 기타유동금융부채 0 0
덕양산업 024900 기타유동부채 4,519,509,385 3,837,509,755
덕양산업 024900 당기법인세부채 167,482,785 0
덕양산업 024900 유동리스부채 0 0
덕양산업 024900 비유동부채 72,882,322,048 76,154,718,479
덕양산업 024900 사채 0 0
덕양산업 024900 장기차입금 54,987,500,000 59,600,000,000
덕양산업 024900 기타비유동금융부채 0 0
덕양산업 024900 이연법인세부채 2,282,477,698 2,883,995,234
덕양산업 024900 비유동리스부채 0 0
덕양산업 024900 부채총계 264,461,375,204 269,245,077,031
덕양산업 024900 자본금 16,282,490,000 16,282,490,000
덕양산업 024900 자본잉여금 0 0
덕양산업 024900 자본조정 0 0
덕양산업 024900 기타포괄손익누계액 0 0
덕양산업 024900 이익잉여금(결손금) 0 0
덕양산업 024900 자본총계 59,288,807,931 61,265,758,212
덕양산업 024900 자본과부채총계 323,750,183,135 330,510,835,243
date : 2016-09-30
덕양산업 024900 유동자산 100,263,506,622 162,716,670,824
덕양산업 024900 현금및현금성자산 22,015,692,698 33,154,328,120
덕양산업 024900 매출채권 58,836,726,136 111,131,263,832
덕양산업 024900 재고자산 2,814,201,517 2,696,327,969
덕양산업 024900 기타유동금융자산 9,960,000 8,310,000
덕양산업 024900 기타유동자산 8,137,930,893 1,981,761,434
덕양산업 024900 매각예정비유동자산 0 0
덕양산업 024900 비유동자산 157,715,588,925 167,794,164,419
덕양산업 024900 장기금융상품 0 0
덕양산업 024900 기타포괄손익-공정가치 0 0
덕양산업 024900 당기손익인식공정가치측정금융자산 0 0
덕양산업 024900 종속회사투자 0 0
덕양산업 024900 관계회사투자 0 0
덕양산업 024900 렌탈자산 0 0
덕양산업 024900 유형자산 80,156,285,726 81,729,514,850
덕양산업 024900 무형자산 9,232,740,873 8,439,911,416
덕양산업 024900 기타비유동금융자산 264,355,462 90,313,609
덕양산업 024900 기타비유동자산 0 0
덕양산업 024900 사용권자산 0 0
덕양산업 024900 이연법인세자산 0 0
덕양산업 024900 자산총계 257,979,095,547 330,510,835,243
덕양산업 024900 유동부채 139,496,918,056 193,090,358,552
덕양산업 024900 단기매입채무 0 0
덕양산업 024900 단기차입금 4,400,000,000 4,400,000,000
덕양산업 024900 유동성장기차입금 6,150,000,000 0
덕양산업 024900 유동성사채 0 0
덕양산업 024900 기타유동금융부채 0 0
덕양산업 024900 기타유동부채 3,680,240,679 3,837,509,755
덕양산업 024900 당기법인세부채 0 0
덕양산업 024900 유동리스부채 0 0
덕양산업 024900 비유동부채 71,396,205,293 76,154,718,479
덕양산업 024900 사채 0 0
덕양산업 024900 장기차입금 53,450,000,000 59,600,000,000
덕양산업 024900 기타비유동금융부채 0 0
덕양산업 024900 이연법인세부채 1,079,508,134 2,883,995,234
덕양산업 024900 비유동리스부채 0 0
덕양산업 024900 부채총계 210,893,123,349 269,245,077,031
덕양산업 024900 자본금 16,282,490,000 16,282,490,000
덕양산업 024900 자본잉여금 0 0
덕양산업 024900 자본조정 0 0
덕양산업 024900 기타포괄손익누계액 0 0
덕양산업 024900 이익잉여금(결손금) 0 0
덕양산업 024900 자본총계 47,085,972,198 61,265,758,212
덕양산업 024900 자본과부채총계 257,979,095,547 330,510,835,243
date : 2016-12-31
덕양산업 024900 유동자산 166,722,821,952 162,716,670,824
덕양산업 024900 현금및현금성자산 15,085,762,972 33,154,328,120
덕양산업 024900 매출채권 128,449,172,777 111,131,263,832
덕양산업 024900 재고자산 2,668,363,606 2,696,327,969
덕양산업 024900 기타유동금융자산 10,455,000 8,310,000
덕양산업 024900 기타유동자산 7,392,170,106 1,981,761,434
덕양산업 024900 매각예정비유동자산 0 0
덕양산업 024900 비유동자산 163,601,150,275 167,794,164,419
덕양산업 024900 장기금융상품 0 0
덕양산업 024900 기타포괄손익-공정가치 0 0
덕양산업 024900 당기손익인식공정가치측정금융자산 0 0
덕양산업 024900 종속회사투자 0 0
덕양산업 024900 관계회사투자 0 0
덕양산업 024900 렌탈자산 0 0
덕양산업 024900 유형자산 79,654,670,383 81,729,514,850
덕양산업 024900 무형자산 9,992,573,370 8,439,911,416
덕양산업 024900 기타비유동금융자산 300,773,301 90,313,609
덕양산업 024900 기타비유동자산 0 0
덕양산업 024900 사용권자산 0 0
덕양산업 024900 이연법인세자산 0 0
덕양산업 024900 자산총계 330,323,972,227 330,510,835,243
덕양산업 024900 유동부채 204,864,934,721 193,090,358,552
덕양산업 024900 단기매입채무 0 0
덕양산업 024900 단기차입금 4,300,000,000 4,400,000,000
덕양산업 024900 유동성장기차입금 6,150,000,000 0
덕양산업 024900 유동성사채 0 0
덕양산업 024900 기타유동금융부채 0 0
덕양산업 024900 기타유동부채 5,010,459,949 3,837,509,755
덕양산업 024900 당기법인세부채 57,051,478 0
덕양산업 024900 유동리스부채 0 0
덕양산업 024900 비유동부채 69,067,564,111 76,154,718,479
덕양산업 024900 사채 0 0
덕양산업 024900 장기차입금 51,912,500,000 59,600,000,000
덕양산업 024900 기타비유동금융부채 0 0
덕양산업 024900 이연법인세부채 368,938,420 2,883,995,234
덕양산업 024900 비유동리스부채 0 0
덕양산업 024900 부채총계 273,932,498,832 269,245,077,031
덕양산업 024900 자본금 16,282,490,000 16,282,490,000
덕양산업 024900 자본잉여금 0 0
덕양산업 024900 자본조정 0 0
덕양산업 024900 기타포괄손익누계액 0 0
덕양산업 024900 이익잉여금(결손금) 0 0
덕양산업 024900 자본총계 56,391,473,395 61,265,758,212
덕양산업 024900 자본과부채총계 330,323,972,227 330,510,835,243
date : 2017-03-31
덕양산업 024900 유동자산 155,031,824,783 166,722,821,952
덕양산업 024900 현금및현금성자산 24,249,321,744 15,085,762,972
덕양산업 024900 매출채권 102,138,192,553 128,449,172,777
덕양산업 024900 재고자산 2,584,431,112 2,668,363,606
덕양산업 024900 기타유동금융자산 10,945,000 10,455,000
덕양산업 024900 기타유동자산 9,526,835,382 7,392,170,106
덕양산업 024900 매각예정비유동자산 0 0
덕양산업 024900 비유동자산 161,244,426,133 163,601,150,275
덕양산업 024900 장기금융상품 0 0
덕양산업 024900 기타포괄손익-공정가치 0 0
덕양산업 024900 당기손익인식공정가치측정금융자산 0 0
덕양산업 024900 종속회사투자 0 0
덕양산업 024900 관계회사투자 0 0
덕양산업 024900 렌탈자산 0 0
덕양산업 024900 유형자산 79,770,587,824 79,654,670,383
덕양산업 024900 무형자산 10,603,212,428 9,992,573,370
덕양산업 024900 기타비유동금융자산 379,205,258 300,773,301
덕양산업 024900 기타비유동자산 0 0
덕양산업 024900 사용권자산 0 0
덕양산업 024900 이연법인세자산 569,383,894 0
덕양산업 024900 자산총계 316,276,250,916 330,323,972,227
덕양산업 024900 유동부채 197,531,061,168 204,864,934,721
덕양산업 024900 단기매입채무 0 0
덕양산업 024900 단기차입금 4,300,000,000 4,300,000,000
덕양산업 024900 유동성장기차입금 6,150,000,000 6,150,000,000
덕양산업 024900 유동성사채 0 0
덕양산업 024900 기타유동금융부채 0 0
덕양산업 024900 기타유동부채 3,362,621,057 5,010,459,949
덕양산업 024900 당기법인세부채 0 57,051,478
덕양산업 024900 유동리스부채 0 0
덕양산업 024900 비유동부채 68,955,228,583 69,067,564,111
덕양산업 024900 사채 0 0
덕양산업 024900 장기차입금 50,375,000,000 51,912,500,000
덕양산업 024900 기타비유동금융부채 0 0
덕양산업 024900 이연법인세부채 0 368,938,420
덕양산업 024900 비유동리스부채 0 0
덕양산업 024900 부채총계 266,486,289,751 273,932,498,832
덕양산업 024900 자본금 16,282,490,000 16,282,490,000
덕양산업 024900 자본잉여금 0 0
덕양산업 024900 자본조정 0 0
덕양산업 024900 기타포괄손익누계액 0 0
덕양산업 024900 이익잉여금(결손금) 0 0
덕양산업 024900 자본총계 49,789,961,165 56,391,473,395
덕양산업 024900 자본과부채총계 316,276,250,916 330,323,972,227
date : 2017-06-30
덕양산업 024900 유동자산 177,793,192,127 166,722,821,952
덕양산업 024900 현금및현금성자산 35,096,668,524 15,085,762,972
덕양산업 024900 매출채권 115,953,721,531 128,449,172,777
덕양산업 024900 재고자산 2,681,854,456 2,668,363,606
덕양산업 024900 기타유동금융자산 9,510,000 10,455,000
덕양산업 024900 기타유동자산 11,191,002,838 7,392,170,106
덕양산업 024900 매각예정비유동자산 0 0
덕양산업 024900 비유동자산 162,967,428,204 163,601,150,275
덕양산업 024900 장기금융상품 0 0
덕양산업 024900 기타포괄손익-공정가치 0 0
덕양산업 024900 당기손익인식공정가치측정금융자산 0 0
덕양산업 024900 종속회사투자 0 0
덕양산업 024900 관계회사투자 0 0
덕양산업 024900 렌탈자산 0 0
덕양산업 024900 유형자산 80,321,554,570 79,654,670,383
덕양산업 024900 무형자산 10,993,321,606 9,992,573,370
덕양산업 024900 기타비유동금융자산 438,873,668 300,773,301
덕양산업 024900 기타비유동자산 0 0
덕양산업 024900 사용권자산 0 0
덕양산업 024900 이연법인세자산 120,470,595 0
덕양산업 024900 자산총계 340,760,620,331 330,323,972,227
덕양산업 024900 유동부채 239,566,547,483 204,864,934,721
덕양산업 024900 단기매입채무 0 0
덕양산업 024900 단기차입금 3,300,000,000 4,300,000,000
덕양산업 024900 유동성장기차입금 26,150,000,000 6,150,000,000
덕양산업 024900 유동성사채 0 0
덕양산업 024900 기타유동금융부채 0 0
덕양산업 024900 기타유동부채 5,050,984,342 5,010,459,949
덕양산업 024900 당기법인세부채 0 57,051,478
덕양산업 024900 유동리스부채 0 0
덕양산업 024900 비유동부채 48,712,464,778 69,067,564,111
덕양산업 024900 사채 0 0
덕양산업 024900 장기차입금 28,837,500,000 51,912,500,000
덕양산업 024900 기타비유동금융부채 0 0
덕양산업 024900 이연법인세부채 0 368,938,420
덕양산업 024900 비유동리스부채 0 0
덕양산업 024900 부채총계 288,279,012,261 273,932,498,832
덕양산업 024900 자본금 16,282,490,000 16,282,490,000
덕양산업 024900 자본잉여금 0 0
덕양산업 024900 자본조정 0 0
덕양산업 024900 기타포괄손익누계액 0 0
덕양산업 024900 이익잉여금(결손금) 0 0
덕양산업 024900 자본총계 52,481,608,070 56,391,473,395
덕양산업 024900 자본과부채총계 340,760,620,331 330,323,972,227
date : 2017-09-30
덕양산업 024900 유동자산 186,596,907,246 166,722,821,952
덕양산업 024900 현금및현금성자산 25,126,578,140 15,085,762,972
덕양산업 024900 매출채권 123,629,109,908 128,449,172,777
덕양산업 024900 재고자산 2,931,806,927 2,668,363,606
덕양산업 024900 기타유동금융자산 6,295,000 10,455,000
덕양산업 024900 기타유동자산 10,326,746,493 7,392,170,106
덕양산업 024900 매각예정비유동자산 0 0
덕양산업 024900 비유동자산 160,247,760,604 163,601,150,275
덕양산업 024900 장기금융상품 0 0
덕양산업 024900 기타포괄손익-공정가치 0 0
덕양산업 024900 당기손익인식공정가치측정금융자산 0 0
덕양산업 024900 종속회사투자 0 0
덕양산업 024900 관계회사투자 0 0
덕양산업 024900 렌탈자산 0 0
덕양산업 024900 유형자산 80,635,884,399 79,654,670,383
덕양산업 024900 무형자산 11,625,402,197 9,992,573,370
덕양산업 024900 기타비유동금융자산 583,606,074 300,773,301
덕양산업 024900 기타비유동자산 0 0
덕양산업 024900 사용권자산 0 0
덕양산업 024900 이연법인세자산 0 0
덕양산업 024900 자산총계 346,844,667,850 330,323,972,227
덕양산업 024900 유동부채 262,826,199,357 204,864,934,721
덕양산업 024900 단기매입채무 0 0
덕양산업 024900 단기차입금 4,300,000,000 4,300,000,000
덕양산업 024900 유동성장기차입금 41,150,000,000 6,150,000,000
덕양산업 024900 유동성사채 0 0
덕양산업 024900 기타유동금융부채 0 0
덕양산업 024900 기타유동부채 10,301,139,690 5,010,459,949
덕양산업 024900 당기법인세부채 0 57,051,478
덕양산업 024900 유동리스부채 0 0
덕양산업 024900 비유동부채 33,655,886,201 69,067,564,111
덕양산업 024900 사채 0 0
덕양산업 024900 장기차입금 12,300,000,000 51,912,500,000
덕양산업 024900 기타비유동금융부채 0 0
덕양산업 024900 이연법인세부채 263,953,257 368,938,420
덕양산업 024900 비유동리스부채 0 0
덕양산업 024900 부채총계 296,482,085,558 273,932,498,832
덕양산업 024900 자본금 16,282,490,000 16,282,490,000
덕양산업 024900 자본잉여금 0 0
덕양산업 024900 자본조정 0 0
덕양산업 024900 기타포괄손익누계액 0 0
덕양산업 024900 이익잉여금(결손금) 2,150,002,615 7,799,040,912
덕양산업 024900 자본총계 50,362,582,292 56,391,473,395
덕양산업 024900 자본과부채총계 346,844,667,850 330,323,972,227
date : 2017-12-31
덕양산업 024900 유동자산 165,644,239,206 166,722,821,952
덕양산업 024900 현금및현금성자산 23,639,632,406 15,085,762,972
덕양산업 024900 매출채권 119,812,521,112 128,449,172,777
덕양산업 024900 재고자산 2,968,793,066 2,668,363,606
덕양산업 024900 기타유동금융자산 488,165,000 10,455,000
덕양산업 024900 기타유동자산 6,290,419,823 7,392,170,106
덕양산업 024900 매각예정비유동자산 0 0
덕양산업 024900 비유동자산 166,179,799,703 163,601,150,275
덕양산업 024900 장기금융상품 0 0
덕양산업 024900 기타포괄손익-공정가치 0 0
덕양산업 024900 당기손익인식공정가치측정금융자산 0 0
덕양산업 024900 종속회사투자 0 0
덕양산업 024900 관계회사투자 0 0
덕양산업 024900 렌탈자산 0 0
덕양산업 024900 유형자산 88,672,905,623 79,654,670,383
덕양산업 024900 무형자산 11,921,638,825 9,992,573,370
덕양산업 024900 기타비유동금융자산 33,858,447 300,773,301
덕양산업 024900 기타비유동자산 0 0
덕양산업 024900 사용권자산 0 0
덕양산업 024900 이연법인세자산 0 0
덕양산업 024900 자산총계 331,824,038,909 330,323,972,227
덕양산업 024900 유동부채 241,070,773,133 204,864,934,721
덕양산업 024900 단기매입채무 0 0
덕양산업 024900 단기차입금 4,300,000,000 4,400,000,000
덕양산업 024900 유동성장기차입금 41,150,000,000 6,150,000,000
덕양산업 024900 유동성사채 0 0
덕양산업 024900 기타유동금융부채 0 0
덕양산업 024900 기타유동부채 6,743,240,267 5,010,459,949
덕양산업 024900 당기법인세부채 196,265,936 57,051,478
덕양산업 024900 유동리스부채 0 0
덕양산업 024900 비유동부채 30,679,466,044 69,067,564,111
덕양산업 024900 사채 0 0
덕양산업 024900 장기차입금 10,762,500,000 51,912,500,000
덕양산업 024900 기타비유동금융부채 0 0
덕양산업 024900 이연법인세부채 1,387,128,218 368,938,420
덕양산업 024900 비유동리스부채 0 0
덕양산업 024900 부채총계 271,750,239,177 273,932,498,832
덕양산업 024900 자본금 16,282,490,000 16,282,490,000
덕양산업 024900 자본잉여금 0 0
덕양산업 024900 자본조정 0 0
덕양산업 024900 기타포괄손익누계액 0 0
덕양산업 024900 이익잉여금(결손금) 8,709,234,536 7,799,040,912
덕양산업 024900 자본총계 60,073,799,732 56,391,473,395
덕양산업 024900 자본과부채총계 331,824,038,909 330,323,972,227
date : 2018-03-31
덕양산업 024900 유동자산 181,906,953,363 165,644,239,206
덕양산업 024900 현금및현금성자산 8,761,800,454 23,639,632,406
덕양산업 024900 매출채권 153,496,295,764 119,812,521,112
덕양산업 024900 재고자산 3,250,941,963 2,968,793,066
덕양산업 024900 기타유동금융자산 487,785,000 488,165,000
덕양산업 024900 기타유동자산 7,645,434,431 6,290,419,823
덕양산업 024900 매각예정비유동자산 0 0
덕양산업 024900 비유동자산 166,243,737,312 166,179,799,703
덕양산업 024900 장기금융상품 0 0
덕양산업 024900 기타포괄손익-공정가치 0 0
덕양산업 024900 당기손익인식공정가치측정금융자산 0 0
덕양산업 024900 종속회사투자 0 0
덕양산업 024900 관계회사투자 0 0
덕양산업 024900 렌탈자산 0 0
덕양산업 024900 유형자산 87,452,038,763 88,672,905,623
덕양산업 024900 무형자산 12,013,759,426 11,921,638,825
덕양산업 024900 기타비유동금융자산 31,496,549 33,858,447
덕양산업 024900 기타비유동자산 0 0
덕양산업 024900 사용권자산 0 0
덕양산업 024900 이연법인세자산 0 0
덕양산업 024900 자산총계 348,150,690,675 331,824,038,909
덕양산업 024900 유동부채 254,046,151,691 241,070,773,133
덕양산업 024900 단기매입채무 0 0
덕양산업 024900 단기차입금 6,000,000,000 241,070,773,133
덕양산업 024900 유동성장기차입금 42,350,000,000 41,150,000,000
덕양산업 024900 유동성사채 0 0
덕양산업 024900 기타유동금융부채 0 0
덕양산업 024900 기타유동부채 6,202,322,269 6,743,240,267
덕양산업 024900 당기법인세부채 196,265,936 196,265,936
덕양산업 024900 유동리스부채 0 0
덕양산업 024900 비유동부채 31,772,382,846 30,679,466,044
덕양산업 024900 사채 0 0
덕양산업 024900 장기차입금 12,025,000,000 10,762,500,000
덕양산업 024900 기타비유동금융부채 0 0
덕양산업 024900 이연법인세부채 1,167,821,012 1,387,128,218
덕양산업 024900 비유동리스부채 0 0
덕양산업 024900 부채총계 285,818,534,537 271,750,239,177
덕양산업 024900 자본금 16,282,490,000 16,282,490,000
덕양산업 024900 자본잉여금 0 0
덕양산업 024900 자본조정 0 0
덕양산업 024900 기타포괄손익누계액 0 0
덕양산업 024900 이익잉여금(결손금) 8,778,886,886 8,709,234,536
덕양산업 024900 자본총계 62,332,156,138 60,073,799,732
덕양산업 024900 자본과부채총계 348,150,690,675 331,824,038,909
date : 2018-06-30
덕양산업 024900 유동자산 197,760,826,071 165,644,239,206
덕양산업 024900 현금및현금성자산 23,373,279,758 23,639,632,406
덕양산업 024900 매출채권 149,110,580,951 119,812,521,112
덕양산업 024900 재고자산 3,138,796,762 2,968,793,066
덕양산업 024900 기타유동금융자산 491,435,000 488,165,000
덕양산업 024900 기타유동자산 8,318,839,686 6,290,419,823
덕양산업 024900 매각예정비유동자산 0 0
덕양산업 024900 비유동자산 164,834,331,398 166,179,799,703
덕양산업 024900 장기금융상품 0 0
덕양산업 024900 기타포괄손익-공정가치 0 0
덕양산업 024900 당기손익인식공정가치측정금융자산 0 0
덕양산업 024900 종속회사투자 0 0
덕양산업 024900 관계회사투자 0 0
덕양산업 024900 렌탈자산 0 0
덕양산업 024900 유형자산 87,534,099,423 88,672,905,623
덕양산업 024900 무형자산 11,625,359,010 11,921,638,825
덕양산업 024900 기타비유동금융자산 115,222,219 33,858,447
덕양산업 024900 기타비유동자산 0 0
덕양산업 024900 사용권자산 0 0
덕양산업 024900 이연법인세자산 0 0
덕양산업 024900 자산총계 362,595,157,469 331,824,038,909
덕양산업 024900 유동부채 250,654,710,585 241,070,773,133
덕양산업 024900 단기매입채무 0 0
덕양산업 024900 단기차입금 0 0
덕양산업 024900 유동성장기차입금 22,750,000,000 41,150,000,000
덕양산업 024900 유동성사채 0 0
덕양산업 024900 기타유동금융부채 0 0
덕양산업 024900 기타유동부채 7,388,139,572 6,743,240,267
덕양산업 024900 당기법인세부채 0 196,265,936
덕양산업 024900 유동리스부채 0 0
덕양산업 024900 비유동부채 51,217,009,004 30,679,466,044
덕양산업 024900 사채 0 0
덕양산업 024900 장기차입금 30,087,500,000 10,762,500,000
덕양산업 024900 기타비유동금융부채 0 0
덕양산업 024900 이연법인세부채 825,590,659 1,387,128,218
덕양산업 024900 비유동리스부채 0 0
덕양산업 024900 부채총계 301,871,719,589 271,750,239,177
덕양산업 024900 자본금 16,282,490,000 16,282,490,000
덕양산업 024900 자본잉여금 0 0
덕양산업 024900 자본조정 0 0
덕양산업 024900 기타포괄손익누계액 0 0
덕양산업 024900 이익잉여금(결손금) 7,931,514,720 8,709,234,536
덕양산업 024900 자본총계 60,723,437,880 60,073,799,732
덕양산업 024900 자본과부채총계 362,595,157,469 331,824,038,909
date : 2018-09-30
덕양산업 024900 유동자산 203,732,137,532 165,644,239,206
덕양산업 024900 현금및현금성자산 26,514,368,888 23,639,632,406
덕양산업 024900 매출채권 153,336,203,435 119,812,521,112
덕양산업 024900 재고자산 2,859,959,285 2,968,793,066
덕양산업 024900 기타유동금융자산 489,625,000 488,165,000
덕양산업 024900 기타유동자산 7,237,388,324 6,290,419,823
덕양산업 024900 매각예정비유동자산 0 0
덕양산업 024900 비유동자산 163,898,752,181 166,179,799,703
덕양산업 024900 장기금융상품 0 0
덕양산업 024900 기타포괄손익-공정가치 0 0
덕양산업 024900 당기손익인식공정가치측정금융자산 0 0
덕양산업 024900 종속회사투자 0 0
덕양산업 024900 관계회사투자 0 0
덕양산업 024900 렌탈자산 0 0
덕양산업 024900 유형자산 87,128,127,247 88,672,905,623
덕양산업 024900 무형자산 11,401,381,284 11,921,638,825
덕양산업 024900 기타비유동금융자산 168,098,590 33,858,447
덕양산업 024900 기타비유동자산 0 0
덕양산업 024900 사용권자산 0 0
덕양산업 024900 이연법인세자산 0 0
덕양산업 024900 자산총계 367,630,889,713 331,824,038,909
덕양산업 024900 유동부채 237,882,076,439 241,070,773,133
덕양산업 024900 단기매입채무 0 0
덕양산업 024900 단기차입금 0 0
덕양산업 024900 유동성장기차입금 8,650,000,000 41,150,000,000
덕양산업 024900 유동성사채 0 0
덕양산업 024900 기타유동금융부채 0 0
덕양산업 024900 기타유동부채 9,551,775,096 6,743,240,267
덕양산업 024900 당기법인세부채 0 196,265,936
덕양산업 024900 유동리스부채 0 0
덕양산업 024900 비유동부채 71,414,517,527 30,679,466,044
덕양산업 024900 사채 0 0
덕양산업 024900 장기차입금 49,250,000,000 10,762,500,000
덕양산업 024900 기타비유동금융부채 0 0
덕양산업 024900 이연법인세부채 621,328,977 1,387,128,218
덕양산업 024900 비유동리스부채 0 0
덕양산업 024900 부채총계 309,296,593,966 271,750,239,177
덕양산업 024900 자본금 16,282,490,000 16,282,490,000
덕양산업 024900 자본잉여금 0 0
덕양산업 024900 자본조정 0 0
덕양산업 024900 기타포괄손익누계액 0 0
덕양산업 024900 이익잉여금(결손금) 6,079,650,841 8,709,234,536
덕양산업 024900 자본총계 58,334,295,747 60,073,799,732
덕양산업 024900 자본과부채총계 367,630,889,713 331,824,038,909
date : 2018-12-31
덕양산업 024900 유동자산 287,471,779,722 165,644,239,206
덕양산업 024900 현금및현금성자산 60,330,865,397 23,639,632,406
덕양산업 024900 매출채권 185,640,216,980 119,812,521,112
덕양산업 024900 재고자산 3,613,335,555 2,968,793,066
덕양산업 024900 기타유동금융자산 6,255,000 488,165,000
덕양산업 024900 기타유동자산 22,871,817,184 6,290,419,823
덕양산업 024900 매각예정비유동자산 0 0
덕양산업 024900 비유동자산 161,330,149,098 166,179,799,703
덕양산업 024900 장기금융상품 0 0
덕양산업 024900 기타포괄손익-공정가치 0 0
덕양산업 024900 당기손익인식공정가치측정금융자산 0 0
덕양산업 024900 종속회사투자 0 0
덕양산업 024900 관계회사투자 0 0
덕양산업 024900 렌탈자산 0 0
덕양산업 024900 유형자산 87,034,039,987 88,672,905,623
덕양산업 024900 무형자산 10,650,544,955 11,921,638,825
덕양산업 024900 기타비유동금융자산 225,989,242 33,858,447
덕양산업 024900 기타비유동자산 0 0
덕양산업 024900 사용권자산 0 0
덕양산업 024900 이연법인세자산 0 0
덕양산업 024900 자산총계 448,801,928,820 331,824,038,909
덕양산업 024900 유동부채 320,239,637,178 241,070,773,133
덕양산업 024900 단기매입채무 0 0
덕양산업 024900 단기차입금 0 0
덕양산업 024900 유동성장기차입금 8,950,000,000 41,150,000,000
덕양산업 024900 유동성사채 0 0
덕양산업 024900 기타유동금융부채 0 0
덕양산업 024900 기타유동부채 32,487,815,135 6,743,240,267
덕양산업 024900 당기법인세부채 1,648,736,136 196,265,936
덕양산업 024900 유동리스부채 0 0
덕양산업 024900 비유동부채 69,968,473,654 30,679,466,044
덕양산업 024900 사채 0 0
덕양산업 024900 장기차입금 47,012,500,000 10,762,500,000
덕양산업 024900 기타비유동금융부채 0 0
덕양산업 024900 이연법인세부채 263,565,228 1,387,128,218
덕양산업 024900 비유동리스부채 0 0
덕양산업 024900 부채총계 390,208,110,832 271,750,239,177
덕양산업 024900 자본금 16,282,490,000 16,282,490,000
덕양산업 024900 자본잉여금 0 0
덕양산업 024900 자본조정 0 0
덕양산업 024900 기타포괄손익누계액 0 0
덕양산업 024900 이익잉여금(결손금) 8,333,384,399 8,709,234,536
덕양산업 024900 자본총계 58,593,817,988 60,073,799,732
덕양산업 024900 자본과부채총계 448,801,928,820 331,824,038,909
date : 2019-03-31
덕양산업 024900 유동자산 217,188,992,490 287,471,779,722
덕양산업 024900 현금및현금성자산 37,787,541,687 60,330,865,397
덕양산업 024900 매출채권 141,783,866,858 185,640,216,980
덕양산업 024900 재고자산 3,276,951,774 3,613,335,555
덕양산업 024900 기타유동금융자산 5,220,000 6,255,000
덕양산업 024900 기타유동자산 22,840,841,904 22,871,817,184
덕양산업 024900 매각예정비유동자산 0 0
덕양산업 024900 비유동자산 161,556,980,957 161,330,149,098
덕양산업 024900 장기금융상품 0 0
덕양산업 024900 기타포괄손익-공정가치 0 0
덕양산업 024900 당기손익인식공정가치측정금융자산 0 0
덕양산업 024900 종속회사투자 0 0
덕양산업 024900 관계회사투자 0 0
덕양산업 024900 렌탈자산 0 0
덕양산업 024900 유형자산 86,205,452,386 87,034,039,987
덕양산업 024900 무형자산 10,560,491,684 10,650,544,955
덕양산업 024900 기타비유동금융자산 285,873,658 225,989,242
덕양산업 024900 기타비유동자산 0 0
덕양산업 024900 사용권자산 0 0
덕양산업 024900 이연법인세자산 0 0
덕양산업 024900 자산총계 378,745,973,447 448,801,928,820
덕양산업 024900 유동부채 251,639,628,930 320,239,637,178
덕양산업 024900 단기매입채무 0 0
덕양산업 024900 단기차입금 0 0
덕양산업 024900 유동성장기차입금 9,664,400,088 8,950,000,000
덕양산업 024900 유동성사채 0 0
덕양산업 024900 기타유동금융부채 0 0
덕양산업 024900 기타유동부채 29,351,951,887 32,487,815,135
덕양산업 024900 당기법인세부채 1,380,322,600 1,648,736,136
덕양산업 024900 유동리스부채 0 0
덕양산업 024900 비유동부채 67,485,348,176 69,968,473,654
덕양산업 024900 사채 0 0
덕양산업 024900 장기차입금 46,353,559,018 47,012,500,000
덕양산업 024900 기타비유동금융부채 0 0
덕양산업 024900 이연법인세부채 8,883,202 263,565,228
덕양산업 024900 비유동리스부채 0 0
덕양산업 024900 부채총계 319,124,977,106 390,208,110,832
덕양산업 024900 자본금 16,282,490,000 16,282,490,000
덕양산업 024900 자본잉여금 0 0
덕양산업 024900 자본조정 0 0
덕양산업 024900 기타포괄손익누계액 0 0
덕양산업 024900 이익잉여금(결손금) 7,022,963,174 8,333,384,399
덕양산업 024900 자본총계 59,620,996,341 58,593,817,988
덕양산업 024900 자본과부채총계 378,745,973,447 448,801,928,820
