date : 2015-12-31
삼천리자전거 024950 유동자산 30,725,062,440 40,993,357,583
삼천리자전거 024950 현금및현금성자산 516,098,581 11,750,909,998
삼천리자전거 024950 매출채권 및 기타유동채권
삼천리자전거 024950 재고자산 9,543,827,476 11,221,249,267
삼천리자전거 024950 기타유동금융자산 0 0
삼천리자전거 024950 기타유동자산 0 0
삼천리자전거 024950 매각예정비유동자산 0 0
삼천리자전거 024950 비유동자산 98,642,637,886 77,766,408,053
삼천리자전거 024950 장기금융상품 0 0
삼천리자전거 024950 기타포괄손익-공정가치 0 0
삼천리자전거 024950 당기손익인식공정가치측정금융자산 0 0
삼천리자전거 024950 종속회사투자 0 0
삼천리자전거 024950 관계회사투자 0 0
삼천리자전거 024950 렌탈자산 0 0
삼천리자전거 024950 유형자산 39,971,590,872 42,169,744,250
삼천리자전거 024950 무형자산 1,840,424,756 2,318,510,640
삼천리자전거 024950 기타비유동금융자산 0 0
삼천리자전거 024950 기타비유동자산 0 0
삼천리자전거 024950 사용권자산 0 0
삼천리자전거 024950 이연법인세자산 57,295,433 157,037,592
삼천리자전거 024950 자산총계 129,367,700,326 118,759,765,636
삼천리자전거 024950 유동부채 27,687,516,814 25,405,718,338
삼천리자전거 024950 단기매입채무 0 0
삼천리자전거 024950 단기차입금 0 0
삼천리자전거 024950 유동성장기차입금 0 0
삼천리자전거 024950 유동성사채 0 0
삼천리자전거 024950 기타유동금융부채 23,299,890,444 22,106,064,250
삼천리자전거 024950 기타유동부채 0 0
삼천리자전거 024950 당기법인세부채 1,838,375,380 1,968,343,270
삼천리자전거 024950 유동리스부채 0 0
삼천리자전거 024950 비유동부채 2,957,941,111 2,348,834,922
삼천리자전거 024950 사채 0 0
삼천리자전거 024950 장기차입금 0 0
삼천리자전거 024950 기타비유동금융부채 1,766,000,000 1,332,000,000
삼천리자전거 024950 이연법인세부채 15,083,145 2,348,834,922
삼천리자전거 024950 비유동리스부채 0 0
삼천리자전거 024950 부채총계 30,645,457,925 27,754,553,260
삼천리자전거 024950 자본금 6,636,788,500 6,636,788,500
삼천리자전거 024950 자본잉여금 53,030,838,542 53,030,838,542
삼천리자전거 024950 자본조정 0 0
삼천리자전거 024950 기타포괄손익누계액 -330,883,480 -16,640,559
삼천리자전거 024950 이익잉여금(결손금) 0 0
삼천리자전거 024950 자본총계 98,722,242,401 91,005,212,376
삼천리자전거 024950 자본과부채총계 129,367,700,326 118,759,765,636
date : 2016-03-31
삼천리자전거 024950 유동자산 52,759,381,415 30,725,062,440
삼천리자전거 024950 현금및현금성자산 4,385,539,300 516,098,581
삼천리자전거 024950 매출채권 및 기타유동채권
삼천리자전거 024950 재고자산 18,303,287,010 9,543,827,476
삼천리자전거 024950 기타유동금융자산 0 0
삼천리자전거 024950 기타유동자산 0 0
삼천리자전거 024950 매각예정비유동자산 0 0
삼천리자전거 024950 비유동자산 107,202,300,873 98,642,637,886
삼천리자전거 024950 장기금융상품 0 0
삼천리자전거 024950 기타포괄손익-공정가치 0 0
삼천리자전거 024950 당기손익인식공정가치측정금융자산 0 0
삼천리자전거 024950 종속회사투자 0 0
삼천리자전거 024950 관계회사투자 0 0
삼천리자전거 024950 렌탈자산 0 0
삼천리자전거 024950 유형자산 40,111,582,344 39,971,590,872
삼천리자전거 024950 무형자산 1,782,626,736 1,840,424,756
삼천리자전거 024950 기타비유동금융자산 0 0
삼천리자전거 024950 기타비유동자산 0 0
삼천리자전거 024950 사용권자산 0 0
삼천리자전거 024950 이연법인세자산 57,295,433 57,295,433
삼천리자전거 024950 자산총계 159,961,682,288 129,367,700,326
삼천리자전거 024950 유동부채 56,948,244,134 27,687,516,814
삼천리자전거 024950 단기매입채무 0 0
삼천리자전거 024950 단기차입금 0 0
삼천리자전거 024950 유동성장기차입금 0 0
삼천리자전거 024950 유동성사채 0 0
삼천리자전거 024950 기타유동금융부채 48,418,390,370 23,299,890,444
삼천리자전거 024950 기타유동부채 0 0
삼천리자전거 024950 당기법인세부채 1,720,679,906 1,838,375,380
삼천리자전거 024950 유동리스부채 0 0
삼천리자전거 024950 비유동부채 3,389,001,374 2,957,941,111
삼천리자전거 024950 사채 0 0
삼천리자전거 024950 장기차입금 0 0
삼천리자전거 024950 기타비유동금융부채 2,015,000,000 1,766,000,000
삼천리자전거 024950 이연법인세부채 0 0
삼천리자전거 024950 비유동리스부채 0 0
삼천리자전거 024950 부채총계 60,337,245,508 30,645,457,925
삼천리자전거 024950 자본금 6,636,788,500 6,636,788,500
삼천리자전거 024950 자본잉여금 53,030,838,542 53,030,838,542
삼천리자전거 024950 자본조정 0 0
삼천리자전거 024950 기타포괄손익누계액 -330,883,480 -330,883,480
삼천리자전거 024950 이익잉여금(결손금) 0 0
삼천리자전거 024950 자본총계 99,624,436,780 98,722,242,401
삼천리자전거 024950 자본과부채총계 159,961,682,288 129,367,700,326
date : 2016-06-30
삼천리자전거 024950 유동자산 52,926,852,128 30,725,062,440
삼천리자전거 024950 현금및현금성자산 1,241,959,883 516,098,581
삼천리자전거 024950 매출채권 및 기타유동채권
삼천리자전거 024950 재고자산 17,733,426,195 9,543,827,476
삼천리자전거 024950 기타유동금융자산 0 0
삼천리자전거 024950 기타유동자산 0 0
삼천리자전거 024950 매각예정비유동자산 0 0
삼천리자전거 024950 비유동자산 109,969,555,583 98,642,637,886
삼천리자전거 024950 장기금융상품 0 0
삼천리자전거 024950 기타포괄손익-공정가치 0 0
삼천리자전거 024950 당기손익인식공정가치측정금융자산 0 0
삼천리자전거 024950 종속회사투자 0 0
삼천리자전거 024950 관계회사투자 0 0
삼천리자전거 024950 렌탈자산 0 0
삼천리자전거 024950 유형자산 41,309,454,510 39,971,590,872
삼천리자전거 024950 무형자산 1,720,398,713 1,840,424,756
삼천리자전거 024950 기타비유동금융자산 0 0
삼천리자전거 024950 기타비유동자산 0 0
삼천리자전거 024950 사용권자산 0 0
삼천리자전거 024950 이연법인세자산 694,226,341 57,295,433
삼천리자전거 024950 자산총계 162,896,407,711 129,367,700,326
삼천리자전거 024950 유동부채 53,008,174,438 27,687,516,814
삼천리자전거 024950 단기매입채무 0 0
삼천리자전거 024950 단기차입금 0 0
삼천리자전거 024950 유동성장기차입금 0 0
삼천리자전거 024950 유동성사채 0 0
삼천리자전거 024950 기타유동금융부채 46,672,843,598 23,299,890,444
삼천리자전거 024950 기타유동부채 0 0
삼천리자전거 024950 당기법인세부채 3,363,036,912 1,838,375,380
삼천리자전거 024950 유동리스부채 0 0
삼천리자전거 024950 비유동부채 4,054,728,270 2,957,941,111
삼천리자전거 024950 사채 0 0
삼천리자전거 024950 장기차입금 0 0
삼천리자전거 024950 기타비유동금융부채 2,067,500,000 1,766,000,000
삼천리자전거 024950 이연법인세부채 0 0
삼천리자전거 024950 비유동리스부채 0 0
삼천리자전거 024950 부채총계 57,062,902,708 30,645,457,925
삼천리자전거 024950 자본금 6,636,788,500 6,636,788,500
삼천리자전거 024950 자본잉여금 53,030,838,542 53,030,838,542
삼천리자전거 024950 자본조정 0 0
삼천리자전거 024950 기타포괄손익누계액 -149,686,608 -330,883,480
삼천리자전거 024950 이익잉여금(결손금) 0 0
삼천리자전거 024950 자본총계 105,833,505,003 98,722,242,401
삼천리자전거 024950 자본과부채총계 162,896,407,711 129,367,700,326
date : 2016-09-30
삼천리자전거 024950 유동자산 46,261,268,975 30,725,062,440
삼천리자전거 024950 현금및현금성자산 2,525,602,655 516,098,581
삼천리자전거 024950 매출채권 및 기타유동채권
삼천리자전거 024950 재고자산 11,714,615,957 9,543,827,476
삼천리자전거 024950 기타유동금융자산 0 0
삼천리자전거 024950 기타유동자산 0 0
삼천리자전거 024950 매각예정비유동자산 0 0
삼천리자전거 024950 비유동자산 112,144,909,126 98,642,637,886
삼천리자전거 024950 장기금융상품 0 0
삼천리자전거 024950 기타포괄손익-공정가치 0 0
삼천리자전거 024950 당기손익인식공정가치측정금융자산 0 0
삼천리자전거 024950 종속회사투자 0 0
삼천리자전거 024950 관계회사투자 0 0
삼천리자전거 024950 렌탈자산 0 0
삼천리자전거 024950 유형자산 41,966,809,394 39,971,590,872
삼천리자전거 024950 무형자산 1,653,627,000 1,840,424,756
삼천리자전거 024950 기타비유동금융자산 0 0
삼천리자전거 024950 기타비유동자산 0 0
삼천리자전거 024950 사용권자산 0 0
삼천리자전거 024950 이연법인세자산 694,226,341 57,295,433
삼천리자전거 024950 자산총계 158,406,178,101 129,367,700,326
삼천리자전거 024950 유동부채 45,769,313,173 27,687,516,814
삼천리자전거 024950 단기매입채무 0 0
삼천리자전거 024950 단기차입금 0 0
삼천리자전거 024950 유동성장기차입금 0 0
삼천리자전거 024950 유동성사채 0 0
삼천리자전거 024950 기타유동금융부채 40,575,997,537 23,299,890,444
삼천리자전거 024950 기타유동부채 0 0
삼천리자전거 024950 당기법인세부채 2,186,343,244 1,838,375,380
삼천리자전거 024950 유동리스부채 0 0
삼천리자전거 024950 비유동부채 4,275,903,254 2,957,941,111
삼천리자전거 024950 사채 0 0
삼천리자전거 024950 장기차입금 0 0
삼천리자전거 024950 기타비유동금융부채 2,076,500,000 1,766,000,000
삼천리자전거 024950 이연법인세부채 0 0
삼천리자전거 024950 비유동리스부채 0 0
삼천리자전거 024950 부채총계 50,045,216,427 30,645,457,925
삼천리자전거 024950 자본금 6,636,788,500 6,636,788,500
삼천리자전거 024950 자본잉여금 53,030,838,542 53,030,838,542
삼천리자전거 024950 자본조정 0 0
삼천리자전거 024950 기타포괄손익누계액 -149,686,608 -330,883,480
삼천리자전거 024950 이익잉여금(결손금) 0 0
삼천리자전거 024950 자본총계 108,360,961,674 98,722,242,401
삼천리자전거 024950 자본과부채총계 158,406,178,101 129,367,700,326
date : 2016-12-31
삼천리자전거 024950 유동자산 30,761,125,496 30,725,062,440
삼천리자전거 024950 현금및현금성자산 1,934,468,265 516,098,581
삼천리자전거 024950 매출채권 및 기타유동채권
삼천리자전거 024950 재고자산 6,365,150,700 9,543,827,476
삼천리자전거 024950 기타유동금융자산 0 0
삼천리자전거 024950 기타유동자산 0 0
삼천리자전거 024950 매각예정비유동자산 0 0
삼천리자전거 024950 비유동자산 111,134,427,884 98,642,637,886
삼천리자전거 024950 장기금융상품 0 0
삼천리자전거 024950 기타포괄손익-공정가치 0 0
삼천리자전거 024950 당기손익인식공정가치측정금융자산 0 0
삼천리자전거 024950 종속회사투자 0 0
삼천리자전거 024950 관계회사투자 0 0
삼천리자전거 024950 렌탈자산 0 0
삼천리자전거 024950 유형자산 38,597,053,235 39,971,590,872
삼천리자전거 024950 무형자산 1,591,661,506 1,840,424,756
삼천리자전거 024950 기타비유동금융자산 0 0
삼천리자전거 024950 기타비유동자산 0 0
삼천리자전거 024950 사용권자산 0 0
삼천리자전거 024950 이연법인세자산 57,295,433 157,037,592
삼천리자전거 024950 자산총계 141,895,553,380 129,367,700,326
삼천리자전거 024950 유동부채 35,593,179,572 27,687,516,814
삼천리자전거 024950 단기매입채무 0 0
삼천리자전거 024950 단기차입금 0 0
삼천리자전거 024950 유동성장기차입금 0 0
삼천리자전거 024950 유동성사채 0 0
삼천리자전거 024950 기타유동금융부채 33,819,546,017 23,299,890,444
삼천리자전거 024950 기타유동부채 0 0
삼천리자전거 024950 당기법인세부채 642,472,593 1,838,375,380
삼천리자전거 024950 유동리스부채 0 0
삼천리자전거 024950 비유동부채 3,679,249,907 2,957,941,111
삼천리자전거 024950 사채 0 0
삼천리자전거 024950 장기차입금 0 0
삼천리자전거 024950 기타비유동금융부채 2,077,500,000 1,766,000,000
삼천리자전거 024950 이연법인세부채 9,485,608 2,957,941,111
삼천리자전거 024950 비유동리스부채 0 0
삼천리자전거 024950 부채총계 39,272,429,479 30,645,457,925
삼천리자전거 024950 자본금 6,636,788,500 6,636,788,500
삼천리자전거 024950 자본잉여금 53,030,838,542 53,030,838,542
삼천리자전거 024950 자본조정 0 0
삼천리자전거 024950 기타포괄손익누계액 -248,353,448 -330,883,480
삼천리자전거 024950 이익잉여금(결손금) 0 0
삼천리자전거 024950 자본총계 102,623,123,901 98,722,242,401
삼천리자전거 024950 자본과부채총계 141,895,553,380 129,367,700,326
date : 2017-03-31
삼천리자전거 024950 유동자산 49,701,930,796 30,761,125,496
삼천리자전거 024950 현금및현금성자산 2,968,535,506 1,934,468,265
삼천리자전거 024950 매출채권 및 기타유동채권
삼천리자전거 024950 재고자산 11,678,528,265 6,365,150,700
삼천리자전거 024950 기타유동금융자산 0 0
삼천리자전거 024950 기타유동자산 0 0
삼천리자전거 024950 매각예정비유동자산 0 0
삼천리자전거 024950 비유동자산 112,875,587,469 111,134,427,884
삼천리자전거 024950 장기금융상품 0 0
삼천리자전거 024950 기타포괄손익-공정가치 0 0
삼천리자전거 024950 당기손익인식공정가치측정금융자산 0 0
삼천리자전거 024950 종속회사투자 0 0
삼천리자전거 024950 관계회사투자 0 0
삼천리자전거 024950 렌탈자산 0 0
삼천리자전거 024950 유형자산 38,877,069,728 38,597,053,235
삼천리자전거 024950 무형자산 1,931,904,502 1,591,661,506
삼천리자전거 024950 기타비유동금융자산 0 0
삼천리자전거 024950 기타비유동자산 0 0
삼천리자전거 024950 사용권자산 0 0
삼천리자전거 024950 이연법인세자산 57,295,433 1,591,661,506
삼천리자전거 024950 자산총계 162,577,518,265 141,895,553,380
삼천리자전거 024950 유동부채 56,650,087,542 35,593,179,572
삼천리자전거 024950 단기매입채무 0 0
삼천리자전거 024950 단기차입금 0 0
삼천리자전거 024950 유동성장기차입금 0 0
삼천리자전거 024950 유동성사채 0 0
삼천리자전거 024950 기타유동금융부채 53,693,301,732 33,819,546,017
삼천리자전거 024950 기타유동부채 0 0
삼천리자전거 024950 당기법인세부채 636,445,753 642,472,593
삼천리자전거 024950 유동리스부채 0 0
삼천리자전거 024950 비유동부채 3,996,226,528 3,679,249,907
삼천리자전거 024950 사채 0 0
삼천리자전거 024950 장기차입금 0 0
삼천리자전거 024950 기타비유동금융부채 2,186,500,000 2,077,500,000
삼천리자전거 024950 이연법인세부채 9,485,608 9,485,608
삼천리자전거 024950 비유동리스부채 0 0
삼천리자전거 024950 부채총계 60,646,314,070 39,272,429,479
삼천리자전거 024950 자본금 6,636,788,500 6,636,788,500
삼천리자전거 024950 자본잉여금 53,030,838,542 53,030,838,542
삼천리자전거 024950 자본조정 0 0
삼천리자전거 024950 기타포괄손익누계액 -248,353,448 -248,353,448
삼천리자전거 024950 이익잉여금(결손금) 0 0
삼천리자전거 024950 자본총계 101,931,204,195 102,623,123,901
삼천리자전거 024950 자본과부채총계 162,577,518,265 141,895,553,380
date : 2017-06-30
삼천리자전거 024950 유동자산 53,221,565,534 30,761,125,496
삼천리자전거 024950 현금및현금성자산 7,848,523,300 1,934,468,265
삼천리자전거 024950 매출채권 및 기타유동채권
삼천리자전거 024950 재고자산 11,481,878,649 6,365,150,700
삼천리자전거 024950 기타유동금융자산 0 0
삼천리자전거 024950 기타유동자산 0 0
삼천리자전거 024950 매각예정비유동자산 0 0
삼천리자전거 024950 비유동자산 116,323,612,653 111,134,427,884
삼천리자전거 024950 장기금융상품 0 0
삼천리자전거 024950 기타포괄손익-공정가치 0 0
삼천리자전거 024950 당기손익인식공정가치측정금융자산 0 0
삼천리자전거 024950 종속회사투자 0 0
삼천리자전거 024950 관계회사투자 0 0
삼천리자전거 024950 렌탈자산 0 0
삼천리자전거 024950 유형자산 40,840,363,799 38,597,053,235
삼천리자전거 024950 무형자산 2,534,984,731 1,591,661,506
삼천리자전거 024950 기타비유동금융자산 0 0
삼천리자전거 024950 기타비유동자산 0 0
삼천리자전거 024950 사용권자산 0 0
삼천리자전거 024950 이연법인세자산 4,304,610 0
삼천리자전거 024950 자산총계 169,545,178,187 141,895,553,380
삼천리자전거 024950 유동부채 59,594,542,291 35,593,179,572
삼천리자전거 024950 단기매입채무 0 0
삼천리자전거 024950 단기차입금 0 0
삼천리자전거 024950 유동성장기차입금 0 0
삼천리자전거 024950 유동성사채 0 0
삼천리자전거 024950 기타유동금융부채 54,818,266,511 33,819,546,017
삼천리자전거 024950 기타유동부채 0 0
삼천리자전거 024950 당기법인세부채 1,373,093,783 642,472,593
삼천리자전거 024950 유동리스부채 0 0
삼천리자전거 024950 비유동부채 4,049,741,177 3,679,249,907
삼천리자전거 024950 사채 0 0
삼천리자전거 024950 장기차입금 0 0
삼천리자전거 024950 기타비유동금융부채 0 2,077,500,000
삼천리자전거 024950 이연법인세부채 2,213,500,000 9,485,608
삼천리자전거 024950 비유동리스부채 0 0
삼천리자전거 024950 부채총계 63,644,283,468 39,272,429,479
삼천리자전거 024950 자본금 6,636,788,500 6,636,788,500
삼천리자전거 024950 자본잉여금 53,030,838,542 53,030,838,542
삼천리자전거 024950 자본조정 0 0
삼천리자전거 024950 기타포괄손익누계액 -239,882,455 -248,353,448
삼천리자전거 024950 이익잉여금(결손금) 0 0
삼천리자전거 024950 자본총계 105,900,894,719 102,623,123,901
삼천리자전거 024950 자본과부채총계 169,545,178,187 141,895,553,380
date : 2017-09-30
삼천리자전거 024950 유동자산 42,304,712,146 30,761,125,496
삼천리자전거 024950 현금및현금성자산 2,203,083,645 1,934,468,265
삼천리자전거 024950 매출채권 및 기타유동채권
삼천리자전거 024950 재고자산 9,968,259,972 6,365,150,700
삼천리자전거 024950 기타유동금융자산 0 0
삼천리자전거 024950 기타유동자산 0 0
삼천리자전거 024950 매각예정비유동자산 0 0
삼천리자전거 024950 비유동자산 119,693,669,116 111,134,427,884
삼천리자전거 024950 장기금융상품 0 0
삼천리자전거 024950 기타포괄손익-공정가치 0 0
삼천리자전거 024950 당기손익인식공정가치측정금융자산 0 0
삼천리자전거 024950 종속회사투자 0 0
삼천리자전거 024950 관계회사투자 0 0
삼천리자전거 024950 렌탈자산 0 0
삼천리자전거 024950 유형자산 42,311,767,408 38,597,053,235
삼천리자전거 024950 무형자산 2,416,709,085 1,591,661,506
삼천리자전거 024950 기타비유동금융자산 0 0
삼천리자전거 024950 기타비유동자산 0 0
삼천리자전거 024950 사용권자산 0 0
삼천리자전거 024950 이연법인세자산 4,304,610 0
삼천리자전거 024950 자산총계 161,998,381,262 141,895,553,380
삼천리자전거 024950 유동부채 51,338,060,187 35,593,179,572
삼천리자전거 024950 단기매입채무 0 0
삼천리자전거 024950 단기차입금 0 0
삼천리자전거 024950 유동성장기차입금 0 0
삼천리자전거 024950 유동성사채 0 0
삼천리자전거 024950 기타유동금융부채 49,154,238,097 33,819,546,017
삼천리자전거 024950 기타유동부채 0 0
삼천리자전거 024950 당기법인세부채 571,811,163 642,472,593
삼천리자전거 024950 유동리스부채 0 0
삼천리자전거 024950 비유동부채 4,302,331,745 3,679,249,907
삼천리자전거 024950 사채 0 0
삼천리자전거 024950 장기차입금 0 0
삼천리자전거 024950 기타비유동금융부채 2,235,500,000 2,077,500,000
삼천리자전거 024950 이연법인세부채 0 9,485,608
삼천리자전거 024950 비유동리스부채 0 0
삼천리자전거 024950 부채총계 55,640,391,932 39,272,429,479
삼천리자전거 024950 자본금 6,636,788,500 6,636,788,500
삼천리자전거 024950 자본잉여금 53,030,838,542 53,030,838,542
삼천리자전거 024950 자본조정 0 0
삼천리자전거 024950 기타포괄손익누계액 -239,882,455 -248,353,448
삼천리자전거 024950 이익잉여금(결손금) 0 0
삼천리자전거 024950 자본총계 106,357,989,330 102,623,123,901
삼천리자전거 024950 자본과부채총계 161,998,381,262 141,895,553,380
date : 2017-12-31
삼천리자전거 024950 유동자산 31,469,129,194 30,761,125,496
삼천리자전거 024950 현금및현금성자산 2,906,572,732 1,934,468,265
삼천리자전거 024950 매출채권 및 기타유동채권
삼천리자전거 024950 재고자산 7,326,154,859 6,365,150,700
삼천리자전거 024950 기타유동금융자산 0 0
삼천리자전거 024950 기타유동자산 0 0
삼천리자전거 024950 매각예정비유동자산 0 0
삼천리자전거 024950 비유동자산 121,271,036,249 111,134,427,884
삼천리자전거 024950 장기금융상품 0 0
삼천리자전거 024950 기타포괄손익-공정가치 0 0
삼천리자전거 024950 당기손익인식공정가치측정금융자산 0 0
삼천리자전거 024950 종속회사투자 0 0
삼천리자전거 024950 관계회사투자 0 0
삼천리자전거 024950 렌탈자산 0 0
삼천리자전거 024950 유형자산 42,625,039,289 38,597,053,235
삼천리자전거 024950 무형자산 2,575,215,056 1,591,661,506
삼천리자전거 024950 기타비유동금융자산 0 0
삼천리자전거 024950 기타비유동자산 0 0
삼천리자전거 024950 사용권자산 0 0
삼천리자전거 024950 이연법인세자산 57,295,433 1,591,661,506
삼천리자전거 024950 자산총계 152,740,165,443 141,895,553,380
삼천리자전거 024950 유동부채 43,324,788,013 35,593,179,572
삼천리자전거 024950 단기매입채무 0 0
삼천리자전거 024950 단기차입금 0 0
삼천리자전거 024950 유동성장기차입금 0 0
삼천리자전거 024950 유동성사채 0 0
삼천리자전거 024950 기타유동금융부채 41,167,365,391 33,819,546,017
삼천리자전거 024950 기타유동부채 0 0
삼천리자전거 024950 당기법인세부채 642,472,593 1,838,375,380
삼천리자전거 024950 유동리스부채 0 0
삼천리자전거 024950 비유동부채 4,436,469,667 3,679,249,907
삼천리자전거 024950 사채 0 0
삼천리자전거 024950 장기차입금 0 0
삼천리자전거 024950 기타비유동금융부채 2,226,500,000 2,077,500,000
삼천리자전거 024950 이연법인세부채 372,526,539 9,485,608
삼천리자전거 024950 비유동리스부채 0 0
삼천리자전거 024950 부채총계 47,761,257,680 39,272,429,479
삼천리자전거 024950 자본금 6,636,788,500 6,636,788,500
삼천리자전거 024950 자본잉여금 53,030,838,542 53,030,838,542
삼천리자전거 024950 자본조정 0 0
삼천리자전거 024950 기타포괄손익누계액 -226,645,548 -248,353,448
삼천리자전거 024950 이익잉여금(결손금) 0 0
삼천리자전거 024950 자본총계 104,978,907,763 102,623,123,901
삼천리자전거 024950 자본과부채총계 152,740,165,443 141,895,553,380
date : 2018-03-31
삼천리자전거 024950 유동자산 47,632,954,147 31,469,129,194
삼천리자전거 024950 현금및현금성자산 2,651,021,339 2,906,572,732
삼천리자전거 024950 매출채권 및 기타유동채권
삼천리자전거 024950 재고자산 10,502,574,256 7,326,154,859
삼천리자전거 024950 기타유동금융자산 0 0
삼천리자전거 024950 기타유동자산 0 0
삼천리자전거 024950 매각예정비유동자산 0 0
삼천리자전거 024950 비유동자산 124,352,722,088 121,271,036,249
삼천리자전거 024950 장기금융상품 0 0
삼천리자전거 024950 기타포괄손익-공정가치 0 0
삼천리자전거 024950 당기손익인식공정가치측정금융자산 0 0
삼천리자전거 024950 종속회사투자 0 0
삼천리자전거 024950 관계회사투자 0 0
삼천리자전거 024950 렌탈자산 0 0
삼천리자전거 024950 유형자산 43,071,620,483 42,625,039,289
삼천리자전거 024950 무형자산 2,663,688,407 2,575,215,056
삼천리자전거 024950 기타비유동금융자산 0 0
삼천리자전거 024950 기타비유동자산 0 0
삼천리자전거 024950 사용권자산 0 0
삼천리자전거 024950 이연법인세자산 0 2,575,215,056
삼천리자전거 024950 자산총계 171,985,676,235 152,740,165,443
삼천리자전거 024950 유동부채 63,288,275,922 43,324,788,013
삼천리자전거 024950 단기매입채무 0 0
삼천리자전거 024950 단기차입금 0 0
삼천리자전거 024950 유동성장기차입금 0 0
삼천리자전거 024950 유동성사채 0 0
삼천리자전거 024950 기타유동금융부채 59,420,517,297 41,167,365,391
삼천리자전거 024950 기타유동부채 0 0
삼천리자전거 024950 당기법인세부채 94,917,105 43,324,788,013
삼천리자전거 024950 유동리스부채 0 0
삼천리자전거 024950 비유동부채 4,250,302,795 4,436,469,667
삼천리자전거 024950 사채 0 0
삼천리자전거 024950 장기차입금 0 0
삼천리자전거 024950 기타비유동금융부채 2,269,500,000 2,226,500,000
삼천리자전거 024950 이연법인세부채 372,526,539 372,526,539
삼천리자전거 024950 비유동리스부채 0 0
삼천리자전거 024950 부채총계 67,538,578,717 47,761,257,680
삼천리자전거 024950 자본금 6,636,788,500 6,636,788,500
삼천리자전거 024950 자본잉여금 53,030,838,542 53,030,838,542
삼천리자전거 024950 자본조정 0 0
삼천리자전거 024950 기타포괄손익누계액 -226,645,548 -226,645,548
삼천리자전거 024950 이익잉여금(결손금) 0 0
삼천리자전거 024950 자본총계 104,447,097,518 104,978,907,763
삼천리자전거 024950 자본과부채총계 171,985,676,235 152,740,165,443
date : 2018-06-30
삼천리자전거 024950 유동자산 46,347,159,298 31,469,129,194
삼천리자전거 024950 현금및현금성자산 1,231,348,700 2,906,572,732
삼천리자전거 024950 매출채권 및 기타유동채권
삼천리자전거 024950 재고자산 14,307,003,209 7,326,154,859
삼천리자전거 024950 기타유동금융자산 0 0
삼천리자전거 024950 기타유동자산 0 0
삼천리자전거 024950 매각예정비유동자산 0 0
삼천리자전거 024950 비유동자산 124,363,052,165 121,271,036,249
삼천리자전거 024950 장기금융상품 0 0
삼천리자전거 024950 기타포괄손익-공정가치 0 0
삼천리자전거 024950 당기손익인식공정가치측정금융자산 0 0
삼천리자전거 024950 종속회사투자 0 0
삼천리자전거 024950 관계회사투자 0 0
삼천리자전거 024950 렌탈자산 0 0
삼천리자전거 024950 유형자산 43,073,097,339 42,625,039,289
삼천리자전거 024950 무형자산 2,542,335,756 2,575,215,056
삼천리자전거 024950 기타비유동금융자산 0 0
삼천리자전거 024950 기타비유동자산 0 0
삼천리자전거 024950 사용권자산 0 0
삼천리자전거 024950 이연법인세자산 0 0
삼천리자전거 024950 자산총계 170,710,211,463 152,740,165,443
삼천리자전거 024950 유동부채 61,292,091,919 43,324,788,013
삼천리자전거 024950 단기매입채무 0 0
삼천리자전거 024950 단기차입금 0 0
삼천리자전거 024950 유동성장기차입금 0 0
삼천리자전거 024950 유동성사채 0 0
삼천리자전거 024950 기타유동금융부채 57,872,651,959 41,167,365,391
삼천리자전거 024950 기타유동부채 0 0
삼천리자전거 024950 당기법인세부채 100,729,685 43,324,788,013
삼천리자전거 024950 유동리스부채 0 0
삼천리자전거 024950 비유동부채 5,123,749,211 4,436,469,667
삼천리자전거 024950 사채 0 0
삼천리자전거 024950 장기차입금 0 0
삼천리자전거 024950 기타비유동금융부채 2,265,500,000 2,226,500,000
삼천리자전거 024950 이연법인세부채 111,438,365 372,526,539
삼천리자전거 024950 비유동리스부채 0 0
삼천리자전거 024950 부채총계 66,415,841,130 47,761,257,680
삼천리자전거 024950 자본금 6,636,788,500 6,636,788,500
삼천리자전거 024950 자본잉여금 53,030,838,542 53,030,838,542
삼천리자전거 024950 자본조정 0 0
삼천리자전거 024950 기타포괄손익누계액 -224,336,371 -226,645,548
삼천리자전거 024950 이익잉여금(결손금) 0 0
삼천리자전거 024950 자본총계 104,294,370,333 104,978,907,763
삼천리자전거 024950 자본과부채총계 170,710,211,463 152,740,165,443
date : 2018-09-30
삼천리자전거 024950 유동자산 38,917,356,002 31,469,129,194
삼천리자전거 024950 현금및현금성자산 1,120,447,166 2,906,572,732
삼천리자전거 024950 매출채권 및 기타유동채권
삼천리자전거 024950 재고자산 10,843,188,171 7,326,154,859
삼천리자전거 024950 기타유동금융자산 0 0
삼천리자전거 024950 기타유동자산 0 0
삼천리자전거 024950 매각예정비유동자산 0 0
삼천리자전거 024950 비유동자산 125,272,086,307 121,271,036,249
삼천리자전거 024950 장기금융상품 0 0
삼천리자전거 024950 기타포괄손익-공정가치 측정 금융자산
삼천리자전거 024950 당기손익인식공정가치측정금융자산 0 0
삼천리자전거 024950 종속회사투자 0 0
삼천리자전거 024950 관계회사투자 0 0
삼천리자전거 024950 렌탈자산 0 0
삼천리자전거 024950 유형자산 43,072,829,254 42,625,039,289
삼천리자전거 024950 무형자산 2,408,799,223 2,575,215,056
삼천리자전거 024950 기타비유동금융자산 0 0
삼천리자전거 024950 기타비유동자산 0 0
삼천리자전거 024950 사용권자산 0 0
삼천리자전거 024950 이연법인세자산 0 0
삼천리자전거 024950 자산총계 164,189,442,309 152,740,165,443
삼천리자전거 024950 유동부채 57,061,159,094 43,324,788,013
삼천리자전거 024950 단기매입채무 0 0
삼천리자전거 024950 단기차입금 0 0
삼천리자전거 024950 유동성장기차입금 0 0
삼천리자전거 024950 유동성사채 0 0
삼천리자전거 024950 기타유동금융부채 55,195,080,564 41,167,365,391
삼천리자전거 024950 기타유동부채 0 0
삼천리자전거 024950 당기법인세부채 50,713,727 0
삼천리자전거 024950 유동리스부채 0 0
삼천리자전거 024950 비유동부채 4,536,976,154 4,436,469,667
삼천리자전거 024950 사채 0 0
삼천리자전거 024950 장기차입금 0 0
삼천리자전거 024950 기타비유동금융부채 2,297,500,000 2,226,500,000
삼천리자전거 024950 이연법인세부채 111,438,365 372,526,539
삼천리자전거 024950 비유동리스부채 0 0
삼천리자전거 024950 부채총계 61,598,135,248 47,761,257,680
삼천리자전거 024950 자본금 6,636,788,500 6,636,788,500
삼천리자전거 024950 자본잉여금 53,030,838,542 53,030,838,542
삼천리자전거 024950 자본조정 0 0
삼천리자전거 024950 기타포괄손익누계액 -224,336,371 -226,645,548
삼천리자전거 024950 이익잉여금(결손금) 0 0
삼천리자전거 024950 자본총계 102,591,307,061 104,978,907,763
삼천리자전거 024950 자본과부채총계 164,189,442,309 152,740,165,443
date : 2018-12-31
삼천리자전거 024950 유동자산 29,390,899,015 31,469,129,194
삼천리자전거 024950 현금및현금성자산 1,590,772,418 2,906,572,732
삼천리자전거 024950 매출채권 및 기타유동채권
삼천리자전거 024950 재고자산 15,751,977,867 7,326,154,859
삼천리자전거 024950 기타유동금융자산 0 0
삼천리자전거 024950 기타유동자산 0 0
삼천리자전거 024950 매각예정비유동자산 0 0
삼천리자전거 024950 비유동자산 117,884,339,898 121,271,036,249
삼천리자전거 024950 장기금융상품 0 0
삼천리자전거 024950 기타포괄손익-공정가치 금융자산 300,000,000
삼천리자전거 024950 당기손익인식공정가치측정금융자산 0 0
삼천리자전거 024950 종속회사투자 0 0
삼천리자전거 024950 관계회사투자 0 0
삼천리자전거 024950 렌탈자산 0 0
삼천리자전거 024950 유형자산 42,881,914,425 42,625,039,289
삼천리자전거 024950 무형자산 2,335,262,604 2,575,215,056
삼천리자전거 024950 기타비유동금융자산 0 0
삼천리자전거 024950 기타비유동자산 0 0
삼천리자전거 024950 사용권자산 0 0
삼천리자전거 024950 이연법인세자산 4,703,632,495 0
삼천리자전거 024950 자산총계 147,275,238,913 152,740,165,443
삼천리자전거 024950 유동부채 57,333,905,760 43,324,788,013
삼천리자전거 024950 단기매입채무 0 0
삼천리자전거 024950 단기차입금 0 0
삼천리자전거 024950 유동성장기차입금 0 0
삼천리자전거 024950 유동성사채 0 0
삼천리자전거 024950 기타유동금융부채 53,257,930,576 41,167,365,391
삼천리자전거 024950 기타유동부채 0 0
삼천리자전거 024950 당기법인세부채 0 0
삼천리자전거 024950 유동리스부채 0 0
삼천리자전거 024950 비유동부채 2,714,666,435 4,436,469,667
삼천리자전거 024950 사채 0 0
삼천리자전거 024950 장기차입금 0 0
삼천리자전거 024950 기타비유동금융부채 2,230,500,000 2,226,500,000
삼천리자전거 024950 이연법인세부채 0 372,526,539
삼천리자전거 024950 비유동리스부채 0 0
삼천리자전거 024950 부채총계 60,048,572,195 47,761,257,680
삼천리자전거 024950 자본금 6,636,788,500 6,636,788,500
삼천리자전거 024950 자본잉여금 53,030,838,542 53,030,838,542
삼천리자전거 024950 자본조정 0 0
삼천리자전거 024950 기타포괄손익누계액 588,729,505 -226,645,548
삼천리자전거 024950 이익잉여금(결손금) 0 0
삼천리자전거 024950 자본총계 87,226,666,718 104,978,907,763
삼천리자전거 024950 자본과부채총계 147,275,238,913 152,740,165,443
date : 2019-03-31
삼천리자전거 024950 유동자산 40,683,869,365 29,390,899,015
삼천리자전거 024950 현금및현금성자산 3,558,020,133 1,590,772,418
삼천리자전거 024950 매출채권 및 기타유동채권
삼천리자전거 024950 재고자산 15,816,610,531 15,751,977,867
삼천리자전거 024950 기타유동금융자산 0 0
삼천리자전거 024950 기타유동자산 0 0
삼천리자전거 024950 매각예정비유동자산 0 0
삼천리자전거 024950 비유동자산 117,578,511,578 117,884,339,898
삼천리자전거 024950 장기금융상품 0 0
삼천리자전거 024950 기타포괄손익-공정가치 금융자산 300,000,000
삼천리자전거 024950 당기손익인식공정가치측정금융자산 0 0
삼천리자전거 024950 종속회사투자 0 0
삼천리자전거 024950 관계회사투자 0 0
삼천리자전거 024950 렌탈자산 0 0
삼천리자전거 024950 유형자산 42,707,384,529 42,881,914,425
삼천리자전거 024950 무형자산 2,305,150,129 2,335,262,604
삼천리자전거 024950 기타비유동금융자산 0 0
삼천리자전거 024950 기타비유동자산 0 0
삼천리자전거 024950 사용권자산 0 0
삼천리자전거 024950 이연법인세자산 4,703,632,495 4,703,632,495
삼천리자전거 024950 자산총계 158,262,380,943 147,275,238,913
삼천리자전거 024950 유동부채 69,554,072,246 57,333,905,760
삼천리자전거 024950 단기매입채무 0 0
삼천리자전거 024950 단기차입금 0 0
삼천리자전거 024950 유동성장기차입금 0 0
삼천리자전거 024950 유동성사채 0 0
삼천리자전거 024950 기타유동금융부채 65,307,768,442 53,257,930,576
삼천리자전거 024950 기타유동부채 0 0
삼천리자전거 024950 당기법인세부채 0 0
삼천리자전거 024950 유동리스부채 0 0
삼천리자전거 024950 비유동부채 2,903,007,446 2,714,666,435
삼천리자전거 024950 사채 0 0
삼천리자전거 024950 장기차입금 0 0
삼천리자전거 024950 기타비유동금융부채 2,231,500,000 2,230,500,000
삼천리자전거 024950 이연법인세부채 0 0
삼천리자전거 024950 비유동리스부채 0 0
삼천리자전거 024950 부채총계 72,457,079,692 60,048,572,195
삼천리자전거 024950 자본금 6,636,788,500 6,636,788,500
삼천리자전거 024950 자본잉여금 53,030,838,542 53,030,838,542
삼천리자전거 024950 자본조정 0 0
삼천리자전거 024950 기타포괄손익누계액 588,729,505 588,729,505
삼천리자전거 024950 이익잉여금(결손금) 0 0
삼천리자전거 024950 자본총계 85,805,301,251 87,226,666,718
삼천리자전거 024950 자본과부채총계 158,262,380,943 147,275,238,913
