date : 2015-12-31
신우 025620 유동자산 21,560,501,788 874,656,435
신우 025620 현금및현금성자산 2,513,220,317 132,357,401
신우 025620 매출채권 0 0
신우 025620 재고자산 1,391,114,609 295,070,323
신우 025620 기타유동금융자산 0 0
신우 025620 기타유동자산 334,697,720 48,272,741
신우 025620 매각예정비유동자산 0 0
신우 025620 비유동자산 5,667,262,354 29,815,280,000
신우 025620 장기금융상품 3,000,000 3,000,000
신우 025620 기타포괄손익-공정가치 0 0
신우 025620 당기손익인식공정가치측정금융자산 0 0
신우 025620 종속회사투자 0 0
신우 025620 관계회사투자 0 0
신우 025620 렌탈자산 0 0
신우 025620 유형자산 119,578,084 29,603,018,814
신우 025620 무형자산 12,369,070 3,319,203
신우 025620 기타비유동금융자산 0 0
신우 025620 기타비유동자산 0 0
신우 025620 사용권자산 0 0
신우 025620 이연법인세자산 0 0
신우 025620 자산총계 27,227,764,142 30,689,936,435
신우 025620 유동부채 11,592,340,550 6,271,518,063
신우 025620 단기매입채무 0 0
신우 025620 단기차입금 0 960,200,000
신우 025620 유동성장기차입금 0 0
신우 025620 유동성사채 0 0
신우 025620 기타유동금융부채 0 0
신우 025620 기타유동부채 545,021,588 277,757,764
신우 025620 당기법인세부채 0 0
신우 025620 유동리스부채 0 0
신우 025620 비유동부채 2,338,249,268 4,333,602,867
신우 025620 사채 0 0
신우 025620 장기차입금 0 0
신우 025620 기타비유동금융부채 0 0
신우 025620 이연법인세부채 0 4,333,602,867
신우 025620 비유동리스부채 0 0
신우 025620 부채총계 13,930,589,818 10,605,120,930
신우 025620 자본금 0 0
신우 025620 자본잉여금 0 0
신우 025620 자본조정 0 0
신우 025620 기타포괄손익누계액 242,683,850 3,447,401,100
신우 025620 이익잉여금(결손금) -21,775,139,613 -17,731,456,832
신우 025620 자본총계 13,297,174,324 20,084,815,505
신우 025620 자본과부채총계 27,227,764,142 30,689,936,435
date : 2016-03-31
에스더블유에이치 025620 유동자산 39,554,278,786 21,560,501,788
에스더블유에이치 025620 현금및현금성자산 1,551,410,222 2,513,220,317
에스더블유에이치 025620 매출채권 0 0
에스더블유에이치 025620 재고자산 3,063,133,277 1,391,114,609
에스더블유에이치 025620 기타유동금융자산 0 0
에스더블유에이치 025620 기타유동자산 630,304,826 334,697,720
에스더블유에이치 025620 매각예정비유동자산 0 0
에스더블유에이치 025620 비유동자산 7,039,495,052 5,667,262,354
에스더블유에이치 025620 장기금융상품 3,000,000 3,000,000
에스더블유에이치 025620 기타포괄손익-공정가치 0 0
에스더블유에이치 025620 당기손익인식공정가치측정금융자산 0 0
에스더블유에이치 025620 종속회사투자 0 0
에스더블유에이치 025620 관계회사투자 0 0
에스더블유에이치 025620 렌탈자산 0 0
에스더블유에이치 025620 유형자산 140,307,162 119,578,084
에스더블유에이치 025620 무형자산 13,872,690 12,369,070
에스더블유에이치 025620 기타비유동금융자산 0 0
에스더블유에이치 025620 기타비유동자산 0 0
에스더블유에이치 025620 사용권자산 0 0
에스더블유에이치 025620 이연법인세자산 0 0
에스더블유에이치 025620 자산총계 46,593,773,838 27,227,764,142
에스더블유에이치 025620 유동부채 11,324,508,481 11,592,340,550
에스더블유에이치 025620 단기매입채무 0 0
에스더블유에이치 025620 단기차입금 0 0
에스더블유에이치 025620 유동성장기차입금 0 0
에스더블유에이치 025620 유동성사채 0 0
에스더블유에이치 025620 기타유동금융부채 0 0
에스더블유에이치 025620 기타유동부채 384,634,418 545,021,588
에스더블유에이치 025620 당기법인세부채 0 0
에스더블유에이치 025620 유동리스부채 0 0
에스더블유에이치 025620 비유동부채 13,833,113,582 2,338,249,268
에스더블유에이치 025620 사채 0 0
에스더블유에이치 025620 장기차입금 0 0
에스더블유에이치 025620 기타비유동금융부채 0 0
에스더블유에이치 025620 이연법인세부채 0 0
에스더블유에이치 025620 비유동리스부채 0 0
에스더블유에이치 025620 부채총계 25,157,622,063 13,930,589,818
에스더블유에이치 025620 자본금 0 0
에스더블유에이치 025620 자본잉여금 0 0
에스더블유에이치 025620 자본조정 0 0
에스더블유에이치 025620 기타포괄손익누계액 -271,028,550 242,683,850
에스더블유에이치 025620 이익잉여금(결손금) -1,811,094,710 -21,775,139,613
에스더블유에이치 025620 자본총계 21,436,151,775 13,297,174,324
에스더블유에이치 025620 자본과부채총계 46,593,773,838 27,227,764,142
date : 2016-06-30
제이준 025620 유동자산 43,785,800,040 21,560,501,788
제이준 025620 현금및현금성자산 4,312,472,053 2,513,220,317
제이준 025620 매출채권 0 0
제이준 025620 재고자산 1,400,993,666 1,391,114,609
제이준 025620 기타유동금융자산 0 0
제이준 025620 기타유동자산 259,747,452 334,697,720
제이준 025620 매각예정비유동자산 0 0
제이준 025620 비유동자산 3,548,285,128 5,667,262,354
제이준 025620 장기금융상품 3,000,000 3,000,000
제이준 025620 기타포괄손익-공정가치 0 0
제이준 025620 당기손익인식공정가치측정금융자산 0 0
제이준 025620 종속회사투자 0 0
제이준 025620 관계회사투자 0 0
제이준 025620 렌탈자산 0 0
제이준 025620 유형자산 301,720,928 119,578,084
제이준 025620 무형자산 12,988,200 12,369,070
제이준 025620 기타비유동금융자산 0 0
제이준 025620 기타비유동자산 0 0
제이준 025620 사용권자산 0 0
제이준 025620 이연법인세자산 0 0
제이준 025620 자산총계 47,334,085,168 27,227,764,142
제이준 025620 유동부채 22,930,188,432 11,592,340,550
제이준 025620 단기매입채무 0 0
제이준 025620 단기차입금 0 0
제이준 025620 유동성장기차입금 0 0
제이준 025620 유동성사채 0 0
제이준 025620 기타유동금융부채 0 0
제이준 025620 기타유동부채 360,670,408 545,021,588
제이준 025620 당기법인세부채 0 0
제이준 025620 유동리스부채 0 0
제이준 025620 비유동부채 2,266,105,205 2,338,249,268
제이준 025620 사채 0 0
제이준 025620 장기차입금 0 0
제이준 025620 기타비유동금융부채 0 0
제이준 025620 이연법인세부채 0 0
제이준 025620 비유동리스부채 0 0
제이준 025620 부채총계 25,196,293,637 13,930,589,818
제이준 025620 자본금 0 0
제이준 025620 자본잉여금 0 0
제이준 025620 자본조정 0 0
제이준 025620 기타포괄손익누계액 4,422,902,255 242,683,850
제이준 025620 이익잉여금(결손금) -5,834,746,530 -21,775,139,613
제이준 025620 자본총계 22,137,791,531 13,297,174,324
제이준 025620 자본과부채총계 47,334,085,168 27,227,764,142
date : 2016-09-30
제이준 025620 유동자산 91,429,750,966 21,560,501,788
제이준 025620 현금및현금성자산 16,370,572,887 2,513,220,317
제이준 025620 매출채권 0 0
제이준 025620 재고자산 1,765,416,295 1,391,114,609
제이준 025620 기타유동금융자산 0 0
제이준 025620 기타유동자산 334,374,926 334,697,720
제이준 025620 매각예정비유동자산 0 0
제이준 025620 비유동자산 27,426,979,403 5,667,262,354
제이준 025620 장기금융상품 3,000,000 3,000,000
제이준 025620 기타포괄손익-공정가치 0 0
제이준 025620 당기손익인식공정가치측정금융자산 0 0
제이준 025620 종속회사투자 0 0
제이준 025620 관계회사투자 0 0
제이준 025620 렌탈자산 0 0
제이준 025620 유형자산 11,783,545,693 119,578,084
제이준 025620 무형자산 12,103,710 12,369,070
제이준 025620 기타비유동금융자산 0 0
제이준 025620 기타비유동자산 0 0
제이준 025620 사용권자산 0 0
제이준 025620 이연법인세자산 0 0
제이준 025620 자산총계 118,856,730,369 27,227,764,142
제이준 025620 유동부채 39,982,234,798 11,592,340,550
제이준 025620 단기매입채무 0 0
제이준 025620 단기차입금 0 0
제이준 025620 유동성장기차입금 0 0
제이준 025620 유동성사채 0 0
제이준 025620 기타유동금융부채 0 0
제이준 025620 기타유동부채 352,514,488 545,021,588
제이준 025620 당기법인세부채 0 0
제이준 025620 유동리스부채 0 0
제이준 025620 비유동부채 2,319,550,203 2,338,249,268
제이준 025620 사채 0 0
제이준 025620 장기차입금 0 0
제이준 025620 기타비유동금융부채 0 0
제이준 025620 이연법인세부채 0 0
제이준 025620 비유동리스부채 0 0
제이준 025620 부채총계 42,301,785,001 13,930,589,818
제이준 025620 자본금 0 0
제이준 025620 자본잉여금 0 0
제이준 025620 자본조정 0 0
제이준 025620 기타포괄손익누계액 6,247,464,920 242,683,850
제이준 025620 이익잉여금(결손금) -1,577,770,197 -21,775,139,613
제이준 025620 자본총계 76,554,945,368 13,297,174,324
제이준 025620 자본과부채총계 118,856,730,369 27,227,764,142
date : 2016-12-31
제이준 025620 유동자산 86,175,052,858 21,560,501,788
제이준 025620 현금및현금성자산 3,207,382,332 2,513,220,317
제이준 025620 매출채권 0 0
제이준 025620 재고자산 4,334,329,198 1,391,114,609
제이준 025620 기타유동금융자산 0 0
제이준 025620 기타유동자산 2,204,283,012 334,697,720
제이준 025620 매각예정비유동자산 0 0
제이준 025620 비유동자산 28,342,441,203 5,667,262,354
제이준 025620 장기금융상품 3,000,000 3,000,000
제이준 025620 기타포괄손익-공정가치 0 0
제이준 025620 당기손익인식공정가치측정금융자산 0 0
제이준 025620 종속회사투자 0 0
제이준 025620 관계회사투자 0 0
제이준 025620 렌탈자산 0 0
제이준 025620 유형자산 14,093,633,089 119,578,084
제이준 025620 무형자산 6,986,427,364 12,369,070
제이준 025620 기타비유동금융자산 0 0
제이준 025620 기타비유동자산 0 0
제이준 025620 사용권자산 0 0
제이준 025620 이연법인세자산 1,955,074,750 12,369,070
제이준 025620 자산총계 114,517,494,061 27,227,764,142
제이준 025620 유동부채 27,371,739,331 11,592,340,550
제이준 025620 단기매입채무 0 0
제이준 025620 단기차입금 0 960,200,000
제이준 025620 유동성장기차입금 0 0
제이준 025620 유동성사채 0 0
제이준 025620 기타유동금융부채 0 0
제이준 025620 기타유동부채 527,482,142 545,021,588
제이준 025620 당기법인세부채 0 0
제이준 025620 유동리스부채 0 0
제이준 025620 비유동부채 2,338,249,268 4,333,602,867
제이준 025620 사채 0 0
제이준 025620 장기차입금 0 0
제이준 025620 기타비유동금융부채 0 0
제이준 025620 이연법인세부채 0 4,333,602,867
제이준 025620 비유동리스부채 0 0
제이준 025620 부채총계 27,371,739,331 13,930,589,818
제이준 025620 자본금 0 0
제이준 025620 자본잉여금 0 0
제이준 025620 자본조정 0 0
제이준 025620 기타포괄손익누계액 2,035,914,609 242,683,850
제이준 025620 이익잉여금(결손금) 11,820,871,386 -21,775,139,613
제이준 025620 자본총계 87,145,754,730 13,297,174,324
제이준 025620 자본과부채총계 114,517,494,061 27,227,764,142
date : 2017-03-31
제이준코스메틱 025620 유동자산 104,978,147,363 87,301,308,970
제이준코스메틱 025620 현금및현금성자산 5,501,775,204 3,207,382,332
제이준코스메틱 025620 매출채권 0 0
제이준코스메틱 025620 재고자산 8,282,712,988 4,334,329,198
제이준코스메틱 025620 기타유동금융자산 0 0
제이준코스메틱 025620 기타유동자산 4,126,634,561 2,204,283,012
제이준코스메틱 025620 매각예정비유동자산 0 0
제이준코스메틱 025620 비유동자산 33,618,385,734 28,012,546,188
제이준코스메틱 025620 장기금융상품 43,000,000 3,000,000
제이준코스메틱 025620 기타포괄손익-공정가치 0 0
제이준코스메틱 025620 당기손익인식공정가치측정금융자산 0 0
제이준코스메틱 025620 종속회사투자 0 0
제이준코스메틱 025620 관계회사투자 0 0
제이준코스메틱 025620 렌탈자산 0 0
제이준코스메틱 025620 유형자산 19,203,283,697 14,093,633,089
제이준코스메틱 025620 무형자산 7,021,274,925 6,986,427,364
제이준코스메틱 025620 기타비유동금융자산 0 0
제이준코스메틱 025620 기타비유동자산 0 0
제이준코스메틱 025620 사용권자산 0 0
제이준코스메틱 025620 이연법인세자산 1,438,426,491 1,991,711,806
제이준코스메틱 025620 자산총계 138,596,533,097 115,313,855,158
제이준코스메틱 025620 유동부채 29,747,885,496 28,894,962,523
제이준코스메틱 025620 단기매입채무 0 0
제이준코스메틱 025620 단기차입금 481,911,200 28,894,962,523
제이준코스메틱 025620 유동성장기차입금 0 0
제이준코스메틱 025620 유동성사채 0 0
제이준코스메틱 025620 기타유동금융부채 0 0
제이준코스메틱 025620 기타유동부채 639,326,587 527,482,142
제이준코스메틱 025620 당기법인세부채 0 0
제이준코스메틱 025620 유동리스부채 0 0
제이준코스메틱 025620 비유동부채 3,524,832,152 527,482,142
제이준코스메틱 025620 사채 0 0
제이준코스메틱 025620 장기차입금 0 0
제이준코스메틱 025620 기타비유동금융부채 0 0
제이준코스메틱 025620 이연법인세부채 0 0
제이준코스메틱 025620 비유동리스부채 0 0
제이준코스메틱 025620 부채총계 29,747,885,496 28,894,962,523
제이준코스메틱 025620 자본금 0 0
제이준코스메틱 025620 자본잉여금 0 0
제이준코스메틱 025620 자본조정 0 0
제이준코스메틱 025620 기타포괄손익누계액 870,415,998 2,035,914,609
제이준코스메틱 025620 이익잉여금(결손금) 23,354,154,958 11,103,064,795
제이준코스메틱 025620 자본총계 108,848,647,601 86,418,892,635
제이준코스메틱 025620 자본과부채총계 138,596,533,097 115,313,855,158
date : 2017-06-30
제이준코스메틱 025620 유동자산 90,668,408,108 87,301,308,970
제이준코스메틱 025620 현금및현금성자산 5,600,053,536 3,207,382,332
제이준코스메틱 025620 매출채권 0 0
제이준코스메틱 025620 재고자산 9,734,653,203 4,334,329,198
제이준코스메틱 025620 기타유동금융자산 0 0
제이준코스메틱 025620 기타유동자산 1,331,986,381 2,204,283,012
제이준코스메틱 025620 매각예정비유동자산 0 0
제이준코스메틱 025620 비유동자산 47,294,259,042 28,012,546,188
제이준코스메틱 025620 장기금융상품 163,000,000 3,000,000
제이준코스메틱 025620 기타포괄손익-공정가치 0 0
제이준코스메틱 025620 당기손익인식공정가치측정금융자산 0 0
제이준코스메틱 025620 종속회사투자 0 0
제이준코스메틱 025620 관계회사투자 0 0
제이준코스메틱 025620 렌탈자산 0 0
제이준코스메틱 025620 유형자산 28,844,717,518 14,093,633,089
제이준코스메틱 025620 무형자산 7,570,536,287 6,986,427,364
제이준코스메틱 025620 기타비유동금융자산 0 0
제이준코스메틱 025620 기타비유동자산 0 0
제이준코스메틱 025620 사용권자산 0 0
제이준코스메틱 025620 이연법인세자산 4,672,645,813 1,991,711,806
제이준코스메틱 025620 자산총계 137,962,667,150 115,313,855,158
제이준코스메틱 025620 유동부채 23,921,093,396 28,894,962,523
제이준코스메틱 025620 단기매입채무 0 0
제이준코스메틱 025620 단기차입금 7,500,000,000 28,894,962,523
제이준코스메틱 025620 유동성장기차입금 0 0
제이준코스메틱 025620 유동성사채 0 0
제이준코스메틱 025620 기타유동금융부채 0 0
제이준코스메틱 025620 기타유동부채 551,593,270 527,482,142
제이준코스메틱 025620 당기법인세부채 0 0
제이준코스메틱 025620 유동리스부채 0 0
제이준코스메틱 025620 비유동부채 0 0
제이준코스메틱 025620 사채 0 0
제이준코스메틱 025620 장기차입금 0 0
제이준코스메틱 025620 기타비유동금융부채 0 0
제이준코스메틱 025620 이연법인세부채 0 0
제이준코스메틱 025620 비유동리스부채 0 0
제이준코스메틱 025620 부채총계 23,921,093,396 28,894,962,523
제이준코스메틱 025620 자본금 0 0
제이준코스메틱 025620 자본잉여금 0 0
제이준코스메틱 025620 자본조정 0 0
제이준코스메틱 025620 기타포괄손익누계액 2,142,702,263 2,035,914,609
제이준코스메틱 025620 이익잉여금(결손금) 28,575,396,461 11,103,064,795
제이준코스메틱 025620 자본총계 114,041,573,754 86,418,892,635
제이준코스메틱 025620 자본과부채총계 137,962,667,150 115,313,855,158
date : 2017-09-30
제이준코스메틱 025620 유동자산 81,369,575,453 87,301,308,970
제이준코스메틱 025620 현금및현금성자산 2,514,695,284 3,207,382,332
제이준코스메틱 025620 매출채권 및 기타유동채권
제이준코스메틱 025620 재고자산 11,721,300,353 4,334,329,198
제이준코스메틱 025620 기타유동금융자산 0 0
제이준코스메틱 025620 기타유동자산 2,124,320,774 2,204,283,012
제이준코스메틱 025620 매각예정비유동자산 0 0
제이준코스메틱 025620 비유동자산 65,696,466,937 28,012,546,188
제이준코스메틱 025620 장기금융상품 256,321,726 3,000,000
제이준코스메틱 025620 기타포괄손익-공정가치 0 0
제이준코스메틱 025620 당기손익인식공정가치측정금융자산 0 0
제이준코스메틱 025620 종속회사투자 0 0
제이준코스메틱 025620 관계회사투자 0 0
제이준코스메틱 025620 렌탈자산 0 0
제이준코스메틱 025620 유형자산 49,377,019,830 14,093,633,089
제이준코스메틱 025620 무형자산 7,607,654,281 6,986,427,364
제이준코스메틱 025620 기타비유동금융자산 0 0
제이준코스메틱 025620 기타비유동자산 0 0
제이준코스메틱 025620 사용권자산 0 0
제이준코스메틱 025620 이연법인세자산 2,776,442,982 1,991,711,806
제이준코스메틱 025620 자산총계 147,066,042,390 115,313,855,158
제이준코스메틱 025620 유동부채 14,348,570,293 28,894,962,523
제이준코스메틱 025620 단기매입채무 0 0
제이준코스메틱 025620 단기차입금 0 0
제이준코스메틱 025620 유동성장기차입금 0 0
제이준코스메틱 025620 유동성사채 0 0
제이준코스메틱 025620 기타유동금융부채 0 0
제이준코스메틱 025620 기타유동부채 266,377,934 527,482,142
제이준코스메틱 025620 당기법인세부채 0 0
제이준코스메틱 025620 유동리스부채 0 0
제이준코스메틱 025620 비유동부채 8,020,000,000 527,482,142
제이준코스메틱 025620 사채 0 0
제이준코스메틱 025620 장기차입금 8,000,000,000 527,482,142
제이준코스메틱 025620 기타비유동금융부채 0 0
제이준코스메틱 025620 이연법인세부채 0 0
제이준코스메틱 025620 비유동리스부채 0 0
제이준코스메틱 025620 부채총계 22,368,570,293 28,894,962,523
제이준코스메틱 025620 자본금 6,693,426,800 5,385,272,500
제이준코스메틱 025620 자본잉여금 0 0
제이준코스메틱 025620 자본조정 0 0
제이준코스메틱 025620 기타포괄손익누계액 1,876,403,790 2,035,914,609
제이준코스메틱 025620 이익잉여금(결손금) 36,334,217,014 11,103,064,795
제이준코스메틱 025620 자본총계 124,697,472,097 86,418,892,635
제이준코스메틱 025620 자본과부채총계 147,066,042,390 115,313,855,158
date : 2017-12-31
제이준코스메틱 025620 유동자산 77,184,040,544 87,301,308,970
제이준코스메틱 025620 현금및현금성자산 4,523,409,870 3,207,382,332
제이준코스메틱 025620 매출채권 및 기타유동채권
제이준코스메틱 025620 재고자산 12,799,215,387 4,334,329,198
제이준코스메틱 025620 기타유동금융자산 0 0
제이준코스메틱 025620 기타유동자산 1,974,631,052 2,204,283,012
제이준코스메틱 025620 매각예정비유동자산 0 0
제이준코스메틱 025620 비유동자산 75,624,428,909 28,012,546,188
제이준코스메틱 025620 장기금융상품 358,536,210 3,000,000
제이준코스메틱 025620 기타포괄손익-공정가치 0 0
제이준코스메틱 025620 당기손익인식공정가치측정금융자산 0 0
제이준코스메틱 025620 종속회사투자 0 0
제이준코스메틱 025620 관계회사투자 0 0
제이준코스메틱 025620 렌탈자산 0 0
제이준코스메틱 025620 유형자산 53,911,808,191 14,093,633,089
제이준코스메틱 025620 무형자산 7,674,472,814 6,986,427,364
제이준코스메틱 025620 기타비유동금융자산 0 0
제이준코스메틱 025620 기타비유동자산 0 0
제이준코스메틱 025620 사용권자산 0 0
제이준코스메틱 025620 이연법인세자산 6,741,850,897 1,991,711,806
제이준코스메틱 025620 자산총계 152,808,469,453 115,313,855,158
제이준코스메틱 025620 유동부채 17,790,729,416 28,894,962,523
제이준코스메틱 025620 단기매입채무 0 0
제이준코스메틱 025620 단기차입금 10,000,000,000 481,911,200
제이준코스메틱 025620 유동성장기차입금 0 0
제이준코스메틱 025620 유동성사채 0 0
제이준코스메틱 025620 기타유동금융부채 0 0
제이준코스메틱 025620 기타유동부채 939,521,981 527,482,142
제이준코스메틱 025620 당기법인세부채 0 0
제이준코스메틱 025620 유동리스부채 0 0
제이준코스메틱 025620 비유동부채 8,020,000,000 3,524,832,152
제이준코스메틱 025620 사채 0 0
제이준코스메틱 025620 장기차입금 8,000,000,000 957,500,000
제이준코스메틱 025620 기타비유동금융부채 0 0
제이준코스메틱 025620 이연법인세부채 0 0
제이준코스메틱 025620 비유동리스부채 0 0
제이준코스메틱 025620 부채총계 25,810,729,416 28,894,962,523
제이준코스메틱 025620 자본금 13,240,735,000 5,385,272,500
제이준코스메틱 025620 자본잉여금 0 0
제이준코스메틱 025620 자본조정 0 0
제이준코스메틱 025620 기타포괄손익누계액 1,976,938,891 2,035,914,609
제이준코스메틱 025620 이익잉여금(결손금) 38,499,869,433 11,103,064,795
제이준코스메틱 025620 자본총계 126,997,740,037 86,418,892,635
제이준코스메틱 025620 자본과부채총계 152,808,469,453 115,313,855,158
date : 2018-03-31
제이준코스메틱 025620 유동자산 98,631,931,587 77,184,040,544
제이준코스메틱 025620 현금및현금성자산 5,189,619,165 4,523,409,870
제이준코스메틱 025620 매출채권 및 기타유동채권
제이준코스메틱 025620 재고자산 17,284,372,612 12,799,215,387
제이준코스메틱 025620 기타유동금융자산 0 0
제이준코스메틱 025620 기타유동자산 2,709,921,843 1,974,631,052
제이준코스메틱 025620 매각예정비유동자산 0 0
제이준코스메틱 025620 비유동자산 78,225,500,873 75,624,428,909
제이준코스메틱 025620 장기금융상품 465,350,413 358,536,210
제이준코스메틱 025620 기타포괄손익-공정가치 0 0
제이준코스메틱 025620 당기손익인식공정가치측정금융자산 0 0
제이준코스메틱 025620 종속회사투자 0 0
제이준코스메틱 025620 관계회사투자 0 0
제이준코스메틱 025620 렌탈자산 0 0
제이준코스메틱 025620 유형자산 56,611,308,260 53,911,808,191
제이준코스메틱 025620 무형자산 7,774,332,917 7,674,472,814
제이준코스메틱 025620 기타비유동금융자산 0 0
제이준코스메틱 025620 기타비유동자산 0 0
제이준코스메틱 025620 사용권자산 0 0
제이준코스메틱 025620 이연법인세자산 5,327,426,236 6,741,850,897
제이준코스메틱 025620 자산총계 176,857,432,460 152,808,469,453
제이준코스메틱 025620 유동부채 33,476,885,895 17,790,729,416
제이준코스메틱 025620 단기매입채무 0 0
제이준코스메틱 025620 단기차입금 10,000,000,000 10,000,000,000
제이준코스메틱 025620 유동성장기차입금 0 0
제이준코스메틱 025620 유동성사채 0 0
제이준코스메틱 025620 기타유동금융부채 0 0
제이준코스메틱 025620 기타유동부채 1,444,849,139 939,521,981
제이준코스메틱 025620 당기법인세부채 0 0
제이준코스메틱 025620 유동리스부채 0 0
제이준코스메틱 025620 비유동부채 8,030,000,000 8,020,000,000
제이준코스메틱 025620 사채 0 0
제이준코스메틱 025620 장기차입금 8,000,000,000 8,000,000,000
제이준코스메틱 025620 기타비유동금융부채 0 0
제이준코스메틱 025620 이연법인세부채 0 0
제이준코스메틱 025620 비유동리스부채 0 0
제이준코스메틱 025620 부채총계 41,506,885,895 25,810,729,416
제이준코스메틱 025620 자본금 13,242,078,000 13,240,735,000
제이준코스메틱 025620 자본잉여금 0 0
제이준코스메틱 025620 자본조정 0 0
제이준코스메틱 025620 기타포괄손익누계액 1,481,632,789 1,976,938,891
제이준코스메틱 025620 이익잉여금(결손금) 0 0
제이준코스메틱 025620 자본총계 135,350,546,565 126,997,740,037
제이준코스메틱 025620 자본과부채총계 0 0
date : 2018-06-30
제이준코스메틱 025620 유동자산 121,190,209,121 77,184,040,544
제이준코스메틱 025620 현금및현금성자산 1,049,168,778 4,523,409,870
제이준코스메틱 025620 매출채권 및 기타채권
제이준코스메틱 025620 재고자산 25,048,026,372 12,799,215,387
제이준코스메틱 025620 기타유동금융자산 0 0
제이준코스메틱 025620 기타유동자산 12,710,941,438 1,974,631,052
제이준코스메틱 025620 매각예정비유동자산 0 0
제이준코스메틱 025620 비유동자산 76,516,608,498 76,030,080,861
제이준코스메틱 025620 장기금융상품 572,199,162 358,536,210
제이준코스메틱 025620 기타포괄손익-공정가치 0 0
제이준코스메틱 025620 당기손익인식공정가치측정금융자산 0 0
제이준코스메틱 025620 종속회사투자 0 0
제이준코스메틱 025620 관계회사투자 0 0
제이준코스메틱 025620 렌탈자산 0 0
제이준코스메틱 025620 유형자산 59,736,590,135 53,911,808,191
제이준코스메틱 025620 무형자산 7,766,574,839 7,674,472,814
제이준코스메틱 025620 기타비유동금융자산 0 0
제이준코스메틱 025620 기타비유동자산 0 0
제이준코스메틱 025620 사용권자산 0 0
제이준코스메틱 025620 이연법인세자산 2,347,807,871 6,751,393,646
제이준코스메틱 025620 자산총계 197,706,817,619 153,214,121,405
제이준코스메틱 025620 유동부채 46,894,728,352 17,790,729,416
제이준코스메틱 025620 단기매입채무 0 0
제이준코스메틱 025620 단기차입금 20,000,000,000 10,000,000,000
제이준코스메틱 025620 유동성장기차입금 0 0
제이준코스메틱 025620 유동성사채 0 0
제이준코스메틱 025620 기타유동금융부채 0 0
제이준코스메틱 025620 기타유동부채 1,855,466,116 939,521,981
제이준코스메틱 025620 당기법인세부채 0 0
제이준코스메틱 025620 유동리스부채 0 0
제이준코스메틱 025620 비유동부채 8,030,000,000 8,020,000,000
제이준코스메틱 025620 사채 0 0
제이준코스메틱 025620 장기차입금 8,000,000,000 8,000,000,000
제이준코스메틱 025620 기타비유동금융부채 0 0
제이준코스메틱 025620 이연법인세부채 0 0
제이준코스메틱 025620 비유동리스부채 0 0
제이준코스메틱 025620 부채총계 54,924,728,352 25,810,729,416
제이준코스메틱 025620 자본금 13,256,200,000 13,240,735,000
제이준코스메틱 025620 자본잉여금 0 0
제이준코스메틱 025620 자본조정 0 0
제이준코스메틱 025620 기타포괄손익누계액 676,277,956 1,976,938,891
제이준코스메틱 025620 이익잉여금(결손금) 0 0
제이준코스메틱 025620 자본총계 142,782,089,267 127,403,391,989
제이준코스메틱 025620 자본과부채총계 0 0
date : 2018-09-30
제이준코스메틱 025620 유동자산 128,658,760,395 77,184,040,544
제이준코스메틱 025620 현금및현금성자산 193,642,298 4,523,409,870
제이준코스메틱 025620 매출채권 0 0
제이준코스메틱 025620 재고자산 30,235,033,763 12,799,215,387
제이준코스메틱 025620 기타유동금융자산 0 0
제이준코스메틱 025620 기타유동자산 13,608,263,420 1,974,631,052
제이준코스메틱 025620 매각예정비유동자산 0 0
제이준코스메틱 025620 비유동자산 76,153,743,867 76,030,080,861
제이준코스메틱 025620 장기금융상품 679,090,490 358,536,210
제이준코스메틱 025620 기타포괄손익-공정가치 0 0
제이준코스메틱 025620 당기손익인식공정가치측정금융자산 0 0
제이준코스메틱 025620 종속회사투자 0 0
제이준코스메틱 025620 관계회사투자 0 0
제이준코스메틱 025620 렌탈자산 0 0
제이준코스메틱 025620 유형자산 59,523,819,192 53,911,808,191
제이준코스메틱 025620 무형자산 7,752,080,399 7,674,472,814
제이준코스메틱 025620 기타비유동금융자산 0 0
제이준코스메틱 025620 기타비유동자산 0 0
제이준코스메틱 025620 사용권자산 0 0
제이준코스메틱 025620 이연법인세자산 2,398,134,525 6,751,393,646
제이준코스메틱 025620 자산총계 204,812,504,262 153,214,121,405
제이준코스메틱 025620 유동부채 52,267,550,181 17,790,729,416
제이준코스메틱 025620 단기매입채무 0 0
제이준코스메틱 025620 단기차입금 34,002,000,000 10,000,000,000
제이준코스메틱 025620 유동성장기차입금 0 0
제이준코스메틱 025620 유동성사채 0 0
제이준코스메틱 025620 기타유동금융부채 0 0
제이준코스메틱 025620 기타유동부채 2,159,042,532 939,521,981
제이준코스메틱 025620 당기법인세부채 0 0
제이준코스메틱 025620 유동리스부채 0 0
제이준코스메틱 025620 비유동부채 8,030,000,000 8,020,000,000
제이준코스메틱 025620 사채 0 0
제이준코스메틱 025620 장기차입금 8,000,000,000 8,000,000,000
제이준코스메틱 025620 기타비유동금융부채 0 0
제이준코스메틱 025620 이연법인세부채 0 0
제이준코스메틱 025620 비유동리스부채 0 0
제이준코스메틱 025620 부채총계 60,297,550,181 25,810,729,416
제이준코스메틱 025620 자본금 13,261,215,000 13,240,735,000
제이준코스메틱 025620 자본잉여금 0 0
제이준코스메틱 025620 자본조정 0 0
제이준코스메틱 025620 기타포괄손익누계액 259,621,313 1,976,938,891
제이준코스메틱 025620 이익잉여금(결손금) 0 0
제이준코스메틱 025620 자본총계 144,514,954,081 127,403,391,989
제이준코스메틱 025620 자본과부채총계 0 0
date : 2018-12-31
제이준코스메틱 025620 유동자산 135,243,124,347 77,184,040,544
제이준코스메틱 025620 현금및현금성자산 8,063,304,744 4,523,409,870
제이준코스메틱 025620 매출채권 66,225,050,947 44,375,785,147
제이준코스메틱 025620 재고자산 27,776,132,960 12,799,215,387
제이준코스메틱 025620 기타유동금융자산 0 0
제이준코스메틱 025620 기타유동자산 6,105,556,954 1,974,631,052
제이준코스메틱 025620 매각예정비유동자산 0 0
제이준코스메틱 025620 비유동자산 77,490,606,294 76,030,080,861
제이준코스메틱 025620 장기금융상품 693,097,768 358,536,210
제이준코스메틱 025620 기타포괄손익-공정가치 0 0
제이준코스메틱 025620 당기손익인식공정가치측정금융자산 0 0
제이준코스메틱 025620 종속회사투자 0 0
제이준코스메틱 025620 관계회사투자 0 0
제이준코스메틱 025620 렌탈자산 0 0
제이준코스메틱 025620 유형자산 59,039,605,929 53,911,808,191
제이준코스메틱 025620 무형자산 7,577,324,626 7,674,472,814
제이준코스메틱 025620 기타비유동금융자산 0 0
제이준코스메틱 025620 기타비유동자산 0 0
제이준코스메틱 025620 사용권자산 0 0
제이준코스메틱 025620 이연법인세자산 5,364,472,110 6,751,393,646
제이준코스메틱 025620 자산총계 212,733,730,641 153,214,121,405
제이준코스메틱 025620 유동부채 38,879,808,280 17,790,729,416
제이준코스메틱 025620 단기매입채무 0 0
제이준코스메틱 025620 단기차입금 33,500,000,000 10,000,000,000
제이준코스메틱 025620 유동성장기차입금 0 0
제이준코스메틱 025620 유동성사채 0 0
제이준코스메틱 025620 기타유동금융부채 0 0
제이준코스메틱 025620 기타유동부채 239,564,444 451,642,471
제이준코스메틱 025620 당기법인세부채 116,344,535 487,879,510
제이준코스메틱 025620 유동리스부채 0 0
제이준코스메틱 025620 비유동부채 47,005,214,640 8,020,000,000
제이준코스메틱 025620 사채 0 0
제이준코스메틱 025620 장기차입금 8,000,000,000 8,000,000,000
제이준코스메틱 025620 기타비유동금융부채 30,000,000 20,000,000
제이준코스메틱 025620 이연법인세부채 0 0
제이준코스메틱 025620 비유동리스부채 0 0
제이준코스메틱 025620 부채총계 85,885,022,920 25,810,729,416
제이준코스메틱 025620 자본금 13,262,092,000 13,240,735,000
제이준코스메틱 025620 자본잉여금 0 0
제이준코스메틱 025620 자본조정 0 0
제이준코스메틱 025620 기타포괄손익누계액 -123,807,078 1,976,938,891
제이준코스메틱 025620 이익잉여금(결손금) 0 0
제이준코스메틱 025620 자본총계 126,848,707,721 127,403,391,989
제이준코스메틱 025620 자본과부채총계 0 0
date : 2019-03-31
제이준코스메틱 025620 유동자산 89,152,280,069 135,243,124,347
제이준코스메틱 025620 현금및현금성자산 403,456,202 8,063,304,744
제이준코스메틱 025620 매출채권 55,510,193,439 66,225,050,947
제이준코스메틱 025620 재고자산 28,240,636,610 27,776,132,960
제이준코스메틱 025620 기타유동금융자산 0 0
제이준코스메틱 025620 기타유동자산 3,592,747,706 6,105,556,954
제이준코스메틱 025620 매각예정비유동자산 0 0
제이준코스메틱 025620 비유동자산 127,285,080,768 77,490,606,294
제이준코스메틱 025620 장기금융상품 810,530,409 693,097,768
제이준코스메틱 025620 기타포괄손익-공정가치 0 0
제이준코스메틱 025620 당기손익인식공정가치측정금융자산 0 0
제이준코스메틱 025620 종속회사투자 0 0
제이준코스메틱 025620 관계회사투자 0 0
제이준코스메틱 025620 렌탈자산 0 0
제이준코스메틱 025620 유형자산 59,196,392,268 59,039,605,929
제이준코스메틱 025620 무형자산 7,564,268,939 7,577,324,626
제이준코스메틱 025620 기타비유동금융자산 0 0
제이준코스메틱 025620 기타비유동자산 0 0
제이준코스메틱 025620 사용권자산 0 0
제이준코스메틱 025620 이연법인세자산 7,972,445,032 5,364,472,110
제이준코스메틱 025620 자산총계 216,437,360,837 212,733,730,641
제이준코스메틱 025620 유동부채 44,261,069,847 38,879,808,280
제이준코스메틱 025620 단기매입채무 0 0
제이준코스메틱 025620 단기차입금 37,230,000,000 33,500,000,000
제이준코스메틱 025620 유동성장기차입금 0 0
제이준코스메틱 025620 유동성사채 0 0
제이준코스메틱 025620 기타유동금융부채 0 0
제이준코스메틱 025620 기타유동부채 257,590,418 239,564,444
제이준코스메틱 025620 당기법인세부채 116,344,535 116,344,535
제이준코스메틱 025620 유동리스부채 0 0
제이준코스메틱 025620 비유동부채 51,214,600,263 47,005,214,640
제이준코스메틱 025620 사채 0 0
제이준코스메틱 025620 장기차입금 8,000,000,000 8,000,000,000
제이준코스메틱 025620 기타비유동금융부채 0 0
제이준코스메틱 025620 이연법인세부채 0 0
제이준코스메틱 025620 비유동리스부채 0 0
제이준코스메틱 025620 부채총계 95,475,670,110 85,885,022,920
제이준코스메틱 025620 자본금 13,262,092,000 13,262,092,000
제이준코스메틱 025620 자본잉여금 0 0
제이준코스메틱 025620 자본조정 0 0
제이준코스메틱 025620 기타포괄손익누계액 -123,807,078 13,262,092,000
제이준코스메틱 025620 이익잉여금(결손금) 0 0
제이준코스메틱 025620 자본총계 120,961,690,727 126,848,707,721
제이준코스메틱 025620 자본과부채총계 0 0
