date : 2019-03-31
한국정보통신 025770 유동자산 227,102,130,000 214,871,231,000
한국정보통신 025770 현금및현금성자산 19,914,715,000 13,595,360,000
한국정보통신 025770 매출채권 및 기타유동채권
한국정보통신 025770 기타유동금융자산 102,959,635,000 85,178,745,000
한국정보통신 025770 기타유동자산 24,518,367,000 27,972,848,000
한국정보통신 025770 재고자산 5,735,960,000 3,250,247,000
한국정보통신 025770 비유동자산 75,921,672,000 75,286,208,000
한국정보통신 025770 기타비유동금융자산 1,244,946,000 1,818,878,000
한국정보통신 025770 유형자산 13,596,992,000 15,652,063,000
한국정보통신 025770 무형자산 3,117,293,000 3,109,685,000
한국정보통신 025770 사용권자산 3,411,920,000 0
한국정보통신 025770 기타비유동자산 17,759,393,000 17,759,393,000
한국정보통신 025770 이연법인세자산 5,130,978,000 5,170,099,000
한국정보통신 025770 자산총계 303,023,802,000 290,157,439,000
한국정보통신 025770 유동부채 105,733,103,000 100,343,169,000
한국정보통신 025770 기타유동부채 11,503,069,000 12,839,012,000
한국정보통신 025770 단기차입금 5,000,000,000 5,000,000,000
한국정보통신 025770 당기법인세부채 7,501,688,000 5,424,921,000
한국정보통신 025770 비유동부채 5,253,890,000 3,345,207,000
한국정보통신 025770 부채총계 110,986,993,000 103,688,376,000
한국정보통신 025770 자본금 19,406,372,000 19,406,372,000
한국정보통신 025770 자본잉여금 20,545,395,000 20,545,395,000
한국정보통신 025770 기타포괄손익누계액 -8,096,288,000 -8,096,288,000
한국정보통신 025770 이익잉여금(결손금) 168,170,201,000 161,927,559,000
한국정보통신 025770 자본총계 192,036,809,000 186,469,063,000
한국정보통신 025770 자본과부채총계 303,023,802,000 290,157,439,000
