date : 2015-12-31
로만손 026040 유동자산 94,240,116,749 85,032,798,594
로만손 026040 현금및현금성자산 14,385,379,728 14,715,029,639
로만손 026040 매출채권 26,846,503,591 29,633,658,105
로만손 026040 재고자산 31,229,736,386 32,756,401,747
로만손 026040 기타유동금융자산 0 0
로만손 026040 기타유동자산 3,808,774,736 4,004,080,173
로만손 026040 매각예정비유동자산 0 0
로만손 026040 비유동자산 35,474,594,821 33,702,158,292
로만손 026040 장기금융상품 0 0
로만손 026040 기타포괄손익-공정가치 0 0
로만손 026040 당기손익인식공정가치측정금융자산 0 0
로만손 026040 종속회사투자 0 0
로만손 026040 관계회사투자 0 0
로만손 026040 렌탈자산 0 0
로만손 026040 유형자산 23,717,007,543 23,588,631,504
로만손 026040 무형자산 3,068,611,841 2,925,153,636
로만손 026040 기타비유동금융자산 0 0
로만손 026040 기타비유동자산 0 0
로만손 026040 사용권자산 0 0
로만손 026040 이연법인세자산 146,914,583 963,242,897
로만손 026040 자산총계 129,714,711,570 118,734,956,886
로만손 026040 유동부채 39,532,171,767 43,747,756,061
로만손 026040 단기매입채무 0 0
로만손 026040 단기차입금 23,739,751,641 28,726,528,326
로만손 026040 유동성장기차입금 0 0
로만손 026040 유동성사채 0 0
로만손 026040 기타유동금융부채 0 0
로만손 026040 기타유동부채 0 0
로만손 026040 당기법인세부채 2,110,994,002 2,939,052,591
로만손 026040 유동리스부채 0 0
로만손 026040 비유동부채 7,950,991,677 0
로만손 026040 사채 0 0
로만손 026040 장기차입금 7,950,991,677 0
로만손 026040 기타비유동금융부채 0 0
로만손 026040 이연법인세부채 0 0
로만손 026040 비유동리스부채 0 0
로만손 026040 부채총계 47,483,163,444 43,747,756,061
로만손 026040 자본금 0 0
로만손 026040 자본잉여금 0 0
로만손 026040 자본조정 0 0
로만손 026040 기타포괄손익누계액 28,178,157,511 20,145,388,191
로만손 026040 이익잉여금(결손금) 49,965,785,279 47,516,839,763
로만손 026040 자본총계 82,231,548,126 74,987,200,825
로만손 026040 자본과부채총계 129,714,711,570 118,734,956,886
date : 2016-03-31
로만손 026040 유동자산 99,882,787,006 94,240,116,749
로만손 026040 현금및현금성자산 8,370,630,394 14,385,379,728
로만손 026040 매출채권 28,306,294,640 26,846,503,591
로만손 026040 재고자산 34,588,508,575 31,229,736,386
로만손 026040 기타유동금융자산 0 0
로만손 026040 기타유동자산 6,057,132,610 3,808,774,736
로만손 026040 매각예정비유동자산 0 0
로만손 026040 비유동자산 35,773,778,479 35,474,594,821
로만손 026040 장기금융상품 0 0
로만손 026040 기타포괄손익-공정가치 0 0
로만손 026040 당기손익인식공정가치측정금융자산 0 0
로만손 026040 종속회사투자 0 0
로만손 026040 관계회사투자 0 0
로만손 026040 렌탈자산 0 0
로만손 026040 유형자산 24,390,844,366 23,717,007,543
로만손 026040 무형자산 2,201,380,601 3,068,611,841
로만손 026040 기타비유동금융자산 0 0
로만손 026040 기타비유동자산 0 0
로만손 026040 사용권자산 0 0
로만손 026040 이연법인세자산 658,757,016 146,914,583
로만손 026040 자산총계 135,656,565,485 129,714,711,570
로만손 026040 유동부채 45,334,704,098 39,532,171,767
로만손 026040 단기매입채무 0 0
로만손 026040 단기차입금 23,972,073,849 23,739,751,641
로만손 026040 유동성장기차입금 0 0
로만손 026040 유동성사채 0 0
로만손 026040 기타유동금융부채 0 0
로만손 026040 기타유동부채 0 23,739,751,641
로만손 026040 당기법인세부채 3,267,142,070 2,110,994,002
로만손 026040 유동리스부채 0 0
로만손 026040 비유동부채 8,047,241,460 7,950,991,677
로만손 026040 사채 0 0
로만손 026040 장기차입금 8,047,241,460 7,950,991,677
로만손 026040 기타비유동금융부채 0 0
로만손 026040 이연법인세부채 0 7,950,991,677
로만손 026040 비유동리스부채 0 0
로만손 026040 부채총계 53,381,945,558 47,483,163,444
로만손 026040 자본금 0 0
로만손 026040 자본잉여금 0 0
로만손 026040 자본조정 0 0
로만손 026040 기타포괄손익누계액 28,178,157,511 28,178,157,511
로만손 026040 이익잉여금(결손금) 50,821,105,940 49,965,785,279
로만손 026040 자본총계 82,274,619,927 82,231,548,126
로만손 026040 자본과부채총계 135,656,565,485 129,714,711,570
date : 2016-06-30
제이에스티나 026040 유동자산 98,916,993,835 94,240,116,749
제이에스티나 026040 현금및현금성자산 5,361,792,515 14,385,379,728
제이에스티나 026040 매출채권 26,516,867,602 26,846,503,591
제이에스티나 026040 재고자산 35,363,197,758 31,229,736,386
제이에스티나 026040 기타유동금융자산 0 0
제이에스티나 026040 기타유동자산 5,789,056,320 3,808,774,736
제이에스티나 026040 매각예정비유동자산 0 0
제이에스티나 026040 비유동자산 32,505,965,043 35,474,594,821
제이에스티나 026040 장기금융상품 0 0
제이에스티나 026040 기타포괄손익-공정가치 0 0
제이에스티나 026040 당기손익인식공정가치측정금융자산 0 0
제이에스티나 026040 종속회사투자 0 0
제이에스티나 026040 관계회사투자 0 0
제이에스티나 026040 렌탈자산 0 0
제이에스티나 026040 유형자산 24,718,458,009 23,717,007,543
제이에스티나 026040 무형자산 2,121,961,220 3,068,611,841
제이에스티나 026040 기타비유동금융자산 0 0
제이에스티나 026040 기타비유동자산 0 0
제이에스티나 026040 사용권자산 0 0
제이에스티나 026040 이연법인세자산 555,845,797 146,914,583
제이에스티나 026040 자산총계 131,422,958,878 129,714,711,570
제이에스티나 026040 유동부채 39,629,809,988 39,532,171,767
제이에스티나 026040 단기매입채무 0 0
제이에스티나 026040 단기차입금 22,299,320,492 23,739,751,641
제이에스티나 026040 유동성장기차입금 0 0
제이에스티나 026040 유동성사채 0 0
제이에스티나 026040 기타유동금융부채 0 0
제이에스티나 026040 기타유동부채 0 23,739,751,641
제이에스티나 026040 당기법인세부채 3,485,724,605 2,110,994,002
제이에스티나 026040 유동리스부채 0 0
제이에스티나 026040 비유동부채 9,739,481,487 7,950,991,677
제이에스티나 026040 사채 0 0
제이에스티나 026040 장기차입금 9,739,481,487 7,950,991,677
제이에스티나 026040 기타비유동금융부채 0 0
제이에스티나 026040 이연법인세부채 0 7,950,991,677
제이에스티나 026040 비유동리스부채 0 0
제이에스티나 026040 부채총계 49,369,291,475 47,483,163,444
제이에스티나 026040 자본금 0 0
제이에스티나 026040 자본잉여금 0 0
제이에스티나 026040 자본조정 0 0
제이에스티나 026040 기타포괄손익누계액 28,446,057,115 28,178,157,511
제이에스티나 026040 이익잉여금(결손금) 52,677,211,207 49,965,785,279
제이에스티나 026040 자본총계 82,053,667,403 82,231,548,126
제이에스티나 026040 자본과부채총계 131,422,958,878 129,714,711,570
date : 2016-09-30
제이에스티나 026040 유동자산 98,796,665,953 94,240,116,749
제이에스티나 026040 현금및현금성자산 4,738,508,787 14,385,379,728
제이에스티나 026040 매출채권 25,577,914,856 26,846,503,591
제이에스티나 026040 재고자산 36,922,702,388 31,229,736,386
제이에스티나 026040 기타유동금융자산 0 0
제이에스티나 026040 기타유동자산 5,202,341,456 3,808,774,736
제이에스티나 026040 매각예정비유동자산 0 0
제이에스티나 026040 비유동자산 32,853,309,951 35,474,594,821
제이에스티나 026040 장기금융상품 0 0
제이에스티나 026040 기타포괄손익-공정가치 0 0
제이에스티나 026040 당기손익인식공정가치측정금융자산 0 0
제이에스티나 026040 종속회사투자 0 0
제이에스티나 026040 관계회사투자 0 0
제이에스티나 026040 렌탈자산 0 0
제이에스티나 026040 유형자산 25,097,613,647 23,717,007,543
제이에스티나 026040 무형자산 2,114,320,623 3,068,611,841
제이에스티나 026040 기타비유동금융자산 0 0
제이에스티나 026040 기타비유동자산 0 0
제이에스티나 026040 사용권자산 0 0
제이에스티나 026040 이연법인세자산 711,675,665 146,914,583
제이에스티나 026040 자산총계 129,714,711,570 118,734,956,886
제이에스티나 026040 유동부채 39,251,158,526 39,532,171,767
제이에스티나 026040 단기매입채무 0 0
제이에스티나 026040 단기차입금 22,192,995,218 23,739,751,641
제이에스티나 026040 유동성장기차입금 0 0
제이에스티나 026040 유동성사채 0 0
제이에스티나 026040 기타유동금융부채 0 0
제이에스티나 026040 기타유동부채 0 23,739,751,641
제이에스티나 026040 당기법인세부채 2,681,016,187 2,110,994,002
제이에스티나 026040 유동리스부채 0 0
제이에스티나 026040 비유동부채 9,884,893,446 7,950,991,677
제이에스티나 026040 사채 0 0
제이에스티나 026040 장기차입금 9,884,893,446 7,950,991,677
제이에스티나 026040 기타비유동금융부채 0 0
제이에스티나 026040 이연법인세부채 0 7,950,991,677
제이에스티나 026040 비유동리스부채 0 0
제이에스티나 026040 부채총계 49,136,051,972 47,483,163,444
제이에스티나 026040 자본금 0 0
제이에스티나 026040 자본잉여금 0 0
제이에스티나 026040 자본조정 0 0
제이에스티나 026040 기타포괄손익누계액 28,446,057,115 28,178,157,511
제이에스티나 026040 이익잉여금(결손금) 53,435,863,057 49,965,785,279
제이에스티나 026040 자본총계 82,513,923,932 82,231,548,126
제이에스티나 026040 자본과부채총계 131,649,975,904 129,714,711,570
date : 2016-12-31
제이에스티나 026040 유동자산 91,955,374,120 94,240,116,749
제이에스티나 026040 현금및현금성자산 4,252,761,759 14,385,379,728
제이에스티나 026040 매출채권 26,987,731,352 26,846,503,591
제이에스티나 026040 재고자산 32,247,023,965 31,229,736,386
제이에스티나 026040 기타유동금융자산 0 0
제이에스티나 026040 기타유동자산 3,473,212,559 3,808,774,736
제이에스티나 026040 매각예정비유동자산 0 0
제이에스티나 026040 비유동자산 35,557,707,624 35,474,594,821
제이에스티나 026040 장기금융상품 0 0
제이에스티나 026040 기타포괄손익-공정가치 0 0
제이에스티나 026040 당기손익인식공정가치측정금융자산 0 0
제이에스티나 026040 종속회사투자 0 0
제이에스티나 026040 관계회사투자 0 0
제이에스티나 026040 렌탈자산 0 0
제이에스티나 026040 유형자산 24,827,690,836 23,717,007,543
제이에스티나 026040 무형자산 3,918,303,374 3,068,611,841
제이에스티나 026040 기타비유동금융자산 0 0
제이에스티나 026040 기타비유동자산 0 0
제이에스티나 026040 사용권자산 0 0
제이에스티나 026040 이연법인세자산 765,316,350 146,914,583
제이에스티나 026040 자산총계 127,513,081,744 129,714,711,570
제이에스티나 026040 유동부채 43,262,274,318 39,532,171,767
제이에스티나 026040 단기매입채무 0 0
제이에스티나 026040 단기차입금 22,156,125,393 23,739,751,641
제이에스티나 026040 유동성장기차입금 0 0
제이에스티나 026040 유동성사채 0 0
제이에스티나 026040 기타유동금융부채 0 0
제이에스티나 026040 기타유동부채 7,935,354,112 0
제이에스티나 026040 당기법인세부채 1,605,324,637 2,110,994,002
제이에스티나 026040 유동리스부채 0 0
제이에스티나 026040 비유동부채 2,103,776,943 7,950,991,677
제이에스티나 026040 사채 0 0
제이에스티나 026040 장기차입금 2,103,776,943 7,950,991,677
제이에스티나 026040 기타비유동금융부채 0 0
제이에스티나 026040 이연법인세부채 0 0
제이에스티나 026040 비유동리스부채 0 0
제이에스티나 026040 부채총계 45,366,051,261 47,483,163,444
제이에스티나 026040 자본금 0 0
제이에스티나 026040 자본잉여금 0 0
제이에스티나 026040 자본조정 0 0
제이에스티나 026040 기타포괄손익누계액 28,446,057,115 28,178,157,511
제이에스티나 026040 이익잉여금(결손금) 53,745,127,494 49,965,785,279
제이에스티나 026040 자본총계 82,147,030,483 82,231,548,126
제이에스티나 026040 자본과부채총계 127,513,081,744 129,714,711,570
date : 2017-03-31
제이에스티나 026040 유동자산 80,080,743,451 91,955,374,120
제이에스티나 026040 현금및현금성자산 4,574,934,942 4,252,761,759
제이에스티나 026040 매출채권 24,883,584,109 26,987,731,352
제이에스티나 026040 재고자산 33,757,563,436 32,247,023,965
제이에스티나 026040 기타유동금융자산 0 0
제이에스티나 026040 기타유동자산 5,657,966,327 3,473,212,559
제이에스티나 026040 매각예정비유동자산 0 0
제이에스티나 026040 비유동자산 39,206,512,411 35,557,707,624
제이에스티나 026040 장기금융상품 0 0
제이에스티나 026040 기타포괄손익-공정가치 0 0
제이에스티나 026040 당기손익인식공정가치측정금융자산 0 0
제이에스티나 026040 종속회사투자 0 0
제이에스티나 026040 관계회사투자 0 0
제이에스티나 026040 렌탈자산 0 0
제이에스티나 026040 유형자산 24,381,762,490 24,827,690,836
제이에스티나 026040 무형자산 4,141,414,259 3,918,303,374
제이에스티나 026040 기타비유동금융자산 0 0
제이에스티나 026040 기타비유동자산 0 0
제이에스티나 026040 사용권자산 0 0
제이에스티나 026040 이연법인세자산 1,228,570,434 765,316,350
제이에스티나 026040 자산총계 119,287,255,862 127,513,081,744
제이에스티나 026040 유동부채 36,448,862,227 43,262,274,318
제이에스티나 026040 단기매입채무 0 0
제이에스티나 026040 단기차입금 22,142,512,502 22,156,125,393
제이에스티나 026040 유동성장기차입금 0 0
제이에스티나 026040 유동성사채 0 0
제이에스티나 026040 기타유동금융부채 0 0
제이에스티나 026040 기타유동부채 0 7,935,354,112
제이에스티나 026040 당기법인세부채 1,336,217,211 1,605,324,637
제이에스티나 026040 유동리스부채 0 0
제이에스티나 026040 비유동부채 2,114,463,789 2,103,776,943
제이에스티나 026040 사채 0 0
제이에스티나 026040 장기차입금 2,114,463,789 2,103,776,943
제이에스티나 026040 기타비유동금융부채 0 0
제이에스티나 026040 이연법인세부채 0 0
제이에스티나 026040 비유동리스부채 0 0
제이에스티나 026040 부채총계 38,563,326,016 45,366,051,261
제이에스티나 026040 자본금 0 0
제이에스티나 026040 자본잉여금 0 0
제이에스티나 026040 자본조정 0 0
제이에스티나 026040 기타포괄손익누계액 28,446,057,115 28,446,057,115
제이에스티나 026040 이익잉여금(결손금) 52,322,026,857 53,745,127,494
제이에스티나 026040 자본총계 80,723,929,846 82,147,030,483
제이에스티나 026040 자본과부채총계 119,287,255,862 127,513,081,744
date : 2017-06-30
제이에스티나 026040 유동자산 75,896,706,014 91,955,374,120
제이에스티나 026040 현금및현금성자산 3,183,216,182 4,252,761,759
제이에스티나 026040 매출채권 24,241,552,978 26,987,731,352
제이에스티나 026040 재고자산 33,446,809,007 32,247,023,965
제이에스티나 026040 기타유동금융자산 0 0
제이에스티나 026040 기타유동자산 4,798,119,157 3,473,212,559
제이에스티나 026040 매각예정비유동자산 0 0
제이에스티나 026040 비유동자산 39,082,152,749 35,557,707,624
제이에스티나 026040 장기금융상품 0 0
제이에스티나 026040 기타포괄손익-공정가치 0 0
제이에스티나 026040 당기손익인식공정가치측정금융자산 0 0
제이에스티나 026040 종속회사투자 0 0
제이에스티나 026040 관계회사투자 0 0
제이에스티나 026040 렌탈자산 0 0
제이에스티나 026040 유형자산 23,952,797,697 24,827,690,836
제이에스티나 026040 무형자산 4,113,624,019 3,918,303,374
제이에스티나 026040 기타비유동금융자산 0 0
제이에스티나 026040 기타비유동자산 0 0
제이에스티나 026040 사용권자산 0 0
제이에스티나 026040 이연법인세자산 997,121,105 765,316,350
제이에스티나 026040 자산총계 114,978,858,763 127,513,081,744
제이에스티나 026040 유동부채 33,119,913,628 43,262,274,318
제이에스티나 026040 단기매입채무 0 0
제이에스티나 026040 단기차입금 22,215,360,413 22,156,125,393
제이에스티나 026040 유동성장기차입금 0 0
제이에스티나 026040 유동성사채 0 0
제이에스티나 026040 기타유동금융부채 0 0
제이에스티나 026040 기타유동부채 0 7,935,354,112
제이에스티나 026040 당기법인세부채 813,002,129 1,605,324,637
제이에스티나 026040 유동리스부채 0 0
제이에스티나 026040 비유동부채 1,500,000,000 2,103,776,943
제이에스티나 026040 사채 0 0
제이에스티나 026040 장기차입금 1,500,000,000 2,103,776,943
제이에스티나 026040 기타비유동금융부채 0 0
제이에스티나 026040 이연법인세부채 0 0
제이에스티나 026040 비유동리스부채 0 0
제이에스티나 026040 부채총계 34,619,913,628 45,366,051,261
제이에스티나 026040 자본금 0 0
제이에스티나 026040 자본잉여금 0 0
제이에스티나 026040 자본조정 0 0
제이에스티나 026040 기타포괄손익누계액 27,675,493,453 28,446,057,115
제이에스티나 026040 이익잉여금(결손금) 52,739,060,618 53,745,127,494
제이에스티나 026040 자본총계 80,358,945,135 82,147,030,483
제이에스티나 026040 자본과부채총계 114,978,858,763 127,513,081,744
date : 2017-09-30
제이에스티나 026040 유동자산 81,041,519,539 91,955,374,120
제이에스티나 026040 현금및현금성자산 6,649,498,123 4,252,761,759
제이에스티나 026040 매출채권 23,004,889,076 26,987,731,352
제이에스티나 026040 재고자산 32,895,749,295 32,247,023,965
제이에스티나 026040 기타유동금융자산 0 0
제이에스티나 026040 기타유동자산 8,501,484,393 3,473,212,559
제이에스티나 026040 매각예정비유동자산 0 0
제이에스티나 026040 비유동자산 38,555,209,044 35,557,707,624
제이에스티나 026040 장기금융상품 4,961,369,406 2,033,000,000
제이에스티나 026040 기타포괄손익-공정가치 0 0
제이에스티나 026040 당기손익인식공정가치측정금융자산 0 0
제이에스티나 026040 종속회사투자 0 0
제이에스티나 026040 관계회사투자 0 0
제이에스티나 026040 렌탈자산 0 0
제이에스티나 026040 유형자산 23,386,189,029 24,827,690,836
제이에스티나 026040 무형자산 4,226,743,481 3,918,303,374
제이에스티나 026040 기타비유동금융자산 0 0
제이에스티나 026040 기타비유동자산 0 0
제이에스티나 026040 사용권자산 0 0
제이에스티나 026040 이연법인세자산 780,826,911 765,316,350
제이에스티나 026040 자산총계 119,596,728,583 127,513,081,744
제이에스티나 026040 유동부채 37,838,135,295 43,262,274,318
제이에스티나 026040 단기매입채무 0 0
제이에스티나 026040 단기차입금 26,334,765,234 22,156,125,393
제이에스티나 026040 유동성장기차입금 0 0
제이에스티나 026040 유동성사채 0 0
제이에스티나 026040 기타유동금융부채 0 0
제이에스티나 026040 기타유동부채 739,734,998 794,031,271
제이에스티나 026040 당기법인세부채 659,501,859 1,605,324,637
제이에스티나 026040 유동리스부채 0 0
제이에스티나 026040 비유동부채 1,500,000,000 2,103,776,943
제이에스티나 026040 사채 0 0
제이에스티나 026040 장기차입금 1,500,000,000 2,103,776,943
제이에스티나 026040 기타비유동금융부채 0 0
제이에스티나 026040 이연법인세부채 0 0
제이에스티나 026040 비유동리스부채 0 0
제이에스티나 026040 부채총계 39,338,135,295 45,366,051,261
제이에스티나 026040 자본금 8,684,795,000 8,684,795,000
제이에스티나 026040 자본잉여금 27,675,493,453 28,446,057,115
제이에스티나 026040 자본조정 0 0
제이에스티나 026040 기타포괄손익누계액 0 0
제이에스티나 026040 이익잉여금(결손금) 53,127,025,901 53,745,127,494
제이에스티나 026040 자본총계 80,258,593,288 82,147,030,483
제이에스티나 026040 자본과부채총계 119,596,728,583 127,513,081,744
date : 2017-12-31
제이에스티나 026040 유동자산 70,332,699,076 91,955,374,120
제이에스티나 026040 현금및현금성자산 3,911,514,471 4,252,761,759
제이에스티나 026040 매출채권 26,140,703,919 26,987,731,352
제이에스티나 026040 재고자산 26,839,868,515 32,247,023,965
제이에스티나 026040 기타유동금융자산 0 0
제이에스티나 026040 기타유동자산 2,842,351,783 3,473,212,559
제이에스티나 026040 매각예정비유동자산 0 0
제이에스티나 026040 비유동자산 42,617,466,595 35,557,707,624
제이에스티나 026040 장기금융상품 3,451,345,744 2,033,000,000
제이에스티나 026040 기타포괄손익-공정가치 0 0
제이에스티나 026040 당기손익인식공정가치측정금융자산 0 0
제이에스티나 026040 종속회사투자 0 0
제이에스티나 026040 관계회사투자 0 0
제이에스티나 026040 렌탈자산 0 0
제이에스티나 026040 유형자산 27,952,314,416 24,827,690,836
제이에스티나 026040 무형자산 4,047,191,872 3,918,303,374
제이에스티나 026040 기타비유동금융자산 0 0
제이에스티나 026040 기타비유동자산 0 0
제이에스티나 026040 사용권자산 0 0
제이에스티나 026040 이연법인세자산 1,975,946,035 765,316,350
제이에스티나 026040 자산총계 112,950,165,671 127,513,081,744
제이에스티나 026040 유동부채 36,276,168,437 43,262,274,318
제이에스티나 026040 단기매입채무 0 0
제이에스티나 026040 단기차입금 26,422,477,887 22,156,125,393
제이에스티나 026040 유동성장기차입금 0 0
제이에스티나 026040 유동성사채 0 0
제이에스티나 026040 기타유동금융부채 0 0
제이에스티나 026040 기타유동부채 668,914,085 794,031,271
제이에스티나 026040 당기법인세부채 0 1,605,324,637
제이에스티나 026040 유동리스부채 0 0
제이에스티나 026040 비유동부채 1,500,000,000 2,103,776,943
제이에스티나 026040 사채 0 0
제이에스티나 026040 장기차입금 1,500,000,000 2,103,776,943
제이에스티나 026040 기타비유동금융부채 0 0
제이에스티나 026040 이연법인세부채 0 0
제이에스티나 026040 비유동리스부채 0 0
제이에스티나 026040 부채총계 37,776,168,437 45,366,051,261
제이에스티나 026040 자본금 8,684,795,000 8,684,795,000
제이에스티나 026040 자본잉여금 27,675,493,453 28,446,057,115
제이에스티나 026040 자본조정 0 0
제이에스티나 026040 기타포괄손익누계액 0 0
제이에스티나 026040 이익잉여금(결손금) 48,962,771,237 53,745,127,494
제이에스티나 026040 자본총계 75,173,997,234 82,147,030,483
제이에스티나 026040 자본과부채총계 112,950,165,671 127,513,081,744
date : 2018-03-31
제이에스티나 026040 유동자산 74,624,355,767 70,332,699,076
제이에스티나 026040 현금및현금성자산 6,740,014,515 3,911,514,471
제이에스티나 026040 매출채권 28,187,941,705 26,140,703,919
제이에스티나 026040 재고자산 26,299,422,955 26,839,868,515
제이에스티나 026040 기타유동금융자산 0 0
제이에스티나 026040 기타유동자산 3,254,431,942 2,842,351,783
제이에스티나 026040 매각예정비유동자산 0 0
제이에스티나 026040 비유동자산 48,340,128,060 42,617,466,595
제이에스티나 026040 장기금융상품 3,523,913,707 3,451,345,744
제이에스티나 026040 기타포괄손익-공정가치 0 0
제이에스티나 026040 당기손익인식공정가치측정금융자산 0 0
제이에스티나 026040 종속회사투자 0 0
제이에스티나 026040 관계회사투자 0 0
제이에스티나 026040 렌탈자산 0 0
제이에스티나 026040 유형자산 33,732,426,076 27,952,314,416
제이에스티나 026040 무형자산 3,846,972,455 4,047,191,872
제이에스티나 026040 기타비유동금융자산 0 0
제이에스티나 026040 기타비유동자산 0 0
제이에스티나 026040 사용권자산 0 0
제이에스티나 026040 이연법인세자산 1,902,931,740 1,975,946,035
제이에스티나 026040 자산총계 122,964,483,827 112,950,165,671
제이에스티나 026040 유동부채 45,845,313,039 36,276,168,437
제이에스티나 026040 단기매입채무 0 0
제이에스티나 026040 단기차입금 33,165,367,656 26,422,477,887
제이에스티나 026040 유동성장기차입금 0 0
제이에스티나 026040 유동성사채 0 0
제이에스티나 026040 기타유동금융부채 0 0
제이에스티나 026040 기타유동부채 1,708,717,710 668,914,085
제이에스티나 026040 당기법인세부채 193,811,857 0
제이에스티나 026040 유동리스부채 0 0
제이에스티나 026040 비유동부채 1,000,000,000 1,500,000,000
제이에스티나 026040 사채 0 0
제이에스티나 026040 장기차입금 1,000,000,000 1,500,000,000
제이에스티나 026040 기타비유동금융부채 0 0
제이에스티나 026040 이연법인세부채 0 0
제이에스티나 026040 비유동리스부채 0 0
제이에스티나 026040 부채총계 46,845,313,039 37,776,168,437
제이에스티나 026040 자본금 8,684,795,000 8,684,795,000
제이에스티나 026040 자본잉여금 27,675,493,453 27,675,493,453
제이에스티나 026040 자본조정 0 0
제이에스티나 026040 기타포괄손익누계액 0 0
제이에스티나 026040 이익잉여금(결손금) 49,907,944,791 48,962,771,237
제이에스티나 026040 자본총계 76,119,170,788 75,173,997,234
제이에스티나 026040 자본과부채총계 122,964,483,827 112,950,165,671
date : 2018-06-30
제이에스티나 026040 유동자산 73,671,445,046 70,332,699,076
제이에스티나 026040 현금및현금성자산 5,335,024,301 3,911,514,471
제이에스티나 026040 매출채권 및 기타유동채권
제이에스티나 026040 재고자산 26,415,913,055 26,839,868,515
제이에스티나 026040 기타유동금융자산 0 0
제이에스티나 026040 기타유동자산 3,540,999,832 2,842,351,783
제이에스티나 026040 매각예정비유동자산 0 0
제이에스티나 026040 비유동자산 47,429,950,560 42,617,466,595
제이에스티나 026040 장기금융상품 3,736,481,670 3,451,345,744
제이에스티나 026040 기타포괄손익-공정가치 0 0
제이에스티나 026040 당기손익인식공정가치측정금융자산 0 0
제이에스티나 026040 종속회사투자 0 0
제이에스티나 026040 관계회사투자 0 0
제이에스티나 026040 렌탈자산 0 0
제이에스티나 026040 유형자산 33,622,462,080 27,952,314,416
제이에스티나 026040 무형자산 3,652,052,119 4,047,191,872
제이에스티나 026040 기타비유동금융자산 0 0
제이에스티나 026040 기타비유동자산 0 0
제이에스티나 026040 사용권자산 0 0
제이에스티나 026040 이연법인세자산 1,226,235,337 1,975,946,035
제이에스티나 026040 자산총계 121,101,395,606 112,950,165,671
제이에스티나 026040 유동부채 43,435,910,171 36,276,168,437
제이에스티나 026040 단기매입채무 0 0
제이에스티나 026040 단기차입금 32,933,605,305 26,422,477,887
제이에스티나 026040 유동성장기차입금 0 0
제이에스티나 026040 유동성사채 0 0
제이에스티나 026040 기타유동금융부채 0 0
제이에스티나 026040 기타유동부채 1,003,994,356 668,914,085
제이에스티나 026040 당기법인세부채 111,769,018 0
제이에스티나 026040 유동리스부채 0 0
제이에스티나 026040 비유동부채 1,000,000,000 1,500,000,000
제이에스티나 026040 사채 0 0
제이에스티나 026040 장기차입금 1,000,000,000 1,500,000,000
제이에스티나 026040 기타비유동금융부채 0 0
제이에스티나 026040 이연법인세부채 0 0
제이에스티나 026040 비유동리스부채 0 0
제이에스티나 026040 부채총계 44,435,910,171 37,776,168,437
제이에스티나 026040 자본금 8,684,795,000 8,684,795,000
제이에스티나 026040 자본잉여금 27,675,493,453 27,675,493,453
제이에스티나 026040 자본조정 0 0
제이에스티나 026040 기타포괄손익누계액 -1,852,591,625 0
제이에스티나 026040 이익잉여금(결손금) 52,306,851,063 48,962,771,237
제이에스티나 026040 자본총계 76,665,485,435 75,173,997,234
제이에스티나 026040 자본과부채총계 121,101,395,606 112,950,165,671
date : 2018-09-30
제이에스티나 026040 유동자산 73,186,141,359 70,332,699,076
제이에스티나 026040 현금및현금성자산 9,633,052,854 3,911,514,471
제이에스티나 026040 매출채권 및 기타유동채권
제이에스티나 026040 재고자산 27,607,389,458 26,839,868,515
제이에스티나 026040 기타유동금융자산 0 0
제이에스티나 026040 기타유동자산 2,721,404,903 2,842,351,783
제이에스티나 026040 매각예정비유동자산 0 0
제이에스티나 026040 비유동자산 47,787,141,657 42,617,466,595
제이에스티나 026040 장기금융상품 3,959,049,633 3,451,345,744
제이에스티나 026040 기타포괄손익-공정가치 0 0
제이에스티나 026040 당기손익인식공정가치측정금융자산 0 0
제이에스티나 026040 종속회사투자 0 0
제이에스티나 026040 관계회사투자 0 0
제이에스티나 026040 렌탈자산 0 0
제이에스티나 026040 유형자산 33,640,203,225 27,952,314,416
제이에스티나 026040 무형자산 3,607,757,529 4,047,191,872
제이에스티나 026040 기타비유동금융자산 0 0
제이에스티나 026040 기타비유동자산 0 0
제이에스티나 026040 사용권자산 0 0
제이에스티나 026040 이연법인세자산 1,354,911,588 1,975,946,035
제이에스티나 026040 자산총계 120,973,283,016 112,950,165,671
제이에스티나 026040 유동부채 44,639,698,964 36,276,168,437
제이에스티나 026040 단기매입채무 0 0
제이에스티나 026040 단기차입금 32,932,100,509 26,422,477,887
제이에스티나 026040 유동성장기차입금 0 0
제이에스티나 026040 유동성사채 0 0
제이에스티나 026040 기타유동금융부채 0 0
제이에스티나 026040 기타유동부채 911,618,193 668,914,085
제이에스티나 026040 당기법인세부채 0 0
제이에스티나 026040 유동리스부채 0 0
제이에스티나 026040 비유동부채 1,000,000,000 1,500,000,000
제이에스티나 026040 사채 0 0
제이에스티나 026040 장기차입금 1,000,000,000 1,500,000,000
제이에스티나 026040 기타비유동금융부채 0 0
제이에스티나 026040 이연법인세부채 0 0
제이에스티나 026040 비유동리스부채 0 0
제이에스티나 026040 부채총계 45,639,698,964 37,776,168,437
제이에스티나 026040 자본금 8,684,795,000 8,684,795,000
제이에스티나 026040 자본잉여금 27,675,493,453 27,675,493,453
제이에스티나 026040 자본조정 0 0
제이에스티나 026040 기타포괄손익누계액 -1,852,591,625 0
제이에스티나 026040 이익잉여금(결손금) 50,974,949,680 48,962,771,237
제이에스티나 026040 자본총계 75,333,584,052 75,173,997,234
제이에스티나 026040 자본과부채총계 120,973,283,016 112,950,165,671
date : 2018-12-31
제이에스티나 026040 유동자산 70,653,851,238 70,332,699,076
제이에스티나 026040 현금및현금성자산 9,538,267,237 3,911,514,471
제이에스티나 026040 매출채권 및 기타유동채권
제이에스티나 026040 재고자산 25,425,883,202 26,839,868,515
제이에스티나 026040 기타유동금융자산 0 0
제이에스티나 026040 기타유동자산 2,641,291,897 2,842,351,783
제이에스티나 026040 매각예정비유동자산 0 0
제이에스티나 026040 비유동자산 47,540,721,024 42,617,466,595
제이에스티나 026040 장기금융상품 4,200,859,221 3,451,345,744
제이에스티나 026040 기타포괄손익-공정가치 0 0
제이에스티나 026040 당기손익인식공정가치측정금융자산 0 0
제이에스티나 026040 종속회사투자 0 0
제이에스티나 026040 관계회사투자 0 0
제이에스티나 026040 렌탈자산 0 0
제이에스티나 026040 유형자산 33,085,334,849 27,952,314,416
제이에스티나 026040 무형자산 3,163,647,744 4,047,191,872
제이에스티나 026040 기타비유동금융자산 0 4,047,191,872
제이에스티나 026040 기타비유동자산 0 0
제이에스티나 026040 사용권자산 0 0
제이에스티나 026040 이연법인세자산 1,968,376,636 1,975,946,035
제이에스티나 026040 자산총계 118,194,572,262 112,950,165,671
제이에스티나 026040 유동부채 42,633,875,566 36,276,168,437
제이에스티나 026040 단기매입채무 0 0
제이에스티나 026040 단기차입금 32,960,902,510 26,422,477,887
제이에스티나 026040 유동성장기차입금 0 0
제이에스티나 026040 유동성사채 0 0
제이에스티나 026040 기타유동금융부채 0 0
제이에스티나 026040 기타유동부채 842,932,843 668,914,085
제이에스티나 026040 당기법인세부채 0 1,605,324,637
제이에스티나 026040 유동리스부채 0 0
제이에스티나 026040 비유동부채 1,000,000,000 1,500,000,000
제이에스티나 026040 사채 0 0
제이에스티나 026040 장기차입금 1,000,000,000 1,500,000,000
제이에스티나 026040 기타비유동금융부채 0 0
제이에스티나 026040 이연법인세부채 0 0
제이에스티나 026040 비유동리스부채 0 0
제이에스티나 026040 부채총계 43,633,875,566 37,776,168,437
제이에스티나 026040 자본금 8,684,795,000 8,684,795,000
제이에스티나 026040 자본잉여금 27,675,493,453 27,675,493,453
제이에스티나 026040 자본조정 0 0
제이에스티나 026040 기타포괄손익누계액 -1,907,783,158 0
제이에스티나 026040 이익잉여금(결손금) 50,257,253,857 48,962,771,237
제이에스티나 026040 자본총계 74,560,696,696 75,173,997,234
제이에스티나 026040 자본과부채총계 118,194,572,262 112,950,165,671
date : 2019-03-31
제이에스티나 026040 유동자산 67,422,723,375 70,653,851,238
제이에스티나 026040 현금및현금성자산 8,375,962,317 9,538,267,237
제이에스티나 026040 매출채권 및 기타유동채권
제이에스티나 026040 재고자산 25,532,758,875 25,425,883,202
제이에스티나 026040 기타유동금융자산 0 0
제이에스티나 026040 기타유동자산 2,561,445,145 2,641,291,897
제이에스티나 026040 매각예정비유동자산 0 0
제이에스티나 026040 비유동자산 49,189,492,544 47,540,721,024
제이에스티나 026040 장기금융상품 4,624,237,863 4,200,859,221
제이에스티나 026040 기타포괄손익-공정가치 0 0
제이에스티나 026040 당기손익인식공정가치측정금융자산 0 0
제이에스티나 026040 종속회사투자 0 0
제이에스티나 026040 관계회사투자 0 0
제이에스티나 026040 렌탈자산 0 0
제이에스티나 026040 유형자산 32,386,977,647 33,085,334,849
제이에스티나 026040 무형자산 3,488,973,804 3,163,647,744
제이에스티나 026040 기타비유동금융자산 0 0
제이에스티나 026040 기타비유동자산 0 0
제이에스티나 026040 사용권자산 1,343,444,167 0
제이에스티나 026040 이연법인세자산 2,664,026,523 1,968,376,636
제이에스티나 026040 자산총계 116,612,215,919 118,194,572,262
제이에스티나 026040 유동부채 36,619,739,402 42,633,875,566
제이에스티나 026040 단기매입채무 0 0
제이에스티나 026040 단기차입금 25,824,996,184 32,960,902,510
제이에스티나 026040 유동성장기차입금 0 0
제이에스티나 026040 유동성사채 0 0
제이에스티나 026040 기타유동금융부채 0 0
제이에스티나 026040 기타유동부채 1,448,594,712 842,932,843
제이에스티나 026040 당기법인세부채 41,345,701 0
제이에스티나 026040 유동리스부채 0 0
제이에스티나 026040 비유동부채 1,074,450,021 1,000,000,000
제이에스티나 026040 사채 0 0
제이에스티나 026040 장기차입금 500,000,000 1,000,000,000
제이에스티나 026040 기타비유동금융부채 393,183,467 1,000,000,000
제이에스티나 026040 이연법인세부채 0 0
제이에스티나 026040 비유동리스부채 0 0
제이에스티나 026040 부채총계 37,694,189,423 43,633,875,566
제이에스티나 026040 자본금 8,684,795,000 8,684,795,000
제이에스티나 026040 자본잉여금 28,837,337,774 27,675,493,453
제이에스티나 026040 자본조정 0 0
제이에스티나 026040 기타포괄손익누계액 -1,907,783,158 -1,907,783,158
제이에스티나 026040 이익잉여금(결손금) 47,938,411,336 50,257,253,857
제이에스티나 026040 자본총계 78,918,026,496 74,560,696,696
제이에스티나 026040 자본과부채총계 116,612,215,919 118,194,572,262
