date : 2019-03-31
팜스토리 027710 유동자산 163,044,483,511 188,620,197,128
팜스토리 027710 현금및현금성자산 6,143,591,019 6,423,593,133
팜스토리 027710 매출채권 및 기타채권
팜스토리 027710 재고자산 43,546,384,208 55,846,167,702
팜스토리 027710 기타유동자산 1,440,369,709 994,766,503
팜스토리 027710 비유동자산 249,599,073,631 249,841,778,904
팜스토리 027710 기타비유동자산 30,222,719,474 32,136,675,640
팜스토리 027710 유형자산 52,870,256,559 51,193,779,311
팜스토리 027710 무형자산 371,844,925 351,509,980
팜스토리 027710 자산총계 412,643,557,142 438,461,976,032
팜스토리 027710 유동부채 209,943,796,582 238,765,570,553
팜스토리 027710 단기차입금 164,344,833,622 193,232,615,463
팜스토리 027710 유동성사채 8,976,509,692 8,941,808,162
팜스토리 027710 당기법인세부채 903,087,206 1,147,007,947
팜스토리 027710 기타유동부채 8,672,149,201 9,692,290,372
팜스토리 027710 비유동부채 20,145,005,266 19,453,781,732
팜스토리 027710 장기차입금 1,853,000,000 1,853,000,000
팜스토리 027710 사채 10,000,000,000 10,000,000,000
팜스토리 027710 이연법인세부채 1,646,909,654 1,916,104,062
팜스토리 027710 부채총계 230,088,801,848 258,219,352,285
팜스토리 027710 자본금 45,974,044,500 45,974,044,500
팜스토리 027710 자본잉여금 29,978,234,920 29,978,234,920
팜스토리 027710 이익잉여금(결손금) 103,103,374,796 100,791,243,249
팜스토리 027710 자본총계 182,554,755,294 180,242,623,747
팜스토리 027710 자본과부채총계 412,643,557,142 438,461,976,032
