date : 2015-12-31
세하 027970 유동자산 51,799,322,370 54,451,158,345
세하 027970 현금및현금성자산 5,793,812,931 6,005,531,177
세하 027970 매출채권 및 기타유동채권
세하 027970 재고자산 13,650,986,573 14,249,304,562
세하 027970 기타유동금융자산 201,976,200 1,760,933,895
세하 027970 기타유동자산 4,547,925,856 2,033,374,000
세하 027970 매각예정비유동자산 0 0
세하 027970 비유동자산 118,340,324,169 122,499,776,924
세하 027970 장기금융상품 0 0
세하 027970 기타포괄손익-공정가치 0 0
세하 027970 당기손익인식공정가치측정금융자산 0 0
세하 027970 종속회사투자 0 0
세하 027970 관계회사투자 0 0
세하 027970 렌탈자산 0 0
세하 027970 유형자산 115,540,175,462 102,430,573,972
세하 027970 무형자산 528,939,610 584,078,347
세하 027970 기타비유동금융자산 4,000,000 13,000,000
세하 027970 기타비유동자산 0 0
세하 027970 사용권자산 0 0
세하 027970 이연법인세자산 0 0
세하 027970 자산총계 170,139,646,539 176,950,935,269
세하 027970 유동부채 130,902,438,511 139,752,860,154
세하 027970 단기매입채무 0 0
세하 027970 단기차입금 100,137,823,386 89,792,812,688
세하 027970 유동성장기차입금 0 11,159,960,000
세하 027970 유동성사채 0 0
세하 027970 기타유동금융부채 0 0
세하 027970 기타유동부채 0 0
세하 027970 당기법인세부채 0 0
세하 027970 유동리스부채 0 0
세하 027970 비유동부채 35,894,646,824 27,452,633,813
세하 027970 사채 8,907,315,525 0
세하 027970 장기차입금 5,280,053,380 7,930,017,368
세하 027970 기타비유동금융부채 0 0
세하 027970 이연법인세부채 7,126,492,260 5,216,856,498
세하 027970 비유동리스부채 0 0
세하 027970 부채총계 166,797,085,335 167,205,493,967
세하 027970 자본금 19,682,220,000 63,511,730,000
세하 027970 자본잉여금 33,144,548,499 20,238,157,453
세하 027970 자본조정 0 0
세하 027970 기타포괄손익누계액 0 0
세하 027970 이익잉여금(결손금) -60,967,623,491 -73,333,828,952
세하 027970 자본총계 3,342,561,204 9,745,441,302
세하 027970 자본과부채총계 170,139,646,539 176,950,935,269
date : 2016-03-31
세하 027970 유동자산 49,874,222,951 51,799,322,370
세하 027970 현금및현금성자산 4,193,945,531 5,793,812,931
세하 027970 매출채권 및 기타유동채권
세하 027970 재고자산 12,528,856,964 13,650,986,573
세하 027970 기타유동금융자산 201,976,200 201,976,200
세하 027970 기타유동자산 4,505,252,881 4,547,925,856
세하 027970 매각예정비유동자산 0 0
세하 027970 비유동자산 117,941,637,755 118,340,324,169
세하 027970 장기금융상품 0 0
세하 027970 기타포괄손익-공정가치 0 0
세하 027970 당기손익인식공정가치측정금융자산 0 0
세하 027970 종속회사투자 0 0
세하 027970 관계회사투자 0 0
세하 027970 렌탈자산 0 0
세하 027970 유형자산 115,147,579,404 115,540,175,462
세하 027970 무형자산 507,172,022 528,939,610
세하 027970 기타비유동금융자산 4,000,000 4,000,000
세하 027970 기타비유동자산 0 0
세하 027970 사용권자산 0 0
세하 027970 이연법인세자산 0 0
세하 027970 자산총계 167,815,860,706 170,139,646,539
세하 027970 유동부채 127,902,899,530 130,902,438,511
세하 027970 단기매입채무 0 0
세하 027970 단기차입금 99,617,844,763 100,137,823,386
세하 027970 유동성장기차입금 0 11,159,960,000
세하 027970 유동성사채 0 0
세하 027970 기타유동금융부채 0 0
세하 027970 기타유동부채 0 0
세하 027970 당기법인세부채 0 0
세하 027970 유동리스부채 0 0
세하 027970 비유동부채 36,173,819,866 35,894,646,824
세하 027970 사채 9,061,022,085 8,907,315,525
세하 027970 장기차입금 5,196,707,827 5,280,053,380
세하 027970 기타비유동금융부채 0 0
세하 027970 이연법인세부채 7,126,492,260 7,126,492,260
세하 027970 비유동리스부채 0 0
세하 027970 부채총계 164,076,719,396 166,797,085,335
세하 027970 자본금 19,682,220,000 19,682,220,000
세하 027970 자본잉여금 33,144,548,499 33,144,548,499
세하 027970 자본조정 0 0
세하 027970 기타포괄손익누계액 0 0
세하 027970 이익잉여금(결손금) -60,571,043,385 -60,967,623,491
세하 027970 자본총계 3,739,141,310 3,342,561,204
세하 027970 자본과부채총계 167,815,860,706 170,139,646,539
date : 2016-06-30
세하 027970 유동자산 50,607,229,418 51,799,322,370
세하 027970 현금및현금성자산 4,699,195,405 5,793,812,931
세하 027970 매출채권 및 기타비유동채권
세하 027970 재고자산 12,627,729,716 13,650,986,573
세하 027970 기타유동금융자산 201,976,200 1,760,933,895
세하 027970 기타유동자산 677,322,954 942,147,752
세하 027970 매각예정비유동자산 0 0
세하 027970 비유동자산 118,149,186,687 118,340,324,169
세하 027970 장기금융상품 0 0
세하 027970 기타포괄손익-공정가치 0 0
세하 027970 당기손익인식공정가치측정금융자산 0 0
세하 027970 종속회사투자 0 0
세하 027970 관계회사투자 0 0
세하 027970 렌탈자산 0 0
세하 027970 유형자산 115,366,447,374 115,540,175,462
세하 027970 무형자산 488,560,672 528,939,610
세하 027970 기타비유동금융자산 204,976,200 4,000,000
세하 027970 기타비유동자산 0 0
세하 027970 사용권자산 0 0
세하 027970 이연법인세자산 0 0
세하 027970 자산총계 168,756,416,105 170,139,646,539
세하 027970 유동부채 125,808,987,466 130,902,438,511
세하 027970 단기매입채무 0 0
세하 027970 단기차입금 97,059,244,932 100,137,823,386
세하 027970 유동성장기차입금 0 0
세하 027970 유동성사채 0 0
세하 027970 기타유동금융부채 0 0
세하 027970 기타유동부채 197,429,930 527,263,576
세하 027970 당기법인세부채 0 0
세하 027970 유동리스부채 0 0
세하 027970 비유동부채 37,071,528,867 35,894,646,824
세하 027970 사채 9,216,093,222 8,907,315,525
세하 027970 장기차입금 5,247,165,675 5,280,053,380
세하 027970 기타비유동금융부채 0 0
세하 027970 이연법인세부채 6,838,317,839 7,126,492,260
세하 027970 비유동리스부채 0 0
세하 027970 부채총계 162,880,516,333 166,797,085,335
세하 027970 자본금 19,682,220,000 19,682,220,000
세하 027970 자본잉여금 33,144,548,499 33,144,548,499
세하 027970 자본조정 -2,649,150 -2,649,150
세하 027970 기타포괄손익누계액 0 0
세하 027970 이익잉여금(결손금) -58,434,284,923 -60,967,623,491
세하 027970 자본총계 5,875,899,772 3,342,561,204
세하 027970 자본과부채총계 168,756,416,105 170,139,646,539
date : 2016-09-30
세하 027970 유동자산 51,547,690,447 51,799,322,370
세하 027970 현금및현금성자산 5,982,647,604 5,793,812,931
세하 027970 매출채권 및 기타비유동채권
세하 027970 재고자산 12,166,527,293 13,650,986,573
세하 027970 기타유동금융자산 201,976,200 1,760,933,895
세하 027970 기타유동자산 737,871,109 942,147,752
세하 027970 매각예정비유동자산 0 0
세하 027970 비유동자산 118,280,910,783 118,340,324,169
세하 027970 장기금융상품 0 0
세하 027970 기타포괄손익-공정가치 0 0
세하 027970 당기손익인식공정가치측정금융자산 0 0
세하 027970 종속회사투자 0 0
세하 027970 관계회사투자 0 0
세하 027970 렌탈자산 0 0
세하 027970 유형자산 115,513,560,439 115,540,175,462
세하 027970 무형자산 474,011,242 528,939,610
세하 027970 기타비유동금융자산 204,976,200 4,000,000
세하 027970 기타비유동자산 0 0
세하 027970 사용권자산 0 0
세하 027970 이연법인세자산 0 0
세하 027970 자산총계 169,828,601,230 170,139,646,539
세하 027970 유동부채 124,126,853,374 130,902,438,511
세하 027970 단기매입채무 0 0
세하 027970 단기차입금 96,519,899,484 100,137,823,386
세하 027970 유동성장기차입금 0 0
세하 027970 유동성사채 0 0
세하 027970 기타유동금융부채 0 0
세하 027970 기타유동부채 276,267,756 527,263,576
세하 027970 당기법인세부채 0 0
세하 027970 유동리스부채 0 0
세하 027970 비유동부채 37,208,552,580 35,894,646,824
세하 027970 사채 9,376,014,132 8,907,315,525
세하 027970 장기차입금 4,939,012,389 5,280,053,380
세하 027970 기타비유동금융부채 0 0
세하 027970 이연법인세부채 6,827,189,175 7,126,492,260
세하 027970 비유동리스부채 0 0
세하 027970 부채총계 161,335,405,954 166,797,085,335
세하 027970 자본금 19,682,220,000 19,682,220,000
세하 027970 자본잉여금 33,144,548,499 33,144,548,499
세하 027970 자본조정 -2,649,150 -2,649,150
세하 027970 기타포괄손익누계액 0 0
세하 027970 이익잉여금(결손금) -55,816,989,419 -60,967,623,491
세하 027970 자본총계 8,493,195,276 3,342,561,204
세하 027970 자본과부채총계 169,828,601,230 170,139,646,539
date : 2016-12-31
세하 027970 유동자산 54,428,910,361 51,799,322,370
세하 027970 현금및현금성자산 5,419,441,516 5,793,812,931
세하 027970 매출채권 및 기타비유동채권
세하 027970 재고자산 12,562,189,679 13,650,986,573
세하 027970 기타유동금융자산 1,000,000,000 201,976,200
세하 027970 기타유동자산 523,390,989 942,147,752
세하 027970 매각예정비유동자산 0 0
세하 027970 비유동자산 117,853,127,624 118,340,324,169
세하 027970 장기금융상품 0 0
세하 027970 기타포괄손익-공정가치 0 0
세하 027970 당기손익인식공정가치측정금융자산 0 0
세하 027970 종속회사투자 0 0
세하 027970 관계회사투자 0 0
세하 027970 렌탈자산 0 0
세하 027970 유형자산 115,033,972,000 115,540,175,462
세하 027970 무형자산 452,549,354 528,939,610
세하 027970 기타비유동금융자산 204,976,200 4,000,000
세하 027970 기타비유동자산 0 0
세하 027970 사용권자산 0 0
세하 027970 이연법인세자산 0 0
세하 027970 자산총계 172,282,037,985 170,139,646,539
세하 027970 유동부채 129,025,564,105 130,902,438,511
세하 027970 단기매입채무 0 0
세하 027970 단기차입금 90,779,943,139 92,637,823,386
세하 027970 유동성장기차입금 0 0
세하 027970 유동성사채 0 0
세하 027970 기타유동금융부채 0 0
세하 027970 기타유동부채 393,507,355 527,263,576
세하 027970 당기법인세부채 156,121,439 527,263,576
세하 027970 유동리스부채 0 0
세하 027970 비유동부채 30,563,339,835 35,894,646,824
세하 027970 사채 8,907,315,525 35,894,646,824
세하 027970 장기차입금 5,444,491,902 5,280,053,380
세하 027970 기타비유동금융부채 0 0
세하 027970 이연법인세부채 6,933,446,817 7,126,492,260
세하 027970 비유동리스부채 0 0
세하 027970 부채총계 159,588,903,940 166,797,085,335
세하 027970 자본금 23,499,013,000 19,682,220,000
세하 027970 자본잉여금 34,243,079,266 33,144,548,499
세하 027970 자본조정 -2,649,150 -2,649,150
세하 027970 기타포괄손익누계액 0 0
세하 027970 이익잉여금(결손금) -56,532,374,417 -60,967,623,491
세하 027970 자본총계 12,693,134,045 3,342,561,204
세하 027970 자본과부채총계 172,282,037,985 170,139,646,539
date : 2017-03-31
세하 027970 유동자산 51,949,252,165 54,428,910,361
세하 027970 현금및현금성자산 5,788,070,016 5,419,441,516
세하 027970 매출채권 및 기타비유동채권
세하 027970 재고자산 13,391,202,066 12,562,189,679
세하 027970 기타유동금융자산 1,000,000,000 1,000,000,000
세하 027970 기타유동자산 606,354,737 523,390,989
세하 027970 매각예정비유동자산 0 0
세하 027970 비유동자산 118,077,311,325 117,853,127,624
세하 027970 장기금융상품 0 0
세하 027970 기타포괄손익-공정가치 0 0
세하 027970 당기손익인식공정가치측정금융자산 0 0
세하 027970 종속회사투자 0 0
세하 027970 관계회사투자 0 0
세하 027970 렌탈자산 0 0
세하 027970 유형자산 115,373,689,166 115,033,972,000
세하 027970 무형자산 456,520,965 452,549,354
세하 027970 기타비유동금융자산 204,976,200 204,976,200
세하 027970 기타비유동자산 0 0
세하 027970 사용권자산 0 0
세하 027970 이연법인세자산 0 0
세하 027970 자산총계 170,026,563,490 172,282,037,985
세하 027970 유동부채 127,250,098,146 129,025,564,105
세하 027970 단기매입채무 0 0
세하 027970 단기차입금 92,369,972,689 90,779,943,139
세하 027970 유동성장기차입금 0 0
세하 027970 유동성사채 0 0
세하 027970 기타유동금융부채 0 0
세하 027970 기타유동부채 302,295,142 393,507,355
세하 027970 당기법인세부채 96,473,419 156,121,439
세하 027970 유동리스부채 0 0
세하 027970 비유동부채 30,265,874,385 30,563,339,835
세하 027970 사채 0 0
세하 027970 장기차입금 5,028,214,656 5,444,491,902
세하 027970 기타비유동금융부채 0 0
세하 027970 이연법인세부채 6,933,446,817 6,933,446,817
세하 027970 비유동리스부채 0 0
세하 027970 부채총계 157,515,972,531 159,588,903,940
세하 027970 자본금 23,499,013,000 23,499,013,000
세하 027970 자본잉여금 34,240,109,266 34,243,079,266
세하 027970 자본조정 0 0
세하 027970 기타포괄손익누계액 0 0
세하 027970 이익잉여금(결손금) -56,711,947,503 -56,532,374,417
세하 027970 자본총계 12,510,590,959 12,693,134,045
세하 027970 자본과부채총계 170,026,563,490 172,282,037,985
date : 2017-06-30
세하 027970 유동자산 52,580,290,998 54,428,910,361
세하 027970 현금및현금성자산 7,061,478,802 5,419,441,516
세하 027970 매출채권 및 기타비유동채권
세하 027970 재고자산 13,323,427,947 12,562,189,679
세하 027970 기타유동금융자산 1,000,000,000 1,000,000,000
세하 027970 기타유동자산 677,617,941 523,390,989
세하 027970 매각예정비유동자산 0 0
세하 027970 비유동자산 117,874,645,644 117,853,127,624
세하 027970 장기금융상품 0 0
세하 027970 기타포괄손익-공정가치 0 0
세하 027970 당기손익인식공정가치측정금융자산 0 0
세하 027970 종속회사투자 0 0
세하 027970 관계회사투자 0 0
세하 027970 렌탈자산 0 0
세하 027970 유형자산 115,837,454,532 115,033,972,000
세하 027970 무형자산 372,511,892 452,549,354
세하 027970 기타비유동금융자산 204,976,200 204,976,200
세하 027970 기타비유동자산 0 0
세하 027970 사용권자산 0 0
세하 027970 이연법인세자산 0 0
세하 027970 자산총계 170,454,936,642 172,282,037,985
세하 027970 유동부채 125,878,157,330 129,025,564,105
세하 027970 단기매입채무 0 0
세하 027970 단기차입금 91,657,410,739 90,779,943,139
세하 027970 유동성장기차입금 0 0
세하 027970 유동성사채 0 0
세하 027970 기타유동금융부채 0 0
세하 027970 기타유동부채 319,339,059 393,507,355
세하 027970 당기법인세부채 156,121,439 393,507,355
세하 027970 유동리스부채 0 0
세하 027970 비유동부채 31,426,100,155 30,563,339,835
세하 027970 사채 12,437,644,286 12,270,496,388
세하 027970 장기차입금 5,134,086,034 5,444,491,902
세하 027970 기타비유동금융부채 0 0
세하 027970 이연법인세부채 6,987,347,488 6,933,446,817
세하 027970 비유동리스부채 0 0
세하 027970 부채총계 157,304,257,485 159,588,903,940
세하 027970 자본금 23,499,013,000 23,499,013,000
세하 027970 자본잉여금 34,240,109,266 34,243,079,266
세하 027970 자본조정 -2,649,150 -2,649,150
세하 027970 기타포괄손익누계액 0 0
세하 027970 이익잉여금(결손금) -56,071,859,305 -56,532,374,417
세하 027970 자본총계 13,150,679,157 12,693,134,045
세하 027970 자본과부채총계 170,454,936,642 172,282,037,985
date : 2017-09-30
세하 027970 유동자산 53,143,983,345 54,428,910,361
세하 027970 현금및현금성자산 4,445,160,249 5,419,441,516
세하 027970 매출채권 및 기타유동채권
세하 027970 재고자산 14,577,122,005 12,562,189,679
세하 027970 기타유동금융자산 1,000,000,000 1,000,000,000
세하 027970 기타유동자산 687,899,934 523,390,989
세하 027970 매각예정비유동자산 0 0
세하 027970 비유동자산 117,804,764,076 117,853,127,624
세하 027970 장기금융상품 0 0
세하 027970 기타포괄손익-공정가치 0 0
세하 027970 당기손익인식공정가치측정금융자산 0 0
세하 027970 종속회사투자 0 0
세하 027970 관계회사투자 0 0
세하 027970 렌탈자산 0 0
세하 027970 유형자산 115,842,810,197 115,033,972,000
세하 027970 무형자산 318,616,884 452,549,354
세하 027970 기타비유동금융자산 204,976,200 204,976,200
세하 027970 기타비유동자산 0 0
세하 027970 사용권자산 0 0
세하 027970 이연법인세자산 0 0
세하 027970 자산총계 170,948,747,421 172,282,037,985
세하 027970 유동부채 128,250,853,338 129,025,564,105
세하 027970 단기매입채무 0 0
세하 027970 단기차입금 95,909,358,879 90,779,943,139
세하 027970 유동성장기차입금 0 0
세하 027970 유동성사채 12,524,218,118 12,270,496,388
세하 027970 기타유동금융부채 0 0
세하 027970 기타유동부채 294,308,112 393,507,355
세하 027970 당기법인세부채 156,121,439 12,270,496,388
세하 027970 유동리스부채 0 0
세하 027970 비유동부채 31,567,670,308 30,563,339,835
세하 027970 사채 0 0
세하 027970 장기차입금 5,166,072,705 5,444,491,902
세하 027970 기타비유동금융부채 0 0
세하 027970 이연법인세부채 6,933,446,817 6,933,446,817
세하 027970 비유동리스부채 0 0
세하 027970 부채총계 159,818,523,646 159,588,903,940
세하 027970 자본금 23,499,013,000 23,499,013,000
세하 027970 자본잉여금 34,240,109,266 34,243,079,266
세하 027970 자본조정 0 0
세하 027970 기타포괄손익누계액 0 0
세하 027970 이익잉여금(결손금) -58,092,314,687 -56,532,374,417
세하 027970 자본총계 11,130,223,775 12,693,134,045
세하 027970 자본과부채총계 170,948,747,421 172,282,037,985
date : 2017-12-31
세하 027970 유동자산 55,727,704,864 54,428,910,361
세하 027970 현금및현금성자산 6,019,779,253 5,419,441,516
세하 027970 매출채권 및 기타유동채권
세하 027970 재고자산 16,229,034,335 12,562,189,679
세하 027970 기타유동금융자산 1,000,000,000 1,000,000,000
세하 027970 기타유동자산 491,251,007 523,390,989
세하 027970 매각예정비유동자산 0 0
세하 027970 비유동자산 117,951,188,446 117,853,127,624
세하 027970 장기금융상품 0 0
세하 027970 기타포괄손익-공정가치 0 0
세하 027970 당기손익인식공정가치측정금융자산 0 0
세하 027970 종속회사투자 0 0
세하 027970 관계회사투자 0 0
세하 027970 렌탈자산 0 0
세하 027970 유형자산 115,813,019,191 115,033,972,000
세하 027970 무형자산 309,093,942 452,549,354
세하 027970 기타비유동금융자산 204,976,200 204,976,200
세하 027970 기타비유동자산 0 0
세하 027970 사용권자산 0 0
세하 027970 이연법인세자산 0 0
세하 027970 자산총계 173,678,893,310 172,282,037,985
세하 027970 유동부채 125,000,652,735 129,025,564,105
세하 027970 단기매입채무 0 0
세하 027970 단기차입금 55,350,343,958 90,779,943,139
세하 027970 유동성장기차입금 0 0
세하 027970 유동성사채 0 0
세하 027970 기타유동금융부채 0 0
세하 027970 기타유동부채 428,791,914 393,507,355
세하 027970 당기법인세부채 156,121,439 393,507,355
세하 027970 유동리스부채 0 0
세하 027970 비유동부채 30,076,366,980 30,563,339,835
세하 027970 사채 8,907,315,525 5,444,491,902
세하 027970 장기차입금 4,826,833,781 5,444,491,902
세하 027970 기타비유동금융부채 0 0
세하 027970 이연법인세부채 6,101,948,026 6,933,446,817
세하 027970 비유동리스부채 0 0
세하 027970 부채총계 155,077,019,715 159,588,903,940
세하 027970 자본금 29,562,997,000 23,499,013,000
세하 027970 자본잉여금 36,729,023,915 34,243,079,266
세하 027970 자본조정 -2,649,150 -2,649,150
세하 027970 기타포괄손익누계액 0 0
세하 027970 이익잉여금(결손금) -59,173,563,516 -56,532,374,417
세하 027970 자본총계 18,601,873,595 12,693,134,045
세하 027970 자본과부채총계 173,678,893,310 172,282,037,985
date : 2018-03-31
세하 027970 유동자산 56,301,509,764 55,727,704,864
세하 027970 현금및현금성자산 5,838,667,970 6,019,779,253
세하 027970 매출채권 및 기타유동채권
세하 027970 재고자산 16,312,311,670 16,229,034,335
세하 027970 기타유동금융자산 1,000,000,000 1,000,000,000
세하 027970 기타유동자산 446,728,752 491,251,007
세하 027970 매각예정비유동자산 0 0
세하 027970 비유동자산 118,618,685,321 117,951,188,446
세하 027970 장기금융상품 0 0
세하 027970 기타포괄손익-공정가치 지정 5,000,000
세하 027970 당기손익인식공정가치측정금융자산 0 0
세하 027970 종속회사투자 0 0
세하 027970 관계회사투자 0 0
세하 027970 렌탈자산 0 0
세하 027970 유형자산 116,252,984,916 115,813,019,191
세하 027970 무형자산 301,130,963 309,093,942
세하 027970 기타비유동금융자산 204,976,200 204,976,200
세하 027970 기타비유동자산 0 0
세하 027970 사용권자산 0 0
세하 027970 이연법인세자산 0 0
세하 027970 자산총계 174,920,195,085 173,678,893,310
세하 027970 유동부채 126,408,919,187 125,000,652,735
세하 027970 단기매입채무 0 0
세하 027970 단기차입금 58,033,311,388 55,350,343,958
세하 027970 유동성장기차입금 0 0
세하 027970 유동성사채 0 0
세하 027970 기타유동금융부채 0 0
세하 027970 기타유동부채 256,690,077 428,791,914
세하 027970 당기법인세부채 0 0
세하 027970 유동리스부채 0 0
세하 027970 비유동부채 30,034,508,618 30,076,366,980
세하 027970 사채 47,264,562,816 47,189,348,400
세하 027970 장기차입금 4,804,758,472 4,826,833,781
세하 027970 기타비유동금융부채 0 0
세하 027970 이연법인세부채 6,012,747,315 6,101,948,026
세하 027970 비유동리스부채 0 0
세하 027970 부채총계 156,443,427,805 155,077,019,715
세하 027970 자본금 29,562,997,000 29,562,997,000
세하 027970 자본잉여금 36,691,925,235 36,729,023,915
세하 027970 자본조정 -2,649,150 -2,649,150
세하 027970 기타포괄손익누계액 0 0
세하 027970 이익잉여금(결손금) -59,261,571,151 -59,173,563,516
세하 027970 자본총계 18,476,767,280 18,601,873,595
세하 027970 자본과부채총계 174,920,195,085 173,678,893,310
date : 2018-06-30
세하 027970 유동자산 53,821,124,519 55,727,704,864
세하 027970 현금및현금성자산 6,215,246,752 6,019,779,253
세하 027970 매출채권 및 기타유동채권
세하 027970 재고자산 14,972,860,327 16,229,034,335
세하 027970 기타유동금융자산 1,000,000,000 1,000,000,000
세하 027970 기타유동자산 345,765,216 491,251,007
세하 027970 매각예정비유동자산 0 0
세하 027970 비유동자산 118,496,157,193 117,951,188,446
세하 027970 장기금융상품 0 0
세하 027970 기타포괄손익-공정가치 0 0
세하 027970 당기손익인식공정가치측정금융자산 0 0
세하 027970 종속회사투자 0 0
세하 027970 관계회사투자 0 0
세하 027970 렌탈자산 0 0
세하 027970 유형자산 116,145,953,372 115,813,019,191
세하 027970 무형자산 295,949,618 309,093,942
세하 027970 기타비유동금융자산 204,976,200 204,976,200
세하 027970 기타비유동자산 0 0
세하 027970 사용권자산 0 0
세하 027970 이연법인세자산 0 0
세하 027970 자산총계 172,317,281,712 173,678,893,310
세하 027970 유동부채 122,683,248,770 125,000,652,735
세하 027970 단기매입채무 0 0
세하 027970 단기차입금 54,885,650,075 55,350,343,958
세하 027970 유동성장기차입금 0 0
세하 027970 유동성사채 47,342,358,629 47,189,348,400
세하 027970 기타유동금융부채 0 0
세하 027970 기타유동부채 291,912,439 428,791,914
세하 027970 당기법인세부채 0 0
세하 027970 유동리스부채 0 0
세하 027970 비유동부채 29,773,332,994 30,076,366,980
세하 027970 사채 0 0
세하 027970 장기차입금 5,053,443,580 4,826,833,781
세하 027970 기타비유동금융부채 0 0
세하 027970 이연법인세부채 5,598,574,990 6,101,948,026
세하 027970 비유동리스부채 0 0
세하 027970 부채총계 152,456,581,764 155,077,019,715
세하 027970 자본금 29,562,997,000 29,562,997,000
세하 027970 자본잉여금 36,691,925,235 36,729,023,915
세하 027970 자본조정 -2,649,150 -2,649,150
세하 027970 기타포괄손익누계액 0 0
세하 027970 이익잉여금(결손금) -57,877,638,483 -59,173,563,516
세하 027970 자본총계 19,860,699,948 18,601,873,595
세하 027970 자본과부채총계 172,317,281,712 173,678,893,310
date : 2018-09-30
세하 027970 유동자산 53,466,757,486 55,727,704,864
세하 027970 현금및현금성자산 6,460,224,335 6,019,779,253
세하 027970 매출채권 및 기타유동채권
세하 027970 재고자산 14,953,383,007 16,229,034,335
세하 027970 기타유동금융자산 1,000,000,000 1,000,000,000
세하 027970 기타유동자산 530,601,628 491,251,007
세하 027970 매각예정비유동자산 0 0
세하 027970 비유동자산 119,095,429,444 117,951,188,446
세하 027970 장기금융상품 0 0
세하 027970 기타포괄손익-공정가치 측정 금융자산
세하 027970 당기손익인식공정가치측정금융자산 0 0
세하 027970 종속회사투자 0 0
세하 027970 관계회사투자 0 0
세하 027970 렌탈자산 0 0
세하 027970 유형자산 116,528,821,243 115,813,019,191
세하 027970 무형자산 290,830,240 309,093,942
세하 027970 기타비유동금융자산 204,976,200 204,976,200
세하 027970 기타비유동자산 0 0
세하 027970 사용권자산 0 0
세하 027970 이연법인세자산 0 0
세하 027970 자산총계 172,562,186,930 173,678,893,310
세하 027970 유동부채 120,737,286,276 125,000,652,735
세하 027970 단기매입채무 0 0
세하 027970 단기차입금 52,076,936,308 55,350,343,958
세하 027970 유동성장기차입금 0 0
세하 027970 유동성사채 47,342,358,629 47,189,348,400
세하 027970 기타유동금융부채 0 0
세하 027970 기타유동부채 239,490,004 428,791,914
세하 027970 당기법인세부채 0 0
세하 027970 유동리스부채 0 0
세하 027970 비유동부채 29,448,762,278 30,076,366,980
세하 027970 사채 0 0
세하 027970 장기차입금 5,012,897,095 4,826,833,781
세하 027970 기타비유동금융부채 0 0
세하 027970 이연법인세부채 5,390,558,094 6,101,948,026
세하 027970 비유동리스부채 0 0
세하 027970 부채총계 150,186,048,554 155,077,019,715
세하 027970 자본금 29,562,997,000 29,562,997,000
세하 027970 자본잉여금 36,691,925,235 36,729,023,915
세하 027970 자본조정 -2,649,150 -2,649,150
세하 027970 기타포괄손익누계액 0 0
세하 027970 이익잉여금(결손금) -55,362,200,055 -59,173,563,516
세하 027970 자본총계 22,376,138,376 18,601,873,595
세하 027970 자본과부채총계 172,562,186,930 173,678,893,310
date : 2018-12-31
세하 027970 유동자산 55,698,353,209 55,727,704,864
세하 027970 현금및현금성자산 6,940,835,474 6,019,779,253
세하 027970 매출채권 및 기타유동채권
세하 027970 재고자산 16,687,572,504 16,229,034,335
세하 027970 기타유동금융자산 0 0
세하 027970 기타유동자산 851,491,965 459,181,106
세하 027970 매각예정비유동자산 0 0
세하 027970 비유동자산 123,053,277,006 117,951,188,446
세하 027970 장기금융상품 206,976,200 204,976,200
세하 027970 기타포괄손익-공정가치 측정 금융자산
세하 027970 당기손익인식공정가치측정금융자산 0 0
세하 027970 종속회사투자 0 0
세하 027970 관계회사투자 0 0
세하 027970 렌탈자산 0 0
세하 027970 유형자산 120,715,261,011 115,813,019,191
세하 027970 무형자산 285,892,994 309,093,942
세하 027970 기타비유동금융자산 0 0
세하 027970 기타비유동자산 0 0
세하 027970 사용권자산 0 0
세하 027970 이연법인세자산 0 0
세하 027970 자산총계 178,751,630,215 173,678,893,310
세하 027970 유동부채 122,043,418,559 125,000,652,735
세하 027970 단기매입채무 0 0
세하 027970 단기차입금 93,132,731,262 55,350,343,958
세하 027970 유동성장기차입금 0 0
세하 027970 유동성사채 0 0
세하 027970 기타유동금융부채 0 0
세하 027970 기타유동부채 1,023,128,955 428,791,914
세하 027970 당기법인세부채 0 0
세하 027970 유동리스부채 0 0
세하 027970 비유동부채 29,868,552,337 30,076,366,980
세하 027970 사채 7,500,000,000 47,189,348,400
세하 027970 장기차입금 5,037,224,986 4,826,833,781
세하 027970 기타비유동금융부채 0 0
세하 027970 이연법인세부채 7,117,582,078 6,101,948,026
세하 027970 비유동리스부채 0 0
세하 027970 부채총계 151,911,970,896 155,077,019,715
세하 027970 자본금 29,562,997,000 29,562,997,000
세하 027970 자본잉여금 0 0
세하 027970 자본조정 0 0
세하 027970 기타포괄손익누계액 0 0
세하 027970 이익잉여금(결손금) -53,995,337,490 -59,173,563,516
세하 027970 자본총계 26,839,659,319 18,601,873,595
세하 027970 자본과부채총계 178,751,630,215 173,678,893,310
date : 2019-03-31
세하 027970 유동자산 54,832,831,433 55,698,353,209
세하 027970 현금및현금성자산 4,706,440,016 6,940,835,474
세하 027970 매출채권 및 기타유동채권
세하 027970 재고자산 15,578,851,350 16,687,572,504
세하 027970 기타유동금융자산 1,500,000,000 1,500,000,000
세하 027970 기타유동자산 976,372,184 851,491,965
세하 027970 매각예정비유동자산 0 0
세하 027970 비유동자산 122,217,247,591 123,053,277,006
세하 027970 장기금융상품 0 0
세하 027970 기타포괄손익-공정가치 측정 금융자산
세하 027970 당기손익인식공정가치측정금융자산 0 0
세하 027970 종속회사투자 0 0
세하 027970 관계회사투자 0 0
세하 027970 렌탈자산 0 0
세하 027970 유형자산 120,968,709,767 120,715,261,011
세하 027970 무형자산 282,003,770 285,892,994
세하 027970 기타비유동금융자산 206,976,200 206,976,200
세하 027970 기타비유동자산 0 0
세하 027970 사용권자산 0 0
세하 027970 이연법인세자산 0 0
세하 027970 자산총계 177,050,079,024 178,751,630,215
세하 027970 유동부채 119,828,585,366 122,043,418,559
세하 027970 단기매입채무 0 0
세하 027970 단기차입금 91,106,832,724 93,132,731,262
세하 027970 유동성장기차입금 0 0
세하 027970 유동성사채 7,500,000,000 7,500,000,000
세하 027970 기타유동금융부채 0 0
세하 027970 기타유동부채 701,934,728 1,023,128,955
세하 027970 당기법인세부채 0 0
세하 027970 유동리스부채 0 0
세하 027970 비유동부채 29,471,812,456 29,868,552,337
세하 027970 사채 0 0
세하 027970 장기차입금 5,125,976,737 5,037,224,986
세하 027970 기타비유동금융부채 0 0
세하 027970 이연법인세부채 6,981,556,687 7,117,582,078
세하 027970 비유동리스부채 0 0
세하 027970 부채총계 149,300,397,822 151,911,970,896
세하 027970 자본금 29,562,997,000 29,562,997,000
세하 027970 자본잉여금 0 0
세하 027970 자본조정 0 0
세하 027970 기타포괄손익누계액 0 0
세하 027970 이익잉여금(결손금) -53,085,315,607 -53,995,337,490
세하 027970 자본총계 27,749,681,202 26,839,659,319
세하 027970 자본과부채총계 177,050,079,024 178,751,630,215
