date : 2015-12-31
삼성엔지니어링 028050 유동자산 2,953,318,565,740 3,650,475,102,023
삼성엔지니어링 028050 현금및현금성자산 453,900,418,494 251,384,997,585
삼성엔지니어링 028050 매출채권 677,426,183,622 931,795,532,805
삼성엔지니어링 028050 재고자산 0 0
삼성엔지니어링 028050 기타유동금융자산 0 0
삼성엔지니어링 028050 기타유동자산 5,400,488,985 235,037,176
삼성엔지니어링 028050 매각예정비유동자산 0 0
삼성엔지니어링 028050 비유동자산 1,663,171,658,933 1,394,314,400,525
삼성엔지니어링 028050 장기금융상품 0 0
삼성엔지니어링 028050 기타포괄손익-공정가치 0 0
삼성엔지니어링 028050 당기손익인식공정가치측정금융자산 0 0
삼성엔지니어링 028050 종속회사투자 0 0
삼성엔지니어링 028050 관계회사투자 0 0
삼성엔지니어링 028050 렌탈자산 0 0
삼성엔지니어링 028050 유형자산 648,478,744,632 578,449,852,264
삼성엔지니어링 028050 무형자산 48,506,503,048 57,454,756,132
삼성엔지니어링 028050 기타비유동금융자산 0 0
삼성엔지니어링 028050 기타비유동자산 22,804,298,162 90,778,910,861
삼성엔지니어링 028050 사용권자산 0 0
삼성엔지니어링 028050 이연법인세자산 651,517,285,158 388,629,445,843
삼성엔지니어링 028050 자산총계 4,616,490,224,673 5,044,789,502,548
삼성엔지니어링 028050 유동부채 2,934,838,600,778 3,058,210,168,444
삼성엔지니어링 028050 단기매입채무 0 0
삼성엔지니어링 028050 단기차입금 및 기타금융부채
삼성엔지니어링 028050 유동성장기차입금 100,000,000,000 기타금융부채
삼성엔지니어링 028050 유동성사채 0 0
삼성엔지니어링 028050 기타유동금융부채 0 0
삼성엔지니어링 028050 기타유동부채 10,781,600,152 17,379,910,121
삼성엔지니어링 028050 당기법인세부채 0 0
삼성엔지니어링 028050 유동리스부채 0 0
삼성엔지니어링 028050 비유동부채 2,112,836,306,029 1,144,197,209,989
삼성엔지니어링 028050 사채 10,000,000 10,000,000
삼성엔지니어링 028050 장기차입금 546,500,000,000 0
삼성엔지니어링 028050 기타비유동금융부채 0 0
삼성엔지니어링 028050 이연법인세부채 0 0
삼성엔지니어링 028050 비유동리스부채 0 0
삼성엔지니어링 028050 부채총계 5,047,674,906,807 4,202,407,378,433
삼성엔지니어링 028050 자본금 200,000,000,000 200,000,000,000
삼성엔지니어링 028050 자본잉여금 0 0
삼성엔지니어링 028050 자본조정 0 0
삼성엔지니어링 028050 기타포괄손익누계액 0 0
삼성엔지니어링 028050 이익잉여금(결손금) 0 0
삼성엔지니어링 028050 자본총계 4,616,490,224,673 5,044,789,502,548
삼성엔지니어링 028050 자본과부채총계 0 0
date : 2016-03-31
삼성엔지니어링 028050 유동자산 2,878,342,360,021 2,953,318,565,740
삼성엔지니어링 028050 현금및현금성자산 425,509,492,193 453,900,418,494
삼성엔지니어링 028050 매출채권 631,062,253,425 677,426,183,622
삼성엔지니어링 028050 재고자산 0 0
삼성엔지니어링 028050 기타유동금융자산 0 0
삼성엔지니어링 028050 기타유동자산 8,067,902,465 5,400,488,985
삼성엔지니어링 028050 매각예정비유동자산 0 0
삼성엔지니어링 028050 비유동자산 1,750,735,315,254 1,663,171,658,933
삼성엔지니어링 028050 장기금융상품 0 0
삼성엔지니어링 028050 기타포괄손익-공정가치 0 0
삼성엔지니어링 028050 당기손익인식공정가치측정금융자산 0 0
삼성엔지니어링 028050 종속회사투자 0 0
삼성엔지니어링 028050 관계회사투자 0 0
삼성엔지니어링 028050 렌탈자산 0 0
삼성엔지니어링 028050 유형자산 638,609,210,136 648,478,744,632
삼성엔지니어링 028050 무형자산 45,882,656,587 48,506,503,048
삼성엔지니어링 028050 기타비유동금융자산 0 0
삼성엔지니어링 028050 기타비유동자산 23,034,410,561 22,804,298,162
삼성엔지니어링 028050 사용권자산 0 0
삼성엔지니어링 028050 이연법인세자산 718,642,292,006 651,517,285,158
삼성엔지니어링 028050 자산총계 4,629,077,675,275 4,616,490,224,673
삼성엔지니어링 028050 유동부채 2,042,024,598,196 2,934,838,600,778
삼성엔지니어링 028050 단기매입채무 0 0
삼성엔지니어링 028050 단기차입금 및 기타금융부채
삼성엔지니어링 028050 유동성장기차입금 100,000,000,000 기타금융부채
삼성엔지니어링 028050 유동성사채 0 0
삼성엔지니어링 028050 기타유동금융부채 0 0
삼성엔지니어링 028050 기타유동부채 70,693,346,969 10,781,600,152
삼성엔지니어링 028050 당기법인세부채 0 0
삼성엔지니어링 028050 유동리스부채 0 0
삼성엔지니어링 028050 비유동부채 1,661,957,061,303 2,112,836,306,029
삼성엔지니어링 028050 사채 10,000,000 10,000,000
삼성엔지니어링 028050 장기차입금 544,187,500,000 546,500,000,000
삼성엔지니어링 028050 기타비유동금융부채 0 0
삼성엔지니어링 028050 이연법인세부채 0 0
삼성엔지니어링 028050 비유동리스부채 0 0
삼성엔지니어링 028050 부채총계 3,703,981,659,499 5,047,674,906,807
삼성엔지니어링 028050 자본금 980,000,000,000 200,000,000,000
삼성엔지니어링 028050 자본잉여금 0 0
삼성엔지니어링 028050 자본조정 0 0
삼성엔지니어링 028050 기타포괄손익누계액 0 0
삼성엔지니어링 028050 이익잉여금(결손금) 0 0
삼성엔지니어링 028050 자본총계 4,629,077,675,275 4,616,490,224,673
삼성엔지니어링 028050 자본과부채총계 0 0
date : 2016-06-30
삼성엔지니어링 028050 유동자산 2,838,442,481,975 2,953,318,565,740
삼성엔지니어링 028050 현금및현금성자산 336,996,730,878 453,900,418,494
삼성엔지니어링 028050 매출채권 632,857,196,298 677,426,183,622
삼성엔지니어링 028050 재고자산 0 0
삼성엔지니어링 028050 기타유동금융자산 0 0
삼성엔지니어링 028050 기타유동자산 27,610,249,414 5,400,488,985
삼성엔지니어링 028050 매각예정비유동자산 0 0
삼성엔지니어링 028050 비유동자산 1,768,433,381,137 1,663,171,658,933
삼성엔지니어링 028050 장기금융상품 0 0
삼성엔지니어링 028050 기타포괄손익-공정가치 0 0
삼성엔지니어링 028050 당기손익인식공정가치측정금융자산 0 0
삼성엔지니어링 028050 종속회사투자 0 0
삼성엔지니어링 028050 관계회사투자 0 0
삼성엔지니어링 028050 렌탈자산 0 0
삼성엔지니어링 028050 유형자산 628,842,445,642 648,478,744,632
삼성엔지니어링 028050 무형자산 107,415,038,488 48,506,503,048
삼성엔지니어링 028050 기타비유동금융자산 0 0
삼성엔지니어링 028050 기타비유동자산 19,847,405,683 22,804,298,162
삼성엔지니어링 028050 사용권자산 0 0
삼성엔지니어링 028050 이연법인세자산 693,724,464,991 651,517,285,158
삼성엔지니어링 028050 자산총계 4,606,875,863,112 4,616,490,224,673
삼성엔지니어링 028050 유동부채 2,642,088,705,933 2,934,838,600,778
삼성엔지니어링 028050 단기매입채무 0 0
삼성엔지니어링 028050 단기차입금 및 기타금융부채
삼성엔지니어링 028050 유동성장기차입금 545,587,500,000 100,000,000,000
삼성엔지니어링 028050 유동성사채 0 0
삼성엔지니어링 028050 기타유동금융부채 0 0
삼성엔지니어링 028050 기타유동부채 72,855,769,712 10,781,600,152
삼성엔지니어링 028050 당기법인세부채 0 0
삼성엔지니어링 028050 유동리스부채 0 0
삼성엔지니어링 028050 비유동부채 960,593,458,557 2,112,836,306,029
삼성엔지니어링 028050 사채 10,000,000 10,000,000
삼성엔지니어링 028050 장기차입금 546,500,000,000 0
삼성엔지니어링 028050 기타비유동금융부채 0 0
삼성엔지니어링 028050 이연법인세부채 0 0
삼성엔지니어링 028050 비유동리스부채 0 0
삼성엔지니어링 028050 부채총계 3,602,682,164,490 5,047,674,906,807
삼성엔지니어링 028050 자본금 980,000,000,000 200,000,000,000
삼성엔지니어링 028050 자본잉여금 0 0
삼성엔지니어링 028050 자본조정 0 0
삼성엔지니어링 028050 기타포괄손익누계액 0 0
삼성엔지니어링 028050 이익잉여금(결손금) 0 0
삼성엔지니어링 028050 자본총계 4,606,875,863,112 4,616,490,224,673
삼성엔지니어링 028050 자본과부채총계 0 0
date : 2016-09-30
삼성엔지니어링 028050 유동자산 2,948,950,326,258 2,953,318,565,740
삼성엔지니어링 028050 현금및현금성자산 337,789,143,543 453,900,418,494
삼성엔지니어링 028050 매출채권 932,722,278,031 677,426,183,622
삼성엔지니어링 028050 재고자산 0 0
삼성엔지니어링 028050 기타유동금융자산 0 0
삼성엔지니어링 028050 기타유동자산 36,663,278,532 5,400,488,985
삼성엔지니어링 028050 매각예정비유동자산 0 0
삼성엔지니어링 028050 비유동자산 1,747,276,264,081 1,663,171,658,933
삼성엔지니어링 028050 장기금융상품 0 0
삼성엔지니어링 028050 기타포괄손익-공정가치 0 0
삼성엔지니어링 028050 당기손익인식공정가치측정금융자산 0 0
삼성엔지니어링 028050 종속회사투자 0 0
삼성엔지니어링 028050 관계회사투자 0 0
삼성엔지니어링 028050 렌탈자산 0 0
삼성엔지니어링 028050 유형자산 630,706,403,643 648,478,744,632
삼성엔지니어링 028050 무형자산 99,103,739,267 48,506,503,048
삼성엔지니어링 028050 기타비유동금융자산 0 0
삼성엔지니어링 028050 기타비유동자산 20,189,838,075 22,804,298,162
삼성엔지니어링 028050 사용권자산 0 0
삼성엔지니어링 028050 이연법인세자산 689,464,566,731 651,517,285,158
삼성엔지니어링 028050 자산총계 4,696,226,590,339 4,616,490,224,673
삼성엔지니어링 028050 유동부채 2,784,358,177,092 2,934,838,600,778
삼성엔지니어링 028050 단기매입채무 0 0
삼성엔지니어링 028050 단기차입금 및 기타금융부채
삼성엔지니어링 028050 유동성장기차입금 507,037,500,000 100,000,000,000
삼성엔지니어링 028050 유동성사채 0 0
삼성엔지니어링 028050 기타유동금융부채 0 0
삼성엔지니어링 028050 기타유동부채 78,800,370,749 10,781,600,152
삼성엔지니어링 028050 당기법인세부채 0 0
삼성엔지니어링 028050 유동리스부채 0 0
삼성엔지니어링 028050 비유동부채 845,159,619,075 2,112,836,306,029
삼성엔지니어링 028050 사채 10,000,000 10,000,000
삼성엔지니어링 028050 장기차입금 546,500,000,000 0
삼성엔지니어링 028050 기타비유동금융부채 0 0
삼성엔지니어링 028050 이연법인세부채 0 0
삼성엔지니어링 028050 비유동리스부채 0 0
삼성엔지니어링 028050 부채총계 3,629,517,796,167 5,047,674,906,807
삼성엔지니어링 028050 자본금 980,000,000,000 200,000,000,000
삼성엔지니어링 028050 자본잉여금 0 0
삼성엔지니어링 028050 자본조정 0 0
삼성엔지니어링 028050 기타포괄손익누계액 0 0
삼성엔지니어링 028050 이익잉여금(결손금) 0 0
삼성엔지니어링 028050 자본총계 4,696,226,590,339 4,616,490,224,673
삼성엔지니어링 028050 자본과부채총계 0 0
date : 2016-12-31
삼성엔지니어링 028050 유동자산 2,870,140,125,113 2,953,318,565,740
삼성엔지니어링 028050 현금및현금성자산 506,654,067,556 453,900,418,494
삼성엔지니어링 028050 매출채권 889,795,357,666 677,426,183,622
삼성엔지니어링 028050 재고자산 0 0
삼성엔지니어링 028050 기타유동금융자산 0 0
삼성엔지니어링 028050 기타유동자산 400,398,317 5,400,488,985
삼성엔지니어링 028050 매각예정비유동자산 0 0
삼성엔지니어링 028050 비유동자산 1,767,266,738,310 1,663,171,658,933
삼성엔지니어링 028050 장기금융상품 0 0
삼성엔지니어링 028050 기타포괄손익-공정가치 0 0
삼성엔지니어링 028050 당기손익인식공정가치측정금융자산 0 0
삼성엔지니어링 028050 종속회사투자 0 0
삼성엔지니어링 028050 관계회사투자 0 0
삼성엔지니어링 028050 렌탈자산 0 0
삼성엔지니어링 028050 유형자산 628,502,490,059 648,478,744,632
삼성엔지니어링 028050 무형자산 94,182,806,489 48,506,503,048
삼성엔지니어링 028050 기타비유동금융자산 0 0
삼성엔지니어링 028050 기타비유동자산 18,524,178,514 22,804,298,162
삼성엔지니어링 028050 사용권자산 0 0
삼성엔지니어링 028050 이연법인세자산 767,255,666,741 651,517,285,158
삼성엔지니어링 028050 자산총계 4,637,406,863,423 4,616,490,224,673
삼성엔지니어링 028050 유동부채 2,778,593,148,311 2,934,838,600,778
삼성엔지니어링 028050 단기매입채무 0 0
삼성엔지니어링 028050 단기차입금 및 기타금융부채
삼성엔지니어링 028050 유동성장기차입금 471,062,500,000 100,000,000,000
삼성엔지니어링 028050 유동성사채 0 0
삼성엔지니어링 028050 기타유동금융부채 0 0
삼성엔지니어링 028050 기타유동부채 92,803,480,480 10,781,600,152
삼성엔지니어링 028050 당기법인세부채 0 0
삼성엔지니어링 028050 유동리스부채 0 0
삼성엔지니어링 028050 비유동부채 943,092,781,884 2,112,836,306,029
삼성엔지니어링 028050 사채 10,000,000 10,000,000
삼성엔지니어링 028050 장기차입금 546,500,000,000 0
삼성엔지니어링 028050 기타비유동금융부채 0 0
삼성엔지니어링 028050 이연법인세부채 0 0
삼성엔지니어링 028050 비유동리스부채 0 0
삼성엔지니어링 028050 부채총계 3,721,685,930,195 5,047,674,906,807
삼성엔지니어링 028050 자본금 980,000,000,000 200,000,000,000
삼성엔지니어링 028050 자본잉여금 0 0
삼성엔지니어링 028050 자본조정 0 0
삼성엔지니어링 028050 기타포괄손익누계액 0 0
삼성엔지니어링 028050 이익잉여금(결손금) 0 0
삼성엔지니어링 028050 자본총계 4,637,406,863,423 4,616,490,224,673
삼성엔지니어링 028050 자본과부채총계 0 0
date : 2017-03-31
삼성엔지니어링 028050 유동자산 2,695,518,193,583 2,870,140,125,113
삼성엔지니어링 028050 현금및현금성자산 342,013,995,495 506,654,067,556
삼성엔지니어링 028050 매출채권 867,270,779,521 889,795,357,666
삼성엔지니어링 028050 재고자산 0 0
삼성엔지니어링 028050 기타유동금융자산 0 0
삼성엔지니어링 028050 기타유동자산 16,107,484,456 400,398,317
삼성엔지니어링 028050 매각예정비유동자산 0 0
삼성엔지니어링 028050 비유동자산 1,772,160,578,175 1,767,266,738,310
삼성엔지니어링 028050 장기금융상품 0 0
삼성엔지니어링 028050 기타포괄손익-공정가치 0 0
삼성엔지니어링 028050 당기손익인식공정가치측정금융자산 0 0
삼성엔지니어링 028050 종속회사투자 0 0
삼성엔지니어링 028050 관계회사투자 0 0
삼성엔지니어링 028050 렌탈자산 0 0
삼성엔지니어링 028050 유형자산 622,250,635,493 628,502,490,059
삼성엔지니어링 028050 무형자산 87,636,176,229 94,182,806,489
삼성엔지니어링 028050 기타비유동금융자산 0 0
삼성엔지니어링 028050 기타비유동자산 17,222,069,220 18,524,178,514
삼성엔지니어링 028050 사용권자산 0 0
삼성엔지니어링 028050 이연법인세자산 775,066,392,115 767,255,666,741
삼성엔지니어링 028050 자산총계 4,467,678,771,758 4,637,406,863,423
삼성엔지니어링 028050 유동부채 2,734,002,779,439 2,778,593,148,311
삼성엔지니어링 028050 단기매입채무 0 0
삼성엔지니어링 028050 단기차입금 및 기타금융부채
삼성엔지니어링 028050 유동성장기차입금 459,512,500,000 471,062,500,000
삼성엔지니어링 028050 유동성사채 0 0
삼성엔지니어링 028050 기타유동금융부채 0 0
삼성엔지니어링 028050 기타유동부채 107,601,450,606 92,803,480,480
삼성엔지니어링 028050 당기법인세부채 0 0
삼성엔지니어링 028050 유동리스부채 0 0
삼성엔지니어링 028050 비유동부채 815,298,657,977 943,092,781,884
삼성엔지니어링 028050 사채 10,000,000 943,092,781,884
삼성엔지니어링 028050 장기차입금 546,500,000,000 943,092,781,884
삼성엔지니어링 028050 기타비유동금융부채 0 0
삼성엔지니어링 028050 이연법인세부채 0 0
삼성엔지니어링 028050 비유동리스부채 0 0
삼성엔지니어링 028050 부채총계 3,549,301,437,416 3,721,685,930,195
삼성엔지니어링 028050 자본금 980,000,000,000 980,000,000,000
삼성엔지니어링 028050 자본잉여금 0 0
삼성엔지니어링 028050 자본조정 0 0
삼성엔지니어링 028050 기타포괄손익누계액 0 0
삼성엔지니어링 028050 이익잉여금(결손금) 0 0
삼성엔지니어링 028050 자본총계 4,467,678,771,758 4,637,406,863,423
삼성엔지니어링 028050 자본과부채총계 0 0
date : 2017-06-30
삼성엔지니어링 028050 유동자산 2,607,133,810,327 2,870,140,125,113
삼성엔지니어링 028050 현금및현금성자산 383,535,114,791 506,654,067,556
삼성엔지니어링 028050 매출채권 482,165,687,566 889,795,357,666
삼성엔지니어링 028050 재고자산 0 0
삼성엔지니어링 028050 기타유동금융자산 0 0
삼성엔지니어링 028050 기타유동자산 18,131,913,118 400,398,317
삼성엔지니어링 028050 매각예정비유동자산 0 0
삼성엔지니어링 028050 비유동자산 1,742,638,958,772 1,767,266,738,310
삼성엔지니어링 028050 장기금융상품 0 0
삼성엔지니어링 028050 기타포괄손익-공정가치 0 0
삼성엔지니어링 028050 당기손익인식공정가치측정금융자산 0 0
삼성엔지니어링 028050 종속회사투자 0 0
삼성엔지니어링 028050 관계회사투자 0 0
삼성엔지니어링 028050 렌탈자산 0 0
삼성엔지니어링 028050 유형자산 614,477,512,184 628,502,490,059
삼성엔지니어링 028050 무형자산 79,689,996,802 94,182,806,489
삼성엔지니어링 028050 기타비유동금융자산 0 0
삼성엔지니어링 028050 기타비유동자산 24,077,430,634 18,524,178,514
삼성엔지니어링 028050 사용권자산 0 0
삼성엔지니어링 028050 이연법인세자산 791,874,493,885 767,255,666,741
삼성엔지니어링 028050 자산총계 4,349,772,769,099 4,637,406,863,423
삼성엔지니어링 028050 유동부채 2,126,557,966,610 2,778,593,148,311
삼성엔지니어링 028050 단기매입채무 0 0
삼성엔지니어링 028050 단기차입금 및 기타금융부채
삼성엔지니어링 028050 유동성장기차입금 45,000,000,000 471,062,500,000
삼성엔지니어링 028050 유동성사채 0 0
삼성엔지니어링 028050 기타유동금융부채 0 0
삼성엔지니어링 028050 기타유동부채 106,974,011,472 92,803,480,480
삼성엔지니어링 028050 당기법인세부채 0 0
삼성엔지니어링 028050 유동리스부채 0 0
삼성엔지니어링 028050 비유동부채 1,282,157,999,834 943,092,781,884
삼성엔지니어링 028050 사채 141,000,000,000 943,092,781,884
삼성엔지니어링 028050 장기차입금 305,000,000,000 943,092,781,884
삼성엔지니어링 028050 기타비유동금융부채 0 0
삼성엔지니어링 028050 이연법인세부채 0 0
삼성엔지니어링 028050 비유동리스부채 0 0
삼성엔지니어링 028050 부채총계 3,408,715,966,444 3,721,685,930,195
삼성엔지니어링 028050 자본금 980,000,000,000 980,000,000,000
삼성엔지니어링 028050 자본잉여금 0 0
삼성엔지니어링 028050 자본조정 0 0
삼성엔지니어링 028050 기타포괄손익누계액 0 0
삼성엔지니어링 028050 이익잉여금(결손금) 0 0
삼성엔지니어링 028050 자본총계 4,349,772,769,099 4,637,406,863,423
삼성엔지니어링 028050 자본과부채총계 0 0
date : 2017-09-30
삼성엔지니어링 028050 유동자산 2,632,588,040,098 2,870,140,125,113
삼성엔지니어링 028050 현금및현금성자산 399,153,681,915 506,654,067,556
삼성엔지니어링 028050 매출채권 467,122,576,741 889,795,357,666
삼성엔지니어링 028050 재고자산 0 0
삼성엔지니어링 028050 기타유동금융자산 8,818,654,495 400,398,317
삼성엔지니어링 028050 기타유동자산 0 0
삼성엔지니어링 028050 매각예정비유동자산 0 0
삼성엔지니어링 028050 비유동자산 1,735,474,239,748 1,767,266,738,310
삼성엔지니어링 028050 장기금융상품 0 0
삼성엔지니어링 028050 기타포괄손익-공정가치 0 0
삼성엔지니어링 028050 당기손익인식공정가치측정금융자산 0 0
삼성엔지니어링 028050 종속회사투자 0 0
삼성엔지니어링 028050 관계회사투자 0 0
삼성엔지니어링 028050 렌탈자산 0 0
삼성엔지니어링 028050 유형자산 609,131,885,912 628,502,490,059
삼성엔지니어링 028050 무형자산 76,143,605,972 94,182,806,489
삼성엔지니어링 028050 기타비유동금융자산 0 0
삼성엔지니어링 028050 기타비유동자산 24,484,496,121 18,524,178,514
삼성엔지니어링 028050 사용권자산 0 0
삼성엔지니어링 028050 이연법인세자산 794,016,124,350 767,255,666,741
삼성엔지니어링 028050 자산총계 4,368,062,279,846 4,637,406,863,423
삼성엔지니어링 028050 유동부채 2,191,592,099,450 2,778,593,148,311
삼성엔지니어링 028050 단기매입채무 0 0
삼성엔지니어링 028050 단기차입금 및 기타금융부채
삼성엔지니어링 028050 유동성장기차입금 45,000,000,000 471,062,500,000
삼성엔지니어링 028050 유동성사채 0 0
삼성엔지니어링 028050 기타유동금융부채 0 0
삼성엔지니어링 028050 기타유동부채 107,122,454,744 92,803,480,480
삼성엔지니어링 028050 당기법인세부채 19,179,724,809 471,062,500,000
삼성엔지니어링 028050 유동리스부채 0 0
삼성엔지니어링 028050 비유동부채 1,281,701,014,718 943,092,781,884
삼성엔지니어링 028050 사채 201,000,000,000 943,092,781,884
삼성엔지니어링 028050 장기차입금 270,000,000,000 943,092,781,884
삼성엔지니어링 028050 기타비유동금융부채 0 0
삼성엔지니어링 028050 이연법인세부채 0 0
삼성엔지니어링 028050 비유동리스부채 0 0
삼성엔지니어링 028050 부채총계 4,368,062,279,846 4,637,406,863,423
삼성엔지니어링 028050 자본금 980,000,000,000 980,000,000,000
삼성엔지니어링 028050 자본잉여금 0 0
삼성엔지니어링 028050 자본조정 0 0
삼성엔지니어링 028050 기타포괄손익누계액 0 0
삼성엔지니어링 028050 이익잉여금(결손금) -13,713,426,205 -410,454,671,744
삼성엔지니어링 028050 자본총계 894,769,165,678 915,720,933,228
삼성엔지니어링 028050 자본과부채총계 0 0
date : 2017-12-31
삼성엔지니어링 028050 유동자산 2,516,639,541,324 2,870,140,125,113
삼성엔지니어링 028050 현금및현금성자산 354,998,248,886 506,654,067,556
삼성엔지니어링 028050 매출채권 1,174,277,874,006 889,795,357,666
삼성엔지니어링 028050 재고자산 0 0
삼성엔지니어링 028050 기타유동금융자산 27,210,283,593 400,398,317
삼성엔지니어링 028050 기타유동자산 0 0
삼성엔지니어링 028050 매각예정비유동자산 0 0
삼성엔지니어링 028050 비유동자산 1,690,070,977,086 1,767,266,738,310
삼성엔지니어링 028050 장기금융상품 0 0
삼성엔지니어링 028050 기타포괄손익-공정가치 0 0
삼성엔지니어링 028050 당기손익인식공정가치측정금융자산 0 0
삼성엔지니어링 028050 종속회사투자 0 0
삼성엔지니어링 028050 관계회사투자 0 0
삼성엔지니어링 028050 렌탈자산 0 0
삼성엔지니어링 028050 유형자산 408,065,320,786 628,502,490,059
삼성엔지니어링 028050 무형자산 69,667,771,799 94,182,806,489
삼성엔지니어링 028050 기타비유동금융자산 0 0
삼성엔지니어링 028050 기타비유동자산 18,043,944,530 18,524,178,514
삼성엔지니어링 028050 사용권자산 0 0
삼성엔지니어링 028050 이연법인세자산 773,019,029,952 767,255,666,741
삼성엔지니어링 028050 자산총계 4,206,710,518,410 4,637,406,863,423
삼성엔지니어링 028050 유동부채 2,431,718,447,561 2,778,593,148,311
삼성엔지니어링 028050 단기매입채무 0 0
삼성엔지니어링 028050 단기차입금 및 기타금융부채
삼성엔지니어링 028050 유동성장기차입금 171,000,000,000 471,062,500,000
삼성엔지니어링 028050 유동성사채 121,000,000,000 기타금융부채
삼성엔지니어링 028050 기타유동금융부채 0 0
삼성엔지니어링 028050 기타유동부채 113,414,517,390 92,803,480,480
삼성엔지니어링 028050 당기법인세부채 19,179,724,809 471,062,500,000
삼성엔지니어링 028050 유동리스부채 0 0
삼성엔지니어링 028050 비유동부채 950,335,080,580 943,092,781,884
삼성엔지니어링 028050 사채 80,000,000,000 10,000,000
삼성엔지니어링 028050 장기차입금 344,000,000,000 546,500,000,000
삼성엔지니어링 028050 기타비유동금융부채 0 0
삼성엔지니어링 028050 이연법인세부채 0 0
삼성엔지니어링 028050 비유동리스부채 0 0
삼성엔지니어링 028050 부채총계 4,206,710,518,410 4,637,406,863,423
삼성엔지니어링 028050 자본금 980,000,000,000 980,000,000,000
삼성엔지니어링 028050 자본잉여금 0 0
삼성엔지니어링 028050 자본조정 0 0
삼성엔지니어링 028050 기타포괄손익누계액 0 0
삼성엔지니어링 028050 이익잉여금(결손금) -76,162,528,404 -410,454,671,744
삼성엔지니어링 028050 자본총계 824,656,990,269 915,720,933,228
삼성엔지니어링 028050 자본과부채총계 0 0
date : 2018-03-31
삼성엔지니어링 028050 유동자산 2,585,821,221,977 2,516,639,541,324
삼성엔지니어링 028050 현금및현금성자산 343,878,218,427 354,998,248,886
삼성엔지니어링 028050 매출채권 1,163,920,153,175 1,174,277,874,006
삼성엔지니어링 028050 재고자산 0 0
삼성엔지니어링 028050 기타유동금융자산 34,026,161,397 27,210,283,593
삼성엔지니어링 028050 기타유동자산 0 0
삼성엔지니어링 028050 매각예정비유동자산 0 0
삼성엔지니어링 028050 비유동자산 1,676,970,771,220 1,690,070,977,086
삼성엔지니어링 028050 장기금융상품 0 0
삼성엔지니어링 028050 기타포괄손익-공정가치 측정 금융자산
삼성엔지니어링 028050 당기손익인식공정가치측정금융자산 0 0
삼성엔지니어링 028050 종속회사투자 0 0
삼성엔지니어링 028050 관계회사투자 0 0
삼성엔지니어링 028050 렌탈자산 0 0
삼성엔지니어링 028050 유형자산 400,537,327,777 408,065,320,786
삼성엔지니어링 028050 무형자산 62,931,077,516 69,667,771,799
삼성엔지니어링 028050 기타비유동금융자산 0 0
삼성엔지니어링 028050 기타비유동자산 16,359,620,465 18,043,944,530
삼성엔지니어링 028050 사용권자산 0 0
삼성엔지니어링 028050 이연법인세자산 776,087,593,404 773,019,029,952
삼성엔지니어링 028050 자산총계 4,262,791,993,197 4,206,710,518,410
삼성엔지니어링 028050 유동부채 2,526,545,512,207 2,431,718,447,561
삼성엔지니어링 028050 단기매입채무 0 0
삼성엔지니어링 028050 단기차입금 및 기타금융부채
삼성엔지니어링 028050 유동성장기차입금 185,000,000,000 171,000,000,000
삼성엔지니어링 028050 유동성사채 181,000,000,000 121,000,000,000
삼성엔지니어링 028050 기타유동금융부채 0 0
삼성엔지니어링 028050 기타유동부채 19,622,800,541 113,414,517,390
삼성엔지니어링 028050 당기법인세부채 1,399,201,239 171,000,000,000
삼성엔지니어링 028050 유동리스부채 0 0
삼성엔지니어링 028050 비유동부채 868,731,531,855 950,335,080,580
삼성엔지니어링 028050 사채 20,000,000,000 80,000,000,000
삼성엔지니어링 028050 장기차입금 272,500,000,000 344,000,000,000
삼성엔지니어링 028050 기타비유동금융부채 0 0
삼성엔지니어링 028050 이연법인세부채 0 0
삼성엔지니어링 028050 비유동리스부채 0 0
삼성엔지니어링 028050 부채총계 4,262,791,993,197 4,206,710,518,410
삼성엔지니어링 028050 자본금 980,000,000,000 980,000,000,000
삼성엔지니어링 028050 자본잉여금 0 0
삼성엔지니어링 028050 자본조정 0 0
삼성엔지니어링 028050 기타포괄손익누계액 0 0
삼성엔지니어링 028050 이익잉여금(결손금) -38,402,671,467 -76,162,528,404
삼성엔지니어링 028050 자본총계 867,514,949,135 824,656,990,269
삼성엔지니어링 028050 자본과부채총계 0 0
date : 2018-06-30
삼성엔지니어링 028050 유동자산 2,292,328,828,320 2,516,639,541,324
삼성엔지니어링 028050 현금및현금성자산 199,114,401,041 354,998,248,886
삼성엔지니어링 028050 매출채권 730,640,621,609 1,174,277,874,006
삼성엔지니어링 028050 재고자산 0 0
삼성엔지니어링 028050 기타유동금융자산 0 0
삼성엔지니어링 028050 기타유동자산 81,655,500,476 27,210,283,593
삼성엔지니어링 028050 매각예정비유동자산 0 0
삼성엔지니어링 028050 비유동자산 1,699,559,313,900 1,690,070,977,086
삼성엔지니어링 028050 장기금융상품 0 0
삼성엔지니어링 028050 기타포괄손익-공정가치 측정 금융자산
삼성엔지니어링 028050 당기손익인식공정가치측정금융자산 0 0
삼성엔지니어링 028050 종속회사투자 0 0
삼성엔지니어링 028050 관계회사투자 0 0
삼성엔지니어링 028050 렌탈자산 0 0
삼성엔지니어링 028050 유형자산 398,309,647,863 408,065,320,786
삼성엔지니어링 028050 무형자산 60,277,280,356 69,667,771,799
삼성엔지니어링 028050 기타비유동금융자산 0 0
삼성엔지니어링 028050 기타비유동자산 15,560,415,249 18,043,944,530
삼성엔지니어링 028050 사용권자산 0 0
삼성엔지니어링 028050 이연법인세자산 803,269,371,946 773,019,029,952
삼성엔지니어링 028050 자산총계 3,991,888,142,220 4,206,710,518,410
삼성엔지니어링 028050 유동부채 2,378,033,069,307 2,431,718,447,561
삼성엔지니어링 028050 단기매입채무 0 0
삼성엔지니어링 028050 단기차입금 157,736,000,000 249,412,000,000
삼성엔지니어링 028050 유동성장기차입금 198,000,000,000 171,000,000,000
삼성엔지니어링 028050 유동성사채 191,000,000,000 121,000,000,000
삼성엔지니어링 028050 기타유동금융부채 0 0
삼성엔지니어링 028050 기타유동부채 18,619,534,411 113,414,517,390
삼성엔지니어링 028050 당기법인세부채 0 0
삼성엔지니어링 028050 유동리스부채 0 0
삼성엔지니어링 028050 비유동부채 823,156,343,403 950,335,080,580
삼성엔지니어링 028050 사채 10,000,000,000 80,000,000,000
삼성엔지니어링 028050 장기차입금 196,000,000,000 344,000,000,000
삼성엔지니어링 028050 기타비유동금융부채 0 0
삼성엔지니어링 028050 이연법인세부채 0 0
삼성엔지니어링 028050 비유동리스부채 0 0
삼성엔지니어링 028050 부채총계 3,991,888,142,220 4,206,710,518,410
삼성엔지니어링 028050 자본금 980,000,000,000 980,000,000,000
삼성엔지니어링 028050 자본잉여금 0 0
삼성엔지니어링 028050 자본조정 0 0
삼성엔지니어링 028050 기타포괄손익누계액 0 0
삼성엔지니어링 028050 이익잉여금(결손금) -87,137,100,697 -76,162,528,404
삼성엔지니어링 028050 자본총계 0 0
삼성엔지니어링 028050 자본과부채총계 0 0
date : 2018-09-30
삼성엔지니어링 028050 유동자산 2,222,250,371,188 2,516,639,541,324
삼성엔지니어링 028050 현금및현금성자산 197,329,020,191 354,998,248,886
삼성엔지니어링 028050 매출채권 837,010,575,137 1,174,277,874,006
삼성엔지니어링 028050 재고자산 0 0
삼성엔지니어링 028050 기타유동금융자산 0 0
삼성엔지니어링 028050 기타유동자산 105,819,542,272 27,210,283,593
삼성엔지니어링 028050 매각예정비유동자산 0 0
삼성엔지니어링 028050 비유동자산 1,612,212,742,379 1,690,070,977,086
삼성엔지니어링 028050 장기금융상품 0 0
삼성엔지니어링 028050 기타포괄손익-공정가치 측정 금융자산
삼성엔지니어링 028050 당기손익인식공정가치측정금융자산 0 0
삼성엔지니어링 028050 종속회사투자 0 0
삼성엔지니어링 028050 관계회사투자 0 0
삼성엔지니어링 028050 렌탈자산 0 0
삼성엔지니어링 028050 유형자산 391,454,335,863 408,065,320,786
삼성엔지니어링 028050 무형자산 55,567,769,245 69,667,771,799
삼성엔지니어링 028050 기타비유동금융자산 0 0
삼성엔지니어링 028050 기타비유동자산 15,684,756,853 18,043,944,530
삼성엔지니어링 028050 사용권자산 0 0
삼성엔지니어링 028050 이연법인세자산 790,770,096,798 773,019,029,952
삼성엔지니어링 028050 자산총계 3,834,463,113,567 4,206,710,518,410
삼성엔지니어링 028050 유동부채 2,414,412,733,451 2,431,718,447,561
삼성엔지니어링 028050 단기매입채무 0 0
삼성엔지니어링 028050 단기차입금 188,816,000,000 249,412,000,000
삼성엔지니어링 028050 유동성장기차입금 207,500,000,000 171,000,000,000
삼성엔지니어링 028050 유동성사채 191,000,000,000 121,000,000,000
삼성엔지니어링 028050 기타유동금융부채 0 0
삼성엔지니어링 028050 기타유동부채 15,281,201,149 113,414,517,390
삼성엔지니어링 028050 당기법인세부채 0 0
삼성엔지니어링 028050 유동리스부채 0 0
삼성엔지니어링 028050 비유동부채 547,012,380,185 950,335,080,580
삼성엔지니어링 028050 사채 10,000,000,000 80,000,000,000
삼성엔지니어링 028050 장기차입금 72,500,000,000 344,000,000,000
삼성엔지니어링 028050 기타비유동금융부채 0 0
삼성엔지니어링 028050 이연법인세부채 0 0
삼성엔지니어링 028050 비유동리스부채 0 0
삼성엔지니어링 028050 부채총계 3,834,463,113,567 4,206,710,518,410
삼성엔지니어링 028050 자본금 980,000,000,000 980,000,000,000
삼성엔지니어링 028050 자본잉여금 0 0
삼성엔지니어링 028050 자본조정 0 0
삼성엔지니어링 028050 기타포괄손익누계액 0 0
삼성엔지니어링 028050 이익잉여금(결손금) -6,204,879,080 -76,162,528,404
삼성엔지니어링 028050 자본총계 0 0
삼성엔지니어링 028050 자본과부채총계 0 0
date : 2018-12-31
삼성엔지니어링 028050 유동자산 2,419,904,160,036 2,516,639,541,324
삼성엔지니어링 028050 현금및현금성자산 136,607,181,524 354,998,248,886
삼성엔지니어링 028050 매출채권 1,341,954,447,512 1,174,277,874,006
삼성엔지니어링 028050 재고자산 0 0
삼성엔지니어링 028050 기타유동금융자산 0 0
삼성엔지니어링 028050 기타유동자산 83,033,757,866 27,210,283,593
삼성엔지니어링 028050 매각예정비유동자산 0 0
삼성엔지니어링 028050 비유동자산 1,583,718,804,107 1,690,070,977,086
삼성엔지니어링 028050 장기금융상품 0 0
삼성엔지니어링 028050 기타포괄손익-공정가치 측정 금융자산
삼성엔지니어링 028050 당기손익인식공정가치측정금융자산 0 0
삼성엔지니어링 028050 종속회사투자 0 0
삼성엔지니어링 028050 관계회사투자 0 0
삼성엔지니어링 028050 렌탈자산 0 0
삼성엔지니어링 028050 유형자산 388,163,887,918 408,065,320,786
삼성엔지니어링 028050 무형자산 53,505,730,348 69,667,771,799
삼성엔지니어링 028050 기타비유동금융자산 0 0
삼성엔지니어링 028050 기타비유동자산 13,840,685,626 18,043,944,530
삼성엔지니어링 028050 사용권자산 0 0
삼성엔지니어링 028050 이연법인세자산 759,279,641,830 773,019,029,952
삼성엔지니어링 028050 자산총계 4,003,622,964,143 4,206,710,518,410
삼성엔지니어링 028050 유동부채 2,853,658,708,338 2,431,718,447,561
삼성엔지니어링 028050 단기매입채무 0 0
삼성엔지니어링 028050 단기차입금 87,243,000,000 249,412,000,000
삼성엔지니어링 028050 유동성장기차입금 195,000,000,000 171,000,000,000
삼성엔지니어링 028050 유동성사채 80,000,000,000 121,000,000,000
삼성엔지니어링 028050 기타유동금융부채 0 0
삼성엔지니어링 028050 기타유동부채 136,682,817,840 113,414,517,390
삼성엔지니어링 028050 당기법인세부채 0 0
삼성엔지니어링 028050 유동리스부채 0 0
삼성엔지니어링 028050 비유동부채 323,855,680,136 950,335,080,580
삼성엔지니어링 028050 사채 80,000,000,000 950,335,080,580
삼성엔지니어링 028050 장기차입금 344,000,000,000 950,335,080,580
삼성엔지니어링 028050 기타비유동금융부채 0 0
삼성엔지니어링 028050 이연법인세부채 0 0
삼성엔지니어링 028050 비유동리스부채 0 0
삼성엔지니어링 028050 부채총계 3,177,514,388,474 3,382,053,528,141
삼성엔지니어링 028050 자본금 980,000,000,000 980,000,000,000
삼성엔지니어링 028050 자본잉여금 0 0
삼성엔지니어링 028050 자본조정 0 0
삼성엔지니어링 028050 기타포괄손익누계액 0 0
삼성엔지니어링 028050 이익잉여금(결손금) -42,042,261,029 -76,162,528,404
삼성엔지니어링 028050 자본총계 4,003,622,964,143 4,206,710,518,410
삼성엔지니어링 028050 자본과부채총계 0 0
date : 2019-03-31
삼성엔지니어링 028050 유동자산 2,505,182,380,902 2,419,904,160,036
삼성엔지니어링 028050 현금및현금성자산 243,722,942,680 136,607,181,524
삼성엔지니어링 028050 매출채권 1,235,285,413,685 1,341,954,447,512
삼성엔지니어링 028050 재고자산 0 0
삼성엔지니어링 028050 기타유동금융자산 0 0
삼성엔지니어링 028050 기타유동자산 96,586,295,456 83,033,757,866
삼성엔지니어링 028050 매각예정비유동자산 0 0
삼성엔지니어링 028050 비유동자산 1,579,596,197,533 1,583,718,804,107
삼성엔지니어링 028050 장기금융상품 0 0
삼성엔지니어링 028050 기타포괄손익-공정가치 측정 금융자산
삼성엔지니어링 028050 당기손익인식공정가치측정금융자산 0 0
삼성엔지니어링 028050 종속회사투자 0 0
삼성엔지니어링 028050 관계회사투자 0 0
삼성엔지니어링 028050 렌탈자산 0 0
삼성엔지니어링 028050 유형자산 388,081,773,402 388,163,887,918
삼성엔지니어링 028050 무형자산 47,213,138,767 53,505,730,348
삼성엔지니어링 028050 기타비유동금융자산 0 0
삼성엔지니어링 028050 기타비유동자산 14,288,698,127 13,840,685,626
삼성엔지니어링 028050 사용권자산 0 0
삼성엔지니어링 028050 이연법인세자산 758,528,316,257 759,279,641,830
삼성엔지니어링 028050 자산총계 4,084,778,578,435 4,003,622,964,143
삼성엔지니어링 028050 유동부채 2,915,463,615,550 2,853,658,708,338
삼성엔지니어링 028050 단기매입채무 0 0
삼성엔지니어링 028050 단기차입금 224,734,000,000 87,243,000,000
삼성엔지니어링 028050 유동성장기차입금 155,000,000,000 195,000,000,000
삼성엔지니어링 028050 유동성사채 20,000,000,000 80,000,000,000
삼성엔지니어링 028050 기타유동금융부채 0 0
삼성엔지니어링 028050 기타유동부채 123,195,990,482 136,682,817,840
삼성엔지니어링 028050 당기법인세부채 7,747,367,303 1,696,405,811
삼성엔지니어링 028050 유동리스부채 0 0
삼성엔지니어링 028050 비유동부채 304,240,205,050 323,855,680,136
삼성엔지니어링 028050 사채 0 0
삼성엔지니어링 028050 장기차입금 0 0
삼성엔지니어링 028050 기타비유동금융부채 0 0
삼성엔지니어링 028050 이연법인세부채 0 0
삼성엔지니어링 028050 비유동리스부채 0 0
삼성엔지니어링 028050 부채총계 3,219,703,820,600 3,177,514,388,474
삼성엔지니어링 028050 자본금 980,000,000,000 980,000,000,000
삼성엔지니어링 028050 자본잉여금 0 0
삼성엔지니어링 028050 자본조정 0 0
삼성엔지니어링 028050 기타포괄손익누계액 0 0
삼성엔지니어링 028050 이익잉여금(결손금) 5,680,203,994 -42,042,261,029
삼성엔지니어링 028050 자본총계 4,084,778,578,435 4,003,622,964,143
삼성엔지니어링 028050 자본과부채총계 0 0
