date : 2015-12-31
파캔OPC 028040 유동자산 14,202,609,808 5,374,404,392
파캔OPC 028040 현금및현금성자산 879,109 82,955,667
파캔OPC 028040 매출채권 및 기타유동채권
파캔OPC 028040 재고자산 2,818,190,490 3,734,209,521
파캔OPC 028040 기타유동금융자산 21,506,258 72,740,639
파캔OPC 028040 기타유동자산 0 0
파캔OPC 028040 매각예정비유동자산 451,280,504 69,558,112
파캔OPC 028040 비유동자산 29,193,080,649 34,208,914,341
파캔OPC 028040 장기금융상품 4,500,000 6,000,000
파캔OPC 028040 기타포괄손익-공정가치 0 0
파캔OPC 028040 당기손익인식공정가치측정금융자산 0 0
파캔OPC 028040 종속회사투자 0 0
파캔OPC 028040 관계회사투자 0 0
파캔OPC 028040 렌탈자산 0 0
파캔OPC 028040 유형자산 27,463,140,968 32,150,905,761
파캔OPC 028040 무형자산 12,562,918 69,558,112
파캔OPC 028040 기타비유동금융자산 0 0
파캔OPC 028040 기타비유동자산 0 0
파캔OPC 028040 사용권자산 0 0
파캔OPC 028040 이연법인세자산 0 0
파캔OPC 028040 자산총계 43,846,970,961 39,583,318,733
파캔OPC 028040 유동부채 29,206,051,701 23,688,570,040
파캔OPC 028040 단기매입채무 0 0
파캔OPC 028040 단기차입금 18,840,157,532 19,668,462,431
파캔OPC 028040 유동성장기차입금 1,886,036,059 1,042,944,133
파캔OPC 028040 유동성사채 0 0
파캔OPC 028040 기타유동금융부채 125,487,138 125,487,138
파캔OPC 028040 기타유동부채 0 0
파캔OPC 028040 당기법인세부채 0 0
파캔OPC 028040 유동리스부채 0 0
파캔OPC 028040 비유동부채 2,561,981,848 4,666,234,262
파캔OPC 028040 사채 0 0
파캔OPC 028040 장기차입금 192,780,000 2,037,449,050
파캔OPC 028040 기타비유동금융부채 0 0
파캔OPC 028040 이연법인세부채 1,346,623,724 1,521,266,665
파캔OPC 028040 비유동리스부채 0 0
파캔OPC 028040 부채총계 31,768,033,549 28,354,804,302
파캔OPC 028040 자본금 7,845,598,000 18,700,399,000
파캔OPC 028040 자본잉여금 0 0
파캔OPC 028040 자본조정 0 0
파캔OPC 028040 기타포괄손익누계액 499,630,644 1,118,819,252
파캔OPC 028040 이익잉여금(결손금) -43,577,973,353 -39,267,724,003
파캔OPC 028040 자본총계 12,078,937,412 11,228,514,431
파캔OPC 028040 자본과부채총계 43,846,970,961 39,583,318,733
date : 2016-03-31
파캔OPC 028040 유동자산 12,476,149,765 14,202,609,808
파캔OPC 028040 현금및현금성자산 809,266 879,109
파캔OPC 028040 매출채권 및 기타유동채권
파캔OPC 028040 재고자산 2,677,215,861 2,818,190,490
파캔OPC 028040 기타유동금융자산 33,629,985 21,506,258
파캔OPC 028040 기타유동자산 0 0
파캔OPC 028040 매각예정비유동자산 451,280,504 451,280,504
파캔OPC 028040 비유동자산 28,973,479,826 29,193,080,649
파캔OPC 028040 장기금융상품 4,500,000 4,500,000
파캔OPC 028040 기타포괄손익-공정가치 0 0
파캔OPC 028040 당기손익인식공정가치측정금융자산 0 0
파캔OPC 028040 종속회사투자 0 0
파캔OPC 028040 관계회사투자 0 0
파캔OPC 028040 렌탈자산 0 0
파캔OPC 028040 유형자산 26,622,704,607 27,463,140,968
파캔OPC 028040 무형자산 8,909,169 12,562,918
파캔OPC 028040 기타비유동금융자산 0 0
파캔OPC 028040 기타비유동자산 0 0
파캔OPC 028040 사용권자산 0 0
파캔OPC 028040 이연법인세자산 0 0
파캔OPC 028040 자산총계 41,900,910,095 43,846,970,961
파캔OPC 028040 유동부채 25,390,058,672 29,206,051,701
파캔OPC 028040 단기매입채무 0 0
파캔OPC 028040 단기차입금 18,643,665,872 18,840,157,532
파캔OPC 028040 유동성장기차입금 1,928,998,679 1,886,036,059
파캔OPC 028040 유동성사채 0 0
파캔OPC 028040 기타유동금융부채 125,487,138 125,487,138
파캔OPC 028040 기타유동부채 0 0
파캔OPC 028040 당기법인세부채 0 0
파캔OPC 028040 유동리스부채 0 0
파캔OPC 028040 비유동부채 2,459,358,845 2,561,981,848
파캔OPC 028040 사채 0 0
파캔OPC 028040 장기차입금 182,070,000 192,780,000
파캔OPC 028040 기타비유동금융부채 0 0
파캔OPC 028040 이연법인세부채 1,346,623,724 1,346,623,724
파캔OPC 028040 비유동리스부채 0 0
파캔OPC 028040 부채총계 27,849,417,517 31,768,033,549
파캔OPC 028040 자본금 7,845,598,000 7,845,598,000
파캔OPC 028040 자본잉여금 0 0
파캔OPC 028040 자본조정 0 0
파캔OPC 028040 기타포괄손익누계액 499,630,644 499,630,644
파캔OPC 028040 이익잉여금(결손금) -41,604,207,413 -43,577,973,353
파캔OPC 028040 자본총계 14,051,492,578 12,078,937,412
파캔OPC 028040 자본과부채총계 41,900,910,095 43,846,970,961
date : 2016-06-30
스페로 028040 유동자산 17,867,527,698 14,202,609,808
스페로 028040 현금및현금성자산 6,318,778,453 879,109
스페로 028040 매출채권 및 기타유동채권
스페로 028040 재고자산 2,158,102,811 2,818,190,490
스페로 028040 기타유동금융자산 50,331,427 21,506,258
스페로 028040 기타유동자산 0 0
스페로 028040 매각예정비유동자산 218,805,023 451,280,504
스페로 028040 비유동자산 28,870,030,685 29,193,080,649
스페로 028040 장기금융상품 754,500,000 4,500,000
스페로 028040 기타포괄손익-공정가치 0 0
스페로 028040 당기손익인식공정가치측정금융자산 0 0
스페로 028040 종속회사투자 0 0
스페로 028040 관계회사투자 0 0
스페로 028040 렌탈자산 0 0
스페로 028040 유형자산 25,748,652,251 27,463,140,968
스페로 028040 무형자산 5,685,252 12,562,918
스페로 028040 기타비유동금융자산 0 0
스페로 028040 기타비유동자산 0 0
스페로 028040 사용권자산 0 0
스페로 028040 이연법인세자산 0 0
스페로 028040 자산총계 46,956,363,406 43,846,970,961
스페로 028040 유동부채 22,091,658,373 29,206,051,701
스페로 028040 단기매입채무 0 0
스페로 028040 단기차입금 16,179,729,889 18,840,157,532
스페로 028040 유동성장기차입금 2,013,420,505 1,886,036,059
스페로 028040 유동성사채 0 0
스페로 028040 기타유동금융부채 125,487,138 125,487,138
스페로 028040 기타유동부채 0 0
스페로 028040 당기법인세부채 0 0
스페로 028040 유동리스부채 0 0
스페로 028040 비유동부채 2,503,346,169 2,561,981,848
스페로 028040 사채 0 0
스페로 028040 장기차입금 171,360,000 192,780,000
스페로 028040 기타비유동금융부채 0 0
스페로 028040 이연법인세부채 1,346,623,724 1,346,623,724
스페로 028040 비유동리스부채 0 0
스페로 028040 부채총계 24,595,004,542 31,768,033,549
스페로 028040 자본금 8,883,769,500 7,845,598,000
스페로 028040 자본잉여금 0 0
스페로 028040 자본조정 0 0
스페로 028040 기타포괄손익누계액 499,630,644 499,630,644
스페로 028040 이익잉여금(결손금) -43,186,457,841 -43,577,973,353
스페로 028040 자본총계 22,361,358,864 12,078,937,412
스페로 028040 자본과부채총계 46,956,363,406 43,846,970,961
date : 2016-09-30
스페로 028040 유동자산 12,435,588,577 14,202,609,808
스페로 028040 현금및현금성자산 124,940,160 879,109
스페로 028040 매출채권 및 기타유동채권
스페로 028040 재고자산 1,947,572,896 2,818,190,490
스페로 028040 기타유동금융자산 18,299,632 21,506,258
스페로 028040 기타유동자산 0 0
스페로 028040 매각예정비유동자산 3,159,786,634 451,280,504
스페로 028040 비유동자산 30,857,555,512 29,193,080,649
스페로 028040 장기금융상품 5,078,190,000 4,500,000
스페로 028040 기타포괄손익-공정가치 0 0
스페로 028040 당기손익인식공정가치측정금융자산 0 0
스페로 028040 종속회사투자 0 0
스페로 028040 관계회사투자 0 0
스페로 028040 렌탈자산 0 0
스페로 028040 유형자산 22,731,501,242 27,463,140,968
스페로 028040 무형자산 242,451,605 12,562,918
스페로 028040 기타비유동금융자산 0 0
스페로 028040 기타비유동자산 0 0
스페로 028040 사용권자산 0 0
스페로 028040 이연법인세자산 0 0
스페로 028040 자산총계 46,452,930,723 43,846,970,961
스페로 028040 유동부채 23,520,370,698 29,206,051,701
스페로 028040 단기매입채무 0 0
스페로 028040 단기차입금 16,822,058,776 18,840,157,532
스페로 028040 유동성장기차입금 1,974,864,716 1,886,036,059
스페로 028040 유동성사채 0 0
스페로 028040 기타유동금융부채 125,487,138 125,487,138
스페로 028040 기타유동부채 0 0
스페로 028040 당기법인세부채 0 0
스페로 028040 유동리스부채 0 0
스페로 028040 비유동부채 2,006,036,007 2,561,981,848
스페로 028040 사채 0 0
스페로 028040 장기차입금 160,650,000 192,780,000
스페로 028040 기타비유동금융부채 0 0
스페로 028040 이연법인세부채 1,346,623,724 1,346,623,724
스페로 028040 비유동리스부채 0 0
스페로 028040 부채총계 25,526,406,705 31,768,033,549
스페로 028040 자본금 8,883,769,500 7,845,598,000
스페로 028040 자본잉여금 0 0
스페로 028040 자본조정 0 0
스페로 028040 기타포괄손익누계액 499,630,644 499,630,644
스페로 028040 이익잉여금(결손금) -44,954,887,058 -43,577,973,353
스페로 028040 자본총계 20,926,528,018 12,078,937,412
스페로 028040 자본과부채총계 46,452,934,723 43,846,970,961
date : 2016-12-31
스페로 028040 유동자산 11,147,376,506 14,202,609,808
스페로 028040 현금및현금성자산 14,665,604 879,109
스페로 028040 매출채권 및 기타유동채권
스페로 028040 재고자산 86,449,497 2,818,190,490
스페로 028040 기타유동금융자산 16,818,442 21,506,258
스페로 028040 기타유동자산 0 0
스페로 028040 매각예정비유동자산 25,735,361,548 451,280,504
스페로 028040 비유동자산 6,364,390,570 29,193,080,649
스페로 028040 장기금융상품 4,500,000 4,500,000
스페로 028040 기타포괄손익-공정가치 0 0
스페로 028040 당기손익인식공정가치측정금융자산 0 0
스페로 028040 종속회사투자 0 0
스페로 028040 관계회사투자 0 0
스페로 028040 렌탈자산 0 0
스페로 028040 유형자산 304,841,616 27,463,140,968
스페로 028040 무형자산 12,562,918 69,558,112
스페로 028040 기타비유동금융자산 0 0
스페로 028040 기타비유동자산 0 0
스페로 028040 사용권자산 0 0
스페로 028040 이연법인세자산 0 0
스페로 028040 자산총계 43,247,128,624 43,846,970,961
스페로 028040 유동부채 25,342,605,112 29,206,051,701
스페로 028040 단기매입채무 0 0
스페로 028040 단기차입금 18,643,802,924 18,840,157,532
스페로 028040 유동성장기차입금 1,123,554,134 1,886,036,059
스페로 028040 유동성사채 0 0
스페로 028040 기타유동금융부채 191,218,496 125,487,138
스페로 028040 기타유동부채 0 0
스페로 028040 당기법인세부채 0 0
스페로 028040 유동리스부채 0 0
스페로 028040 비유동부채 1,519,890,502 2,561,981,848
스페로 028040 사채 0 0
스페로 028040 장기차입금 149,940,000 192,780,000
스페로 028040 기타비유동금융부채 0 0
스페로 028040 이연법인세부채 1,346,623,724 1,346,623,724
스페로 028040 비유동리스부채 0 0
스페로 028040 부채총계 26,862,495,614 31,768,033,549
스페로 028040 자본금 9,208,764,000 7,845,598,000
스페로 028040 자본잉여금 0 0
스페로 028040 자본조정 0 0
스페로 028040 기타포괄손익누계액 499,630,644 499,630,644
스페로 028040 이익잉여금(결손금) -50,809,998,455 -43,577,973,353
스페로 028040 자본총계 16,384,633,010 12,078,937,412
스페로 028040 자본과부채총계 43,247,128,624 43,846,970,961
date : 2017-03-31
스페로 028040 유동자산 11,528,356,445 11,147,376,506
스페로 028040 현금및현금성자산 5,154,321,376 14,665,604
스페로 028040 매출채권 및 기타유동채권
스페로 028040 재고자산 84,487,582 86,449,497
스페로 028040 기타유동금융자산 57,037,414 16,818,442
스페로 028040 기타유동자산 0 0
스페로 028040 매각예정비유동자산 25,190,069,647 25,735,361,548
스페로 028040 비유동자산 6,043,548,679 6,364,390,570
스페로 028040 장기금융상품 4,500,000 4,500,000
스페로 028040 기타포괄손익-공정가치 0 0
스페로 028040 당기손익인식공정가치측정금융자산 0 0
스페로 028040 종속회사투자 0 0
스페로 028040 관계회사투자 0 0
스페로 028040 렌탈자산 0 0
스페로 028040 유형자산 288,358,044 304,841,616
스페로 028040 무형자산 12,562,918 304,841,616
스페로 028040 기타비유동금융자산 0 0
스페로 028040 기타비유동자산 0 0
스페로 028040 사용권자산 0 0
스페로 028040 이연법인세자산 0 0
스페로 028040 자산총계 42,761,974,771 43,247,128,624
스페로 028040 유동부채 24,858,643,472 25,342,605,112
스페로 028040 단기매입채무 0 0
스페로 028040 단기차입금 15,550,000,000 18,643,802,924
스페로 028040 유동성장기차입금 42,840,000 1,123,554,134
스페로 028040 유동성사채 0 0
스페로 028040 기타유동금융부채 191,218,496 191,218,496
스페로 028040 기타유동부채 0 0
스페로 028040 당기법인세부채 0 0
스페로 028040 유동리스부채 0 0
스페로 028040 비유동부채 1,537,803,209 1,519,890,502
스페로 028040 사채 0 0
스페로 028040 장기차입금 139,230,000 149,940,000
스페로 028040 기타비유동금융부채 0 0
스페로 028040 이연법인세부채 1,346,623,724 1,346,623,724
스페로 028040 비유동리스부채 0 0
스페로 028040 부채총계 26,396,446,681 26,862,495,614
스페로 028040 자본금 9,208,764,000 9,208,764,000
스페로 028040 자본잉여금 0 0
스페로 028040 자본조정 0 0
스페로 028040 기타포괄손익누계액 499,630,644 499,630,644
스페로 028040 이익잉여금(결손금) -51,976,122,990 -50,809,998,455
스페로 028040 자본총계 16,365,528,090 16,384,633,010
스페로 028040 자본과부채총계 42,761,974,771 43,247,128,624
date : 2017-06-30
스페로 028040 유동자산 11,005,053,798 11,147,376,506
스페로 028040 현금및현금성자산 5,000,142,880 14,665,604
스페로 028040 매출채권 및 기타유동채권
스페로 028040 재고자산 83,192,324 86,449,497
스페로 028040 기타유동금융자산 8,211,002 16,818,442
스페로 028040 기타유동자산 0 0
스페로 028040 매각예정비유동자산 23,031,130,361 25,735,361,548
스페로 028040 비유동자산 15,387,117,823 6,364,390,570
스페로 028040 장기금융상품 4,500,000 4,500,000
스페로 028040 기타포괄손익-공정가치 0 0
스페로 028040 당기손익인식공정가치측정금융자산 0 0
스페로 028040 종속회사투자 0 0
스페로 028040 관계회사투자 0 0
스페로 028040 렌탈자산 0 0
스페로 028040 유형자산 273,925,507 304,841,616
스페로 028040 무형자산 0 0
스페로 028040 기타비유동금융자산 0 0
스페로 028040 기타비유동자산 0 0
스페로 028040 사용권자산 0 0
스페로 028040 이연법인세자산 0 0
스페로 028040 자산총계 49,423,301,982 43,247,128,624
스페로 028040 유동부채 31,815,578,783 25,342,605,112
스페로 028040 단기매입채무 0 0
스페로 028040 단기차입금 15,500,000,000 18,643,802,924
스페로 028040 유동성장기차입금 42,840,000 1,123,554,134
스페로 028040 유동성사채 0 0
스페로 028040 기타유동금융부채 191,218,496 191,218,496
스페로 028040 기타유동부채 0 0
스페로 028040 당기법인세부채 0 0
스페로 028040 유동리스부채 0 0
스페로 028040 비유동부채 2,635,438,743 1,519,890,502
스페로 028040 사채 0 0
스페로 028040 장기차입금 128,520,000 149,940,000
스페로 028040 기타비유동금융부채 0 0
스페로 028040 이연법인세부채 2,428,255,388 1,346,623,724
스페로 028040 비유동리스부채 0 0
스페로 028040 부채총계 34,451,017,526 26,862,495,614
스페로 028040 자본금 9,208,764,000 9,208,764,000
스페로 028040 자본잉여금 0 0
스페로 028040 자본조정 0 0
스페로 028040 기타포괄손익누계액 499,630,644 499,630,644
스페로 028040 이익잉여금(결손금) -55,717,652,873 -50,809,998,455
스페로 028040 자본총계 14,972,284,456 16,384,633,010
스페로 028040 자본과부채총계 49,423,301,982 43,247,128,624
date : 2017-09-30
스페로 028040 유동자산 14,217,736,756 11,147,376,506
스페로 028040 현금및현금성자산 6,050,056,272 14,665,604
스페로 028040 매출채권 및 기타유동채권
스페로 028040 재고자산 803,724,405 86,449,497
스페로 028040 기타유동금융자산 0 0
스페로 028040 기타유동자산 351,301,622 16,818,442
스페로 028040 매각예정비유동자산 0 0
스페로 028040 비유동자산 15,474,156,081 6,364,390,570
스페로 028040 장기금융상품 4,500,000 4,500,000
스페로 028040 기타포괄손익-공정가치 0 0
스페로 028040 당기손익인식공정가치측정금융자산 0 0
스페로 028040 종속회사투자 0 0
스페로 028040 관계회사투자 0 0
스페로 028040 렌탈자산 0 0
스페로 028040 유형자산 257,408,694 304,841,616
스페로 028040 무형자산 0 304,841,616
스페로 028040 기타비유동금융자산 0 0
스페로 028040 기타비유동자산 0 0
스페로 028040 사용권자산 0 0
스페로 028040 이연법인세자산 0 0
스페로 028040 자산총계 52,666,030,581 43,247,128,624
스페로 028040 유동부채 34,593,148,861 25,342,605,112
스페로 028040 단기매입채무 0 0
스페로 028040 단기차입금 15,696,699,000 18,643,802,924
스페로 028040 유동성장기차입금 53,550,000 1,123,554,134
스페로 028040 유동성사채 0 0
스페로 028040 기타유동금융부채 191,218,496 191,218,496
스페로 028040 기타유동부채 39,649,492 47,945,920
스페로 028040 당기법인세부채 0 0
스페로 028040 유동리스부채 0 0
스페로 028040 비유동부채 2,611,718,861 1,519,890,502
스페로 028040 사채 0 0
스페로 028040 장기차입금 117,810,000 149,940,000
스페로 028040 기타비유동금융부채 0 0
스페로 028040 이연법인세부채 2,428,255,388 1,346,623,724
스페로 028040 비유동리스부채 0 0
스페로 028040 부채총계 37,204,867,722 26,862,495,614
스페로 028040 자본금 9,730,838,000 9,208,764,000
스페로 028040 자본잉여금 64,436,704,764 59,464,912,912
스페로 028040 자본조정 0 0
스페로 028040 기타포괄손익누계액 499,630,644 499,630,644
스페로 028040 이익잉여금(결손금) -57,227,334,458 -50,809,998,455
스페로 028040 자본총계 15,461,162,859 16,384,633,010
스페로 028040 자본과부채총계 52,666,030,581 43,247,128,624
date : 2017-12-31
미래SCI 028040 유동자산 12,763,745,119 11,147,376,506
미래SCI 028040 현금및현금성자산 273,553,721 14,665,604
미래SCI 028040 매출채권 및 기타유동채권
미래SCI 028040 재고자산 3,010,617,885 86,449,497
미래SCI 028040 기타유동금융자산 0 0
미래SCI 028040 기타유동자산 35,012,454 16,818,442
미래SCI 028040 매각예정비유동자산 0 0
미래SCI 028040 비유동자산 12,874,249,481 6,364,390,570
미래SCI 028040 장기금융상품 4,500,000 4,500,000
미래SCI 028040 기타포괄손익-공정가치 0 0
미래SCI 028040 당기손익인식공정가치측정금융자산 0 0
미래SCI 028040 종속회사투자 0 0
미래SCI 028040 관계회사투자 0 0
미래SCI 028040 렌탈자산 0 0
미래SCI 028040 유형자산 490,009,715 304,841,616
미래SCI 028040 무형자산 1,371,764,821 12,562,918
미래SCI 028040 기타비유동금융자산 0 0
미래SCI 028040 기타비유동자산 0 0
미래SCI 028040 사용권자산 0 0
미래SCI 028040 이연법인세자산 0 0
미래SCI 028040 자산총계 50,374,273,111 43,247,128,624
미래SCI 028040 유동부채 31,872,340,108 25,342,605,112
미래SCI 028040 단기매입채무 0 0
미래SCI 028040 단기차입금 15,691,822,373 18,643,802,924
미래SCI 028040 유동성장기차입금 53,550,000 1,123,554,134
미래SCI 028040 유동성사채 0 0
미래SCI 028040 기타유동금융부채 191,218,496 191,218,496
미래SCI 028040 기타유동부채 280,935,445 47,945,920
미래SCI 028040 당기법인세부채 0 0
미래SCI 028040 유동리스부채 0 0
미래SCI 028040 비유동부채 195,848,335 173,266,778
미래SCI 028040 사채 0 0
미래SCI 028040 장기차입금 107,100,000 149,940,000
미래SCI 028040 기타비유동금융부채 0 0
미래SCI 028040 이연법인세부채 1,346,623,724 149,940,000
미래SCI 028040 비유동리스부채 0 0
미래SCI 028040 부채총계 32,068,188,443 25,515,871,890
미래SCI 028040 자본금 10,385,260,500 9,208,764,000
미래SCI 028040 자본잉여금 65,545,407,583 59,464,912,912
미래SCI 028040 자본조정 0 0
미래SCI 028040 기타포괄손익누계액 499,630,644 499,630,644
미래SCI 028040 이익잉여금(결손금) -56,145,537,968 -49,463,374,731
미래SCI 028040 자본총계 18,306,084,668 17,731,256,734
미래SCI 028040 자본과부채총계 50,374,273,111 43,247,128,624
date : 2018-03-31
미래SCI 028040 유동자산 14,167,637,644 12,763,745,119
미래SCI 028040 현금및현금성자산 2,854,130,022 273,553,721
미래SCI 028040 매출채권 및 기타유동채권
미래SCI 028040 재고자산 2,611,712,526 3,010,617,885
미래SCI 028040 기타유동금융자산 0 0
미래SCI 028040 기타유동자산 809,027,497 35,012,454
미래SCI 028040 매각예정비유동자산 0 0
미래SCI 028040 비유동자산 13,545,665,537 12,874,249,481
미래SCI 028040 장기금융상품 4,500,000 4,500,000
미래SCI 028040 기타포괄손익-공정가치 0 0
미래SCI 028040 당기손익인식공정가치측정금융자산 0 0
미래SCI 028040 종속회사투자 0 0
미래SCI 028040 관계회사투자 0 0
미래SCI 028040 렌탈자산 0 0
미래SCI 028040 유형자산 472,075,643 490,009,715
미래SCI 028040 무형자산 1,335,665,747 1,371,764,821
미래SCI 028040 기타비유동금융자산 0 0
미래SCI 028040 기타비유동자산 0 0
미래SCI 028040 사용권자산 0 0
미래SCI 028040 이연법인세자산 0 0
미래SCI 028040 자산총계 52,426,919,905 50,374,273,111
미래SCI 028040 유동부채 34,162,973,053 31,872,340,108
미래SCI 028040 단기매입채무 0 0
미래SCI 028040 단기차입금 17,896,516,088 15,691,822,373
미래SCI 028040 유동성장기차입금 53,550,000 53,550,000
미래SCI 028040 유동성사채 0 0
미래SCI 028040 기타유동금융부채 191,218,496 191,218,496
미래SCI 028040 기타유동부채 2,785,388,515 280,935,445
미래SCI 028040 당기법인세부채 0 0
미래SCI 028040 유동리스부채 0 0
미래SCI 028040 비유동부채 219,961,595 195,848,335
미래SCI 028040 사채 0 0
미래SCI 028040 장기차입금 96,390,000 107,100,000
미래SCI 028040 기타비유동금융부채 0 0
미래SCI 028040 이연법인세부채 0 107,100,000
미래SCI 028040 비유동리스부채 0 0
미래SCI 028040 부채총계 34,382,934,648 32,068,188,443
미래SCI 028040 자본금 10,385,260,500 10,385,260,500
미래SCI 028040 자본잉여금 66,461,717,516 65,545,407,583
미래SCI 028040 자본조정 0 0
미래SCI 028040 기타포괄손익누계액 499,630,644 499,630,644
미래SCI 028040 이익잉여금(결손금) -57,323,947,312 -56,145,537,968
미래SCI 028040 자본총계 18,043,985,257 18,306,084,668
미래SCI 028040 자본과부채총계 52,426,919,905 50,374,273,111
date : 2018-06-30
미래SCI 028040 유동자산 31,198,075,947 12,763,745,119
미래SCI 028040 현금및현금성자산 16,326,785,765 273,553,721
미래SCI 028040 매출채권 및 기타유동채권
미래SCI 028040 재고자산 2,824,574,983 3,010,617,885
미래SCI 028040 기타유동금융자산 0 0
미래SCI 028040 기타유동자산 820,879,680 35,012,454
미래SCI 028040 매각예정비유동자산 0 0
미래SCI 028040 비유동자산 19,539,874,902 12,874,249,481
미래SCI 028040 장기금융상품 4,500,000 4,500,000
미래SCI 028040 기타포괄손익-공정가치 0 0
미래SCI 028040 당기손익인식공정가치측정금융자산 0 0
미래SCI 028040 종속회사투자 0 0
미래SCI 028040 관계회사투자 0 0
미래SCI 028040 렌탈자산 0 0
미래SCI 028040 유형자산 3,428,760,463 490,009,715
미래SCI 028040 무형자산 1,299,566,671 1,371,764,821
미래SCI 028040 기타비유동금융자산 0 0
미래SCI 028040 기타비유동자산 0 0
미래SCI 028040 사용권자산 0 0
미래SCI 028040 이연법인세자산 0 0
미래SCI 028040 자산총계 75,429,177,223 50,374,273,111
미래SCI 028040 유동부채 33,609,405,036 31,872,340,108
미래SCI 028040 단기매입채무 0 0
미래SCI 028040 단기차입금 17,587,853,400 15,691,822,373
미래SCI 028040 유동성장기차입금 53,550,000 53,550,000
미래SCI 028040 유동성사채 0 0
미래SCI 028040 기타유동금융부채 191,218,496 191,218,496
미래SCI 028040 기타유동부채 74,423,708 280,935,445
미래SCI 028040 당기법인세부채 0 0
미래SCI 028040 유동리스부채 0 0
미래SCI 028040 비유동부채 227,913,737 195,848,335
미래SCI 028040 사채 0 0
미래SCI 028040 장기차입금 85,680,000 107,100,000
미래SCI 028040 기타비유동금융부채 0 0
미래SCI 028040 이연법인세부채 0 107,100,000
미래SCI 028040 비유동리스부채 0 0
미래SCI 028040 부채총계 33,837,318,773 32,068,188,443
미래SCI 028040 자본금 15,301,576,500 10,385,260,500
미래SCI 028040 자본잉여금 85,974,451,951 65,545,407,583
미래SCI 028040 자본조정 0 0
미래SCI 028040 기타포괄손익누계액 499,630,644 499,630,644
미래SCI 028040 이익잉여금(결손금) -58,205,124,554 -56,145,537,968
미래SCI 028040 자본총계 41,591,858,450 18,306,084,668
미래SCI 028040 자본과부채총계 75,429,177,223 50,374,273,111
date : 2018-09-30
미래SCI 028040 유동자산 31,846,446,218 12,763,745,119
미래SCI 028040 현금및현금성자산 7,337,931,926 273,553,721
미래SCI 028040 매출채권 및 기타유동채권
미래SCI 028040 재고자산 2,593,851,239 3,010,617,885
미래SCI 028040 기타유동금융자산 0 0
미래SCI 028040 기타유동자산 3,216,359,354 35,012,454
미래SCI 028040 매각예정비유동자산 0 0
미래SCI 028040 비유동자산 19,896,824,984 12,874,249,481
미래SCI 028040 장기금융상품 4,500,000 12,874,249,481
미래SCI 028040 기타포괄손익-공정가치 0 0
미래SCI 028040 당기손익인식공정가치측정금융자산 0 0
미래SCI 028040 종속회사투자 0 0
미래SCI 028040 관계회사투자 0 0
미래SCI 028040 렌탈자산 0 0
미래SCI 028040 유형자산 3,510,677,340 490,009,715
미래SCI 028040 무형자산 1,263,467,599 1,371,764,821
미래SCI 028040 기타비유동금융자산 0 0
미래SCI 028040 기타비유동자산 0 0
미래SCI 028040 사용권자산 0 0
미래SCI 028040 이연법인세자산 0 0
미래SCI 028040 자산총계 76,434,497,576 50,374,273,111
미래SCI 028040 유동부채 35,596,686,824 31,872,340,108
미래SCI 028040 단기매입채무 0 0
미래SCI 028040 단기차입금 20,645,976,347 15,691,822,373
미래SCI 028040 유동성장기차입금 53,550,000 53,550,000
미래SCI 028040 유동성사채 0 0
미래SCI 028040 기타유동금융부채 191,218,496 53,550,000
미래SCI 028040 기타유동부채 126,673,548 280,935,445
미래SCI 028040 당기법인세부채 0 0
미래SCI 028040 유동리스부채 0 0
미래SCI 028040 비유동부채 272,620,653 195,848,335
미래SCI 028040 사채 0 0
미래SCI 028040 장기차입금 74,970,000 107,100,000
미래SCI 028040 기타비유동금융부채 0 0
미래SCI 028040 이연법인세부채 0 107,100,000
미래SCI 028040 비유동리스부채 0 0
미래SCI 028040 부채총계 35,869,307,477 32,068,188,443
미래SCI 028040 자본금 15,406,179,000 10,385,260,500
미래SCI 028040 자본잉여금 86,268,750,482 65,545,407,583
미래SCI 028040 자본조정 0 0
미래SCI 028040 기타포괄손익누계액 499,630,644 499,630,644
미래SCI 028040 이익잉여금(결손금) -59,630,693,936 -56,145,537,968
미래SCI 028040 자본총계 40,565,190,099 18,306,084,668
미래SCI 028040 자본과부채총계 76,434,497,576 50,374,273,111
date : 2018-12-31
미래SCI 028040 유동자산 27,708,154,139 12,763,745,119
미래SCI 028040 현금및현금성자산 338,547,516 273,553,721
미래SCI 028040 매출채권 및 기타유동채권
미래SCI 028040 재고자산 2,049,564,401 3,010,617,885
미래SCI 028040 기타유동금융자산 0 0
미래SCI 028040 기타유동자산 6,426,642,456 35,012,454
미래SCI 028040 매각예정비유동자산 23,022,537,305 24,736,278,511
미래SCI 028040 비유동자산 9,808,315,381 12,874,249,481
미래SCI 028040 장기금융상품 4,500,000 4,500,000
미래SCI 028040 기타포괄손익-공정가치 0 0
미래SCI 028040 당기손익인식공정가치측정금융자산 0 0
미래SCI 028040 종속회사투자 0 0
미래SCI 028040 관계회사투자 0 0
미래SCI 028040 렌탈자산 0 0
미래SCI 028040 유형자산 3,510,861,944 490,009,715
미래SCI 028040 무형자산 27,533,333 5,974,369,208
미래SCI 028040 기타비유동금융자산 0 0
미래SCI 028040 기타비유동자산 0 0
미래SCI 028040 사용권자산 0 0
미래SCI 028040 이연법인세자산 0 0
미래SCI 028040 자산총계 60,539,006,825 50,374,273,111
미래SCI 028040 유동부채 37,250,849,332 31,872,340,108
미래SCI 028040 단기매입채무 0 0
미래SCI 028040 단기차입금 20,621,057,572 15,691,822,373
미래SCI 028040 유동성장기차입금 0 0
미래SCI 028040 유동성사채 0 0
미래SCI 028040 기타유동금융부채 0 0
미래SCI 028040 기타유동부채 147,109,025 280,935,445
미래SCI 028040 당기법인세부채 0 0
미래SCI 028040 유동리스부채 0 0
미래SCI 028040 비유동부채 271,798,558 195,848,335
미래SCI 028040 사채 0 0
미래SCI 028040 장기차입금 64,260,000 107,100,000
미래SCI 028040 기타비유동금융부채 0 0
미래SCI 028040 이연법인세부채 0 0
미래SCI 028040 비유동리스부채 0 0
미래SCI 028040 부채총계 37,522,647,890 32,068,188,443
미래SCI 028040 자본금 15,406,179,000 10,385,260,500
미래SCI 028040 자본잉여금 0 0
미래SCI 028040 자본조정 0 0
미래SCI 028040 기타포괄손익누계액 496,930,516 482,422,224
미래SCI 028040 이익잉여금(결손금) -77,887,619,369 -56,128,329,548
미래SCI 028040 자본총계 23,016,358,935 18,306,084,668
미래SCI 028040 자본과부채총계 60,539,006,825 50,374,273,111
date : 2019-03-31
미래SCI 028040 유동자산 21,413,287,906 27,708,154,139
미래SCI 028040 현금및현금성자산 412,473,090 338,547,516
미래SCI 028040 매출채권 및 기타유동채권
미래SCI 028040 재고자산 1,927,749,788 2,049,564,401
미래SCI 028040 기타유동금융자산 0 0
미래SCI 028040 기타유동자산 5,187,001,458 6,426,642,456
미래SCI 028040 매각예정비유동자산 23,022,537,305 23,022,537,305
미래SCI 028040 비유동자산 12,929,574,991 9,808,315,381
미래SCI 028040 장기금융상품 0 0
미래SCI 028040 기타포괄손익-공정가치 0 0
미래SCI 028040 당기손익인식공정가치측정금융자산 0 0
미래SCI 028040 종속회사투자 0 0
미래SCI 028040 관계회사투자 0 0
미래SCI 028040 렌탈자산 0 0
미래SCI 028040 유형자산 3,487,550,744 3,510,861,944
미래SCI 028040 무형자산 26,133,332 27,533,333
미래SCI 028040 기타비유동금융자산 0 0
미래SCI 028040 기타비유동자산 0 0
미래SCI 028040 사용권자산 0 0
미래SCI 028040 이연법인세자산 0 0
미래SCI 028040 자산총계 57,365,400,202 60,539,006,825
미래SCI 028040 유동부채 32,435,802,860 37,250,849,332
미래SCI 028040 단기매입채무 0 0
미래SCI 028040 단기차입금 15,866,937,366 20,621,057,572
미래SCI 028040 유동성장기차입금 0 0
미래SCI 028040 유동성사채 0 0
미래SCI 028040 기타유동금융부채 0 0
미래SCI 028040 기타유동부채 289,788,232 147,109,025
미래SCI 028040 당기법인세부채 0 0
미래SCI 028040 유동리스부채 0 0
미래SCI 028040 비유동부채 275,164,757 271,798,558
미래SCI 028040 사채 0 0
미래SCI 028040 장기차입금 53,550,000 64,260,000
미래SCI 028040 기타비유동금융부채 0 0
미래SCI 028040 이연법인세부채 0 0
미래SCI 028040 비유동리스부채 0 0
미래SCI 028040 부채총계 32,710,967,617 37,522,647,890
미래SCI 028040 자본금 15,829,549,000 15,406,179,000
미래SCI 028040 자본잉여금 0 0
미래SCI 028040 자본조정 0 0
미래SCI 028040 기타포괄손익누계액 485,650,223 496,930,516
미래SCI 028040 이익잉여금(결손금) -77,330,147,323 -77,887,619,369
미래SCI 028040 자본총계 24,654,432,585 23,016,358,935
미래SCI 028040 자본과부채총계 57,365,400,202 60,539,006,825
