date : 2019-03-31
에이치엘비 028300 유동자산 57,347,608,484 99,003,565,477
에이치엘비 028300 현금및현금성자산 17,891,602,724 13,746,388,268
에이치엘비 028300 매출채권 3,664,997,631 5,846,178,803
에이치엘비 028300 기타유동금융자산 19,964,829,430 4,075,365,558
에이치엘비 028300 재고자산 3,946,735,342 3,055,621,218
에이치엘비 028300 기타유동자산 1,146,240,597 685,562,554
에이치엘비 028300 비유동자산 202,897,912,814 139,040,644,298
에이치엘비 028300 기타포괄손익-공정가치 측정 금융자산
에이치엘비 028300 기타비유동금융자산 788,623,214 816,383,760
에이치엘비 028300 유형자산 8,450,177,832 7,821,644,293
에이치엘비 028300 무형자산 74,917,847 39,047,344
에이치엘비 028300 자산총계 260,245,521,298 238,044,209,775
에이치엘비 028300 유동부채 12,317,103,510 10,073,128,013
에이치엘비 028300 단기매입채무 1,243,212,885 1,252,238,353
에이치엘비 028300 단기차입금 7,713,222,400 6,266,070,606
에이치엘비 028300 기타유동금융부채 2,571,381,349 1,993,721,167
에이치엘비 028300 기타유동부채 125,301,993 121,390,694
에이치엘비 028300 비유동부채 53,842,115,357 44,285,622,184
에이치엘비 028300 장기차입금 39,479,944,998 30,914,675,549
에이치엘비 028300 기타비유동금융부채 927,867,221 675,000,000
에이치엘비 028300 부채총계 66,159,218,867 54,358,750,197
에이치엘비 028300 자본금 19,619,257,500 19,587,412,500
에이치엘비 028300 이익잉여금(결손금) 40,298,660,027 43,502,622,952
에이치엘비 028300 자본총계 194,086,302,431 183,685,459,578
에이치엘비 028300 자본과부채총계 260,245,521,298 238,044,209,775
