date : 2019-03-31
바른테크놀로지 029480 유동자산 9,467,822,781 12,582,515,736
바른테크놀로지 029480 현금및현금성자산 439,194,453 392,375,663
바른테크놀로지 029480 매출채권 3,276,034,746 6,410,533,778
바른테크놀로지 029480 기타유동금융자산 45,900,000 45,900,000
바른테크놀로지 029480 재고자산 512,519,235 286,303,185
바른테크놀로지 029480 기타유동자산 587,651,732 114,911,195
바른테크놀로지 029480 비유동자산 13,285,998,839 13,434,790,274
바른테크놀로지 029480 유형자산 7,829,157,939 7,903,725,200
바른테크놀로지 029480 무형자산 100,010,826 88,579,092
바른테크놀로지 029480 기타비유동자산 149,864,724 165,367,972
바른테크놀로지 029480 자산총계 22,753,821,620 26,017,306,010
바른테크놀로지 029480 유동부채 10,676,928,359 13,577,977,476
바른테크놀로지 029480 기타유동부채 546,626,571 598,724,121
바른테크놀로지 029480 비유동부채 3,133,890,749 2,744,237,726
바른테크놀로지 029480 장기차입금 1,070,000,000 1,070,000,000
바른테크놀로지 029480 부채총계 13,810,819,108 16,322,215,202
바른테크놀로지 029480 자본금 16,967,642,500 16,397,642,500
바른테크놀로지 029480 이익잉여금(결손금) -6,301,504,525 -12,504,061,594
바른테크놀로지 029480 기타포괄손익누계액 65,033,527 60,750,217
바른테크놀로지 029480 자본총계 8,943,002,512 9,695,090,808
바른테크놀로지 029480 자본과부채총계 22,753,821,620 26,017,306,010
