date : 2015-12-31
케이씨텍 029460 유동자산 203,795,846,813 180,237,929,557
케이씨텍 029460 현금및현금성자산 20,500,473,654 28,278,280,627
케이씨텍 029460 매출채권 78,799,709,556 68,276,153,210
케이씨텍 029460 재고자산 16,768,415,336 19,915,155,441
케이씨텍 029460 기타유동금융자산 0 0
케이씨텍 029460 기타유동자산 1,580,941,917 3,350,103,628
케이씨텍 029460 매각예정비유동자산 0 0
케이씨텍 029460 비유동자산 124,362,693,242 103,409,400,099
케이씨텍 029460 장기금융상품 0 0
케이씨텍 029460 기타포괄손익-공정가치 0 0
케이씨텍 029460 당기손익인식공정가치측정금융자산 0 0
케이씨텍 029460 종속회사투자 0 0
케이씨텍 029460 관계회사투자 0 0
케이씨텍 029460 렌탈자산 0 0
케이씨텍 029460 유형자산 64,661,508,476 50,588,606,139
케이씨텍 029460 무형자산 7,046,466,097 7,551,454,593
케이씨텍 029460 기타비유동금융자산 4,242,229,948 3,641,217,160
케이씨텍 029460 기타비유동자산 514,367,968 254,563,672
케이씨텍 029460 사용권자산 0 0
케이씨텍 029460 이연법인세자산 9,718,403,717 3,806,157,968
케이씨텍 029460 자산총계 328,158,540,055 283,647,329,656
케이씨텍 029460 유동부채 65,359,596,243 53,229,441,391
케이씨텍 029460 단기매입채무 0 0
케이씨텍 029460 단기차입금 0 0
케이씨텍 029460 유동성장기차입금 0 0
케이씨텍 029460 유동성사채 0 0
케이씨텍 029460 기타유동금융부채 0 0
케이씨텍 029460 기타유동부채 25,453,621,005 11,404,183,655
케이씨텍 029460 당기법인세부채 0 0
케이씨텍 029460 유동리스부채 0 0
케이씨텍 029460 비유동부채 3,074,765,007 3,492,569,644
케이씨텍 029460 사채 0 0
케이씨텍 029460 장기차입금 0 0
케이씨텍 029460 기타비유동금융부채 0 0
케이씨텍 029460 이연법인세부채 0 0
케이씨텍 029460 비유동리스부채 0 0
케이씨텍 029460 부채총계 68,434,361,250 56,722,011,035
케이씨텍 029460 자본금 16,696,692,000 16,696,692,000
케이씨텍 029460 자본잉여금 47,711,836,722 47,711,836,722
케이씨텍 029460 자본조정 0 0
케이씨텍 029460 기타포괄손익누계액 -444,821,263 -141,490,581
케이씨텍 029460 이익잉여금(결손금) 0 0
케이씨텍 029460 자본총계 259,724,178,805 226,925,318,621
케이씨텍 029460 자본과부채총계 0 0
date : 2016-03-31
케이씨텍 029460 유동자산 207,024,188,845 203,795,846,813
케이씨텍 029460 현금및현금성자산 25,010,411,464 20,500,473,654
케이씨텍 029460 매출채권 68,074,042,464 78,799,709,556
케이씨텍 029460 재고자산 26,489,909,958 16,768,415,336
케이씨텍 029460 기타유동금융자산 0 0
케이씨텍 029460 기타유동자산 4,746,771,194 1,580,941,917
케이씨텍 029460 매각예정비유동자산 0 0
케이씨텍 029460 비유동자산 125,535,428,657 124,362,693,242
케이씨텍 029460 장기금융상품 0 0
케이씨텍 029460 기타포괄손익-공정가치 0 0
케이씨텍 029460 당기손익인식공정가치측정금융자산 0 0
케이씨텍 029460 종속회사투자 0 0
케이씨텍 029460 관계회사투자 0 0
케이씨텍 029460 렌탈자산 0 0
케이씨텍 029460 유형자산 67,957,022,544 64,661,508,476
케이씨텍 029460 무형자산 6,846,737,742 7,046,466,097
케이씨텍 029460 기타비유동금융자산 4,292,229,948 4,242,229,948
케이씨텍 029460 기타비유동자산 576,144,427 514,367,968
케이씨텍 029460 사용권자산 0 0
케이씨텍 029460 이연법인세자산 8,383,140,967 9,718,403,717
케이씨텍 029460 자산총계 332,559,617,502 328,158,540,055
케이씨텍 029460 유동부채 63,214,666,602 65,359,596,243
케이씨텍 029460 단기매입채무 0 0
케이씨텍 029460 단기차입금 0 0
케이씨텍 029460 유동성장기차입금 0 0
케이씨텍 029460 유동성사채 0 0
케이씨텍 029460 기타유동금융부채 0 0
케이씨텍 029460 기타유동부채 22,277,878,058 25,453,621,005
케이씨텍 029460 당기법인세부채 0 0
케이씨텍 029460 유동리스부채 0 0
케이씨텍 029460 비유동부채 2,843,601,465 3,074,765,007
케이씨텍 029460 사채 0 0
케이씨텍 029460 장기차입금 0 0
케이씨텍 029460 기타비유동금융부채 0 0
케이씨텍 029460 이연법인세부채 0 0
케이씨텍 029460 비유동리스부채 0 0
케이씨텍 029460 부채총계 66,058,268,067 68,434,361,250
케이씨텍 029460 자본금 16,696,692,000 16,696,692,000
케이씨텍 029460 자본잉여금 47,711,836,722 47,711,836,722
케이씨텍 029460 자본조정 0 0
케이씨텍 029460 기타포괄손익누계액 -25,638,931 -444,821,263
케이씨텍 029460 이익잉여금(결손금) 0 0
케이씨텍 029460 자본총계 266,501,349,435 259,724,178,805
케이씨텍 029460 자본과부채총계 0 0
date : 2016-06-30
케이씨텍 029460 유동자산 198,018,153,362 203,795,846,813
케이씨텍 029460 현금및현금성자산 12,233,629,639 20,500,473,654
케이씨텍 029460 매출채권 76,844,548,578 78,799,709,556
케이씨텍 029460 재고자산 26,274,493,563 16,768,415,336
케이씨텍 029460 기타유동금융자산 0 0
케이씨텍 029460 기타유동자산 3,730,114,353 1,580,941,917
케이씨텍 029460 매각예정비유동자산 0 0
케이씨텍 029460 비유동자산 137,266,544,221 124,362,693,242
케이씨텍 029460 장기금융상품 0 0
케이씨텍 029460 기타포괄손익-공정가치 0 0
케이씨텍 029460 당기손익인식공정가치측정금융자산 0 0
케이씨텍 029460 종속회사투자 0 0
케이씨텍 029460 관계회사투자 0 0
케이씨텍 029460 렌탈자산 0 0
케이씨텍 029460 유형자산 78,243,964,866 64,661,508,476
케이씨텍 029460 무형자산 6,682,175,940 7,046,466,097
케이씨텍 029460 기타비유동금융자산 5,350,779,110 4,242,229,948
케이씨텍 029460 기타비유동자산 600,372,917 514,367,968
케이씨텍 029460 사용권자산 0 0
케이씨텍 029460 이연법인세자산 8,637,535,052 9,718,403,717
케이씨텍 029460 자산총계 335,284,697,583 328,158,540,055
케이씨텍 029460 유동부채 55,647,475,205 65,359,596,243
케이씨텍 029460 단기매입채무 0 0
케이씨텍 029460 단기차입금 0 0
케이씨텍 029460 유동성장기차입금 0 0
케이씨텍 029460 유동성사채 0 0
케이씨텍 029460 기타유동금융부채 0 0
케이씨텍 029460 기타유동부채 25,148,552,980 25,453,621,005
케이씨텍 029460 당기법인세부채 0 0
케이씨텍 029460 유동리스부채 0 0
케이씨텍 029460 비유동부채 2,773,857,923 3,074,765,007
케이씨텍 029460 사채 0 0
케이씨텍 029460 장기차입금 0 0
케이씨텍 029460 기타비유동금융부채 0 0
케이씨텍 029460 이연법인세부채 0 0
케이씨텍 029460 비유동리스부채 0 0
케이씨텍 029460 부채총계 58,421,333,128 68,434,361,250
케이씨텍 029460 자본금 16,696,692,000 16,696,692,000
케이씨텍 029460 자본잉여금 47,711,836,722 47,711,836,722
케이씨텍 029460 자본조정 0 0
케이씨텍 029460 기타포괄손익누계액 246,477,238 -444,821,263
케이씨텍 029460 이익잉여금(결손금) 0 0
케이씨텍 029460 자본총계 276,863,364,455 259,724,178,805
케이씨텍 029460 자본과부채총계 0 0
date : 2016-09-30
케이씨텍 029460 유동자산 193,669,223,707 203,795,846,813
케이씨텍 029460 현금및현금성자산 6,479,244,095 20,500,473,654
케이씨텍 029460 매출채권 81,820,992,089 78,799,709,556
케이씨텍 029460 재고자산 17,588,333,741 16,768,415,336
케이씨텍 029460 기타유동금융자산 0 0
케이씨텍 029460 기타유동자산 7,189,334,029 1,580,941,917
케이씨텍 029460 매각예정비유동자산 0 0
케이씨텍 029460 비유동자산 165,645,979,258 124,362,693,242
케이씨텍 029460 장기금융상품 0 0
케이씨텍 029460 기타포괄손익-공정가치 0 0
케이씨텍 029460 당기손익인식공정가치측정금융자산 0 0
케이씨텍 029460 종속회사투자 0 0
케이씨텍 029460 관계회사투자 0 0
케이씨텍 029460 렌탈자산 0 0
케이씨텍 029460 유형자산 86,950,460,614 64,661,508,476
케이씨텍 029460 무형자산 6,618,414,788 7,046,466,097
케이씨텍 029460 기타비유동금융자산 5,157,670,310 4,242,229,948
케이씨텍 029460 기타비유동자산 651,870,129 514,367,968
케이씨텍 029460 사용권자산 0 0
케이씨텍 029460 이연법인세자산 3,225,173,981 9,718,403,717
케이씨텍 029460 자산총계 359,315,202,965 328,158,540,055
케이씨텍 029460 유동부채 54,695,403,163 65,359,596,243
케이씨텍 029460 단기매입채무 0 0
케이씨텍 029460 단기차입금 0 0
케이씨텍 029460 유동성장기차입금 0 0
케이씨텍 029460 유동성사채 0 0
케이씨텍 029460 기타유동금융부채 0 0
케이씨텍 029460 기타유동부채 17,927,845,556 25,453,621,005
케이씨텍 029460 당기법인세부채 0 0
케이씨텍 029460 유동리스부채 0 0
케이씨텍 029460 비유동부채 2,704,114,381 3,074,765,007
케이씨텍 029460 사채 0 0
케이씨텍 029460 장기차입금 0 0
케이씨텍 029460 기타비유동금융부채 0 0
케이씨텍 029460 이연법인세부채 0 0
케이씨텍 029460 비유동리스부채 0 0
케이씨텍 029460 부채총계 57,399,517,544 68,434,361,250
케이씨텍 029460 자본금 16,696,692,000 16,696,692,000
케이씨텍 029460 자본잉여금 47,711,836,722 47,711,836,722
케이씨텍 029460 자본조정 0 0
케이씨텍 029460 기타포괄손익누계액 19,419,369,488 -444,821,263
케이씨텍 029460 이익잉여금(결손금) 0 0
케이씨텍 029460 자본총계 301,915,685,421 259,724,178,805
케이씨텍 029460 자본과부채총계 0 0
date : 2016-12-31
케이씨텍 029460 유동자산 202,559,355,554 203,795,846,813
케이씨텍 029460 현금및현금성자산 19,098,095,229 20,500,473,654
케이씨텍 029460 매출채권 96,083,462,894 78,799,709,556
케이씨텍 029460 재고자산 22,417,289,615 16,768,415,336
케이씨텍 029460 기타유동금융자산 0 0
케이씨텍 029460 기타유동자산 3,844,201,133 1,580,941,917
케이씨텍 029460 매각예정비유동자산 0 0
케이씨텍 029460 비유동자산 152,291,506,187 124,362,693,242
케이씨텍 029460 장기금융상품 0 0
케이씨텍 029460 기타포괄손익-공정가치 0 0
케이씨텍 029460 당기손익인식공정가치측정금융자산 0 0
케이씨텍 029460 종속회사투자 0 0
케이씨텍 029460 관계회사투자 0 0
케이씨텍 029460 렌탈자산 0 0
케이씨텍 029460 유형자산 92,450,676,151 64,661,508,476
케이씨텍 029460 무형자산 6,337,642,398 7,046,466,097
케이씨텍 029460 기타비유동금융자산 5,511,570,310 4,242,229,948
케이씨텍 029460 기타비유동자산 710,930,575 514,367,968
케이씨텍 029460 사용권자산 0 0
케이씨텍 029460 이연법인세자산 11,229,884,924 9,718,403,717
케이씨텍 029460 자산총계 354,850,861,741 328,158,540,055
케이씨텍 029460 유동부채 65,778,531,926 65,359,596,243
케이씨텍 029460 단기매입채무 0 0
케이씨텍 029460 단기차입금 0 0
케이씨텍 029460 유동성장기차입금 0 0
케이씨텍 029460 유동성사채 0 0
케이씨텍 029460 기타유동금융부채 0 0
케이씨텍 029460 기타유동부채 14,157,833,812 25,453,621,005
케이씨텍 029460 당기법인세부채 0 0
케이씨텍 029460 유동리스부채 0 0
케이씨텍 029460 비유동부채 2,651,897,400 3,074,765,007
케이씨텍 029460 사채 0 0
케이씨텍 029460 장기차입금 0 0
케이씨텍 029460 기타비유동금융부채 0 0
케이씨텍 029460 이연법인세부채 0 0
케이씨텍 029460 비유동리스부채 0 0
케이씨텍 029460 부채총계 68,430,429,326 68,434,361,250
케이씨텍 029460 자본금 16,696,692,000 16,696,692,000
케이씨텍 029460 자본잉여금 47,711,836,722 47,711,836,722
케이씨텍 029460 자본조정 0 0
케이씨텍 029460 기타포괄손익누계액 -309,486,118 -444,821,263
케이씨텍 029460 이익잉여금(결손금) 0 0
케이씨텍 029460 자본총계 286,420,432,415 259,724,178,805
케이씨텍 029460 자본과부채총계 0 0
date : 2017-03-31
케이씨텍 029460 유동자산 205,008,668,979 202,559,355,554
케이씨텍 029460 현금및현금성자산 15,567,280,864 19,098,095,229
케이씨텍 029460 매출채권 100,131,282,365 96,083,462,894
케이씨텍 029460 재고자산 34,679,454,130 22,417,289,615
케이씨텍 029460 기타유동금융자산 0 0
케이씨텍 029460 기타유동자산 7,885,612,398 3,844,201,133
케이씨텍 029460 매각예정비유동자산 0 0
케이씨텍 029460 비유동자산 157,343,059,519 152,291,506,187
케이씨텍 029460 장기금융상품 0 0
케이씨텍 029460 기타포괄손익-공정가치 0 0
케이씨텍 029460 당기손익인식공정가치측정금융자산 0 0
케이씨텍 029460 종속회사투자 0 0
케이씨텍 029460 관계회사투자 0 0
케이씨텍 029460 렌탈자산 0 0
케이씨텍 029460 유형자산 100,234,135,561 92,450,676,151
케이씨텍 029460 무형자산 6,239,377,631 6,337,642,398
케이씨텍 029460 기타비유동금융자산 6,490,503,506 5,511,570,310
케이씨텍 029460 기타비유동자산 838,140,002 710,930,575
케이씨텍 029460 사용권자산 0 0
케이씨텍 029460 이연법인세자산 9,433,147,818 11,229,884,924
케이씨텍 029460 자산총계 362,351,728,498 354,850,861,741
케이씨텍 029460 유동부채 76,266,406,531 65,778,531,926
케이씨텍 029460 단기매입채무 0 0
케이씨텍 029460 단기차입금 0 0
케이씨텍 029460 유동성장기차입금 0 0
케이씨텍 029460 유동성사채 0 0
케이씨텍 029460 기타유동금융부채 0 0
케이씨텍 029460 기타유동부채 24,177,087,279 14,157,833,812
케이씨텍 029460 당기법인세부채 0 0
케이씨텍 029460 유동리스부채 0 0
케이씨텍 029460 비유동부채 2,457,374,036 2,651,897,400
케이씨텍 029460 사채 0 0
케이씨텍 029460 장기차입금 0 0
케이씨텍 029460 기타비유동금융부채 0 0
케이씨텍 029460 이연법인세부채 0 0
케이씨텍 029460 비유동리스부채 0 0
케이씨텍 029460 부채총계 78,723,780,567 68,430,429,326
케이씨텍 029460 자본금 16,696,692,000 16,696,692,000
케이씨텍 029460 자본잉여금 47,711,836,722 47,711,836,722
케이씨텍 029460 자본조정 0 0
케이씨텍 029460 기타포괄손익누계액 -128,147,374 -309,486,118
케이씨텍 029460 이익잉여금(결손금) 0 0
케이씨텍 029460 자본총계 283,627,947,931 286,420,432,415
케이씨텍 029460 자본과부채총계 0 0
date : 2017-06-30
케이씨텍 029460 유동자산 225,210,204,522 202,559,355,554
케이씨텍 029460 현금및현금성자산 21,153,845,225 19,098,095,229
케이씨텍 029460 매출채권 88,351,872,882 96,083,462,894
케이씨텍 029460 재고자산 49,342,966,213 22,417,289,615
케이씨텍 029460 기타유동금융자산 2,551,296,184 1,649,000,000
케이씨텍 029460 기타유동자산 2,183,233,881 3,844,201,133
케이씨텍 029460 매각예정비유동자산 0 0
케이씨텍 029460 비유동자산 157,476,200,231 152,291,506,187
케이씨텍 029460 장기금융상품 0 0
케이씨텍 029460 기타포괄손익-공정가치 0 0
케이씨텍 029460 당기손익인식공정가치측정금융자산 0 0
케이씨텍 029460 종속회사투자 0 0
케이씨텍 029460 관계회사투자 0 0
케이씨텍 029460 렌탈자산 0 0
케이씨텍 029460 유형자산 100,352,541,607 92,450,676,151
케이씨텍 029460 무형자산 6,179,167,591 6,337,642,398
케이씨텍 029460 기타비유동금융자산 6,340,873,456 5,511,570,310
케이씨텍 029460 기타비유동자산 903,425,123 710,930,575
케이씨텍 029460 사용권자산 0 0
케이씨텍 029460 이연법인세자산 9,175,552,106 11,229,884,924
케이씨텍 029460 자산총계 382,686,404,753 354,850,861,741
케이씨텍 029460 유동부채 81,513,334,446 65,778,531,926
케이씨텍 029460 단기매입채무 0 0
케이씨텍 029460 단기차입금 0 0
케이씨텍 029460 유동성장기차입금 0 0
케이씨텍 029460 유동성사채 0 0
케이씨텍 029460 기타유동금융부채 0 0
케이씨텍 029460 기타유동부채 36,507,263,820 14,157,833,812
케이씨텍 029460 당기법인세부채 0 0
케이씨텍 029460 유동리스부채 0 0
케이씨텍 029460 비유동부채 2,390,839,672 2,651,897,400
케이씨텍 029460 사채 0 0
케이씨텍 029460 장기차입금 0 0
케이씨텍 029460 기타비유동금융부채 0 0
케이씨텍 029460 이연법인세부채 0 0
케이씨텍 029460 비유동리스부채 0 0
케이씨텍 029460 부채총계 83,904,174,118 68,430,429,326
케이씨텍 029460 자본금 16,696,692,000 16,696,692,000
케이씨텍 029460 자본잉여금 47,711,836,722 47,711,836,722
케이씨텍 029460 자본조정 0 0
케이씨텍 029460 기타포괄손익누계액 161,655,997 -309,486,118
케이씨텍 029460 이익잉여금(결손금) 0 0
케이씨텍 029460 자본총계 298,782,230,635 286,420,432,415
케이씨텍 029460 자본과부채총계 0 0
date : 2017-09-30
케이씨텍 029460 유동자산 78,988,781,695 202,559,355,554
케이씨텍 029460 현금및현금성자산 2,659,091,415 19,098,095,229
케이씨텍 029460 매출채권 및 기타유동채권
케이씨텍 029460 재고자산 14,007,216,147 22,417,289,615
케이씨텍 029460 기타유동금융자산 95,000,000 1,649,000,000
케이씨텍 029460 기타유동자산 3,207,293,869 3,844,201,133
케이씨텍 029460 매각예정비유동자산 0 0
케이씨텍 029460 비유동자산 66,071,681,671 152,291,506,187
케이씨텍 029460 장기금융상품 0 0
케이씨텍 029460 기타포괄손익-공정가치 0 0
케이씨텍 029460 당기손익인식공정가치측정금융자산 0 0
케이씨텍 029460 종속회사투자 0 0
케이씨텍 029460 관계회사투자 0 0
케이씨텍 029460 렌탈자산 0 0
케이씨텍 029460 유형자산 23,956,697,528 92,450,676,151
케이씨텍 029460 무형자산 2,742,384,881 6,337,642,398
케이씨텍 029460 기타비유동금융자산 443,369,960 5,511,570,310
케이씨텍 029460 기타비유동자산 68,074,558 710,930,575
케이씨텍 029460 사용권자산 0 0
케이씨텍 029460 이연법인세자산 3,714,962,349 11,229,884,924
케이씨텍 029460 자산총계 382,820,058,104 354,850,861,741
케이씨텍 029460 유동부채 233,033,412,488 65,778,531,926
케이씨텍 029460 단기매입채무 0 0
케이씨텍 029460 단기차입금 0 0
케이씨텍 029460 유동성장기차입금 0 0
케이씨텍 029460 유동성사채 0 0
케이씨텍 029460 기타유동금융부채 0 0
케이씨텍 029460 기타유동부채 14,217,449,350 14,157,833,812
케이씨텍 029460 당기법인세부채 0 0
케이씨텍 029460 유동리스부채 0 0
케이씨텍 029460 비유동부채 180,260,441 2,651,897,400
케이씨텍 029460 사채 0 0
케이씨텍 029460 장기차입금 0 0
케이씨텍 029460 기타비유동금융부채 0 0
케이씨텍 029460 이연법인세부채 0 0
케이씨텍 029460 비유동리스부채 0 0
케이씨텍 029460 부채총계 270,334,213,752 68,430,429,326
케이씨텍 029460 자본금 16,696,692,000 16,696,692,000
케이씨텍 029460 자본잉여금 47,711,836,722 47,711,836,722
케이씨텍 029460 자본조정 0 0
케이씨텍 029460 기타포괄손익누계액 1,040,600,997 -309,486,118
케이씨텍 029460 이익잉여금(결손금) 0 0
케이씨텍 029460 자본총계 112,485,844,352 286,420,432,415
케이씨텍 029460 자본과부채총계 382,820,058,104 354,850,861,741
date : 2017-12-31
케이씨 029460 유동자산 97,177,499,348 202,559,355,554
케이씨 029460 현금및현금성자산 1,136,901,716 19,098,095,229
케이씨 029460 매출채권 및 기타유동채권
케이씨 029460 재고자산 17,541,993,549 22,417,289,615
케이씨 029460 기타유동금융자산 95,000,000 1,649,000,000
케이씨 029460 기타유동자산 488,744,998 3,844,201,133
케이씨 029460 매각예정비유동자산 0 0
케이씨 029460 비유동자산 98,254,706,098 152,291,506,187
케이씨 029460 장기금융상품 0 0
케이씨 029460 기타포괄손익-공정가치 0 0
케이씨 029460 당기손익인식공정가치측정금융자산 0 0
케이씨 029460 종속회사투자 0 0
케이씨 029460 관계회사투자 0 0
케이씨 029460 렌탈자산 0 0
케이씨 029460 유형자산 24,353,772,771 92,450,676,151
케이씨 029460 무형자산 3,078,661,937 6,337,642,398
케이씨 029460 기타비유동금융자산 765,801,960 5,511,570,310
케이씨 029460 기타비유동자산 67,398,441 710,930,575
케이씨 029460 사용권자산 0 0
케이씨 029460 이연법인세자산 11,229,884,924 6,337,642,398
케이씨 029460 자산총계 195,432,205,446 354,850,861,741
케이씨 029460 유동부채 37,201,185,924 65,778,531,926
케이씨 029460 단기매입채무 0 0
케이씨 029460 단기차입금 0 0
케이씨 029460 유동성장기차입금 0 0
케이씨 029460 유동성사채 0 0
케이씨 029460 기타유동금융부채 0 0
케이씨 029460 기타유동부채 17,366,345,761 14,157,833,812
케이씨 029460 당기법인세부채 0 0
케이씨 029460 유동리스부채 0 0
케이씨 029460 비유동부채 2,324,023,611 2,651,897,400
케이씨 029460 사채 0 0
케이씨 029460 장기차입금 0 0
케이씨 029460 기타비유동금융부채 0 0
케이씨 029460 이연법인세부채 2,130,007,234 2,651,897,400
케이씨 029460 비유동리스부채 0 0
케이씨 029460 부채총계 39,525,209,535 68,430,429,326
케이씨 029460 자본금 6,777,022,000 16,696,692,000
케이씨 029460 자본잉여금 21,295,483,863 47,711,836,722
케이씨 029460 자본조정 0 0
케이씨 029460 기타포괄손익누계액 16,030,807,379 -309,486,118
케이씨 029460 이익잉여금(결손금) 0 0
케이씨 029460 자본총계 155,906,995,911 286,420,432,415
케이씨 029460 자본과부채총계 195,432,205,446 354,850,861,741
date : 2018-03-31
케이씨 029460 유동자산 108,027,050,914 97,177,499,348
케이씨 029460 현금및현금성자산 1,494,878,938 1,136,901,716
케이씨 029460 매출채권 및 기타유동채권
케이씨 029460 재고자산 20,126,093,317 17,541,993,549
케이씨 029460 기타유동금융자산 95,000,000 95,000,000
케이씨 029460 기타유동자산 82,094,653 488,744,998
케이씨 029460 매각예정비유동자산 0 0
케이씨 029460 비유동자산 114,843,639,915 98,254,706,098
케이씨 029460 장기금융상품 0 0
케이씨 029460 기타포괄손익-공정가치 0 0
케이씨 029460 당기손익인식공정가치측정금융자산 0 0
케이씨 029460 종속회사투자 0 0
케이씨 029460 관계회사투자 0 0
케이씨 029460 렌탈자산 0 0
케이씨 029460 유형자산 24,324,447,736 24,353,772,771
케이씨 029460 무형자산 3,089,996,804 3,078,661,937
케이씨 029460 기타비유동금융자산 765,801,960 765,801,960
케이씨 029460 기타비유동자산 69,726,821 67,398,441
케이씨 029460 사용권자산 0 0
케이씨 029460 이연법인세자산 0 0
케이씨 029460 자산총계 222,870,690,829 195,432,205,446
케이씨 029460 유동부채 32,895,908,083 37,201,185,924
케이씨 029460 단기매입채무 0 0
케이씨 029460 단기차입금 0 0
케이씨 029460 유동성장기차입금 0 0
케이씨 029460 유동성사채 0 0
케이씨 029460 기타유동금융부채 0 0
케이씨 029460 기타유동부채 7,420,902,099 17,366,345,761
케이씨 029460 당기법인세부채 0 0
케이씨 029460 유동리스부채 0 0
케이씨 029460 비유동부채 6,436,600,190 2,324,023,611
케이씨 029460 사채 0 0
케이씨 029460 장기차입금 0 0
케이씨 029460 기타비유동금융부채 0 0
케이씨 029460 이연법인세부채 6,237,108,651 2,130,007,234
케이씨 029460 비유동리스부채 0 0
케이씨 029460 부채총계 39,332,508,273 39,525,209,535
케이씨 029460 자본금 6,777,022,000 6,777,022,000
케이씨 029460 자본잉여금 21,295,483,863 21,295,483,863
케이씨 029460 자본조정 0 0
케이씨 029460 기타포괄손익누계액 28,649,425,612 16,030,807,379
케이씨 029460 이익잉여금(결손금) 0 0
케이씨 029460 자본총계 183,538,182,556 155,906,995,911
케이씨 029460 자본과부채총계 222,870,690,829 195,432,205,446
date : 2018-06-30
케이씨 029460 유동자산 188,039,738,633 97,177,499,348
케이씨 029460 현금및현금성자산 65,493,528,838 1,136,901,716
케이씨 029460 매출채권 및 기타유동채권
케이씨 029460 재고자산 25,373,433,648 17,541,993,549
케이씨 029460 기타유동금융자산 95,000,000 95,000,000
케이씨 029460 기타유동자산 72,588,074 488,744,998
케이씨 029460 매각예정비유동자산 0 0
케이씨 029460 비유동자산 255,757,193,562 98,254,706,098
케이씨 029460 장기금융상품 0 0
케이씨 029460 기타포괄손익-공정가치 0 0
케이씨 029460 당기손익인식공정가치측정금융자산 0 0
케이씨 029460 종속회사투자 0 0
케이씨 029460 관계회사투자 0 0
케이씨 029460 렌탈자산 0 0
케이씨 029460 유형자산 24,746,504,969 24,353,772,771
케이씨 029460 무형자산 3,062,510,899 3,078,661,937
케이씨 029460 기타비유동금융자산 765,951,960 765,801,960
케이씨 029460 기타비유동자산 72,698,931 67,398,441
케이씨 029460 사용권자산 0 0
케이씨 029460 이연법인세자산 0 0
케이씨 029460 자산총계 443,796,932,195 195,432,205,446
케이씨 029460 유동부채 44,189,438,244 37,201,185,924
케이씨 029460 단기매입채무 0 0
케이씨 029460 단기차입금 0 0
케이씨 029460 유동성장기차입금 0 0
케이씨 029460 유동성사채 0 0
케이씨 029460 기타유동금융부채 0 0
케이씨 029460 기타유동부채 2,190,159,033 2,348,831,654
케이씨 029460 당기법인세부채 0 0
케이씨 029460 유동리스부채 0 0
케이씨 029460 비유동부채 41,220,508,335 2,324,023,611
케이씨 029460 사채 0 0
케이씨 029460 장기차입금 0 0
케이씨 029460 기타비유동금융부채 0 0
케이씨 029460 이연법인세부채 41,011,925,134 2,130,007,234
케이씨 029460 비유동리스부채 0 0
케이씨 029460 부채총계 85,409,946,579 39,525,209,535
케이씨 029460 자본금 6,777,022,000 6,777,022,000
케이씨 029460 자본잉여금 21,295,483,863 21,295,483,863
케이씨 029460 자본조정 0 0
케이씨 029460 기타포괄손익누계액 21,206,106,349 16,030,807,379
케이씨 029460 이익잉여금(결손금) 0 0
케이씨 029460 자본총계 358,386,985,616 155,906,995,911
케이씨 029460 자본과부채총계 443,796,932,195 195,432,205,446
date : 2018-09-30
케이씨 029460 유동자산 133,793,650,070 97,177,499,348
케이씨 029460 현금및현금성자산 4,831,500,507 1,136,901,716
케이씨 029460 매출채권 및 기타유동채권
케이씨 029460 재고자산 21,639,583,685 17,541,993,549
케이씨 029460 기타유동금융자산 138,804,889 95,000,000
케이씨 029460 기타유동자산 1,410,881,977 488,744,998
케이씨 029460 매각예정비유동자산 0 0
케이씨 029460 비유동자산 303,348,424,809 98,254,706,098
케이씨 029460 장기금융상품 0 0
케이씨 029460 기타포괄손익-공정가치 0 0
케이씨 029460 당기손익인식공정가치측정금융자산 0 0
케이씨 029460 종속회사투자 0 0
케이씨 029460 관계회사투자 0 0
케이씨 029460 렌탈자산 0 0
케이씨 029460 유형자산 28,669,044,099 24,353,772,771
케이씨 029460 무형자산 3,587,055,932 3,078,661,937
케이씨 029460 기타비유동금융자산 764,341,360 765,801,960
케이씨 029460 기타비유동자산 82,283,701 67,398,441
케이씨 029460 사용권자산 0 0
케이씨 029460 이연법인세자산 0 0
케이씨 029460 자산총계 437,142,074,879 195,432,205,446
케이씨 029460 유동부채 50,271,413,275 37,201,185,924
케이씨 029460 단기매입채무 0 0
케이씨 029460 단기차입금 0 0
케이씨 029460 유동성장기차입금 0 0
케이씨 029460 유동성사채 0 0
케이씨 029460 기타유동금융부채 0 0
케이씨 029460 기타유동부채 588,829,090 2,348,831,654
케이씨 029460 당기법인세부채 0 0
케이씨 029460 유동리스부채 0 0
케이씨 029460 비유동부채 37,555,220,033 2,324,023,611
케이씨 029460 사채 0 0
케이씨 029460 장기차입금 0 0
케이씨 029460 기타비유동금융부채 0 0
케이씨 029460 이연법인세부채 37,337,545,170 2,130,007,234
케이씨 029460 비유동리스부채 0 0
케이씨 029460 부채총계 87,826,633,308 39,525,209,535
케이씨 029460 자본금 6,777,022,000 6,777,022,000
케이씨 029460 자본잉여금 21,295,483,863 21,295,483,863
케이씨 029460 자본조정 0 0
케이씨 029460 기타포괄손익누계액 8,839,296,868 16,030,807,379
케이씨 029460 이익잉여금(결손금) 0 0
케이씨 029460 자본총계 349,315,441,571 155,906,995,911
케이씨 029460 자본과부채총계 437,142,074,879 195,432,205,446
date : 2018-12-31
케이씨 029460 유동자산 131,543,474,874 97,177,499,348
케이씨 029460 현금및현금성자산 20,481,472,183 1,136,901,716
케이씨 029460 매출채권 및 기타유동채권
케이씨 029460 재고자산 16,737,628,457 17,541,993,549
케이씨 029460 기타유동금융자산 115,000,000 95,000,000
케이씨 029460 기타유동자산 86,070,160 488,744,998
케이씨 029460 매각예정비유동자산 0 0
케이씨 029460 비유동자산 249,330,352,436 98,254,706,098
케이씨 029460 장기금융상품 0 0
케이씨 029460 기타포괄손익-공정가치 0 0
케이씨 029460 당기손익인식공정가치측정금융자산 0 0
케이씨 029460 종속회사투자 0 0
케이씨 029460 관계회사투자 0 0
케이씨 029460 렌탈자산 0 0
케이씨 029460 유형자산 28,311,179,664 24,353,772,771
케이씨 029460 무형자산 3,724,775,312 3,078,661,937
케이씨 029460 기타비유동금융자산 765,332,360 765,801,960
케이씨 029460 기타비유동자산 66,220,749 67,398,441
케이씨 029460 사용권자산 0 0
케이씨 029460 이연법인세자산 11,229,884,924 3,078,661,937
케이씨 029460 자산총계 380,873,827,310 195,432,205,446
케이씨 029460 유동부채 47,808,818,950 37,201,185,924
케이씨 029460 단기매입채무 0 0
케이씨 029460 단기차입금 0 0
케이씨 029460 유동성장기차입금 0 0
케이씨 029460 유동성사채 0 0
케이씨 029460 기타유동금융부채 0 0
케이씨 029460 기타유동부채 308,407,422 2,348,831,654
케이씨 029460 당기법인세부채 0 0
케이씨 029460 유동리스부채 0 0
케이씨 029460 비유동부채 25,800,298,077 2,324,023,611
케이씨 029460 사채 0 0
케이씨 029460 장기차입금 0 0
케이씨 029460 기타비유동금융부채 0 0
케이씨 029460 이연법인세부채 25,563,458,180 2,130,007,234
케이씨 029460 비유동리스부채 0 0
케이씨 029460 부채총계 73,609,117,027 39,525,209,535
케이씨 029460 자본금 6,777,022,000 6,777,022,000
케이씨 029460 자본잉여금 21,295,483,863 21,295,483,863
케이씨 029460 자본조정 0 0
케이씨 029460 기타포괄손익누계액 -33,218,306,626 16,030,807,379
케이씨 029460 이익잉여금(결손금) 0 0
케이씨 029460 자본총계 307,264,710,283 155,906,995,911
케이씨 029460 자본과부채총계 380,873,827,310 195,432,205,446
date : 2019-03-31
케이씨 029460 유동자산 138,690,226,014 131,543,474,874
케이씨 029460 현금및현금성자산 4,297,738,670 20,481,472,183
케이씨 029460 매출채권 및 기타유동채권
케이씨 029460 재고자산 18,916,445,798 16,737,628,457
케이씨 029460 기타유동금융자산 115,000,000 115,000,000
케이씨 029460 기타유동자산 792,790,186 86,070,160
케이씨 029460 매각예정비유동자산 0 0
케이씨 029460 비유동자산 305,176,211,173 249,330,352,436
케이씨 029460 장기금융상품 0 0
케이씨 029460 기타포괄손익-공정가치 0 0
케이씨 029460 당기손익인식공정가치측정금융자산 0 0
케이씨 029460 종속회사투자 0 0
케이씨 029460 관계회사투자 0 0
케이씨 029460 렌탈자산 0 0
케이씨 029460 유형자산 29,055,751,388 28,311,179,664
케이씨 029460 무형자산 3,836,932,301 3,724,775,312
케이씨 029460 기타비유동금융자산 760,564,860 765,332,360
케이씨 029460 기타비유동자산 78,387,034 66,220,749
케이씨 029460 사용권자산 0 0
케이씨 029460 이연법인세자산 0 0
케이씨 029460 자산총계 443,866,437,187 380,873,827,310
케이씨 029460 유동부채 47,822,563,786 47,808,818,950
케이씨 029460 단기매입채무 0 0
케이씨 029460 단기차입금 0 0
케이씨 029460 유동성장기차입금 0 0
케이씨 029460 유동성사채 0 0
케이씨 029460 기타유동금융부채 0 0
케이씨 029460 기타유동부채 390,885,480 253,407,422
케이씨 029460 당기법인세부채 0 0
케이씨 029460 유동리스부채 0 0
케이씨 029460 비유동부채 41,118,562,229 25,800,298,077
케이씨 029460 사채 0 0
케이씨 029460 장기차입금 0 0
케이씨 029460 기타비유동금융부채 0 0
케이씨 029460 이연법인세부채 40,793,791,458 25,563,458,180
케이씨 029460 비유동리스부채 0 0
케이씨 029460 부채총계 88,941,126,015 73,609,117,027
케이씨 029460 자본금 6,777,022,000 6,777,022,000
케이씨 029460 자본잉여금 21,295,483,863 21,295,483,863
케이씨 029460 자본조정 0 0
케이씨 029460 기타포괄손익누계액 8,668,278,879 -33,218,306,626
케이씨 029460 이익잉여금(결손금) 0 0
케이씨 029460 자본총계 354,925,311,172 307,264,710,283
케이씨 029460 자본과부채총계 443,866,437,187 380,873,827,310
