date : 2015-12-31
코엔텍 029960 유동자산 13,109,711,934 17,223,326,329
코엔텍 029960 현금및현금성자산 2,302,831,220 10,975,804,949
코엔텍 029960 매출채권 및 기타채권
코엔텍 029960 재고자산 65,425,417 51,811,433
코엔텍 029960 기타유동금융자산 0 0
코엔텍 029960 기타유동자산 718,625,778 651,476,055
코엔텍 029960 매각예정비유동자산 0 0
코엔텍 029960 비유동자산 107,243,885,096 79,001,060,891
코엔텍 029960 장기금융상품 382,369,500 2,982,423,500
코엔텍 029960 기타포괄손익-공정가치 0 0
코엔텍 029960 당기손익인식공정가치측정금융자산 0 0
코엔텍 029960 종속회사투자 0 0
코엔텍 029960 관계회사투자 0 0
코엔텍 029960 렌탈자산 0 0
코엔텍 029960 유형자산 90,021,312,270 58,161,306,770
코엔텍 029960 무형자산 0 0
코엔텍 029960 기타비유동금융자산 0 0
코엔텍 029960 기타비유동자산 0 0
코엔텍 029960 사용권자산 0 0
코엔텍 029960 이연법인세자산 1,189,959,200 1,181,187,515
코엔텍 029960 자산총계 120,353,597,030 96,224,387,220
코엔텍 029960 유동부채 11,483,912,498 9,574,497,919
코엔텍 029960 단기매입채무 0 0
코엔텍 029960 단기차입금 0 0
코엔텍 029960 유동성장기차입금 0 0
코엔텍 029960 유동성사채 0 0
코엔텍 029960 기타유동금융부채 0 0
코엔텍 029960 기타유동부채 987,837,763 670,301,393
코엔텍 029960 당기법인세부채 178,992,527 1,398,545,691
코엔텍 029960 유동리스부채 0 0
코엔텍 029960 비유동부채 20,967,350,266 4,141,115,052
코엔텍 029960 사채 0 0
코엔텍 029960 장기차입금 15,000,000,000 4,141,115,052
코엔텍 029960 기타비유동금융부채 0 0
코엔텍 029960 이연법인세부채 0 0
코엔텍 029960 비유동리스부채 0 0
코엔텍 029960 부채총계 32,451,262,764 13,715,612,971
코엔텍 029960 자본금 25,000,000,000 25,000,000,000
코엔텍 029960 자본잉여금 0 0
코엔텍 029960 자본조정 0 0
코엔텍 029960 기타포괄손익누계액 0 0
코엔텍 029960 이익잉여금(결손금) 0 0
코엔텍 029960 자본총계 87,902,334,266 82,508,774,249
코엔텍 029960 자본과부채총계 120,353,597,030 96,224,387,220
date : 2016-03-31
코엔텍 029960 유동자산 23,991,259,222 13,109,711,934
코엔텍 029960 현금및현금성자산 16,403,954,054 2,302,831,220
코엔텍 029960 매출채권 및 기타채권
코엔텍 029960 재고자산 51,956,704 65,425,417
코엔텍 029960 기타유동금융자산 0 0
코엔텍 029960 기타유동자산 341,293,399 718,625,778
코엔텍 029960 매각예정비유동자산 0 0
코엔텍 029960 비유동자산 106,841,879,875 107,243,885,096
코엔텍 029960 장기금융상품 652,356,000 382,369,500
코엔텍 029960 기타포괄손익-공정가치 0 0
코엔텍 029960 당기손익인식공정가치측정금융자산 0 0
코엔텍 029960 종속회사투자 0 0
코엔텍 029960 관계회사투자 0 0
코엔텍 029960 렌탈자산 0 0
코엔텍 029960 유형자산 89,160,347,440 90,021,312,270
코엔텍 029960 무형자산 0 0
코엔텍 029960 기타비유동금융자산 0 0
코엔텍 029960 기타비유동자산 0 0
코엔텍 029960 사용권자산 0 0
코엔텍 029960 이연법인세자산 1,243,636,309 1,189,959,200
코엔텍 029960 자산총계 130,833,139,097 120,353,597,030
코엔텍 029960 유동부채 8,085,379,306 11,483,912,498
코엔텍 029960 단기매입채무 0 0
코엔텍 029960 단기차입금 0 0
코엔텍 029960 유동성장기차입금 0 0
코엔텍 029960 유동성사채 0 0
코엔텍 029960 기타유동금융부채 0 0
코엔텍 029960 기타유동부채 1,519,215,177 987,837,763
코엔텍 029960 당기법인세부채 1,047,991,737 178,992,527
코엔텍 029960 유동리스부채 0 0
코엔텍 029960 비유동부채 33,048,580,205 20,967,350,266
코엔텍 029960 사채 0 0
코엔텍 029960 장기차입금 26,877,000,000 15,000,000,000
코엔텍 029960 기타비유동금융부채 0 0
코엔텍 029960 이연법인세부채 0 0
코엔텍 029960 비유동리스부채 0 0
코엔텍 029960 부채총계 41,133,959,511 32,451,262,764
코엔텍 029960 자본금 25,000,000,000 25,000,000,000
코엔텍 029960 자본잉여금 0 0
코엔텍 029960 자본조정 0 0
코엔텍 029960 기타포괄손익누계액 0 0
코엔텍 029960 이익잉여금(결손금) 0 0
코엔텍 029960 자본총계 89,699,179,586 87,902,334,266
코엔텍 029960 자본과부채총계 130,833,139,097 120,353,597,030
date : 2016-06-30
코엔텍 029960 유동자산 27,321,949,122 13,109,711,934
코엔텍 029960 현금및현금성자산 20,588,042,513 2,302,831,220
코엔텍 029960 매출채권 및 기타채권
코엔텍 029960 재고자산 57,581,328 65,425,417
코엔텍 029960 기타유동금융자산 0 0
코엔텍 029960 기타유동자산 308,657,376 718,625,778
코엔텍 029960 매각예정비유동자산 0 0
코엔텍 029960 비유동자산 106,782,831,395 107,243,885,096
코엔텍 029960 장기금융상품 922,342,500 382,369,500
코엔텍 029960 기타포괄손익-공정가치 0 0
코엔텍 029960 당기손익인식공정가치측정금융자산 0 0
코엔텍 029960 종속회사투자 0 0
코엔텍 029960 관계회사투자 0 0
코엔텍 029960 렌탈자산 0 0
코엔텍 029960 유형자산 88,964,215,409 90,021,312,270
코엔텍 029960 무형자산 0 0
코엔텍 029960 기타비유동금융자산 0 0
코엔텍 029960 기타비유동자산 0 0
코엔텍 029960 사용권자산 0 0
코엔텍 029960 이연법인세자산 1,125,533,360 1,189,959,200
코엔텍 029960 자산총계 134,104,780,517 120,353,597,030
코엔텍 029960 유동부채 8,786,718,990 11,483,912,498
코엔텍 029960 단기매입채무 0 0
코엔텍 029960 단기차입금 0 0
코엔텍 029960 유동성장기차입금 0 0
코엔텍 029960 유동성사채 0 0
코엔텍 029960 기타유동금융부채 0 0
코엔텍 029960 기타유동부채 1,304,824,886 987,837,763
코엔텍 029960 당기법인세부채 1,571,340,649 178,992,527
코엔텍 029960 유동리스부채 0 0
코엔텍 029960 비유동부채 32,682,250,347 20,967,350,266
코엔텍 029960 사채 0 0
코엔텍 029960 장기차입금 26,877,000,000 15,000,000,000
코엔텍 029960 기타비유동금융부채 0 0
코엔텍 029960 이연법인세부채 0 0
코엔텍 029960 비유동리스부채 0 0
코엔텍 029960 부채총계 41,468,969,337 32,451,262,764
코엔텍 029960 자본금 25,000,000,000 25,000,000,000
코엔텍 029960 자본잉여금 0 0
코엔텍 029960 자본조정 0 0
코엔텍 029960 기타포괄손익누계액 0 0
코엔텍 029960 이익잉여금(결손금) 0 0
코엔텍 029960 자본총계 92,635,811,180 87,902,334,266
코엔텍 029960 자본과부채총계 134,104,780,517 120,353,597,030
date : 2016-09-30
코엔텍 029960 유동자산 31,602,860,938 13,109,711,934
코엔텍 029960 현금및현금성자산 16,854,557,275 2,302,831,220
코엔텍 029960 매출채권 및 기타채권
코엔텍 029960 재고자산 57,287,442 65,425,417
코엔텍 029960 기타유동금융자산 7,000,000,000 0
코엔텍 029960 기타유동자산 1,510,061,742 718,625,778
코엔텍 029960 매각예정비유동자산 0 0
코엔텍 029960 비유동자산 108,325,880,347 107,243,885,096
코엔텍 029960 장기금융상품 1,192,329,000 382,369,500
코엔텍 029960 기타포괄손익-공정가치 0 0
코엔텍 029960 당기손익인식공정가치측정금융자산 0 0
코엔텍 029960 종속회사투자 0 0
코엔텍 029960 관계회사투자 0 0
코엔텍 029960 렌탈자산 0 0
코엔텍 029960 유형자산 90,076,668,771 90,021,312,270
코엔텍 029960 무형자산 0 0
코엔텍 029960 기타비유동금융자산 0 0
코엔텍 029960 기타비유동자산 0 0
코엔텍 029960 사용권자산 0 0
코엔텍 029960 이연법인세자산 1,299,891,490 1,189,959,200
코엔텍 029960 자산총계 139,928,741,285 120,353,597,030
코엔텍 029960 유동부채 11,266,183,928 11,483,912,498
코엔텍 029960 단기매입채무 0 0
코엔텍 029960 단기차입금 0 0
코엔텍 029960 유동성장기차입금 0 0
코엔텍 029960 유동성사채 0 0
코엔텍 029960 기타유동금융부채 0 0
코엔텍 029960 기타유동부채 1,410,423,179 987,837,763
코엔텍 029960 당기법인세부채 2,475,666,594 178,992,527
코엔텍 029960 유동리스부채 0 0
코엔텍 029960 비유동부채 32,815,920,485 20,967,350,266
코엔텍 029960 사채 0 0
코엔텍 029960 장기차입금 26,877,000,000 15,000,000,000
코엔텍 029960 기타비유동금융부채 0 0
코엔텍 029960 이연법인세부채 0 0
코엔텍 029960 비유동리스부채 0 0
코엔텍 029960 부채총계 44,082,104,413 32,451,262,764
코엔텍 029960 자본금 25,000,000,000 25,000,000,000
코엔텍 029960 자본잉여금 0 0
코엔텍 029960 자본조정 0 0
코엔텍 029960 기타포괄손익누계액 0 0
코엔텍 029960 이익잉여금(결손금) 0 0
코엔텍 029960 자본총계 95,846,636,872 87,902,334,266
코엔텍 029960 자본과부채총계 139,928,741,285 120,353,597,030
date : 2016-12-31
코엔텍 029960 유동자산 36,272,990,989 13,109,711,934
코엔텍 029960 현금및현금성자산 26,864,437,659 2,302,831,220
코엔텍 029960 매출채권 및 기타채권
코엔텍 029960 재고자산 50,162,588 65,425,417
코엔텍 029960 기타유동금융자산 0 0
코엔텍 029960 기타유동자산 1,419,381,360 718,625,778
코엔텍 029960 매각예정비유동자산 0 0
코엔텍 029960 비유동자산 106,627,126,514 107,243,885,096
코엔텍 029960 장기금융상품 1,012,315,500 382,369,500
코엔텍 029960 기타포괄손익-공정가치 0 0
코엔텍 029960 당기손익인식공정가치측정금융자산 0 0
코엔텍 029960 종속회사투자 0 0
코엔텍 029960 관계회사투자 0 0
코엔텍 029960 렌탈자산 0 0
코엔텍 029960 유형자산 88,711,656,483 90,021,312,270
코엔텍 029960 무형자산 0 0
코엔텍 029960 기타비유동금융자산 0 0
코엔텍 029960 기타비유동자산 0 0
코엔텍 029960 사용권자산 0 0
코엔텍 029960 이연법인세자산 1,390,614,847 1,189,959,200
코엔텍 029960 자산총계 142,900,117,503 120,353,597,030
코엔텍 029960 유동부채 9,777,795,169 11,483,912,498
코엔텍 029960 단기매입채무 0 0
코엔텍 029960 단기차입금 0 0
코엔텍 029960 유동성장기차입금 0 0
코엔텍 029960 유동성사채 0 0
코엔텍 029960 기타유동금융부채 0 0
코엔텍 029960 기타유동부채 1,644,933,440 987,837,763
코엔텍 029960 당기법인세부채 1,276,381,901 178,992,527
코엔텍 029960 유동리스부채 0 0
코엔텍 029960 비유동부채 32,508,497,169 20,967,350,266
코엔텍 029960 사채 0 0
코엔텍 029960 장기차입금 26,877,000,000 15,000,000,000
코엔텍 029960 기타비유동금융부채 0 0
코엔텍 029960 이연법인세부채 0 0
코엔텍 029960 비유동리스부채 0 0
코엔텍 029960 부채총계 42,286,292,338 32,451,262,764
코엔텍 029960 자본금 25,000,000,000 25,000,000,000
코엔텍 029960 자본잉여금 0 0
코엔텍 029960 자본조정 0 0
코엔텍 029960 기타포괄손익누계액 0 0
코엔텍 029960 이익잉여금(결손금) 0 0
코엔텍 029960 자본총계 100,613,825,165 87,902,334,266
코엔텍 029960 자본과부채총계 142,900,117,503 120,353,597,030
date : 2017-03-31
코엔텍 029960 유동자산 41,484,326,217 36,272,990,989
코엔텍 029960 현금및현금성자산 31,924,714,484 26,864,437,659
코엔텍 029960 매출채권 및 기타채권
코엔텍 029960 재고자산 49,247,980 50,162,588
코엔텍 029960 기타유동금융자산 0 0
코엔텍 029960 기타유동자산 1,856,288,531 1,419,381,360
코엔텍 029960 매각예정비유동자산 0 0
코엔텍 029960 비유동자산 104,796,321,592 106,627,126,514
코엔텍 029960 장기금융상품 1,282,302,000 1,012,315,500
코엔텍 029960 기타포괄손익-공정가치 0 0
코엔텍 029960 당기손익인식공정가치측정금융자산 0 0
코엔텍 029960 종속회사투자 0 0
코엔텍 029960 관계회사투자 0 0
코엔텍 029960 렌탈자산 0 0
코엔텍 029960 유형자산 86,584,133,659 88,711,656,483
코엔텍 029960 무형자산 0 0
코엔텍 029960 기타비유동금융자산 0 0
코엔텍 029960 기타비유동자산 0 0
코엔텍 029960 사용권자산 0 0
코엔텍 029960 이연법인세자산 1,427,201,049 1,390,614,847
코엔텍 029960 자산총계 146,280,647,809 142,900,117,503
코엔텍 029960 유동부채 10,985,676,734 9,777,795,169
코엔텍 029960 단기매입채무 0 0
코엔텍 029960 단기차입금 0 0
코엔텍 029960 유동성장기차입금 0 0
코엔텍 029960 유동성사채 0 0
코엔텍 029960 기타유동금융부채 0 0
코엔텍 029960 기타유동부채 2,029,650,855 1,644,933,440
코엔텍 029960 당기법인세부채 1,622,675,012 1,276,381,901
코엔텍 029960 유동리스부채 0 0
코엔텍 029960 비유동부채 32,632,301,107 32,508,497,169
코엔텍 029960 사채 0 0
코엔텍 029960 장기차입금 26,877,000,000 26,877,000,000
코엔텍 029960 기타비유동금융부채 0 0
코엔텍 029960 이연법인세부채 0 0
코엔텍 029960 비유동리스부채 0 0
코엔텍 029960 부채총계 43,617,977,841 42,286,292,338
코엔텍 029960 자본금 25,000,000,000 25,000,000,000
코엔텍 029960 자본잉여금 0 0
코엔텍 029960 자본조정 0 0
코엔텍 029960 기타포괄손익누계액 0 0
코엔텍 029960 이익잉여금(결손금) 0 0
코엔텍 029960 자본총계 102,662,669,968 100,613,825,165
코엔텍 029960 자본과부채총계 146,280,647,809 142,900,117,503
date : 2017-06-30
코엔텍 029960 유동자산 48,337,694,832 36,272,990,989
코엔텍 029960 현금및현금성자산 38,026,417,222 26,864,437,659
코엔텍 029960 매출채권 및 기타채권
코엔텍 029960 재고자산 59,029,293 50,162,588
코엔텍 029960 기타유동금융자산 0 0
코엔텍 029960 기타유동자산 1,329,219,117 1,419,381,360
코엔텍 029960 매각예정비유동자산 0 0
코엔텍 029960 비유동자산 99,901,815,477 106,627,126,514
코엔텍 029960 장기금융상품 2,500,000 1,012,315,500
코엔텍 029960 기타포괄손익-공정가치 0 0
코엔텍 029960 당기손익인식공정가치측정금융자산 0 0
코엔텍 029960 종속회사투자 0 0
코엔텍 029960 관계회사투자 0 0
코엔텍 029960 렌탈자산 0 0
코엔텍 029960 유형자산 84,923,874,743 88,711,656,483
코엔텍 029960 무형자산 0 0
코엔텍 029960 기타비유동금융자산 0 0
코엔텍 029960 기타비유동자산 0 0
코엔텍 029960 사용권자산 0 0
코엔텍 029960 이연법인세자산 1,297,798,684 1,390,614,847
코엔텍 029960 자산총계 148,239,510,309 142,900,117,503
코엔텍 029960 유동부채 9,190,004,845 9,777,795,169
코엔텍 029960 단기매입채무 0 0
코엔텍 029960 단기차입금 0 0
코엔텍 029960 유동성장기차입금 0 0
코엔텍 029960 유동성사채 0 0
코엔텍 029960 기타유동금융부채 0 0
코엔텍 029960 기타유동부채 1,772,325,628 1,644,933,440
코엔텍 029960 당기법인세부채 594,616,957 1,276,381,901
코엔텍 029960 유동리스부채 0 0
코엔텍 029960 비유동부채 32,660,531,743 32,508,497,169
코엔텍 029960 사채 0 0
코엔텍 029960 장기차입금 26,877,000,000 26,877,000,000
코엔텍 029960 기타비유동금융부채 0 0
코엔텍 029960 이연법인세부채 0 0
코엔텍 029960 비유동리스부채 0 0
코엔텍 029960 부채총계 41,850,536,588 42,286,292,338
코엔텍 029960 자본금 25,000,000,000 25,000,000,000
코엔텍 029960 자본잉여금 0 0
코엔텍 029960 자본조정 0 0
코엔텍 029960 기타포괄손익누계액 0 0
코엔텍 029960 이익잉여금(결손금) 0 0
코엔텍 029960 자본총계 106,388,973,721 100,613,825,165
코엔텍 029960 자본과부채총계 148,239,510,309 142,900,117,503
date : 2017-09-30
코엔텍 029960 유동자산 54,470,948,545 36,272,990,989
코엔텍 029960 현금및현금성자산 44,011,036,047 26,864,437,659
코엔텍 029960 매출채권 및 기타유동채권
코엔텍 029960 재고자산 54,781,851 50,162,588
코엔텍 029960 기타유동금융자산 0 0
코엔텍 029960 기타유동자산 1,493,677,703 1,419,381,360
코엔텍 029960 매각예정비유동자산 0 0
코엔텍 029960 비유동자산 98,905,129,682 106,627,126,514
코엔텍 029960 장기금융상품 1,500,000 1,012,315,500
코엔텍 029960 기타포괄손익-공정가치 0 0
코엔텍 029960 당기손익인식공정가치측정금융자산 0 0
코엔텍 029960 종속회사투자 0 0
코엔텍 029960 관계회사투자 0 0
코엔텍 029960 렌탈자산 0 0
코엔텍 029960 유형자산 83,535,882,817 88,711,656,483
코엔텍 029960 무형자산 0 0
코엔텍 029960 기타비유동금융자산 1,874,062,765 1,580,195,943
코엔텍 029960 기타비유동자산 0 0
코엔텍 029960 사용권자산 0 0
코엔텍 029960 이연법인세자산 1,413,210,993 1,390,614,847
코엔텍 029960 자산총계 153,376,078,227 142,900,117,503
코엔텍 029960 유동부채 10,155,382,159 9,777,795,169
코엔텍 029960 단기매입채무 0 0
코엔텍 029960 단기차입금 0 0
코엔텍 029960 유동성장기차입금 536,100,000 9,777,795,169
코엔텍 029960 유동성사채 0 0
코엔텍 029960 기타유동금융부채 0 0
코엔텍 029960 기타유동부채 1,933,515,262 1,644,933,440
코엔텍 029960 당기법인세부채 1,196,440,468 1,276,381,901
코엔텍 029960 유동리스부채 0 0
코엔텍 029960 비유동부채 32,241,466,259 32,508,497,169
코엔텍 029960 사채 0 0
코엔텍 029960 장기차입금 26,340,900,000 26,877,000,000
코엔텍 029960 기타비유동금융부채 0 0
코엔텍 029960 이연법인세부채 0 0
코엔텍 029960 비유동리스부채 0 0
코엔텍 029960 부채총계 42,396,848,418 42,286,292,338
코엔텍 029960 자본금 25,000,000,000 25,000,000,000
코엔텍 029960 자본잉여금 1,385,970,000 1,385,970,000
코엔텍 029960 자본조정 0 0
코엔텍 029960 기타포괄손익누계액 0 0
코엔텍 029960 이익잉여금(결손금) 84,700,399,809 74,334,995,165
코엔텍 029960 자본총계 110,979,229,809 100,613,825,165
코엔텍 029960 자본과부채총계 153,376,078,227 142,900,117,503
date : 2017-12-31
코엔텍 029960 유동자산 58,505,500,252 36,272,990,989
코엔텍 029960 현금및현금성자산 45,898,023,726 26,864,437,659
코엔텍 029960 매출채권 7,669,479,318 7,272,103,768
코엔텍 029960 재고자산 38,235,914 50,162,588
코엔텍 029960 기타유동금융자산 155,845,929 161,850,614
코엔텍 029960 기타유동자산 507,250,365 1,419,381,360
코엔텍 029960 매각예정비유동자산 0 0
코엔텍 029960 비유동자산 101,793,746,298 106,627,126,514
코엔텍 029960 장기금융상품 4,500,000 1,012,315,500
코엔텍 029960 기타포괄손익-공정가치 0 0
코엔텍 029960 당기손익인식공정가치측정금융자산 0 0
코엔텍 029960 종속회사투자 0 0
코엔텍 029960 관계회사투자 0 0
코엔텍 029960 렌탈자산 0 0
코엔텍 029960 유형자산 83,171,459,100 88,711,656,483
코엔텍 029960 무형자산 2,149,410,850 381,283,650
코엔텍 029960 기타비유동금융자산 1,975,967,814 1,580,195,943
코엔텍 029960 기타비유동자산 995,530,810 0
코엔텍 029960 사용권자산 0 0
코엔텍 029960 이연법인세자산 1,798,950,467 1,390,614,847
코엔텍 029960 자산총계 160,299,246,550 142,900,117,503
코엔텍 029960 유동부채 13,553,049,828 9,777,795,169
코엔텍 029960 단기매입채무 0 0
코엔텍 029960 단기차입금 0 0
코엔텍 029960 유동성장기차입금 1,071,800,000 0
코엔텍 029960 유동성사채 0 0
코엔텍 029960 기타유동금융부채 4,400,949,191 6,120,090,438
코엔텍 029960 기타유동부채 1,740,307,787 1,644,933,440
코엔텍 029960 당기법인세부채 3,164,586,375 1,276,381,901
코엔텍 029960 유동리스부채 0 0
코엔텍 029960 비유동부채 32,901,829,646 32,508,497,169
코엔텍 029960 사채 0 0
코엔텍 029960 장기차입금 25,805,200,000 26,877,000,000
코엔텍 029960 기타비유동금융부채 0 0
코엔텍 029960 이연법인세부채 0 0
코엔텍 029960 비유동리스부채 0 0
코엔텍 029960 부채총계 46,454,879,474 42,286,292,338
코엔텍 029960 자본금 25,000,000,000 25,000,000,000
코엔텍 029960 자본잉여금 0 0
코엔텍 029960 자본조정 0 0
코엔텍 029960 기타포괄손익누계액 0 0
코엔텍 029960 이익잉여금(결손금) 87,565,537,076 74,334,995,165
코엔텍 029960 자본총계 113,844,367,076 100,613,825,165
코엔텍 029960 자본과부채총계 160,299,246,550 142,900,117,503
date : 2018-03-31
코엔텍 029960 유동자산 66,666,801,897 58,505,500,252
코엔텍 029960 현금및현금성자산 57,681,230,280 45,898,023,726
코엔텍 029960 매출채권 8,377,165,840 7,669,479,318
코엔텍 029960 재고자산 43,250,359 38,235,914
코엔텍 029960 기타유동금융자산 169,391,819 155,845,929
코엔텍 029960 기타유동자산 372,353,599 507,250,365
코엔텍 029960 매각예정비유동자산 0 0
코엔텍 029960 비유동자산 101,527,498,276 101,793,746,298
코엔텍 029960 장기금융상품 4,500,000 4,500,000
코엔텍 029960 기타포괄손익-공정가치 0 0
코엔텍 029960 당기손익인식공정가치측정금융자산 0 0
코엔텍 029960 종속회사투자 0 0
코엔텍 029960 관계회사투자 0 0
코엔텍 029960 렌탈자산 0 0
코엔텍 029960 유형자산 82,392,889,337 83,171,459,100
코엔텍 029960 무형자산 2,349,410,850 2,149,410,850
코엔텍 029960 기타비유동금융자산 1,945,967,814 1,975,967,814
코엔텍 029960 기타비유동자산 987,945,714 995,530,810
코엔텍 029960 사용권자산 0 0
코엔텍 029960 이연법인세자산 2,146,087,304 1,798,950,467
코엔텍 029960 자산총계 168,194,300,173 160,299,246,550
코엔텍 029960 유동부채 18,414,343,809 13,553,049,828
코엔텍 029960 단기매입채무 0 0
코엔텍 029960 단기차입금 0 0
코엔텍 029960 유동성장기차입금 1,607,500,000 1,071,800,000
코엔텍 029960 유동성사채 0 0
코엔텍 029960 기타유동금융부채 5,697,052,199 4,400,949,191
코엔텍 029960 기타유동부채 2,263,363,394 1,740,307,787
코엔텍 029960 당기법인세부채 5,570,122,742 3,164,586,375
코엔텍 029960 유동리스부채 0 0
코엔텍 029960 비유동부채 32,829,248,054 32,901,829,646
코엔텍 029960 사채 0 0
코엔텍 029960 장기차입금 25,269,500,000 25,805,200,000
코엔텍 029960 기타비유동금융부채 0 0
코엔텍 029960 이연법인세부채 0 0
코엔텍 029960 비유동리스부채 0 0
코엔텍 029960 부채총계 51,243,591,863 46,454,879,474
코엔텍 029960 자본금 25,000,000,000 25,000,000,000
코엔텍 029960 자본잉여금 0 0
코엔텍 029960 자본조정 0 0
코엔텍 029960 기타포괄손익누계액 0 0
코엔텍 029960 이익잉여금(결손금) 90,671,878,310 87,565,537,076
코엔텍 029960 자본총계 116,950,708,310 113,844,367,076
코엔텍 029960 자본과부채총계 168,194,300,173 160,299,246,550
date : 2018-06-30
코엔텍 029960 유동자산 86,042,628,784 58,505,500,252
코엔텍 029960 현금및현금성자산 75,756,961,708 45,898,023,726
코엔텍 029960 매출채권 9,642,930,752 7,669,479,318
코엔텍 029960 재고자산 76,813,885 38,235,914
코엔텍 029960 기타유동금융자산 185,318,975 155,845,929
코엔텍 029960 기타유동자산 360,713,464 507,250,365
코엔텍 029960 매각예정비유동자산 0 0
코엔텍 029960 비유동자산 97,075,416,654 101,793,746,298
코엔텍 029960 장기금융상품 4,500,000 4,500,000
코엔텍 029960 기타포괄손익-공정가치 0 0
코엔텍 029960 당기손익인식공정가치측정금융자산 0 0
코엔텍 029960 종속회사투자 0 0
코엔텍 029960 관계회사투자 0 0
코엔텍 029960 렌탈자산 0 0
코엔텍 029960 유형자산 79,904,502,126 83,171,459,100
코엔텍 029960 무형자산 384,050,850 2,149,410,850
코엔텍 029960 기타비유동금융자산 1,935,967,814 1,975,967,814
코엔텍 029960 기타비유동자산 980,276,340 995,530,810
코엔텍 029960 사용권자산 0 0
코엔텍 029960 이연법인세자산 2,165,707,267 1,798,950,467
코엔텍 029960 자산총계 183,118,045,438 160,299,246,550
코엔텍 029960 유동부채 14,371,378,881 13,553,049,828
코엔텍 029960 단기매입채무 0 0
코엔텍 029960 단기차입금 0 0
코엔텍 029960 유동성장기차입금 2,567,610,000 1,071,800,000
코엔텍 029960 유동성사채 0 0
코엔텍 029960 기타유동금융부채 4,525,518,244 4,400,949,191
코엔텍 029960 기타유동부채 2,045,194,388 1,740,307,787
코엔텍 029960 당기법인세부채 3,451,442,918 3,164,586,375
코엔텍 029960 유동리스부채 0 0
코엔텍 029960 비유동부채 31,615,407,741 32,901,829,646
코엔텍 029960 사채 0 0
코엔텍 029960 장기차입금 24,309,390,000 25,805,200,000
코엔텍 029960 기타비유동금융부채 0 0
코엔텍 029960 이연법인세부채 0 0
코엔텍 029960 비유동리스부채 0 0
코엔텍 029960 부채총계 45,986,786,622 46,454,879,474
코엔텍 029960 자본금 25,000,000,000 25,000,000,000
코엔텍 029960 자본잉여금 0 0
코엔텍 029960 자본조정 0 0
코엔텍 029960 기타포괄손익누계액 0 0
코엔텍 029960 이익잉여금(결손금) 0 0
코엔텍 029960 자본총계 137,131,258,816 113,844,367,076
코엔텍 029960 자본과부채총계 183,118,045,438 160,299,246,550
date : 2018-09-30
코엔텍 029960 유동자산 93,777,817,072 58,505,500,252
코엔텍 029960 현금및현금성자산 84,992,885,038 45,898,023,726
코엔텍 029960 매출채권 7,949,276,803 7,669,479,318
코엔텍 029960 재고자산 56,774,287 38,235,914
코엔텍 029960 기타유동금융자산 210,493,171 155,845,929
코엔텍 029960 기타유동자산 548,412,773 507,250,365
코엔텍 029960 매각예정비유동자산 0 0
코엔텍 029960 비유동자산 95,191,104,730 101,793,746,298
코엔텍 029960 장기금융상품 4,500,000 4,500,000
코엔텍 029960 기타포괄손익-공정가치 0 0
코엔텍 029960 당기손익인식공정가치측정금융자산 0 0
코엔텍 029960 종속회사투자 0 0
코엔텍 029960 관계회사투자 0 0
코엔텍 029960 렌탈자산 0 0
코엔텍 029960 유형자산 77,941,668,218 83,171,459,100
코엔텍 029960 무형자산 236,081,850 2,149,410,850
코엔텍 029960 기타비유동금융자산 1,916,834,636 1,975,967,814
코엔텍 029960 기타비유동자산 972,522,687 995,530,810
코엔텍 029960 사용권자산 0 0
코엔텍 029960 이연법인세자산 2,422,910,082 1,798,950,467
코엔텍 029960 자산총계 188,968,921,802 160,299,246,550
코엔텍 029960 유동부채 15,558,666,719 13,553,049,828
코엔텍 029960 단기매입채무 0 0
코엔텍 029960 단기차입금 0 0
코엔텍 029960 유동성장기차입금 2,991,380,000 1,071,800,000
코엔텍 029960 유동성사채 0 0
코엔텍 029960 기타유동금융부채 3,934,360,993 4,400,949,191
코엔텍 029960 기타유동부채 1,885,947,026 1,740,307,787
코엔텍 029960 당기법인세부채 4,796,675,192 3,164,586,375
코엔텍 029960 유동리스부채 0 0
코엔텍 029960 비유동부채 30,782,430,395 32,901,829,646
코엔텍 029960 사채 0 0
코엔텍 029960 장기차입금 23,349,520,000 25,805,200,000
코엔텍 029960 기타비유동금융부채 0 0
코엔텍 029960 이연법인세부채 0 0
코엔텍 029960 비유동리스부채 0 0
코엔텍 029960 부채총계 46,341,097,114 46,454,879,474
코엔텍 029960 자본금 25,000,000,000 25,000,000,000
코엔텍 029960 자본잉여금 0 0
코엔텍 029960 자본조정 0 0
코엔텍 029960 기타포괄손익누계액 0 0
코엔텍 029960 이익잉여금(결손금) 0 0
코엔텍 029960 자본총계 142,627,824,688 113,844,367,076
코엔텍 029960 자본과부채총계 188,968,921,802 160,299,246,550
date : 2018-12-31
코엔텍 029960 유동자산 113,495,246,106 58,505,500,252
코엔텍 029960 현금및현금성자산 92,611,817,947 45,898,023,726
코엔텍 029960 매출채권 8,131,238,276 7,669,479,318
코엔텍 029960 재고자산 46,091,998 38,235,914
코엔텍 029960 기타유동금융자산 242,128,752 155,845,929
코엔텍 029960 기타유동자산 271,099,394 507,250,365
코엔텍 029960 매각예정비유동자산 11,667,902,257 0
코엔텍 029960 비유동자산 81,824,164,523 101,793,746,298
코엔텍 029960 장기금융상품 4,500,000 4,500,000
코엔텍 029960 기타포괄손익-공정가치 금융자산 29,595,000
코엔텍 029960 당기손익인식공정가치측정금융자산 0 0
코엔텍 029960 종속회사투자 0 0
코엔텍 029960 관계회사투자 0 0
코엔텍 029960 렌탈자산 0 0
코엔텍 029960 유형자산 75,990,043,523 83,171,459,100
코엔텍 029960 무형자산 236,081,850 2,149,410,850
코엔텍 029960 기타비유동금융자산 1,916,834,636 1,975,967,814
코엔텍 029960 기타비유동자산 964,769,034 995,530,810
코엔텍 029960 사용권자산 0 0
코엔텍 029960 이연법인세자산 2,682,340,480 1,798,950,467
코엔텍 029960 자산총계 195,319,410,629 160,299,246,550
코엔텍 029960 유동부채 16,908,894,742 13,553,049,828
코엔텍 029960 단기매입채무 0 0
코엔텍 029960 단기차입금 0 0
코엔텍 029960 유동성장기차입금 3,415,550,000 1,071,800,000
코엔텍 029960 유동성사채 0 0
코엔텍 029960 기타유동금융부채 3,550,701,119 4,400,949,191
코엔텍 029960 기타유동부채 2,337,454,095 1,740,307,787
코엔텍 029960 당기법인세부채 5,755,625,543 3,164,586,375
코엔텍 029960 유동리스부채 0 0
코엔텍 029960 비유동부채 29,666,798,556 32,901,829,646
코엔텍 029960 사채 0 0
코엔텍 029960 장기차입금 22,389,650,000 25,805,200,000
코엔텍 029960 기타비유동금융부채 0 0
코엔텍 029960 이연법인세부채 0 0
코엔텍 029960 비유동리스부채 0 0
코엔텍 029960 부채총계 46,575,693,298 46,454,879,474
코엔텍 029960 자본금 25,000,000,000 25,000,000,000
코엔텍 029960 자본잉여금 0 0
코엔텍 029960 자본조정 0 0
코엔텍 029960 기타포괄손익누계액 0 0
코엔텍 029960 이익잉여금(결손금) 122,464,887,331 87,565,537,076
코엔텍 029960 자본총계 148,743,717,331 113,844,367,076
코엔텍 029960 자본과부채총계 195,319,410,629 160,299,246,550
date : 2019-03-31
코엔텍 029960 유동자산 123,902,683,297 114,519,286,512
코엔텍 029960 현금및현금성자산 113,634,414,682 92,611,817,947
코엔텍 029960 매출채권 9,101,508,660 8,102,309,122
코엔텍 029960 재고자산 50,793,937 46,091,998
코엔텍 029960 기타유동금융자산 311,625,184 242,128,752
코엔텍 029960 기타유동자산 404,837,932 271,099,394
코엔텍 029960 매각예정비유동자산 0 12,720,871,817
코엔텍 029960 비유동자산 81,621,531,203 81,824,164,523
코엔텍 029960 장기금융상품 4,500,000 4,500,000
코엔텍 029960 기타포괄손익-공정가치 측정 금융자산
코엔텍 029960 당기손익인식공정가치측정금융자산 0 0
코엔텍 029960 종속회사투자 0 0
코엔텍 029960 관계회사투자 0 0
코엔텍 029960 렌탈자산 0 0
코엔텍 029960 유형자산 75,794,465,297 75,990,043,523
코엔텍 029960 무형자산 236,081,850 236,081,850
코엔텍 029960 기타비유동금융자산 1,916,834,636 1,916,834,636
코엔텍 029960 기타비유동자산 957,183,940 964,769,034
코엔텍 029960 사용권자산 0 0
코엔텍 029960 이연법인세자산 2,682,340,480 2,682,340,480
코엔텍 029960 자산총계 205,524,214,500 196,343,451,035
코엔텍 029960 유동부채 39,274,478,936 17,990,272,908
코엔텍 029960 단기매입채무 0 0
코엔텍 029960 단기차입금 0 0
코엔텍 029960 유동성장기차입금 3,839,720,000 3,415,550,000
코엔텍 029960 유동성사채 0 0
코엔텍 029960 기타유동금융부채 23,567,063,223 3,550,701,119
코엔텍 029960 기타유동부채 1,736,706,672 2,337,454,095
코엔텍 029960 당기법인세부채 8,173,063,461 5,755,625,543
코엔텍 029960 유동리스부채 0 0
코엔텍 029960 비유동부채 28,849,389,978 29,666,798,556
코엔텍 029960 사채 0 0
코엔텍 029960 장기차입금 21,429,780,000 22,389,650,000
코엔텍 029960 기타비유동금융부채 0 0
코엔텍 029960 이연법인세부채 0 0
코엔텍 029960 비유동리스부채 0 0
코엔텍 029960 부채총계 68,123,868,914 47,657,071,464
코엔텍 029960 자본금 25,000,000,000 25,000,000,000
코엔텍 029960 자본잉여금 0 0
코엔텍 029960 자본조정 0 0
코엔텍 029960 기타포괄손익누계액 0 0
코엔텍 029960 이익잉여금(결손금) 0 0
코엔텍 029960 자본총계 137,400,345,586 148,686,379,571
코엔텍 029960 자본과부채총계 205,524,214,500 196,343,451,035
