date : 2019-03-31
드래곤플라이 030350 유동자산 12,324,961,435 12,552,518,651
드래곤플라이 030350 현금및현금성자산 3,147,652,324 10,671,856,110
드래곤플라이 030350 매출채권 및 기타유동채권
드래곤플라이 030350 기타유동자산 1,452,195,939 978,073,093
드래곤플라이 030350 비유동자산 9,140,401,369 7,343,404,026
드래곤플라이 030350 유형자산 2,736,132,613 1,169,554,820
드래곤플라이 030350 무형자산 1,642,986,248 1,393,426,706
드래곤플라이 030350 자산총계 21,465,362,804 19,895,922,677
드래곤플라이 030350 유동부채 3,328,236,253 1,313,902,102
드래곤플라이 030350 기타유동부채 674,233,133 24,838,810
드래곤플라이 030350 비유동부채 903,880,481 478,265,634
드래곤플라이 030350 부채총계 4,232,116,734 1,792,167,736
드래곤플라이 030350 자본금 8,004,245,500 8,004,245,500
드래곤플라이 030350 자본잉여금 17,210,692,065 34,585,308,066
드래곤플라이 030350 기타포괄손익누계액 29,060,224 29,060,224
드래곤플라이 030350 이익잉여금(결손금) -870,508,871 -17,374,616,001
드래곤플라이 030350 자본총계 17,233,246,070 18,103,754,941
드래곤플라이 030350 자본과부채총계 21,465,362,804 19,895,922,677
