date : 2019-03-31
에스에이엠티 031330 유동자산 231,770,242,778 217,086,755,382
에스에이엠티 031330 현금및현금성자산 7,251,897,658 761,452,832
에스에이엠티 031330 매출채권 및 기타수취채권
에스에이엠티 031330 재고자산 80,072,368,068 111,960,292,387
에스에이엠티 031330 기타유동자산 6,112,802,175 6,511,488,897
에스에이엠티 031330 비유동자산 65,849,088,238 67,191,843,988
에스에이엠티 031330 장기금융상품 871,206,687 824,403,113
에스에이엠티 031330 유형자산 12,945,828,562 13,001,026,158
에스에이엠티 031330 무형자산 3,829,489,510 3,829,489,510
에스에이엠티 031330 기타비유동자산 59,837,905 62,888,815
에스에이엠티 031330 이연법인세자산 8,932,384,318 9,137,938,570
에스에이엠티 031330 자산총계 297,619,331,016 284,278,599,370
에스에이엠티 031330 유동부채 121,610,251,054 104,687,092,766
에스에이엠티 031330 단기차입금 45,000,000,000 44,000,000,000
에스에이엠티 031330 당기법인세부채 5,812,932,001 3,690,442,788
에스에이엠티 031330 기타유동부채 720,196,740 460,312,235
에스에이엠티 031330 비유동부채 2,774,137,554 2,694,579,109
에스에이엠티 031330 부채총계 124,384,388,608 107,381,671,875
에스에이엠티 031330 자본금 49,997,533,500 49,997,533,500
에스에이엠티 031330 자본총계 173,234,942,408 176,896,927,495
에스에이엠티 031330 자본과부채총계 297,619,331,016 284,278,599,370
