date : 2019-03-31
아즈텍WB 032080 유동자산 65,435,178,916 70,335,434,374
아즈텍WB 032080 현금및현금성자산 5,414,947,486 3,749,008,309
아즈텍WB 032080 매출채권 및 기타유동채권
아즈텍WB 032080 재고자산 19,539,345,634 19,338,040,303
아즈텍WB 032080 기타유동금융자산 26,708,870,831 34,417,750,675
아즈텍WB 032080 기타유동자산 1,352,512,076 1,084,314,480
아즈텍WB 032080 비유동자산 44,598,311,190 35,602,594,943
아즈텍WB 032080 유형자산 17,563,965,438 17,564,419,071
아즈텍WB 032080 무형자산 316,382,373 257,602,094
아즈텍WB 032080 기타비유동금융자산 23,070,982,771 14,090,429,054
아즈텍WB 032080 이연법인세자산 2,498,052,358 2,498,052,358
아즈텍WB 032080 자산총계 110,033,490,106 105,938,029,317
아즈텍WB 032080 유동부채 17,619,335,690 13,506,324,830
아즈텍WB 032080 단기매입채무 881,053,416 1,591,311,325
아즈텍WB 032080 단기차입금 10,581,180,524 6,557,229,372
아즈텍WB 032080 유동성장기차입금 2,209,532,000 2,200,912,000
아즈텍WB 032080 기타유동금융부채 1,538,718,992 1,398,165,723
아즈텍WB 032080 기타유동부채 2,408,850,758 1,758,706,410
아즈텍WB 032080 비유동부채 1,119,933,357 1,753,427,000
아즈텍WB 032080 장기차입금 1,200,314,000 1,753,427,000
아즈텍WB 032080 부채총계 18,739,269,047 15,259,751,830
아즈텍WB 032080 자본금 10,458,342,000 10,458,342,000
아즈텍WB 032080 이익잉여금(결손금) 62,434,810,678 61,818,867,106
아즈텍WB 032080 자본총계 91,294,221,059 90,678,277,487
아즈텍WB 032080 자본과부채총계 110,033,490,106 105,938,029,317
