date : 2015-12-31
스틸앤리소시즈 032860 유동자산 31,037,012,343 25,534,175,409
스틸앤리소시즈 032860 현금및현금성자산 820,709,312 47,798,049
스틸앤리소시즈 032860 매출채권 및 기타유동채권
스틸앤리소시즈 032860 재고자산 2,103,161,889 9,093,249,944
스틸앤리소시즈 032860 기타유동금융자산 0 0
스틸앤리소시즈 032860 기타유동자산 262,683,188 5,149,287,423
스틸앤리소시즈 032860 매각예정비유동자산 24,505,517,710 0
스틸앤리소시즈 032860 비유동자산 282,826,028 53,607,035,240
스틸앤리소시즈 032860 장기금융상품 0 0
스틸앤리소시즈 032860 기타포괄손익-공정가치 0 0
스틸앤리소시즈 032860 당기손익인식공정가치측정금융자산 0 0
스틸앤리소시즈 032860 종속회사투자 0 0
스틸앤리소시즈 032860 관계회사투자 0 0
스틸앤리소시즈 032860 렌탈자산 0 0
스틸앤리소시즈 032860 유형자산 151,370,739 31,436,404,303
스틸앤리소시즈 032860 무형자산 3,881,857 87,285,016
스틸앤리소시즈 032860 기타비유동금융자산 0 0
스틸앤리소시즈 032860 기타비유동자산 0 0
스틸앤리소시즈 032860 사용권자산 0 0
스틸앤리소시즈 032860 이연법인세자산 0 0
스틸앤리소시즈 032860 자산총계 31,319,838,371 79,141,210,649
스틸앤리소시즈 032860 유동부채 30,174,144,841 70,791,495,184
스틸앤리소시즈 032860 단기매입채무 0 0
스틸앤리소시즈 032860 단기차입금 0 49,204,116,054
스틸앤리소시즈 032860 유동성장기차입금 0 0
스틸앤리소시즈 032860 유동성사채 0 0
스틸앤리소시즈 032860 기타유동금융부채 0 0
스틸앤리소시즈 032860 기타유동부채 423,551,674 4,927,582,499
스틸앤리소시즈 032860 당기법인세부채 0 0
스틸앤리소시즈 032860 유동리스부채 0 0
스틸앤리소시즈 032860 비유동부채 16,845,530,011 10,974,209,305
스틸앤리소시즈 032860 사채 0 0
스틸앤리소시즈 032860 장기차입금 0 4,579,070,000
스틸앤리소시즈 032860 기타비유동금융부채 0 0
스틸앤리소시즈 032860 이연법인세부채 0 0
스틸앤리소시즈 032860 비유동리스부채 0 0
스틸앤리소시즈 032860 부채총계 47,019,674,852 81,765,704,489
스틸앤리소시즈 032860 자본금 8,534,929,500 37,574,167,500
스틸앤리소시즈 032860 자본잉여금 0 0
스틸앤리소시즈 032860 자본조정 0 0
스틸앤리소시즈 032860 기타포괄손익누계액 0 0
스틸앤리소시즈 032860 이익잉여금(결손금) -54,247,438,060 -70,239,757,673
스틸앤리소시즈 032860 자본총계 -15,699,836,481 -2,624,493,840
스틸앤리소시즈 032860 자본과부채총계 31,319,838,371 79,141,210,649
date : 2016-03-31
GMR 032860 유동자산 34,223,507,051 31,038,289,923
GMR 032860 현금및현금성자산 1,765,476,500 820,709,312
GMR 032860 매출채권 및 기타유동채권
GMR 032860 재고자산 1,349,468,664 2,103,161,889
GMR 032860 기타유동금융자산 0 0
GMR 032860 기타유동자산 1,675,175,105 262,683,188
GMR 032860 매각예정비유동자산 24,504,517,710 24,505,517,710
GMR 032860 비유동자산 262,260,449 282,826,028
GMR 032860 장기금융상품 0 0
GMR 032860 기타포괄손익-공정가치 0 0
GMR 032860 당기손익인식공정가치측정금융자산 0 0
GMR 032860 종속회사투자 0 0
GMR 032860 관계회사투자 0 0
GMR 032860 렌탈자산 0 0
GMR 032860 유형자산 134,887,695 151,370,739
GMR 032860 무형자산 2,902,234 3,881,857
GMR 032860 기타비유동금융자산 0 0
GMR 032860 기타비유동자산 0 0
GMR 032860 사용권자산 0 0
GMR 032860 이연법인세자산 0 0
GMR 032860 자산총계 34,485,767,500 31,321,115,951
GMR 032860 유동부채 2,878,634,284 31,242,505,727
GMR 032860 단기매입채무 0 0
GMR 032860 단기차입금 0 0
GMR 032860 유동성장기차입금 0 0
GMR 032860 유동성사채 0 0
GMR 032860 기타유동금융부채 0 0
GMR 032860 기타유동부채 1,082,781,687 1,484,963,480
GMR 032860 당기법인세부채 0 0
GMR 032860 유동리스부채 0 0
GMR 032860 비유동부채 4,752,558,353 16,855,530,011
GMR 032860 사채 0 0
GMR 032860 장기차입금 0 0
GMR 032860 기타비유동금융부채 0 0
GMR 032860 이연법인세부채 0 0
GMR 032860 비유동리스부채 0 0
GMR 032860 부채총계 7,631,192,637 48,098,035,738
GMR 032860 자본금 29,814,129,500 8,534,929,500
GMR 032860 자본잉여금 0 0
GMR 032860 자본조정 0 0
GMR 032860 기타포괄손익누계액 0 0
GMR 032860 이익잉여금(결손금) -29,007,262,256 -55,324,521,366
GMR 032860 자본총계 26,854,574,863 -16,776,919,787
GMR 032860 자본과부채총계 34,485,767,500 31,321,115,951
date : 2016-06-30
GMR 032860 유동자산 36,319,973,107 31,038,289,923
GMR 032860 현금및현금성자산 2,416,541,127 820,709,312
GMR 032860 매출채권 및 기타유동채권
GMR 032860 재고자산 1,717,745,697 2,103,161,889
GMR 032860 기타유동금융자산 0 0
GMR 032860 기타유동자산 3,801,666,557 262,683,188
GMR 032860 매각예정비유동자산 24,502,256,169 24,505,517,710
GMR 032860 비유동자산 1,139,682,534 282,826,028
GMR 032860 장기금융상품 0 0
GMR 032860 기타포괄손익-공정가치 0 0
GMR 032860 당기손익인식공정가치측정금융자산 0 0
GMR 032860 종속회사투자 0 0
GMR 032860 관계회사투자 0 0
GMR 032860 렌탈자산 0 0
GMR 032860 유형자산 110,642,133 151,370,739
GMR 032860 무형자산 1,922,611 3,881,857
GMR 032860 기타비유동금융자산 0 0
GMR 032860 기타비유동자산 0 0
GMR 032860 사용권자산 0 0
GMR 032860 이연법인세자산 0 0
GMR 032860 자산총계 37,459,655,641 31,321,115,951
GMR 032860 유동부채 6,777,952,131 31,242,505,727
GMR 032860 단기매입채무 0 0
GMR 032860 단기차입금 3,500,000,000 0
GMR 032860 유동성장기차입금 0 0
GMR 032860 유동성사채 0 0
GMR 032860 기타유동금융부채 0 0
GMR 032860 기타유동부채 1,694,507,920 1,484,963,480
GMR 032860 당기법인세부채 0 0
GMR 032860 유동리스부채 0 0
GMR 032860 비유동부채 4,234,003,976 16,855,530,011
GMR 032860 사채 0 0
GMR 032860 장기차입금 0 0
GMR 032860 기타비유동금융부채 0 0
GMR 032860 이연법인세부채 0 0
GMR 032860 비유동리스부채 0 0
GMR 032860 부채총계 11,011,956,107 48,098,035,738
GMR 032860 자본금 29,978,725,000 8,534,929,500
GMR 032860 자본잉여금 0 0
GMR 032860 자본조정 0 0
GMR 032860 기타포괄손익누계액 0 0
GMR 032860 이익잉여금(결손금) -29,573,167,365 -55,324,521,366
GMR 032860 자본총계 26,447,699,534 -16,776,919,787
GMR 032860 자본과부채총계 37,459,655,641 31,321,115,951
date : 2016-09-30
GMR 032860 유동자산 31,577,572,580 31,038,289,923
GMR 032860 현금및현금성자산 137,499,073 820,709,312
GMR 032860 매출채권 및 기타유동채권
GMR 032860 재고자산 717,294,372 2,103,161,889
GMR 032860 기타유동금융자산 0 0
GMR 032860 기타유동자산 2,168,737,747 262,683,188
GMR 032860 매각예정비유동자산 18,852,143,749 24,505,517,710
GMR 032860 비유동자산 7,887,817,789 282,826,028
GMR 032860 장기금융상품 0 0
GMR 032860 기타포괄손익-공정가치 0 0
GMR 032860 당기손익인식공정가치측정금융자산 0 0
GMR 032860 종속회사투자 0 0
GMR 032860 관계회사투자 0 0
GMR 032860 렌탈자산 0 0
GMR 032860 유형자산 4,008,312,474 151,370,739
GMR 032860 무형자산 2,654,407 3,881,857
GMR 032860 기타비유동금융자산 0 0
GMR 032860 기타비유동자산 0 0
GMR 032860 사용권자산 0 0
GMR 032860 이연법인세자산 0 0
GMR 032860 자산총계 39,465,390,369 31,321,115,951
GMR 032860 유동부채 8,616,720,915 31,242,505,727
GMR 032860 단기매입채무 0 0
GMR 032860 단기차입금 6,200,000,000 0
GMR 032860 유동성장기차입금 0 0
GMR 032860 유동성사채 0 0
GMR 032860 기타유동금융부채 0 0
GMR 032860 기타유동부채 1,109,743,219 1,484,963,480
GMR 032860 당기법인세부채 0 0
GMR 032860 유동리스부채 0 0
GMR 032860 비유동부채 4,283,655,840 16,855,530,011
GMR 032860 사채 0 0
GMR 032860 장기차입금 0 4,579,070,000
GMR 032860 기타비유동금융부채 0 0
GMR 032860 이연법인세부채 0 0
GMR 032860 비유동리스부채 0 0
GMR 032860 부채총계 12,900,376,755 48,098,035,738
GMR 032860 자본금 29,978,725,000 8,534,929,500
GMR 032860 자본잉여금 0 0
GMR 032860 자본조정 0 0
GMR 032860 기타포괄손익누계액 0 0
GMR 032860 이익잉여금(결손금) -29,451,507,845 -55,324,521,366
GMR 032860 자본총계 26,565,013,614 -16,776,919,787
GMR 032860 자본과부채총계 39,465,390,369 31,321,115,951
date : 2016-12-31
GMR 032860 유동자산 31,092,646,908 31,037,012,343
GMR 032860 현금및현금성자산 1,936,367,244 820,709,312
GMR 032860 매출채권 및 기타유동채권
GMR 032860 재고자산 334,748,270 2,103,161,889
GMR 032860 기타유동금융자산 0 0
GMR 032860 기타유동자산 201,607,879 262,683,188
GMR 032860 매각예정비유동자산 16,093,022,004 24,505,517,710
GMR 032860 비유동자산 7,566,597,969 282,826,028
GMR 032860 장기금융상품 0 0
GMR 032860 기타포괄손익-공정가치 0 0
GMR 032860 당기손익인식공정가치측정금융자산 0 0
GMR 032860 종속회사투자 0 0
GMR 032860 관계회사투자 0 0
GMR 032860 렌탈자산 0 0
GMR 032860 유형자산 3,974,893,390 151,370,739
GMR 032860 무형자산 1,759,271 3,881,857
GMR 032860 기타비유동금융자산 0 0
GMR 032860 기타비유동자산 0 0
GMR 032860 사용권자산 0 0
GMR 032860 이연법인세자산 0 0
GMR 032860 자산총계 38,659,244,877 31,319,838,371
GMR 032860 유동부채 10,350,564,931 30,174,144,841
GMR 032860 단기매입채무 0 0
GMR 032860 단기차입금 9,494,716,914 0
GMR 032860 유동성장기차입금 0 0
GMR 032860 유동성사채 0 0
GMR 032860 기타유동금융부채 0 0
GMR 032860 기타유동부채 89,330,343 423,551,674
GMR 032860 당기법인세부채 0 0
GMR 032860 유동리스부채 0 0
GMR 032860 비유동부채 4,628,678,914 16,845,530,011
GMR 032860 사채 0 0
GMR 032860 장기차입금 0 0
GMR 032860 기타비유동금융부채 0 0
GMR 032860 이연법인세부채 0 0
GMR 032860 비유동리스부채 0 0
GMR 032860 부채총계 14,979,243,845 47,019,674,852
GMR 032860 자본금 29,979,420,000 8,534,929,500
GMR 032860 자본잉여금 0 0
GMR 032860 자본조정 0 0
GMR 032860 기타포괄손익누계액 0 0
GMR 032860 이익잉여금(결손금) -32,336,965,427 -54,247,438,060
GMR 032860 자본총계 23,680,001,032 -15,699,836,481
GMR 032860 자본과부채총계 38,659,244,877 31,319,838,371
date : 2017-03-31
GMR 032860 유동자산 27,699,123,013 31,092,646,908
GMR 032860 현금및현금성자산 2,860,769,375 1,936,367,244
GMR 032860 매출채권 및 기타유동채권
GMR 032860 재고자산 272,208,350 334,748,270
GMR 032860 기타유동금융자산 0 0
GMR 032860 기타유동자산 184,405,679 201,607,879
GMR 032860 매각예정비유동자산 14,019,022,004 16,093,022,004
GMR 032860 비유동자산 7,455,635,481 7,566,597,969
GMR 032860 장기금융상품 0 0
GMR 032860 기타포괄손익-공정가치 0 0
GMR 032860 당기손익인식공정가치측정금융자산 0 0
GMR 032860 종속회사투자 0 0
GMR 032860 관계회사투자 0 0
GMR 032860 렌탈자산 0 0
GMR 032860 유형자산 3,950,312,867 3,974,893,390
GMR 032860 무형자산 1,594,760 1,759,271
GMR 032860 기타비유동금융자산 0 0
GMR 032860 기타비유동자산 0 0
GMR 032860 사용권자산 0 0
GMR 032860 이연법인세자산 0 0
GMR 032860 자산총계 35,154,758,494 38,659,244,877
GMR 032860 유동부채 6,509,412,759 10,350,564,931
GMR 032860 단기매입채무 0 0
GMR 032860 단기차입금 5,900,000,000 9,494,716,914
GMR 032860 유동성장기차입금 0 0
GMR 032860 유동성사채 0 0
GMR 032860 기타유동금융부채 0 0
GMR 032860 기타유동부채 73,253,951 89,330,343
GMR 032860 당기법인세부채 0 0
GMR 032860 유동리스부채 0 0
GMR 032860 비유동부채 2,804,977,066 4,628,678,914
GMR 032860 사채 0 0
GMR 032860 장기차입금 0 0
GMR 032860 기타비유동금융부채 0 0
GMR 032860 이연법인세부채 0 0
GMR 032860 비유동리스부채 0 0
GMR 032860 부채총계 9,314,389,825 14,979,243,845
GMR 032860 자본금 31,879,420,000 29,979,420,000
GMR 032860 자본잉여금 0 0
GMR 032860 자본조정 0 0
GMR 032860 기타포괄손익누계액 0 0
GMR 032860 이익잉여금(결손금) -32,147,945,688 -32,336,965,427
GMR 032860 자본총계 25,840,368,669 23,680,001,032
GMR 032860 자본과부채총계 35,154,758,494 38,659,244,877
date : 2017-06-30
GMR 032860 유동자산 29,663,047,724 31,092,646,908
GMR 032860 현금및현금성자산 3,583,658,733 1,936,367,244
GMR 032860 매출채권 및 기타유동채권
GMR 032860 재고자산 305,374,982 334,748,270
GMR 032860 기타유동금융자산 0 0
GMR 032860 기타유동자산 88,858,975 201,607,879
GMR 032860 매각예정비유동자산 11,115,036,032 16,093,022,004
GMR 032860 비유동자산 7,489,803,506 7,566,597,969
GMR 032860 장기금융상품 0 0
GMR 032860 기타포괄손익-공정가치 0 0
GMR 032860 당기손익인식공정가치측정금융자산 0 0
GMR 032860 종속회사투자 0 0
GMR 032860 관계회사투자 0 0
GMR 032860 렌탈자산 0 0
GMR 032860 유형자산 3,922,297,877 3,974,893,390
GMR 032860 무형자산 1,474,139 1,759,271
GMR 032860 기타비유동금융자산 0 0
GMR 032860 기타비유동자산 0 0
GMR 032860 사용권자산 0 0
GMR 032860 이연법인세자산 0 0
GMR 032860 자산총계 37,152,851,230 38,659,244,877
GMR 032860 유동부채 8,662,080,789 10,350,564,931
GMR 032860 단기매입채무 0 0
GMR 032860 단기차입금 5,863,608,045 9,494,716,914
GMR 032860 유동성장기차입금 0 0
GMR 032860 유동성사채 0 0
GMR 032860 기타유동금융부채 0 0
GMR 032860 기타유동부채 67,146,490 89,330,343
GMR 032860 당기법인세부채 0 0
GMR 032860 유동리스부채 0 0
GMR 032860 비유동부채 2,745,034,995 4,628,678,914
GMR 032860 사채 0 0
GMR 032860 장기차입금 0 0
GMR 032860 기타비유동금융부채 0 0
GMR 032860 이연법인세부채 0 0
GMR 032860 비유동리스부채 0 0
GMR 032860 부채총계 11,407,115,784 14,979,243,845
GMR 032860 자본금 31,879,420,000 29,979,420,000
GMR 032860 자본잉여금 0 0
GMR 032860 자본조정 0 0
GMR 032860 기타포괄손익누계액 0 0
GMR 032860 이익잉여금(결손금) -32,231,096,511 -32,336,965,427
GMR 032860 자본총계 25,745,735,446 23,680,001,032
GMR 032860 자본과부채총계 37,152,851,230 38,659,244,877
date : 2017-09-30
GMR 032860 유동자산 26,789,211,578 31,092,646,908
GMR 032860 현금및현금성자산 6,510,545,662 1,936,367,244
GMR 032860 매출채권 및 기타유동채권
GMR 032860 재고자산 272,208,350 334,748,270
GMR 032860 기타유동금융자산 0 0
GMR 032860 기타유동자산 88,342,507 201,607,879
GMR 032860 매각예정비유동자산 11,106,969,363 16,093,022,004
GMR 032860 비유동자산 7,436,538,259 7,566,597,969
GMR 032860 장기금융상품 0 0
GMR 032860 기타포괄손익-공정가치 0 0
GMR 032860 당기손익인식공정가치측정금융자산 0 0
GMR 032860 종속회사투자 0 0
GMR 032860 관계회사투자 0 0
GMR 032860 렌탈자산 0 0
GMR 032860 유형자산 3,894,282,887 3,974,893,390
GMR 032860 무형자산 1,353,518 1,759,271
GMR 032860 기타비유동금융자산 0 0
GMR 032860 기타비유동자산 0 0
GMR 032860 사용권자산 0 0
GMR 032860 이연법인세자산 0 0
GMR 032860 자산총계 34,225,749,837 38,659,244,877
GMR 032860 유동부채 5,570,092,659 10,350,564,931
GMR 032860 단기매입채무 0 0
GMR 032860 단기차입금 4,702,027,079 9,494,716,914
GMR 032860 유동성장기차입금 0 0
GMR 032860 유동성사채 0 0
GMR 032860 기타유동금융부채 0 0
GMR 032860 기타유동부채 49,742,982 89,330,343
GMR 032860 당기법인세부채 0 0
GMR 032860 유동리스부채 0 0
GMR 032860 비유동부채 2,792,385,008 4,628,678,914
GMR 032860 사채 0 0
GMR 032860 장기차입금 0 0
GMR 032860 기타비유동금융부채 0 0
GMR 032860 이연법인세부채 0 0
GMR 032860 비유동리스부채 0 0
GMR 032860 부채총계 8,362,477,667 14,979,243,845
GMR 032860 자본금 31,879,420,000 29,979,420,000
GMR 032860 자본잉여금 0 0
GMR 032860 자본조정 0 0
GMR 032860 기타포괄손익누계액 0 0
GMR 032860 이익잉여금(결손금) 0 0
GMR 032860 자본총계 25,863,272,170 23,680,001,032
GMR 032860 자본과부채총계 34,225,749,837 38,659,244,877
date : 2017-12-31
GMR 032860 유동자산 24,460,303,562 31,092,646,908
GMR 032860 현금및현금성자산 4,587,864,128 1,936,367,244
GMR 032860 매출채권 및 기타유동채권
GMR 032860 재고자산 47,094,258 334,748,270
GMR 032860 기타유동금융자산 0 0
GMR 032860 기타유동자산 268,794,197 201,607,879
GMR 032860 매각예정비유동자산 9,516,654,003 16,093,022,004
GMR 032860 비유동자산 6,485,280,145 7,566,597,969
GMR 032860 장기금융상품 0 0
GMR 032860 기타포괄손익-공정가치 0 0
GMR 032860 당기손익인식공정가치측정금융자산 0 0
GMR 032860 종속회사투자 0 0
GMR 032860 관계회사투자 0 0
GMR 032860 렌탈자산 0 0
GMR 032860 유형자산 3,866,264,894 3,974,893,390
GMR 032860 무형자산 1,232,897 1,759,271
GMR 032860 기타비유동금융자산 0 0
GMR 032860 기타비유동자산 0 0
GMR 032860 사용권자산 0 0
GMR 032860 이연법인세자산 0 0
GMR 032860 자산총계 30,945,583,707 38,659,244,877
GMR 032860 유동부채 2,342,116,719 10,350,564,931
GMR 032860 단기매입채무 0 0
GMR 032860 단기차입금 1,320,000,000 9,494,716,914
GMR 032860 유동성장기차입금 0 0
GMR 032860 유동성사채 0 0
GMR 032860 기타유동금융부채 0 0
GMR 032860 기타유동부채 58,906,898 89,330,343
GMR 032860 당기법인세부채 0 0
GMR 032860 유동리스부채 0 0
GMR 032860 비유동부채 700,352,404 4,628,678,914
GMR 032860 사채 0 0
GMR 032860 장기차입금 0 0
GMR 032860 기타비유동금융부채 0 0
GMR 032860 이연법인세부채 0 0
GMR 032860 비유동리스부채 0 0
GMR 032860 부채총계 3,042,469,123 14,979,243,845
GMR 032860 자본금 33,779,420,000 29,979,420,000
GMR 032860 자본잉여금 0 0
GMR 032860 자본조정 0 0
GMR 032860 기타포괄손익누계액 0 0
GMR 032860 이익잉여금(결손금) 0 0
GMR 032860 자본총계 27,903,114,584 23,680,001,032
GMR 032860 자본과부채총계 30,945,583,707 38,659,244,877
date : 2018-03-31
GMR 032860 유동자산 22,903,417,481 24,460,303,562
GMR 032860 현금및현금성자산 2,661,636,124 4,587,864,128
GMR 032860 매출채권 및 기타유동채권
GMR 032860 재고자산 673,482,645 47,094,258
GMR 032860 기타유동금융자산 0 0
GMR 032860 기타유동자산 268,131,957 268,794,197
GMR 032860 매각예정비유동자산 9,514,426,483 9,516,654,003
GMR 032860 비유동자산 8,107,365,348 6,485,280,145
GMR 032860 장기금융상품 0 0
GMR 032860 기타포괄손익-공정가치 0 0
GMR 032860 당기손익인식공정가치측정금융자산 0 0
GMR 032860 종속회사투자 0 0
GMR 032860 관계회사투자 0 0
GMR 032860 렌탈자산 0 0
GMR 032860 유형자산 3,843,181,844 3,866,264,894
GMR 032860 무형자산 30,702,415 1,232,897
GMR 032860 기타비유동금융자산 0 0
GMR 032860 기타비유동자산 0 0
GMR 032860 사용권자산 0 0
GMR 032860 이연법인세자산 0 0
GMR 032860 자산총계 31,010,782,829 30,945,583,707
GMR 032860 유동부채 2,771,914,555 2,342,116,719
GMR 032860 단기매입채무 0 0
GMR 032860 단기차입금 700,000,000 1,320,000,000
GMR 032860 유동성장기차입금 0 0
GMR 032860 유동성사채 0 0
GMR 032860 기타유동금융부채 0 0
GMR 032860 기타유동부채 82,200,830 58,906,898
GMR 032860 당기법인세부채 0 0
GMR 032860 유동리스부채 0 0
GMR 032860 비유동부채 719,957,885 700,352,404
GMR 032860 사채 0 0
GMR 032860 장기차입금 0 0
GMR 032860 기타비유동금융부채 0 0
GMR 032860 이연법인세부채 0 0
GMR 032860 비유동리스부채 0 0
GMR 032860 부채총계 3,491,872,440 3,042,469,123
GMR 032860 자본금 33,779,420,000 33,779,420,000
GMR 032860 자본잉여금 0 0
GMR 032860 자본조정 0 0
GMR 032860 기타포괄손익누계액 0 0
GMR 032860 이익잉여금(결손금) 0 0
GMR 032860 자본총계 27,518,910,389 27,903,114,584
GMR 032860 자본과부채총계 31,010,782,829 30,945,583,707
date : 2018-06-30
GMR 032860 유동자산 19,729,496,337 24,460,303,562
GMR 032860 현금및현금성자산 1,097,746,966 4,587,864,128
GMR 032860 매출채권 및 기타채권
GMR 032860 재고자산 895,950,371 47,094,258
GMR 032860 기타유동금융자산 0 0
GMR 032860 기타유동자산 1,364,267,652 268,794,197
GMR 032860 매각예정비유동자산 9,514,426,483 9,516,654,003
GMR 032860 비유동자산 9,283,542,103 6,485,280,145
GMR 032860 장기금융상품 0 0
GMR 032860 기타포괄손익-공정가치 0 0
GMR 032860 당기손익인식공정가치측정금융자산 0 0
GMR 032860 종속회사투자 0 0
GMR 032860 관계회사투자 0 0
GMR 032860 렌탈자산 0 0
GMR 032860 유형자산 3,843,531,881 3,866,264,894
GMR 032860 무형자산 30,731,023 1,232,897
GMR 032860 기타비유동금융자산 0 0
GMR 032860 기타비유동자산 0 0
GMR 032860 사용권자산 0 0
GMR 032860 이연법인세자산 0 0
GMR 032860 자산총계 29,013,038,440 30,945,583,707
GMR 032860 유동부채 1,201,008,743 2,342,116,719
GMR 032860 단기매입채무 0 0
GMR 032860 단기차입금 700,000,000 1,320,000,000
GMR 032860 유동성장기차입금 0 0
GMR 032860 유동성사채 0 0
GMR 032860 기타유동금융부채 0 0
GMR 032860 기타유동부채 211,115,606 58,906,898
GMR 032860 당기법인세부채 0 0
GMR 032860 유동리스부채 0 0
GMR 032860 비유동부채 656,128,389 700,352,404
GMR 032860 사채 0 0
GMR 032860 장기차입금 0 0
GMR 032860 기타비유동금융부채 0 0
GMR 032860 이연법인세부채 0 0
GMR 032860 비유동리스부채 0 0
GMR 032860 부채총계 1,857,137,132 3,042,469,123
GMR 032860 자본금 33,779,420,000 33,779,420,000
GMR 032860 자본잉여금 0 0
GMR 032860 자본조정 0 0
GMR 032860 기타포괄손익누계액 0 0
GMR 032860 이익잉여금(결손금) 0 0
GMR 032860 자본총계 27,155,901,308 27,903,114,584
GMR 032860 자본과부채총계 29,013,038,440 30,945,583,707
date : 2018-09-30
GMR 032860 유동자산 16,011,336,208 24,460,303,562
GMR 032860 현금및현금성자산 603,819,118 4,587,864,128
GMR 032860 매출채권 및 기타채권
GMR 032860 재고자산 915,775,684 47,094,258
GMR 032860 기타유동금융자산 0 0
GMR 032860 기타유동자산 365,314,568 268,794,197
GMR 032860 매각예정비유동자산 7,904,081,096 9,516,654,003
GMR 032860 비유동자산 20,306,939,108 6,485,280,145
GMR 032860 장기금융상품 0 0
GMR 032860 기타포괄손익-공정가치 0 0
GMR 032860 당기손익인식공정가치측정금융자산 0 0
GMR 032860 종속회사투자 0 0
GMR 032860 관계회사투자 0 0
GMR 032860 렌탈자산 0 0
GMR 032860 유형자산 3,817,712,878 3,866,264,894
GMR 032860 무형자산 30,218,394 1,232,897
GMR 032860 기타비유동금융자산 0 0
GMR 032860 기타비유동자산 0 0
GMR 032860 사용권자산 0 0
GMR 032860 이연법인세자산 0 0
GMR 032860 자산총계 36,318,275,316 30,945,583,707
GMR 032860 유동부채 10,898,697,022 2,342,116,719
GMR 032860 단기매입채무 0 0
GMR 032860 단기차입금 138,305,717 1,320,000,000
GMR 032860 유동성장기차입금 0 0
GMR 032860 유동성사채 0 0
GMR 032860 기타유동금융부채 0 0
GMR 032860 기타유동부채 1,335,125,672 58,906,898
GMR 032860 당기법인세부채 0 0
GMR 032860 유동리스부채 0 0
GMR 032860 비유동부채 746,335,613 700,352,404
GMR 032860 사채 0 0
GMR 032860 장기차입금 0 0
GMR 032860 기타비유동금융부채 0 0
GMR 032860 이연법인세부채 0 0
GMR 032860 비유동리스부채 0 0
GMR 032860 부채총계 11,645,032,635 3,042,469,123
GMR 032860 자본금 33,779,420,000 33,779,420,000
GMR 032860 자본잉여금 0 0
GMR 032860 자본조정 0 0
GMR 032860 기타포괄손익누계액 0 0
GMR 032860 이익잉여금(결손금) 0 0
GMR 032860 자본총계 24,673,242,681 27,903,114,584
GMR 032860 자본과부채총계 36,318,275,316 30,945,583,707
date : 2018-12-31
GMR 032860 유동자산 16,438,017,653 24,460,303,562
GMR 032860 현금및현금성자산 3,651,303,312 4,587,864,128
GMR 032860 매출채권 및 기타채권
GMR 032860 재고자산 598,290,020 47,094,258
GMR 032860 기타유동금융자산 0 0
GMR 032860 기타유동자산 276,453,624 268,794,197
GMR 032860 매각예정비유동자산 7,620,885,327 9,516,654,003
GMR 032860 비유동자산 18,381,272,468 6,485,280,145
GMR 032860 장기금융상품 0 0
GMR 032860 기타포괄손익-공정가치 0 0
GMR 032860 당기손익인식공정가치측정금융자산 0 0
GMR 032860 종속회사투자 0 0
GMR 032860 관계회사투자 0 0
GMR 032860 렌탈자산 0 0
GMR 032860 유형자산 2,794,208,789 3,866,264,894
GMR 032860 무형자산 27,874,515 1,232,897
GMR 032860 기타비유동금융자산 0 0
GMR 032860 기타비유동자산 0 0
GMR 032860 사용권자산 0 0
GMR 032860 이연법인세자산 0 0
GMR 032860 자산총계 34,819,290,121 30,945,583,707
GMR 032860 유동부채 17,759,713,674 2,342,116,719
GMR 032860 단기매입채무 0 0
GMR 032860 단기차입금 825,472,341 1,320,000,000
GMR 032860 유동성장기차입금 0 0
GMR 032860 유동성사채 0 0
GMR 032860 기타유동금융부채 0 0
GMR 032860 기타유동부채 20,903,241 58,906,898
GMR 032860 당기법인세부채 0 0
GMR 032860 유동리스부채 0 0
GMR 032860 비유동부채 995,842,478 700,352,404
GMR 032860 사채 0 0
GMR 032860 장기차입금 0 0
GMR 032860 기타비유동금융부채 0 0
GMR 032860 이연법인세부채 0 0
GMR 032860 비유동리스부채 0 0
GMR 032860 부채총계 18,755,556,152 3,042,469,123
GMR 032860 자본금 33,779,420,000 33,779,420,000
GMR 032860 자본잉여금 0 0
GMR 032860 자본조정 0 0
GMR 032860 기타포괄손익누계액 0 0
GMR 032860 이익잉여금(결손금) 0 0
GMR 032860 자본총계 16,063,733,969 27,903,114,584
GMR 032860 자본과부채총계 34,819,290,121 30,945,583,707
date : 2019-03-31
GMR 032860 유동자산 17,320,569,848 16,438,017,653
GMR 032860 현금및현금성자산 1,220,853,826 3,651,303,312
GMR 032860 매출채권 및 기타채권
GMR 032860 재고자산 337,459,116 598,290,020
GMR 032860 기타유동금융자산 0 0
GMR 032860 기타유동자산 217,799,106 276,453,624
GMR 032860 매각예정비유동자산 7,620,885,327 7,620,885,327
GMR 032860 비유동자산 18,377,179,114 18,381,272,468
GMR 032860 장기금융상품 0 0
GMR 032860 기타포괄손익-공정가치 0 0
GMR 032860 당기손익인식공정가치측정금융자산 0 0
GMR 032860 종속회사투자 0 0
GMR 032860 관계회사투자 0 0
GMR 032860 렌탈자산 0 0
GMR 032860 유형자산 2,790,459,358 2,794,208,789
GMR 032860 무형자산 25,530,592 27,874,515
GMR 032860 기타비유동금융자산 0 0
GMR 032860 기타비유동자산 0 0
GMR 032860 사용권자산 0 0
GMR 032860 이연법인세자산 0 0
GMR 032860 자산총계 35,697,748,962 34,819,290,121
GMR 032860 유동부채 18,868,745,490 17,759,713,674
GMR 032860 단기매입채무 0 0
GMR 032860 단기차입금 1,517,793,869 825,472,341
GMR 032860 유동성장기차입금 0 0
GMR 032860 유동성사채 0 0
GMR 032860 기타유동금융부채 0 0
GMR 032860 기타유동부채 47,910,447 20,903,241
GMR 032860 당기법인세부채 0 0
GMR 032860 유동리스부채 0 0
GMR 032860 비유동부채 969,423,488 995,842,478
GMR 032860 사채 0 0
GMR 032860 장기차입금 0 0
GMR 032860 기타비유동금융부채 0 0
GMR 032860 이연법인세부채 0 0
GMR 032860 비유동리스부채 0 0
GMR 032860 부채총계 19,838,168,978 18,755,556,152
GMR 032860 자본금 33,779,420,000 33,779,420,000
GMR 032860 자본잉여금 0 0
GMR 032860 자본조정 0 0
GMR 032860 기타포괄손익누계액 0 0
GMR 032860 이익잉여금(결손금) 0 0
GMR 032860 자본총계 15,859,579,984 16,063,733,969
GMR 032860 자본과부채총계 35,697,748,962 34,819,290,121
