date : 2015-12-31
폴리비전 032980 유동자산 13,469,291,069 10,465,504,684
폴리비전 032980 현금및현금성자산 860,992,840 206,101,773
폴리비전 032980 매출채권 3,778,156,577 1,401,883,896
폴리비전 032980 재고자산 2,166,104,261 1,996,252,213
폴리비전 032980 기타유동금융자산 12,400,000 412,400,000
폴리비전 032980 기타유동자산 4,351,025,089 3,228,452,860
폴리비전 032980 매각예정비유동자산 0 0
폴리비전 032980 비유동자산 11,719,213,520 9,673,290,047
폴리비전 032980 장기금융상품 0 0
폴리비전 032980 기타포괄손익-공정가치 0 0
폴리비전 032980 당기손익인식공정가치측정금융자산 0 0
폴리비전 032980 종속회사투자 0 0
폴리비전 032980 관계회사투자 0 0
폴리비전 032980 렌탈자산 0 0
폴리비전 032980 유형자산 5,526,986,165 5,711,760,214
폴리비전 032980 무형자산 1,025,390,519 1,022,890,519
폴리비전 032980 기타비유동금융자산 0 0
폴리비전 032980 기타비유동자산 0 0
폴리비전 032980 사용권자산 0 0
폴리비전 032980 이연법인세자산 0 0
폴리비전 032980 자산총계 25,188,504,589 20,138,794,731
폴리비전 032980 유동부채 3,367,244,173 3,744,151,163
폴리비전 032980 단기매입채무 0 0
폴리비전 032980 단기차입금 1,733,724,702 1,130,000,000
폴리비전 032980 유동성장기차입금 0 0
폴리비전 032980 유동성사채 1,363,139,497 925,010,292
폴리비전 032980 기타유동금융부채 0 0
폴리비전 032980 기타유동부채 628,425,000 579,498,870
폴리비전 032980 당기법인세부채 0 0
폴리비전 032980 유동리스부채 0 0
폴리비전 032980 비유동부채 2,268,311,667 1,161,681,425
폴리비전 032980 사채 2,135,293,437 841,178,183
폴리비전 032980 장기차입금 0 0
폴리비전 032980 기타비유동금융부채 0 0
폴리비전 032980 이연법인세부채 200,116,067 200,116,067
폴리비전 032980 비유동리스부채 0 0
폴리비전 032980 부채총계 5,635,555,840 4,905,832,588
폴리비전 032980 자본금 10,417,102,000 9,409,911,500
폴리비전 032980 자본잉여금 34,582,744,708 31,916,238,547
폴리비전 032980 자본조정 0 0
폴리비전 032980 기타포괄손익누계액 0 0
폴리비전 032980 이익잉여금(결손금) -25,008,345,035 -25,925,714,607
폴리비전 032980 자본총계 19,552,948,749 15,232,962,143
폴리비전 032980 자본과부채총계 0 0
date : 2016-03-31
바이온 032980 유동자산 17,684,765,322 13,469,291,069
바이온 032980 현금및현금성자산 139,601,189 860,992,840
바이온 032980 매출채권 4,675,888,171 3,778,156,577
바이온 032980 재고자산 2,106,963,331 2,166,104,261
바이온 032980 기타유동금융자산 12,400,000 12,400,000
바이온 032980 기타유동자산 8,439,227,777 4,351,025,089
바이온 032980 매각예정비유동자산 0 0
바이온 032980 비유동자산 11,651,433,273 11,719,213,520
바이온 032980 장기금융상품 0 0
바이온 032980 기타포괄손익-공정가치 0 0
바이온 032980 당기손익인식공정가치측정금융자산 0 0
바이온 032980 종속회사투자 0 0
바이온 032980 관계회사투자 0 0
바이온 032980 렌탈자산 0 0
바이온 032980 유형자산 5,449,205,918 5,526,986,165
바이온 032980 무형자산 1,025,390,519 1,025,390,519
바이온 032980 기타비유동금융자산 0 0
바이온 032980 기타비유동자산 0 0
바이온 032980 사용권자산 0 0
바이온 032980 이연법인세자산 0 0
바이온 032980 자산총계 29,336,198,595 25,188,504,589
바이온 032980 유동부채 3,374,712,285 3,367,244,173
바이온 032980 단기매입채무 0 0
바이온 032980 단기차입금 1,733,724,702 3,367,244,173
바이온 032980 유동성장기차입금 0 0
바이온 032980 유동성사채 1,363,139,497 1,363,139,497
바이온 032980 기타유동금융부채 0 0
바이온 032980 기타유동부채 630,253,108 628,425,000
바이온 032980 당기법인세부채 0 0
바이온 032980 유동리스부채 0 0
바이온 032980 비유동부채 3,584,126,740 2,268,311,667
바이온 032980 사채 3,450,108,510 2,135,293,437
바이온 032980 장기차입금 0 0
바이온 032980 기타비유동금융부채 0 0
바이온 032980 이연법인세부채 200,116,067 2,135,293,437
바이온 032980 비유동리스부채 0 0
바이온 032980 부채총계 6,958,839,025 5,635,555,840
바이온 032980 자본금 10,707,424,000 10,417,102,000
바이온 032980 자본잉여금 37,137,319,675 34,582,744,708
바이온 032980 자본조정 0 0
바이온 032980 기타포괄손익누계액 0 0
바이온 032980 이익잉여금(결손금) -25,028,831,181 -25,008,345,035
바이온 032980 자본총계 22,377,359,570 19,552,948,749
바이온 032980 자본과부채총계 0 0
date : 2016-06-30
바이온 032980 유동자산 17,637,106,609 13,469,291,069
바이온 032980 현금및현금성자산 477,586,077 860,992,840
바이온 032980 매출채권 5,160,991,457 3,778,156,577
바이온 032980 재고자산 1,890,742,940 2,166,104,261
바이온 032980 기타유동금융자산 12,400,000 12,400,000
바이온 032980 기타유동자산 8,361,101,801 4,351,025,089
바이온 032980 매각예정비유동자산 0 0
바이온 032980 비유동자산 16,400,537,557 11,719,213,520
바이온 032980 장기금융상품 0 0
바이온 032980 기타포괄손익-공정가치 0 0
바이온 032980 당기손익인식공정가치측정금융자산 0 0
바이온 032980 종속회사투자 0 0
바이온 032980 관계회사투자 0 0
바이온 032980 렌탈자산 0 0
바이온 032980 유형자산 5,421,310,721 5,526,986,165
바이온 032980 무형자산 2,500,000 1,025,390,519
바이온 032980 기타비유동금융자산 0 0
바이온 032980 기타비유동자산 0 0
바이온 032980 사용권자산 0 0
바이온 032980 이연법인세자산 0 0
바이온 032980 자산총계 34,037,644,166 25,188,504,589
바이온 032980 유동부채 10,883,811,650 3,367,244,173
바이온 032980 단기매입채무 0 0
바이온 032980 단기차입금 1,733,724,702 3,367,244,173
바이온 032980 유동성장기차입금 0 0
바이온 032980 유동성사채 8,683,906,710 1,363,139,497
바이온 032980 기타유동금융부채 0 0
바이온 032980 기타유동부채 604,559,048 628,425,000
바이온 032980 당기법인세부채 0 0
바이온 032980 유동리스부채 0 0
바이온 032980 비유동부채 161,376,535 2,268,311,667
바이온 032980 사채 2,135,293,437 841,178,183
바이온 032980 장기차입금 0 0
바이온 032980 기타비유동금융부채 0 0
바이온 032980 이연법인세부채 200,116,067 841,178,183
바이온 032980 비유동리스부채 0 0
바이온 032980 부채총계 11,045,188,185 5,635,555,840
바이온 032980 자본금 11,537,404,500 10,417,102,000
바이온 032980 자본잉여금 38,048,012,295 34,582,744,708
바이온 032980 자본조정 0 0
바이온 032980 기타포괄손익누계액 0 0
바이온 032980 이익잉여금(결손금) -26,154,407,890 -25,008,345,035
바이온 032980 자본총계 22,992,455,981 19,552,948,749
바이온 032980 자본과부채총계 0 0
date : 2016-09-30
바이온 032980 유동자산 14,092,984,019 13,469,291,069
바이온 032980 현금및현금성자산 305,946,656 860,992,840
바이온 032980 매출채권 4,204,278,316 3,778,156,577
바이온 032980 재고자산 2,295,883,513 2,166,104,261
바이온 032980 기타유동금융자산 12,400,000 12,400,000
바이온 032980 기타유동자산 4,512,270,594 4,351,025,089
바이온 032980 매각예정비유동자산 0 0
바이온 032980 비유동자산 29,936,046,711 11,719,213,520
바이온 032980 장기금융상품 0 0
바이온 032980 기타포괄손익-공정가치 0 0
바이온 032980 당기손익인식공정가치측정금융자산 0 0
바이온 032980 종속회사투자 0 0
바이온 032980 관계회사투자 0 0
바이온 032980 렌탈자산 0 0
바이온 032980 유형자산 5,336,993,800 5,526,986,165
바이온 032980 무형자산 2,500,000 1,025,390,519
바이온 032980 기타비유동금융자산 0 0
바이온 032980 기타비유동자산 0 0
바이온 032980 사용권자산 0 0
바이온 032980 이연법인세자산 0 0
바이온 032980 자산총계 44,029,030,730 25,188,504,589
바이온 032980 유동부채 19,921,322,307 3,367,244,173
바이온 032980 단기매입채무 0 0
바이온 032980 단기차입금 1,322,553,382 1,733,724,702
바이온 032980 유동성장기차입금 0 0
바이온 032980 유동성사채 15,869,765,293 1,363,139,497
바이온 032980 기타유동금융부채 0 0
바이온 032980 기타유동부채 666,744,428 628,425,000
바이온 032980 당기법인세부채 0 0
바이온 032980 유동리스부채 0 0
바이온 032980 비유동부채 183,530,519 2,268,311,667
바이온 032980 사채 2,135,293,437 841,178,183
바이온 032980 장기차입금 0 0
바이온 032980 기타비유동금융부채 0 0
바이온 032980 이연법인세부채 200,116,067 841,178,183
바이온 032980 비유동리스부채 0 0
바이온 032980 부채총계 20,104,852,826 5,635,555,840
바이온 032980 자본금 11,537,404,500 10,417,102,000
바이온 032980 자본잉여금 39,240,730,265 34,582,744,708
바이온 032980 자본조정 0 0
바이온 032980 기타포괄손익누계액 0 0
바이온 032980 이익잉여금(결손금) -26,415,403,937 -25,008,345,035
바이온 032980 자본총계 23,924,177,904 19,552,948,749
바이온 032980 자본과부채총계 0 0
date : 2016-12-31
바이온 032980 유동자산 14,575,163,929 13,469,291,069
바이온 032980 현금및현금성자산 1,127,702,984 860,992,840
바이온 032980 매출채권 4,561,086,390 3,778,156,577
바이온 032980 재고자산 1,247,143,429 2,166,104,261
바이온 032980 기타유동금융자산 1,014,477,920 12,400,000
바이온 032980 기타유동자산 4,331,962,490 4,351,025,089
바이온 032980 매각예정비유동자산 0 0
바이온 032980 비유동자산 28,186,452,246 11,719,213,520
바이온 032980 장기금융상품 0 0
바이온 032980 기타포괄손익-공정가치 0 0
바이온 032980 당기손익인식공정가치측정금융자산 0 0
바이온 032980 종속회사투자 0 0
바이온 032980 관계회사투자 0 0
바이온 032980 렌탈자산 0 0
바이온 032980 유형자산 5,485,211,410 5,526,986,165
바이온 032980 무형자산 2,500,000 1,025,390,519
바이온 032980 기타비유동금융자산 0 0
바이온 032980 기타비유동자산 0 0
바이온 032980 사용권자산 0 0
바이온 032980 이연법인세자산 0 0
바이온 032980 자산총계 42,761,616,175 25,188,504,589
바이온 032980 유동부채 19,516,412,639 3,367,244,173
바이온 032980 단기매입채무 0 0
바이온 032980 단기차입금 1,188,353,766 1,733,724,702
바이온 032980 유동성장기차입금 0 0
바이온 032980 유동성사채 16,066,724,081 1,363,139,497
바이온 032980 기타유동금융부채 0 0
바이온 032980 기타유동부채 364,130,118 628,425,000
바이온 032980 당기법인세부채 0 0
바이온 032980 유동리스부채 0 0
바이온 032980 비유동부채 98,151,847 2,268,311,667
바이온 032980 사채 2,135,293,437 841,178,183
바이온 032980 장기차입금 0 0
바이온 032980 기타비유동금융부채 0 0
바이온 032980 이연법인세부채 200,116,067 841,178,183
바이온 032980 비유동리스부채 0 0
바이온 032980 부채총계 19,614,564,486 5,635,555,840
바이온 032980 자본금 11,830,659,500 10,417,102,000
바이온 032980 자본잉여금 39,705,894,388 34,582,744,708
바이온 032980 자본조정 0 0
바이온 032980 기타포괄손익누계액 0 0
바이온 032980 이익잉여금(결손금) -27,950,949,275 -25,008,345,035
바이온 032980 자본총계 23,147,051,689 19,552,948,749
바이온 032980 자본과부채총계 0 0
date : 2017-03-31
바이온 032980 유동자산 16,007,929,401 14,575,163,929
바이온 032980 현금및현금성자산 132,113,201 1,127,702,984
바이온 032980 매출채권 6,390,927,282 4,561,086,390
바이온 032980 재고자산 852,517,768 1,247,143,429
바이온 032980 기타유동금융자산 12,400,000 1,014,477,920
바이온 032980 기타유동자산 5,592,639,438 4,331,962,490
바이온 032980 매각예정비유동자산 0 0
바이온 032980 비유동자산 30,272,937,084 28,186,452,246
바이온 032980 장기금융상품 0 0
바이온 032980 기타포괄손익-공정가치 0 0
바이온 032980 당기손익인식공정가치측정금융자산 0 0
바이온 032980 종속회사투자 0 0
바이온 032980 관계회사투자 0 0
바이온 032980 렌탈자산 0 0
바이온 032980 유형자산 5,879,769,248 5,485,211,410
바이온 032980 무형자산 2,500,000 2,500,000
바이온 032980 기타비유동금융자산 0 0
바이온 032980 기타비유동자산 0 0
바이온 032980 사용권자산 0 0
바이온 032980 이연법인세자산 0 0
바이온 032980 자산총계 46,280,866,485 42,761,616,175
바이온 032980 유동부채 18,733,046,885 19,516,412,639
바이온 032980 단기매입채무 0 0
바이온 032980 단기차입금 1,080,205,666 1,188,353,766
바이온 032980 유동성장기차입금 0 0
바이온 032980 유동성사채 15,037,569,373 16,066,724,081
바이온 032980 기타유동금융부채 0 0
바이온 032980 기타유동부채 571,104,243 364,130,118
바이온 032980 당기법인세부채 0 0
바이온 032980 유동리스부채 0 0
바이온 032980 비유동부채 347,385,270 98,151,847
바이온 032980 사채 2,135,293,437 98,151,847
바이온 032980 장기차입금 289,902,400 98,151,847
바이온 032980 기타비유동금융부채 0 0
바이온 032980 이연법인세부채 0 0
바이온 032980 비유동리스부채 0 0
바이온 032980 부채총계 19,080,432,155 19,614,564,486
바이온 032980 자본금 12,892,106,500 11,830,659,500
바이온 032980 자본잉여금 42,869,836,845 39,705,894,388
바이온 032980 자본조정 0 0
바이온 032980 기타포괄손익누계액 0 0
바이온 032980 이익잉여금(결손금) -28,122,956,091 -27,950,949,275
바이온 032980 자본총계 27,200,434,330 23,147,051,689
바이온 032980 자본과부채총계 0 0
date : 2017-06-30
바이온 032980 유동자산 12,286,568,083 14,575,163,929
바이온 032980 현금및현금성자산 263,770,635 1,127,702,984
바이온 032980 매출채권 3,918,025,352 4,561,086,390
바이온 032980 재고자산 359,250,165 1,247,143,429
바이온 032980 기타유동금융자산 12,400,000 1,014,477,920
바이온 032980 기타유동자산 3,703,761,101 4,331,962,490
바이온 032980 매각예정비유동자산 310,820,456 4,331,962,490
바이온 032980 비유동자산 33,311,842,094 28,186,452,246
바이온 032980 장기금융상품 0 0
바이온 032980 기타포괄손익-공정가치 0 0
바이온 032980 당기손익인식공정가치측정금융자산 0 0
바이온 032980 종속회사투자 0 0
바이온 032980 관계회사투자 0 0
바이온 032980 렌탈자산 0 0
바이온 032980 유형자산 8,001,266,258 5,485,211,410
바이온 032980 무형자산 2,500,000 2,500,000
바이온 032980 기타비유동금융자산 0 0
바이온 032980 기타비유동자산 0 0
바이온 032980 사용권자산 0 0
바이온 032980 이연법인세자산 0 0
바이온 032980 자산총계 45,598,410,177 42,761,616,175
바이온 032980 유동부채 15,536,468,826 19,516,412,639
바이온 032980 단기매입채무 0 0
바이온 032980 단기차입금 931,020,301 1,188,353,766
바이온 032980 유동성장기차입금 0 0
바이온 032980 유동성사채 13,003,142,127 16,066,724,081
바이온 032980 기타유동금융부채 0 0
바이온 032980 기타유동부채 298,994,814 364,130,118
바이온 032980 당기법인세부채 0 0
바이온 032980 유동리스부채 0 0
바이온 032980 비유동부채 2,405,261,076 98,151,847
바이온 032980 사채 0 0
바이온 032980 장기차입금 2,326,964,400 98,151,847
바이온 032980 기타비유동금융부채 0 0
바이온 032980 이연법인세부채 0 0
바이온 032980 비유동리스부채 0 0
바이온 032980 부채총계 17,941,729,902 19,614,564,486
바이온 032980 자본금 13,569,503,500 11,830,659,500
바이온 032980 자본잉여금 44,345,479,296 39,705,894,388
바이온 032980 자본조정 0 0
바이온 032980 기타포괄손익누계액 0 0
바이온 032980 이익잉여금(결손금) -29,819,749,597 -27,950,949,275
바이온 032980 자본총계 27,656,680,275 23,147,051,689
바이온 032980 자본과부채총계 0 0
date : 2017-09-30
바이온 032980 유동자산 14,647,452,861 14,575,163,929
바이온 032980 현금및현금성자산 59,956,357 1,127,702,984
바이온 032980 매출채권 4,801,815,400 4,603,509,800
바이온 032980 재고자산 316,193,943 1,247,143,429
바이온 032980 기타유동금융자산 0 0
바이온 032980 기타유동자산 4,249,321,439 4,331,962,490
바이온 032980 매각예정비유동자산 103,695,781 4,331,962,490
바이온 032980 비유동자산 37,669,038,401 28,186,452,246
바이온 032980 장기금융상품 0 0
바이온 032980 기타포괄손익-공정가치 0 0
바이온 032980 당기손익인식공정가치측정금융자산 0 0
바이온 032980 종속회사투자 0 0
바이온 032980 관계회사투자 0 0
바이온 032980 렌탈자산 0 0
바이온 032980 유형자산 7,913,494,505 5,485,211,410
바이온 032980 무형자산 2,500,000 2,500,000
바이온 032980 기타비유동금융자산 0 0
바이온 032980 기타비유동자산 0 0
바이온 032980 사용권자산 0 0
바이온 032980 이연법인세자산 0 0
바이온 032980 자산총계 52,316,491,262 42,761,616,175
바이온 032980 유동부채 19,054,449,651 19,516,412,639
바이온 032980 단기매입채무 0 0
바이온 032980 단기차입금 1,433,001,704 1,188,353,766
바이온 032980 유동성장기차입금 0 0
바이온 032980 유동성사채 0 0
바이온 032980 기타유동금융부채 0 0
바이온 032980 기타유동부채 391,197,405 364,130,118
바이온 032980 당기법인세부채 0 0
바이온 032980 유동리스부채 0 0
바이온 032980 비유동부채 2,400,955,302 98,151,847
바이온 032980 사채 0 0
바이온 032980 장기차입금 2,326,964,400 98,151,847
바이온 032980 기타비유동금융부채 0 0
바이온 032980 이연법인세부채 0 0
바이온 032980 비유동리스부채 0 0
바이온 032980 부채총계 21,455,404,953 19,614,564,486
바이온 032980 자본금 14,631,748,500 11,830,659,500
바이온 032980 자본잉여금 47,323,594,396 39,705,894,388
바이온 032980 자본조정 0 0
바이온 032980 기타포괄손익누계액 0 0
바이온 032980 이익잉여금(결손금) -30,655,703,663 -27,950,949,275
바이온 032980 자본총계 30,861,086,309 23,147,051,689
바이온 032980 자본과부채총계 52,316,491,262 42,761,616,175
date : 2017-12-31
바이온 032980 유동자산 14,989,892,429 14,575,163,929
바이온 032980 현금및현금성자산 3,527,206,314 1,127,702,984
바이온 032980 매출채권 5,242,421,675 4,603,509,800
바이온 032980 재고자산 75,988,539 1,247,143,429
바이온 032980 기타유동금융자산 91,752,900 1,247,143,429
바이온 032980 기타유동자산 1,986,755,253 4,331,962,490
바이온 032980 매각예정비유동자산 0 4,331,962,490
바이온 032980 비유동자산 37,745,195,786 28,186,452,246
바이온 032980 장기금융상품 0 0
바이온 032980 기타포괄손익-공정가치 0 0
바이온 032980 당기손익인식공정가치측정금융자산 0 0
바이온 032980 종속회사투자 0 0
바이온 032980 관계회사투자 0 0
바이온 032980 렌탈자산 0 0
바이온 032980 유형자산 7,874,651,890 5,485,211,410
바이온 032980 무형자산 2,500,000 2,500,000
바이온 032980 기타비유동금융자산 0 0
바이온 032980 기타비유동자산 0 0
바이온 032980 사용권자산 0 0
바이온 032980 이연법인세자산 0 0
바이온 032980 자산총계 52,735,088,215 42,761,616,175
바이온 032980 유동부채 16,934,258,193 19,516,412,639
바이온 032980 단기매입채무 0 0
바이온 032980 단기차입금 95,813,214 1,188,353,766
바이온 032980 유동성장기차입금 0 0
바이온 032980 유동성사채 0 0
바이온 032980 기타유동금융부채 0 0
바이온 032980 기타유동부채 235,042,545 364,130,118
바이온 032980 당기법인세부채 0 0
바이온 032980 유동리스부채 0 0
바이온 032980 비유동부채 1,959,188,633 98,151,847
바이온 032980 사채 0 0
바이온 032980 장기차입금 1,921,736,093 98,151,847
바이온 032980 기타비유동금융부채 0 0
바이온 032980 이연법인세부채 0 0
바이온 032980 비유동리스부채 0 0
바이온 032980 부채총계 18,893,446,826 19,614,564,486
바이온 032980 자본금 16,723,587,000 11,830,659,500
바이온 032980 자본잉여금 51,107,984,944 39,705,894,388
바이온 032980 자본조정 0 0
바이온 032980 기타포괄손익누계액 0 0
바이온 032980 이익잉여금(결손금) -33,551,377,631 -27,950,949,275
바이온 032980 자본총계 33,841,641,389 23,147,051,689
바이온 032980 자본과부채총계 52,735,088,215 42,761,616,175
date : 2018-03-31
바이온 032980 유동자산 34,610,890,492 14,989,892,429
바이온 032980 현금및현금성자산 19,482,380,788 3,527,206,314
바이온 032980 매출채권 7,648,138,225 5,242,421,675
바이온 032980 재고자산 363,840,440 75,988,539
바이온 032980 기타유동금융자산 128,288,760 91,752,900
바이온 032980 기타유동자산 2,571,450,878 1,986,755,253
바이온 032980 매각예정비유동자산 0 0
바이온 032980 비유동자산 38,589,245,380 37,745,195,786
바이온 032980 장기금융상품 0 0
바이온 032980 기타포괄손익-공정가치 0 0
바이온 032980 당기손익인식공정가치측정금융자산 0 0
바이온 032980 종속회사투자 0 0
바이온 032980 관계회사투자 0 0
바이온 032980 렌탈자산 0 0
바이온 032980 유형자산 7,807,893,484 7,874,651,890
바이온 032980 무형자산 2,500,000 2,500,000
바이온 032980 기타비유동금융자산 0 0
바이온 032980 기타비유동자산 0 0
바이온 032980 사용권자산 0 0
바이온 032980 이연법인세자산 0 0
바이온 032980 자산총계 73,200,135,872 52,735,088,215
바이온 032980 유동부채 21,094,242,438 16,934,258,193
바이온 032980 단기매입채무 0 0
바이온 032980 단기차입금 1,464,000,000 95,813,214
바이온 032980 유동성장기차입금 0 0
바이온 032980 유동성사채 0 0
바이온 032980 기타유동금융부채 0 0
바이온 032980 기타유동부채 260,802,767 235,042,545
바이온 032980 당기법인세부채 0 0
바이온 032980 유동리스부채 0 0
바이온 032980 비유동부채 1,866,781,515 1,959,188,633
바이온 032980 사채 0 0
바이온 032980 장기차입금 1,835,015,799 1,921,736,093
바이온 032980 기타비유동금융부채 0 0
바이온 032980 이연법인세부채 0 0
바이온 032980 비유동리스부채 0 0
바이온 032980 부채총계 22,961,023,953 18,893,446,826
바이온 032980 자본금 21,619,408,500 16,723,587,000
바이온 032980 자본잉여금 63,372,465,189 51,107,984,944
바이온 032980 자본조정 0 0
바이온 032980 기타포괄손익누계액 0 0
바이온 032980 이익잉여금(결손금) -34,314,208,846 -33,551,377,631
바이온 032980 자본총계 50,239,111,919 33,841,641,389
바이온 032980 자본과부채총계 73,200,135,872 52,735,088,215
date : 2018-06-30
바이온 032980 유동자산 20,573,414,015 14,989,892,429
바이온 032980 현금및현금성자산 2,322,593,595 3,527,206,314
바이온 032980 매출채권 10,051,576,816 5,242,421,675
바이온 032980 재고자산 384,016,619 75,988,539
바이온 032980 기타유동금융자산 91,752,900 75,988,539
바이온 032980 기타유동자산 1,935,177,270 1,986,755,253
바이온 032980 매각예정비유동자산 0 0
바이온 032980 비유동자산 51,833,825,607 37,745,195,786
바이온 032980 장기금융상품 0 0
바이온 032980 기타포괄손익-공정가치 0 0
바이온 032980 당기손익인식공정가치측정금융자산 0 0
바이온 032980 종속회사투자 0 0
바이온 032980 관계회사투자 0 0
바이온 032980 렌탈자산 0 0
바이온 032980 유형자산 4,851,217,781 7,874,651,890
바이온 032980 무형자산 2,500,000 2,500,000
바이온 032980 기타비유동금융자산 5,332,424,389 7,375,098,953
바이온 032980 기타비유동자산 0 0
바이온 032980 사용권자산 0 0
바이온 032980 이연법인세자산 0 0
바이온 032980 자산총계 72,407,239,622 52,735,088,215
바이온 032980 유동부채 21,519,244,817 16,934,258,193
바이온 032980 단기매입채무 0 0
바이온 032980 단기차입금 95,813,214 16,934,258,193
바이온 032980 유동성장기차입금 0 0
바이온 032980 유동성사채 0 0
바이온 032980 기타유동금융부채 2,084,351,962 16,934,258,193
바이온 032980 기타유동부채 242,786,760 235,042,545
바이온 032980 당기법인세부채 0 0
바이온 032980 유동리스부채 0 0
바이온 032980 비유동부채 639,230,213 1,959,188,633
바이온 032980 사채 0 0
바이온 032980 장기차입금 582,316,479 1,921,736,093
바이온 032980 기타비유동금융부채 0 0
바이온 032980 이연법인세부채 0 0
바이온 032980 비유동리스부채 0 0
바이온 032980 부채총계 22,158,475,030 18,893,446,826
바이온 032980 자본금 22,059,937,000 16,723,587,000
바이온 032980 자본잉여금 63,843,746,545 51,107,984,944
바이온 032980 자본조정 0 0
바이온 032980 기타포괄손익누계액 -2,783,695,715 51,107,984,944
바이온 032980 이익잉여금(결손금) -32,432,670,314 -33,551,377,631
바이온 032980 자본총계 50,248,764,592 33,841,641,389
바이온 032980 자본과부채총계 72,407,239,622 52,735,088,215
date : 2018-09-30
바이온 032980 유동자산 20,795,600,829 14,989,892,429
바이온 032980 현금및현금성자산 1,371,163,169 3,527,206,314
바이온 032980 매출채권 10,519,130,876 5,242,421,675
바이온 032980 재고자산 462,024,568 75,988,539
바이온 032980 기타유동금융자산 91,752,900 75,988,539
바이온 032980 기타유동자산 2,883,640,235 1,986,755,253
바이온 032980 매각예정비유동자산 0 0
바이온 032980 비유동자산 51,639,329,349 37,745,195,786
바이온 032980 장기금융상품 0 0
바이온 032980 기타포괄손익-공정가치 0 0
바이온 032980 당기손익인식공정가치측정금융자산 0 0
바이온 032980 종속회사투자 0 0
바이온 032980 관계회사투자 0 0
바이온 032980 렌탈자산 0 0
바이온 032980 유형자산 4,820,801,176 7,874,651,890
바이온 032980 무형자산 3,505,113 2,500,000
바이온 032980 기타비유동금융자산 5,251,989,623 7,375,098,953
바이온 032980 기타비유동자산 0 0
바이온 032980 사용권자산 0 0
바이온 032980 이연법인세자산 0 0
바이온 032980 자산총계 72,434,930,178 52,735,088,215
바이온 032980 유동부채 18,867,500,938 16,934,258,193
바이온 032980 단기매입채무 0 0
바이온 032980 단기차입금 95,813,214 16,934,258,193
바이온 032980 유동성장기차입금 0 0
바이온 032980 유동성사채 0 0
바이온 032980 기타유동금융부채 2,084,351,962 16,934,258,193
바이온 032980 기타유동부채 226,696,763 235,042,545
바이온 032980 당기법인세부채 0 0
바이온 032980 유동리스부채 0 0
바이온 032980 비유동부채 597,909,942 1,959,188,633
바이온 032980 사채 0 0
바이온 032980 장기차입금 552,931,856 1,921,736,093
바이온 032980 기타비유동금융부채 0 0
바이온 032980 이연법인세부채 0 0
바이온 032980 비유동리스부채 0 0
바이온 032980 부채총계 19,465,410,880 18,893,446,826
바이온 032980 자본금 23,303,747,000 16,723,587,000
바이온 032980 자본잉여금 65,785,795,175 51,107,984,944
바이온 032980 자본조정 0 0
바이온 032980 기타포괄손익누계액 -2,783,695,715 51,107,984,944
바이온 032980 이익잉여금(결손금) -32,897,774,238 -33,551,377,631
바이온 032980 자본총계 52,969,519,298 33,841,641,389
바이온 032980 자본과부채총계 72,434,930,178 52,735,088,215
date : 2018-12-31
바이온 032980 유동자산 23,723,910,981 14,989,892,429
바이온 032980 현금및현금성자산 3,330,062,277 3,527,206,314
바이온 032980 매출채권 9,106,928,868 5,242,421,675
바이온 032980 재고자산 4,249,914,021 75,988,539
바이온 032980 기타유동금융자산 91,752,900 75,988,539
바이온 032980 기타유동자산 2,868,610,095 1,986,755,253
바이온 032980 매각예정비유동자산 0 0
바이온 032980 비유동자산 42,713,549,812 37,745,195,786
바이온 032980 장기금융상품 0 0
바이온 032980 기타포괄손익-공정가치 0 0
바이온 032980 당기손익인식공정가치측정금융자산 0 0
바이온 032980 종속회사투자 0 0
바이온 032980 관계회사투자 0 0
바이온 032980 렌탈자산 0 0
바이온 032980 유형자산 4,927,271,156 7,874,651,890
바이온 032980 무형자산 3,453,124 2,500,000
바이온 032980 기타비유동금융자산 4,952,625,343 7,375,098,953
바이온 032980 기타비유동자산 0 0
바이온 032980 사용권자산 0 0
바이온 032980 이연법인세자산 0 0
바이온 032980 자산총계 66,437,460,793 52,735,088,215
바이온 032980 유동부채 18,456,833,860 16,934,258,193
바이온 032980 단기매입채무 0 0
바이온 032980 단기차입금 95,813,214 1,188,353,766
바이온 032980 유동성장기차입금 0 0
바이온 032980 유동성사채 0 0
바이온 032980 기타유동금융부채 0 1,188,353,766
바이온 032980 기타유동부채 223,440,506 235,042,545
바이온 032980 당기법인세부채 0 0
바이온 032980 유동리스부채 0 0
바이온 032980 비유동부채 610,975,260 1,959,188,633
바이온 032980 사채 0 0
바이온 032980 장기차입금 522,951,158 1,921,736,093
바이온 032980 기타비유동금융부채 0 0
바이온 032980 이연법인세부채 0 0
바이온 032980 비유동리스부채 0 0
바이온 032980 부채총계 19,067,809,120 18,893,446,826
바이온 032980 자본금 23,303,747,000 16,723,587,000
바이온 032980 자본잉여금 70,747,709,795 51,107,984,944
바이온 032980 자본조정 0 0
바이온 032980 기타포괄손익누계액 -2,838,360,603 51,107,984,944
바이온 032980 이익잉여금(결손금) -43,404,891,595 -33,551,377,631
바이온 032980 자본총계 47,369,651,673 33,841,641,389
바이온 032980 자본과부채총계 66,437,460,793 52,735,088,215
date : 2019-03-31
바이온 032980 유동자산 25,451,534,794 23,723,910,981
바이온 032980 현금및현금성자산 4,455,741,231 3,330,062,277
바이온 032980 매출채권 11,468,586,159 9,106,928,868
바이온 032980 재고자산 4,265,544,094 4,249,914,021
바이온 032980 기타유동금융자산 0 0
바이온 032980 기타유동자산 2,427,813,681 2,868,610,095
바이온 032980 매각예정비유동자산 0 0
바이온 032980 비유동자산 42,898,846,587 42,713,549,812
바이온 032980 장기금융상품 0 0
바이온 032980 기타포괄손익-공정가치 0 0
바이온 032980 당기손익인식공정가치측정금융자산 0 0
바이온 032980 종속회사투자 0 0
바이온 032980 관계회사투자 0 0
바이온 032980 렌탈자산 0 0
바이온 032980 유형자산 4,953,902,109 4,927,271,156
바이온 032980 무형자산 3,401,135 3,453,124
바이온 032980 기타비유동금융자산 4,673,755,421 4,952,625,343
바이온 032980 기타비유동자산 0 0
바이온 032980 사용권자산 169,641,472 4,927,271,156
바이온 032980 이연법인세자산 0 0
바이온 032980 자산총계 68,350,381,381 66,437,460,793
바이온 032980 유동부채 18,788,175,755 18,456,833,860
바이온 032980 단기매입채무 0 0
바이온 032980 단기차입금 0 18,456,833,860
바이온 032980 유동성장기차입금 0 0
바이온 032980 유동성사채 0 0
바이온 032980 기타유동금융부채 0 18,456,833,860
바이온 032980 기타유동부채 448,162,931 223,440,506
바이온 032980 당기법인세부채 0 0
바이온 032980 유동리스부채 36,998,333 18,456,833,860
바이온 032980 비유동부채 694,128,235 610,975,260
바이온 032980 사채 0 0
바이온 032980 장기차입금 492,450,602 522,951,158
바이온 032980 기타비유동금융부채 0 0
바이온 032980 이연법인세부채 0 0
바이온 032980 비유동리스부채 128,481,310 522,951,158
바이온 032980 부채총계 19,482,303,990 19,067,809,120
바이온 032980 자본금 23,787,138,000 23,303,747,000
바이온 032980 자본잉여금 72,277,924,198 70,747,709,795
바이온 032980 자본조정 0 0
바이온 032980 기타포괄손익누계액 -2,801,057,702 -2,838,360,603
바이온 032980 이익잉여금(결손금) -43,957,374,181 -43,404,891,595
바이온 032980 자본총계 48,868,077,391 47,369,651,673
바이온 032980 자본과부채총계 68,350,381,381 66,437,460,793
