date : 2015-12-31
동일기연 032960 유동자산 42,687,334,335 52,543,524,491
동일기연 032960 현금및현금성자산 7,556,870,348 4,342,643,027
동일기연 032960 매출채권 3,695,593,280 3,841,978,347
동일기연 032960 재고자산 8,654,761,392 8,057,599,118
동일기연 032960 기타유동금융자산 22,279,676,685 35,859,887,422
동일기연 032960 기타유동자산 0 0
동일기연 032960 매각예정비유동자산 0 0
동일기연 032960 비유동자산 21,018,477,230 16,214,285,085
동일기연 032960 장기금융상품 0 0
동일기연 032960 기타포괄손익-공정가치 0 0
동일기연 032960 당기손익인식공정가치측정금융자산 0 0
동일기연 032960 종속회사투자 0 0
동일기연 032960 관계회사투자 0 0
동일기연 032960 렌탈자산 0 0
동일기연 032960 유형자산 3,839,734,656 2,974,485,169
동일기연 032960 무형자산 0 0
동일기연 032960 기타비유동금융자산 3,538,296,767 2,219,691,767
동일기연 032960 기타비유동자산 0 0
동일기연 032960 사용권자산 0 0
동일기연 032960 이연법인세자산 759,910,317 16,214,285,085
동일기연 032960 자산총계 63,705,811,565 68,757,809,576
동일기연 032960 유동부채 6,430,776,846 5,016,967,719
동일기연 032960 단기매입채무 0 0
동일기연 032960 단기차입금 0 0
동일기연 032960 유동성장기차입금 0 0
동일기연 032960 유동성사채 0 0
동일기연 032960 기타유동금융부채 0 0
동일기연 032960 기타유동부채 0 0
동일기연 032960 당기법인세부채 643,691,265 470,580,023
동일기연 032960 유동리스부채 0 0
동일기연 032960 비유동부채 682,142,614 949,122,706
동일기연 032960 사채 0 0
동일기연 032960 장기차입금 0 0
동일기연 032960 기타비유동금융부채 0 0
동일기연 032960 이연법인세부채 11,500,080 415,500,519
동일기연 032960 비유동리스부채 0 0
동일기연 032960 부채총계 7,112,919,460 5,966,090,425
동일기연 032960 자본금 4,548,744,500 4,446,144,500
동일기연 032960 자본잉여금 0 0
동일기연 032960 자본조정 0 0
동일기연 032960 기타포괄손익누계액 0 0
동일기연 032960 이익잉여금(결손금) 72,030,672,277 67,673,333,704
동일기연 032960 자본총계 56,592,892,105 62,791,719,151
동일기연 032960 자본과부채총계 63,705,811,565 68,757,809,576
date : 2016-03-31
동일기연 032960 유동자산 43,374,180,015 42,687,334,335
동일기연 032960 현금및현금성자산 4,885,585,240 7,556,870,348
동일기연 032960 매출채권 3,466,520,380 3,695,593,280
동일기연 032960 재고자산 9,304,477,236 8,654,761,392
동일기연 032960 기타유동금융자산 25,207,691,382 22,279,676,685
동일기연 032960 기타유동자산 0 0
동일기연 032960 매각예정비유동자산 0 0
동일기연 032960 비유동자산 20,661,210,575 21,018,477,230
동일기연 032960 장기금융상품 0 0
동일기연 032960 기타포괄손익-공정가치 0 0
동일기연 032960 당기손익인식공정가치측정금융자산 0 0
동일기연 032960 종속회사투자 0 0
동일기연 032960 관계회사투자 0 0
동일기연 032960 렌탈자산 0 0
동일기연 032960 유형자산 3,785,311,652 3,839,734,656
동일기연 032960 무형자산 116,519,245 116,624,221
동일기연 032960 기타비유동금융자산 3,482,796,767 3,538,296,767
동일기연 032960 기타비유동자산 0 0
동일기연 032960 사용권자산 0 0
동일기연 032960 이연법인세자산 332,819,392 759,910,317
동일기연 032960 자산총계 64,035,390,590 63,705,811,565
동일기연 032960 유동부채 5,121,467,947 6,430,776,846
동일기연 032960 단기매입채무 0 0
동일기연 032960 단기차입금 0 0
동일기연 032960 유동성장기차입금 0 0
동일기연 032960 유동성사채 0 0
동일기연 032960 기타유동금융부채 0 0
동일기연 032960 기타유동부채 0 0
동일기연 032960 당기법인세부채 0 0
동일기연 032960 유동리스부채 0 0
동일기연 032960 비유동부채 909,503,287 682,142,614
동일기연 032960 사채 0 0
동일기연 032960 장기차입금 0 0
동일기연 032960 기타비유동금융부채 0 0
동일기연 032960 이연법인세부채 11,500,080 682,142,614
동일기연 032960 비유동리스부채 0 0
동일기연 032960 부채총계 6,030,971,234 7,112,919,460
동일기연 032960 자본금 4,638,187,000 4,548,744,500
동일기연 032960 자본잉여금 0 0
동일기연 032960 자본조정 0 0
동일기연 032960 기타포괄손익누계액 0 0
동일기연 032960 이익잉여금(결손금) 74,477,584,608 72,030,672,277
동일기연 032960 자본총계 58,004,419,356 56,592,892,105
동일기연 032960 자본과부채총계 64,035,390,590 63,705,811,565
date : 2016-06-30
동일기연 032960 유동자산 44,094,024,617 42,687,334,335
동일기연 032960 현금및현금성자산 2,034,555,673 7,556,870,348
동일기연 032960 매출채권 3,586,517,217 3,695,593,280
동일기연 032960 재고자산 8,719,396,530 8,654,761,392
동일기연 032960 기타유동금융자산 29,154,929,506 22,279,676,685
동일기연 032960 기타유동자산 0 0
동일기연 032960 매각예정비유동자산 0 0
동일기연 032960 비유동자산 21,128,404,171 21,018,477,230
동일기연 032960 장기금융상품 0 0
동일기연 032960 기타포괄손익-공정가치 0 0
동일기연 032960 당기손익인식공정가치측정금융자산 0 0
동일기연 032960 종속회사투자 0 0
동일기연 032960 관계회사투자 0 0
동일기연 032960 렌탈자산 0 0
동일기연 032960 유형자산 3,965,190,322 3,839,734,656
동일기연 032960 무형자산 0 0
동일기연 032960 기타비유동금융자산 3,516,396,767 3,538,296,767
동일기연 032960 기타비유동자산 0 0
동일기연 032960 사용권자산 0 0
동일기연 032960 이연법인세자산 482,123,031 759,910,317
동일기연 032960 자산총계 65,222,428,788 63,705,811,565
동일기연 032960 유동부채 5,001,964,482 6,430,776,846
동일기연 032960 단기매입채무 0 0
동일기연 032960 단기차입금 0 0
동일기연 032960 유동성장기차입금 0 0
동일기연 032960 유동성사채 0 0
동일기연 032960 기타유동금융부채 0 0
동일기연 032960 기타유동부채 0 0
동일기연 032960 당기법인세부채 464,895,986 643,691,265
동일기연 032960 유동리스부채 0 0
동일기연 032960 비유동부채 914,367,414 682,142,614
동일기연 032960 사채 0 0
동일기연 032960 장기차입금 0 0
동일기연 032960 기타비유동금융부채 0 0
동일기연 032960 이연법인세부채 11,500,080 682,142,614
동일기연 032960 비유동리스부채 0 0
동일기연 032960 부채총계 5,916,331,896 7,112,919,460
동일기연 032960 자본금 4,638,187,000 4,548,744,500
동일기연 032960 자본잉여금 0 0
동일기연 032960 자본조정 0 0
동일기연 032960 기타포괄손익누계액 0 0
동일기연 032960 이익잉여금(결손금) 75,784,391,869 72,030,672,277
동일기연 032960 자본총계 59,306,096,892 56,592,892,105
동일기연 032960 자본과부채총계 65,222,428,788 63,705,811,565
date : 2016-09-30
동일기연 032960 유동자산 44,196,101,393 42,687,334,335
동일기연 032960 현금및현금성자산 1,747,265,621 7,556,870,348
동일기연 032960 매출채권 3,656,298,024 3,695,593,280
동일기연 032960 재고자산 8,379,146,075 8,654,761,392
동일기연 032960 기타유동금융자산 29,814,051,101 22,279,676,685
동일기연 032960 기타유동자산 0 0
동일기연 032960 매각예정비유동자산 0 0
동일기연 032960 비유동자산 20,919,088,274 21,018,477,230
동일기연 032960 장기금융상품 0 0
동일기연 032960 기타포괄손익-공정가치 0 0
동일기연 032960 당기손익인식공정가치측정금융자산 0 0
동일기연 032960 종속회사투자 0 0
동일기연 032960 관계회사투자 0 0
동일기연 032960 렌탈자산 0 0
동일기연 032960 유형자산 4,206,080,246 3,839,734,656
동일기연 032960 무형자산 0 0
동일기연 032960 기타비유동금융자산 3,311,196,767 3,538,296,767
동일기연 032960 기타비유동자산 0 0
동일기연 032960 사용권자산 0 0
동일기연 032960 이연법인세자산 259,818,083 759,910,317
동일기연 032960 자산총계 65,115,189,667 63,705,811,565
동일기연 032960 유동부채 4,804,871,489 6,430,776,846
동일기연 032960 단기매입채무 0 0
동일기연 032960 단기차입금 0 0
동일기연 032960 유동성장기차입금 0 0
동일기연 032960 유동성사채 0 0
동일기연 032960 기타유동금융부채 0 0
동일기연 032960 기타유동부채 0 0
동일기연 032960 당기법인세부채 643,691,265 470,580,023
동일기연 032960 유동리스부채 0 0
동일기연 032960 비유동부채 682,142,614 949,122,706
동일기연 032960 사채 0 0
동일기연 032960 장기차입금 0 0
동일기연 032960 기타비유동금융부채 0 0
동일기연 032960 이연법인세부채 11,500,080 949,122,706
동일기연 032960 비유동리스부채 0 0
동일기연 032960 부채총계 4,804,871,489 7,112,919,460
동일기연 032960 자본금 4,638,187,000 4,548,744,500
동일기연 032960 자본잉여금 0 0
동일기연 032960 자본조정 0 0
동일기연 032960 기타포괄손익누계액 0 0
동일기연 032960 이익잉여금(결손금) 76,788,613,155 72,030,672,277
동일기연 032960 자본총계 60,310,318,178 56,592,892,105
동일기연 032960 자본과부채총계 65,115,189,667 63,705,811,565
date : 2016-12-31
동일기연 032960 유동자산 47,210,728,303 42,687,334,335
동일기연 032960 현금및현금성자산 8,052,178,900 7,556,870,348
동일기연 032960 매출채권 3,576,772,150 3,695,593,280
동일기연 032960 재고자산 8,993,219,636 8,654,761,392
동일기연 032960 기타유동금융자산 25,890,746,104 22,279,676,685
동일기연 032960 기타유동자산 0 0
동일기연 032960 매각예정비유동자산 0 0
동일기연 032960 비유동자산 19,769,723,604 21,018,477,230
동일기연 032960 장기금융상품 0 0
동일기연 032960 기타포괄손익-공정가치 0 0
동일기연 032960 당기손익인식공정가치측정금융자산 0 0
동일기연 032960 종속회사투자 0 0
동일기연 032960 관계회사투자 0 0
동일기연 032960 렌탈자산 0 0
동일기연 032960 유형자산 4,037,927,907 3,839,734,656
동일기연 032960 무형자산 0 0
동일기연 032960 기타비유동금융자산 2,076,746,767 3,538,296,767
동일기연 032960 기타비유동자산 0 0
동일기연 032960 사용권자산 0 0
동일기연 032960 이연법인세자산 530,617,617 759,910,317
동일기연 032960 자산총계 66,980,451,907 63,705,811,565
동일기연 032960 유동부채 5,819,029,721 6,430,776,846
동일기연 032960 단기매입채무 0 0
동일기연 032960 단기차입금 0 0
동일기연 032960 유동성장기차입금 0 0
동일기연 032960 유동성사채 0 0
동일기연 032960 기타유동금융부채 0 0
동일기연 032960 기타유동부채 0 0
동일기연 032960 당기법인세부채 643,691,265 470,580,023
동일기연 032960 유동리스부채 0 0
동일기연 032960 비유동부채 682,142,614 949,122,706
동일기연 032960 사채 0 0
동일기연 032960 장기차입금 0 0
동일기연 032960 기타비유동금융부채 0 0
동일기연 032960 이연법인세부채 11,500,080 949,122,706
동일기연 032960 비유동리스부채 0 0
동일기연 032960 부채총계 5,819,029,721 7,112,919,460
동일기연 032960 자본금 4,638,187,000 4,548,744,500
동일기연 032960 자본잉여금 0 0
동일기연 032960 자본조정 0 0
동일기연 032960 기타포괄손익누계액 0 0
동일기연 032960 이익잉여금(결손금) 77,590,513,693 72,030,672,277
동일기연 032960 자본총계 61,161,422,186 56,592,892,105
동일기연 032960 자본과부채총계 66,980,451,907 63,705,811,565
date : 2017-03-31
동일기연 032960 유동자산 47,784,293,198 47,210,728,303
동일기연 032960 현금및현금성자산 5,920,821,730 8,052,178,900
동일기연 032960 매출채권 5,037,319,000 3,576,772,150
동일기연 032960 재고자산 9,094,533,238 8,993,219,636
동일기연 032960 기타유동금융자산 26,702,318,120 25,890,746,104
동일기연 032960 기타유동자산 0 0
동일기연 032960 매각예정비유동자산 0 0
동일기연 032960 비유동자산 19,665,102,692 19,769,723,604
동일기연 032960 장기금융상품 0 0
동일기연 032960 기타포괄손익-공정가치 0 0
동일기연 032960 당기손익인식공정가치측정금융자산 0 0
동일기연 032960 종속회사투자 0 0
동일기연 032960 관계회사투자 0 0
동일기연 032960 렌탈자산 0 0
동일기연 032960 유형자산 3,914,303,316 4,037,927,907
동일기연 032960 무형자산 117,605,835 113,305,136
동일기연 032960 기타비유동금융자산 1,919,666,767 2,076,746,767
동일기연 032960 기타비유동자산 0 0
동일기연 032960 사용권자산 0 0
동일기연 032960 이연법인세자산 722,346,870 530,617,617
동일기연 032960 자산총계 67,449,395,890 66,980,451,907
동일기연 032960 유동부채 5,627,416,312 5,819,029,721
동일기연 032960 단기매입채무 0 0
동일기연 032960 단기차입금 0 0
동일기연 032960 유동성장기차입금 0 0
동일기연 032960 유동성사채 0 0
동일기연 032960 기타유동금융부채 0 0
동일기연 032960 기타유동부채 0 0
동일기연 032960 당기법인세부채 256,091,474 643,691,265
동일기연 032960 유동리스부채 0 0
동일기연 032960 비유동부채 682,142,614 643,691,265
동일기연 032960 사채 0 0
동일기연 032960 장기차입금 0 0
동일기연 032960 기타비유동금융부채 0 0
동일기연 032960 이연법인세부채 0 643,691,265
동일기연 032960 비유동리스부채 0 0
동일기연 032960 부채총계 5,627,416,312 5,819,029,721
동일기연 032960 자본금 4,730,174,000 4,638,187,000
동일기연 032960 자본잉여금 0 0
동일기연 032960 자본조정 0 0
동일기연 032960 기타포괄손익누계액 0 0
동일기연 032960 이익잉여금(결손금) 78,159,084,085 77,590,513,693
동일기연 032960 자본총계 61,821,979,578 61,161,422,186
동일기연 032960 자본과부채총계 67,449,395,890 66,980,451,907
date : 2017-06-30
동일기연 032960 유동자산 49,800,886,282 47,210,728,303
동일기연 032960 현금및현금성자산 4,031,795,372 8,052,178,900
동일기연 032960 매출채권 4,663,104,656 3,576,772,150
동일기연 032960 재고자산 9,534,682,234 8,993,219,636
동일기연 032960 기타유동금융자산 30,755,905,954 25,890,746,104
동일기연 032960 기타유동자산 0 0
동일기연 032960 매각예정비유동자산 0 0
동일기연 032960 비유동자산 19,444,499,762 19,769,723,604
동일기연 032960 장기금융상품 0 0
동일기연 032960 기타포괄손익-공정가치 0 0
동일기연 032960 당기손익인식공정가치측정금융자산 0 0
동일기연 032960 종속회사투자 0 0
동일기연 032960 관계회사투자 0 0
동일기연 032960 렌탈자산 0 0
동일기연 032960 유형자산 3,914,000,946 4,037,927,907
동일기연 032960 무형자산 0 0
동일기연 032960 기타비유동금융자산 2,086,616,767 2,076,746,767
동일기연 032960 기타비유동자산 0 0
동일기연 032960 사용권자산 0 0
동일기연 032960 이연법인세자산 485,066,130 530,617,617
동일기연 032960 자산총계 69,245,386,044 66,980,451,907
동일기연 032960 유동부채 5,262,664,463 5,819,029,721
동일기연 032960 단기매입채무 0 0
동일기연 032960 단기차입금 0 0
동일기연 032960 유동성장기차입금 0 0
동일기연 032960 유동성사채 0 0
동일기연 032960 기타유동금융부채 0 0
동일기연 032960 기타유동부채 0 0
동일기연 032960 당기법인세부채 188,053,460 5,819,029,721
동일기연 032960 유동리스부채 0 0
동일기연 032960 비유동부채 0 5,819,029,721
동일기연 032960 사채 0 0
동일기연 032960 장기차입금 0 0
동일기연 032960 기타비유동금융부채 0 0
동일기연 032960 이연법인세부채 0 0
동일기연 032960 비유동리스부채 0 0
동일기연 032960 부채총계 5,262,664,463 5,819,029,721
동일기연 032960 자본금 4,730,174,000 4,638,187,000
동일기연 032960 자본잉여금 0 0
동일기연 032960 자본조정 0 0
동일기연 032960 기타포괄손익누계액 0 0
동일기연 032960 이익잉여금(결손금) 80,324,623,984 77,590,513,693
동일기연 032960 자본총계 63,982,721,581 61,161,422,186
동일기연 032960 자본과부채총계 69,245,386,044 66,980,451,907
date : 2017-09-30
동일기연 032960 유동자산 51,410,084,906 47,210,728,303
동일기연 032960 현금및현금성자산 7,130,034,063 8,052,178,900
동일기연 032960 매출채권 4,719,681,331 3,576,772,150
동일기연 032960 재고자산 9,924,477,730 8,993,219,636
동일기연 032960 기타유동금융자산 28,292,134,734 25,890,746,104
동일기연 032960 기타유동자산 0 0
동일기연 032960 매각예정비유동자산 0 0
동일기연 032960 비유동자산 19,775,631,597 19,769,723,604
동일기연 032960 장기금융상품 0 0
동일기연 032960 기타포괄손익-공정가치 0 0
동일기연 032960 당기손익인식공정가치측정금융자산 0 0
동일기연 032960 종속회사투자 0 0
동일기연 032960 관계회사투자 0 0
동일기연 032960 렌탈자산 0 0
동일기연 032960 유형자산 3,921,346,791 4,037,927,907
동일기연 032960 무형자산 131,200,307 113,305,136
동일기연 032960 기타비유동금융자산 1,971,686,767 2,076,746,767
동일기연 032960 기타비유동자산 0 0
동일기연 032960 사용권자산 0 0
동일기연 032960 이연법인세자산 400,350,373 530,617,617
동일기연 032960 자산총계 71,185,716,503 66,980,451,907
동일기연 032960 유동부채 5,976,396,124 5,819,029,721
동일기연 032960 단기매입채무 0 0
동일기연 032960 단기차입금 0 0
동일기연 032960 유동성장기차입금 0 0
동일기연 032960 유동성사채 0 0
동일기연 032960 기타유동금융부채 0 0
동일기연 032960 기타유동부채 0 0
동일기연 032960 당기법인세부채 294,850,529 5,819,029,721
동일기연 032960 유동리스부채 0 0
동일기연 032960 비유동부채 0 0
동일기연 032960 사채 0 0
동일기연 032960 장기차입금 0 0
동일기연 032960 기타비유동금융부채 0 0
동일기연 032960 이연법인세부채 0 0
동일기연 032960 비유동리스부채 0 0
동일기연 032960 부채총계 5,976,396,124 5,819,029,721
동일기연 032960 자본금 4,730,174,000 4,638,187,000
동일기연 032960 자본잉여금 0 0
동일기연 032960 자본조정 0 0
동일기연 032960 기타포괄손익누계액 0 0
동일기연 032960 이익잉여금(결손금) 81,517,318,122 77,590,513,693
동일기연 032960 자본총계 65,209,320,379 61,161,422,186
동일기연 032960 자본과부채총계 71,185,716,503 66,980,451,907
date : 2017-12-31
동일기연 032960 유동자산 49,810,580,467 47,210,728,303
동일기연 032960 현금및현금성자산 2,085,283,474 8,052,178,900
동일기연 032960 매출채권 4,360,321,028 3,576,772,150
동일기연 032960 재고자산 10,042,952,407 8,993,219,636
동일기연 032960 기타유동금융자산 32,705,902,720 25,890,746,104
동일기연 032960 기타유동자산 0 0
동일기연 032960 매각예정비유동자산 0 0
동일기연 032960 비유동자산 20,845,835,247 19,769,723,604
동일기연 032960 장기금융상품 0 0
동일기연 032960 기타포괄손익-공정가치 0 0
동일기연 032960 당기손익인식공정가치측정금융자산 0 0
동일기연 032960 종속회사투자 0 0
동일기연 032960 관계회사투자 0 0
동일기연 032960 렌탈자산 0 0
동일기연 032960 유형자산 4,169,341,375 4,037,927,907
동일기연 032960 무형자산 169,591,540 113,305,136
동일기연 032960 기타비유동금융자산 1,522,256,767 2,076,746,767
동일기연 032960 기타비유동자산 0 0
동일기연 032960 사용권자산 0 0
동일기연 032960 이연법인세자산 621,451,111 530,617,617
동일기연 032960 자산총계 70,656,415,714 66,980,451,907
동일기연 032960 유동부채 4,847,620,730 5,819,029,721
동일기연 032960 단기매입채무 0 0
동일기연 032960 단기차입금 0 0
동일기연 032960 유동성장기차입금 0 0
동일기연 032960 유동성사채 0 0
동일기연 032960 기타유동금융부채 0 0
동일기연 032960 기타유동부채 0 0
동일기연 032960 당기법인세부채 224,342,757 0
동일기연 032960 유동리스부채 0 0
동일기연 032960 비유동부채 1,082,732,530 682,142,614
동일기연 032960 사채 0 0
동일기연 032960 장기차입금 0 0
동일기연 032960 기타비유동금융부채 0 0
동일기연 032960 이연법인세부채 0 0
동일기연 032960 비유동리스부채 0 0
동일기연 032960 부채총계 5,930,353,260 5,819,029,721
동일기연 032960 자본금 4,730,174,000 4,638,187,000
동일기연 032960 자본잉여금 0 0
동일기연 032960 자본조정 0 0
동일기연 032960 기타포괄손익누계액 0 0
동일기연 032960 이익잉여금(결손금) 82,139,677,407 77,590,513,693
동일기연 032960 자본총계 64,726,062,454 61,161,422,186
동일기연 032960 자본과부채총계 70,656,415,714 66,980,451,907
date : 2018-03-31
동일기연 032960 유동자산 49,910,679,900 49,810,580,467
동일기연 032960 현금및현금성자산 2,820,458,245 2,085,283,474
동일기연 032960 매출채권 4,498,824,335 4,360,321,028
동일기연 032960 재고자산 9,877,732,690 10,042,952,407
동일기연 032960 기타유동금융자산 31,860,414,047 32,705,902,720
동일기연 032960 기타유동자산 0 0
동일기연 032960 매각예정비유동자산 0 0
동일기연 032960 비유동자산 20,748,373,534 20,845,835,247
동일기연 032960 장기금융상품 0 0
동일기연 032960 기타포괄손익-공정가치 0 0
동일기연 032960 당기손익인식공정가치측정금융자산 0 0
동일기연 032960 종속회사투자 0 0
동일기연 032960 관계회사투자 0 0
동일기연 032960 렌탈자산 0 0
동일기연 032960 유형자산 4,089,849,084 4,169,341,375
동일기연 032960 무형자산 170,975,248 169,591,540
동일기연 032960 기타비유동금융자산 1,515,396,767 1,522,256,767
동일기연 032960 기타비유동자산 0 0
동일기연 032960 사용권자산 0 0
동일기연 032960 이연법인세자산 628,904,254 621,451,111
동일기연 032960 자산총계 70,659,053,434 70,656,415,714
동일기연 032960 유동부채 5,742,688,185 4,847,620,730
동일기연 032960 단기매입채무 0 0
동일기연 032960 단기차입금 0 0
동일기연 032960 유동성장기차입금 0 0
동일기연 032960 유동성사채 0 0
동일기연 032960 기타유동금융부채 0 0
동일기연 032960 기타유동부채 0 0
동일기연 032960 당기법인세부채 229,801,866 224,342,757
동일기연 032960 유동리스부채 0 0
동일기연 032960 비유동부채 1,082,732,530 224,342,757
동일기연 032960 사채 0 0
동일기연 032960 장기차입금 0 0
동일기연 032960 기타비유동금융부채 0 0
동일기연 032960 이연법인세부채 0 224,342,757
동일기연 032960 비유동리스부채 0 0
동일기연 032960 부채총계 5,742,688,185 5,930,353,260
동일기연 032960 자본금 4,824,841,500 4,730,174,000
동일기연 032960 자본잉여금 0 0
동일기연 032960 자본조정 0 0
동일기연 032960 기타포괄손익누계액 0 0
동일기연 032960 이익잉여금(결손금) 82,514,027,122 82,139,677,407
동일기연 032960 자본총계 64,916,365,249 64,726,062,454
동일기연 032960 자본과부채총계 70,659,053,434 70,656,415,714
date : 2018-06-30
동일기연 032960 유동자산 50,867,156,861 49,810,580,467
동일기연 032960 현금및현금성자산 3,952,069,474 2,085,283,474
동일기연 032960 매출채권 4,243,506,506 4,360,321,028
동일기연 032960 재고자산 10,281,067,200 10,042,952,407
동일기연 032960 기타유동금융자산 31,490,924,668 32,705,902,720
동일기연 032960 기타유동자산 0 0
동일기연 032960 매각예정비유동자산 0 0
동일기연 032960 비유동자산 20,626,158,575 20,845,835,247
동일기연 032960 장기금융상품 0 0
동일기연 032960 기타포괄손익-공정가치 0 0
동일기연 032960 당기손익인식공정가치측정금융자산 0 0
동일기연 032960 종속회사투자 0 0
동일기연 032960 관계회사투자 0 0
동일기연 032960 렌탈자산 0 0
동일기연 032960 유형자산 4,050,205,617 4,169,341,375
동일기연 032960 무형자산 166,411,283 169,591,540
동일기연 032960 기타비유동금융자산 1,592,676,767 1,522,256,767
동일기연 032960 기타비유동자산 0 0
동일기연 032960 사용권자산 0 0
동일기연 032960 이연법인세자산 567,580,946 621,451,111
동일기연 032960 자산총계 71,493,315,436 70,656,415,714
동일기연 032960 유동부채 4,516,478,649 4,847,620,730
동일기연 032960 단기매입채무 0 0
동일기연 032960 단기차입금 0 0
동일기연 032960 유동성장기차입금 0 0
동일기연 032960 유동성사채 0 0
동일기연 032960 기타유동금융부채 0 0
동일기연 032960 기타유동부채 0 0
동일기연 032960 당기법인세부채 0 224,342,757
동일기연 032960 유동리스부채 0 0
동일기연 032960 비유동부채 1,084,138,440 1,082,732,530
동일기연 032960 사채 0 0
동일기연 032960 장기차입금 0 0
동일기연 032960 기타비유동금융부채 0 0
동일기연 032960 이연법인세부채 0 0
동일기연 032960 비유동리스부채 0 0
동일기연 032960 부채총계 5,600,617,089 5,930,353,260
동일기연 032960 자본금 4,824,841,500 4,730,174,000
동일기연 032960 자본잉여금 0 0
동일기연 032960 자본조정 0 0
동일기연 032960 기타포괄손익누계액 0 0
동일기연 032960 이익잉여금(결손금) 83,464,346,660 82,139,677,407
동일기연 032960 자본총계 65,892,698,347 64,726,062,454
동일기연 032960 자본과부채총계 71,493,315,436 70,656,415,714
date : 2018-09-30
동일기연 032960 유동자산 49,620,139,755 49,810,580,467
동일기연 032960 현금및현금성자산 11,396,600,165 2,085,283,474
동일기연 032960 매출채권 4,294,427,240 4,360,321,028
동일기연 032960 재고자산 9,945,810,233 10,042,952,407
동일기연 032960 기타유동금융자산 22,936,327,860 32,705,902,720
동일기연 032960 기타유동자산 0 0
동일기연 032960 매각예정비유동자산 0 0
동일기연 032960 비유동자산 20,528,217,823 20,845,835,247
동일기연 032960 장기금융상품 0 0
동일기연 032960 기타포괄손익-공정가치 0 0
동일기연 032960 당기손익인식공정가치측정금융자산 0 0
동일기연 032960 종속회사투자 0 0
동일기연 032960 관계회사투자 0 0
동일기연 032960 렌탈자산 0 0
동일기연 032960 유형자산 3,949,325,471 4,169,341,375
동일기연 032960 무형자산 159,835,900 169,591,540
동일기연 032960 기타비유동금융자산 1,580,076,767 1,522,256,767
동일기연 032960 기타비유동자산 0 0
동일기연 032960 사용권자산 0 0
동일기연 032960 이연법인세자산 625,416,844 621,451,111
동일기연 032960 자산총계 70,148,357,578 70,656,415,714
동일기연 032960 유동부채 3,392,501,436 4,847,620,730
동일기연 032960 단기매입채무 0 0
동일기연 032960 단기차입금 0 0
동일기연 032960 유동성장기차입금 0 0
동일기연 032960 유동성사채 0 0
동일기연 032960 기타유동금융부채 0 0
동일기연 032960 기타유동부채 0 0
동일기연 032960 당기법인세부채 0 224,342,757
동일기연 032960 유동리스부채 0 0
동일기연 032960 비유동부채 1,082,732,530 1,082,732,530
동일기연 032960 사채 0 0
동일기연 032960 장기차입금 0 0
동일기연 032960 기타비유동금융부채 0 0
동일기연 032960 이연법인세부채 0 0
동일기연 032960 비유동리스부채 0 0
동일기연 032960 부채총계 4,475,233,966 5,930,353,260
동일기연 032960 자본금 4,824,841,500 4,730,174,000
동일기연 032960 자본잉여금 0 0
동일기연 032960 자본조정 0 0
동일기연 032960 기타포괄손익누계액 0 0
동일기연 032960 이익잉여금(결손금) 83,244,771,925 82,139,677,407
동일기연 032960 자본총계 65,673,123,612 64,726,062,454
동일기연 032960 자본과부채총계 70,148,357,578 70,656,415,714
date : 2018-12-31
동일기연 032960 유동자산 40,203,291,881 49,810,580,467
동일기연 032960 현금및현금성자산 6,562,917,453 2,085,283,474
동일기연 032960 매출채권 3,915,563,008 4,360,321,028
동일기연 032960 재고자산 9,599,505,230 10,042,952,407
동일기연 032960 기타유동금융자산 19,556,426,007 32,705,902,720
동일기연 032960 기타유동자산 0 0
동일기연 032960 매각예정비유동자산 0 0
동일기연 032960 비유동자산 20,365,154,008 20,845,835,247
동일기연 032960 장기금융상품 0 0
동일기연 032960 기타포괄손익-공정가치 0 0
동일기연 032960 당기손익인식공정가치측정금융자산 0 0
동일기연 032960 종속회사투자 0 0
동일기연 032960 관계회사투자 0 0
동일기연 032960 렌탈자산 0 0
동일기연 032960 유형자산 3,857,350,645 4,169,341,375
동일기연 032960 무형자산 154,281,727 169,591,540
동일기연 032960 기타비유동금융자산 1,623,940,000 1,522,256,767
동일기연 032960 기타비유동자산 0 0
동일기연 032960 사용권자산 0 0
동일기연 032960 이연법인세자산 1,629,689,919 621,451,111
동일기연 032960 자산총계 60,568,445,889 70,656,415,714
동일기연 032960 유동부채 3,237,495,969 4,847,620,730
동일기연 032960 단기매입채무 0 0
동일기연 032960 단기차입금 0 0
동일기연 032960 유동성장기차입금 0 0
동일기연 032960 유동성사채 0 0
동일기연 032960 기타유동금융부채 0 0
동일기연 032960 기타유동부채 0 0
동일기연 032960 당기법인세부채 22,408,514 224,342,757
동일기연 032960 유동리스부채 0 0
동일기연 032960 비유동부채 1,150,311,486 1,082,732,530
동일기연 032960 사채 0 0
동일기연 032960 장기차입금 0 0
동일기연 032960 기타비유동금융부채 0 0
동일기연 032960 이연법인세부채 0 0
동일기연 032960 비유동리스부채 0 0
동일기연 032960 부채총계 4,387,807,455 5,930,353,260
동일기연 032960 자본금 4,824,841,500 4,730,174,000
동일기연 032960 자본잉여금 0 0
동일기연 032960 자본조정 0 0
동일기연 032960 기타포괄손익누계액 0 0
동일기연 032960 이익잉여금(결손금) 81,488,124,997 82,139,677,407
동일기연 032960 자본총계 56,180,638,434 64,726,062,454
동일기연 032960 자본과부채총계 60,568,445,889 70,656,415,714
date : 2019-03-31
동일기연 032960 유동자산 36,315,014,944 40,203,291,881
동일기연 032960 현금및현금성자산 5,199,309,861 6,562,917,453
동일기연 032960 매출채권 4,146,714,770 3,915,563,008
동일기연 032960 재고자산 9,541,945,959 9,599,505,230
동일기연 032960 기타유동금융자산 17,012,944,487 19,556,426,007
동일기연 032960 기타유동자산 0 0
동일기연 032960 매각예정비유동자산 0 0
동일기연 032960 비유동자산 20,177,093,661 20,365,154,008
동일기연 032960 장기금융상품 0 0
동일기연 032960 기타포괄손익-공정가치 0 0
동일기연 032960 당기손익인식공정가치측정금융자산 0 0
동일기연 032960 종속회사투자 0 0
동일기연 032960 관계회사투자 0 0
동일기연 032960 렌탈자산 0 0
동일기연 032960 유형자산 3,784,366,478 3,857,350,645
동일기연 032960 무형자산 156,795,644 154,281,727
동일기연 032960 기타비유동금융자산 1,651,520,000 1,623,940,000
동일기연 032960 기타비유동자산 0 0
동일기연 032960 사용권자산 0 0
동일기연 032960 이연법인세자산 1,504,466,094 1,629,689,919
동일기연 032960 자산총계 56,492,108,605 60,568,445,889
동일기연 032960 유동부채 3,881,322,509 3,237,495,969
동일기연 032960 단기매입채무 0 0
동일기연 032960 단기차입금 0 0
동일기연 032960 유동성장기차입금 0 0
동일기연 032960 유동성사채 0 0
동일기연 032960 기타유동금융부채 0 0
동일기연 032960 기타유동부채 0 0
동일기연 032960 당기법인세부채 22,408,514 22,408,514
동일기연 032960 유동리스부채 0 0
동일기연 032960 비유동부채 1,150,311,486 1,150,311,486
동일기연 032960 사채 0 0
동일기연 032960 장기차입금 0 0
동일기연 032960 기타비유동금융부채 0 0
동일기연 032960 이연법인세부채 0 0
동일기연 032960 비유동리스부채 0 0
동일기연 032960 부채총계 5,031,633,995 4,387,807,455
동일기연 032960 자본금 4,892,123,000 4,824,841,500
동일기연 032960 자본잉여금 0 0
동일기연 032960 자본조정 0 0
동일기연 032960 기타포괄손익누계액 0 0
동일기연 032960 이익잉여금(결손금) 46,644,768,637 81,488,124,997
동일기연 032960 자본총계 51,460,474,610 56,180,638,434
동일기연 032960 자본과부채총계 56,492,108,605 60,568,445,889
