date : 2019-03-31
필룩스 033180 유동자산 99,090,654,801 114,708,120,166
필룩스 033180 현금및현금성자산 5,608,168,986 11,529,580,605
필룩스 033180 매출채권 및 기타유동채권
필룩스 033180 재고자산 53,376,469,910 62,238,993,256
필룩스 033180 비유동자산 173,090,948,322 155,082,785,357
필룩스 033180 유형자산 18,826,403,878 19,024,816,722
필룩스 033180 무형자산 1,795,407,930 1,820,586,459
필룩스 033180 사용권자산 591,587,874 0
필룩스 033180 자산총계 272,181,603,123 269,790,905,523
필룩스 033180 유동부채 103,628,060,527 120,357,923,865
필룩스 033180 기타유동금융부채 2,731,398,452 10,281,721,551
필룩스 033180 단기차입금 8,968,952,708 9,497,199,403
필룩스 033180 유동성장기차입금 2,000,000,000 16,000,000,000
필룩스 033180 당기법인세부채 2,830,610,081 2,063,393,003
필룩스 033180 비유동부채 3,674,376,564 3,108,813,840
필룩스 033180 기타비유동금융부채 61,468,716 96,371,673
필룩스 033180 이연법인세부채 2,115,185,749 1,986,476,537
필룩스 033180 부채총계 107,302,437,091 123,466,737,705
필룩스 033180 자본금 28,971,561,000 27,063,447,500
필룩스 033180 이익잉여금(결손금) 14,861,711,978 12,691,875,553
필룩스 033180 자본총계 164,879,166,032 146,324,167,818
필룩스 033180 자본과부채총계 272,181,603,123 269,790,905,523
