date : 2015-12-31
모아텍 033200 유동자산 66,614,520,379 79,393,154,746
모아텍 033200 현금및현금성자산 13,042,152,366 12,430,264,618
모아텍 033200 매출채권 및 기타유동채권
모아텍 033200 재고자산 3,382,421,859 17,211,334,560
모아텍 033200 기타유동금융자산 33,015,694,070 32,073,489,025
모아텍 033200 기타유동자산 0 0
모아텍 033200 매각예정비유동자산 197,660,111 17,211,334,560
모아텍 033200 비유동자산 47,774,204,429 43,146,534,116
모아텍 033200 장기금융상품 0 0
모아텍 033200 기타포괄손익-공정가치 0 0
모아텍 033200 당기손익인식공정가치측정금융자산 0 0
모아텍 033200 종속회사투자 0 0
모아텍 033200 관계회사투자 0 0
모아텍 033200 렌탈자산 0 0
모아텍 033200 유형자산 17,612,228,979 18,039,053,333
모아텍 033200 무형자산 624,311,552 473,796,239
모아텍 033200 기타비유동금융자산 6,840,872,150 5,708,303,310
모아텍 033200 기타비유동자산 0 0
모아텍 033200 사용권자산 0 0
모아텍 033200 이연법인세자산 4,636,456,834 1,890,992,422
모아텍 033200 자산총계 114,388,724,808 122,539,688,862
모아텍 033200 유동부채 10,391,491,510 9,838,693,398
모아텍 033200 단기매입채무 0 0
모아텍 033200 단기차입금 2,000,000,000 9,838,693,398
모아텍 033200 유동성장기차입금 0 0
모아텍 033200 유동성사채 0 0
모아텍 033200 기타유동금융부채 0 0
모아텍 033200 기타유동부채 0 0
모아텍 033200 당기법인세부채 0 0
모아텍 033200 유동리스부채 0 0
모아텍 033200 비유동부채 2,225,798,395 1,176,097,071
모아텍 033200 사채 0 0
모아텍 033200 장기차입금 0 0
모아텍 033200 기타비유동금융부채 0 0
모아텍 033200 이연법인세부채 434,052,136 1,176,097,071
모아텍 033200 비유동리스부채 0 0
모아텍 033200 부채총계 12,617,289,905 11,014,790,469
모아텍 033200 자본금 7,665,592,500 7,665,592,500
모아텍 033200 자본잉여금 18,693,587,433 18,693,587,433
모아텍 033200 자본조정 0 0
모아텍 033200 기타포괄손익누계액 832,746,197 -75,182,760
모아텍 033200 이익잉여금(결손금) 0 0
모아텍 033200 자본총계 101,771,434,903 111,524,898,393
모아텍 033200 자본과부채총계 114,388,724,808 122,539,688,862
date : 2016-03-31
모아텍 033200 유동자산 66,635,745,544 66,614,520,379
모아텍 033200 현금및현금성자산 15,082,858,869 13,042,152,366
모아텍 033200 매출채권 및 기타유동채권
모아텍 033200 재고자산 3,797,577,433 3,382,421,859
모아텍 033200 기타유동금융자산 33,088,188,661 33,015,694,070
모아텍 033200 기타유동자산 0 0
모아텍 033200 매각예정비유동자산 197,660,111 3,382,421,859
모아텍 033200 비유동자산 47,397,414,252 47,774,204,429
모아텍 033200 장기금융상품 0 0
모아텍 033200 기타포괄손익-공정가치 0 0
모아텍 033200 당기손익인식공정가치측정금융자산 0 0
모아텍 033200 종속회사투자 0 0
모아텍 033200 관계회사투자 0 0
모아텍 033200 렌탈자산 0 0
모아텍 033200 유형자산 17,726,527,752 17,612,228,979
모아텍 033200 무형자산 622,052,560 624,311,552
모아텍 033200 기타비유동금융자산 6,637,785,580 6,840,872,150
모아텍 033200 기타비유동자산 0 0
모아텍 033200 사용권자산 0 0
모아텍 033200 이연법인세자산 4,439,413,446 4,636,456,834
모아텍 033200 자산총계 114,033,159,796 114,388,724,808
모아텍 033200 유동부채 10,023,857,284 10,391,491,510
모아텍 033200 단기매입채무 0 0
모아텍 033200 단기차입금 0 0
모아텍 033200 유동성장기차입금 0 0
모아텍 033200 유동성사채 0 0
모아텍 033200 기타유동금융부채 0 0
모아텍 033200 기타유동부채 0 0
모아텍 033200 당기법인세부채 0 0
모아텍 033200 유동리스부채 0 0
모아텍 033200 비유동부채 1,519,068,369 2,225,798,395
모아텍 033200 사채 0 0
모아텍 033200 장기차입금 0 0
모아텍 033200 기타비유동금융부채 0 0
모아텍 033200 이연법인세부채 0 0
모아텍 033200 비유동리스부채 0 0
모아텍 033200 부채총계 11,542,925,653 12,617,289,905
모아텍 033200 자본금 7,665,592,500 7,665,592,500
모아텍 033200 자본잉여금 18,693,587,433 18,693,587,433
모아텍 033200 자본조정 0 0
모아텍 033200 기타포괄손익누계액 812,185,169 832,746,197
모아텍 033200 이익잉여금(결손금) 0 0
모아텍 033200 자본총계 102,490,234,143 101,771,434,903
모아텍 033200 자본과부채총계 114,033,159,796 114,388,724,808
date : 2016-06-30
모아텍 033200 유동자산 64,227,639,840 66,614,520,379
모아텍 033200 현금및현금성자산 14,886,441,119 13,042,152,366
모아텍 033200 매출채권 및 기타유동채권
모아텍 033200 재고자산 3,862,610,164 3,382,421,859
모아텍 033200 기타유동금융자산 33,012,800,000 33,015,694,070
모아텍 033200 기타유동자산 0 0
모아텍 033200 매각예정비유동자산 1,657,244,942 197,660,111
모아텍 033200 비유동자산 47,015,495,050 47,774,204,429
모아텍 033200 장기금융상품 0 0
모아텍 033200 기타포괄손익-공정가치 0 0
모아텍 033200 당기손익인식공정가치측정금융자산 0 0
모아텍 033200 종속회사투자 0 0
모아텍 033200 관계회사투자 0 0
모아텍 033200 렌탈자산 0 0
모아텍 033200 유형자산 16,079,472,693 17,612,228,979
모아텍 033200 무형자산 604,992,216 624,311,552
모아텍 033200 기타비유동금융자산 7,945,250,650 6,840,872,150
모아텍 033200 기타비유동자산 0 0
모아텍 033200 사용권자산 0 0
모아텍 033200 이연법인세자산 4,501,968,577 4,636,456,834
모아텍 033200 자산총계 111,243,134,890 114,388,724,808
모아텍 033200 유동부채 7,601,222,104 10,391,491,510
모아텍 033200 단기매입채무 0 0
모아텍 033200 단기차입금 0 0
모아텍 033200 유동성장기차입금 0 0
모아텍 033200 유동성사채 0 0
모아텍 033200 기타유동금융부채 0 0
모아텍 033200 기타유동부채 0 0
모아텍 033200 당기법인세부채 0 0
모아텍 033200 유동리스부채 0 0
모아텍 033200 비유동부채 1,394,354,378 2,225,798,395
모아텍 033200 사채 0 0
모아텍 033200 장기차입금 0 0
모아텍 033200 기타비유동금융부채 0 0
모아텍 033200 이연법인세부채 0 0
모아텍 033200 비유동리스부채 0 0
모아텍 033200 부채총계 8,995,576,482 12,617,289,905
모아텍 033200 자본금 7,665,592,500 7,665,592,500
모아텍 033200 자본잉여금 18,693,587,433 18,693,587,433
모아텍 033200 자본조정 837,251,800 837,251,800
모아텍 033200 기타포괄손익누계액 1,831,571,964 832,746,197
모아텍 033200 이익잉여금(결손금) 73,219,554,711 73,742,256,973
모아텍 033200 자본총계 102,247,558,408 101,771,434,903
모아텍 033200 자본과부채총계 111,243,134,890 114,388,724,808
date : 2016-09-30
모아텍 033200 유동자산 69,985,832,269 66,614,520,379
모아텍 033200 현금및현금성자산 9,854,096,174 13,042,152,366
모아텍 033200 매출채권 및 기타유동채권
모아텍 033200 재고자산 3,162,046,380 3,382,421,859
모아텍 033200 기타유동금융자산 49,065,100,000 33,015,694,070
모아텍 033200 기타유동자산 0 0
모아텍 033200 매각예정비유동자산 197,660,111 3,382,421,859
모아텍 033200 비유동자산 39,025,830,140 47,774,204,429
모아텍 033200 장기금융상품 0 0
모아텍 033200 기타포괄손익-공정가치 0 0
모아텍 033200 당기손익인식공정가치측정금융자산 0 0
모아텍 033200 종속회사투자 0 0
모아텍 033200 관계회사투자 0 0
모아텍 033200 렌탈자산 0 0
모아텍 033200 유형자산 16,134,970,390 17,612,228,979
모아텍 033200 무형자산 605,838,555 624,311,552
모아텍 033200 기타비유동금융자산 89,187,090 6,840,872,150
모아텍 033200 기타비유동자산 0 0
모아텍 033200 사용권자산 0 0
모아텍 033200 이연법인세자산 4,549,673,191 4,636,456,834
모아텍 033200 자산총계 109,011,662,409 114,388,724,808
모아텍 033200 유동부채 5,678,157,615 10,391,491,510
모아텍 033200 단기매입채무 0 0
모아텍 033200 단기차입금 0 0
모아텍 033200 유동성장기차입금 0 0
모아텍 033200 유동성사채 0 0
모아텍 033200 기타유동금융부채 0 0
모아텍 033200 기타유동부채 0 0
모아텍 033200 당기법인세부채 115,897,687 10,391,491,510
모아텍 033200 유동리스부채 0 0
모아텍 033200 비유동부채 478,664,822 2,225,798,395
모아텍 033200 사채 0 0
모아텍 033200 장기차입금 0 0
모아텍 033200 기타비유동금융부채 0 0
모아텍 033200 이연법인세부채 0 0
모아텍 033200 비유동리스부채 0 0
모아텍 033200 부채총계 6,156,822,437 12,617,289,905
모아텍 033200 자본금 7,665,592,500 7,665,592,500
모아텍 033200 자본잉여금 18,693,587,433 18,693,587,433
모아텍 033200 자본조정 837,251,800 837,251,800
모아텍 033200 기타포괄손익누계액 832,746,197 -75,182,760
모아텍 033200 이익잉여금(결손금) 75,658,408,239 73,742,256,973
모아텍 033200 자본총계 102,854,839,972 101,771,434,903
모아텍 033200 자본과부채총계 109,011,662,409 114,388,724,808
date : 2016-12-31
모아텍 033200 유동자산 74,917,932,216 66,614,520,379
모아텍 033200 현금및현금성자산 43,340,551,773 13,042,152,366
모아텍 033200 매출채권 및 기타유동채권
모아텍 033200 재고자산 3,192,642,918 3,382,421,859
모아텍 033200 기타유동금융자산 16,667,700,000 33,015,694,070
모아텍 033200 기타유동자산 0 0
모아텍 033200 매각예정비유동자산 197,660,111 3,382,421,859
모아텍 033200 비유동자산 37,664,471,773 47,774,204,429
모아텍 033200 장기금융상품 0 0
모아텍 033200 기타포괄손익-공정가치 0 0
모아텍 033200 당기손익인식공정가치측정금융자산 0 0
모아텍 033200 종속회사투자 0 0
모아텍 033200 관계회사투자 0 0
모아텍 033200 렌탈자산 0 0
모아텍 033200 유형자산 16,022,300,658 17,612,228,979
모아텍 033200 무형자산 590,412,119 624,311,552
모아텍 033200 기타비유동금융자산 89,187,090 6,840,872,150
모아텍 033200 기타비유동자산 0 0
모아텍 033200 사용권자산 0 0
모아텍 033200 이연법인세자산 3,877,680,912 4,636,456,834
모아텍 033200 자산총계 112,582,403,989 114,388,724,808
모아텍 033200 유동부채 7,861,347,180 10,391,491,510
모아텍 033200 단기매입채무 0 0
모아텍 033200 단기차입금 0 0
모아텍 033200 유동성장기차입금 0 0
모아텍 033200 유동성사채 0 0
모아텍 033200 기타유동금융부채 0 0
모아텍 033200 기타유동부채 0 0
모아텍 033200 당기법인세부채 0 10,391,491,510
모아텍 033200 유동리스부채 0 0
모아텍 033200 비유동부채 172,954,241 2,225,798,395
모아텍 033200 사채 0 0
모아텍 033200 장기차입금 0 0
모아텍 033200 기타비유동금융부채 0 0
모아텍 033200 이연법인세부채 0 0
모아텍 033200 비유동리스부채 0 0
모아텍 033200 부채총계 8,034,301,421 12,617,289,905
모아텍 033200 자본금 7,665,592,500 7,665,592,500
모아텍 033200 자본잉여금 18,693,587,433 18,693,587,433
모아텍 033200 자본조정 837,251,800 837,251,800
모아텍 033200 기타포괄손익누계액 832,746,197 -75,182,760
모아텍 033200 이익잉여금(결손금) 77,351,670,835 73,742,256,973
모아텍 033200 자본총계 104,548,102,568 101,771,434,903
모아텍 033200 자본과부채총계 112,582,403,989 114,388,724,808
date : 2017-06-30
모아텍 033200 유동자산 51,265,765,388 50,578,004,196
모아텍 033200 현금및현금성자산 11,950,850,084 16,043,568,685
모아텍 033200 매출채권 및 기타유동채권
모아텍 033200 재고자산 3,906,386,322 3,857,812,497
모아텍 033200 기타유동금융자산 0 0
모아텍 033200 기타유동자산 108,743,424 231,743,356
모아텍 033200 매각예정비유동자산 0 0
모아텍 033200 비유동자산 33,711,743,960 33,849,102,748
모아텍 033200 장기금융상품 0 0
모아텍 033200 기타포괄손익-공정가치 0 0
모아텍 033200 당기손익인식공정가치측정금융자산 0 0
모아텍 033200 종속회사투자 0 0
모아텍 033200 관계회사투자 0 0
모아텍 033200 렌탈자산 0 0
모아텍 033200 유형자산 15,776,341,525 15,933,528,783
모아텍 033200 무형자산 565,313,412 575,484,942
모아텍 033200 기타비유동금융자산 89,187,090 89,187,090
모아텍 033200 기타비유동자산 0 0
모아텍 033200 사용권자산 0 0
모아텍 033200 이연법인세자산 359,116,939 359,116,939
모아텍 033200 자산총계 84,977,509,348 84,427,106,944
모아텍 033200 유동부채 7,899,863,548 8,589,375,209
모아텍 033200 단기매입채무 0 0
모아텍 033200 단기차입금 0 0
모아텍 033200 유동성장기차입금 0 0
모아텍 033200 유동성사채 0 0
모아텍 033200 기타유동금융부채 0 0
모아텍 033200 기타유동부채 0 0
모아텍 033200 당기법인세부채 0 0
모아텍 033200 유동리스부채 0 0
모아텍 033200 비유동부채 408,397,540 255,833,978
모아텍 033200 사채 0 0
모아텍 033200 장기차입금 0 0
모아텍 033200 기타비유동금융부채 0 0
모아텍 033200 이연법인세부채 0 0
모아텍 033200 비유동리스부채 0 0
모아텍 033200 부채총계 8,308,261,088 8,845,209,187
모아텍 033200 자본금 7,665,592,500 7,665,592,500
모아텍 033200 자본잉여금 19,354,450,833 19,354,450,833
모아텍 033200 자본조정 -25,198,900,350 -25,169,746,460
모아텍 033200 기타포괄손익누계액 0 0
모아텍 033200 이익잉여금(결손금) 74,848,105,277 73,731,600,884
모아텍 033200 자본총계 76,669,248,260 75,581,897,757
모아텍 033200 자본과부채총계 84,977,509,348 84,427,106,944
date : 2017-09-30
모아텍 033200 유동자산 50,227,890,471 50,578,004,196
모아텍 033200 현금및현금성자산 11,843,109,085 16,043,568,685
모아텍 033200 매출채권 및 기타유동채권
모아텍 033200 재고자산 3,892,289,952 3,857,812,497
모아텍 033200 기타유동금융자산 25,283,000,000 19,711,800,000
모아텍 033200 기타유동자산 0 0
모아텍 033200 매각예정비유동자산 0 0
모아텍 033200 비유동자산 33,320,557,434 33,849,102,748
모아텍 033200 장기금융상품 0 0
모아텍 033200 기타포괄손익-공정가치 0 0
모아텍 033200 당기손익인식공정가치측정금융자산 0 0
모아텍 033200 종속회사투자 0 0
모아텍 033200 관계회사투자 0 0
모아텍 033200 렌탈자산 0 0
모아텍 033200 유형자산 15,669,881,051 15,933,528,783
모아텍 033200 무형자산 537,104,227 575,484,942
모아텍 033200 기타비유동금융자산 89,187,090 89,187,090
모아텍 033200 기타비유동자산 0 0
모아텍 033200 사용권자산 0 0
모아텍 033200 이연법인세자산 49,120,072 359,116,939
모아텍 033200 자산총계 83,548,447,905 84,427,106,944
모아텍 033200 유동부채 6,198,485,027 8,589,375,209
모아텍 033200 단기매입채무 0 0
모아텍 033200 단기차입금 0 0
모아텍 033200 유동성장기차입금 0 0
모아텍 033200 유동성사채 0 0
모아텍 033200 기타유동금융부채 0 0
모아텍 033200 기타유동부채 0 0
모아텍 033200 당기법인세부채 16,878,170 8,589,375,209
모아텍 033200 유동리스부채 0 0
모아텍 033200 비유동부채 365,092,646 255,833,978
모아텍 033200 사채 0 0
모아텍 033200 장기차입금 0 0
모아텍 033200 기타비유동금융부채 0 0
모아텍 033200 이연법인세부채 0 0
모아텍 033200 비유동리스부채 0 0
모아텍 033200 부채총계 6,563,577,673 8,845,209,187
모아텍 033200 자본금 7,665,592,500 7,665,592,500
모아텍 033200 자본잉여금 19,354,450,833 19,354,450,833
모아텍 033200 자본조정 0 0
모아텍 033200 기타포괄손익누계액 0 0
모아텍 033200 이익잉여금(결손금) 0 0
모아텍 033200 자본총계 76,984,870,232 75,581,897,757
모아텍 033200 자본과부채총계 83,548,447,905 84,427,106,944
date : 2017-12-31
모아텍 033200 유동자산 49,996,526,912 50,578,004,196
모아텍 033200 현금및현금성자산 13,044,646,336 16,043,568,685
모아텍 033200 매출채권 및 기타유동채권
모아텍 033200 재고자산 4,633,017,311 3,857,812,497
모아텍 033200 기타유동금융자산 25,280,700,000 19,711,800,000
모아텍 033200 기타유동자산 0 0
모아텍 033200 매각예정비유동자산 0 0
모아텍 033200 비유동자산 33,243,917,548 33,849,102,748
모아텍 033200 장기금융상품 0 0
모아텍 033200 기타포괄손익-공정가치 0 0
모아텍 033200 당기손익인식공정가치측정금융자산 0 0
모아텍 033200 종속회사투자 0 0
모아텍 033200 관계회사투자 0 0
모아텍 033200 렌탈자산 0 0
모아텍 033200 유형자산 15,609,491,923 15,933,528,783
모아텍 033200 무형자산 520,853,469 575,484,942
모아텍 033200 기타비유동금융자산 89,187,090 89,187,090
모아텍 033200 기타비유동자산 0 0
모아텍 033200 사용권자산 0 0
모아텍 033200 이연법인세자산 49,120,072 359,116,939
모아텍 033200 자산총계 83,240,444,460 84,427,106,944
모아텍 033200 유동부채 5,614,920,233 8,589,375,209
모아텍 033200 단기매입채무 0 0
모아텍 033200 단기차입금 0 0
모아텍 033200 유동성장기차입금 0 0
모아텍 033200 유동성사채 0 0
모아텍 033200 기타유동금융부채 0 0
모아텍 033200 기타유동부채 0 0
모아텍 033200 당기법인세부채 16,878,170 8,589,375,209
모아텍 033200 유동리스부채 0 0
모아텍 033200 비유동부채 515,092,646 255,833,978
모아텍 033200 사채 0 0
모아텍 033200 장기차입금 0 0
모아텍 033200 기타비유동금융부채 0 0
모아텍 033200 이연법인세부채 0 0
모아텍 033200 비유동리스부채 0 0
모아텍 033200 부채총계 6,130,012,879 8,845,209,187
모아텍 033200 자본금 7,665,592,500 7,665,592,500
모아텍 033200 자본잉여금 19,354,450,833 19,354,450,833
모아텍 033200 자본조정 0 0
모아텍 033200 기타포괄손익누계액 0 0
모아텍 033200 이익잉여금(결손금) 0 0
모아텍 033200 자본총계 77,110,431,581 75,581,897,757
모아텍 033200 자본과부채총계 83,240,444,460 84,427,106,944
date : 2017-03-31
모아텍 033200 유동자산 50,578,004,196 74,917,932,216
모아텍 033200 현금및현금성자산 16,043,568,685 43,340,551,773
모아텍 033200 매출채권 및 기타유동채권
모아텍 033200 재고자산 3,857,812,497 3,192,642,918
모아텍 033200 기타유동금융자산 19,711,800,000 16,667,700,000
모아텍 033200 기타유동자산 0 0
모아텍 033200 매각예정비유동자산 197,660,111 3,192,642,918
모아텍 033200 비유동자산 33,849,102,748 37,664,471,773
모아텍 033200 장기금융상품 0 0
모아텍 033200 기타포괄손익-공정가치 0 0
모아텍 033200 당기손익인식공정가치측정금융자산 0 0
모아텍 033200 종속회사투자 0 0
모아텍 033200 관계회사투자 0 0
모아텍 033200 렌탈자산 0 0
모아텍 033200 유형자산 15,933,528,783 16,022,300,658
모아텍 033200 무형자산 575,484,942 590,412,119
모아텍 033200 기타비유동금융자산 89,187,090 89,187,090
모아텍 033200 기타비유동자산 0 0
모아텍 033200 사용권자산 0 0
모아텍 033200 이연법인세자산 359,116,939 3,877,680,912
모아텍 033200 자산총계 84,427,106,944 112,582,403,989
모아텍 033200 유동부채 8,589,375,209 7,861,347,180
모아텍 033200 단기매입채무 0 0
모아텍 033200 단기차입금 0 0
모아텍 033200 유동성장기차입금 0 0
모아텍 033200 유동성사채 0 0
모아텍 033200 기타유동금융부채 0 0
모아텍 033200 기타유동부채 0 0
모아텍 033200 당기법인세부채 0 7,861,347,180
모아텍 033200 유동리스부채 0 0
모아텍 033200 비유동부채 255,833,978 172,954,241
모아텍 033200 사채 0 0
모아텍 033200 장기차입금 0 0
모아텍 033200 기타비유동금융부채 0 0
모아텍 033200 이연법인세부채 0 0
모아텍 033200 비유동리스부채 0 0
모아텍 033200 부채총계 8,845,209,187 8,034,301,421
모아텍 033200 자본금 7,665,592,500 7,665,592,500
모아텍 033200 자본잉여금 19,354,450,833 18,693,587,433
모아텍 033200 자본조정 -25,169,746,460 837,251,800
모아텍 033200 기타포괄손익누계액 832,746,197 837,251,800
모아텍 033200 이익잉여금(결손금) 73,731,600,884 77,351,670,835
모아텍 033200 자본총계 75,581,897,757 104,548,102,568
모아텍 033200 자본과부채총계 84,427,106,944 112,582,403,989
date : 2018-06-30
모아텍 033200 유동자산 51,342,505,909 50,453,000,260
모아텍 033200 현금및현금성자산 3,710,822,893 13,076,167,128
모아텍 033200 매출채권 및 기타채권
모아텍 033200 재고자산 3,676,362,035 3,501,525,152
모아텍 033200 기타유동금융자산 0 0
모아텍 033200 기타유동자산 256,916,644 135,675,551
모아텍 033200 매각예정비유동자산 0 0
모아텍 033200 비유동자산 32,519,830,397 32,664,400,610
모아텍 033200 장기금융상품 0 0
모아텍 033200 기타포괄손익-공정가치 0 0
모아텍 033200 당기손익인식공정가치측정금융자산 0 0
모아텍 033200 종속회사투자 0 0
모아텍 033200 관계회사투자 0 0
모아텍 033200 렌탈자산 0 0
모아텍 033200 유형자산 15,705,807,800 15,492,847,432
모아텍 033200 무형자산 524,055,157 537,705,647
모아텍 033200 기타비유동금융자산 89,187,090 89,187,090
모아텍 033200 기타비유동자산 0 0
모아텍 033200 사용권자산 0 0
모아텍 033200 이연법인세자산 5,129,356 80,955,447
모아텍 033200 자산총계 83,862,336,306 83,117,400,870
모아텍 033200 유동부채 5,742,556,724 5,504,705,354
모아텍 033200 단기매입채무 0 0
모아텍 033200 단기차입금 0 0
모아텍 033200 유동성장기차입금 0 0
모아텍 033200 유동성사채 0 0
모아텍 033200 기타유동금융부채 0 5,504,705,354
모아텍 033200 기타유동부채 47,740,600 139,821,640
모아텍 033200 당기법인세부채 0 0
모아텍 033200 유동리스부채 0 0
모아텍 033200 비유동부채 444,604,903 311,700,630
모아텍 033200 사채 0 0
모아텍 033200 장기차입금 0 0
모아텍 033200 기타비유동금융부채 0 0
모아텍 033200 이연법인세부채 0 0
모아텍 033200 비유동리스부채 0 0
모아텍 033200 부채총계 6,187,161,627 5,816,405,984
모아텍 033200 자본금 7,665,592,500 7,665,592,500
모아텍 033200 자본잉여금 19,354,450,833 19,354,450,833
모아텍 033200 자본조정 0 0
모아텍 033200 기타포괄손익누계액 0 0
모아텍 033200 이익잉여금(결손금) 0 0
모아텍 033200 자본총계 83,862,336,306 83,117,400,870
모아텍 033200 자본과부채총계 0 0
date : 2018-09-30
모아텍 033200 유동자산 50,614,627,167 50,453,000,260
모아텍 033200 현금및현금성자산 5,703,568,815 13,076,167,128
모아텍 033200 매출채권 및 기타채권
모아텍 033200 재고자산 3,742,515,241 3,501,525,152
모아텍 033200 기타유동금융자산 33,521,100,000 25,381,800,000
모아텍 033200 기타유동자산 201,820,888 135,675,551
모아텍 033200 매각예정비유동자산 0 0
모아텍 033200 비유동자산 32,215,189,473 32,664,400,610
모아텍 033200 장기금융상품 0 0
모아텍 033200 기타포괄손익-공정가치 0 0
모아텍 033200 당기손익인식공정가치측정금융자산 0 0
모아텍 033200 종속회사투자 0 0
모아텍 033200 관계회사투자 0 0
모아텍 033200 렌탈자산 0 0
모아텍 033200 유형자산 15,610,929,405 15,492,847,432
모아텍 033200 무형자산 510,404,667 537,705,647
모아텍 033200 기타비유동금융자산 89,187,090 89,187,090
모아텍 033200 기타비유동자산 0 0
모아텍 033200 사용권자산 0 0
모아텍 033200 이연법인세자산 39,237,317 80,955,447
모아텍 033200 자산총계 82,829,816,640 83,117,400,870
모아텍 033200 유동부채 4,522,423,005 5,504,705,354
모아텍 033200 단기매입채무 0 0
모아텍 033200 단기차입금 0 0
모아텍 033200 유동성장기차입금 0 0
모아텍 033200 유동성사채 0 0
모아텍 033200 기타유동금융부채 0 0
모아텍 033200 기타유동부채 99,681,150 139,821,640
모아텍 033200 당기법인세부채 0 0
모아텍 033200 유동리스부채 0 0
모아텍 033200 비유동부채 646,048,922 311,700,630
모아텍 033200 사채 0 0
모아텍 033200 장기차입금 0 0
모아텍 033200 기타비유동금융부채 0 0
모아텍 033200 이연법인세부채 0 0
모아텍 033200 비유동리스부채 0 0
모아텍 033200 부채총계 5,168,471,927 5,816,405,984
모아텍 033200 자본금 7,665,592,500 7,665,592,500
모아텍 033200 자본잉여금 19,354,450,833 19,354,450,833
모아텍 033200 자본조정 0 0
모아텍 033200 기타포괄손익누계액 0 0
모아텍 033200 이익잉여금(결손금) 75,840,201,730 75,479,851,903
모아텍 033200 자본총계 77,661,344,713 77,300,994,886
모아텍 033200 자본과부채총계 82,829,816,640 83,117,400,870
date : 2018-12-31
모아텍 033200 유동자산 52,177,704,137 50,453,000,260
모아텍 033200 현금및현금성자산 6,426,091,526 13,076,167,128
모아텍 033200 매출채권 및 기타채권
모아텍 033200 재고자산 3,750,053,629 3,501,525,152
모아텍 033200 기타유동금융자산 33,549,700,000 25,381,800,000
모아텍 033200 기타유동자산 314,772,035 135,675,551
모아텍 033200 매각예정비유동자산 0 0
모아텍 033200 비유동자산 31,822,276,090 32,664,400,610
모아텍 033200 장기금융상품 0 0
모아텍 033200 기타포괄손익-공정가치 0 0
모아텍 033200 당기손익인식공정가치측정금융자산 0 0
모아텍 033200 종속회사투자 0 0
모아텍 033200 관계회사투자 0 0
모아텍 033200 렌탈자산 0 0
모아텍 033200 유형자산 15,535,768,266 15,492,847,432
모아텍 033200 무형자산 496,793,076 537,705,647
모아텍 033200 기타비유동금융자산 89,187,090 89,187,090
모아텍 033200 기타비유동자산 0 0
모아텍 033200 사용권자산 0 0
모아텍 033200 이연법인세자산 80,955,447 537,705,647
모아텍 033200 자산총계 83,999,980,227 83,117,400,870
모아텍 033200 유동부채 5,211,895,057 5,504,705,354
모아텍 033200 단기매입채무 0 0
모아텍 033200 단기차입금 0 0
모아텍 033200 유동성장기차입금 0 0
모아텍 033200 유동성사채 0 0
모아텍 033200 기타유동금융부채 0 0
모아텍 033200 기타유동부채 128,392,624 139,821,640
모아텍 033200 당기법인세부채 0 0
모아텍 033200 유동리스부채 0 0
모아텍 033200 비유동부채 1,242,843,973 311,700,630
모아텍 033200 사채 0 0
모아텍 033200 장기차입금 0 0
모아텍 033200 기타비유동금융부채 0 0
모아텍 033200 이연법인세부채 534,001,845 311,700,630
모아텍 033200 비유동리스부채 0 0
모아텍 033200 부채총계 6,454,739,030 5,816,405,984
모아텍 033200 자본금 7,665,592,500 7,665,592,500
모아텍 033200 자본잉여금 19,354,450,833 19,354,450,833
모아텍 033200 자본조정 0 0
모아텍 033200 기타포괄손익누계액 0 0
모아텍 033200 이익잉여금(결손금) 75,724,098,214 75,479,851,903
모아텍 033200 자본총계 77,545,241,197 77,300,994,886
모아텍 033200 자본과부채총계 83,999,980,227 83,117,400,870
date : 2018-03-31
모아텍 033200 유동자산 50,453,000,260 50,578,004,196
모아텍 033200 현금및현금성자산 13,076,167,128 16,043,568,685
모아텍 033200 매출채권 및 기타채권
모아텍 033200 재고자산 3,501,525,152 3,857,812,497
모아텍 033200 기타유동금융자산 0 0
모아텍 033200 기타유동자산 135,675,551 231,743,356
모아텍 033200 매각예정비유동자산 0 0
모아텍 033200 비유동자산 32,664,400,610 33,849,102,748
모아텍 033200 장기금융상품 0 0
모아텍 033200 기타포괄손익-공정가치 0 0
모아텍 033200 당기손익인식공정가치측정금융자산 0 0
모아텍 033200 종속회사투자 0 0
모아텍 033200 관계회사투자 0 0
모아텍 033200 렌탈자산 0 0
모아텍 033200 유형자산 15,492,847,432 15,933,528,783
모아텍 033200 무형자산 537,705,647 575,484,942
모아텍 033200 기타비유동금융자산 89,187,090 89,187,090
모아텍 033200 기타비유동자산 0 0
모아텍 033200 사용권자산 0 0
모아텍 033200 이연법인세자산 80,955,447 359,116,939
모아텍 033200 자산총계 83,117,400,870 84,427,106,944
모아텍 033200 유동부채 5,504,705,354 8,589,375,209
모아텍 033200 단기매입채무 0 0
모아텍 033200 단기차입금 0 0
모아텍 033200 유동성장기차입금 0 0
모아텍 033200 유동성사채 0 0
모아텍 033200 기타유동금융부채 0 0
모아텍 033200 기타유동부채 139,821,640 47,442,770
모아텍 033200 당기법인세부채 0 0
모아텍 033200 유동리스부채 0 0
모아텍 033200 비유동부채 311,700,630 255,833,978
모아텍 033200 사채 0 0
모아텍 033200 장기차입금 0 0
모아텍 033200 기타비유동금융부채 0 0
모아텍 033200 이연법인세부채 0 0
모아텍 033200 비유동리스부채 0 0
모아텍 033200 부채총계 5,816,405,984 8,845,209,187
모아텍 033200 자본금 7,665,592,500 7,665,592,500
모아텍 033200 자본잉여금 19,354,450,833 19,354,450,833
모아텍 033200 자본조정 0 0
모아텍 033200 기타포괄손익누계액 0 0
모아텍 033200 이익잉여금(결손금) 0 0
모아텍 033200 자본총계 83,117,400,870 84,427,106,944
모아텍 033200 자본과부채총계 0 0
