date : 2019-03-31
케이티앤지 033780 유동자산 4,894,952,481,894 4,418,631,764,114
케이티앤지 033780 현금및현금성자산 1,106,150,558,347 748,123,323,519
케이티앤지 033780 기타유동금융자산 196,340,300,000 570,000,000,000
케이티앤지 033780 매출채권 및 기타유동채권
케이티앤지 033780 재고자산 947,724,404,195 954,677,584,804
케이티앤지 033780 비유동자산 4,376,354,535,780 4,311,283,870,155
케이티앤지 033780 기타비유동금융자산 596,920,000 6,937,220,000
케이티앤지 033780 기타포괄손익-공정가치 측정 금융자산
케이티앤지 033780 유형자산 1,204,887,497,195 1,200,906,524,123
케이티앤지 033780 무형자산 32,327,826,745 31,328,960,084
케이티앤지 033780 사용권자산 17,036,240,026 0
케이티앤지 033780 이연법인세자산 0 9,845,531,641
케이티앤지 033780 자산총계 9,271,307,017,674 8,729,915,634,269
케이티앤지 033780 유동부채 2,093,851,527,078 1,289,017,915,821
케이티앤지 033780 단기차입금 1,208,653,803 1,246,100,270
케이티앤지 033780 유동리스부채 6,005,777,733 0
케이티앤지 033780 당기법인세부채 237,692,883,787 169,266,311,114
케이티앤지 033780 비유동부채 95,898,251,274 75,676,425,167
케이티앤지 033780 비유동리스부채 10,315,764,615 0
케이티앤지 033780 이연법인세부채 3,247,276,473 0
케이티앤지 033780 부채총계 2,189,749,778,352 1,364,694,340,988
케이티앤지 033780 자본금 954,959,485,000 954,959,485,000
케이티앤지 033780 이익잉여금(결손금) 213,593,043,042 791,026,709,122
케이티앤지 033780 자본총계 7,081,557,239,322 7,365,221,293,281
케이티앤지 033780 자본과부채총계 9,271,307,017,674 8,729,915,634,269
