date : 2019-03-31
인천도시가스 034590 유동자산 230,547,908,330 170,458,569,448
인천도시가스 034590 현금및현금성자산 120,459,586,279 50,374,328,509
인천도시가스 034590 매출채권 및 기타유동채권
인천도시가스 034590 매출채권 108,634,423,980 117,341,332,877
인천도시가스 034590 재고자산 361,736,135 316,933,995
인천도시가스 034590 기타유동금융자산 856,040,000 782,170,000
인천도시가스 034590 비유동자산 176,435,697,045 177,395,284,134
인천도시가스 034590 유형자산 170,301,985,286 171,801,725,053
인천도시가스 034590 사용권자산 1,254,673,551 0
인천도시가스 034590 무형자산 2,980,270,044 3,109,213,134
인천도시가스 034590 기타비유동금융자산 924,453,260 923,861,260
인천도시가스 034590 기타포괄손익-공정가치 측정 금융자산
인천도시가스 034590 자산총계 406,983,605,375 347,853,853,582
인천도시가스 034590 유동부채 155,018,877,399 95,840,628,098
인천도시가스 034590 단기매입채무 133,037,066,369 80,319,190,817
인천도시가스 034590 유동성장기차입금 1,622,675,000 1,287,210,000
인천도시가스 034590 유동리스부채 355,368,638 0
인천도시가스 034590 당기법인세부채 1,602,741,237 2,533,918,674
인천도시가스 034590 기타유동부채 4,393,729,464 4,130,238,748
인천도시가스 034590 비유동부채 72,030,790,887 71,760,589,773
인천도시가스 034590 장기차입금 16,293,742,440 16,700,907,440
인천도시가스 034590 비유동리스부채 903,801,649 0
인천도시가스 034590 이연법인세부채 2,969,041,950 2,908,934,931
인천도시가스 034590 부채총계 227,049,668,286 167,601,217,871
인천도시가스 034590 자본금 21,873,770,000 21,873,770,000
인천도시가스 034590 자본잉여금 26,429,556,000 26,429,556,000
인천도시가스 034590 이익잉여금(결손금) 136,971,028,121 137,289,726,743
인천도시가스 034590 기타포괄손익누계액 426,458,648 426,458,648
인천도시가스 034590 기타포괄손익-공정가치 측정 금융자산
인천도시가스 034590 자본총계 179,933,937,089 180,252,635,711
인천도시가스 034590 자본과부채총계 406,983,605,375 347,853,853,582
