date : 2019-03-31
조아제약 034940 유동자산 53,469,194,223 53,058,273,504
조아제약 034940 현금및현금성자산 9,215,644,725 9,259,272,742
조아제약 034940 기타유동금융자산 2,556,164,038 2,300,479,506
조아제약 034940 매출채권 및 기타유동채권
조아제약 034940 재고자산 9,139,203,941 8,924,961,648
조아제약 034940 비유동자산 0 0
조아제약 034940 비유동자산 30,829,664,527 31,057,184,978
조아제약 034940 기타비유동금융자산 266,051,365 266,897,005
조아제약 034940 유형자산 18,772,764,857 19,041,193,433
조아제약 034940 무형자산 515,603,368 439,346,643
조아제약 034940 이연법인세자산 981,208,601 981,208,601
조아제약 034940 자산총계 84,298,858,750 84,115,458,482
조아제약 034940 유동부채 23,859,554,610 24,194,359,424
조아제약 034940 단기매입채무 2,982,347,218 2,413,370,861
조아제약 034940 당기법인세부채 32,568,935 32,568,935
조아제약 034940 기타유동금융부채 449,772,000 449,772,000
조아제약 034940 비유동부채 4,700,352,861 4,548,647,276
조아제약 034940 장기차입금 1,000,000,000 1,000,000,000
조아제약 034940 부채총계 28,559,907,471 28,743,006,700
조아제약 034940 자본금 14,155,115,500 14,155,115,500
조아제약 034940 자본잉여금 53,456,583,035 53,456,583,035
조아제약 034940 이익잉여금(결손금) -16,683,269,029 -17,049,768,526
조아제약 034940 기타포괄손익누계액 0 0
조아제약 034940 자본총계 55,738,951,279 55,372,451,782
조아제약 034940 자본과부채총계 84,298,858,750 84,115,458,482
