date : 2019-03-31
한국기업평가 034950 유동자산 57,863,120,090 53,633,287,910
한국기업평가 034950 현금및현금성자산 5,214,066,539 7,968,955,688
한국기업평가 034950 매출채권 및 기타유동채권
한국기업평가 034950 매출채권 4,389,887,925 2,863,628,375
한국기업평가 034950 비유동자산 47,066,972,917 45,292,783,832
한국기업평가 034950 유형자산 4,002,258,437 2,364,622,865
한국기업평가 034950 사용권자산 1,872,204,210 0
한국기업평가 034950 무형자산 244,500,000 244,500,000
한국기업평가 034950 이연법인세자산 1,182,247,186 1,137,923,066
한국기업평가 034950 기타비유동금융자산 9,293,803,400 9,293,803,400
한국기업평가 034950 기타포괄손익-공정가치 측정 금융자산
한국기업평가 034950 자산총계 104,930,093,007 98,926,071,742
한국기업평가 034950 유동부채 12,056,497,108 14,679,828,110
한국기업평가 034950 유동리스부채 493,286,925 0
한국기업평가 034950 당기법인세부채 2,201,929,437 1,619,403,465
한국기업평가 034950 비유동부채 5,405,357,911 3,675,238,804
한국기업평가 034950 비유동리스부채 1,389,859,239 0
한국기업평가 034950 부채총계 17,461,855,019 18,355,066,914
한국기업평가 034950 자본금 24,452,570,000 24,452,570,000
한국기업평가 034950 자본잉여금 16,403,783,662 16,403,783,662
한국기업평가 034950 기타포괄손익누계액 2,885,846,652 2,885,846,652
한국기업평가 034950 기타포괄손익-공정가치 측정 금융자산
한국기업평가 034950 이익잉여금(결손금) 46,070,389,774 39,173,156,614
한국기업평가 034950 자본총계 87,468,237,988 80,571,004,828
한국기업평가 034950 자본과부채총계 104,930,093,007 98,926,071,742
