date : 2015-12-31
지투알 035000 유동자산 50,286,857,751 48,412,841,036
지투알 035000 현금및현금성자산 153,326,736 297,973,313
지투알 035000 매출채권 0 0
지투알 035000 재고자산 0 0
지투알 035000 기타유동금융자산 0 0
지투알 035000 기타유동자산 1,483,758,699 187,328,287
지투알 035000 매각예정비유동자산 0 0
지투알 035000 비유동자산 49,592,683,252 49,014,263,813
지투알 035000 장기금융상품 0 0
지투알 035000 기타포괄손익-공정가치 0 0
지투알 035000 당기손익인식공정가치측정금융자산 0 0
지투알 035000 종속회사투자 0 0
지투알 035000 관계회사투자 0 0
지투알 035000 렌탈자산 0 0
지투알 035000 유형자산 1,269,105,300 1,196,511,346
지투알 035000 무형자산 1,860,917,294 1,963,697,735
지투알 035000 기타비유동금융자산 0 0
지투알 035000 기타비유동자산 20,042,683 48,874,049
지투알 035000 사용권자산 0 0
지투알 035000 이연법인세자산 1,686,546,342 1,476,845,450
지투알 035000 자산총계 99,879,541,003 97,427,104,849
지투알 035000 유동부채 5,467,612,204 2,739,098,188
지투알 035000 단기매입채무 0 0
지투알 035000 단기차입금 0 0
지투알 035000 유동성장기차입금 0 0
지투알 035000 유동성사채 0 0
지투알 035000 기타유동금융부채 0 0
지투알 035000 기타유동부채 346,908,671 123,172,424
지투알 035000 당기법인세부채 0 0
지투알 035000 유동리스부채 0 0
지투알 035000 비유동부채 1,068,198,051 1,211,984,818
지투알 035000 사채 0 0
지투알 035000 장기차입금 0 0
지투알 035000 기타비유동금융부채 0 0
지투알 035000 이연법인세부채 0 0
지투알 035000 비유동리스부채 0 0
지투알 035000 부채총계 6,535,810,255 3,951,083,006
지투알 035000 자본금 17,571,493,000 17,571,493,000
지투알 035000 자본잉여금 54,582,336,025 54,582,336,025
지투알 035000 자본조정 0 0
지투알 035000 기타포괄손익누계액 -40,519,752 -116,928,427
지투알 035000 이익잉여금(결손금) 0 0
지투알 035000 자본총계 93,343,730,748 93,476,021,843
지투알 035000 자본과부채총계 99,879,541,003 97,427,104,849
date : 2016-03-31
지투알 035000 유동자산 50,739,697,939 50,286,857,751
지투알 035000 현금및현금성자산 137,984,091 153,326,736
지투알 035000 매출채권 0 0
지투알 035000 재고자산 0 0
지투알 035000 기타유동금융자산 0 0
지투알 035000 기타유동자산 573,174,996 1,483,758,699
지투알 035000 매각예정비유동자산 0 0
지투알 035000 비유동자산 49,800,463,757 49,592,683,252
지투알 035000 장기금융상품 0 0
지투알 035000 기타포괄손익-공정가치 0 0
지투알 035000 당기손익인식공정가치측정금융자산 0 0
지투알 035000 종속회사투자 0 0
지투알 035000 관계회사투자 0 0
지투알 035000 렌탈자산 0 0
지투알 035000 유형자산 1,223,289,231 1,269,105,300
지투알 035000 무형자산 1,998,200,459 1,860,917,294
지투알 035000 기타비유동금융자산 0 0
지투알 035000 기타비유동자산 14,027,598 20,042,683
지투알 035000 사용권자산 0 0
지투알 035000 이연법인세자산 1,684,106,916 1,686,546,342
지투알 035000 자산총계 100,540,161,696 99,879,541,003
지투알 035000 유동부채 9,432,092,887 5,467,612,204
지투알 035000 단기매입채무 0 0
지투알 035000 단기차입금 0 0
지투알 035000 유동성장기차입금 0 0
지투알 035000 유동성사채 0 0
지투알 035000 기타유동금융부채 0 0
지투알 035000 기타유동부채 339,721,370 346,908,671
지투알 035000 당기법인세부채 0 0
지투알 035000 유동리스부채 0 0
지투알 035000 비유동부채 1,188,418,757 1,068,198,051
지투알 035000 사채 0 0
지투알 035000 장기차입금 0 0
지투알 035000 기타비유동금융부채 0 0
지투알 035000 이연법인세부채 0 0
지투알 035000 비유동리스부채 0 0
지투알 035000 부채총계 10,620,511,644 6,535,810,255
지투알 035000 자본금 17,571,493,000 17,571,493,000
지투알 035000 자본잉여금 54,582,336,025 54,582,336,025
지투알 035000 자본조정 0 0
지투알 035000 기타포괄손익누계액 -19,681,022 -40,519,752
지투알 035000 이익잉여금(결손금) 0 0
지투알 035000 자본총계 89,919,650,052 93,343,730,748
지투알 035000 자본과부채총계 100,540,161,696 99,879,541,003
date : 2016-06-30
지투알 035000 유동자산 46,521,869,190 50,286,857,751
지투알 035000 현금및현금성자산 168,806,611 153,326,736
지투알 035000 매출채권 0 0
지투알 035000 재고자산 0 0
지투알 035000 기타유동금융자산 0 0
지투알 035000 기타유동자산 789,609,426 1,483,758,699
지투알 035000 매각예정비유동자산 0 0
지투알 035000 비유동자산 49,932,096,131 49,592,683,252
지투알 035000 장기금융상품 0 0
지투알 035000 기타포괄손익-공정가치 0 0
지투알 035000 당기손익인식공정가치측정금융자산 0 0
지투알 035000 종속회사투자 0 0
지투알 035000 관계회사투자 0 0
지투알 035000 렌탈자산 0 0
지투알 035000 유형자산 1,132,850,650 1,269,105,300
지투알 035000 무형자산 2,910,449,624 1,860,917,294
지투알 035000 기타비유동금융자산 0 0
지투알 035000 기타비유동자산 9,294,994 20,042,683
지투알 035000 사용권자산 0 0
지투알 035000 이연법인세자산 1,717,400,510 1,686,546,342
지투알 035000 자산총계 96,453,965,321 99,879,541,003
지투알 035000 유동부채 5,223,466,152 5,467,612,204
지투알 035000 단기매입채무 0 0
지투알 035000 단기차입금 0 0
지투알 035000 유동성장기차입금 0 0
지투알 035000 유동성사채 0 0
지투알 035000 기타유동금융부채 0 0
지투알 035000 기타유동부채 290,019,364 346,908,671
지투알 035000 당기법인세부채 0 0
지투알 035000 유동리스부채 0 0
지투알 035000 비유동부채 1,326,472,452 1,068,198,051
지투알 035000 사채 0 0
지투알 035000 장기차입금 0 0
지투알 035000 기타비유동금융부채 0 0
지투알 035000 이연법인세부채 0 0
지투알 035000 비유동리스부채 0 0
지투알 035000 부채총계 6,549,938,604 6,535,810,255
지투알 035000 자본금 17,571,493,000 17,571,493,000
지투알 035000 자본잉여금 54,582,336,025 54,582,336,025
지투알 035000 자본조정 0 0
지투알 035000 기타포괄손익누계액 -112,297,598 0
지투알 035000 이익잉여금(결손금) 0 0
지투알 035000 자본총계 89,904,026,717 93,343,730,748
지투알 035000 자본과부채총계 96,453,965,321 99,879,541,003
date : 2016-09-30
지투알 035000 유동자산 44,511,506,710 50,286,857,751
지투알 035000 현금및현금성자산 121,841,869 153,326,736
지투알 035000 매출채권 0 0
지투알 035000 재고자산 0 0
지투알 035000 기타유동금융자산 0 0
지투알 035000 기타유동자산 584,275,424 1,483,758,699
지투알 035000 매각예정비유동자산 0 0
지투알 035000 비유동자산 50,112,879,307 49,592,683,252
지투알 035000 장기금융상품 0 0
지투알 035000 기타포괄손익-공정가치 0 0
지투알 035000 당기손익인식공정가치측정금융자산 0 0
지투알 035000 종속회사투자 0 0
지투알 035000 관계회사투자 0 0
지투알 035000 렌탈자산 0 0
지투알 035000 유형자산 997,471,165 1,269,105,300
지투알 035000 무형자산 2,957,058,164 1,860,917,294
지투알 035000 기타비유동금융자산 0 0
지투알 035000 기타비유동자산 4,999,498 20,042,683
지투알 035000 사용권자산 0 0
지투알 035000 이연법인세자산 1,831,573,967 1,686,546,342
지투알 035000 자산총계 94,624,386,017 99,879,541,003
지투알 035000 유동부채 3,373,520,950 5,467,612,204
지투알 035000 단기매입채무 0 0
지투알 035000 단기차입금 0 0
지투알 035000 유동성장기차입금 0 0
지투알 035000 유동성사채 0 0
지투알 035000 기타유동금융부채 0 0
지투알 035000 기타유동부채 414,467,885 346,908,671
지투알 035000 당기법인세부채 0 0
지투알 035000 유동리스부채 0 0
지투알 035000 비유동부채 1,453,287,421 1,068,198,051
지투알 035000 사채 0 0
지투알 035000 장기차입금 0 0
지투알 035000 기타비유동금융부채 0 0
지투알 035000 이연법인세부채 0 0
지투알 035000 비유동리스부채 0 0
지투알 035000 부채총계 4,826,808,371 6,535,810,255
지투알 035000 자본금 17,571,493,000 17,571,493,000
지투알 035000 자본잉여금 54,582,336,025 54,582,336,025
지투알 035000 자본조정 0 0
지투알 035000 기타포괄손익누계액 -15,050,194 -40,519,752
지투알 035000 이익잉여금(결손금) 0 0
지투알 035000 자본총계 89,797,577,646 93,343,730,748
지투알 035000 자본과부채총계 94,624,386,017 99,879,541,003
date : 2016-12-31
지투알 035000 유동자산 47,858,623,530 50,286,857,751
지투알 035000 현금및현금성자산 185,884,185 153,326,736
지투알 035000 매출채권 0 0
지투알 035000 재고자산 0 0
지투알 035000 기타유동금융자산 0 0
지투알 035000 기타유동자산 481,301,157 1,483,758,699
지투알 035000 매각예정비유동자산 0 0
지투알 035000 비유동자산 48,993,391,565 49,592,683,252
지투알 035000 장기금융상품 0 0
지투알 035000 기타포괄손익-공정가치 0 0
지투알 035000 당기손익인식공정가치측정금융자산 0 0
지투알 035000 종속회사투자 0 0
지투알 035000 관계회사투자 0 0
지투알 035000 렌탈자산 0 0
지투알 035000 유형자산 866,120,855 1,269,105,300
지투알 035000 무형자산 3,147,318,644 1,860,917,294
지투알 035000 기타비유동금융자산 0 0
지투알 035000 기타비유동자산 2,296,320 20,042,683
지투알 035000 사용권자산 0 0
지투알 035000 이연법인세자산 1,666,464,913 1,686,546,342
지투알 035000 자산총계 96,852,015,095 99,879,541,003
지투알 035000 유동부채 4,241,402,272 5,467,612,204
지투알 035000 단기매입채무 0 0
지투알 035000 단기차입금 0 0
지투알 035000 유동성장기차입금 0 0
지투알 035000 유동성사채 0 0
지투알 035000 기타유동금융부채 0 0
지투알 035000 기타유동부채 266,490,961 346,908,671
지투알 035000 당기법인세부채 0 0
지투알 035000 유동리스부채 0 0
지투알 035000 비유동부채 2,321,176,063 1,068,198,051
지투알 035000 사채 0 0
지투알 035000 장기차입금 0 0
지투알 035000 기타비유동금융부채 0 0
지투알 035000 이연법인세부채 0 0
지투알 035000 비유동리스부채 0 0
지투알 035000 부채총계 6,562,578,335 6,535,810,255
지투알 035000 자본금 17,571,493,000 17,571,493,000
지투알 035000 자본잉여금 54,582,336,025 54,582,336,025
지투알 035000 자본조정 0 0
지투알 035000 기타포괄손익누계액 -52,096,824 -40,519,752
지투알 035000 이익잉여금(결손금) 0 0
지투알 035000 자본총계 90,289,436,760 93,343,730,748
지투알 035000 자본과부채총계 96,852,015,095 99,879,541,003
date : 2017-03-31
지투알 035000 유동자산 51,730,828,002 47,858,623,530
지투알 035000 현금및현금성자산 242,044,719 185,884,185
지투알 035000 매출채권 0 0
지투알 035000 재고자산 0 0
지투알 035000 기타유동금융자산 0 0
지투알 035000 기타유동자산 855,561,168 481,301,157
지투알 035000 매각예정비유동자산 0 0
지투알 035000 비유동자산 49,478,714,858 48,993,391,565
지투알 035000 장기금융상품 0 0
지투알 035000 기타포괄손익-공정가치 0 0
지투알 035000 당기손익인식공정가치측정금융자산 0 0
지투알 035000 종속회사투자 0 0
지투알 035000 관계회사투자 0 0
지투알 035000 렌탈자산 0 0
지투알 035000 유형자산 867,667,370 866,120,855
지투알 035000 무형자산 3,569,649,100 3,147,318,644
지투알 035000 기타비유동금융자산 0 0
지투알 035000 기타비유동자산 0 2,296,320
지투알 035000 사용권자산 0 0
지투알 035000 이연법인세자산 1,334,277,955 1,666,464,913
지투알 035000 자산총계 101,209,542,860 96,852,015,095
지투알 035000 유동부채 7,331,732,060 4,241,402,272
지투알 035000 단기매입채무 0 0
지투알 035000 단기차입금 0 0
지투알 035000 유동성장기차입금 0 0
지투알 035000 유동성사채 0 0
지투알 035000 기타유동금융부채 0 0
지투알 035000 기타유동부채 140,799,680 266,490,961
지투알 035000 당기법인세부채 0 0
지투알 035000 유동리스부채 0 0
지투알 035000 비유동부채 2,414,789,842 2,321,176,063
지투알 035000 사채 0 0
지투알 035000 장기차입금 0 0
지투알 035000 기타비유동금융부채 0 0
지투알 035000 이연법인세부채 0 0
지투알 035000 비유동리스부채 0 0
지투알 035000 부채총계 9,746,521,902 6,562,578,335
지투알 035000 자본금 17,571,493,000 17,571,493,000
지투알 035000 자본잉여금 54,582,336,025 54,582,336,025
지투알 035000 자본조정 0 0
지투알 035000 기타포괄손익누계액 283,638,264 -52,096,824
지투알 035000 이익잉여금(결손금) 0 0
지투알 035000 자본총계 91,463,020,958 90,289,436,760
지투알 035000 자본과부채총계 101,209,542,860 96,852,015,095
date : 2017-06-30
지투알 035000 유동자산 48,397,831,219 47,858,623,530
지투알 035000 현금및현금성자산 142,442,904 185,884,185
지투알 035000 매출채권 0 0
지투알 035000 재고자산 0 0
지투알 035000 기타유동금융자산 0 0
지투알 035000 기타유동자산 409,766,678 481,301,157
지투알 035000 매각예정비유동자산 0 0
지투알 035000 비유동자산 49,343,622,657 48,993,391,565
지투알 035000 장기금융상품 0 0
지투알 035000 기타포괄손익-공정가치 0 0
지투알 035000 당기손익인식공정가치측정금융자산 0 0
지투알 035000 종속회사투자 0 0
지투알 035000 관계회사투자 0 0
지투알 035000 렌탈자산 0 0
지투알 035000 유형자산 750,779,293 866,120,855
지투알 035000 무형자산 3,509,642,974 3,147,318,644
지투알 035000 기타비유동금융자산 0 0
지투알 035000 기타비유동자산 0 2,296,320
지투알 035000 사용권자산 0 0
지투알 035000 이연법인세자산 1,331,704,757 1,666,464,913
지투알 035000 자산총계 97,741,453,876 96,852,015,095
지투알 035000 유동부채 3,242,555,663 4,241,402,272
지투알 035000 단기매입채무 0 0
지투알 035000 단기차입금 0 0
지투알 035000 유동성장기차입금 0 0
지투알 035000 유동성사채 0 0
지투알 035000 기타유동금융부채 0 0
지투알 035000 기타유동부채 322,676,721 266,490,961
지투알 035000 당기법인세부채 0 0
지투알 035000 유동리스부채 0 0
지투알 035000 비유동부채 2,577,961,013 2,321,176,063
지투알 035000 사채 0 0
지투알 035000 장기차입금 0 0
지투알 035000 기타비유동금융부채 0 0
지투알 035000 이연법인세부채 0 0
지투알 035000 비유동리스부채 0 0
지투알 035000 부채총계 5,820,516,676 6,562,578,335
지투알 035000 자본금 17,571,493,000 17,571,493,000
지투알 035000 자본잉여금 54,582,336,025 54,582,336,025
지투알 035000 자본조정 0 0
지투알 035000 기타포괄손익누계액 475,810,920 -52,096,824
지투알 035000 이익잉여금(결손금) 0 0
지투알 035000 자본총계 91,920,937,200 90,289,436,760
지투알 035000 자본과부채총계 97,741,453,876 96,852,015,095
date : 2017-09-30
지투알 035000 유동자산 48,924,330,607 47,858,623,530
지투알 035000 현금및현금성자산 195,149,209 185,884,185
지투알 035000 매출채권 및 기타유동채권
지투알 035000 재고자산 0 0
지투알 035000 기타유동금융자산 0 0
지투알 035000 기타유동자산 372,105,773 481,301,157
지투알 035000 매각예정비유동자산 0 0
지투알 035000 비유동자산 48,845,757,095 48,993,391,565
지투알 035000 장기금융상품 0 0
지투알 035000 기타포괄손익-공정가치 0 0
지투알 035000 당기손익인식공정가치측정금융자산 0 0
지투알 035000 종속회사투자 0 0
지투알 035000 관계회사투자 0 0
지투알 035000 렌탈자산 0 0
지투알 035000 유형자산 652,160,135 866,120,855
지투알 035000 무형자산 3,388,842,347 3,147,318,644
지투알 035000 기타비유동금융자산 0 0
지투알 035000 기타비유동자산 2,296,320 1,666,464,913
지투알 035000 사용권자산 0 0
지투알 035000 이연법인세자산 1,758,788,980 1,666,464,913
지투알 035000 자산총계 97,770,087,702 96,852,015,095
지투알 035000 유동부채 3,163,089,564 4,241,402,272
지투알 035000 단기매입채무 0 0
지투알 035000 단기차입금 0 0
지투알 035000 유동성장기차입금 0 0
지투알 035000 유동성사채 0 0
지투알 035000 기타유동금융부채 0 0
지투알 035000 기타유동부채 279,388,852 266,490,961
지투알 035000 당기법인세부채 0 0
지투알 035000 유동리스부채 0 0
지투알 035000 비유동부채 2,690,008,695 2,321,176,063
지투알 035000 사채 0 0
지투알 035000 장기차입금 0 0
지투알 035000 기타비유동금융부채 0 0
지투알 035000 이연법인세부채 0 0
지투알 035000 비유동리스부채 0 0
지투알 035000 부채총계 5,853,098,259 6,562,578,335
지투알 035000 자본금 17,571,493,000 17,571,493,000
지투알 035000 자본잉여금 54,582,336,025 54,582,336,025
지투알 035000 자본조정 0 0
지투알 035000 기타포괄손익누계액 241,397,520 -52,096,824
지투알 035000 이익잉여금(결손금) 24,975,099,546 23,641,041,207
지투알 035000 자본총계 91,916,989,443 90,289,436,760
지투알 035000 자본과부채총계 97,770,087,702 96,852,015,095
date : 2017-12-31
지투알 035000 유동자산 55,296,745,586 47,858,623,530
지투알 035000 현금및현금성자산 327,405,250 185,884,185
지투알 035000 매출채권 및 기타유동채권
지투알 035000 재고자산 0 0
지투알 035000 기타유동금융자산 0 0
지투알 035000 기타유동자산 197,267,307 481,301,157
지투알 035000 매각예정비유동자산 0 0
지투알 035000 비유동자산 47,974,391,989 48,993,391,565
지투알 035000 장기금융상품 0 0
지투알 035000 기타포괄손익-공정가치 0 0
지투알 035000 당기손익인식공정가치측정금융자산 0 0
지투알 035000 종속회사투자 0 0
지투알 035000 관계회사투자 0 0
지투알 035000 렌탈자산 0 0
지투알 035000 유형자산 568,173,562 866,120,855
지투알 035000 무형자산 3,216,128,906 3,147,318,644
지투알 035000 기타비유동금융자산 0 0
지투알 035000 기타비유동자산 2,296,320 20,042,683
지투알 035000 사용권자산 0 0
지투알 035000 이연법인세자산 1,565,536,527 1,666,464,913
지투알 035000 자산총계 96,852,015,095 99,879,541,003
지투알 035000 유동부채 4,308,229,432 4,241,402,272
지투알 035000 단기매입채무 0 0
지투알 035000 단기차입금 0 0
지투알 035000 유동성장기차입금 0 0
지투알 035000 유동성사채 0 0
지투알 035000 기타유동금융부채 0 0
지투알 035000 기타유동부채 250,132,458 266,490,961
지투알 035000 당기법인세부채 0 0
지투알 035000 유동리스부채 0 0
지투알 035000 비유동부채 2,392,777,665 2,321,176,063
지투알 035000 사채 0 0
지투알 035000 장기차입금 0 0
지투알 035000 기타비유동금융부채 0 0
지투알 035000 이연법인세부채 0 0
지투알 035000 비유동리스부채 0 0
지투알 035000 부채총계 6,701,007,097 6,562,578,335
지투알 035000 자본금 17,571,493,000 17,571,493,000
지투알 035000 자본잉여금 54,582,336,025 54,582,336,025
지투알 035000 자본조정 0 0
지투알 035000 기타포괄손익누계액 262,088,751 -52,096,824
지투알 035000 이익잉여금(결손금) 29,607,549,350 23,641,041,207
지투알 035000 자본총계 96,570,130,478 90,289,436,760
지투알 035000 자본과부채총계 103,271,137,575 96,852,015,095
date : 2018-03-31
지투알 035000 유동자산 45,600,588,583 55,296,745,586
지투알 035000 현금및현금성자산 232,795,995 327,405,250
지투알 035000 매출채권 및 기타유동채권
지투알 035000 재고자산 0 0
지투알 035000 기타유동금융자산 0 0
지투알 035000 기타유동자산 510,584,751 197,267,307
지투알 035000 매각예정비유동자산 0 0
지투알 035000 비유동자산 59,139,692,531 47,974,391,989
지투알 035000 장기금융상품 0 0
지투알 035000 기타포괄손익-공정가치 0 0
지투알 035000 당기손익인식공정가치측정금융자산 0 0
지투알 035000 종속회사투자 0 0
지투알 035000 관계회사투자 0 0
지투알 035000 렌탈자산 0 0
지투알 035000 유형자산 613,666,943 568,173,562
지투알 035000 무형자산 3,139,517,774 3,216,128,906
지투알 035000 기타비유동금융자산 0 0
지투알 035000 기타비유동자산 0 1,565,536,527
지투알 035000 사용권자산 0 0
지투알 035000 이연법인세자산 1,617,752,175 1,565,536,527
지투알 035000 자산총계 104,740,281,114 103,271,137,575
지투알 035000 유동부채 6,944,844,159 4,308,229,432
지투알 035000 단기매입채무 0 0
지투알 035000 단기차입금 0 0
지투알 035000 유동성장기차입금 0 0
지투알 035000 유동성사채 0 0
지투알 035000 기타유동금융부채 0 0
지투알 035000 기타유동부채 114,466,383 250,132,458
지투알 035000 당기법인세부채 0 0
지투알 035000 유동리스부채 0 0
지투알 035000 비유동부채 1,516,423,745 2,392,777,665
지투알 035000 사채 0 0
지투알 035000 장기차입금 0 0
지투알 035000 기타비유동금융부채 0 0
지투알 035000 이연법인세부채 0 0
지투알 035000 비유동리스부채 0 0
지투알 035000 부채총계 8,461,267,904 6,701,007,097
지투알 035000 자본금 17,571,493,000 17,571,493,000
지투알 035000 자본잉여금 54,582,336,025 54,582,336,025
지투알 035000 자본조정 0 0
지투알 035000 기타포괄손익누계액 0 262,088,751
지투알 035000 이익잉여금(결손금) 29,578,520,833 29,607,549,350
지투알 035000 자본총계 96,279,013,210 96,570,130,478
지투알 035000 자본과부채총계 104,740,281,114 103,271,137,575
date : 2018-06-30
지투알 035000 유동자산 41,237,157,740 55,296,745,586
지투알 035000 현금및현금성자산 141,475,247 327,405,250
지투알 035000 매출채권 및 기타유동채권
지투알 035000 재고자산 0 0
지투알 035000 기타유동금융자산 0 0
지투알 035000 기타유동자산 413,371,802 197,267,307
지투알 035000 매각예정비유동자산 0 0
지투알 035000 비유동자산 58,941,138,119 47,974,391,989
지투알 035000 장기금융상품 0 0
지투알 035000 기타포괄손익-공정가치 0 0
지투알 035000 당기손익인식공정가치측정금융자산 0 0
지투알 035000 종속회사투자 0 0
지투알 035000 관계회사투자 0 0
지투알 035000 렌탈자산 0 0
지투알 035000 유형자산 541,500,209 568,173,562
지투알 035000 무형자산 2,947,167,999 3,216,128,906
지투알 035000 기타비유동금융자산 0 0
지투알 035000 기타비유동자산 0 0
지투알 035000 사용권자산 0 0
지투알 035000 이연법인세자산 1,683,714,272 1,565,536,527
지투알 035000 자산총계 100,178,295,859 103,271,137,575
지투알 035000 유동부채 2,536,082,159 4,308,229,432
지투알 035000 단기매입채무 0 0
지투알 035000 단기차입금 0 0
지투알 035000 유동성장기차입금 0 0
지투알 035000 유동성사채 0 0
지투알 035000 기타유동금융부채 0 250,132,458
지투알 035000 기타유동부채 267,863,621 250,132,458
지투알 035000 당기법인세부채 0 0
지투알 035000 유동리스부채 0 0
지투알 035000 비유동부채 1,594,293,107 2,392,777,665
지투알 035000 사채 0 0
지투알 035000 장기차입금 0 0
지투알 035000 기타비유동금융부채 0 2,392,777,665
지투알 035000 이연법인세부채 0 0
지투알 035000 비유동리스부채 0 0
지투알 035000 부채총계 4,130,375,266 6,701,007,097
지투알 035000 자본금 17,571,493,000 17,571,493,000
지투알 035000 자본잉여금 54,582,336,025 54,582,336,025
지투알 035000 자본조정 0 0
지투알 035000 기타포괄손익누계액 262,088,751 29,607,549,350
지투알 035000 이익잉여금(결손금) 29,347,428,216 29,607,549,350
지투알 035000 자본총계 96,047,920,593 96,570,130,478
지투알 035000 자본과부채총계 100,178,295,859 103,271,137,575
date : 2018-09-30
지투알 035000 유동자산 41,995,421,911 55,296,745,586
지투알 035000 현금및현금성자산 415,881,013 327,405,250
지투알 035000 매출채권 및 기타유동채권
지투알 035000 재고자산 0 0
지투알 035000 기타유동금융자산 0 0
지투알 035000 기타유동자산 415,403,422 197,267,307
지투알 035000 매각예정비유동자산 0 0
지투알 035000 비유동자산 58,895,359,456 47,974,391,989
지투알 035000 장기금융상품 0 0
지투알 035000 기타포괄손익-공정가치 0 0
지투알 035000 당기손익인식공정가치측정금융자산 0 0
지투알 035000 종속회사투자 0 0
지투알 035000 관계회사투자 0 0
지투알 035000 렌탈자산 0 0
지투알 035000 유형자산 452,477,307 568,173,562
지투알 035000 무형자산 2,968,749,474 3,216,128,906
지투알 035000 기타비유동금융자산 0 0
지투알 035000 기타비유동자산 0 0
지투알 035000 사용권자산 0 0
지투알 035000 이연법인세자산 1,705,377,036 1,565,536,527
지투알 035000 자산총계 100,890,781,367 103,271,137,575
지투알 035000 유동부채 3,239,325,023 4,308,229,432
지투알 035000 단기매입채무 0 0
지투알 035000 단기차입금 0 0
지투알 035000 유동성장기차입금 0 0
지투알 035000 유동성사채 0 0
지투알 035000 기타유동금융부채 0 0
지투알 035000 기타유동부채 255,877,743 250,132,458
지투알 035000 당기법인세부채 0 0
지투알 035000 유동리스부채 0 0
지투알 035000 비유동부채 1,723,519,921 2,392,777,665
지투알 035000 사채 0 0
지투알 035000 장기차입금 0 0
지투알 035000 기타비유동금융부채 0 0
지투알 035000 이연법인세부채 0 0
지투알 035000 비유동리스부채 0 0
지투알 035000 부채총계 4,962,844,944 6,701,007,097
지투알 035000 자본금 17,571,493,000 17,571,493,000
지투알 035000 자본잉여금 54,582,336,025 54,582,336,025
지투알 035000 자본조정 0 0
지투알 035000 기타포괄손익누계액 262,088,751 29,607,549,350
지투알 035000 이익잉여금(결손금) 29,227,444,046 29,607,549,350
지투알 035000 자본총계 95,927,936,423 96,570,130,478
지투알 035000 자본과부채총계 100,890,781,367 103,271,137,575
date : 2018-12-31
지투알 035000 유동자산 41,958,593,254 55,296,745,586
지투알 035000 현금및현금성자산 128,458,603 327,405,250
지투알 035000 매출채권 및 기타유동채권
지투알 035000 재고자산 0 0
지투알 035000 기타유동금융자산 0 0
지투알 035000 기타유동자산 296,477,178 197,267,307
지투알 035000 매각예정비유동자산 0 0
지투알 035000 비유동자산 56,200,394,449 47,974,391,989
지투알 035000 장기금융상품 0 0
지투알 035000 기타포괄손익-공정가치 0 0
지투알 035000 당기손익인식공정가치측정금융자산 0 0
지투알 035000 종속회사투자 0 0
지투알 035000 관계회사투자 0 0
지투알 035000 렌탈자산 0 0
지투알 035000 유형자산 575,809,343 568,173,562
지투알 035000 무형자산 2,663,658,108 3,216,128,906
지투알 035000 기타비유동금융자산 0 0
지투알 035000 기타비유동자산 2,296,320 1,565,536,527
지투알 035000 사용권자산 0 0
지투알 035000 이연법인세자산 1,800,257,289 1,565,536,527
지투알 035000 자산총계 98,158,987,703 103,271,137,575
지투알 035000 유동부채 3,220,382,237 4,308,229,432
지투알 035000 단기매입채무 0 0
지투알 035000 단기차입금 0 0
지투알 035000 유동성장기차입금 0 0
지투알 035000 유동성사채 0 0
지투알 035000 기타유동금융부채 0 0
지투알 035000 기타유동부채 186,831,313 250,132,458
지투알 035000 당기법인세부채 0 0
지투알 035000 유동리스부채 0 0
지투알 035000 비유동부채 2,059,080,094 2,392,777,665
지투알 035000 사채 0 0
지투알 035000 장기차입금 0 0
지투알 035000 기타비유동금융부채 0 0
지투알 035000 이연법인세부채 0 0
지투알 035000 비유동리스부채 0 0
지투알 035000 부채총계 5,279,462,331 6,701,007,097
지투알 035000 자본금 17,571,493,000 17,571,493,000
지투알 035000 자본잉여금 54,582,336,025 54,582,336,025
지투알 035000 자본조정 0 0
지투알 035000 기타포괄손익누계액 262,088,751 -52,096,824
지투알 035000 이익잉여금(결손금) 26,179,032,995 29,607,549,350
지투알 035000 자본총계 92,879,525,372 96,570,130,478
지투알 035000 자본과부채총계 98,158,987,703 103,271,137,575
date : 2019-03-31
지투알 035000 유동자산 40,415,931,428 41,958,593,254
지투알 035000 현금및현금성자산 164,175,006 128,458,603
지투알 035000 매출채권 및 기타유동채권
지투알 035000 재고자산 0 0
지투알 035000 기타유동금융자산 0 0
지투알 035000 기타유동자산 359,324,729 296,477,178
지투알 035000 매각예정비유동자산 0 0
지투알 035000 비유동자산 56,991,193,448 56,200,394,449
지투알 035000 장기금융상품 0 0
지투알 035000 기타포괄손익-공정가치 0 0
지투알 035000 당기손익인식공정가치측정금융자산 0 0
지투알 035000 종속회사투자 0 0
지투알 035000 관계회사투자 0 0
지투알 035000 렌탈자산 0 0
지투알 035000 유형자산 545,735,212 575,809,343
지투알 035000 무형자산 2,573,788,094 2,663,658,108
지투알 035000 기타비유동금융자산 0 0
지투알 035000 기타비유동자산 0 1,800,257,289
지투알 035000 사용권자산 441,329,179 1,800,257,289
지투알 035000 이연법인세자산 2,269,671,254 1,800,257,289
지투알 035000 자산총계 97,407,124,876 98,158,987,703
지투알 035000 유동부채 6,305,520,298 3,220,382,237
지투알 035000 단기매입채무 0 0
지투알 035000 단기차입금 0 0
지투알 035000 유동성장기차입금 0 0
지투알 035000 유동성사채 0 0
지투알 035000 기타유동금융부채 0 0
지투알 035000 기타유동부채 211,107,618 186,831,313
지투알 035000 당기법인세부채 0 0
지투알 035000 유동리스부채 0 0
지투알 035000 비유동부채 2,086,183,864 2,059,080,094
지투알 035000 사채 0 0
지투알 035000 장기차입금 0 0
지투알 035000 기타비유동금융부채 0 0
지투알 035000 이연법인세부채 0 0
지투알 035000 비유동리스부채 0 0
지투알 035000 부채총계 8,391,704,162 5,279,462,331
지투알 035000 자본금 17,571,493,000 17,571,493,000
지투알 035000 자본잉여금 54,582,336,025 54,582,336,025
지투알 035000 자본조정 0 0
지투알 035000 기타포괄손익누계액 0 26,179,032,995
지투알 035000 이익잉여금(결손금) 22,314,928,337 26,179,032,995
지투알 035000 자본총계 89,015,420,714 92,879,525,372
지투알 035000 자본과부채총계 97,407,124,876 98,158,987,703
