date : 2019-03-31
아비코전자 036010 유동자산 76,158,349,008 57,012,868,897
아비코전자 036010 현금및현금성자산 38,921,156,354 26,040,172,727
아비코전자 036010 매출채권 및 기타유동채권
아비코전자 036010 기타유동자산 1,216,968,553 1,978,108,813
아비코전자 036010 재고자산 9,658,020,632 10,910,010,839
아비코전자 036010 비유동자산 39,968,776,516 42,791,661,224
아비코전자 036010 유형자산 13,261,191,475 13,698,643,584
아비코전자 036010 무형자산 376,649,148 381,168,580
아비코전자 036010 기타비유동금융자산 0 0
아비코전자 036010 이연법인세자산 1,077,331,471 1,301,386,160
아비코전자 036010 자산총계 116,127,125,524 99,804,530,121
아비코전자 036010 유동부채 19,755,150,053 4,041,751,530
아비코전자 036010 단기차입금 5,500,000,000 0
아비코전자 036010 유동성장기차입금 0 0
아비코전자 036010 당기법인세부채 1,485,250,883 1,162,330,030
아비코전자 036010 기타유동부채 2,070,125,471 177,209,561
아비코전자 036010 비유동부채 587,006,079 395,121,228
아비코전자 036010 장기차입금 0 0
아비코전자 036010 부채총계 20,342,156,132 4,436,872,758
아비코전자 036010 자본금 6,896,467,000 6,896,467,000
아비코전자 036010 자본잉여금 31,449,436,856 31,449,436,856
아비코전자 036010 기타포괄손익누계액 0 0
아비코전자 036010 이익잉여금(결손금) 57,439,065,536 57,021,753,507
아비코전자 036010 자본총계 95,784,969,392 95,367,657,363
아비코전자 036010 자본과부채총계 116,127,125,524 99,804,530,121
