date : 2019-03-31
SCI평가정보 036120 유동자산 11,146,033,258 10,421,331,170
SCI평가정보 036120 현금및현금성자산 2,616,483,403 3,853,223,035
SCI평가정보 036120 매출채권 4,639,421,290 3,497,496,372
SCI평가정보 036120 기타유동자산 1,116,557,951 1,090,587,432
SCI평가정보 036120 비유동자산 13,493,221,206 12,829,944,207
SCI평가정보 036120 사용권자산 941,638,944 0
SCI평가정보 036120 유형자산 1,004,961,184 997,198,566
SCI평가정보 036120 무형자산 2,383,890,591 2,403,320,754
SCI평가정보 036120 이연법인세자산 442,462,446 632,202,296
SCI평가정보 036120 자산총계 24,639,254,464 23,251,275,377
SCI평가정보 036120 유동부채 5,189,247,524 4,184,874,797
SCI평가정보 036120 비유동부채 218,730,379 371,907,731
SCI평가정보 036120 부채총계 5,407,977,903 4,556,782,528
SCI평가정보 036120 자본금 17,750,000,000 17,750,000,000
SCI평가정보 036120 이익잉여금(결손금) 2,062,045,523 1,525,261,811
SCI평가정보 036120 자본총계 19,231,276,561 18,694,492,849
SCI평가정보 036120 자본과부채총계 24,639,254,464 23,251,275,377
