date : 2019-03-31
이매진아시아 036260 현금및현금성자산 2,700,732,191 6,293,523,167
이매진아시아 036260 매출채권 및 기타채권
이매진아시아 036260 재고자산 5,000,000,000 0
이매진아시아 036260 기타유동자산 5,561,400,972 7,941,848,666
이매진아시아 036260 유형자산 1,274,557,472 387,504,963
이매진아시아 036260 무형자산 318,712,953 356,756,953
이매진아시아 036260 자산총계 34,839,337,422 25,901,187,505
이매진아시아 036260 기타유동부채 721,956,028 492,697,833
이매진아시아 036260 기타비유동금융부채 591,458,080 0
이매진아시아 036260 부채총계 11,061,499,062 2,429,636,498
이매진아시아 036260 자본금 17,839,558,000 17,839,558,000
이매진아시아 036260 자본잉여금 78,757,956,200 78,757,956,200
이매진아시아 036260 기타포괄손익누계액 0 0
이매진아시아 036260 이익잉여금(결손금) -72,819,675,840 -73,125,963,193
이매진아시아 036260 자본총계 23,777,838,360 23,471,551,007
이매진아시아 036260 자본과부채총계 34,839,337,422 25,901,187,505
