date : 2019-03-31
제이콘텐트리 036420 유동자산 155,709,833,197 153,848,715,535
제이콘텐트리 036420 현금및현금성자산 84,395,014,880 87,275,297,861
제이콘텐트리 036420 매출채권 및 기타유동채권
제이콘텐트리 036420 기타유동자산 13,910,660,727 18,642,085,727
제이콘텐트리 036420 비유동자산 327,526,444,061 325,797,355,784
제이콘텐트리 036420 장기금융상품 5,000,000 5,000,000
제이콘텐트리 036420 기타포괄손익-공정가치 측정 금융자산
제이콘텐트리 036420 유형자산 830,419,760 852,053,776
제이콘텐트리 036420 기타비유동금융자산 10,322,000 20,322,000
제이콘텐트리 036420 기타비유동자산 11,030,000 11,030,000
제이콘텐트리 036420 자산총계 483,236,277,258 479,646,071,319
제이콘텐트리 036420 유동부채 58,178,039,039 59,605,961,626
제이콘텐트리 036420 사채 37,510,517,655 37,060,607,997
제이콘텐트리 036420 기타유동금융부채 624,999,996 812,499,998
제이콘텐트리 036420 기타유동부채 4,490,810 0
제이콘텐트리 036420 당기법인세부채 153,488,307 143,137,829
제이콘텐트리 036420 비유동부채 19,881,752,246 19,934,939,433
제이콘텐트리 036420 사채 0 0
제이콘텐트리 036420 이연법인세부채 3,067,805,774 3,067,805,774
제이콘텐트리 036420 기타비유동금융부채 1,542,312,487 1,643,867,419
제이콘텐트리 036420 부채총계 78,059,791,285 79,540,901,059
제이콘텐트리 036420 자본금 72,034,491,000 72,034,491,000
제이콘텐트리 036420 이익잉여금(결손금) 17,523,832,358 12,452,516,645
제이콘텐트리 036420 자본총계 405,176,485,973 400,105,170,260
제이콘텐트리 036420 자본과부채총계 483,236,277,258 479,646,071,319
