date : 2015-12-31
에스에스컴텍 036500 유동자산 36,056,206,963 39,446,116,997
에스에스컴텍 036500 현금및현금성자산 3,141,360,887 1,011,033,280
에스에스컴텍 036500 매출채권 및 기타유동채권
에스에스컴텍 036500 재고자산 4,866,309,904 7,387,563,668
에스에스컴텍 036500 기타유동금융자산 491,574,413 776,769,220
에스에스컴텍 036500 기타유동자산 0 0
에스에스컴텍 036500 매각예정비유동자산 0 0
에스에스컴텍 036500 비유동자산 16,391,464,298 40,151,090,228
에스에스컴텍 036500 장기금융상품 3,000,000 539,694,694
에스에스컴텍 036500 기타포괄손익-공정가치 0 0
에스에스컴텍 036500 당기손익인식공정가치측정금융자산 0 0
에스에스컴텍 036500 종속회사투자 0 0
에스에스컴텍 036500 관계회사투자 0 0
에스에스컴텍 036500 렌탈자산 0 0
에스에스컴텍 036500 유형자산 14,251,105,681 26,831,466,484
에스에스컴텍 036500 무형자산 330,814,414 3,554,011,406
에스에스컴텍 036500 기타비유동금융자산 0 0
에스에스컴텍 036500 기타비유동자산 0 0
에스에스컴텍 036500 사용권자산 0 0
에스에스컴텍 036500 이연법인세자산 0 0
에스에스컴텍 036500 자산총계 52,447,671,261 79,597,207,225
에스에스컴텍 036500 유동부채 28,068,124,418 45,583,147,741
에스에스컴텍 036500 단기매입채무 0 0
에스에스컴텍 036500 단기차입금 9,446,453,924 28,529,720,596
에스에스컴텍 036500 유동성장기차입금 7,442,769,546 12,253,218,103
에스에스컴텍 036500 유동성사채 0 0
에스에스컴텍 036500 기타유동금융부채 0 0
에스에스컴텍 036500 기타유동부채 3,726,217,350 1,734,664,736
에스에스컴텍 036500 당기법인세부채 0 0
에스에스컴텍 036500 유동리스부채 0 0
에스에스컴텍 036500 비유동부채 3,547,721,080 5,312,755,376
에스에스컴텍 036500 사채 0 0
에스에스컴텍 036500 장기차입금 2,265,240,000 3,998,000,000
에스에스컴텍 036500 기타비유동금융부채 0 0
에스에스컴텍 036500 이연법인세부채 934,884,206 934,884,206
에스에스컴텍 036500 비유동리스부채 0 0
에스에스컴텍 036500 부채총계 31,615,845,498 50,895,903,117
에스에스컴텍 036500 자본금 10,419,988,500 8,456,657,500
에스에스컴텍 036500 자본잉여금 57,632,692,076 44,613,875,182
에스에스컴텍 036500 자본조정 0 0
에스에스컴텍 036500 기타포괄손익누계액 0 0
에스에스컴텍 036500 이익잉여금(결손금) -45,362,793,176 -22,511,166,937
에스에스컴텍 036500 자본총계 20,831,825,763 28,701,304,108
에스에스컴텍 036500 자본과부채총계 52,447,671,261 79,597,207,225
date : 2016-03-31
에스에스컴텍 036500 유동자산 37,320,990,676 36,056,206,963
에스에스컴텍 036500 현금및현금성자산 515,650,659 3,141,360,887
에스에스컴텍 036500 매출채권 및 기타유동채권
에스에스컴텍 036500 재고자산 3,982,553,799 4,866,309,904
에스에스컴텍 036500 기타유동금융자산 10,088,589,189 491,574,413
에스에스컴텍 036500 기타유동자산 0 0
에스에스컴텍 036500 매각예정비유동자산 0 0
에스에스컴텍 036500 비유동자산 20,100,908,776 16,391,464,298
에스에스컴텍 036500 장기금융상품 3,000,000 3,000,000
에스에스컴텍 036500 기타포괄손익-공정가치 0 0
에스에스컴텍 036500 당기손익인식공정가치측정금융자산 0 0
에스에스컴텍 036500 종속회사투자 0 0
에스에스컴텍 036500 관계회사투자 0 0
에스에스컴텍 036500 렌탈자산 0 0
에스에스컴텍 036500 유형자산 14,015,381,902 14,251,105,681
에스에스컴텍 036500 무형자산 316,302,671 330,814,414
에스에스컴텍 036500 기타비유동금융자산 0 0
에스에스컴텍 036500 기타비유동자산 0 0
에스에스컴텍 036500 사용권자산 0 0
에스에스컴텍 036500 이연법인세자산 0 0
에스에스컴텍 036500 자산총계 57,421,899,452 52,447,671,261
에스에스컴텍 036500 유동부채 29,049,009,350 28,068,124,418
에스에스컴텍 036500 단기매입채무 0 0
에스에스컴텍 036500 단기차입금 11,998,853,924 9,446,453,924
에스에스컴텍 036500 유동성장기차입금 7,381,376,263 7,442,769,546
에스에스컴텍 036500 유동성사채 0 0
에스에스컴텍 036500 기타유동금융부채 0 0
에스에스컴텍 036500 기타유동부채 2,157,991,130 3,726,217,350
에스에스컴텍 036500 당기법인세부채 0 0
에스에스컴텍 036500 유동리스부채 0 0
에스에스컴텍 036500 비유동부채 3,671,176,848 3,547,721,080
에스에스컴텍 036500 사채 0 0
에스에스컴텍 036500 장기차입금 2,002,250,000 2,265,240,000
에스에스컴텍 036500 기타비유동금융부채 0 0
에스에스컴텍 036500 이연법인세부채 934,884,206 934,884,206
에스에스컴텍 036500 비유동리스부채 0 0
에스에스컴텍 036500 부채총계 32,720,186,198 31,615,845,498
에스에스컴텍 036500 자본금 12,143,645,000 10,419,988,500
에스에스컴텍 036500 자본잉여금 61,474,687,931 57,632,692,076
에스에스컴텍 036500 자본조정 0 0
에스에스컴텍 036500 기타포괄손익누계액 0 0
에스에스컴텍 036500 이익잉여금(결손금) -47,058,558,040 -45,362,793,176
에스에스컴텍 036500 자본총계 24,701,713,254 20,831,825,763
에스에스컴텍 036500 자본과부채총계 57,421,899,452 52,447,671,261
date : 2016-06-30
에스에스컴텍 036500 유동자산 53,380,971,983 36,056,206,963
에스에스컴텍 036500 현금및현금성자산 201,473,552 3,141,360,887
에스에스컴텍 036500 매출채권 및 기타유동채권
에스에스컴텍 036500 재고자산 6,420,994,394 4,866,309,904
에스에스컴텍 036500 기타유동금융자산 23,804,167,430 491,574,413
에스에스컴텍 036500 기타유동자산 0 0
에스에스컴텍 036500 매각예정비유동자산 0 0
에스에스컴텍 036500 비유동자산 22,402,781,254 16,391,464,298
에스에스컴텍 036500 장기금융상품 3,000,000 3,000,000
에스에스컴텍 036500 기타포괄손익-공정가치 0 0
에스에스컴텍 036500 당기손익인식공정가치측정금융자산 0 0
에스에스컴텍 036500 종속회사투자 0 0
에스에스컴텍 036500 관계회사투자 0 0
에스에스컴텍 036500 렌탈자산 0 0
에스에스컴텍 036500 유형자산 12,213,172,622 14,251,105,681
에스에스컴텍 036500 무형자산 149,311,653 330,814,414
에스에스컴텍 036500 기타비유동금융자산 0 0
에스에스컴텍 036500 기타비유동자산 0 0
에스에스컴텍 036500 사용권자산 0 0
에스에스컴텍 036500 이연법인세자산 0 0
에스에스컴텍 036500 자산총계 75,783,753,237 52,447,671,261
에스에스컴텍 036500 유동부채 32,742,444,594 28,068,124,418
에스에스컴텍 036500 단기매입채무 0 0
에스에스컴텍 036500 단기차입금 11,092,087,078 9,446,453,924
에스에스컴텍 036500 유동성장기차입금 9,998,076,395 7,442,769,546
에스에스컴텍 036500 유동성사채 0 0
에스에스컴텍 036500 기타유동금융부채 0 0
에스에스컴텍 036500 기타유동부채 866,988,090 3,726,217,350
에스에스컴텍 036500 당기법인세부채 0 0
에스에스컴텍 036500 유동리스부채 0 0
에스에스컴텍 036500 비유동부채 3,160,387,370 3,547,721,080
에스에스컴텍 036500 사채 0 0
에스에스컴텍 036500 장기차입금 1,429,260,000 2,265,240,000
에스에스컴텍 036500 기타비유동금융부채 0 0
에스에스컴텍 036500 이연법인세부채 934,884,206 934,884,206
에스에스컴텍 036500 비유동리스부채 0 0
에스에스컴텍 036500 부채총계 35,902,831,964 31,615,845,498
에스에스컴텍 036500 자본금 14,448,261,000 10,419,988,500
에스에스컴텍 036500 자본잉여금 78,648,377,337 57,632,692,076
에스에스컴텍 036500 자본조정 0 0
에스에스컴텍 036500 기타포괄손익누계액 0 0
에스에스컴텍 036500 이익잉여금(결손금) -51,357,655,427 -45,362,793,176
에스에스컴텍 036500 자본총계 39,880,921,273 20,831,825,763
에스에스컴텍 036500 자본과부채총계 75,783,753,237 52,447,671,261
date : 2016-09-30
에스에스컴텍 036500 유동자산 54,775,391,939 36,056,206,963
에스에스컴텍 036500 현금및현금성자산 307,094,411 3,141,360,887
에스에스컴텍 036500 매출채권 및 기타유동채권
에스에스컴텍 036500 재고자산 5,638,871,028 4,866,309,904
에스에스컴텍 036500 기타유동금융자산 23,268,378,917 491,574,413
에스에스컴텍 036500 기타유동자산 0 0
에스에스컴텍 036500 매각예정비유동자산 0 0
에스에스컴텍 036500 비유동자산 21,458,685,243 16,391,464,298
에스에스컴텍 036500 장기금융상품 3,000,000 3,000,000
에스에스컴텍 036500 기타포괄손익-공정가치 0 0
에스에스컴텍 036500 당기손익인식공정가치측정금융자산 0 0
에스에스컴텍 036500 종속회사투자 0 0
에스에스컴텍 036500 관계회사투자 0 0
에스에스컴텍 036500 렌탈자산 0 0
에스에스컴텍 036500 유형자산 11,991,341,680 14,251,105,681
에스에스컴텍 036500 무형자산 142,064,722 330,814,414
에스에스컴텍 036500 기타비유동금융자산 0 0
에스에스컴텍 036500 기타비유동자산 0 0
에스에스컴텍 036500 사용권자산 0 0
에스에스컴텍 036500 이연법인세자산 0 0
에스에스컴텍 036500 자산총계 76,234,077,182 52,447,671,261
에스에스컴텍 036500 유동부채 31,817,117,786 28,068,124,418
에스에스컴텍 036500 단기매입채무 0 0
에스에스컴텍 036500 단기차입금 11,081,295,158 9,446,453,924
에스에스컴텍 036500 유동성장기차입금 9,014,791,688 7,442,769,546
에스에스컴텍 036500 유동성사채 0 0
에스에스컴텍 036500 기타유동금융부채 0 0
에스에스컴텍 036500 기타유동부채 754,749,699 3,726,217,350
에스에스컴텍 036500 당기법인세부채 0 0
에스에스컴텍 036500 유동리스부채 0 0
에스에스컴텍 036500 비유동부채 2,531,560,428 3,547,721,080
에스에스컴텍 036500 사채 0 0
에스에스컴텍 036500 장기차입금 788,970,000 2,265,240,000
에스에스컴텍 036500 기타비유동금융부채 0 0
에스에스컴텍 036500 이연법인세부채 934,884,206 934,884,206
에스에스컴텍 036500 비유동리스부채 0 0
에스에스컴텍 036500 부채총계 34,348,678,214 31,615,845,498
에스에스컴텍 036500 자본금 14,673,269,000 10,419,988,500
에스에스컴텍 036500 자본잉여금 79,572,641,439 57,632,692,076
에스에스컴텍 036500 자본조정 0 0
에스에스컴텍 036500 기타포괄손익누계액 0 0
에스에스컴텍 036500 이익잉여금(결손금) -50,502,449,834 -45,362,793,176
에스에스컴텍 036500 자본총계 41,885,398,968 20,831,825,763
에스에스컴텍 036500 자본과부채총계 76,234,077,182 52,447,671,261
date : 2016-12-31
에스에스컴텍 036500 유동자산 17,035,858,498 36,056,206,963
에스에스컴텍 036500 현금및현금성자산 350,113,240 3,141,360,887
에스에스컴텍 036500 매출채권 및 기타유동채권
에스에스컴텍 036500 재고자산 3,901,997,880 4,866,309,904
에스에스컴텍 036500 기타유동금융자산 127,344,804 491,574,413
에스에스컴텍 036500 기타유동자산 0 0
에스에스컴텍 036500 매각예정비유동자산 0 0
에스에스컴텍 036500 비유동자산 6,476,336,789 16,391,464,298
에스에스컴텍 036500 장기금융상품 3,000,000 539,694,694
에스에스컴텍 036500 기타포괄손익-공정가치 0 0
에스에스컴텍 036500 당기손익인식공정가치측정금융자산 0 0
에스에스컴텍 036500 종속회사투자 0 0
에스에스컴텍 036500 관계회사투자 0 0
에스에스컴텍 036500 렌탈자산 0 0
에스에스컴텍 036500 유형자산 1,793,982,512 14,251,105,681
에스에스컴텍 036500 무형자산 108,311,644 330,814,414
에스에스컴텍 036500 기타비유동금융자산 0 0
에스에스컴텍 036500 기타비유동자산 0 0
에스에스컴텍 036500 사용권자산 0 0
에스에스컴텍 036500 이연법인세자산 0 0
에스에스컴텍 036500 자산총계 23,512,195,287 52,447,671,261
에스에스컴텍 036500 유동부채 21,990,943,796 28,068,124,418
에스에스컴텍 036500 단기매입채무 0 0
에스에스컴텍 036500 단기차입금 4,472,620,701 9,446,453,924
에스에스컴텍 036500 유동성장기차입금 6,361,852,430 7,442,769,546
에스에스컴텍 036500 유동성사채 0 0
에스에스컴텍 036500 기타유동금융부채 0 0
에스에스컴텍 036500 기타유동부채 273,812,229 3,726,217,350
에스에스컴텍 036500 당기법인세부채 0 0
에스에스컴텍 036500 유동리스부채 0 0
에스에스컴텍 036500 비유동부채 1,476,877,945 3,547,721,080
에스에스컴텍 036500 사채 0 0
에스에스컴텍 036500 장기차입금 2,265,240,000 3,998,000,000
에스에스컴텍 036500 기타비유동금융부채 0 0
에스에스컴텍 036500 이연법인세부채 934,884,206 934,884,206
에스에스컴텍 036500 비유동리스부채 0 0
에스에스컴텍 036500 부채총계 23,467,821,741 31,615,845,498
에스에스컴텍 036500 자본금 17,571,824,500 10,419,988,500
에스에스컴텍 036500 자본잉여금 84,161,949,677 57,632,692,076
에스에스컴텍 036500 자본조정 0 0
에스에스컴텍 036500 기타포괄손익누계액 0 0
에스에스컴텍 036500 이익잉여금(결손금) -99,831,338,994 -45,362,793,176
에스에스컴텍 036500 자본총계 44,373,546 20,831,825,763
에스에스컴텍 036500 자본과부채총계 23,512,195,287 52,447,671,261
