date : 2019-03-31
엔씨소프트 036570 유동자산 1,673,043,151,599 1,475,896,160,802
엔씨소프트 036570 현금및현금성자산 121,063,833,657 59,928,902,821
엔씨소프트 036570 매출채권 및 기타유동채권
엔씨소프트 036570 매출채권 205,293,670,445 183,509,262,962
엔씨소프트 036570 재고자산 707,480,792 654,953,754
엔씨소프트 036570 기타유동자산 35,806,056,310 25,254,525,946
엔씨소프트 036570 비유동자산 1,539,109,550,079 1,406,115,463,746
엔씨소프트 036570 유형자산 256,188,454,050 222,155,608,343
엔씨소프트 036570 무형자산 24,341,285,816 23,802,440,294
엔씨소프트 036570 자산총계 3,212,152,701,678 2,882,011,624,548
엔씨소프트 036570 유동부채 359,879,797,209 382,745,748,412
엔씨소프트 036570 사채 0 149,984,680,963
엔씨소프트 036570 당기법인세부채 11,322,872,219 68,155,311,586
엔씨소프트 036570 기타유동부채 106,914,900,898 142,723,357,756
엔씨소프트 036570 비유동부채 393,027,231,910 77,318,634,841
엔씨소프트 036570 사채 249,186,771,265 0
엔씨소프트 036570 이연법인세부채 95,867,641,038 63,242,810,870
엔씨소프트 036570 부채총계 752,907,029,119 460,064,383,253
엔씨소프트 036570 자본금 10,969,511,000 10,969,511,000
엔씨소프트 036570 이익잉여금(결손금) 2,179,366,802,997 2,202,120,852,796
엔씨소프트 036570 자본총계 2,459,245,672,559 2,421,947,241,295
엔씨소프트 036570 자본과부채총계 3,212,152,701,678 2,882,011,624,548
