date : 2019-03-31
HRS 036640 유동자산 57,236,959,650 57,662,201,181
HRS 036640 현금및현금성자산 14,717,102,526 10,834,633,919
HRS 036640 매출채권 11,884,305,156 11,789,500,951
HRS 036640 재고자산 26,044,512,949 30,761,861,890
HRS 036640 기타유동자산 4,347,636,672 3,490,124,271
HRS 036640 비유동자산 45,407,361,669 45,155,281,631
HRS 036640 장기금융상품 8,717,890 5,399,646
HRS 036640 기타포괄손익-공정가치 측정 금융자산
HRS 036640 유형자산 23,776,187,001 23,679,086,713
HRS 036640 무형자산 554,587,017 537,044,312
HRS 036640 기타비유동자산 17,949,532 19,576,425
HRS 036640 자산총계 102,644,321,319 102,817,482,812
HRS 036640 유동부채 24,652,050,890 24,350,188,780
HRS 036640 단기차입금 7,600,000,000 7,600,000,000
HRS 036640 당기법인세부채 119,862,330 151,876,840
HRS 036640 기타유동부채 192,592,871 185,319,251
HRS 036640 비유동부채 7,206,553,911 6,852,644,290
HRS 036640 장기차입금 6,000,000,000 6,000,000,000
HRS 036640 부채총계 31,858,604,801 31,202,833,070
HRS 036640 자본금 8,177,400,000 8,177,400,000
HRS 036640 자본잉여금 8,588,242,372 8,588,242,372
HRS 036640 자본총계 70,785,716,518 71,614,649,742
