date : 2019-03-31
심텍홀딩스 036710 유동자산 3,795,910,692 1,587,187,782
심텍홀딩스 036710 현금및현금성자산 632,522,314 12,537,350
심텍홀딩스 036710 매출채권 및 기타채권
심텍홀딩스 036710 기타유동자산 11,636,273 14,185,209
심텍홀딩스 036710 비유동자산 131,846,795,075 134,712,789,318
심텍홀딩스 036710 유형자산 1,813,767,026 1,869,599,146
심텍홀딩스 036710 무형자산 10,449,843 13,255,476
심텍홀딩스 036710 자산총계 135,642,705,767 136,299,977,100
심텍홀딩스 036710 유동부채 15,977,271,951 13,053,254,822
심텍홀딩스 036710 유동성장기차입금 3,100,000,000 1,100,000,000
심텍홀딩스 036710 기타유동부채 429,544,730 43,018,250
심텍홀딩스 036710 비유동부채 920,830,600 2,880,935,265
심텍홀딩스 036710 장기차입금 2,000,000,000 0
심텍홀딩스 036710 부채총계 16,898,102,551 15,934,190,087
심텍홀딩스 036710 자본금 19,593,300,500 19,501,304,000
심텍홀딩스 036710 자본잉여금 34,014,712,976 34,108,116,635
심텍홀딩스 036710 기타포괄손익누계액 381,409,600 176,087,650
심텍홀딩스 036710 자본총계 118,744,603,216 120,365,787,013
심텍홀딩스 036710 자본과부채총계 135,642,705,767 136,299,977,100
