date : 2015-12-31
에프에스티 036810 유동자산 33,711,681,407 35,826,963,212
에프에스티 036810 현금및현금성자산 9,414,287,538 10,786,291,180
에프에스티 036810 매출채권 및 기타채권
에프에스티 036810 재고자산 9,220,566,874 7,089,417,272
에프에스티 036810 기타유동금융자산 1,837,181,663 1,289,926,850
에프에스티 036810 기타유동자산 1,586,053,103 728,763,783
에프에스티 036810 매각예정비유동자산 0 0
에프에스티 036810 비유동자산 76,069,565,397 57,452,921,227
에프에스티 036810 장기금융상품 0 0
에프에스티 036810 기타포괄손익-공정가치 0 0
에프에스티 036810 당기손익인식공정가치측정금융자산 0 0
에프에스티 036810 종속회사투자 0 0
에프에스티 036810 관계회사투자 0 0
에프에스티 036810 렌탈자산 0 0
에프에스티 036810 유형자산 61,663,274,705 48,762,903,847
에프에스티 036810 무형자산 4,904,720,383 3,794,685,701
에프에스티 036810 기타비유동금융자산 0 0
에프에스티 036810 기타비유동자산 97,588,360 10,029,976
에프에스티 036810 사용권자산 0 0
에프에스티 036810 이연법인세자산 1,174,411,891 901,466,674
에프에스티 036810 자산총계 109,781,246,804 93,279,884,439
에프에스티 036810 유동부채 37,542,634,944 34,737,712,171
에프에스티 036810 단기매입채무 0 0
에프에스티 036810 단기차입금 0 0
에프에스티 036810 유동성장기차입금 0 0
에프에스티 036810 유동성사채 0 0
에프에스티 036810 기타유동금융부채 0 0
에프에스티 036810 기타유동부채 255,264,082 250,196,049
에프에스티 036810 당기법인세부채 1,225,880,369 125,861,872
에프에스티 036810 유동리스부채 0 0
에프에스티 036810 비유동부채 17,642,864,294 12,152,959,386
에프에스티 036810 사채 0 0
에프에스티 036810 장기차입금 0 0
에프에스티 036810 기타비유동금융부채 0 0
에프에스티 036810 이연법인세부채 0 0
에프에스티 036810 비유동리스부채 0 0
에프에스티 036810 부채총계 55,185,499,238 46,890,671,557
에프에스티 036810 자본금 8,195,805,500 7,198,241,500
에프에스티 036810 자본잉여금 23,606,346,498 20,503,922,458
에프에스티 036810 자본조정 -4,573,794,040 -3,595,328,605
에프에스티 036810 기타포괄손익누계액 0 -3,595,328,605
에프에스티 036810 이익잉여금(결손금) 0 0
에프에스티 036810 자본총계 54,595,747,566 46,389,212,882
에프에스티 036810 자본과부채총계 109,781,246,804 93,279,884,439
date : 2016-03-31
에프에스티 036810 유동자산 32,612,570,106 33,711,681,407
에프에스티 036810 현금및현금성자산 4,864,852,109 9,414,287,538
에프에스티 036810 매출채권 및 기타채권
에프에스티 036810 재고자산 10,832,170,755 9,220,566,874
에프에스티 036810 기타유동금융자산 2,123,842,937 1,837,181,663
에프에스티 036810 기타유동자산 1,808,961,796 1,586,053,103
에프에스티 036810 매각예정비유동자산 0 0
에프에스티 036810 비유동자산 77,957,567,081 76,069,565,397
에프에스티 036810 장기금융상품 0 0
에프에스티 036810 기타포괄손익-공정가치 0 0
에프에스티 036810 당기손익인식공정가치측정금융자산 0 0
에프에스티 036810 종속회사투자 0 0
에프에스티 036810 관계회사투자 0 0
에프에스티 036810 렌탈자산 0 0
에프에스티 036810 유형자산 63,388,223,588 61,663,274,705
에프에스티 036810 무형자산 4,861,633,582 4,904,720,383
에프에스티 036810 기타비유동금융자산 0 0
에프에스티 036810 기타비유동자산 87,880,826 97,588,360
에프에스티 036810 사용권자산 0 0
에프에스티 036810 이연법인세자산 1,351,127,163 1,174,411,891
에프에스티 036810 자산총계 110,570,137,187 109,781,246,804
에프에스티 036810 유동부채 37,911,509,373 37,542,634,944
에프에스티 036810 단기매입채무 0 0
에프에스티 036810 단기차입금 0 0
에프에스티 036810 유동성장기차입금 0 0
에프에스티 036810 유동성사채 0 0
에프에스티 036810 기타유동금융부채 0 0
에프에스티 036810 기타유동부채 1,169,383,058 255,264,082
에프에스티 036810 당기법인세부채 263,628,697 1,225,880,369
에프에스티 036810 유동리스부채 0 0
에프에스티 036810 비유동부채 18,002,251,267 17,642,864,294
에프에스티 036810 사채 0 0
에프에스티 036810 장기차입금 0 0
에프에스티 036810 기타비유동금융부채 0 0
에프에스티 036810 이연법인세부채 0 0
에프에스티 036810 비유동리스부채 0 0
에프에스티 036810 부채총계 55,913,760,640 55,185,499,238
에프에스티 036810 자본금 8,195,805,500 8,195,805,500
에프에스티 036810 자본잉여금 23,606,346,498 23,606,346,498
에프에스티 036810 자본조정 -4,573,794,040 -4,573,794,040
에프에스티 036810 기타포괄손익누계액 0 27,367,389,608
에프에스티 036810 이익잉여금(결손금) 27,428,018,589 27,367,389,608
에프에스티 036810 자본총계 54,656,376,547 54,595,747,566
에프에스티 036810 자본과부채총계 110,570,137,187 109,781,246,804
date : 2016-06-30
에프에스티 036810 유동자산 33,717,421,495 33,711,681,407
에프에스티 036810 현금및현금성자산 3,723,184,840 9,414,287,538
에프에스티 036810 매출채권 및 기타채권
에프에스티 036810 재고자산 11,762,780,925 9,220,566,874
에프에스티 036810 기타유동금융자산 2,128,065,710 1,837,181,663
에프에스티 036810 기타유동자산 1,244,164,654 1,586,053,103
에프에스티 036810 매각예정비유동자산 0 0
에프에스티 036810 비유동자산 79,015,134,176 76,069,565,397
에프에스티 036810 장기금융상품 0 0
에프에스티 036810 기타포괄손익-공정가치 0 0
에프에스티 036810 당기손익인식공정가치측정금융자산 0 0
에프에스티 036810 종속회사투자 0 0
에프에스티 036810 관계회사투자 0 0
에프에스티 036810 렌탈자산 0 0
에프에스티 036810 유형자산 63,109,025,895 61,663,274,705
에프에스티 036810 무형자산 4,802,300,063 4,904,720,383
에프에스티 036810 기타비유동금융자산 0 0
에프에스티 036810 기타비유동자산 78,177,094 97,588,360
에프에스티 036810 사용권자산 0 0
에프에스티 036810 이연법인세자산 1,353,502,642 1,174,411,891
에프에스티 036810 자산총계 112,732,555,671 109,781,246,804
에프에스티 036810 유동부채 41,543,130,096 37,542,634,944
에프에스티 036810 단기매입채무 0 0
에프에스티 036810 단기차입금 0 0
에프에스티 036810 유동성장기차입금 0 0
에프에스티 036810 유동성사채 0 0
에프에스티 036810 기타유동금융부채 0 0
에프에스티 036810 기타유동부채 456,863,468 255,264,082
에프에스티 036810 당기법인세부채 263,628,697 1,225,880,369
에프에스티 036810 유동리스부채 0 0
에프에스티 036810 비유동부채 16,908,797,233 17,642,864,294
에프에스티 036810 사채 0 0
에프에스티 036810 장기차입금 0 0
에프에스티 036810 기타비유동금융부채 0 0
에프에스티 036810 이연법인세부채 0 0
에프에스티 036810 비유동리스부채 0 0
에프에스티 036810 부채총계 58,451,927,329 55,185,499,238
에프에스티 036810 자본금 8,195,805,500 8,195,805,500
에프에스티 036810 자본잉여금 23,606,346,498 23,606,346,498
에프에스티 036810 자본조정 -4,573,794,040 -4,573,794,040
에프에스티 036810 기타포괄손익누계액 0 0
에프에스티 036810 이익잉여금(결손금) 27,052,270,384 27,367,389,608
에프에스티 036810 자본총계 54,280,628,342 54,595,747,566
에프에스티 036810 자본과부채총계 112,732,555,671 109,781,246,804
date : 2016-09-30
에프에스티 036810 유동자산 50,358,341,923 33,711,681,407
에프에스티 036810 현금및현금성자산 16,289,793,114 9,414,287,538
에프에스티 036810 매출채권 및 기타채권
에프에스티 036810 재고자산 12,688,071,804 9,220,566,874
에프에스티 036810 기타유동금융자산 2,174,783,962 1,837,181,663
에프에스티 036810 기타유동자산 622,800,080 1,586,053,103
에프에스티 036810 매각예정비유동자산 0 0
에프에스티 036810 비유동자산 79,278,364,352 76,069,565,397
에프에스티 036810 장기금융상품 0 0
에프에스티 036810 기타포괄손익-공정가치 0 0
에프에스티 036810 당기손익인식공정가치측정금융자산 0 0
에프에스티 036810 종속회사투자 0 0
에프에스티 036810 관계회사투자 0 0
에프에스티 036810 렌탈자산 0 0
에프에스티 036810 유형자산 62,302,107,738 61,663,274,705
에프에스티 036810 무형자산 4,741,514,637 4,904,720,383
에프에스티 036810 기타비유동금융자산 0 0
에프에스티 036810 기타비유동자산 70,040,944 97,588,360
에프에스티 036810 사용권자산 0 0
에프에스티 036810 이연법인세자산 1,238,581,041 1,174,411,891
에프에스티 036810 자산총계 129,636,706,275 109,781,246,804
에프에스티 036810 유동부채 41,689,620,125 37,542,634,944
에프에스티 036810 단기매입채무 0 0
에프에스티 036810 단기차입금 0 0
에프에스티 036810 유동성장기차입금 0 0
에프에스티 036810 유동성사채 0 0
에프에스티 036810 기타유동금융부채 0 0
에프에스티 036810 기타유동부채 1,375,676,568 255,264,082
에프에스티 036810 당기법인세부채 95,204,025 1,225,880,369
에프에스티 036810 유동리스부채 0 0
에프에스티 036810 비유동부채 29,576,322,597 17,642,864,294
에프에스티 036810 사채 0 0
에프에스티 036810 장기차입금 0 0
에프에스티 036810 기타비유동금융부채 0 0
에프에스티 036810 이연법인세부채 0 0
에프에스티 036810 비유동리스부채 0 0
에프에스티 036810 부채총계 71,265,942,722 55,185,499,238
에프에스티 036810 자본금 8,195,805,500 8,195,805,500
에프에스티 036810 자본잉여금 25,328,327,078 23,606,346,498
에프에스티 036810 자본조정 -4,573,794,040 -4,573,794,040
에프에스티 036810 기타포괄손익누계액 0 0
에프에스티 036810 이익잉여금(결손금) 29,420,425,015 27,367,389,608
에프에스티 036810 자본총계 58,370,763,553 54,595,747,566
에프에스티 036810 자본과부채총계 129,636,706,275 109,781,246,804
date : 2016-12-31
에프에스티 036810 유동자산 49,171,120,846 33,711,681,407
에프에스티 036810 현금및현금성자산 19,262,855,146 9,414,287,538
에프에스티 036810 매출채권 및 기타채권
에프에스티 036810 재고자산 13,972,757,785 9,220,566,874
에프에스티 036810 기타유동금융자산 1,749,125,166 1,837,181,663
에프에스티 036810 기타유동자산 120,204,691 1,586,053,103
에프에스티 036810 매각예정비유동자산 0 0
에프에스티 036810 비유동자산 78,483,792,224 76,069,565,397
에프에스티 036810 장기금융상품 0 0
에프에스티 036810 기타포괄손익-공정가치 0 0
에프에스티 036810 당기손익인식공정가치측정금융자산 0 0
에프에스티 036810 종속회사투자 0 0
에프에스티 036810 관계회사투자 0 0
에프에스티 036810 렌탈자산 0 0
에프에스티 036810 유형자산 62,587,874,601 61,663,274,705
에프에스티 036810 무형자산 4,665,479,803 4,904,720,383
에프에스티 036810 기타비유동금융자산 0 0
에프에스티 036810 기타비유동자산 63,179,413 97,588,360
에프에스티 036810 사용권자산 0 0
에프에스티 036810 이연법인세자산 1,339,010,306 1,174,411,891
에프에스티 036810 자산총계 127,654,913,070 109,781,246,804
에프에스티 036810 유동부채 38,749,191,383 37,542,634,944
에프에스티 036810 단기매입채무 0 0
에프에스티 036810 단기차입금 0 0
에프에스티 036810 유동성장기차입금 0 0
에프에스티 036810 유동성사채 0 0
에프에스티 036810 기타유동금융부채 0 0
에프에스티 036810 기타유동부채 4,635,088,311 255,264,082
에프에스티 036810 당기법인세부채 1,513,448,101 1,225,880,369
에프에스티 036810 유동리스부채 0 0
에프에스티 036810 비유동부채 30,054,147,423 17,642,864,294
에프에스티 036810 사채 0 0
에프에스티 036810 장기차입금 0 0
에프에스티 036810 기타비유동금융부채 0 0
에프에스티 036810 이연법인세부채 0 0
에프에스티 036810 비유동리스부채 0 0
에프에스티 036810 부채총계 68,803,338,806 55,185,499,238
에프에스티 036810 자본금 8,195,805,500 8,195,805,500
에프에스티 036810 자본잉여금 25,328,327,078 23,606,346,498
에프에스티 036810 자본조정 -4,573,794,040 -4,573,794,040
에프에스티 036810 기타포괄손익누계액 0 0
에프에스티 036810 이익잉여금(결손금) 29,901,235,726 27,367,389,608
에프에스티 036810 자본총계 58,851,574,264 54,595,747,566
에프에스티 036810 자본과부채총계 127,654,913,070 109,781,246,804
date : 2017-03-31
에프에스티 036810 유동자산 56,149,862,372 49,171,120,846
에프에스티 036810 현금및현금성자산 7,262,313,765 19,262,855,146
에프에스티 036810 매출채권 및 기타채권
에프에스티 036810 재고자산 15,876,676,537 13,972,757,785
에프에스티 036810 기타유동금융자산 1,666,195,050 1,749,125,166
에프에스티 036810 기타유동자산 4,449,791,772 120,204,691
에프에스티 036810 매각예정비유동자산 0 0
에프에스티 036810 비유동자산 77,804,210,715 78,483,792,224
에프에스티 036810 장기금융상품 0 0
에프에스티 036810 기타포괄손익-공정가치 0 0
에프에스티 036810 당기손익인식공정가치측정금융자산 0 0
에프에스티 036810 종속회사투자 0 0
에프에스티 036810 관계회사투자 0 0
에프에스티 036810 렌탈자산 0 0
에프에스티 036810 유형자산 61,936,968,345 62,587,874,601
에프에스티 036810 무형자산 4,625,794,612 4,665,479,803
에프에스티 036810 기타비유동금융자산 0 0
에프에스티 036810 기타비유동자산 56,636,724 63,179,413
에프에스티 036810 사용권자산 0 0
에프에스티 036810 이연법인세자산 1,425,627,960 1,339,010,306
에프에스티 036810 자산총계 133,954,073,087 127,654,913,070
에프에스티 036810 유동부채 57,171,266,432 38,749,191,383
에프에스티 036810 단기매입채무 0 0
에프에스티 036810 단기차입금 0 0
에프에스티 036810 유동성장기차입금 0 0
에프에스티 036810 유동성사채 0 0
에프에스티 036810 기타유동금융부채 0 0
에프에스티 036810 기타유동부채 1,515,169,596 4,635,088,311
에프에스티 036810 당기법인세부채 427,523,213 1,513,448,101
에프에스티 036810 유동리스부채 0 0
에프에스티 036810 비유동부채 17,379,352,024 30,054,147,423
에프에스티 036810 사채 0 0
에프에스티 036810 장기차입금 0 0
에프에스티 036810 기타비유동금융부채 0 0
에프에스티 036810 이연법인세부채 0 0
에프에스티 036810 비유동리스부채 0 0
에프에스티 036810 부채총계 74,550,618,456 68,803,338,806
에프에스티 036810 자본금 8,195,805,500 8,195,805,500
에프에스티 036810 자본잉여금 25,328,327,078 25,328,327,078
에프에스티 036810 자본조정 -4,573,794,040 -4,573,794,040
에프에스티 036810 기타포괄손익누계액 0 0
에프에스티 036810 이익잉여금(결손금) 30,453,116,093 29,901,235,726
에프에스티 036810 자본총계 59,403,454,631 58,851,574,264
에프에스티 036810 자본과부채총계 133,954,073,087 127,654,913,070
date : 2017-06-30
에프에스티 036810 유동자산 54,025,531,110 49,171,120,846
에프에스티 036810 현금및현금성자산 5,226,407,391 19,262,855,146
에프에스티 036810 매출채권 및 기타채권
에프에스티 036810 재고자산 17,265,514,153 13,972,757,785
에프에스티 036810 기타유동금융자산 644,546,585 1,749,125,166
에프에스티 036810 기타유동자산 1,824,810,306 120,204,691
에프에스티 036810 매각예정비유동자산 0 0
에프에스티 036810 비유동자산 79,040,174,340 78,483,792,224
에프에스티 036810 장기금융상품 0 0
에프에스티 036810 기타포괄손익-공정가치 0 0
에프에스티 036810 당기손익인식공정가치측정금융자산 0 0
에프에스티 036810 종속회사투자 0 0
에프에스티 036810 관계회사투자 0 0
에프에스티 036810 렌탈자산 0 0
에프에스티 036810 유형자산 61,536,828,538 62,587,874,601
에프에스티 036810 무형자산 5,091,079,170 4,665,479,803
에프에스티 036810 기타비유동금융자산 0 0
에프에스티 036810 기타비유동자산 49,670,815 63,179,413
에프에스티 036810 사용권자산 0 0
에프에스티 036810 이연법인세자산 1,589,959,469 1,339,010,306
에프에스티 036810 자산총계 133,065,705,450 127,654,913,070
에프에스티 036810 유동부채 53,618,527,368 38,749,191,383
에프에스티 036810 단기매입채무 0 0
에프에스티 036810 단기차입금 0 0
에프에스티 036810 유동성장기차입금 0 0
에프에스티 036810 유동성사채 0 0
에프에스티 036810 기타유동금융부채 0 0
에프에스티 036810 기타유동부채 1,187,809,638 4,635,088,311
에프에스티 036810 당기법인세부채 1,209,726,169 1,513,448,101
에프에스티 036810 유동리스부채 0 0
에프에스티 036810 비유동부채 17,010,413,636 30,054,147,423
에프에스티 036810 사채 0 0
에프에스티 036810 장기차입금 0 0
에프에스티 036810 기타비유동금융부채 0 0
에프에스티 036810 이연법인세부채 0 0
에프에스티 036810 비유동리스부채 0 0
에프에스티 036810 부채총계 70,628,941,004 68,803,338,806
에프에스티 036810 자본금 8,195,805,500 8,195,805,500
에프에스티 036810 자본잉여금 25,328,327,078 25,328,327,078
에프에스티 036810 자본조정 -4,573,794,040 -4,573,794,040
에프에스티 036810 기타포괄손익누계액 0 0
에프에스티 036810 이익잉여금(결손금) 33,486,425,908 29,901,235,726
에프에스티 036810 자본총계 62,436,764,446 58,851,574,264
에프에스티 036810 자본과부채총계 133,065,705,450 127,654,913,070
date : 2017-09-30
에프에스티 036810 유동자산 55,795,616,771 49,171,120,846
에프에스티 036810 현금및현금성자산 10,052,204,163 19,262,855,146
에프에스티 036810 매출채권 및 기타채권
에프에스티 036810 재고자산 20,284,387,312 13,972,757,785
에프에스티 036810 기타유동금융자산 536,873,240 1,749,125,166
에프에스티 036810 기타유동자산 1,217,419,045 120,204,691
에프에스티 036810 매각예정비유동자산 0 0
에프에스티 036810 비유동자산 79,444,495,313 78,483,792,224
에프에스티 036810 장기금융상품 0 0
에프에스티 036810 기타포괄손익-공정가치 0 0
에프에스티 036810 당기손익인식공정가치측정금융자산 0 0
에프에스티 036810 종속회사투자 0 0
에프에스티 036810 관계회사투자 0 0
에프에스티 036810 렌탈자산 0 0
에프에스티 036810 유형자산 60,827,967,534 62,587,874,601
에프에스티 036810 무형자산 5,121,863,357 4,665,479,803
에프에스티 036810 기타비유동금융자산 0 0
에프에스티 036810 기타비유동자산 53,176,578 63,179,413
에프에스티 036810 사용권자산 0 0
에프에스티 036810 이연법인세자산 1,593,304,015 1,339,010,306
에프에스티 036810 자산총계 135,240,112,084 127,654,913,070
에프에스티 036810 유동부채 42,437,564,727 38,749,191,383
에프에스티 036810 단기매입채무 0 0
에프에스티 036810 단기차입금 0 0
에프에스티 036810 유동성장기차입금 0 0
에프에스티 036810 유동성사채 0 0
에프에스티 036810 기타유동금융부채 0 0
에프에스티 036810 기타유동부채 601,997,201 4,635,088,311
에프에스티 036810 당기법인세부채 1,582,595,553 1,513,448,101
에프에스티 036810 유동리스부채 0 0
에프에스티 036810 비유동부채 16,711,246,887 30,054,147,423
에프에스티 036810 사채 0 0
에프에스티 036810 장기차입금 0 0
에프에스티 036810 기타비유동금융부채 0 0
에프에스티 036810 이연법인세부채 0 0
에프에스티 036810 비유동리스부채 0 0
에프에스티 036810 부채총계 59,148,811,614 68,803,338,806
에프에스티 036810 자본금 9,668,650,000 8,195,805,500
에프에스티 036810 자본잉여금 34,499,491,687 25,328,327,078
에프에스티 036810 자본조정 -4,573,794,040 -4,573,794,040
에프에스티 036810 기타포괄손익누계액 0 0
에프에스티 036810 이익잉여금(결손금) 36,496,952,823 29,901,235,726
에프에스티 036810 자본총계 76,091,300,470 58,851,574,264
에프에스티 036810 자본과부채총계 135,240,112,084 127,654,913,070
date : 2017-12-31
에프에스티 036810 유동자산 51,766,519,209 49,171,120,846
에프에스티 036810 현금및현금성자산 5,457,023,445 19,262,855,146
에프에스티 036810 매출채권 및 기타채권
에프에스티 036810 재고자산 22,004,291,856 13,972,757,785
에프에스티 036810 기타유동금융자산 454,232,669 1,749,125,166
에프에스티 036810 기타유동자산 662,833,432 120,204,691
에프에스티 036810 매각예정비유동자산 0 0
에프에스티 036810 비유동자산 81,199,286,199 78,483,792,224
에프에스티 036810 장기금융상품 0 0
에프에스티 036810 기타포괄손익-공정가치 0 0
에프에스티 036810 당기손익인식공정가치측정금융자산 0 0
에프에스티 036810 종속회사투자 0 0
에프에스티 036810 관계회사투자 0 0
에프에스티 036810 렌탈자산 0 0
에프에스티 036810 유형자산 61,796,288,577 62,587,874,601
에프에스티 036810 무형자산 5,070,868,273 4,665,479,803
에프에스티 036810 기타비유동금융자산 0 0
에프에스티 036810 기타비유동자산 46,019,530 63,179,413
에프에스티 036810 사용권자산 0 0
에프에스티 036810 이연법인세자산 1,389,518,970 1,339,010,306
에프에스티 036810 자산총계 132,965,805,408 127,654,913,070
에프에스티 036810 유동부채 40,231,068,961 38,749,191,383
에프에스티 036810 단기매입채무 0 0
에프에스티 036810 단기차입금 0 0
에프에스티 036810 유동성장기차입금 0 0
에프에스티 036810 유동성사채 0 0
에프에스티 036810 기타유동금융부채 0 0
에프에스티 036810 기타유동부채 1,475,668,396 4,635,088,311
에프에스티 036810 당기법인세부채 1,625,215,010 1,513,448,101
에프에스티 036810 유동리스부채 0 0
에프에스티 036810 비유동부채 14,382,657,591 30,054,147,423
에프에스티 036810 사채 0 0
에프에스티 036810 장기차입금 0 0
에프에스티 036810 기타비유동금융부채 0 0
에프에스티 036810 이연법인세부채 0 0
에프에스티 036810 비유동리스부채 0 0
에프에스티 036810 부채총계 54,613,726,552 68,803,338,806
에프에스티 036810 자본금 9,732,686,500 8,195,805,500
에프에스티 036810 자본잉여금 34,909,894,414 25,328,327,078
에프에스티 036810 자본조정 -4,573,794,040 -4,573,794,040
에프에스티 036810 기타포괄손익누계액 0 0
에프에스티 036810 이익잉여금(결손금) 38,283,291,982 29,901,235,726
에프에스티 036810 자본총계 78,352,078,856 58,851,574,264
에프에스티 036810 자본과부채총계 132,965,805,408 127,654,913,070
date : 2018-03-31
에프에스티 036810 유동자산 56,760,555,374 51,766,519,209
에프에스티 036810 현금및현금성자산 6,849,076,523 5,457,023,445
에프에스티 036810 매출채권 및 기타채권
에프에스티 036810 재고자산 22,417,514,426 22,004,291,856
에프에스티 036810 기타유동금융자산 269,571,047 454,232,669
에프에스티 036810 기타유동자산 232,892,593 662,833,432
에프에스티 036810 매각예정비유동자산 0 0
에프에스티 036810 비유동자산 80,934,950,782 81,199,286,199
에프에스티 036810 장기금융상품 0 0
에프에스티 036810 기타포괄손익-공정가치 0 0
에프에스티 036810 당기손익인식공정가치측정금융자산 0 0
에프에스티 036810 종속회사투자 0 0
에프에스티 036810 관계회사투자 0 0
에프에스티 036810 렌탈자산 0 0
에프에스티 036810 유형자산 62,481,063,481 61,796,288,577
에프에스티 036810 무형자산 2,886,720,398 5,070,868,273
에프에스티 036810 기타비유동금융자산 0 0
에프에스티 036810 기타비유동자산 34,928,864 46,019,530
에프에스티 036810 사용권자산 0 0
에프에스티 036810 이연법인세자산 1,541,113,392 1,389,518,970
에프에스티 036810 자산총계 137,695,506,156 132,965,805,408
에프에스티 036810 유동부채 42,512,157,541 40,231,068,961
에프에스티 036810 단기매입채무 0 0
에프에스티 036810 단기차입금 0 0
에프에스티 036810 유동성장기차입금 0 0
에프에스티 036810 유동성사채 0 0
에프에스티 036810 기타유동금융부채 0 0
에프에스티 036810 기타유동부채 1,149,692,905 1,475,668,396
에프에스티 036810 당기법인세부채 1,472,134,453 1,625,215,010
에프에스티 036810 유동리스부채 0 0
에프에스티 036810 비유동부채 14,671,877,077 14,382,657,591
에프에스티 036810 사채 0 0
에프에스티 036810 장기차입금 0 0
에프에스티 036810 기타비유동금융부채 0 0
에프에스티 036810 이연법인세부채 0 0
에프에스티 036810 비유동리스부채 0 0
에프에스티 036810 부채총계 57,184,034,618 54,613,726,552
에프에스티 036810 자본금 9,771,108,500 9,732,686,500
에프에스티 036810 자본잉여금 35,158,401,655 34,909,894,414
에프에스티 036810 자본조정 -4,573,794,040 -4,573,794,040
에프에스티 036810 기타포괄손익누계액 0 0
에프에스티 036810 이익잉여금(결손금) 40,155,755,423 38,283,291,982
에프에스티 036810 자본총계 80,511,471,538 78,352,078,856
에프에스티 036810 자본과부채총계 137,695,506,156 132,965,805,408
date : 2018-06-30
에프에스티 036810 유동자산 51,051,183,168 51,766,519,209
에프에스티 036810 현금및현금성자산 9,761,341,561 5,457,023,445
에프에스티 036810 매출채권 및 기타채권
에프에스티 036810 재고자산 20,964,570,162 22,004,291,856
에프에스티 036810 기타유동금융자산 999,185,962 454,232,669
에프에스티 036810 기타유동자산 379,830,359 662,833,432
에프에스티 036810 매각예정비유동자산 0 0
에프에스티 036810 비유동자산 82,240,309,849 81,199,286,199
에프에스티 036810 장기금융상품 0 0
에프에스티 036810 기타포괄손익-공정가치 0 0
에프에스티 036810 당기손익인식공정가치측정금융자산 0 0
에프에스티 036810 종속회사투자 0 0
에프에스티 036810 관계회사투자 0 0
에프에스티 036810 렌탈자산 0 0
에프에스티 036810 유형자산 62,864,670,842 61,796,288,577
에프에스티 036810 무형자산 2,960,631,002 5,070,868,273
에프에스티 036810 기타비유동금융자산 0 0
에프에스티 036810 기타비유동자산 23,587,775 46,019,530
에프에스티 036810 사용권자산 0 0
에프에스티 036810 이연법인세자산 2,091,447,128 1,389,518,970
에프에스티 036810 자산총계 133,291,493,017 132,965,805,408
에프에스티 036810 유동부채 32,405,656,060 40,231,068,961
에프에스티 036810 단기매입채무 0 0
에프에스티 036810 단기차입금 17,674,490,000 19,407,000,000
에프에스티 036810 유동성장기차입금 0 0
에프에스티 036810 유동성사채 0 0
에프에스티 036810 기타유동금융부채 0 0
에프에스티 036810 기타유동부채 725,711,973 1,475,668,396
에프에스티 036810 당기법인세부채 2,895,542,485 1,625,215,010
에프에스티 036810 유동리스부채 0 0
에프에스티 036810 비유동부채 12,814,549,595 14,382,657,591
에프에스티 036810 사채 0 0
에프에스티 036810 장기차입금 8,888,200,000 10,425,690,000
에프에스티 036810 기타비유동금융부채 0 0
에프에스티 036810 이연법인세부채 0 0
에프에스티 036810 비유동리스부채 0 0
에프에스티 036810 부채총계 45,220,205,655 54,613,726,552
에프에스티 036810 자본금 10,116,907,000 9,732,686,500
에프에스티 036810 자본잉여금 37,455,609,482 34,909,894,414
에프에스티 036810 자본조정 -4,918,492,430 -4,573,794,040
에프에스티 036810 기타포괄손익누계액 -1,551,866,772 0
에프에스티 036810 이익잉여금(결손금) 46,969,130,082 38,283,291,982
에프에스티 036810 자본총계 88,071,287,362 78,352,078,856
에프에스티 036810 자본과부채총계 133,291,493,017 132,965,805,408
date : 2018-09-30
에프에스티 036810 유동자산 53,053,147,978 51,766,519,209
에프에스티 036810 현금및현금성자산 21,141,512,179 5,457,023,445
에프에스티 036810 매출채권 및 기타채권
에프에스티 036810 재고자산 15,181,692,343 22,004,291,856
에프에스티 036810 기타유동금융자산 665,067,489 454,232,669
에프에스티 036810 기타유동자산 495,074,353 662,833,432
에프에스티 036810 매각예정비유동자산 0 0
에프에스티 036810 비유동자산 81,054,242,062 81,199,286,199
에프에스티 036810 장기금융상품 0 0
에프에스티 036810 기타포괄손익-공정가치 0 0
에프에스티 036810 당기손익인식공정가치측정금융자산 0 0
에프에스티 036810 종속회사투자 0 0
에프에스티 036810 관계회사투자 0 0
에프에스티 036810 렌탈자산 0 0
에프에스티 036810 유형자산 62,742,229,297 61,796,288,577
에프에스티 036810 무형자산 2,882,259,301 5,070,868,273
에프에스티 036810 기타비유동금융자산 0 0
에프에스티 036810 기타비유동자산 1,166,865 46,019,530
에프에스티 036810 사용권자산 0 0
에프에스티 036810 이연법인세자산 2,057,628,151 1,389,518,970
에프에스티 036810 자산총계 134,107,390,040 132,965,805,408
에프에스티 036810 유동부채 32,546,992,693 40,231,068,961
에프에스티 036810 단기매입채무 0 0
에프에스티 036810 단기차입금 20,526,250,000 19,407,000,000
에프에스티 036810 유동성장기차입금 0 0
에프에스티 036810 유동성사채 0 0
에프에스티 036810 기타유동금융부채 0 0
에프에스티 036810 기타유동부채 690,168,797 1,475,668,396
에프에스티 036810 당기법인세부채 3,199,215,527 1,625,215,010
에프에스티 036810 유동리스부채 0 0
에프에스티 036810 비유동부채 10,253,744,991 14,382,657,591
에프에스티 036810 사채 0 0
에프에스티 036810 장기차입금 6,093,750,000 10,425,690,000
에프에스티 036810 기타비유동금융부채 0 0
에프에스티 036810 이연법인세부채 0 0
에프에스티 036810 비유동리스부채 0 0
에프에스티 036810 부채총계 42,800,737,684 54,613,726,552
에프에스티 036810 자본금 10,116,907,000 9,732,686,500
에프에스티 036810 자본잉여금 37,793,831,542 34,909,894,414
에프에스티 036810 자본조정 -5,304,957,790 -4,573,794,040
에프에스티 036810 기타포괄손익누계액 -1,002,731,122 0
에프에스티 036810 이익잉여금(결손금) 49,703,602,726 38,283,291,982
에프에스티 036810 자본총계 91,306,652,356 78,352,078,856
에프에스티 036810 자본과부채총계 134,107,390,040 132,965,805,408
date : 2018-12-31
에프에스티 036810 유동자산 56,360,358,983 51,766,519,209
에프에스티 036810 현금및현금성자산 21,703,335,419 5,457,023,445
에프에스티 036810 매출채권 및 기타채권
에프에스티 036810 재고자산 12,231,662,643 22,004,291,856
에프에스티 036810 기타유동금융자산 641,983,837 454,232,669
에프에스티 036810 기타유동자산 407,172,699 662,833,432
에프에스티 036810 매각예정비유동자산 0 0
에프에스티 036810 비유동자산 82,235,541,489 81,199,286,199
에프에스티 036810 장기금융상품 0 0
에프에스티 036810 기타포괄손익-공정가치 0 0
에프에스티 036810 당기손익인식공정가치측정금융자산 0 0
에프에스티 036810 종속회사투자 0 0
에프에스티 036810 관계회사투자 0 0
에프에스티 036810 렌탈자산 0 0
에프에스티 036810 유형자산 65,794,876,343 61,796,288,577
에프에스티 036810 무형자산 1,961,751,745 5,070,868,273
에프에스티 036810 기타비유동금융자산 0 0
에프에스티 036810 기타비유동자산 683,574 46,019,530
에프에스티 036810 사용권자산 0 0
에프에스티 036810 이연법인세자산 2,801,873,983 1,389,518,970
에프에스티 036810 자산총계 138,595,900,472 132,965,805,408
에프에스티 036810 유동부채 35,769,884,401 40,231,068,961
에프에스티 036810 단기매입채무 0 0
에프에스티 036810 단기차입금 20,995,000,000 19,407,000,000
에프에스티 036810 유동성장기차입금 0 0
에프에스티 036810 유동성사채 0 0
에프에스티 036810 기타유동금융부채 0 0
에프에스티 036810 기타유동부채 328,094,417 1,475,668,396
에프에스티 036810 당기법인세부채 2,396,199,111 1,625,215,010
에프에스티 036810 유동리스부채 0 0
에프에스티 036810 비유동부채 10,511,982,567 14,382,657,591
에프에스티 036810 사채 0 0
에프에스티 036810 장기차입금 5,625,000,000 10,425,690,000
에프에스티 036810 기타비유동금융부채 0 0
에프에스티 036810 이연법인세부채 0 0
에프에스티 036810 비유동리스부채 0 0
에프에스티 036810 부채총계 46,281,866,968 54,613,726,552
에프에스티 036810 자본금 10,116,907,000 9,732,686,500
에프에스티 036810 자본잉여금 37,793,831,542 34,909,894,414
에프에스티 036810 자본조정 -5,304,957,790 -4,573,794,040
에프에스티 036810 기타포괄손익누계액 -811,209,721 0
에프에스티 036810 이익잉여금(결손금) 50,519,462,473 38,283,291,982
에프에스티 036810 자본총계 92,314,033,504 78,352,078,856
에프에스티 036810 자본과부채총계 138,595,900,472 132,965,805,408
date : 2019-03-31
에프에스티 036810 유동자산 54,277,562,338 56,360,358,983
에프에스티 036810 현금및현금성자산 17,783,920,506 21,703,335,419
에프에스티 036810 매출채권 및 기타채권
에프에스티 036810 재고자산 12,866,555,944 12,231,662,643
에프에스티 036810 기타유동금융자산 953,015,293 641,983,837
에프에스티 036810 기타유동자산 1,455,934,517 407,172,699
에프에스티 036810 매각예정비유동자산 0 0
에프에스티 036810 비유동자산 90,071,976,436 82,235,541,489
에프에스티 036810 장기금융상품 0 0
에프에스티 036810 기타포괄손익-공정가치 0 0
에프에스티 036810 당기손익인식공정가치측정금융자산 0 0
에프에스티 036810 종속회사투자 0 0
에프에스티 036810 관계회사투자 0 0
에프에스티 036810 렌탈자산 0 0
에프에스티 036810 유형자산 70,562,575,064 65,794,876,343
에프에스티 036810 무형자산 1,898,096,179 1,961,751,745
에프에스티 036810 기타비유동금융자산 0 0
에프에스티 036810 기타비유동자산 524,674 683,574
에프에스티 036810 사용권자산 0 0
에프에스티 036810 이연법인세자산 2,532,415,638 2,801,873,983
에프에스티 036810 자산총계 144,349,538,774 138,595,900,472
에프에스티 036810 유동부채 37,402,384,422 35,769,884,401
에프에스티 036810 단기매입채무 0 0
에프에스티 036810 단기차입금 20,995,000,000 20,995,000,000
에프에스티 036810 유동성장기차입금 0 0
에프에스티 036810 유동성사채 0 0
에프에스티 036810 기타유동금융부채 0 0
에프에스티 036810 기타유동부채 356,126,486 328,094,417
에프에스티 036810 당기법인세부채 992,917,984 2,396,199,111
에프에스티 036810 유동리스부채 0 0
에프에스티 036810 비유동부채 11,668,933,169 10,511,982,567
에프에스티 036810 사채 0 0
에프에스티 036810 장기차입금 6,413,847,000 5,625,000,000
에프에스티 036810 기타비유동금융부채 0 0
에프에스티 036810 이연법인세부채 0 0
에프에스티 036810 비유동리스부채 0 0
에프에스티 036810 부채총계 49,071,317,591 46,281,866,968
에프에스티 036810 자본금 10,116,907,000 10,116,907,000
에프에스티 036810 자본잉여금 37,793,831,542 37,793,831,542
에프에스티 036810 자본조정 -5,304,957,790 -5,304,957,790
에프에스티 036810 기타포괄손익누계액 -811,209,721 -811,209,721
에프에스티 036810 이익잉여금(결손금) 53,483,650,152 50,519,462,473
에프에스티 036810 자본총계 95,278,221,183 92,314,033,504
에프에스티 036810 자본과부채총계 144,349,538,774 138,595,900,472
