date : 2015-12-31
주성엔지니어링 036930 유동자산 133,045,517,034 116,181,385,218
주성엔지니어링 036930 현금및현금성자산 28,964,487,202 14,375,767,810
주성엔지니어링 036930 매출채권 19,105,684,769 18,750,455,844
주성엔지니어링 036930 재고자산 50,842,335,806 48,004,696,842
주성엔지니어링 036930 기타유동금융자산 0 0
주성엔지니어링 036930 기타유동자산 0 0
주성엔지니어링 036930 매각예정비유동자산 0 0
주성엔지니어링 036930 비유동자산 174,640,978,343 188,419,198,805
주성엔지니어링 036930 장기금융상품 0 0
주성엔지니어링 036930 기타포괄손익-공정가치 0 0
주성엔지니어링 036930 당기손익인식공정가치측정금융자산 0 0
주성엔지니어링 036930 종속회사투자 0 0
주성엔지니어링 036930 관계회사투자 0 0
주성엔지니어링 036930 렌탈자산 0 0
주성엔지니어링 036930 유형자산 132,806,827,332 140,189,900,811
주성엔지니어링 036930 무형자산 14,744,958,809 12,818,905,699
주성엔지니어링 036930 기타비유동금융자산 0 0
주성엔지니어링 036930 기타비유동자산 0 0
주성엔지니어링 036930 사용권자산 0 0
주성엔지니어링 036930 이연법인세자산 4,112,037,236 4,020,707,162
주성엔지니어링 036930 자산총계 307,686,495,377 304,600,584,023
주성엔지니어링 036930 유동부채 144,497,948,245 177,250,883,805
주성엔지니어링 036930 단기매입채무 0 0
주성엔지니어링 036930 단기차입금 0 0
주성엔지니어링 036930 유동성장기차입금 0 0
주성엔지니어링 036930 유동성사채 0 0
주성엔지니어링 036930 기타유동금융부채 0 0
주성엔지니어링 036930 기타유동부채 0 0
주성엔지니어링 036930 당기법인세부채 0 0
주성엔지니어링 036930 유동리스부채 0 0
주성엔지니어링 036930 비유동부채 48,756,607,095 18,893,401,590
주성엔지니어링 036930 사채 0 0
주성엔지니어링 036930 장기차입금 0 0
주성엔지니어링 036930 기타비유동금융부채 0 0
주성엔지니어링 036930 이연법인세부채 0 0
주성엔지니어링 036930 비유동리스부채 0 0
주성엔지니어링 036930 부채총계 193,254,555,340 196,144,285,395
주성엔지니어링 036930 자본금 24,124,606,000 24,124,606,000
주성엔지니어링 036930 자본잉여금 146,226,903,510 145,952,079,585
주성엔지니어링 036930 자본조정 0 0
주성엔지니어링 036930 기타포괄손익누계액 11,622,171,510 11,945,978,136
주성엔지니어링 036930 이익잉여금(결손금) -67,858,357,992 -74,157,806,027
주성엔지니어링 036930 자본총계 114,431,940,037 108,456,298,628
주성엔지니어링 036930 자본과부채총계 307,686,495,377 304,600,584,023
date : 2016-03-31
주성엔지니어링 036930 유동자산 126,247,143,581 133,045,517,034
주성엔지니어링 036930 현금및현금성자산 28,265,956,852 28,964,487,202
주성엔지니어링 036930 매출채권 25,937,017,076 19,105,684,769
주성엔지니어링 036930 재고자산 51,781,810,145 50,842,335,806
주성엔지니어링 036930 기타유동금융자산 0 0
주성엔지니어링 036930 기타유동자산 0 0
주성엔지니어링 036930 매각예정비유동자산 0 0
주성엔지니어링 036930 비유동자산 171,124,759,733 174,640,978,343
주성엔지니어링 036930 장기금융상품 0 0
주성엔지니어링 036930 기타포괄손익-공정가치 0 0
주성엔지니어링 036930 당기손익인식공정가치측정금융자산 0 0
주성엔지니어링 036930 종속회사투자 0 0
주성엔지니어링 036930 관계회사투자 0 0
주성엔지니어링 036930 렌탈자산 0 0
주성엔지니어링 036930 유형자산 130,998,975,388 132,806,827,332
주성엔지니어링 036930 무형자산 14,029,823,925 14,744,958,809
주성엔지니어링 036930 기타비유동금융자산 0 0
주성엔지니어링 036930 기타비유동자산 0 0
주성엔지니어링 036930 사용권자산 0 0
주성엔지니어링 036930 이연법인세자산 3,957,052,868 4,112,037,236
주성엔지니어링 036930 자산총계 297,371,903,314 307,686,495,377
주성엔지니어링 036930 유동부채 130,210,776,068 144,497,948,245
주성엔지니어링 036930 단기매입채무 0 0
주성엔지니어링 036930 단기차입금 0 0
주성엔지니어링 036930 유동성장기차입금 0 0
주성엔지니어링 036930 유동성사채 0 0
주성엔지니어링 036930 기타유동금융부채 0 0
주성엔지니어링 036930 기타유동부채 0 0
주성엔지니어링 036930 당기법인세부채 0 0
주성엔지니어링 036930 유동리스부채 0 0
주성엔지니어링 036930 비유동부채 46,708,764,972 48,756,607,095
주성엔지니어링 036930 사채 0 0
주성엔지니어링 036930 장기차입금 0 0
주성엔지니어링 036930 기타비유동금융부채 0 0
주성엔지니어링 036930 이연법인세부채 0 0
주성엔지니어링 036930 비유동리스부채 0 0
주성엔지니어링 036930 부채총계 176,919,541,040 193,254,555,340
주성엔지니어링 036930 자본금 24,124,606,000 24,124,606,000
주성엔지니어링 036930 자본잉여금 146,226,903,510 146,226,903,510
주성엔지니어링 036930 자본조정 0 0
주성엔지니어링 036930 기타포괄손익누계액 12,171,661,542 11,622,171,510
주성엔지니어링 036930 이익잉여금(결손금) -62,387,425,787 -67,858,357,992
주성엔지니어링 036930 자본총계 120,452,362,274 114,431,940,037
주성엔지니어링 036930 자본과부채총계 297,371,903,314 307,686,495,377
date : 2016-06-30
주성엔지니어링 036930 유동자산 143,754,633,216 133,045,517,034
주성엔지니어링 036930 현금및현금성자산 31,349,619,292 28,964,487,202
주성엔지니어링 036930 매출채권 48,126,208,223 19,105,684,769
주성엔지니어링 036930 재고자산 43,790,579,461 50,842,335,806
주성엔지니어링 036930 기타유동금융자산 0 0
주성엔지니어링 036930 기타유동자산 0 0
주성엔지니어링 036930 매각예정비유동자산 0 0
주성엔지니어링 036930 비유동자산 166,656,045,858 174,640,978,343
주성엔지니어링 036930 장기금융상품 0 0
주성엔지니어링 036930 기타포괄손익-공정가치 0 0
주성엔지니어링 036930 당기손익인식공정가치측정금융자산 0 0
주성엔지니어링 036930 종속회사투자 0 0
주성엔지니어링 036930 관계회사투자 0 0
주성엔지니어링 036930 렌탈자산 0 0
주성엔지니어링 036930 유형자산 130,000,311,784 132,806,827,332
주성엔지니어링 036930 무형자산 13,300,780,232 14,744,958,809
주성엔지니어링 036930 기타비유동금융자산 0 0
주성엔지니어링 036930 기타비유동자산 0 0
주성엔지니어링 036930 사용권자산 0 0
주성엔지니어링 036930 이연법인세자산 3,886,479,629 4,112,037,236
주성엔지니어링 036930 자산총계 310,410,679,074 307,686,495,377
주성엔지니어링 036930 유동부채 118,176,779,808 144,497,948,245
주성엔지니어링 036930 단기매입채무 0 0
주성엔지니어링 036930 단기차입금 0 0
주성엔지니어링 036930 유동성장기차입금 0 0
주성엔지니어링 036930 유동성사채 0 0
주성엔지니어링 036930 기타유동금융부채 0 0
주성엔지니어링 036930 기타유동부채 0 0
주성엔지니어링 036930 당기법인세부채 0 0
주성엔지니어링 036930 유동리스부채 0 0
주성엔지니어링 036930 비유동부채 65,328,008,190 48,756,607,095
주성엔지니어링 036930 사채 0 0
주성엔지니어링 036930 장기차입금 0 0
주성엔지니어링 036930 기타비유동금융부채 0 0
주성엔지니어링 036930 이연법인세부채 0 0
주성엔지니어링 036930 비유동리스부채 0 0
주성엔지니어링 036930 부채총계 183,504,787,998 193,254,555,340
주성엔지니어링 036930 자본금 24,124,606,000 24,124,606,000
주성엔지니어링 036930 자본잉여금 146,226,903,510 146,226,903,510
주성엔지니어링 036930 자본조정 0 0
주성엔지니어링 036930 기타포괄손익누계액 12,421,875,753 11,622,171,510
주성엔지니어링 036930 이익잉여금(결손금) -56,184,111,196 -67,858,357,992
주성엔지니어링 036930 자본총계 126,905,891,076 114,431,940,037
주성엔지니어링 036930 자본과부채총계 310,410,679,074 307,686,495,377
date : 2016-09-30
주성엔지니어링 036930 유동자산 142,788,857,600 133,045,517,034
주성엔지니어링 036930 현금및현금성자산 43,652,624,139 28,964,487,202
주성엔지니어링 036930 매출채권 37,145,677,103 19,105,684,769
주성엔지니어링 036930 재고자산 45,214,576,059 50,842,335,806
주성엔지니어링 036930 기타유동금융자산 0 0
주성엔지니어링 036930 기타유동자산 0 0
주성엔지니어링 036930 매각예정비유동자산 0 0
주성엔지니어링 036930 비유동자산 165,630,341,414 174,640,978,343
주성엔지니어링 036930 장기금융상품 0 0
주성엔지니어링 036930 기타포괄손익-공정가치 0 0
주성엔지니어링 036930 당기손익인식공정가치측정금융자산 0 0
주성엔지니어링 036930 종속회사투자 0 0
주성엔지니어링 036930 관계회사투자 0 0
주성엔지니어링 036930 렌탈자산 0 0
주성엔지니어링 036930 유형자산 129,023,023,721 132,806,827,332
주성엔지니어링 036930 무형자산 13,878,691,702 14,744,958,809
주성엔지니어링 036930 기타비유동금융자산 0 0
주성엔지니어링 036930 기타비유동자산 0 0
주성엔지니어링 036930 사용권자산 0 0
주성엔지니어링 036930 이연법인세자산 3,840,814,592 4,112,037,236
주성엔지니어링 036930 자산총계 308,419,199,014 307,686,495,377
주성엔지니어링 036930 유동부채 109,289,983,042 144,497,948,245
주성엔지니어링 036930 단기매입채무 0 0
주성엔지니어링 036930 단기차입금 0 0
주성엔지니어링 036930 유동성장기차입금 0 0
주성엔지니어링 036930 유동성사채 0 0
주성엔지니어링 036930 기타유동금융부채 0 0
주성엔지니어링 036930 기타유동부채 0 0
주성엔지니어링 036930 당기법인세부채 0 0
주성엔지니어링 036930 유동리스부채 0 0
주성엔지니어링 036930 비유동부채 65,760,915,510 48,756,607,095
주성엔지니어링 036930 사채 0 0
주성엔지니어링 036930 장기차입금 0 0
주성엔지니어링 036930 기타비유동금융부채 0 0
주성엔지니어링 036930 이연법인세부채 0 0
주성엔지니어링 036930 비유동리스부채 0 0
주성엔지니어링 036930 부채총계 175,050,898,552 193,254,555,340
주성엔지니어링 036930 자본금 24,124,606,000 24,124,606,000
주성엔지니어링 036930 자본잉여금 146,543,520,519 146,226,903,510
주성엔지니어링 036930 자본조정 0 0
주성엔지니어링 036930 기타포괄손익누계액 12,583,779,066 11,622,171,510
주성엔지니어링 036930 이익잉여금(결손금) -49,883,605,123 -67,858,357,992
주성엔지니어링 036930 자본총계 133,368,300,462 114,431,940,037
주성엔지니어링 036930 자본과부채총계 308,419,199,014 307,686,495,377
date : 2016-12-31
주성엔지니어링 036930 유동자산 162,763,521,981 133,045,517,034
주성엔지니어링 036930 현금및현금성자산 30,974,248,273 28,964,487,202
주성엔지니어링 036930 매출채권 45,745,852,940 19,105,684,769
주성엔지니어링 036930 재고자산 45,636,393,119 50,842,335,806
주성엔지니어링 036930 기타유동금융자산 0 0
주성엔지니어링 036930 기타유동자산 0 0
주성엔지니어링 036930 매각예정비유동자산 0 0
주성엔지니어링 036930 비유동자산 162,862,627,041 174,640,978,343
주성엔지니어링 036930 장기금융상품 0 0
주성엔지니어링 036930 기타포괄손익-공정가치 0 0
주성엔지니어링 036930 당기손익인식공정가치측정금융자산 0 0
주성엔지니어링 036930 종속회사투자 0 0
주성엔지니어링 036930 관계회사투자 0 0
주성엔지니어링 036930 렌탈자산 0 0
주성엔지니어링 036930 유형자산 128,497,324,984 132,806,827,332
주성엔지니어링 036930 무형자산 12,172,684,165 14,744,958,809
주성엔지니어링 036930 기타비유동금융자산 0 0
주성엔지니어링 036930 기타비유동자산 0 0
주성엔지니어링 036930 사용권자산 0 0
주성엔지니어링 036930 이연법인세자산 11,611,082,824 4,112,037,236
주성엔지니어링 036930 자산총계 325,626,149,022 307,686,495,377
주성엔지니어링 036930 유동부채 113,717,597,465 144,497,948,245
주성엔지니어링 036930 단기매입채무 0 0
주성엔지니어링 036930 단기차입금 0 0
주성엔지니어링 036930 유동성장기차입금 0 0
주성엔지니어링 036930 유동성사채 0 0
주성엔지니어링 036930 기타유동금융부채 0 0
주성엔지니어링 036930 기타유동부채 0 0
주성엔지니어링 036930 당기법인세부채 0 0
주성엔지니어링 036930 유동리스부채 0 0
주성엔지니어링 036930 비유동부채 65,848,599,173 48,756,607,095
주성엔지니어링 036930 사채 0 0
주성엔지니어링 036930 장기차입금 0 0
주성엔지니어링 036930 기타비유동금융부채 0 0
주성엔지니어링 036930 이연법인세부채 0 0
주성엔지니어링 036930 비유동리스부채 0 0
주성엔지니어링 036930 부채총계 179,566,196,638 193,254,555,340
주성엔지니어링 036930 자본금 24,124,606,000 24,124,606,000
주성엔지니어링 036930 자본잉여금 146,543,520,519 146,226,903,510
주성엔지니어링 036930 자본조정 0 0
주성엔지니어링 036930 기타포괄손익누계액 12,927,210,336 11,622,171,510
주성엔지니어링 036930 이익잉여금(결손금) -37,535,384,471 -67,858,357,992
주성엔지니어링 036930 자본총계 146,059,952,384 114,431,940,037
주성엔지니어링 036930 자본과부채총계 325,626,149,022 307,686,495,377
date : 2017-03-31
주성엔지니어링 036930 유동자산 155,093,012,628 162,763,521,981
주성엔지니어링 036930 현금및현금성자산 31,119,294,424 30,974,248,273
주성엔지니어링 036930 매출채권 36,255,378,348 45,745,852,940
주성엔지니어링 036930 재고자산 50,788,569,809 45,636,393,119
주성엔지니어링 036930 기타유동금융자산 0 0
주성엔지니어링 036930 기타유동자산 0 0
주성엔지니어링 036930 매각예정비유동자산 0 0
주성엔지니어링 036930 비유동자산 166,815,402,592 162,862,627,041
주성엔지니어링 036930 장기금융상품 0 0
주성엔지니어링 036930 기타포괄손익-공정가치 0 0
주성엔지니어링 036930 당기손익인식공정가치측정금융자산 0 0
주성엔지니어링 036930 종속회사투자 0 0
주성엔지니어링 036930 관계회사투자 0 0
주성엔지니어링 036930 렌탈자산 0 0
주성엔지니어링 036930 유형자산 136,787,124,768 128,497,324,984
주성엔지니어링 036930 무형자산 11,372,724,832 12,172,684,165
주성엔지니어링 036930 기타비유동금융자산 0 0
주성엔지니어링 036930 기타비유동자산 0 0
주성엔지니어링 036930 사용권자산 0 0
주성엔지니어링 036930 이연법인세자산 11,973,786,924 11,611,082,824
주성엔지니어링 036930 자산총계 321,908,415,220 325,626,149,022
주성엔지니어링 036930 유동부채 100,730,551,091 113,717,597,465
주성엔지니어링 036930 단기매입채무 0 0
주성엔지니어링 036930 단기차입금 25,000,000,000 39,000,000,000
주성엔지니어링 036930 유동성장기차입금 0 0
주성엔지니어링 036930 유동성사채 0 0
주성엔지니어링 036930 기타유동금융부채 0 0
주성엔지니어링 036930 기타유동부채 0 0
주성엔지니어링 036930 당기법인세부채 0 0
주성엔지니어링 036930 유동리스부채 0 0
주성엔지니어링 036930 비유동부채 63,763,291,209 65,848,599,173
주성엔지니어링 036930 사채 0 0
주성엔지니어링 036930 장기차입금 2,100,000,000 65,848,599,173
주성엔지니어링 036930 기타비유동금융부채 0 0
주성엔지니어링 036930 이연법인세부채 0 0
주성엔지니어링 036930 비유동리스부채 0 0
주성엔지니어링 036930 부채총계 164,493,842,300 179,566,196,638
주성엔지니어링 036930 자본금 24,124,606,000 24,124,606,000
주성엔지니어링 036930 자본잉여금 109,008,136,048 146,543,520,519
주성엔지니어링 036930 자본조정 0 0
주성엔지니어링 036930 기타포괄손익누계액 11,641,259,436 12,927,210,336
주성엔지니어링 036930 이익잉여금(결손금) 12,640,571,436 -37,535,384,471
주성엔지니어링 036930 자본총계 157,414,572,920 146,059,952,384
주성엔지니어링 036930 자본과부채총계 321,908,415,220 325,626,149,022
date : 2017-06-30
주성엔지니어링 036930 유동자산 146,450,954,219 162,763,521,981
주성엔지니어링 036930 현금및현금성자산 24,247,528,446 30,974,248,273
주성엔지니어링 036930 매출채권 61,912,996,268 45,745,852,940
주성엔지니어링 036930 재고자산 47,863,704,967 45,636,393,119
주성엔지니어링 036930 기타유동금융자산 0 0
주성엔지니어링 036930 기타유동자산 0 0
주성엔지니어링 036930 매각예정비유동자산 0 0
주성엔지니어링 036930 비유동자산 167,683,606,535 162,862,627,041
주성엔지니어링 036930 장기금융상품 0 0
주성엔지니어링 036930 기타포괄손익-공정가치 0 0
주성엔지니어링 036930 당기손익인식공정가치측정금융자산 0 0
주성엔지니어링 036930 종속회사투자 0 0
주성엔지니어링 036930 관계회사투자 0 0
주성엔지니어링 036930 렌탈자산 0 0
주성엔지니어링 036930 유형자산 137,212,934,892 128,497,324,984
주성엔지니어링 036930 무형자산 11,813,118,651 12,172,684,165
주성엔지니어링 036930 기타비유동금융자산 0 0
주성엔지니어링 036930 기타비유동자산 0 0
주성엔지니어링 036930 사용권자산 0 0
주성엔지니어링 036930 이연법인세자산 11,973,786,924 11,611,082,824
주성엔지니어링 036930 자산총계 314,134,560,754 325,626,149,022
주성엔지니어링 036930 유동부채 79,635,554,086 113,717,597,465
주성엔지니어링 036930 단기매입채무 0 0
주성엔지니어링 036930 단기차입금 18,641,022,000 39,000,000,000
주성엔지니어링 036930 유동성장기차입금 0 0
주성엔지니어링 036930 유동성사채 0 0
주성엔지니어링 036930 기타유동금융부채 0 0
주성엔지니어링 036930 기타유동부채 0 0
주성엔지니어링 036930 당기법인세부채 0 0
주성엔지니어링 036930 유동리스부채 0 0
주성엔지니어링 036930 비유동부채 64,124,918,224 65,848,599,173
주성엔지니어링 036930 사채 0 0
주성엔지니어링 036930 장기차입금 0 0
주성엔지니어링 036930 기타비유동금융부채 0 0
주성엔지니어링 036930 이연법인세부채 0 0
주성엔지니어링 036930 비유동리스부채 0 0
주성엔지니어링 036930 부채총계 143,760,472,310 179,566,196,638
주성엔지니어링 036930 자본금 24,124,606,000 24,124,606,000
주성엔지니어링 036930 자본잉여금 109,008,136,048 146,543,520,519
주성엔지니어링 036930 자본조정 0 0
주성엔지니어링 036930 기타포괄손익누계액 11,641,259,436 12,927,210,336
주성엔지니어링 036930 이익잉여금(결손금) 25,600,086,960 -37,535,384,471
주성엔지니어링 036930 자본총계 170,374,088,444 146,059,952,384
주성엔지니어링 036930 자본과부채총계 314,134,560,754 325,626,149,022
date : 2017-09-30
주성엔지니어링 036930 유동자산 145,196,866,416 162,763,521,981
주성엔지니어링 036930 현금및현금성자산 31,720,280,778 30,974,248,273
주성엔지니어링 036930 매출채권 47,056,801,810 45,745,852,940
주성엔지니어링 036930 재고자산 45,995,321,573 45,636,393,119
주성엔지니어링 036930 기타유동금융자산 605,488 4,108,241,564
주성엔지니어링 036930 기타유동자산 6,540,120,109 4,108,241,564
주성엔지니어링 036930 매각예정비유동자산 0 0
주성엔지니어링 036930 비유동자산 166,304,697,212 162,862,627,041
주성엔지니어링 036930 장기금융상품 0 0
주성엔지니어링 036930 기타포괄손익-공정가치 0 0
주성엔지니어링 036930 당기손익인식공정가치측정금융자산 0 0
주성엔지니어링 036930 종속회사투자 0 0
주성엔지니어링 036930 관계회사투자 0 0
주성엔지니어링 036930 렌탈자산 0 0
주성엔지니어링 036930 유형자산 136,448,094,100 128,497,324,984
주성엔지니어링 036930 무형자산 11,151,050,120 12,172,684,165
주성엔지니어링 036930 기타비유동금융자산 251,000,000 251,000,000
주성엔지니어링 036930 기타비유동자산 0 0
주성엔지니어링 036930 사용권자산 0 0
주성엔지니어링 036930 이연법인세자산 11,973,786,924 11,611,082,824
주성엔지니어링 036930 자산총계 311,501,563,628 325,626,149,022
주성엔지니어링 036930 유동부채 69,520,816,787 113,717,597,465
주성엔지니어링 036930 단기매입채무 40,105,138,191 59,791,798,453
주성엔지니어링 036930 단기차입금 15,000,000,000 39,000,000,000
주성엔지니어링 036930 유동성장기차입금 0 0
주성엔지니어링 036930 유동성사채 0 0
주성엔지니어링 036930 기타유동금융부채 0 0
주성엔지니어링 036930 기타유동부채 10,926,013,400 12,734,689,800
주성엔지니어링 036930 당기법인세부채 0 0
주성엔지니어링 036930 유동리스부채 0 0
주성엔지니어링 036930 비유동부채 63,689,363,645 65,848,599,173
주성엔지니어링 036930 사채 0 0
주성엔지니어링 036930 장기차입금 0 0
주성엔지니어링 036930 기타비유동금융부채 0 0
주성엔지니어링 036930 이연법인세부채 0 0
주성엔지니어링 036930 비유동리스부채 0 0
주성엔지니어링 036930 부채총계 133,210,180,432 179,566,196,638
주성엔지니어링 036930 자본금 24,124,606,000 24,124,606,000
주성엔지니어링 036930 자본잉여금 109,008,136,048 146,543,520,519
주성엔지니어링 036930 자본조정 0 0
주성엔지니어링 036930 기타포괄손익누계액 11,641,259,436 12,927,210,336
주성엔지니어링 036930 이익잉여금(결손금) 33,517,381,712 -37,535,384,471
주성엔지니어링 036930 자본총계 178,291,383,196 146,059,952,384
주성엔지니어링 036930 자본과부채총계 311,501,563,628 325,626,149,022
date : 2017-12-31
주성엔지니어링 036930 유동자산 140,492,312,287 162,763,521,981
주성엔지니어링 036930 현금및현금성자산 48,559,149,725 30,974,248,273
주성엔지니어링 036930 매출채권 14,689,331,465 45,745,852,940
주성엔지니어링 036930 재고자산 40,633,728,300 45,636,393,119
주성엔지니어링 036930 기타유동금융자산 251,605,869 82,876,090
주성엔지니어링 036930 기타유동자산 6,476,778,248 4,108,241,564
주성엔지니어링 036930 매각예정비유동자산 0 0
주성엔지니어링 036930 비유동자산 171,503,331,524 162,862,627,041
주성엔지니어링 036930 장기금융상품 0 0
주성엔지니어링 036930 기타포괄손익-공정가치 0 0
주성엔지니어링 036930 당기손익인식공정가치측정금융자산 0 0
주성엔지니어링 036930 종속회사투자 0 0
주성엔지니어링 036930 관계회사투자 0 0
주성엔지니어링 036930 렌탈자산 0 0
주성엔지니어링 036930 유형자산 143,153,279,505 128,497,324,984
주성엔지니어링 036930 무형자산 8,832,235,367 12,172,684,165
주성엔지니어링 036930 기타비유동금융자산 1,045,553,357 251,000,000
주성엔지니어링 036930 기타비유동자산 0 0
주성엔지니어링 036930 사용권자산 0 0
주성엔지니어링 036930 이연법인세자산 11,973,786,924 11,611,082,824
주성엔지니어링 036930 자산총계 311,995,643,811 325,626,149,022
주성엔지니어링 036930 유동부채 63,845,764,567 113,717,597,465
주성엔지니어링 036930 단기매입채무 30,742,301,887 59,791,798,453
주성엔지니어링 036930 단기차입금 15,000,000,000 39,000,000,000
주성엔지니어링 036930 유동성장기차입금 0 0
주성엔지니어링 036930 유동성사채 0 0
주성엔지니어링 036930 기타유동금융부채 0 0
주성엔지니어링 036930 기타유동부채 10,314,965,696 12,734,689,800
주성엔지니어링 036930 당기법인세부채 0 0
주성엔지니어링 036930 유동리스부채 0 0
주성엔지니어링 036930 비유동부채 62,804,540,361 65,848,599,173
주성엔지니어링 036930 사채 0 0
주성엔지니어링 036930 장기차입금 2,100,000,000 65,848,599,173
주성엔지니어링 036930 기타비유동금융부채 0 0
주성엔지니어링 036930 이연법인세부채 0 0
주성엔지니어링 036930 비유동리스부채 0 0
주성엔지니어링 036930 부채총계 126,650,304,928 179,566,196,638
주성엔지니어링 036930 자본금 24,124,606,000 24,124,606,000
주성엔지니어링 036930 자본잉여금 109,008,136,048 146,543,520,519
주성엔지니어링 036930 자본조정 0 0
주성엔지니어링 036930 기타포괄손익누계액 11,641,259,436 12,927,210,336
주성엔지니어링 036930 이익잉여금(결손금) 40,571,337,399 -37,535,384,471
주성엔지니어링 036930 자본총계 185,345,338,883 146,059,952,384
주성엔지니어링 036930 자본과부채총계 311,995,643,811 325,626,149,022
date : 2018-03-31
주성엔지니어링 036930 유동자산 137,725,089,369 140,492,312,287
주성엔지니어링 036930 현금및현금성자산 42,850,720,277 48,559,149,725
주성엔지니어링 036930 매출채권 20,325,296,077 14,689,331,465
주성엔지니어링 036930 재고자산 40,320,246,470 40,633,728,300
주성엔지니어링 036930 기타유동금융자산 606,271 251,605,869
주성엔지니어링 036930 기타유동자산 7,682,100,549 6,476,778,248
주성엔지니어링 036930 매각예정비유동자산 0 0
주성엔지니어링 036930 비유동자산 184,680,944,359 171,503,331,524
주성엔지니어링 036930 장기금융상품 0 0
주성엔지니어링 036930 기타포괄손익-공정가치 0 0
주성엔지니어링 036930 당기손익인식공정가치측정금융자산 0 0
주성엔지니어링 036930 종속회사투자 0 0
주성엔지니어링 036930 관계회사투자 0 0
주성엔지니어링 036930 렌탈자산 0 0
주성엔지니어링 036930 유형자산 156,167,461,844 143,153,279,505
주성엔지니어링 036930 무형자산 6,939,393,968 8,832,235,367
주성엔지니어링 036930 기타비유동금융자산 1,045,553,357 8,832,235,367
주성엔지니어링 036930 기타비유동자산 0 0
주성엔지니어링 036930 사용권자산 0 0
주성엔지니어링 036930 이연법인세자산 10,726,279,921 11,973,786,924
주성엔지니어링 036930 자산총계 322,406,033,728 311,995,643,811
주성엔지니어링 036930 유동부채 65,603,843,484 63,845,764,567
주성엔지니어링 036930 단기매입채무 35,429,124,504 30,742,301,887
주성엔지니어링 036930 단기차입금 10,000,000,000 15,000,000,000
주성엔지니어링 036930 유동성장기차입금 0 0
주성엔지니어링 036930 유동성사채 0 0
주성엔지니어링 036930 기타유동금융부채 0 0
주성엔지니어링 036930 기타유동부채 0 15,000,000,000
주성엔지니어링 036930 당기법인세부채 0 0
주성엔지니어링 036930 유동리스부채 0 0
주성엔지니어링 036930 비유동부채 62,404,954,252 62,804,540,361
주성엔지니어링 036930 사채 0 0
주성엔지니어링 036930 장기차입금 0 0
주성엔지니어링 036930 기타비유동금융부채 0 0
주성엔지니어링 036930 이연법인세부채 0 0
주성엔지니어링 036930 비유동리스부채 0 0
주성엔지니어링 036930 부채총계 128,008,797,736 126,650,304,928
주성엔지니어링 036930 자본금 24,124,606,000 24,124,606,000
주성엔지니어링 036930 자본잉여금 111,683,636,666 109,008,136,048
주성엔지니어링 036930 자본조정 0 0
주성엔지니어링 036930 기타포괄손익누계액 11,641,259,436 11,641,259,436
주성엔지니어링 036930 이익잉여금(결손금) 46,947,733,890 40,571,337,399
주성엔지니어링 036930 자본총계 194,397,235,992 185,345,338,883
주성엔지니어링 036930 자본과부채총계 322,406,033,728 311,995,643,811
date : 2018-06-30
주성엔지니어링 036930 유동자산 118,362,938,444 140,492,312,287
주성엔지니어링 036930 현금및현금성자산 30,049,249,964 48,559,149,725
주성엔지니어링 036930 매출채권 15,032,597,034 14,689,331,465
주성엔지니어링 036930 재고자산 45,998,205,720 40,633,728,300
주성엔지니어링 036930 기타유동금융자산 606,619 251,605,869
주성엔지니어링 036930 기타유동자산 7,869,264,537 6,476,778,248
주성엔지니어링 036930 매각예정비유동자산 0 0
주성엔지니어링 036930 비유동자산 184,256,490,785 171,503,331,524
주성엔지니어링 036930 장기금융상품 0 0
주성엔지니어링 036930 기타포괄손익-공정가치 0 0
주성엔지니어링 036930 당기손익인식공정가치측정금융자산 0 0
주성엔지니어링 036930 종속회사투자 0 0
주성엔지니어링 036930 관계회사투자 0 0
주성엔지니어링 036930 렌탈자산 0 0
주성엔지니어링 036930 유형자산 155,500,909,729 143,153,279,505
주성엔지니어링 036930 무형자산 6,726,290,481 8,832,235,367
주성엔지니어링 036930 기타비유동금융자산 1,045,553,357 8,832,235,367
주성엔지니어링 036930 기타비유동자산 0 0
주성엔지니어링 036930 사용권자산 0 0
주성엔지니어링 036930 이연법인세자산 13,397,020,141 11,973,786,924
주성엔지니어링 036930 자산총계 302,619,429,229 311,995,643,811
주성엔지니어링 036930 유동부채 37,997,228,810 63,845,764,567
주성엔지니어링 036930 단기매입채무 25,546,032,924 30,742,301,887
주성엔지니어링 036930 단기차입금 15,000,000,000 30,742,301,887
주성엔지니어링 036930 유동성장기차입금 0 0
주성엔지니어링 036930 유동성사채 0 0
주성엔지니어링 036930 기타유동금융부채 0 0
주성엔지니어링 036930 기타유동부채 7,883,273,772 10,314,965,696
주성엔지니어링 036930 당기법인세부채 0 0
주성엔지니어링 036930 유동리스부채 0 0
주성엔지니어링 036930 비유동부채 61,568,194,220 62,804,540,361
주성엔지니어링 036930 사채 0 0
주성엔지니어링 036930 장기차입금 0 0
주성엔지니어링 036930 기타비유동금융부채 0 0
주성엔지니어링 036930 이연법인세부채 0 0
주성엔지니어링 036930 비유동리스부채 0 0
주성엔지니어링 036930 부채총계 99,565,423,030 126,650,304,928
주성엔지니어링 036930 자본금 24,124,606,000 24,124,606,000
주성엔지니어링 036930 자본잉여금 109,008,136,048 109,008,136,048
주성엔지니어링 036930 자본조정 0 0
주성엔지니어링 036930 기타포괄손익누계액 11,641,259,436 11,641,259,436
주성엔지니어링 036930 이익잉여금(결손금) 58,280,004,715 40,571,337,399
주성엔지니어링 036930 자본총계 203,054,006,199 185,345,338,883
주성엔지니어링 036930 자본과부채총계 302,619,429,229 311,995,643,811
date : 2018-09-30
주성엔지니어링 036930 유동자산 127,842,380,618 140,492,312,287
주성엔지니어링 036930 현금및현금성자산 18,591,739,296 48,559,149,725
주성엔지니어링 036930 매출채권 11,996,218,291 14,689,331,465
주성엔지니어링 036930 재고자산 47,508,896,089 40,633,728,300
주성엔지니어링 036930 기타유동금융자산 606,997 251,605,869
주성엔지니어링 036930 기타유동자산 9,535,100,559 6,476,778,248
주성엔지니어링 036930 매각예정비유동자산 0 0
주성엔지니어링 036930 비유동자산 205,867,053,596 171,503,331,524
주성엔지니어링 036930 장기금융상품 0 0
주성엔지니어링 036930 기타포괄손익-공정가치 0 0
주성엔지니어링 036930 당기손익인식공정가치측정금융자산 0 0
주성엔지니어링 036930 종속회사투자 0 0
주성엔지니어링 036930 관계회사투자 0 0
주성엔지니어링 036930 렌탈자산 0 0
주성엔지니어링 036930 유형자산 177,522,077,738 143,153,279,505
주성엔지니어링 036930 무형자산 6,370,368,927 8,832,235,367
주성엔지니어링 036930 기타비유동금융자산 1,045,553,357 8,832,235,367
주성엔지니어링 036930 기타비유동자산 0 0
주성엔지니어링 036930 사용권자산 0 0
주성엔지니어링 036930 이연법인세자산 13,397,020,141 11,973,786,924
주성엔지니어링 036930 자산총계 333,709,434,214 311,995,643,811
주성엔지니어링 036930 유동부채 36,158,720,393 63,845,764,567
주성엔지니어링 036930 단기매입채무 22,548,893,440 30,742,301,887
주성엔지니어링 036930 단기차입금 15,000,000,000 30,742,301,887
주성엔지니어링 036930 유동성장기차입금 0 0
주성엔지니어링 036930 유동성사채 0 0
주성엔지니어링 036930 기타유동금융부채 0 0
주성엔지니어링 036930 기타유동부채 8,567,765,892 10,314,965,696
주성엔지니어링 036930 당기법인세부채 0 0
주성엔지니어링 036930 유동리스부채 0 0
주성엔지니어링 036930 비유동부채 87,694,113,670 62,804,540,361
주성엔지니어링 036930 사채 0 0
주성엔지니어링 036930 장기차입금 26,400,000,000 62,804,540,361
주성엔지니어링 036930 기타비유동금융부채 0 0
주성엔지니어링 036930 이연법인세부채 0 0
주성엔지니어링 036930 비유동리스부채 0 0
주성엔지니어링 036930 부채총계 123,852,834,063 126,650,304,928
주성엔지니어링 036930 자본금 24,124,606,000 24,124,606,000
주성엔지니어링 036930 자본잉여금 109,008,136,048 109,008,136,048
주성엔지니어링 036930 자본조정 0 0
주성엔지니어링 036930 기타포괄손익누계액 11,641,259,436 11,641,259,436
주성엔지니어링 036930 이익잉여금(결손금) 65,082,598,667 40,571,337,399
주성엔지니어링 036930 자본총계 209,856,600,151 185,345,338,883
주성엔지니어링 036930 자본과부채총계 333,709,434,214 311,995,643,811
date : 2018-12-31
주성엔지니어링 036930 유동자산 131,791,373,845 140,492,312,287
주성엔지니어링 036930 현금및현금성자산 9,837,749,208 48,559,149,725
주성엔지니어링 036930 매출채권 23,478,633,033 14,689,331,465
주성엔지니어링 036930 재고자산 82,714,686,933 40,633,728,300
주성엔지니어링 036930 기타유동금융자산 104,314,598 251,605,869
주성엔지니어링 036930 기타유동자산 3,116,670,958 6,476,778,248
주성엔지니어링 036930 매각예정비유동자산 0 0
주성엔지니어링 036930 비유동자산 222,299,024,062 171,503,331,524
주성엔지니어링 036930 장기금융상품 0 0
주성엔지니어링 036930 기타포괄손익-공정가치 0 0
주성엔지니어링 036930 당기손익인식공정가치측정금융자산 0 0
주성엔지니어링 036930 종속회사투자 0 0
주성엔지니어링 036930 관계회사투자 0 0
주성엔지니어링 036930 렌탈자산 0 0
주성엔지니어링 036930 유형자산 183,292,371,901 143,153,279,505
주성엔지니어링 036930 무형자산 6,132,259,834 8,832,235,367
주성엔지니어링 036930 기타비유동금융자산 1,045,553,357 251,000,000
주성엔지니어링 036930 기타비유동자산 6,721,332,470 251,000,000
주성엔지니어링 036930 사용권자산 0 0
주성엔지니어링 036930 이연법인세자산 17,691,763,750 11,973,786,924
주성엔지니어링 036930 자산총계 354,090,397,907 311,995,643,811
주성엔지니어링 036930 유동부채 60,221,784,593 63,845,764,567
주성엔지니어링 036930 단기매입채무 8,324,122,504 30,742,301,887
주성엔지니어링 036930 단기차입금 30,000,000,000 15,000,000,000
주성엔지니어링 036930 유동성장기차입금 0 0
주성엔지니어링 036930 유동성사채 0 0
주성엔지니어링 036930 기타유동금융부채 501,035,487 10,314,965,696
주성엔지니어링 036930 기타유동부채 13,217,281,356 10,314,965,696
주성엔지니어링 036930 당기법인세부채 0 0
주성엔지니어링 036930 유동리스부채 0 0
주성엔지니어링 036930 비유동부채 91,991,453,307 62,804,540,361
주성엔지니어링 036930 사채 0 0
주성엔지니어링 036930 장기차입금 30,500,000,000 62,804,540,361
주성엔지니어링 036930 기타비유동금융부채 0 0
주성엔지니어링 036930 이연법인세부채 0 0
주성엔지니어링 036930 비유동리스부채 0 0
주성엔지니어링 036930 부채총계 152,213,237,900 126,650,304,928
주성엔지니어링 036930 자본금 24,124,606,000 24,124,606,000
주성엔지니어링 036930 자본잉여금 109,008,136,048 109,008,136,048
주성엔지니어링 036930 자본조정 0 0
주성엔지니어링 036930 기타포괄손익누계액 9,195,149,520 11,641,259,436
주성엔지니어링 036930 이익잉여금(결손금) 59,549,268,439 40,571,337,399
주성엔지니어링 036930 자본총계 201,877,160,007 185,345,338,883
주성엔지니어링 036930 자본과부채총계 354,090,397,907 311,995,643,811
date : 2019-03-31
주성엔지니어링 036930 유동자산 143,585,982,296 131,791,373,845
주성엔지니어링 036930 현금및현금성자산 33,310,192,390 9,837,749,208
주성엔지니어링 036930 매출채권 9,734,512,981 23,478,633,033
주성엔지니어링 036930 재고자산 81,951,401,094 82,714,686,933
주성엔지니어링 036930 기타유동금융자산 104,314,598 3,116,670,958
주성엔지니어링 036930 기타유동자산 3,238,987,566 3,116,670,958
주성엔지니어링 036930 매각예정비유동자산 0 0
주성엔지니어링 036930 비유동자산 247,265,796,829 222,299,024,062
주성엔지니어링 036930 장기금융상품 0 0
주성엔지니어링 036930 기타포괄손익-공정가치 0 0
주성엔지니어링 036930 당기손익인식공정가치측정금융자산 0 0
주성엔지니어링 036930 종속회사투자 0 0
주성엔지니어링 036930 관계회사투자 0 0
주성엔지니어링 036930 렌탈자산 0 0
주성엔지니어링 036930 유형자산 207,780,124,493 183,292,371,901
주성엔지니어링 036930 무형자산 5,915,091,586 6,132,259,834
주성엔지니어링 036930 기타비유동금융자산 0 0
주성엔지니어링 036930 기타비유동자산 7,339,228,200 6,721,332,470
주성엔지니어링 036930 사용권자산 0 0
주성엔지니어링 036930 이연법인세자산 17,691,763,750 17,691,763,750
주성엔지니어링 036930 자산총계 390,851,779,125 354,090,397,907
주성엔지니어링 036930 유동부채 75,566,583,943 60,221,784,593
주성엔지니어링 036930 단기매입채무 0 0
주성엔지니어링 036930 단기차입금 30,000,000,000 30,000,000,000
주성엔지니어링 036930 유동성장기차입금 0 0
주성엔지니어링 036930 유동성사채 0 0
주성엔지니어링 036930 기타유동금융부채 151,044,579 30,000,000,000
주성엔지니어링 036930 기타유동부채 13,794,320,549 13,217,281,356
주성엔지니어링 036930 당기법인세부채 0 0
주성엔지니어링 036930 유동리스부채 0 0
주성엔지니어링 036930 비유동부채 109,327,874,018 91,991,453,307
주성엔지니어링 036930 사채 0 0
주성엔지니어링 036930 장기차입금 48,000,000,000 30,500,000,000
주성엔지니어링 036930 기타비유동금융부채 0 0
주성엔지니어링 036930 이연법인세부채 0 0
주성엔지니어링 036930 비유동리스부채 0 0
주성엔지니어링 036930 부채총계 184,894,457,961 152,213,237,900
주성엔지니어링 036930 자본금 24,124,606,000 24,124,606,000
주성엔지니어링 036930 자본잉여금 109,008,136,048 109,008,136,048
주성엔지니어링 036930 자본조정 0 0
주성엔지니어링 036930 기타포괄손익누계액 9,195,149,520 9,195,149,520
주성엔지니어링 036930 이익잉여금(결손금) 63,629,429,596 59,549,268,439
주성엔지니어링 036930 자본총계 205,957,321,164 201,877,160,007
주성엔지니어링 036930 자본과부채총계 390,851,779,125 354,090,397,907
