date : 2019-03-31
파세코 037070 유동자산 44,484,517,466 45,031,812,503
파세코 037070 현금및현금성자산 6,976,659,303 2,414,898,182
파세코 037070 매출채권 및 기타유동채권
파세코 037070 재고자산 20,762,597,399 18,705,633,680
파세코 037070 기타유동자산 4,752,848,428 2,506,696,917
파세코 037070 비유동자산 57,565,565,721 56,511,427,789
파세코 037070 장기금융상품 4,000,000 36,866,720
파세코 037070 유형자산 55,662,841,431 54,665,179,470
파세코 037070 무형자산 801,523,678 711,285,359
파세코 037070 자산총계 102,050,083,187 101,543,240,292
파세코 037070 유동부채 32,510,876,779 28,542,263,110
파세코 037070 단기차입금 6,700,000,000 6,700,000,000
파세코 037070 유동성장기차입금 0 0
파세코 037070 당기법인세부채 570,644,790 865,467,718
파세코 037070 기타유동부채 1,830,036,669 2,900,826,570
파세코 037070 비유동부채 2,807,437,448 3,030,933,731
파세코 037070 이연법인세부채 2,671,393,448 2,894,889,731
파세코 037070 부채총계 35,318,314,227 31,573,196,841
파세코 037070 자본금 7,000,000,000 7,000,000,000
파세코 037070 이익잉여금(결손금) 55,686,892,094 58,971,061,777
파세코 037070 자본총계 66,731,768,960 69,970,043,451
파세코 037070 자본과부채총계 102,050,083,187 101,543,240,292
