date : 2015-12-31
한국팩키지 037230 유동자산 33,692,267,509 33,510,788,842
한국팩키지 037230 현금및현금성자산 5,459,179,618 4,676,575,984
한국팩키지 037230 매출채권 0 0
한국팩키지 037230 재고자산 7,241,920,841 5,567,963,783
한국팩키지 037230 기타유동금융자산 0 0
한국팩키지 037230 기타유동자산 1,010,806,728 1,224,899,151
한국팩키지 037230 매각예정비유동자산 0 0
한국팩키지 037230 비유동자산 16,129,590,105 13,903,769,831
한국팩키지 037230 장기금융상품 0 0
한국팩키지 037230 기타포괄손익-공정가치 0 0
한국팩키지 037230 당기손익인식공정가치측정금융자산 0 0
한국팩키지 037230 종속회사투자 0 0
한국팩키지 037230 관계회사투자 0 0
한국팩키지 037230 렌탈자산 0 0
한국팩키지 037230 유형자산 12,090,742,527 11,958,989,260
한국팩키지 037230 무형자산 349,185,337 357,495,509
한국팩키지 037230 기타비유동금융자산 0 0
한국팩키지 037230 기타비유동자산 0 0
한국팩키지 037230 사용권자산 0 0
한국팩키지 037230 이연법인세자산 373,310,915 616,115,062
한국팩키지 037230 자산총계 49,821,857,614 47,414,558,673
한국팩키지 037230 유동부채 12,334,893,210 10,417,696,490
한국팩키지 037230 단기매입채무 0 0
한국팩키지 037230 단기차입금 3,671,157,236 2,821,785,736
한국팩키지 037230 유동성장기차입금 0 0
한국팩키지 037230 유동성사채 0 0
한국팩키지 037230 기타유동금융부채 0 0
한국팩키지 037230 기타유동부채 430,519,238 410,578,810
한국팩키지 037230 당기법인세부채 0 0
한국팩키지 037230 유동리스부채 0 0
한국팩키지 037230 비유동부채 218,498,122 94,398,753
한국팩키지 037230 사채 0 0
한국팩키지 037230 장기차입금 0 0
한국팩키지 037230 기타비유동금융부채 0 0
한국팩키지 037230 이연법인세부채 0 0
한국팩키지 037230 비유동리스부채 0 0
한국팩키지 037230 부채총계 12,553,391,332 10,512,095,243
한국팩키지 037230 자본금 12,500,000,000 12,500,000,000
한국팩키지 037230 자본잉여금 2,074,314,891 2,074,314,891
한국팩키지 037230 자본조정 0 0
한국팩키지 037230 기타포괄손익누계액 0 0
한국팩키지 037230 이익잉여금(결손금) 22,694,151,391 22,328,148,539
한국팩키지 037230 자본총계 37,268,466,282 36,902,463,430
한국팩키지 037230 자본과부채총계 49,821,857,614 47,414,558,673
date : 2016-03-31
한국팩키지 037230 유동자산 33,853,932,799 33,692,267,509
한국팩키지 037230 현금및현금성자산 6,576,004,270 5,459,179,618
한국팩키지 037230 매출채권 0 0
한국팩키지 037230 재고자산 7,751,442,166 7,241,920,841
한국팩키지 037230 기타유동금융자산 0 0
한국팩키지 037230 기타유동자산 695,569,098 1,010,806,728
한국팩키지 037230 매각예정비유동자산 0 0
한국팩키지 037230 비유동자산 15,741,141,105 16,129,590,105
한국팩키지 037230 장기금융상품 0 0
한국팩키지 037230 기타포괄손익-공정가치 0 0
한국팩키지 037230 당기손익인식공정가치측정금융자산 0 0
한국팩키지 037230 종속회사투자 0 0
한국팩키지 037230 관계회사투자 0 0
한국팩키지 037230 렌탈자산 0 0
한국팩키지 037230 유형자산 12,074,421,669 12,090,742,527
한국팩키지 037230 무형자산 341,626,819 349,185,337
한국팩키지 037230 기타비유동금융자산 0 0
한국팩키지 037230 기타비유동자산 0 0
한국팩키지 037230 사용권자산 0 0
한국팩키지 037230 이연법인세자산 145,653,973 373,310,915
한국팩키지 037230 자산총계 49,595,073,904 49,821,857,614
한국팩키지 037230 유동부채 11,592,128,352 12,334,893,210
한국팩키지 037230 단기매입채무 0 0
한국팩키지 037230 단기차입금 2,143,551,259 3,671,157,236
한국팩키지 037230 유동성장기차입금 0 0
한국팩키지 037230 유동성사채 0 0
한국팩키지 037230 기타유동금융부채 135,090,917 3,671,157,236
한국팩키지 037230 기타유동부채 950,959,981 430,519,238
한국팩키지 037230 당기법인세부채 0 0
한국팩키지 037230 유동리스부채 0 0
한국팩키지 037230 비유동부채 366,619,201 218,498,122
한국팩키지 037230 사채 0 0
한국팩키지 037230 장기차입금 0 0
한국팩키지 037230 기타비유동금융부채 0 0
한국팩키지 037230 이연법인세부채 0 0
한국팩키지 037230 비유동리스부채 0 0
한국팩키지 037230 부채총계 11,958,747,553 12,553,391,332
한국팩키지 037230 자본금 12,500,000,000 12,500,000,000
한국팩키지 037230 자본잉여금 2,074,314,891 2,074,314,891
한국팩키지 037230 자본조정 0 0
한국팩키지 037230 기타포괄손익누계액 0 0
한국팩키지 037230 이익잉여금(결손금) 23,062,011,460 22,694,151,391
한국팩키지 037230 자본총계 37,636,326,351 37,268,466,282
한국팩키지 037230 자본과부채총계 49,595,073,904 49,821,857,614
date : 2016-06-30
한국팩키지 037230 유동자산 37,706,731,412 33,692,267,509
한국팩키지 037230 현금및현금성자산 8,074,571,506 5,459,179,618
한국팩키지 037230 매출채권 0 0
한국팩키지 037230 재고자산 7,374,825,355 7,241,920,841
한국팩키지 037230 기타유동금융자산 0 0
한국팩키지 037230 기타유동자산 602,500,908 1,010,806,728
한국팩키지 037230 매각예정비유동자산 0 0
한국팩키지 037230 비유동자산 15,121,472,548 16,129,590,105
한국팩키지 037230 장기금융상품 0 0
한국팩키지 037230 기타포괄손익-공정가치 0 0
한국팩키지 037230 당기손익인식공정가치측정금융자산 0 0
한국팩키지 037230 종속회사투자 0 0
한국팩키지 037230 관계회사투자 0 0
한국팩키지 037230 렌탈자산 0 0
한국팩키지 037230 유형자산 12,331,586,690 12,090,742,527
한국팩키지 037230 무형자산 335,051,633 349,185,337
한국팩키지 037230 기타비유동금융자산 0 0
한국팩키지 037230 기타비유동자산 0 0
한국팩키지 037230 사용권자산 0 0
한국팩키지 037230 이연법인세자산 64,834,477 373,310,915
한국팩키지 037230 자산총계 52,828,203,960 49,821,857,614
한국팩키지 037230 유동부채 13,703,938,535 12,334,893,210
한국팩키지 037230 단기매입채무 0 0
한국팩키지 037230 단기차입금 2,471,229,506 3,671,157,236
한국팩키지 037230 유동성장기차입금 0 0
한국팩키지 037230 유동성사채 0 0
한국팩키지 037230 기타유동금융부채 371,130,062 3,671,157,236
한국팩키지 037230 기타유동부채 584,370,305 430,519,238
한국팩키지 037230 당기법인세부채 181,515,964 430,519,238
한국팩키지 037230 유동리스부채 0 0
한국팩키지 037230 비유동부채 514,740,280 218,498,122
한국팩키지 037230 사채 0 0
한국팩키지 037230 장기차입금 0 0
한국팩키지 037230 기타비유동금융부채 0 0
한국팩키지 037230 이연법인세부채 0 0
한국팩키지 037230 비유동리스부채 0 0
한국팩키지 037230 부채총계 14,218,678,815 12,553,391,332
한국팩키지 037230 자본금 12,500,000,000 12,500,000,000
한국팩키지 037230 자본잉여금 2,074,314,891 2,074,314,891
한국팩키지 037230 자본조정 0 0
한국팩키지 037230 기타포괄손익누계액 0 0
한국팩키지 037230 이익잉여금(결손금) 24,035,210,254 22,694,151,391
한국팩키지 037230 자본총계 38,609,525,145 37,268,466,282
한국팩키지 037230 자본과부채총계 52,828,203,960 49,821,857,614
date : 2016-09-30
한국팩키지 037230 유동자산 37,552,509,669 33,692,267,509
한국팩키지 037230 현금및현금성자산 6,491,285,298 5,459,179,618
한국팩키지 037230 매출채권 0 0
한국팩키지 037230 재고자산 6,796,172,727 7,241,920,841
한국팩키지 037230 기타유동금융자산 0 0
한국팩키지 037230 기타유동자산 640,579,862 1,010,806,728
한국팩키지 037230 매각예정비유동자산 0 0
한국팩키지 037230 비유동자산 15,448,108,300 16,129,590,105
한국팩키지 037230 장기금융상품 0 0
한국팩키지 037230 기타포괄손익-공정가치 0 0
한국팩키지 037230 당기손익인식공정가치측정금융자산 0 0
한국팩키지 037230 종속회사투자 0 0
한국팩키지 037230 관계회사투자 0 0
한국팩키지 037230 렌탈자산 0 0
한국팩키지 037230 유형자산 12,542,039,602 12,090,742,527
한국팩키지 037230 무형자산 327,443,151 349,185,337
한국팩키지 037230 기타비유동금융자산 0 0
한국팩키지 037230 기타비유동자산 0 0
한국팩키지 037230 사용권자산 0 0
한국팩키지 037230 이연법인세자산 83,593,644 373,310,915
한국팩키지 037230 자산총계 53,000,617,969 49,821,857,614
한국팩키지 037230 유동부채 12,556,196,441 12,334,893,210
한국팩키지 037230 단기매입채무 0 0
한국팩키지 037230 단기차입금 1,834,064,692 3,671,157,236
한국팩키지 037230 유동성장기차입금 0 0
한국팩키지 037230 유동성사채 0 0
한국팩키지 037230 기타유동금융부채 165,135,380 3,671,157,236
한국팩키지 037230 기타유동부채 518,764,471 430,519,238
한국팩키지 037230 당기법인세부채 370,486,094 430,519,238
한국팩키지 037230 유동리스부채 0 0
한국팩키지 037230 비유동부채 665,090,959 218,498,122
한국팩키지 037230 사채 0 0
한국팩키지 037230 장기차입금 0 0
한국팩키지 037230 기타비유동금융부채 0 0
한국팩키지 037230 이연법인세부채 0 0
한국팩키지 037230 비유동리스부채 0 0
한국팩키지 037230 부채총계 13,221,287,400 12,553,391,332
한국팩키지 037230 자본금 12,500,000,000 12,500,000,000
한국팩키지 037230 자본잉여금 2,074,314,891 2,074,314,891
한국팩키지 037230 자본조정 0 0
한국팩키지 037230 기타포괄손익누계액 0 0
한국팩키지 037230 이익잉여금(결손금) 25,205,015,678 22,694,151,391
한국팩키지 037230 자본총계 39,779,330,569 37,268,466,282
한국팩키지 037230 자본과부채총계 53,000,617,969 49,821,857,614
date : 2016-12-31
한국팩키지 037230 유동자산 37,614,071,501 33,692,267,509
한국팩키지 037230 현금및현금성자산 6,562,813,793 5,459,179,618
한국팩키지 037230 매출채권 0 0
한국팩키지 037230 재고자산 5,961,162,461 7,241,920,841
한국팩키지 037230 기타유동금융자산 0 0
한국팩키지 037230 기타유동자산 1,090,173,984 1,010,806,728
한국팩키지 037230 매각예정비유동자산 0 0
한국팩키지 037230 비유동자산 15,898,222,464 16,129,590,105
한국팩키지 037230 장기금융상품 0 0
한국팩키지 037230 기타포괄손익-공정가치 0 0
한국팩키지 037230 당기손익인식공정가치측정금융자산 0 0
한국팩키지 037230 종속회사투자 0 0
한국팩키지 037230 관계회사투자 0 0
한국팩키지 037230 렌탈자산 0 0
한국팩키지 037230 유형자산 12,885,416,032 12,090,742,527
한국팩키지 037230 무형자산 347,264,625 349,185,337
한국팩키지 037230 기타비유동금융자산 0 0
한국팩키지 037230 기타비유동자산 0 0
한국팩키지 037230 사용권자산 0 0
한국팩키지 037230 이연법인세자산 46,964,602 373,310,915
한국팩키지 037230 자산총계 53,512,293,965 49,821,857,614
한국팩키지 037230 유동부채 13,488,330,380 12,334,893,210
한국팩키지 037230 단기매입채무 0 0
한국팩키지 037230 단기차입금 8,551,075,339 3,671,157,236
한국팩키지 037230 유동성장기차입금 0 0
한국팩키지 037230 유동성사채 0 0
한국팩키지 037230 기타유동금융부채 0 0
한국팩키지 037230 기타유동부채 484,645,341 430,519,238
한국팩키지 037230 당기법인세부채 281,092,304 430,519,238
한국팩키지 037230 유동리스부채 0 0
한국팩키지 037230 비유동부채 175,001,589 218,498,122
한국팩키지 037230 사채 0 0
한국팩키지 037230 장기차입금 0 0
한국팩키지 037230 기타비유동금융부채 0 0
한국팩키지 037230 이연법인세부채 0 0
한국팩키지 037230 비유동리스부채 0 0
한국팩키지 037230 부채총계 13,663,331,969 12,553,391,332
한국팩키지 037230 자본금 12,500,000,000 12,500,000,000
한국팩키지 037230 자본잉여금 2,074,314,891 2,074,314,891
한국팩키지 037230 자본조정 0 0
한국팩키지 037230 기타포괄손익누계액 0 0
한국팩키지 037230 이익잉여금(결손금) 25,274,647,105 22,694,151,391
한국팩키지 037230 자본총계 39,848,961,996 37,268,466,282
한국팩키지 037230 자본과부채총계 53,512,293,965 49,821,857,614
date : 2017-03-31
한국팩키지 037230 유동자산 34,968,371,155 37,614,071,501
한국팩키지 037230 현금및현금성자산 4,455,692,887 6,562,813,793
한국팩키지 037230 매출채권 0 0
한국팩키지 037230 재고자산 7,361,850,867 5,961,162,461
한국팩키지 037230 기타유동금융자산 0 0
한국팩키지 037230 기타유동자산 439,127,568 1,090,173,984
한국팩키지 037230 매각예정비유동자산 0 0
한국팩키지 037230 비유동자산 16,142,657,629 15,898,222,464
한국팩키지 037230 장기금융상품 0 0
한국팩키지 037230 기타포괄손익-공정가치 0 0
한국팩키지 037230 당기손익인식공정가치측정금융자산 0 0
한국팩키지 037230 종속회사투자 0 0
한국팩키지 037230 관계회사투자 0 0
한국팩키지 037230 렌탈자산 0 0
한국팩키지 037230 유형자산 13,003,156,845 12,885,416,032
한국팩키지 037230 무형자산 348,261,673 347,264,625
한국팩키지 037230 기타비유동금융자산 0 0
한국팩키지 037230 기타비유동자산 0 0
한국팩키지 037230 사용권자산 0 0
한국팩키지 037230 이연법인세자산 38,704,027 46,964,602
한국팩키지 037230 자산총계 51,111,028,784 53,512,293,965
한국팩키지 037230 유동부채 10,834,550,510 13,488,330,380
한국팩키지 037230 단기매입채무 0 0
한국팩키지 037230 단기차입금 7,960,555,727 8,551,075,339
한국팩키지 037230 유동성장기차입금 0 0
한국팩키지 037230 유동성사채 0 0
한국팩키지 037230 기타유동금융부채 0 0
한국팩키지 037230 기타유동부채 1,204,772,001 484,645,341
한국팩키지 037230 당기법인세부채 387,110,074 281,092,304
한국팩키지 037230 유동리스부채 0 0
한국팩키지 037230 비유동부채 324,422,385 175,001,589
한국팩키지 037230 사채 0 0
한국팩키지 037230 장기차입금 0 0
한국팩키지 037230 기타비유동금융부채 0 0
한국팩키지 037230 이연법인세부채 0 0
한국팩키지 037230 비유동리스부채 0 0
한국팩키지 037230 부채총계 11,158,972,895 13,663,331,969
한국팩키지 037230 자본금 12,500,000,000 12,500,000,000
한국팩키지 037230 자본잉여금 2,074,314,891 2,074,314,891
한국팩키지 037230 자본조정 0 0
한국팩키지 037230 기타포괄손익누계액 0 0
한국팩키지 037230 이익잉여금(결손금) 25,377,740,998 25,274,647,105
한국팩키지 037230 자본총계 39,952,055,889 39,848,961,996
한국팩키지 037230 자본과부채총계 51,111,028,784 53,512,293,965
date : 2017-06-30
한국팩키지 037230 유동자산 37,415,071,329 37,614,071,501
한국팩키지 037230 현금및현금성자산 2,486,883,278 6,562,813,793
한국팩키지 037230 매출채권 0 0
한국팩키지 037230 재고자산 6,279,420,324 5,961,162,461
한국팩키지 037230 기타유동금융자산 0 0
한국팩키지 037230 기타유동자산 561,064,687 1,090,173,984
한국팩키지 037230 매각예정비유동자산 0 0
한국팩키지 037230 비유동자산 15,706,105,765 15,898,222,464
한국팩키지 037230 장기금융상품 0 0
한국팩키지 037230 기타포괄손익-공정가치 0 0
한국팩키지 037230 당기손익인식공정가치측정금융자산 0 0
한국팩키지 037230 종속회사투자 0 0
한국팩키지 037230 관계회사투자 0 0
한국팩키지 037230 렌탈자산 0 0
한국팩키지 037230 유형자산 13,195,507,185 12,885,416,032
한국팩키지 037230 무형자산 343,298,693 347,264,625
한국팩키지 037230 기타비유동금융자산 0 0
한국팩키지 037230 기타비유동자산 0 0
한국팩키지 037230 사용권자산 0 0
한국팩키지 037230 이연법인세자산 31,611,194 46,964,602
한국팩키지 037230 자산총계 53,121,177,094 53,512,293,965
한국팩키지 037230 유동부채 12,015,884,162 13,488,330,380
한국팩키지 037230 단기매입채무 0 0
한국팩키지 037230 단기차입금 9,466,750,980 8,551,075,339
한국팩키지 037230 유동성장기차입금 0 0
한국팩키지 037230 유동성사채 0 0
한국팩키지 037230 기타유동금융부채 0 0
한국팩키지 037230 기타유동부채 594,257,758 484,645,341
한국팩키지 037230 당기법인세부채 376,196,364 281,092,304
한국팩키지 037230 유동리스부채 0 0
한국팩키지 037230 비유동부채 473,843,181 175,001,589
한국팩키지 037230 사채 0 0
한국팩키지 037230 장기차입금 0 0
한국팩키지 037230 기타비유동금융부채 0 0
한국팩키지 037230 이연법인세부채 0 0
한국팩키지 037230 비유동리스부채 0 0
한국팩키지 037230 부채총계 12,489,727,343 13,663,331,969
한국팩키지 037230 자본금 12,500,000,000 12,500,000,000
한국팩키지 037230 자본잉여금 2,074,314,891 2,074,314,891
한국팩키지 037230 자본조정 0 0
한국팩키지 037230 기타포괄손익누계액 0 0
한국팩키지 037230 이익잉여금(결손금) 26,057,134,860 25,274,647,105
한국팩키지 037230 자본총계 40,631,449,751 39,848,961,996
한국팩키지 037230 자본과부채총계 53,121,177,094 53,512,293,965
date : 2017-09-30
한국팩키지 037230 유동자산 38,685,086,282 37,614,071,501
한국팩키지 037230 현금및현금성자산 4,310,937,713 6,562,813,793
한국팩키지 037230 매출채권 및 기타유동채권
한국팩키지 037230 재고자산 6,754,314,144 5,961,162,461
한국팩키지 037230 기타유동금융자산 15,713,828,557 12,580,000,000
한국팩키지 037230 기타유동자산 668,084,888 1,090,173,984
한국팩키지 037230 매각예정비유동자산 0 0
한국팩키지 037230 비유동자산 15,863,863,313 15,898,222,464
한국팩키지 037230 장기금융상품 0 0
한국팩키지 037230 기타포괄손익-공정가치 0 0
한국팩키지 037230 당기손익인식공정가치측정금융자산 0 0
한국팩키지 037230 종속회사투자 0 0
한국팩키지 037230 관계회사투자 0 0
한국팩키지 037230 렌탈자산 0 0
한국팩키지 037230 유형자산 13,385,941,948 12,885,416,032
한국팩키지 037230 무형자산 0 0
한국팩키지 037230 기타비유동금융자산 1,247,173,504 1,427,173,504
한국팩키지 037230 기타비유동자산 0 0
한국팩키지 037230 사용권자산 0 0
한국팩키지 037230 이연법인세자산 60,011,329 46,964,602
한국팩키지 037230 자산총계 54,548,949,595 53,512,293,965
한국팩키지 037230 유동부채 12,923,591,980 13,488,330,380
한국팩키지 037230 단기매입채무 0 0
한국팩키지 037230 단기차입금 10,887,802,745 8,551,075,339
한국팩키지 037230 유동성장기차입금 0 0
한국팩키지 037230 유동성사채 0 0
한국팩키지 037230 기타유동금융부채 0 0
한국팩키지 037230 기타유동부채 566,739,235 484,645,341
한국팩키지 037230 당기법인세부채 311,032,422 281,092,304
한국팩키지 037230 유동리스부채 0 0
한국팩키지 037230 비유동부채 623,263,977 175,001,589
한국팩키지 037230 사채 0 0
한국팩키지 037230 장기차입금 0 0
한국팩키지 037230 기타비유동금융부채 0 0
한국팩키지 037230 이연법인세부채 0 0
한국팩키지 037230 비유동리스부채 0 0
한국팩키지 037230 부채총계 13,546,855,957 13,663,331,969
한국팩키지 037230 자본금 12,500,000,000 12,500,000,000
한국팩키지 037230 자본잉여금 2,074,314,891 2,074,314,891
한국팩키지 037230 자본조정 0 0
한국팩키지 037230 기타포괄손익누계액 0 0
한국팩키지 037230 이익잉여금(결손금) 26,427,778,747 25,274,647,105
한국팩키지 037230 자본총계 41,002,093,638 39,848,961,996
한국팩키지 037230 자본과부채총계 54,548,949,595 53,512,293,965
date : 2017-12-31
한국팩키지 037230 유동자산 37,689,710,309 37,614,071,501
한국팩키지 037230 현금및현금성자산 2,525,850,602 6,562,813,793
한국팩키지 037230 매출채권 및 기타유동채권
한국팩키지 037230 재고자산 5,952,772,769 5,961,162,461
한국팩키지 037230 기타유동금융자산 16,428,522,876 12,580,000,000
한국팩키지 037230 기타유동자산 733,447,262 1,090,173,984
한국팩키지 037230 매각예정비유동자산 0 0
한국팩키지 037230 비유동자산 16,145,369,441 15,898,222,464
한국팩키지 037230 장기금융상품 0 0
한국팩키지 037230 기타포괄손익-공정가치 0 0
한국팩키지 037230 당기손익인식공정가치측정금융자산 0 0
한국팩키지 037230 종속회사투자 0 0
한국팩키지 037230 관계회사투자 0 0
한국팩키지 037230 렌탈자산 0 0
한국팩키지 037230 유형자산 13,685,054,860 12,885,416,032
한국팩키지 037230 무형자산 0 0
한국팩키지 037230 기타비유동금융자산 1,337,173,504 1,427,173,504
한국팩키지 037230 기타비유동자산 0 0
한국팩키지 037230 사용권자산 0 0
한국팩키지 037230 이연법인세자산 78,698,484 46,964,602
한국팩키지 037230 자산총계 53,835,079,750 53,512,293,965
한국팩키지 037230 유동부채 11,273,873,664 13,488,330,380
한국팩키지 037230 단기매입채무 0 0
한국팩키지 037230 단기차입금 9,053,138,307 8,551,075,339
한국팩키지 037230 유동성장기차입금 0 0
한국팩키지 037230 유동성사채 0 0
한국팩키지 037230 기타유동금융부채 0 0
한국팩키지 037230 기타유동부채 464,039,086 484,645,341
한국팩키지 037230 당기법인세부채 472,380,036 281,092,304
한국팩키지 037230 유동리스부채 0 0
한국팩키지 037230 비유동부채 843,554,432 175,001,589
한국팩키지 037230 사채 0 0
한국팩키지 037230 장기차입금 0 0
한국팩키지 037230 기타비유동금융부채 0 0
한국팩키지 037230 이연법인세부채 0 0
한국팩키지 037230 비유동리스부채 0 0
한국팩키지 037230 부채총계 12,117,428,096 13,663,331,969
한국팩키지 037230 자본금 12,500,000,000 12,500,000,000
한국팩키지 037230 자본잉여금 2,074,314,891 2,074,314,891
한국팩키지 037230 자본조정 0 0
한국팩키지 037230 기타포괄손익누계액 0 0
한국팩키지 037230 이익잉여금(결손금) 27,143,336,763 25,274,647,105
한국팩키지 037230 자본총계 41,717,651,654 39,848,961,996
한국팩키지 037230 자본과부채총계 53,835,079,750 53,512,293,965
date : 2018-03-31
한국팩키지 037230 유동자산 37,465,427,512 37,689,710,309
한국팩키지 037230 현금및현금성자산 1,786,648,663 2,525,850,602
한국팩키지 037230 매출채권 및 기타유동채권
한국팩키지 037230 재고자산 5,860,975,826 5,952,772,769
한국팩키지 037230 기타유동금융자산 17,763,056,956 16,428,522,876
한국팩키지 037230 기타유동자산 590,162,856 733,447,262
한국팩키지 037230 매각예정비유동자산 0 0
한국팩키지 037230 비유동자산 16,365,076,005 16,145,369,441
한국팩키지 037230 장기금융상품 0 0
한국팩키지 037230 기타포괄손익-공정가치 0 0
한국팩키지 037230 당기손익인식공정가치측정금융자산 0 0
한국팩키지 037230 종속회사투자 0 0
한국팩키지 037230 관계회사투자 0 0
한국팩키지 037230 렌탈자산 0 0
한국팩키지 037230 유형자산 13,789,427,634 13,685,054,860
한국팩키지 037230 무형자산 445,598,035 341,798,565
한국팩키지 037230 기타비유동금융자산 1,427,173,504 1,337,173,504
한국팩키지 037230 기타비유동자산 0 0
한국팩키지 037230 사용권자산 0 0
한국팩키지 037230 이연법인세자산 115,628,795 78,698,484
한국팩키지 037230 자산총계 53,830,503,517 53,835,079,750
한국팩키지 037230 유동부채 11,267,752,157 11,273,873,664
한국팩키지 037230 단기매입채무 0 0
한국팩키지 037230 단기차입금 8,237,677,621 9,053,138,307
한국팩키지 037230 유동성장기차입금 0 0
한국팩키지 037230 유동성사채 0 0
한국팩키지 037230 기타유동금융부채 32,050,172 0
한국팩키지 037230 기타유동부채 1,220,547,014 464,039,086
한국팩키지 037230 당기법인세부채 258,202,796 472,380,036
한국팩키지 037230 유동리스부채 0 0
한국팩키지 037230 비유동부채 1,022,544,467 843,554,432
한국팩키지 037230 사채 0 0
한국팩키지 037230 장기차입금 0 0
한국팩키지 037230 기타비유동금융부채 0 0
한국팩키지 037230 이연법인세부채 0 0
한국팩키지 037230 비유동리스부채 0 0
한국팩키지 037230 부채총계 12,290,296,624 12,117,428,096
한국팩키지 037230 자본금 12,500,000,000 12,500,000,000
한국팩키지 037230 자본잉여금 2,074,314,891 2,074,314,891
한국팩키지 037230 자본조정 0 0
한국팩키지 037230 기타포괄손익누계액 0 0
한국팩키지 037230 이익잉여금(결손금) 26,965,892,002 27,143,336,763
한국팩키지 037230 자본총계 41,540,206,893 41,717,651,654
한국팩키지 037230 자본과부채총계 53,830,503,517 53,835,079,750
date : 2018-06-30
한국팩키지 037230 유동자산 41,241,907,194 37,689,710,309
한국팩키지 037230 현금및현금성자산 1,312,515,649 2,525,850,602
한국팩키지 037230 매출채권 및 기타유동채권
한국팩키지 037230 재고자산 7,628,202,074 5,952,772,769
한국팩키지 037230 기타유동금융자산 18,575,283,433 16,428,522,876
한국팩키지 037230 기타유동자산 1,041,946,746 733,447,262
한국팩키지 037230 매각예정비유동자산 0 0
한국팩키지 037230 비유동자산 15,513,902,040 16,145,369,441
한국팩키지 037230 장기금융상품 0 0
한국팩키지 037230 기타포괄손익-공정가치 0 0
한국팩키지 037230 당기손익인식공정가치측정금융자산 0 0
한국팩키지 037230 종속회사투자 0 0
한국팩키지 037230 관계회사투자 0 0
한국팩키지 037230 렌탈자산 0 0
한국팩키지 037230 유형자산 13,628,422,783 13,685,054,860
한국팩키지 037230 무형자산 441,062,515 341,798,565
한국팩키지 037230 기타비유동금융자산 737,173,504 1,337,173,504
한국팩키지 037230 기타비유동자산 0 0
한국팩키지 037230 사용권자산 0 0
한국팩키지 037230 이연법인세자산 178,199,203 78,698,484
한국팩키지 037230 자산총계 56,755,809,234 53,835,079,750
한국팩키지 037230 유동부채 13,655,900,401 11,273,873,664
한국팩키지 037230 단기매입채무 0 0
한국팩키지 037230 단기차입금 11,531,358,894 9,053,138,307
한국팩키지 037230 유동성장기차입금 0 0
한국팩키지 037230 유동성사채 0 0
한국팩키지 037230 기타유동금융부채 18,307,685 0
한국팩키지 037230 기타유동부채 624,141,058 464,039,086
한국팩키지 037230 당기법인세부채 336,011,616 472,380,036
한국팩키지 037230 유동리스부채 0 0
한국팩키지 037230 비유동부채 1,201,534,502 843,554,432
한국팩키지 037230 사채 0 0
한국팩키지 037230 장기차입금 0 0
한국팩키지 037230 기타비유동금융부채 0 0
한국팩키지 037230 이연법인세부채 0 0
한국팩키지 037230 비유동리스부채 0 0
한국팩키지 037230 부채총계 14,857,434,903 12,117,428,096
한국팩키지 037230 자본금 12,500,000,000 12,500,000,000
한국팩키지 037230 자본잉여금 2,074,314,891 2,074,314,891
한국팩키지 037230 자본조정 0 0
한국팩키지 037230 기타포괄손익누계액 0 0
한국팩키지 037230 이익잉여금(결손금) 27,324,059,440 27,143,336,763
한국팩키지 037230 자본총계 41,898,374,331 41,717,651,654
한국팩키지 037230 자본과부채총계 56,755,809,234 53,835,079,750
date : 2018-09-30
한국팩키지 037230 유동자산 37,966,897,901 37,689,710,309
한국팩키지 037230 현금및현금성자산 1,763,232,272 2,525,850,602
한국팩키지 037230 매출채권 및 기타유동채권
한국팩키지 037230 재고자산 6,922,743,859 5,952,772,769
한국팩키지 037230 기타유동금융자산 14,401,443,385 16,428,522,876
한국팩키지 037230 기타유동자산 1,039,376,114 733,447,262
한국팩키지 037230 매각예정비유동자산 0 0
한국팩키지 037230 비유동자산 15,250,425,801 16,145,369,441
한국팩키지 037230 장기금융상품 0 0
한국팩키지 037230 기타포괄손익-공정가치 0 0
한국팩키지 037230 당기손익인식공정가치측정금융자산 0 0
한국팩키지 037230 종속회사투자 0 0
한국팩키지 037230 관계회사투자 0 0
한국팩키지 037230 렌탈자산 0 0
한국팩키지 037230 유형자산 13,468,557,733 13,685,054,860
한국팩키지 037230 무형자산 436,526,995 341,798,565
한국팩키지 037230 기타비유동금융자산 737,173,504 1,337,173,504
한국팩키지 037230 기타비유동자산 0 0
한국팩키지 037230 사용권자산 0 0
한국팩키지 037230 이연법인세자산 221,977,336 78,698,484
한국팩키지 037230 자산총계 53,217,323,702 53,835,079,750
한국팩키지 037230 유동부채 9,649,079,982 11,273,873,664
한국팩키지 037230 단기매입채무 0 0
한국팩키지 037230 단기차입금 7,672,404,686 9,053,138,307
한국팩키지 037230 유동성장기차입금 0 0
한국팩키지 037230 유동성사채 0 0
한국팩키지 037230 기타유동금융부채 0 0
한국팩키지 037230 기타유동부채 565,694,893 464,039,086
한국팩키지 037230 당기법인세부채 301,909,731 472,380,036
한국팩키지 037230 유동리스부채 0 0
한국팩키지 037230 비유동부채 1,380,524,537 843,554,432
한국팩키지 037230 사채 0 0
한국팩키지 037230 장기차입금 0 0
한국팩키지 037230 기타비유동금융부채 0 0
한국팩키지 037230 이연법인세부채 0 0
한국팩키지 037230 비유동리스부채 0 0
한국팩키지 037230 부채총계 11,029,604,519 12,117,428,096
한국팩키지 037230 자본금 12,500,000,000 12,500,000,000
한국팩키지 037230 자본잉여금 2,074,314,891 2,074,314,891
한국팩키지 037230 자본조정 0 0
한국팩키지 037230 기타포괄손익누계액 0 0
한국팩키지 037230 이익잉여금(결손금) 27,613,404,292 27,143,336,763
한국팩키지 037230 자본총계 42,187,719,183 41,717,651,654
한국팩키지 037230 자본과부채총계 53,217,323,702 53,835,079,750
date : 2018-12-31
한국팩키지 037230 유동자산 38,226,286,926 37,689,710,309
한국팩키지 037230 현금및현금성자산 1,915,696,591 2,525,850,602
한국팩키지 037230 매출채권 및 기타유동채권
한국팩키지 037230 재고자산 7,693,855,565 5,952,772,769
한국팩키지 037230 기타유동금융자산 13,870,377,600 16,428,522,876
한국팩키지 037230 기타유동자산 859,183,667 733,447,262
한국팩키지 037230 매각예정비유동자산 0 0
한국팩키지 037230 비유동자산 14,670,421,637 16,145,369,441
한국팩키지 037230 장기금융상품 0 0
한국팩키지 037230 기타포괄손익-공정가치 0 0
한국팩키지 037230 당기손익인식공정가치측정금융자산 0 0
한국팩키지 037230 종속회사투자 0 0
한국팩키지 037230 관계회사투자 0 0
한국팩키지 037230 렌탈자산 0 0
한국팩키지 037230 유형자산 13,202,449,751 13,685,054,860
한국팩키지 037230 무형자산 437,501,475 341,798,565
한국팩키지 037230 기타비유동금융자산 737,173,504 1,337,173,504
한국팩키지 037230 기타비유동자산 0 0
한국팩키지 037230 사용권자산 0 0
한국팩키지 037230 이연법인세자산 61,878,711 78,698,484
한국팩키지 037230 자산총계 52,896,708,563 53,835,079,750
한국팩키지 037230 유동부채 9,733,972,871 11,273,873,664
한국팩키지 037230 단기매입채무 0 0
한국팩키지 037230 단기차입금 8,063,741,109 9,053,138,307
한국팩키지 037230 유동성장기차입금 0 0
한국팩키지 037230 유동성사채 0 0
한국팩키지 037230 기타유동금융부채 0 0
한국팩키지 037230 기타유동부채 483,643,698 464,039,086
한국팩키지 037230 당기법인세부채 134,532,543 472,380,036
한국팩키지 037230 유동리스부채 0 0
한국팩키지 037230 비유동부채 384,346,534 843,554,432
한국팩키지 037230 사채 0 0
한국팩키지 037230 장기차입금 0 0
한국팩키지 037230 기타비유동금융부채 0 0
한국팩키지 037230 이연법인세부채 0 0
한국팩키지 037230 비유동리스부채 0 0
한국팩키지 037230 부채총계 10,118,319,405 12,117,428,096
한국팩키지 037230 자본금 12,500,000,000 12,500,000,000
한국팩키지 037230 자본잉여금 2,074,314,891 2,074,314,891
한국팩키지 037230 자본조정 0 0
한국팩키지 037230 기타포괄손익누계액 0 0
한국팩키지 037230 이익잉여금(결손금) 28,204,074,267 27,143,336,763
한국팩키지 037230 자본총계 42,778,389,158 41,717,651,654
한국팩키지 037230 자본과부채총계 52,896,708,563 53,835,079,750
date : 2019-03-31
한국팩키지 037230 유동자산 39,268,640,271 38,226,286,926
한국팩키지 037230 현금및현금성자산 3,504,354,550 1,915,696,591
한국팩키지 037230 매출채권 및 기타유동채권
한국팩키지 037230 재고자산 8,621,897,866 7,693,855,565
한국팩키지 037230 기타유동금융자산 14,052,560,708 13,870,377,600
한국팩키지 037230 기타유동자산 605,638,174 859,183,667
한국팩키지 037230 매각예정비유동자산 0 0
한국팩키지 037230 비유동자산 14,318,131,124 14,670,421,637
한국팩키지 037230 장기금융상품 0 0
한국팩키지 037230 기타포괄손익-공정가치 0 0
한국팩키지 037230 당기손익인식공정가치측정금융자산 0 0
한국팩키지 037230 종속회사투자 0 0
한국팩키지 037230 관계회사투자 0 0
한국팩키지 037230 렌탈자산 0 0
한국팩키지 037230 유형자산 12,989,280,822 13,202,449,751
한국팩키지 037230 무형자산 436,640,834 437,501,475
한국팩키지 037230 기타비유동금융자산 737,173,504 737,173,504
한국팩키지 037230 기타비유동자산 0 0
한국팩키지 037230 사용권자산 0 0
한국팩키지 037230 이연법인세자산 58,236,502 61,878,711
한국팩키지 037230 자산총계 53,586,771,395 52,896,708,563
한국팩키지 037230 유동부채 10,679,435,361 9,733,972,871
한국팩키지 037230 단기매입채무 0 0
한국팩키지 037230 단기차입금 8,364,537,583 8,063,741,109
한국팩키지 037230 유동성장기차입금 0 0
한국팩키지 037230 유동성사채 0 0
한국팩키지 037230 기타유동금융부채 0 0
한국팩키지 037230 기타유동부채 1,150,168,148 483,643,698
한국팩키지 037230 당기법인세부채 125,111,443 134,532,543
한국팩키지 037230 유동리스부채 0 0
한국팩키지 037230 비유동부채 557,754,913 384,346,534
한국팩키지 037230 사채 0 0
한국팩키지 037230 장기차입금 0 0
한국팩키지 037230 기타비유동금융부채 0 0
한국팩키지 037230 이연법인세부채 0 0
한국팩키지 037230 비유동리스부채 0 0
한국팩키지 037230 부채총계 11,237,190,274 10,118,319,405
한국팩키지 037230 자본금 12,500,000,000 12,500,000,000
한국팩키지 037230 자본잉여금 2,074,314,891 2,074,314,891
한국팩키지 037230 자본조정 0 0
한국팩키지 037230 기타포괄손익누계액 0 0
한국팩키지 037230 이익잉여금(결손금) 27,775,266,230 28,204,074,267
한국팩키지 037230 자본총계 42,349,581,121 42,778,389,158
한국팩키지 037230 자본과부채총계 53,586,771,395 52,896,708,563
