date : 2019-03-31
희림 037440 유동자산 109,241,024,692 108,100,868,138
희림 037440 현금및현금성자산 13,695,601,124 24,423,312,346
희림 037440 매출채권 85,711,978,765 75,704,151,678
희림 037440 기타유동자산 3,884,410,641 2,987,800,877
희림 037440 비유동자산 36,279,755,916 26,584,054,782
희림 037440 유형자산 2,609,353,715 2,403,519,206
희림 037440 사용권자산 10,779,595,476 0
희림 037440 무형자산 3,504,433,905 3,679,768,750
희림 037440 이연법인세자산 9,170,957,020 9,708,640,953
희림 037440 기타비유동자산 265,000,000 923,383,507
희림 037440 자산총계 145,520,780,608 134,684,922,920
희림 037440 유동부채 73,705,990,745 72,455,904,727
희림 037440 단기차입금 31,051,000,000 31,051,000,000
희림 037440 유동성장기차입금 250,000,000 500,000,000
희림 037440 당기법인세부채 666,523,727 666,523,727
희림 037440 기타유동부채 21,201,744,669 15,172,618,056
희림 037440 비유동부채 20,318,776,600 9,984,884,332
희림 037440 부채총계 94,024,767,345 82,440,789,059
희림 037440 자본금 6,961,237,500 6,961,237,500
희림 037440 자본잉여금 7,571,943,323 7,571,943,323
희림 037440 기타포괄손익누계액 -519,016,018 -519,016,018
희림 037440 자본총계 51,496,013,263 52,244,133,861
희림 037440 자본과부채총계 145,520,780,608 134,684,922,920
