date : 2019-03-31
광주신세계 037710 유동자산 85,808,763,553 77,504,430,758
광주신세계 037710 현금및현금성자산 57,711,352,428 46,940,170,863
광주신세계 037710 매출채권 및 기타유동채권
광주신세계 037710 재고자산 2,868,275,543 2,621,451,358
광주신세계 037710 기타유동자산 209,327,536 10,884,329,578
광주신세계 037710 비유동자산 630,504,041,232 618,700,550,920
광주신세계 037710 유형자산 262,128,981,452 107,893,227,420
광주신세계 037710 무형자산 1,087,252,539 1,091,305,637
광주신세계 037710 이연법인세자산 3,250,248,244 3,247,046,003
광주신세계 037710 기타비유동자산 144,801,071,310 0
광주신세계 037710 자산총계 716,312,804,785 696,204,981,678
광주신세계 037710 유동부채 73,181,602,440 74,818,604,907
광주신세계 037710 당기법인세부채 14,509,868,549 10,395,683,614
광주신세계 037710 기타유동부채 29,881,578,412 33,738,033,083
광주신세계 037710 비유동부채 15,373,091,888 729,660,376
광주신세계 037710 부채총계 88,554,694,328 75,548,265,283
광주신세계 037710 자본금 8,000,000,000 8,000,000,000
광주신세계 037710 자본총계 627,758,110,457 620,656,716,395
광주신세계 037710 자본과부채총계 716,312,804,785 696,204,981,678
