date : 2019-03-31
제일테크노스 038010 유동자산 62,814,542,978 57,187,083,752
제일테크노스 038010 현금및현금성자산 7,656,590,674 3,622,836,249
제일테크노스 038010 매출채권 22,440,765,373 22,527,673,019
제일테크노스 038010 재고자산 30,560,202,906 27,937,740,418
제일테크노스 038010 기타유동자산 361,266,725 417,183,117
제일테크노스 038010 비유동자산 95,258,184,342 95,843,062,359
제일테크노스 038010 기타포괄손익-공정가치 측정 금융자산
제일테크노스 038010 유형자산 86,941,895,838 87,520,294,315
제일테크노스 038010 무형자산 1,698,781,000 1,698,781,000
제일테크노스 038010 자산총계 158,072,727,320 153,030,146,111
제일테크노스 038010 유동부채 74,223,568,441 70,015,478,450
제일테크노스 038010 단기차입금 38,714,400,000 34,420,000,000
제일테크노스 038010 기타유동금융부채 4,414,898,461 4,315,267,764
제일테크노스 038010 기타유동부채 9,989,685,544 6,828,475,356
제일테크노스 038010 당기법인세부채 974,089,676 966,324,452
제일테크노스 038010 비유동부채 12,319,006,356 11,961,029,055
제일테크노스 038010 장기차입금 5,468,000,000 5,523,000,000
제일테크노스 038010 기타비유동금융부채 898,029,600 819,629,600
제일테크노스 038010 이연법인세부채 2,530,221,360 2,530,221,360
제일테크노스 038010 부채총계 86,542,574,797 81,976,507,505
제일테크노스 038010 자본금 4,500,000,000 4,500,000,000
제일테크노스 038010 기타포괄손익누계액 13,338,576,463 13,338,576,463
제일테크노스 038010 이익잉여금(결손금) 50,182,512,749 49,705,998,832
제일테크노스 038010 자본총계 71,530,152,523 71,053,638,606
제일테크노스 038010 자본과부채총계 158,072,727,320 153,030,146,111
