date : 2015-12-31
코아크로스 038530 유동자산 14,304,862,657 15,761,408,955
코아크로스 038530 현금및현금성자산 2,952,367,828 68,835,602
코아크로스 038530 매출채권 및 기타유동채권
코아크로스 038530 재고자산 1,707,754,275 3,617,003,903
코아크로스 038530 기타유동금융자산 189,350,112 193,892,860
코아크로스 038530 기타유동자산 0 0
코아크로스 038530 매각예정비유동자산 0 0
코아크로스 038530 비유동자산 13,190,875,763 16,175,000,037
코아크로스 038530 장기금융상품 0 0
코아크로스 038530 기타포괄손익-공정가치 0 0
코아크로스 038530 당기손익인식공정가치측정금융자산 0 0
코아크로스 038530 종속회사투자 0 0
코아크로스 038530 관계회사투자 0 0
코아크로스 038530 렌탈자산 0 0
코아크로스 038530 유형자산 2,580,221,958 5,643,164,409
코아크로스 038530 무형자산 4,383,669,123 1,997,375,393
코아크로스 038530 기타비유동금융자산 0 0
코아크로스 038530 기타비유동자산 0 0
코아크로스 038530 사용권자산 0 0
코아크로스 038530 이연법인세자산 0 0
코아크로스 038530 자산총계 27,495,738,420 31,936,408,992
코아크로스 038530 유동부채 4,089,090,239 8,600,543,566
코아크로스 038530 단기매입채무 0 0
코아크로스 038530 단기차입금 0 0
코아크로스 038530 유동성장기차입금 0 0
코아크로스 038530 유동성사채 0 0
코아크로스 038530 기타유동금융부채 3,653,311,701 6,161,736,437
코아크로스 038530 기타유동부채 0 0
코아크로스 038530 당기법인세부채 0 0
코아크로스 038530 유동리스부채 0 0
코아크로스 038530 비유동부채 3,291,089,049 6,433,576,668
코아크로스 038530 사채 0 0
코아크로스 038530 장기차입금 0 0
코아크로스 038530 기타비유동금융부채 0 0
코아크로스 038530 이연법인세부채 0 0
코아크로스 038530 비유동리스부채 0 0
코아크로스 038530 부채총계 7,380,179,288 15,034,120,234
코아크로스 038530 자본금 26,516,141,000 17,553,735,000
코아크로스 038530 자본잉여금 0 0
코아크로스 038530 자본조정 0 0
코아크로스 038530 기타포괄손익누계액 0 0
코아크로스 038530 이익잉여금(결손금) -14,405,945,796 -7,211,861,284
코아크로스 038530 자본총계 20,115,559,132 16,902,288,758
코아크로스 038530 자본과부채총계 27,495,738,420 31,936,408,992
date : 2016-03-31
코아크로스 038530 유동자산 14,872,557,048 14,304,862,657
코아크로스 038530 현금및현금성자산 875,027,522 2,952,367,828
코아크로스 038530 매출채권 및 기타유동채권
코아크로스 038530 재고자산 2,882,774,066 1,707,754,275
코아크로스 038530 기타유동금융자산 206,416,413 189,350,112
코아크로스 038530 기타유동자산 0 0
코아크로스 038530 매각예정비유동자산 0 0
코아크로스 038530 비유동자산 13,909,119,314 14,268,465,235
코아크로스 038530 장기금융상품 0 0
코아크로스 038530 기타포괄손익-공정가치 0 0
코아크로스 038530 당기손익인식공정가치측정금융자산 0 0
코아크로스 038530 종속회사투자 0 0
코아크로스 038530 관계회사투자 0 0
코아크로스 038530 렌탈자산 0 0
코아크로스 038530 유형자산 2,170,450,581 2,580,221,958
코아크로스 038530 무형자산 4,313,214,579 4,383,669,123
코아크로스 038530 기타비유동금융자산 0 0
코아크로스 038530 기타비유동자산 0 0
코아크로스 038530 사용권자산 0 0
코아크로스 038530 이연법인세자산 0 0
코아크로스 038530 자산총계 28,781,676,362 28,573,327,892
코아크로스 038530 유동부채 5,290,219,665 4,089,090,239
코아크로스 038530 단기매입채무 0 0
코아크로스 038530 단기차입금 0 0
코아크로스 038530 유동성장기차입금 0 0
코아크로스 038530 유동성사채 0 0
코아크로스 038530 기타유동금융부채 3,391,564,069 3,653,311,701
코아크로스 038530 기타유동부채 0 0
코아크로스 038530 당기법인세부채 0 0
코아크로스 038530 유동리스부채 0 0
코아크로스 038530 비유동부채 3,329,586,597 3,291,089,049
코아크로스 038530 사채 0 0
코아크로스 038530 장기차입금 0 0
코아크로스 038530 기타비유동금융부채 0 0
코아크로스 038530 이연법인세부채 0 0
코아크로스 038530 비유동리스부채 0 0
코아크로스 038530 부채총계 8,619,806,262 7,380,179,288
코아크로스 038530 자본금 26,722,752,500 26,516,141,000
코아크로스 038530 자본잉여금 0 0
코아크로스 038530 자본조정 0 0
코아크로스 038530 기타포괄손익누계액 0 0
코아크로스 038530 이익잉여금(결손금) -8,222,060,926 -13,328,356,324
코아크로스 038530 자본총계 20,161,870,100 21,193,148,604
코아크로스 038530 자본과부채총계 28,781,676,362 28,573,327,892
date : 2016-06-30
코아크로스 038530 유동자산 13,461,965,106 14,304,862,657
코아크로스 038530 현금및현금성자산 1,066,985,252 2,952,367,828
코아크로스 038530 매출채권 및 기타유동채권
코아크로스 038530 재고자산 1,545,225,710 1,707,754,275
코아크로스 038530 기타유동금융자산 197,878,331 189,350,112
코아크로스 038530 기타유동자산 0 0
코아크로스 038530 매각예정비유동자산 0 0
코아크로스 038530 비유동자산 13,553,739,317 14,268,465,235
코아크로스 038530 장기금융상품 0 0
코아크로스 038530 기타포괄손익-공정가치 0 0
코아크로스 038530 당기손익인식공정가치측정금융자산 0 0
코아크로스 038530 종속회사투자 0 0
코아크로스 038530 관계회사투자 0 0
코아크로스 038530 렌탈자산 0 0
코아크로스 038530 유형자산 1,961,069,456 2,580,221,958
코아크로스 038530 무형자산 4,242,760,035 4,383,669,123
코아크로스 038530 기타비유동금융자산 0 0
코아크로스 038530 기타비유동자산 0 0
코아크로스 038530 사용권자산 0 0
코아크로스 038530 이연법인세자산 0 0
코아크로스 038530 자산총계 27,015,704,423 28,573,327,892
코아크로스 038530 유동부채 4,016,744,661 4,089,090,239
코아크로스 038530 단기매입채무 0 0
코아크로스 038530 단기차입금 0 0
코아크로스 038530 유동성장기차입금 0 0
코아크로스 038530 유동성사채 0 0
코아크로스 038530 기타유동금융부채 2,989,325,702 3,653,311,701
코아크로스 038530 기타유동부채 0 0
코아크로스 038530 당기법인세부채 0 0
코아크로스 038530 유동리스부채 0 0
코아크로스 038530 비유동부채 4,041,640,511 3,291,089,049
코아크로스 038530 사채 0 0
코아크로스 038530 장기차입금 0 0
코아크로스 038530 기타비유동금융부채 0 0
코아크로스 038530 이연법인세부채 0 0
코아크로스 038530 비유동리스부채 0 0
코아크로스 038530 부채총계 8,058,385,172 7,380,179,288
코아크로스 038530 자본금 26,763,837,000 26,516,141,000
코아크로스 038530 자본잉여금 0 0
코아크로스 038530 자본조정 0 0
코아크로스 038530 기타포괄손익누계액 0 0
코아크로스 038530 이익잉여금(결손금) -9,526,611,448 -13,328,356,324
코아크로스 038530 자본총계 18,957,319,251 21,193,148,604
코아크로스 038530 자본과부채총계 27,015,704,423 28,573,327,892
date : 2016-09-30
코아크로스 038530 유동자산 16,519,486,033 14,304,862,657
코아크로스 038530 현금및현금성자산 148,905,554 2,952,367,828
코아크로스 038530 매출채권 및 기타유동채권
코아크로스 038530 재고자산 1,363,325,658 1,707,754,275
코아크로스 038530 기타유동금융자산 204,933,126 189,350,112
코아크로스 038530 기타유동자산 0 0
코아크로스 038530 매각예정비유동자산 0 0
코아크로스 038530 비유동자산 13,707,674,580 14,268,465,235
코아크로스 038530 장기금융상품 0 0
코아크로스 038530 기타포괄손익-공정가치 0 0
코아크로스 038530 당기손익인식공정가치측정금융자산 0 0
코아크로스 038530 종속회사투자 0 0
코아크로스 038530 관계회사투자 0 0
코아크로스 038530 렌탈자산 0 0
코아크로스 038530 유형자산 2,102,033,270 2,580,221,958
코아크로스 038530 무형자산 4,172,305,491 4,383,669,123
코아크로스 038530 기타비유동금융자산 0 0
코아크로스 038530 기타비유동자산 0 0
코아크로스 038530 사용권자산 0 0
코아크로스 038530 이연법인세자산 0 0
코아크로스 038530 자산총계 30,227,160,613 28,573,327,892
코아크로스 038530 유동부채 3,977,700,515 4,089,090,239
코아크로스 038530 단기매입채무 0 0
코아크로스 038530 단기차입금 0 0
코아크로스 038530 유동성장기차입금 0 0
코아크로스 038530 유동성사채 0 0
코아크로스 038530 기타유동금융부채 1,453,124,306 3,653,311,701
코아크로스 038530 기타유동부채 0 0
코아크로스 038530 당기법인세부채 0 0
코아크로스 038530 유동리스부채 0 0
코아크로스 038530 비유동부채 7,757,507,644 3,291,089,049
코아크로스 038530 사채 0 0
코아크로스 038530 장기차입금 0 0
코아크로스 038530 기타비유동금융부채 0 0
코아크로스 038530 이연법인세부채 0 0
코아크로스 038530 비유동리스부채 0 0
코아크로스 038530 부채총계 11,735,208,159 7,380,179,288
코아크로스 038530 자본금 26,763,837,000 26,516,141,000
코아크로스 038530 자본잉여금 0 0
코아크로스 038530 자본조정 0 0
코아크로스 038530 기타포괄손익누계액 0 0
코아크로스 038530 이익잉여금(결손금) -10,221,037,845 -13,328,356,324
코아크로스 038530 자본총계 18,491,952,454 21,193,148,604
코아크로스 038530 자본과부채총계 30,227,160,613 28,573,327,892
date : 2016-12-31
코아크로스 038530 유동자산 12,244,189,399 14,304,862,657
코아크로스 038530 현금및현금성자산 2,569,857,141 2,952,367,828
코아크로스 038530 매출채권 및 기타유동채권
코아크로스 038530 재고자산 55,567,470 1,707,754,275
코아크로스 038530 기타유동금융자산 0 189,350,112
코아크로스 038530 기타유동자산 0 0
코아크로스 038530 매각예정비유동자산 0 0
코아크로스 038530 비유동자산 5,683,515,467 14,268,465,235
코아크로스 038530 장기금융상품 0 0
코아크로스 038530 기타포괄손익-공정가치 0 0
코아크로스 038530 당기손익인식공정가치측정금융자산 0 0
코아크로스 038530 종속회사투자 0 0
코아크로스 038530 관계회사투자 0 0
코아크로스 038530 렌탈자산 0 0
코아크로스 038530 유형자산 1,333,056,915 2,580,221,958
코아크로스 038530 무형자산 2,006,766,000 4,383,669,123
코아크로스 038530 기타비유동금융자산 0 0
코아크로스 038530 기타비유동자산 0 0
코아크로스 038530 사용권자산 0 0
코아크로스 038530 이연법인세자산 0 0
코아크로스 038530 자산총계 17,927,704,866 28,573,327,892
코아크로스 038530 유동부채 12,775,679,942 5,889,090,239
코아크로스 038530 단기매입채무 0 0
코아크로스 038530 단기차입금 0 0
코아크로스 038530 유동성장기차입금 0 0
코아크로스 038530 유동성사채 0 0
코아크로스 038530 기타유동금융부채 6,288,449,293 5,453,311,701
코아크로스 038530 기타유동부채 0 0
코아크로스 038530 당기법인세부채 0 0
코아크로스 038530 유동리스부채 0 0
코아크로스 038530 비유동부채 2,548,400,553 1,491,089,049
코아크로스 038530 사채 0 0
코아크로스 038530 장기차입금 0 0
코아크로스 038530 기타비유동금융부채 1,302,856,000 149,996,000
코아크로스 038530 이연법인세부채 0 0
코아크로스 038530 비유동리스부채 0 0
코아크로스 038530 부채총계 15,324,080,495 7,380,179,288
코아크로스 038530 자본금 29,256,758,000 26,516,141,000
코아크로스 038530 자본잉여금 0 0
코아크로스 038530 자본조정 0 0
코아크로스 038530 기타포괄손익누계액 0 0
코아크로스 038530 이익잉여금(결손금) -29,280,305,380 -13,328,356,324
코아크로스 038530 자본총계 2,603,624,371 21,193,148,604
코아크로스 038530 자본과부채총계 17,927,704,866 28,573,327,892
date : 2017-03-31
골드퍼시픽 038530 유동자산 5,744,423,996 12,244,189,399
골드퍼시픽 038530 현금및현금성자산 1,367,242,805 2,569,857,141
골드퍼시픽 038530 매출채권 및 기타유동채권
골드퍼시픽 038530 재고자산 139,835,272 55,567,470
골드퍼시픽 038530 기타유동금융자산 0 0
골드퍼시픽 038530 기타유동자산 0 0
골드퍼시픽 038530 매각예정비유동자산 0 0
골드퍼시픽 038530 비유동자산 5,616,919,961 5,683,515,467
골드퍼시픽 038530 장기금융상품 0 0
골드퍼시픽 038530 기타포괄손익-공정가치 0 0
골드퍼시픽 038530 당기손익인식공정가치측정금융자산 0 0
골드퍼시픽 038530 종속회사투자 0 0
골드퍼시픽 038530 관계회사투자 0 0
골드퍼시픽 038530 렌탈자산 0 0
골드퍼시픽 038530 유형자산 1,312,031,409 1,333,056,915
골드퍼시픽 038530 무형자산 2,006,766,000 2,006,766,000
골드퍼시픽 038530 기타비유동금융자산 0 0
골드퍼시픽 038530 기타비유동자산 0 0
골드퍼시픽 038530 사용권자산 0 0
골드퍼시픽 038530 이연법인세자산 0 0
골드퍼시픽 038530 자산총계 11,361,343,957 17,927,704,866
골드퍼시픽 038530 유동부채 1,603,811,947 7,675,679,942
골드퍼시픽 038530 단기매입채무 0 0
골드퍼시픽 038530 단기차입금 0 0
골드퍼시픽 038530 유동성장기차입금 0 0
골드퍼시픽 038530 유동성사채 0 0
골드퍼시픽 038530 기타유동금융부채 1,174,860,698 1,194,829,293
골드퍼시픽 038530 기타유동부채 0 0
골드퍼시픽 038530 당기법인세부채 0 0
골드퍼시픽 038530 유동리스부채 0 0
골드퍼시픽 038530 비유동부채 7,232,898,638 7,648,400,553
골드퍼시픽 038530 사채 0 0
골드퍼시픽 038530 장기차입금 0 0
골드퍼시픽 038530 기타비유동금융부채 0 0
골드퍼시픽 038530 이연법인세부채 0 0
골드퍼시픽 038530 비유동리스부채 0 0
골드퍼시픽 038530 부채총계 8,836,710,585 15,324,080,495
골드퍼시픽 038530 자본금 29,256,758,000 29,256,758,000
골드퍼시픽 038530 자본잉여금 0 0
골드퍼시픽 038530 자본조정 0 0
골드퍼시픽 038530 기타포괄손익누계액 0 0
골드퍼시픽 038530 이익잉여금(결손금) -29,359,296,379 -29,280,305,380
골드퍼시픽 038530 자본총계 2,524,633,372 2,603,624,371
골드퍼시픽 038530 자본과부채총계 11,361,343,957 17,927,704,866
date : 2017-06-30
골드퍼시픽 038530 유동자산 16,792,858,849 12,244,189,399
골드퍼시픽 038530 현금및현금성자산 6,503,598,542 2,569,857,141
골드퍼시픽 038530 매출채권 및 기타유동채권
골드퍼시픽 038530 재고자산 41,174,542 55,567,470
골드퍼시픽 038530 기타유동금융자산 3,412,000,000 2,569,857,141
골드퍼시픽 038530 기타유동자산 0 0
골드퍼시픽 038530 매각예정비유동자산 0 0
골드퍼시픽 038530 비유동자산 8,622,482,229 5,683,515,467
골드퍼시픽 038530 장기금융상품 0 0
골드퍼시픽 038530 기타포괄손익-공정가치 0 0
골드퍼시픽 038530 당기손익인식공정가치측정금융자산 0 0
골드퍼시픽 038530 종속회사투자 0 0
골드퍼시픽 038530 관계회사투자 0 0
골드퍼시픽 038530 렌탈자산 0 0
골드퍼시픽 038530 유형자산 1,286,355,903 1,333,056,915
골드퍼시픽 038530 무형자산 1,978,872,000 2,006,766,000
골드퍼시픽 038530 기타비유동금융자산 3,000,000,000 5,683,515,467
골드퍼시픽 038530 기타비유동자산 0 0
골드퍼시픽 038530 사용권자산 0 0
골드퍼시픽 038530 이연법인세자산 0 0
골드퍼시픽 038530 자산총계 25,415,341,078 17,927,704,866
골드퍼시픽 038530 유동부채 17,307,836,551 7,675,679,942
골드퍼시픽 038530 단기매입채무 0 0
골드퍼시픽 038530 단기차입금 0 7,675,679,942
골드퍼시픽 038530 유동성장기차입금 0 0
골드퍼시픽 038530 유동성사채 0 0
골드퍼시픽 038530 기타유동금융부채 300,000,000 1,194,829,293
골드퍼시픽 038530 기타유동부채 0 0
골드퍼시픽 038530 당기법인세부채 0 0
골드퍼시픽 038530 유동리스부채 0 0
골드퍼시픽 038530 비유동부채 1,569,240,161 7,648,400,553
골드퍼시픽 038530 사채 0 0
골드퍼시픽 038530 장기차입금 0 0
골드퍼시픽 038530 기타비유동금융부채 0 0
골드퍼시픽 038530 이연법인세부채 363,017,907 7,648,400,553
골드퍼시픽 038530 비유동리스부채 0 0
골드퍼시픽 038530 부채총계 18,877,076,712 15,324,080,495
골드퍼시픽 038530 자본금 3,327,856,500 29,256,758,000
골드퍼시픽 038530 자본잉여금 0 0
골드퍼시픽 038530 자본조정 0 0
골드퍼시픽 038530 기타포괄손익누계액 0 0
골드퍼시픽 038530 이익잉여금(결손금) -29,625,058,161 -29,280,305,380
골드퍼시픽 038530 자본총계 6,538,264,366 2,603,624,371
골드퍼시픽 038530 자본과부채총계 25,415,341,078 17,927,704,866
date : 2017-09-30
골드퍼시픽 038530 유동자산 18,219,681,154 12,244,189,399
골드퍼시픽 038530 현금및현금성자산 8,186,156,580 2,569,857,141
골드퍼시픽 038530 매출채권 12,654,785,982 15,897,774,988
골드퍼시픽 038530 재고자산 198,434,133 55,567,470
골드퍼시픽 038530 기타유동금융자산 811,180,025 55,567,470
골드퍼시픽 038530 기타유동자산 0 0
골드퍼시픽 038530 매각예정비유동자산 0 0
골드퍼시픽 038530 비유동자산 8,614,844,377 5,683,515,467
골드퍼시픽 038530 장기금융상품 0 0
골드퍼시픽 038530 기타포괄손익-공정가치 0 0
골드퍼시픽 038530 당기손익인식공정가치측정금융자산 0 0
골드퍼시픽 038530 종속회사투자 0 0
골드퍼시픽 038530 관계회사투자 0 0
골드퍼시픽 038530 렌탈자산 0 0
골드퍼시픽 038530 유형자산 1,258,718,051 1,333,056,915
골드퍼시픽 038530 무형자산 1,978,872,000 2,006,766,000
골드퍼시픽 038530 기타비유동금융자산 3,000,000,000 2,006,766,000
골드퍼시픽 038530 기타비유동자산 235,104,863 273,314,793
골드퍼시픽 038530 사용권자산 0 0
골드퍼시픽 038530 이연법인세자산 0 0
골드퍼시픽 038530 자산총계 26,834,525,531 17,927,704,866
골드퍼시픽 038530 유동부채 18,599,169,575 7,675,679,942
골드퍼시픽 038530 단기매입채무 1,088,318,554 6,149,536,900
골드퍼시픽 038530 단기차입금 150,000,000 735,712,000
골드퍼시픽 038530 유동성장기차입금 0 0
골드퍼시픽 038530 유동성사채 1,260,000,000 140,000,000
골드퍼시픽 038530 기타유동금융부채 177,694,431 337,693,749
골드퍼시픽 038530 기타유동부채 0 0
골드퍼시픽 038530 당기법인세부채 0 0
골드퍼시픽 038530 유동리스부채 0 0
골드퍼시픽 038530 비유동부채 1,566,597,226 7,648,400,553
골드퍼시픽 038530 사채 1,260,000,000 7,648,400,553
골드퍼시픽 038530 장기차입금 42,856,000 7,648,400,553
골드퍼시픽 038530 기타비유동금융부채 0 0
골드퍼시픽 038530 이연법인세부채 363,017,907 7,648,400,553
골드퍼시픽 038530 비유동리스부채 0 0
골드퍼시픽 038530 부채총계 20,165,766,801 15,324,080,495
골드퍼시픽 038530 자본금 3,327,856,500 29,256,758,000
골드퍼시픽 038530 자본잉여금 33,201,269,580 2,768,447,282
골드퍼시픽 038530 자본조정 0 0
골드퍼시픽 038530 기타포괄손익누계액 206,359,468 206,359,468
골드퍼시픽 038530 이익잉여금(결손금) -29,711,386,405 -29,280,305,380
골드퍼시픽 038530 자본총계 6,668,758,730 2,603,624,371
골드퍼시픽 038530 자본과부채총계 26,834,525,531 17,927,704,866
date : 2017-12-31
골드퍼시픽 038530 유동자산 17,881,831,653 12,244,189,399
골드퍼시픽 038530 현금및현금성자산 5,318,901,538 2,569,857,141
골드퍼시픽 038530 매출채권 및 기타유동채권
골드퍼시픽 038530 재고자산 545,070,362 55,567,470
골드퍼시픽 038530 기타유동금융자산 1,439,795,815 55,567,470
골드퍼시픽 038530 기타유동자산 2,229,825,912 1,501,547,799
골드퍼시픽 038530 매각예정비유동자산 0 0
골드퍼시픽 038530 비유동자산 9,352,806,591 5,683,515,467
골드퍼시픽 038530 장기금융상품 0 0
골드퍼시픽 038530 기타포괄손익-공정가치 0 0
골드퍼시픽 038530 당기손익인식공정가치측정금융자산 0 0
골드퍼시픽 038530 종속회사투자 0 0
골드퍼시픽 038530 관계회사투자 0 0
골드퍼시픽 038530 렌탈자산 0 0
골드퍼시픽 038530 유형자산 1,297,094,223 1,333,056,915
골드퍼시픽 038530 무형자산 2,594,332,026 2,006,766,000
골드퍼시픽 038530 기타비유동금융자산 3,000,000,000 2,006,766,000
골드퍼시픽 038530 기타비유동자산 235,104,863 273,314,793
골드퍼시픽 038530 사용권자산 0 0
골드퍼시픽 038530 이연법인세자산 0 0
골드퍼시픽 038530 자산총계 27,234,638,244 17,927,704,866
골드퍼시픽 038530 유동부채 20,748,042,511 7,675,679,942
골드퍼시픽 038530 단기매입채무 0 0
골드퍼시픽 038530 단기차입금 0 0
골드퍼시픽 038530 유동성장기차입금 0 0
골드퍼시픽 038530 유동성사채 0 0
골드퍼시픽 038530 기타유동금융부채 20,116,216,486 1,526,143,042
골드퍼시픽 038530 기타유동부채 0 0
골드퍼시픽 038530 당기법인세부채 0 0
골드퍼시픽 038530 유동리스부채 0 0
골드퍼시픽 038530 비유동부채 455,430,558 7,648,400,553
골드퍼시픽 038530 사채 0 0
골드퍼시픽 038530 장기차입금 0 0
골드퍼시픽 038530 기타비유동금융부채 0 0
골드퍼시픽 038530 이연법인세부채 412,509,714 7,648,400,553
골드퍼시픽 038530 비유동리스부채 0 0
골드퍼시픽 038530 부채총계 21,203,473,069 15,324,080,495
골드퍼시픽 038530 자본금 3,327,856,500 29,256,758,000
골드퍼시픽 038530 자본잉여금 33,152,212,509 2,768,447,282
골드퍼시픽 038530 자본조정 0 0
골드퍼시픽 038530 기타포괄손익누계액 0 0
골드퍼시픽 038530 이익잉여금(결손금) -30,299,922,889 -29,280,305,380
골드퍼시픽 038530 자본총계 6,031,165,175 2,603,624,371
골드퍼시픽 038530 자본과부채총계 27,234,638,244 17,927,704,866
date : 2018-03-31
골드퍼시픽 038530 유동자산 14,298,987,775 17,881,831,653
골드퍼시픽 038530 현금및현금성자산 2,623,341,233 5,318,901,538
골드퍼시픽 038530 매출채권 및 기타유동채권
골드퍼시픽 038530 재고자산 857,932,089 545,070,362
골드퍼시픽 038530 기타유동금융자산 1,133,865,430 1,439,795,815
골드퍼시픽 038530 기타유동자산 1,710,096,849 2,229,825,912
골드퍼시픽 038530 매각예정비유동자산 0 0
골드퍼시픽 038530 비유동자산 15,625,490,784 9,352,806,591
골드퍼시픽 038530 장기금융상품 0 0
골드퍼시픽 038530 기타포괄손익-공정가치 0 0
골드퍼시픽 038530 당기손익인식공정가치측정금융자산 0 0
골드퍼시픽 038530 종속회사투자 0 0
골드퍼시픽 038530 관계회사투자 0 0
골드퍼시픽 038530 렌탈자산 0 0
골드퍼시픽 038530 유형자산 7,213,945,706 1,297,094,223
골드퍼시픽 038530 무형자산 3,862,684,736 2,594,332,026
골드퍼시픽 038530 기타비유동금융자산 2,000,000,000 3,000,000,000
골드퍼시픽 038530 기타비유동자산 322,584,863 235,104,863
골드퍼시픽 038530 사용권자산 0 0
골드퍼시픽 038530 이연법인세자산 0 0
골드퍼시픽 038530 자산총계 29,924,478,559 27,234,638,244
골드퍼시픽 038530 유동부채 17,512,477,878 20,748,042,511
골드퍼시픽 038530 단기매입채무 0 0
골드퍼시픽 038530 단기차입금 0 0
골드퍼시픽 038530 유동성장기차입금 0 0
골드퍼시픽 038530 유동성사채 0 0
골드퍼시픽 038530 기타유동금융부채 17,081,345,722 20,116,216,486
골드퍼시픽 038530 기타유동부채 0 0
골드퍼시픽 038530 당기법인세부채 0 0
골드퍼시픽 038530 유동리스부채 0 0
골드퍼시픽 038530 비유동부채 5,764,177,015 455,430,558
골드퍼시픽 038530 사채 0 0
골드퍼시픽 038530 장기차입금 0 0
골드퍼시픽 038530 기타비유동금융부채 0 0
골드퍼시픽 038530 이연법인세부채 412,509,714 412,509,714
골드퍼시픽 038530 비유동리스부채 0 0
골드퍼시픽 038530 부채총계 23,276,654,893 21,203,473,069
골드퍼시픽 038530 자본금 3,327,856,500 3,327,856,500
골드퍼시픽 038530 자본잉여금 2,971,600,167 33,152,212,509
골드퍼시픽 038530 자본조정 0 0
골드퍼시픽 038530 기타포괄손익누계액 0 0
골드퍼시픽 038530 이익잉여금(결손금) 497,347,944 -30,299,922,889
골드퍼시픽 038530 자본총계 6,647,823,666 6,031,165,175
골드퍼시픽 038530 자본과부채총계 29,924,478,559 27,234,638,244
date : 2018-06-30
골드퍼시픽 038530 유동자산 17,582,006,071 17,881,831,653
골드퍼시픽 038530 현금및현금성자산 8,167,096,657 5,318,901,538
골드퍼시픽 038530 매출채권 3,290,847,100 3,197,087,773
골드퍼시픽 038530 재고자산 935,861,701 545,070,362
골드퍼시픽 038530 기타유동금융자산 0 0
골드퍼시픽 038530 기타유동자산 1,027,485,313 2,229,824,982
골드퍼시픽 038530 매각예정비유동자산 0 0
골드퍼시픽 038530 비유동자산 15,479,066,757 9,352,806,591
골드퍼시픽 038530 장기금융상품 0 0
골드퍼시픽 038530 기타포괄손익-공정가치 0 0
골드퍼시픽 038530 당기손익인식공정가치측정금융자산 0 0
골드퍼시픽 038530 종속회사투자 0 0
골드퍼시픽 038530 관계회사투자 0 0
골드퍼시픽 038530 렌탈자산 0 0
골드퍼시픽 038530 유형자산 176,837,257 1,297,094,223
골드퍼시픽 038530 무형자산 2,916,034,153 2,594,332,026
골드퍼시픽 038530 기타비유동금융자산 500,000,000 3,000,000,000
골드퍼시픽 038530 기타비유동자산 0 0
골드퍼시픽 038530 사용권자산 0 0
골드퍼시픽 038530 이연법인세자산 0 0
골드퍼시픽 038530 자산총계 33,061,072,828 27,234,638,244
골드퍼시픽 038530 유동부채 11,333,460,280 20,748,042,511
골드퍼시픽 038530 단기매입채무 0 0
골드퍼시픽 038530 단기차입금 240,000,000 20,748,042,511
골드퍼시픽 038530 유동성장기차입금 0 0
골드퍼시픽 038530 유동성사채 0 0
골드퍼시픽 038530 기타유동금융부채 0 0
골드퍼시픽 038530 기타유동부채 350,086,538 1,150,915,831
골드퍼시픽 038530 당기법인세부채 0 0
골드퍼시픽 038530 유동리스부채 0 0
골드퍼시픽 038530 비유동부채 6,641,197,707 455,430,558
골드퍼시픽 038530 사채 1,120,000,000 455,430,558
골드퍼시픽 038530 장기차입금 5,440,000,000 455,430,558
골드퍼시픽 038530 기타비유동금융부채 0 0
골드퍼시픽 038530 이연법인세부채 412,509,714 455,430,558
골드퍼시픽 038530 비유동리스부채 0 0
골드퍼시픽 038530 부채총계 17,974,657,987 21,203,473,069
골드퍼시픽 038530 자본금 4,433,074,000 3,327,856,500
골드퍼시픽 038530 자본잉여금 10,721,047,273 33,152,212,509
골드퍼시픽 038530 자본조정 0 0
골드퍼시픽 038530 기타포괄손익누계액 0 0
골드퍼시픽 038530 이익잉여금(결손금) 79,819,428 -30,299,922,889
골드퍼시픽 038530 자본총계 15,086,414,841 6,031,165,175
골드퍼시픽 038530 자본과부채총계 33,061,072,828 27,234,638,244
date : 2018-09-30
골드퍼시픽 038530 유동자산 16,462,132,881 17,881,831,653
골드퍼시픽 038530 현금및현금성자산 5,224,755,284 5,318,901,538
골드퍼시픽 038530 매출채권 2,702,334,815 3,197,087,773
골드퍼시픽 038530 재고자산 736,333,113 545,070,362
골드퍼시픽 038530 기타유동금융자산 0 0
골드퍼시픽 038530 기타유동자산 1,786,114,012 2,229,825,912
골드퍼시픽 038530 매각예정비유동자산 0 0
골드퍼시픽 038530 비유동자산 15,777,570,443 9,352,806,591
골드퍼시픽 038530 장기금융상품 0 0
골드퍼시픽 038530 기타포괄손익-공정가치 0 0
골드퍼시픽 038530 당기손익인식공정가치측정금융자산 0 0
골드퍼시픽 038530 종속회사투자 0 0
골드퍼시픽 038530 관계회사투자 0 0
골드퍼시픽 038530 렌탈자산 0 0
골드퍼시픽 038530 유형자산 178,251,528 1,297,094,223
골드퍼시픽 038530 무형자산 2,001,034,153 2,594,332,026
골드퍼시픽 038530 기타비유동금융자산 500,000,000 3,000,000,000
골드퍼시픽 038530 기타비유동자산 0 0
골드퍼시픽 038530 사용권자산 0 0
골드퍼시픽 038530 이연법인세자산 0 0
골드퍼시픽 038530 자산총계 32,239,703,324 27,234,638,244
골드퍼시픽 038530 유동부채 10,011,739,032 20,748,042,511
골드퍼시픽 038530 단기매입채무 0 0
골드퍼시픽 038530 단기차입금 150,000,000 20,748,042,511
골드퍼시픽 038530 유동성장기차입금 0 0
골드퍼시픽 038530 유동성사채 0 0
골드퍼시픽 038530 기타유동금융부채 0 0
골드퍼시픽 038530 기타유동부채 323,038,515 1,150,915,831
골드퍼시픽 038530 당기법인세부채 0 0
골드퍼시픽 038530 유동리스부채 0 0
골드퍼시픽 038530 비유동부채 6,658,905,105 455,430,558
골드퍼시픽 038530 사채 1,120,000,000 455,430,558
골드퍼시픽 038530 장기차입금 5,440,000,000 455,430,558
골드퍼시픽 038530 기타비유동금융부채 0 0
골드퍼시픽 038530 이연법인세부채 412,509,714 455,430,558
골드퍼시픽 038530 비유동리스부채 0 0
골드퍼시픽 038530 부채총계 16,670,644,137 21,203,473,069
골드퍼시픽 038530 자본금 4,568,172,000 3,327,856,500
골드퍼시픽 038530 자본잉여금 11,509,701,952 33,152,212,509
골드퍼시픽 038530 자본조정 0 0
골드퍼시픽 038530 기타포괄손익누계액 0 0
골드퍼시픽 038530 이익잉여금(결손금) -361,288,905 -30,299,922,889
골드퍼시픽 038530 자본총계 0 0
골드퍼시픽 038530 자본과부채총계 32,239,703,324 27,234,638,244
date : 2018-12-31
골드퍼시픽 038530 유동자산 22,195,968,666 17,881,831,653
골드퍼시픽 038530 현금및현금성자산 11,284,708,039 5,318,901,538
골드퍼시픽 038530 매출채권 2,045,512,209 3,197,087,773
골드퍼시픽 038530 재고자산 807,959,911 545,070,362
골드퍼시픽 038530 기타유동금융자산 0 0
골드퍼시픽 038530 기타유동자산 2,018,015,206 2,229,825,912
골드퍼시픽 038530 매각예정비유동자산 0 0
골드퍼시픽 038530 비유동자산 15,282,239,932 9,352,806,591
골드퍼시픽 038530 장기금융상품 0 0
골드퍼시픽 038530 기타포괄손익-공정가치 0 0
골드퍼시픽 038530 당기손익인식공정가치측정금융자산 0 0
골드퍼시픽 038530 종속회사투자 0 0
골드퍼시픽 038530 관계회사투자 0 0
골드퍼시픽 038530 렌탈자산 0 0
골드퍼시픽 038530 유형자산 83,408,367 1,297,094,223
골드퍼시픽 038530 무형자산 805,073,771 2,594,332,026
골드퍼시픽 038530 기타비유동금융자산 0 0
골드퍼시픽 038530 기타비유동자산 0 0
골드퍼시픽 038530 사용권자산 0 0
골드퍼시픽 038530 이연법인세자산 0 0
골드퍼시픽 038530 자산총계 37,478,208,598 27,234,638,244
골드퍼시픽 038530 유동부채 11,674,954,090 20,748,042,511
골드퍼시픽 038530 단기매입채무 0 0
골드퍼시픽 038530 단기차입금 46,121,836 735,712,000
골드퍼시픽 038530 유동성장기차입금 0 0
골드퍼시픽 038530 유동성사채 0 0
골드퍼시픽 038530 기타유동금융부채 0 0
골드퍼시픽 038530 기타유동부채 1,046,877,979 1,150,915,831
골드퍼시픽 038530 당기법인세부채 0 0
골드퍼시픽 038530 유동리스부채 0 0
골드퍼시픽 038530 비유동부채 5,547,544,285 455,430,558
골드퍼시픽 038530 사채 6,360,000,000 42,856,000
골드퍼시픽 038530 장기차입금 5,440,000,000 42,856,000
골드퍼시픽 038530 기타비유동금융부채 0 0
골드퍼시픽 038530 이연법인세부채 0 412,509,714
골드퍼시픽 038530 비유동리스부채 0 0
골드퍼시픽 038530 부채총계 17,222,498,375 21,203,473,069
골드퍼시픽 038530 자본금 8,568,172,000 3,327,856,500
골드퍼시픽 038530 자본잉여금 16,759,881,134 33,152,212,509
골드퍼시픽 038530 자본조정 0 0
골드퍼시픽 038530 기타포괄손익누계액 0 0
골드퍼시픽 038530 이익잉여금(결손금) -4,888,207,208 -30,299,922,889
골드퍼시픽 038530 자본총계 0 0
골드퍼시픽 038530 자본과부채총계 37,478,208,598 27,234,638,244
date : 2019-03-31
골드퍼시픽 038530 유동자산 40,065,021,425 22,195,968,666
골드퍼시픽 038530 현금및현금성자산 22,195,136,179 11,284,708,039
골드퍼시픽 038530 매출채권 1,709,243,663 2,045,512,209
골드퍼시픽 038530 재고자산 896,882,964 807,959,911
골드퍼시픽 038530 기타유동금융자산 0 0
골드퍼시픽 038530 기타유동자산 587,562,074 2,018,015,206
골드퍼시픽 038530 매각예정비유동자산 0 0
골드퍼시픽 038530 비유동자산 15,866,949,974 15,282,239,932
골드퍼시픽 038530 장기금융상품 0 0
골드퍼시픽 038530 기타포괄손익-공정가치 0 0
골드퍼시픽 038530 당기손익인식공정가치측정금융자산 0 0
골드퍼시픽 038530 종속회사투자 0 0
골드퍼시픽 038530 관계회사투자 0 0
골드퍼시픽 038530 렌탈자산 0 0
골드퍼시픽 038530 유형자산 80,209,824 83,408,367
골드퍼시픽 038530 무형자산 805,073,771 805,073,771
골드퍼시픽 038530 기타비유동금융자산 0 0
골드퍼시픽 038530 기타비유동자산 0 0
골드퍼시픽 038530 사용권자산 684,570,950 83,408,367
골드퍼시픽 038530 이연법인세자산 0 0
골드퍼시픽 038530 자산총계 55,931,971,399 37,478,208,598
골드퍼시픽 038530 유동부채 14,236,708,858 11,674,954,090
골드퍼시픽 038530 단기매입채무 0 0
골드퍼시픽 038530 단기차입금 300,000,000 46,121,836
골드퍼시픽 038530 유동성장기차입금 0 0
골드퍼시픽 038530 유동성사채 0 0
골드퍼시픽 038530 기타유동금융부채 0 0
골드퍼시픽 038530 기타유동부채 1,776,004,705 1,046,877,979
골드퍼시픽 038530 당기법인세부채 0 0
골드퍼시픽 038530 유동리스부채 294,377,590 1,046,877,979
골드퍼시픽 038530 비유동부채 5,565,524,021 5,547,544,285
골드퍼시픽 038530 사채 11,130,329,988 9,805,865,087
골드퍼시픽 038530 장기차입금 5,110,000,000 5,440,000,000
골드퍼시픽 038530 기타비유동금융부채 0 0
골드퍼시픽 038530 이연법인세부채 0 0
골드퍼시픽 038530 비유동리스부채 373,045,250 5,440,000,000
골드퍼시픽 038530 부채총계 19,802,232,879 17,222,498,375
골드퍼시픽 038530 자본금 13,178,717,500 8,568,172,000
골드퍼시픽 038530 자본잉여금 28,605,466,670 16,759,881,134
골드퍼시픽 038530 자본조정 0 0
골드퍼시픽 038530 기타포괄손익누계액 0 0
골드퍼시픽 038530 이익잉여금(결손금) -5,487,556,844 -4,888,207,208
골드퍼시픽 038530 자본총계 0 0
골드퍼시픽 038530 자본과부채총계 55,931,971,399 37,478,208,598
