date : 2019-03-31
에코바이오 038870 유동자산 38,115,132,570 58,484,341,103
에코바이오 038870 현금및현금성자산 7,917,240,318 824,208,281
에코바이오 038870 매출채권 및 기타유동채권
에코바이오 038870 기타유동자산 151,072,290 89,784,366
에코바이오 038870 비유동자산 33,678,669,307 33,322,227,210
에코바이오 038870 장기금융상품 14,000,000 5,000,000
에코바이오 038870 유형자산 5,517,107,955 5,576,107,697
에코바이오 038870 사용권자산 225,150,833 0
에코바이오 038870 무형자산 2,635,425,027 2,683,634,021
에코바이오 038870 이연법인세자산 1,002,362,548 1,002,362,548
에코바이오 038870 기타비유동금융자산 1,323,529,890 1,214,029,890
에코바이오 038870 자산총계 71,793,801,877 91,806,568,313
에코바이오 038870 유동부채 12,097,556,312 32,137,342,764
에코바이오 038870 단기차입금 0 12,483,350,000
에코바이오 038870 유동성장기차입금 0 375,000,000
에코바이오 038870 기타유동부채 802,555,602 420,053,828
에코바이오 038870 비유동부채 1,191,328,132 2,803,849,296
에코바이오 038870 기타비유동금융부채 15,160,509 15,160,509
에코바이오 038870 장기차입금 0 1,625,000,000
에코바이오 038870 비유동리스부채 90,973,420 0
에코바이오 038870 부채총계 13,288,884,444 34,941,192,060
에코바이오 038870 자본금 5,792,697,000 5,763,746,000
에코바이오 038870 이익잉여금(결손금) -11,775,579,322 -12,913,404,567
에코바이오 038870 자본총계 58,504,917,433 56,865,376,253
에코바이오 038870 자본과부채총계 71,793,801,877 91,806,568,313
