date : 2019-03-31
오스코텍 039200 유동자산 35,413,623,657 40,278,144,777
오스코텍 039200 현금및현금성자산 23,122,731,501 19,002,020,128
오스코텍 039200 매출채권 및 기타유동채권
오스코텍 039200 재고자산 1,093,595,630 1,001,545,430
오스코텍 039200 기타유동자산 715,376,180 519,224,535
오스코텍 039200 비유동자산 19,947,168,774 19,990,047,941
오스코텍 039200 유형자산 11,407,422,673 11,446,494,648
오스코텍 039200 무형자산 644,206,764 665,126,797
오스코텍 039200 기타비유동금융자산 274,391,569 257,278,728
오스코텍 039200 자산총계 55,360,792,431 60,268,192,718
오스코텍 039200 유동부채 13,529,634,162 14,662,332,542
오스코텍 039200 단기차입금 2,035,501,057 2,068,393,910
오스코텍 039200 기타유동부채 1,603,455,980 2,187,750,564
오스코텍 039200 비유동부채 2,785,692,607 2,866,824,259
오스코텍 039200 장기차입금 1,585,440,000 1,684,530,000
오스코텍 039200 기타비유동금융부채 899,590,808 899,590,808
오스코텍 039200 부채총계 16,315,326,769 17,529,156,801
오스코텍 039200 자본금 14,279,751,500 14,279,751,500
오스코텍 039200 이익잉여금(결손금) -42,801,027,926 -39,079,656,595
오스코텍 039200 자본총계 39,045,465,662 42,739,035,917
오스코텍 039200 자본과부채총계 55,360,792,431 60,268,192,718
