date : 2015-12-31
다산네트웍스 039560 유동자산 40,525,119,322 130,295,142,868
다산네트웍스 039560 현금및현금성자산 7,984,342,003 9,219,045,590
다산네트웍스 039560 매출채권 18,423,115,852 61,873,731,478
다산네트웍스 039560 재고자산 2,460,222,291 19,461,240,132
다산네트웍스 039560 기타유동금융자산 7,641,204,882 32,680,075,284
다산네트웍스 039560 기타유동자산 265,852,264 1,197,841,684
다산네트웍스 039560 매각예정비유동자산 0 0
다산네트웍스 039560 비유동자산 211,580,636,322 97,987,407,120
다산네트웍스 039560 장기금융상품 0 0
다산네트웍스 039560 기타포괄손익-공정가치 0 0
다산네트웍스 039560 당기손익인식공정가치측정금융자산 0 0
다산네트웍스 039560 종속회사투자 0 0
다산네트웍스 039560 관계회사투자 0 0
다산네트웍스 039560 렌탈자산 0 0
다산네트웍스 039560 유형자산 22,590,359,340 20,386,855,339
다산네트웍스 039560 무형자산 5,956,085,887 11,489,356,380
다산네트웍스 039560 기타비유동금융자산 1,094,182,573 9,096,134,287
다산네트웍스 039560 기타비유동자산 1,017,277 619,652,783
다산네트웍스 039560 사용권자산 0 0
다산네트웍스 039560 이연법인세자산 4,448,308,725 4,548,668,865
다산네트웍스 039560 자산총계 252,105,755,644 228,282,549,988
다산네트웍스 039560 유동부채 54,240,259,088 89,144,922,992
다산네트웍스 039560 단기매입채무 0 0
다산네트웍스 039560 단기차입금 25,588,708,855 53,445,905,203
다산네트웍스 039560 유동성장기차입금 8,993,230,000 0
다산네트웍스 039560 유동성사채 0 0
다산네트웍스 039560 기타유동금융부채 8,969,939,071 4,508,915,751
다산네트웍스 039560 기타유동부채 1,767,161,861 5,741,982,821
다산네트웍스 039560 당기법인세부채 113,898,936 0
다산네트웍스 039560 유동리스부채 0 0
다산네트웍스 039560 비유동부채 60,351,434,234 2,124,142,903
다산네트웍스 039560 사채 0 0
다산네트웍스 039560 장기차입금 19,314,470,000 0
다산네트웍스 039560 기타비유동금융부채 0 0
다산네트웍스 039560 이연법인세부채 0 0
다산네트웍스 039560 비유동리스부채 0 0
다산네트웍스 039560 부채총계 114,591,693,322 91,269,065,895
다산네트웍스 039560 자본금 11,209,628,500 10,466,465,500
다산네트웍스 039560 자본잉여금 0 0
다산네트웍스 039560 자본조정 0 0
다산네트웍스 039560 기타포괄손익누계액 0 0
다산네트웍스 039560 이익잉여금(결손금) 0 0
다산네트웍스 039560 자본총계 137,514,062,322 137,013,484,093
다산네트웍스 039560 자본과부채총계 0 0
date : 2016-03-31
다산네트웍스 039560 유동자산 52,263,591,662 40,525,119,322
다산네트웍스 039560 현금및현금성자산 1,411,626,870 7,984,342,003
다산네트웍스 039560 매출채권 33,730,867,148 18,423,115,852
다산네트웍스 039560 재고자산 2,927,244,106 2,460,222,291
다산네트웍스 039560 기타유동금융자산 8,386,063,199 7,641,204,882
다산네트웍스 039560 기타유동자산 966,773,474 265,852,264
다산네트웍스 039560 매각예정비유동자산 0 0
다산네트웍스 039560 비유동자산 212,894,585,785 211,580,636,322
다산네트웍스 039560 장기금융상품 0 0
다산네트웍스 039560 기타포괄손익-공정가치 0 0
다산네트웍스 039560 당기손익인식공정가치측정금융자산 0 0
다산네트웍스 039560 종속회사투자 0 0
다산네트웍스 039560 관계회사투자 0 0
다산네트웍스 039560 렌탈자산 0 0
다산네트웍스 039560 유형자산 22,810,844,560 22,590,359,340
다산네트웍스 039560 무형자산 5,864,881,359 5,956,085,887
다산네트웍스 039560 기타비유동금융자산 3,100,545,152 1,094,182,573
다산네트웍스 039560 기타비유동자산 0 1,017,277
다산네트웍스 039560 사용권자산 0 0
다산네트웍스 039560 이연법인세자산 4,684,520,520 4,448,308,725
다산네트웍스 039560 자산총계 265,158,177,447 252,105,755,644
다산네트웍스 039560 유동부채 62,679,621,691 54,240,259,088
다산네트웍스 039560 단기매입채무 0 0
다산네트웍스 039560 단기차입금 27,606,060,327 25,588,708,855
다산네트웍스 039560 유동성장기차입금 0 0
다산네트웍스 039560 유동성사채 0 0
다산네트웍스 039560 기타유동금융부채 13,847,036,509 8,969,939,071
다산네트웍스 039560 기타유동부채 1,332,398,613 1,767,161,861
다산네트웍스 039560 당기법인세부채 78,214,236 113,898,936
다산네트웍스 039560 유동리스부채 0 0
다산네트웍스 039560 비유동부채 65,604,839,797 60,351,434,234
다산네트웍스 039560 사채 0 0
다산네트웍스 039560 장기차입금 24,304,030,000 19,314,470,000
다산네트웍스 039560 기타비유동금융부채 0 0
다산네트웍스 039560 이연법인세부채 0 0
다산네트웍스 039560 비유동리스부채 0 0
다산네트웍스 039560 부채총계 128,284,461,488 114,591,693,322
다산네트웍스 039560 자본금 11,209,628,500 11,209,628,500
다산네트웍스 039560 자본잉여금 0 0
다산네트웍스 039560 자본조정 0 0
다산네트웍스 039560 기타포괄손익누계액 0 0
다산네트웍스 039560 이익잉여금(결손금) 0 0
다산네트웍스 039560 자본총계 136,873,715,959 137,514,062,322
다산네트웍스 039560 자본과부채총계 0 0
date : 2016-06-30
다산네트웍스 039560 유동자산 68,566,683,002 40,525,119,322
다산네트웍스 039560 현금및현금성자산 6,484,241,724 7,984,342,003
다산네트웍스 039560 매출채권 12,692,648,091 18,423,115,852
다산네트웍스 039560 재고자산 4,475,683,949 2,460,222,291
다산네트웍스 039560 기타유동금융자산 38,801,475,640 7,641,204,882
다산네트웍스 039560 기타유동자산 1,494,270,863 265,852,264
다산네트웍스 039560 매각예정비유동자산 0 0
다산네트웍스 039560 비유동자산 206,346,306,685 211,580,636,322
다산네트웍스 039560 장기금융상품 0 0
다산네트웍스 039560 기타포괄손익-공정가치 0 0
다산네트웍스 039560 당기손익인식공정가치측정금융자산 0 0
다산네트웍스 039560 종속회사투자 0 0
다산네트웍스 039560 관계회사투자 0 0
다산네트웍스 039560 렌탈자산 0 0
다산네트웍스 039560 유형자산 23,041,570,195 22,590,359,340
다산네트웍스 039560 무형자산 5,774,252,270 5,956,085,887
다산네트웍스 039560 기타비유동금융자산 1,628,503,314 1,094,182,573
다산네트웍스 039560 기타비유동자산 3,630,465 1,017,277
다산네트웍스 039560 사용권자산 0 0
다산네트웍스 039560 이연법인세자산 3,958,097,049 4,448,308,725
다산네트웍스 039560 자산총계 274,912,989,687 252,105,755,644
다산네트웍스 039560 유동부채 71,353,811,587 54,240,259,088
다산네트웍스 039560 단기매입채무 0 0
다산네트웍스 039560 단기차입금 25,419,364,597 25,588,708,855
다산네트웍스 039560 유동성장기차입금 0 0
다산네트웍스 039560 유동성사채 0 0
다산네트웍스 039560 기타유동금융부채 29,472,036,644 8,969,939,071
다산네트웍스 039560 기타유동부채 1,434,897,936 1,767,161,861
다산네트웍스 039560 당기법인세부채 1,228,128,948 113,898,936
다산네트웍스 039560 유동리스부채 0 0
다산네트웍스 039560 비유동부채 61,022,641,245 60,351,434,234
다산네트웍스 039560 사채 0 0
다산네트웍스 039560 장기차입금 19,578,400,000 19,314,470,000
다산네트웍스 039560 기타비유동금융부채 0 0
다산네트웍스 039560 이연법인세부채 0 0
다산네트웍스 039560 비유동리스부채 0 0
다산네트웍스 039560 부채총계 132,376,452,832 114,591,693,322
다산네트웍스 039560 자본금 11,209,628,500 11,209,628,500
다산네트웍스 039560 자본잉여금 0 0
다산네트웍스 039560 자본조정 0 0
다산네트웍스 039560 기타포괄손익누계액 0 0
다산네트웍스 039560 이익잉여금(결손금) 0 0
다산네트웍스 039560 자본총계 142,536,536,855 137,514,062,322
다산네트웍스 039560 자본과부채총계 0 0
date : 2016-09-30
다산네트웍스 039560 유동자산 66,888,530,038 40,525,119,322
다산네트웍스 039560 현금및현금성자산 10,243,188,517 7,984,342,003
다산네트웍스 039560 매출채권 30,911,897,108 18,423,115,852
다산네트웍스 039560 재고자산 8,731,422,914 2,460,222,291
다산네트웍스 039560 기타유동금융자산 10,177,257,657 7,641,204,882
다산네트웍스 039560 기타유동자산 1,839,876,057 265,852,264
다산네트웍스 039560 매각예정비유동자산 0 0
다산네트웍스 039560 비유동자산 217,104,276,426 211,580,636,322
다산네트웍스 039560 장기금융상품 0 0
다산네트웍스 039560 기타포괄손익-공정가치 0 0
다산네트웍스 039560 당기손익인식공정가치측정금융자산 0 0
다산네트웍스 039560 종속회사투자 0 0
다산네트웍스 039560 관계회사투자 0 0
다산네트웍스 039560 렌탈자산 0 0
다산네트웍스 039560 유형자산 23,713,040,051 22,590,359,340
다산네트웍스 039560 무형자산 5,688,654,672 5,956,085,887
다산네트웍스 039560 기타비유동금융자산 7,568,302,444 1,094,182,573
다산네트웍스 039560 기타비유동자산 16,262,126 1,017,277
다산네트웍스 039560 사용권자산 0 0
다산네트웍스 039560 이연법인세자산 3,945,019,806 4,448,308,725
다산네트웍스 039560 자산총계 283,992,806,464 252,105,755,644
다산네트웍스 039560 유동부채 56,883,208,700 54,240,259,088
다산네트웍스 039560 단기매입채무 0 0
다산네트웍스 039560 단기차입금 24,398,598,253 25,588,708,855
다산네트웍스 039560 유동성장기차입금 0 0
다산네트웍스 039560 유동성사채 0 0
다산네트웍스 039560 기타유동금융부채 6,122,209,679 8,969,939,071
다산네트웍스 039560 기타유동부채 1,305,493,375 1,767,161,861
다산네트웍스 039560 당기법인세부채 1,284,164,508 113,898,936
다산네트웍스 039560 유동리스부채 0 0
다산네트웍스 039560 비유동부채 81,274,935,566 60,351,434,234
다산네트웍스 039560 사채 0 0
다산네트웍스 039560 장기차입금 15,519,490,000 19,314,470,000
다산네트웍스 039560 기타비유동금융부채 0 0
다산네트웍스 039560 이연법인세부채 0 0
다산네트웍스 039560 비유동리스부채 0 0
다산네트웍스 039560 부채총계 138,158,144,266 114,591,693,322
다산네트웍스 039560 자본금 11,291,865,000 11,209,628,500
다산네트웍스 039560 자본잉여금 0 0
다산네트웍스 039560 자본조정 0 0
다산네트웍스 039560 기타포괄손익누계액 0 0
다산네트웍스 039560 이익잉여금(결손금) 0 0
다산네트웍스 039560 자본총계 145,834,662,198 137,514,062,322
다산네트웍스 039560 자본과부채총계 0 0
date : 2016-12-31
다산네트웍스 039560 유동자산 60,418,131,618 40,525,119,322
다산네트웍스 039560 현금및현금성자산 5,229,528,095 7,984,342,003
다산네트웍스 039560 매출채권 9,361,958,073 18,423,115,852
다산네트웍스 039560 재고자산 6,956,432,866 2,460,222,291
다산네트웍스 039560 기타유동금융자산 33,234,294,776 7,641,204,882
다산네트웍스 039560 기타유동자산 1,001,096,348 265,852,264
다산네트웍스 039560 매각예정비유동자산 0 0
다산네트웍스 039560 비유동자산 194,716,680,043 211,580,636,322
다산네트웍스 039560 장기금융상품 0 0
다산네트웍스 039560 기타포괄손익-공정가치 0 0
다산네트웍스 039560 당기손익인식공정가치측정금융자산 0 0
다산네트웍스 039560 종속회사투자 0 0
다산네트웍스 039560 관계회사투자 0 0
다산네트웍스 039560 렌탈자산 0 0
다산네트웍스 039560 유형자산 24,871,166,248 22,590,359,340
다산네트웍스 039560 무형자산 4,391,559,669 5,956,085,887
다산네트웍스 039560 기타비유동금융자산 8,097,817,732 1,094,182,573
다산네트웍스 039560 기타비유동자산 0 1,017,277
다산네트웍스 039560 사용권자산 0 0
다산네트웍스 039560 이연법인세자산 2,313,787,320 4,448,308,725
다산네트웍스 039560 자산총계 255,134,811,661 252,105,755,644
다산네트웍스 039560 유동부채 78,730,092,723 54,240,259,088
다산네트웍스 039560 단기매입채무 0 0
다산네트웍스 039560 단기차입금 23,812,469,686 25,588,708,855
다산네트웍스 039560 유동성장기차입금 0 0
다산네트웍스 039560 유동성사채 0 0
다산네트웍스 039560 기타유동금융부채 6,639,763,714 8,969,939,071
다산네트웍스 039560 기타유동부채 2,874,705,247 1,767,161,861
다산네트웍스 039560 당기법인세부채 135,321,247 113,898,936
다산네트웍스 039560 유동리스부채 0 0
다산네트웍스 039560 비유동부채 47,790,856,229 60,351,434,234
다산네트웍스 039560 사채 0 0
다산네트웍스 039560 장기차입금 12,900,580,000 19,314,470,000
다산네트웍스 039560 기타비유동금융부채 0 0
다산네트웍스 039560 이연법인세부채 0 0
다산네트웍스 039560 비유동리스부채 0 0
다산네트웍스 039560 부채총계 126,520,948,952 114,591,693,322
다산네트웍스 039560 자본금 12,043,591,500 11,209,628,500
다산네트웍스 039560 자본잉여금 0 0
다산네트웍스 039560 자본조정 0 0
다산네트웍스 039560 기타포괄손익누계액 0 0
다산네트웍스 039560 이익잉여금(결손금) 0 0
다산네트웍스 039560 자본총계 128,613,862,709 137,514,062,322
다산네트웍스 039560 자본과부채총계 0 0
date : 2017-03-31
다산네트웍스 039560 유동자산 58,714,426,168 60,418,131,618
다산네트웍스 039560 현금및현금성자산 8,357,979,845 5,229,528,095
다산네트웍스 039560 매출채권 4,551,213,276 9,361,958,073
다산네트웍스 039560 재고자산 6,416,545,048 6,956,432,866
다산네트웍스 039560 기타유동금융자산 32,124,618,985 33,234,294,776
다산네트웍스 039560 기타유동자산 1,998,812,968 1,001,096,348
다산네트웍스 039560 매각예정비유동자산 0 0
다산네트웍스 039560 비유동자산 193,569,255,151 194,716,680,043
다산네트웍스 039560 장기금융상품 0 0
다산네트웍스 039560 기타포괄손익-공정가치 0 0
다산네트웍스 039560 당기손익인식공정가치측정금융자산 0 0
다산네트웍스 039560 종속회사투자 0 0
다산네트웍스 039560 관계회사투자 0 0
다산네트웍스 039560 렌탈자산 0 0
다산네트웍스 039560 유형자산 24,851,297,482 24,871,166,248
다산네트웍스 039560 무형자산 4,309,429,886 4,391,559,669
다산네트웍스 039560 기타비유동금융자산 7,536,081,866 8,097,817,732
다산네트웍스 039560 기타비유동자산 0 0
다산네트웍스 039560 사용권자산 0 0
다산네트웍스 039560 이연법인세자산 2,416,541,699 2,313,787,320
다산네트웍스 039560 자산총계 252,283,681,319 255,134,811,661
다산네트웍스 039560 유동부채 72,231,393,108 78,730,092,723
다산네트웍스 039560 단기매입채무 0 0
다산네트웍스 039560 단기차입금 22,845,708,000 23,812,469,686
다산네트웍스 039560 유동성장기차입금 8,829,587,000 14,795,960,000
다산네트웍스 039560 유동성사채 0 0
다산네트웍스 039560 기타유동금융부채 10,039,476,076 6,639,763,714
다산네트웍스 039560 기타유동부채 3,532,024,183 2,874,705,247
다산네트웍스 039560 당기법인세부채 114,522,127 135,321,247
다산네트웍스 039560 유동리스부채 0 0
다산네트웍스 039560 비유동부채 54,134,177,139 47,790,856,229
다산네트웍스 039560 사채 0 0
다산네트웍스 039560 장기차입금 21,760,273,000 12,900,580,000
다산네트웍스 039560 기타비유동금융부채 0 0
다산네트웍스 039560 이연법인세부채 0 0
다산네트웍스 039560 비유동리스부채 0 0
다산네트웍스 039560 부채총계 126,365,570,247 126,520,948,952
다산네트웍스 039560 자본금 12,043,591,500 12,043,591,500
다산네트웍스 039560 자본잉여금 0 0
다산네트웍스 039560 자본조정 0 0
다산네트웍스 039560 기타포괄손익누계액 0 0
다산네트웍스 039560 이익잉여금(결손금) 0 0
다산네트웍스 039560 자본총계 125,918,111,072 128,613,862,709
다산네트웍스 039560 자본과부채총계 0 0
date : 2017-06-30
다산네트웍스 039560 유동자산 68,435,973,955 60,418,131,618
다산네트웍스 039560 현금및현금성자산 2,488,375,807 5,229,528,095
다산네트웍스 039560 매출채권 7,431,229,262 9,361,958,073
다산네트웍스 039560 재고자산 5,607,638,697 6,956,432,866
다산네트웍스 039560 기타유동금융자산 45,455,857,461 33,234,294,776
다산네트웍스 039560 기타유동자산 2,617,751,242 1,001,096,348
다산네트웍스 039560 매각예정비유동자산 0 0
다산네트웍스 039560 비유동자산 192,622,254,535 194,716,680,043
다산네트웍스 039560 장기금융상품 0 0
다산네트웍스 039560 기타포괄손익-공정가치 0 0
다산네트웍스 039560 당기손익인식공정가치측정금융자산 0 0
다산네트웍스 039560 종속회사투자 0 0
다산네트웍스 039560 관계회사투자 0 0
다산네트웍스 039560 렌탈자산 0 0
다산네트웍스 039560 유형자산 24,364,692,925 24,871,166,248
다산네트웍스 039560 무형자산 2,893,496,863 4,391,559,669
다산네트웍스 039560 기타비유동금융자산 7,667,202,685 8,097,817,732
다산네트웍스 039560 기타비유동자산 0 0
다산네트웍스 039560 사용권자산 0 0
다산네트웍스 039560 이연법인세자산 1,532,279,924 2,313,787,320
다산네트웍스 039560 자산총계 261,058,228,490 255,134,811,661
다산네트웍스 039560 유동부채 87,129,125,006 78,730,092,723
다산네트웍스 039560 단기매입채무 0 0
다산네트웍스 039560 단기차입금 23,513,061,598 23,812,469,686
다산네트웍스 039560 유동성장기차입금 12,672,454,000 14,795,960,000
다산네트웍스 039560 유동성사채 0 0
다산네트웍스 039560 기타유동금융부채 16,712,165,621 6,639,763,714
다산네트웍스 039560 기타유동부채 4,383,738,347 2,874,705,247
다산네트웍스 039560 당기법인세부채 65,714,330 135,321,247
다산네트웍스 039560 유동리스부채 0 0
다산네트웍스 039560 비유동부채 49,374,171,834 47,790,856,229
다산네트웍스 039560 사채 0 0
다산네트웍스 039560 장기차입금 16,310,726,000 12,900,580,000
다산네트웍스 039560 기타비유동금융부채 0 0
다산네트웍스 039560 이연법인세부채 0 0
다산네트웍스 039560 비유동리스부채 0 0
다산네트웍스 039560 부채총계 136,503,296,840 126,520,948,952
다산네트웍스 039560 자본금 12,043,591,500 12,043,591,500
다산네트웍스 039560 자본잉여금 0 0
다산네트웍스 039560 자본조정 0 0
다산네트웍스 039560 기타포괄손익누계액 0 0
다산네트웍스 039560 이익잉여금(결손금) 0 0
다산네트웍스 039560 자본총계 124,554,931,650 128,613,862,709
다산네트웍스 039560 자본과부채총계 0 0
date : 2017-09-30
다산네트웍스 039560 유동자산 76,122,249,269 60,418,131,618
다산네트웍스 039560 현금및현금성자산 6,900,638,582 5,229,528,095
다산네트웍스 039560 매출채권 2,567,142,910 9,361,958,073
다산네트웍스 039560 재고자산 7,816,626,364 6,956,432,866
다산네트웍스 039560 기타유동금융자산 52,282,659,335 33,234,294,776
다산네트웍스 039560 기타유동자산 2,814,796,818 1,001,096,348
다산네트웍스 039560 매각예정비유동자산 0 0
다산네트웍스 039560 비유동자산 188,398,104,132 194,716,680,043
다산네트웍스 039560 장기금융상품 0 0
다산네트웍스 039560 기타포괄손익-공정가치 0 0
다산네트웍스 039560 당기손익인식공정가치측정금융자산 0 0
다산네트웍스 039560 종속회사투자 0 0
다산네트웍스 039560 관계회사투자 0 0
다산네트웍스 039560 렌탈자산 0 0
다산네트웍스 039560 유형자산 24,492,465,078 24,871,166,248
다산네트웍스 039560 무형자산 2,413,351,004 4,391,559,669
다산네트웍스 039560 기타비유동금융자산 7,915,542,529 8,097,817,732
다산네트웍스 039560 기타비유동자산 144,200,000 0
다산네트웍스 039560 사용권자산 0 0
다산네트웍스 039560 이연법인세자산 1,467,160,163 2,313,787,320
다산네트웍스 039560 자산총계 264,520,353,401 255,134,811,661
다산네트웍스 039560 유동부채 83,765,586,410 78,730,092,723
다산네트웍스 039560 단기매입채무 0 0
다산네트웍스 039560 단기차입금 25,925,304,202 23,812,469,686
다산네트웍스 039560 유동성장기차입금 14,535,696,000 14,795,960,000
다산네트웍스 039560 유동성사채 0 0
다산네트웍스 039560 기타유동금융부채 13,876,284,821 6,639,763,714
다산네트웍스 039560 기타유동부채 1,362,232,826 2,874,705,247
다산네트웍스 039560 당기법인세부채 65,714,330 135,321,247
다산네트웍스 039560 유동리스부채 0 0
다산네트웍스 039560 비유동부채 50,147,700,258 47,790,856,229
다산네트웍스 039560 사채 0 0
다산네트웍스 039560 장기차입금 12,896,364,000 12,900,580,000
다산네트웍스 039560 기타비유동금융부채 12,065,916,616 7,125,229,360
다산네트웍스 039560 이연법인세부채 0 0
다산네트웍스 039560 비유동리스부채 0 0
다산네트웍스 039560 부채총계 133,913,286,668 126,520,948,952
다산네트웍스 039560 자본금 12,288,925,500 12,043,591,500
다산네트웍스 039560 자본잉여금 116,046,416,450 113,454,557,814
다산네트웍스 039560 자본조정 0 0
다산네트웍스 039560 기타포괄손익누계액 0 0
다산네트웍스 039560 이익잉여금(결손금) 2,491,935,363 3,819,551,127
다산네트웍스 039560 자본총계 130,607,066,733 128,613,862,709
다산네트웍스 039560 자본과부채총계 264,520,353,401 255,134,811,661
date : 2017-12-31
다산네트웍스 039560 유동자산 72,294,565,915 60,418,131,618
다산네트웍스 039560 현금및현금성자산 8,680,224,874 5,229,528,095
다산네트웍스 039560 매출채권 7,630,102,480 9,361,958,073
다산네트웍스 039560 재고자산 5,049,490,463 6,956,432,866
다산네트웍스 039560 기타유동금융자산 47,840,077,435 33,234,294,776
다산네트웍스 039560 기타유동자산 682,740,063 1,001,096,348
다산네트웍스 039560 매각예정비유동자산 0 0
다산네트웍스 039560 비유동자산 191,912,690,813 194,716,680,043
다산네트웍스 039560 장기금융상품 0 0
다산네트웍스 039560 기타포괄손익-공정가치 0 0
다산네트웍스 039560 당기손익인식공정가치측정금융자산 0 0
다산네트웍스 039560 종속회사투자 0 0
다산네트웍스 039560 관계회사투자 0 0
다산네트웍스 039560 렌탈자산 0 0
다산네트웍스 039560 유형자산 24,449,516,871 24,871,166,248
다산네트웍스 039560 무형자산 2,862,562,810 4,391,559,669
다산네트웍스 039560 기타비유동금융자산 7,370,790,423 8,097,817,732
다산네트웍스 039560 기타비유동자산 230,658,122 0
다산네트웍스 039560 사용권자산 0 0
다산네트웍스 039560 이연법인세자산 1,182,267,209 2,313,787,320
다산네트웍스 039560 자산총계 264,207,256,728 255,134,811,661
다산네트웍스 039560 유동부채 91,968,016,631 78,730,092,723
다산네트웍스 039560 단기매입채무 0 0
다산네트웍스 039560 단기차입금 18,906,500,000 23,812,469,686
다산네트웍스 039560 유동성장기차입금 17,838,938,000 14,795,960,000
다산네트웍스 039560 유동성사채 0 0
다산네트웍스 039560 기타유동금융부채 19,273,549,456 6,639,763,714
다산네트웍스 039560 기타유동부채 1,721,041,045 2,874,705,247
다산네트웍스 039560 당기법인세부채 0 135,321,247
다산네트웍스 039560 유동리스부채 0 0
다산네트웍스 039560 비유동부채 18,250,353,356 47,790,856,229
다산네트웍스 039560 사채 0 0
다산네트웍스 039560 장기차입금 9,426,442,000 12,900,580,000
다산네트웍스 039560 기타비유동금융부채 8,823,911,356 7,125,229,360
다산네트웍스 039560 이연법인세부채 0 0
다산네트웍스 039560 비유동리스부채 0 0
다산네트웍스 039560 부채총계 110,218,369,987 126,520,948,952
다산네트웍스 039560 자본금 13,948,032,000 12,043,591,500
다산네트웍스 039560 자본잉여금 134,272,879,819 113,454,557,814
다산네트웍스 039560 자본조정 0 0
다산네트웍스 039560 기타포괄손익누계액 0 0
다산네트웍스 039560 이익잉여금(결손금) 5,701,194,442 3,819,551,127
다산네트웍스 039560 자본총계 153,988,886,741 128,613,862,709
다산네트웍스 039560 자본과부채총계 264,207,256,728 255,134,811,661
date : 2018-03-31
다산네트웍스 039560 유동자산 68,965,534,654 72,294,565,915
다산네트웍스 039560 현금및현금성자산 7,154,701,616 8,680,224,874
다산네트웍스 039560 매출채권 7,528,234,702 7,630,102,480
다산네트웍스 039560 재고자산 6,141,538,096 5,049,490,463
다산네트웍스 039560 기타유동금융자산 44,266,342,890 47,840,077,435
다산네트웍스 039560 기타유동자산 1,398,066,430 682,740,063
다산네트웍스 039560 매각예정비유동자산 0 0
다산네트웍스 039560 비유동자산 196,976,181,627 191,912,690,813
다산네트웍스 039560 장기금융상품 0 0
다산네트웍스 039560 기타포괄손익-공정가치 0 0
다산네트웍스 039560 당기손익인식공정가치측정금융자산 0 0
다산네트웍스 039560 종속회사투자 0 0
다산네트웍스 039560 관계회사투자 0 0
다산네트웍스 039560 렌탈자산 0 0
다산네트웍스 039560 유형자산 24,385,746,268 24,449,516,871
다산네트웍스 039560 무형자산 2,537,380,272 2,862,562,810
다산네트웍스 039560 기타비유동금융자산 13,862,883,232 7,370,790,423
다산네트웍스 039560 기타비유동자산 144,200,000 230,658,122
다산네트웍스 039560 사용권자산 0 0
다산네트웍스 039560 이연법인세자산 1,182,267,209 1,182,267,209
다산네트웍스 039560 자산총계 265,941,716,281 264,207,256,728
다산네트웍스 039560 유동부채 78,161,163,253 91,968,016,631
다산네트웍스 039560 단기매입채무 0 0
다산네트웍스 039560 단기차입금 21,350,303,374 18,906,500,000
다산네트웍스 039560 유동성장기차입금 15,037,514,200 17,838,938,000
다산네트웍스 039560 유동성사채 0 0
다산네트웍스 039560 기타유동금융부채 19,016,019,078 19,273,549,456
다산네트웍스 039560 기타유동부채 2,521,634,431 1,721,041,045
다산네트웍스 039560 당기법인세부채 0 0
다산네트웍스 039560 유동리스부채 0 0
다산네트웍스 039560 비유동부채 18,965,757,915 18,250,353,356
다산네트웍스 039560 사채 0 0
다산네트웍스 039560 장기차입금 10,104,407,200 9,426,442,000
다산네트웍스 039560 기타비유동금융부채 8,861,350,715 8,823,911,356
다산네트웍스 039560 이연법인세부채 0 0
다산네트웍스 039560 비유동리스부채 0 0
다산네트웍스 039560 부채총계 97,126,921,168 110,218,369,987
다산네트웍스 039560 자본금 15,239,203,000 13,948,032,000
다산네트웍스 039560 자본잉여금 148,568,971,806 134,272,879,819
다산네트웍스 039560 자본조정 0 0
다산네트웍스 039560 기타포괄손익누계액 0 0
다산네트웍스 039560 이익잉여금(결손금) 4,939,839,827 5,701,194,442
다산네트웍스 039560 자본총계 168,814,795,113 153,988,886,741
다산네트웍스 039560 자본과부채총계 265,941,716,281 264,207,256,728
date : 2018-06-30
다산네트웍스 039560 유동자산 65,304,356,911 72,294,565,915
다산네트웍스 039560 현금및현금성자산 2,347,695,261 8,680,224,874
다산네트웍스 039560 매출채권 8,122,171,465 7,630,102,480
다산네트웍스 039560 재고자산 7,647,089,312 5,049,490,463
다산네트웍스 039560 기타유동금융자산 42,603,618,835 47,840,077,435
다산네트웍스 039560 기타유동자산 2,128,579,638 682,740,063
다산네트웍스 039560 매각예정비유동자산 0 0
다산네트웍스 039560 비유동자산 192,936,115,539 191,912,690,813
다산네트웍스 039560 장기금융상품 0 0
다산네트웍스 039560 기타포괄손익-공정가치 0 0
다산네트웍스 039560 당기손익인식공정가치측정금융자산 0 0
다산네트웍스 039560 종속회사투자 0 0
다산네트웍스 039560 관계회사투자 0 0
다산네트웍스 039560 렌탈자산 0 0
다산네트웍스 039560 유형자산 26,991,098,120 24,449,516,871
다산네트웍스 039560 무형자산 2,167,713,571 2,862,562,810
다산네트웍스 039560 기타비유동금융자산 9,679,152,790 7,370,790,423
다산네트웍스 039560 기타비유동자산 144,200,000 230,658,122
다산네트웍스 039560 사용권자산 0 0
다산네트웍스 039560 이연법인세자산 1,371,207,786 1,182,267,209
다산네트웍스 039560 자산총계 258,240,472,450 264,207,256,728
다산네트웍스 039560 유동부채 60,914,530,559 91,968,016,631
다산네트웍스 039560 단기매입채무 0 0
다산네트웍스 039560 단기차입금 15,575,017,711 18,906,500,000
다산네트웍스 039560 유동성장기차입금 12,844,459,600 17,838,938,000
다산네트웍스 039560 유동성사채 0 0
다산네트웍스 039560 기타유동금융부채 9,163,944,397 19,273,549,456
다산네트웍스 039560 기타유동부채 4,031,574,179 1,721,041,045
다산네트웍스 039560 당기법인세부채 0 0
다산네트웍스 039560 유동리스부채 0 0
다산네트웍스 039560 비유동부채 35,298,215,239 18,250,353,356
다산네트웍스 039560 사채 0 0
다산네트웍스 039560 장기차입금 6,222,050,000 9,426,442,000
다산네트웍스 039560 기타비유동금융부채 12,747,922,983 8,823,911,356
다산네트웍스 039560 이연법인세부채 0 0
다산네트웍스 039560 비유동리스부채 0 0
다산네트웍스 039560 부채총계 96,212,745,798 110,218,369,987
다산네트웍스 039560 자본금 15,426,123,500 13,948,032,000
다산네트웍스 039560 자본잉여금 0 0
다산네트웍스 039560 자본조정 0 0
다산네트웍스 039560 기타포괄손익누계액 0 0
다산네트웍스 039560 이익잉여금(결손금) -3,994,432,667 5,701,194,442
다산네트웍스 039560 자본총계 162,027,726,652 153,988,886,741
다산네트웍스 039560 자본과부채총계 258,240,472,450 264,207,256,728
date : 2018-09-30
다산네트웍스 039560 유동자산 69,093,692,240 72,294,565,915
다산네트웍스 039560 현금및현금성자산 7,607,255,815 8,680,224,874
다산네트웍스 039560 매출채권 11,649,272,625 7,630,102,480
다산네트웍스 039560 재고자산 9,147,977,358 5,049,490,463
다산네트웍스 039560 기타유동금융자산 35,192,485,752 47,840,077,435
다산네트웍스 039560 기타유동자산 3,314,693,950 682,740,063
다산네트웍스 039560 매각예정비유동자산 0 0
다산네트웍스 039560 비유동자산 188,310,357,101 191,912,690,813
다산네트웍스 039560 장기금융상품 0 0
다산네트웍스 039560 기타포괄손익-공정가치 0 0
다산네트웍스 039560 당기손익인식공정가치측정금융자산 0 0
다산네트웍스 039560 종속회사투자 0 0
다산네트웍스 039560 관계회사투자 0 0
다산네트웍스 039560 렌탈자산 0 0
다산네트웍스 039560 유형자산 24,202,755,282 24,449,516,871
다산네트웍스 039560 무형자산 2,047,273,460 2,862,562,810
다산네트웍스 039560 기타비유동금융자산 7,631,806,893 7,370,790,423
다산네트웍스 039560 기타비유동자산 144,200,000 230,658,122
다산네트웍스 039560 사용권자산 0 0
다산네트웍스 039560 이연법인세자산 1,371,207,786 1,182,267,209
다산네트웍스 039560 자산총계 257,404,049,341 264,207,256,728
다산네트웍스 039560 유동부채 54,965,440,279 91,968,016,631
다산네트웍스 039560 단기매입채무 0 0
다산네트웍스 039560 단기차입금 16,453,586,720 18,906,500,000
다산네트웍스 039560 유동성장기차입금 10,443,463,000 17,838,938,000
다산네트웍스 039560 유동성사채 0 0
다산네트웍스 039560 기타유동금융부채 9,028,130,479 19,273,549,456
다산네트웍스 039560 기타유동부채 4,098,132,620 1,721,041,045
다산네트웍스 039560 당기법인세부채 0 0
다산네트웍스 039560 유동리스부채 0 0
다산네트웍스 039560 비유동부채 34,991,092,256 18,250,353,356
다산네트웍스 039560 사채 0 0
다산네트웍스 039560 장기차입금 6,055,400,000 9,426,442,000
다산네트웍스 039560 기타비유동금융부채 10,676,672,342 8,823,911,356
다산네트웍스 039560 이연법인세부채 0 0
다산네트웍스 039560 비유동리스부채 0 0
다산네트웍스 039560 부채총계 89,956,532,535 110,218,369,987
다산네트웍스 039560 자본금 15,814,646,000 13,948,032,000
다산네트웍스 039560 자본잉여금 0 0
다산네트웍스 039560 자본조정 0 0
다산네트웍스 039560 기타포괄손익누계액 0 0
다산네트웍스 039560 이익잉여금(결손금) -3,543,925,461 5,701,194,442
다산네트웍스 039560 자본총계 167,447,516,806 153,988,886,741
다산네트웍스 039560 자본과부채총계 257,404,049,341 264,207,256,728
date : 2018-12-31
다산네트웍스 039560 유동자산 50,688,093,605 72,294,565,915
다산네트웍스 039560 현금및현금성자산 4,852,216,688 8,680,224,874
다산네트웍스 039560 매출채권 13,231,165,302 7,630,102,480
다산네트웍스 039560 재고자산 5,241,744,273 5,049,490,463
다산네트웍스 039560 기타유동금융자산 20,775,482,561 47,840,077,435
다산네트웍스 039560 기타유동자산 4,238,681,935 682,740,063
다산네트웍스 039560 매각예정비유동자산 168,802,846 47,840,077,435
다산네트웍스 039560 비유동자산 185,085,753,423 191,912,690,813
다산네트웍스 039560 장기금융상품 0 0
다산네트웍스 039560 기타포괄손익-공정가치 0 0
다산네트웍스 039560 당기손익인식공정가치측정금융자산 0 0
다산네트웍스 039560 종속회사투자 0 0
다산네트웍스 039560 관계회사투자 0 0
다산네트웍스 039560 렌탈자산 0 0
다산네트웍스 039560 유형자산 24,079,385,486 24,449,516,871
다산네트웍스 039560 무형자산 1,691,983,500 2,862,562,810
다산네트웍스 039560 기타비유동금융자산 15,559,498,002 7,370,790,423
다산네트웍스 039560 기타비유동자산 263,274,180 230,658,122
다산네트웍스 039560 사용권자산 0 0
다산네트웍스 039560 이연법인세자산 1,861,340,161 1,182,267,209
다산네트웍스 039560 자산총계 235,773,847,028 264,207,256,728
다산네트웍스 039560 유동부채 65,553,217,809 91,968,016,631
다산네트웍스 039560 단기매입채무 0 0
다산네트웍스 039560 단기차입금 23,909,210,774 18,906,500,000
다산네트웍스 039560 유동성장기차입금 7,986,906,400 17,838,938,000
다산네트웍스 039560 유동성사채 0 0
다산네트웍스 039560 기타유동금융부채 9,208,134,324 19,273,549,456
다산네트웍스 039560 기타유동부채 4,123,995,112 1,721,041,045
다산네트웍스 039560 당기법인세부채 135,321,247 17,838,938,000
다산네트웍스 039560 유동리스부채 0 0
다산네트웍스 039560 비유동부채 21,453,119,513 18,250,353,356
다산네트웍스 039560 사채 0 0
다산네트웍스 039560 장기차입금 1,388,750,000 9,426,442,000
다산네트웍스 039560 기타비유동금융부채 3,183,539,362 8,823,911,356
다산네트웍스 039560 이연법인세부채 0 0
다산네트웍스 039560 비유동리스부채 0 0
다산네트웍스 039560 부채총계 87,006,337,322 110,218,369,987
다산네트웍스 039560 자본금 15,826,739,500 13,948,032,000
다산네트웍스 039560 자본잉여금 156,783,257,694 134,272,879,819
다산네트웍스 039560 자본조정 0 0
다산네트웍스 039560 기타포괄손익누계액 0 0
다산네트웍스 039560 이익잉여금(결손금) -23,823,200,069 5,701,194,442
다산네트웍스 039560 자본총계 148,767,509,706 153,988,886,741
다산네트웍스 039560 자본과부채총계 235,773,847,028 264,207,256,728
date : 2019-03-31
다산네트웍스 039560 유동자산 51,705,800,808 50,688,093,605
다산네트웍스 039560 현금및현금성자산 11,238,449,752 4,852,216,688
다산네트웍스 039560 매출채권 13,933,180,099 13,231,165,302
다산네트웍스 039560 재고자산 5,915,334,668 5,241,744,273
다산네트웍스 039560 기타유동금융자산 15,757,904,306 20,775,482,561
다산네트웍스 039560 기타유동자산 4,315,135,533 4,238,681,935
다산네트웍스 039560 매각예정비유동자산 0 168,802,846
다산네트웍스 039560 비유동자산 184,185,544,116 185,085,753,423
다산네트웍스 039560 장기금융상품 0 0
다산네트웍스 039560 기타포괄손익-공정가치 0 0
다산네트웍스 039560 당기손익인식공정가치측정금융자산 0 0
다산네트웍스 039560 종속회사투자 0 0
다산네트웍스 039560 관계회사투자 0 0
다산네트웍스 039560 렌탈자산 0 0
다산네트웍스 039560 유형자산 24,125,566,817 24,079,385,486
다산네트웍스 039560 무형자산 1,584,956,990 1,691,983,500
다산네트웍스 039560 기타비유동금융자산 13,788,523,973 15,559,498,002
다산네트웍스 039560 기타비유동자산 248,124,850 263,274,180
다산네트웍스 039560 사용권자산 57,223,979 0
다산네트웍스 039560 이연법인세자산 1,931,112,457 1,861,340,161
다산네트웍스 039560 자산총계 235,891,344,924 235,773,847,028
다산네트웍스 039560 유동부채 59,128,805,658 65,553,217,809
다산네트웍스 039560 단기매입채무 0 0
다산네트웍스 039560 단기차입금 25,089,288,798 23,909,210,774
다산네트웍스 039560 유동성장기차입금 4,382,307,200 7,986,906,400
다산네트웍스 039560 유동성사채 0 0
다산네트웍스 039560 기타유동금융부채 10,837,344,376 9,208,134,324
다산네트웍스 039560 기타유동부채 3,256,486,212 4,123,995,112
다산네트웍스 039560 당기법인세부채 0 0
다산네트웍스 039560 유동리스부채 0 0
다산네트웍스 039560 비유동부채 17,436,844,704 21,453,119,513
다산네트웍스 039560 사채 0 0
다산네트웍스 039560 장기차입금 1,222,100,000 1,388,750,000
다산네트웍스 039560 기타비유동금융부채 3,188,707,329 3,183,539,362
다산네트웍스 039560 이연법인세부채 0 0
다산네트웍스 039560 비유동리스부채 0 0
다산네트웍스 039560 부채총계 76,565,650,362 87,006,337,322
다산네트웍스 039560 자본금 16,206,051,500 15,826,739,500
다산네트웍스 039560 자본잉여금 164,857,858,123 156,783,257,694
다산네트웍스 039560 자본조정 0 0
다산네트웍스 039560 기타포괄손익누계액 0 0
다산네트웍스 039560 이익잉여금(결손금) -21,471,553,140 -23,823,200,069
다산네트웍스 039560 자본총계 159,325,694,562 148,767,509,706
다산네트웍스 039560 자본과부채총계 235,891,344,924 235,773,847,028
