date : 2019-03-31
나노엔텍 039860 비유동자산 19,502,350,615 19,649,201,958
나노엔텍 039860 유형자산 13,230,563,195 13,403,198,203
나노엔텍 039860 무형자산 5,253,367,963 5,228,296,798
나노엔텍 039860 유동자산 25,361,033,631 26,007,856,564
나노엔텍 039860 재고자산 6,814,296,555 5,679,160,498
나노엔텍 039860 매출채권 및 기타유동채권
나노엔텍 039860 현금및현금성자산 5,392,326,891 6,459,797,868
나노엔텍 039860 자산총계 44,863,384,246 45,657,058,522
나노엔텍 039860 자본금 13,146,395,000 13,146,395,000
나노엔텍 039860 자본잉여금 27,589,153,912 27,589,153,912
나노엔텍 039860 자본총계 38,825,034,877 38,716,208,734
나노엔텍 039860 비유동부채 1,904,413,789 1,794,223,932
나노엔텍 039860 장기차입금 0 0
나노엔텍 039860 유동부채 4,133,935,580 5,146,625,856
나노엔텍 039860 유동성장기차입금 1,310,000,000 1,310,015,960
나노엔텍 039860 부채총계 6,038,349,369 6,940,849,788
나노엔텍 039860 자본과부채총계 44,863,384,246 45,657,058,522
