date : 2019-03-31
누리텔레콤 040160 유동자산 60,717,219,160 61,520,747,012
누리텔레콤 040160 현금및현금성자산 9,652,315,378 9,152,376,207
누리텔레콤 040160 재고자산 20,077,737,494 23,926,940,408
누리텔레콤 040160 기타유동금융자산 60,974,117 117,841,562
누리텔레콤 040160 기타유동자산 4,068,827,269 4,871,783,470
누리텔레콤 040160 비유동자산 52,958,686,383 52,953,100,462
누리텔레콤 040160 장기금융상품 741,178,340 737,578,340
누리텔레콤 040160 기타포괄손익-공정가치 측정 금융자산
누리텔레콤 040160 이연법인세자산 3,129,828,215 3,131,329,574
누리텔레콤 040160 유형자산 12,624,095,048 12,454,751,710
누리텔레콤 040160 무형자산 1,025,926,950 1,090,161,519
누리텔레콤 040160 기타비유동금융자산 1,926,908,444 1,838,594,764
누리텔레콤 040160 자산총계 113,675,905,543 114,473,847,474
누리텔레콤 040160 유동부채 44,224,675,943 43,574,130,054
누리텔레콤 040160 단기차입금 16,376,428,214 16,180,661,060
누리텔레콤 040160 당기법인세부채 5,537,101,687 5,537,101,687
누리텔레콤 040160 기타유동금융부채 585,962,600 0
누리텔레콤 040160 기타유동부채 4,687,750,087 4,480,690,244
누리텔레콤 040160 비유동부채 8,859,590,612 10,503,867,410
누리텔레콤 040160 장기차입금 6,500,000,000 8,090,000,000
누리텔레콤 040160 기타비유동금융부채 100,000,000 100,000,000
누리텔레콤 040160 부채총계 53,084,266,555 54,077,997,464
누리텔레콤 040160 자본금 6,027,767,500 6,027,767,500
누리텔레콤 040160 이익잉여금(결손금) 19,955,312,415 19,764,846,439
누리텔레콤 040160 자본총계 60,591,638,988 60,395,850,010
누리텔레콤 040160 자본과부채총계 113,675,905,543 114,473,847,474
