date : 2015-12-31
YTN 040300 유동자산 46,502,318,602 110,112,494,584
YTN 040300 현금및현금성자산 11,664,038,451 55,502,117,013
YTN 040300 매출채권 및 기타채권
YTN 040300 재고자산 438,476,024 265,867,696
YTN 040300 기타유동금융자산 618,127,350 666,397,965
YTN 040300 기타유동자산 0 0
YTN 040300 매각예정비유동자산 0 0
YTN 040300 비유동자산 257,167,500,458 230,037,930,336
YTN 040300 장기금융상품 0 0
YTN 040300 기타포괄손익-공정가치 0 0
YTN 040300 당기손익인식공정가치측정금융자산 0 0
YTN 040300 종속회사투자 0 0
YTN 040300 관계회사투자 0 0
YTN 040300 렌탈자산 0 0
YTN 040300 유형자산 80,787,291,420 75,266,066,777
YTN 040300 무형자산 20,007,412,172 18,071,407,205
YTN 040300 기타비유동금융자산 1,014,055,231 1,211,988,736
YTN 040300 기타비유동자산 0 0
YTN 040300 사용권자산 0 0
YTN 040300 이연법인세자산 16,201,000,417 14,594,744,146
YTN 040300 자산총계 303,669,819,060 340,150,424,920
YTN 040300 유동부채 27,229,914,977 64,501,411,963
YTN 040300 단기매입채무 0 0
YTN 040300 단기차입금 10,000,000,000 20,000,000,000
YTN 040300 유동성장기차입금 0 0
YTN 040300 유동성사채 0 0
YTN 040300 기타유동금융부채 0 0
YTN 040300 기타유동부채 0 0
YTN 040300 당기법인세부채 0 0
YTN 040300 유동리스부채 0 0
YTN 040300 비유동부채 99,013,552,206 88,968,055,883
YTN 040300 사채 49,916,314,021 49,875,586,089
YTN 040300 장기차입금 0 0
YTN 040300 기타비유동금융부채 0 0
YTN 040300 이연법인세부채 0 0
YTN 040300 비유동리스부채 0 0
YTN 040300 부채총계 126,243,467,183 153,469,467,846
YTN 040300 자본금 42,000,000,000 42,000,000,000
YTN 040300 자본잉여금 73,931,756,727 73,931,756,727
YTN 040300 자본조정 0 0
YTN 040300 기타포괄손익누계액 -3,724,954,525 -405,733,671
YTN 040300 이익잉여금(결손금) 0 0
YTN 040300 자본총계 177,426,351,877 186,680,957,074
YTN 040300 자본과부채총계 303,669,819,060 340,150,424,920
date : 2016-03-31
YTN 040300 유동자산 41,046,523,328 46,502,318,602
YTN 040300 현금및현금성자산 13,052,018,596 11,664,038,451
YTN 040300 매출채권 및 기타채권
YTN 040300 재고자산 444,029,468 438,476,024
YTN 040300 기타유동금융자산 602,305,377 618,127,350
YTN 040300 기타유동자산 0 0
YTN 040300 매각예정비유동자산 0 0
YTN 040300 비유동자산 259,503,687,671 257,167,500,458
YTN 040300 장기금융상품 0 0
YTN 040300 기타포괄손익-공정가치 0 0
YTN 040300 당기손익인식공정가치측정금융자산 0 0
YTN 040300 종속회사투자 0 0
YTN 040300 관계회사투자 0 0
YTN 040300 렌탈자산 0 0
YTN 040300 유형자산 68,148,751,078 80,787,291,420
YTN 040300 무형자산 19,806,976,972 20,007,412,172
YTN 040300 기타비유동금융자산 915,048,531 1,014,055,231
YTN 040300 기타비유동자산 0 0
YTN 040300 사용권자산 0 0
YTN 040300 이연법인세자산 16,201,000,417 16,201,000,417
YTN 040300 자산총계 300,550,210,999 303,669,819,060
YTN 040300 유동부채 24,454,567,252 27,229,914,977
YTN 040300 단기매입채무 0 0
YTN 040300 단기차입금 10,000,000,000 10,000,000,000
YTN 040300 유동성장기차입금 0 0
YTN 040300 유동성사채 0 0
YTN 040300 기타유동금융부채 0 0
YTN 040300 기타유동부채 0 0
YTN 040300 당기법인세부채 0 0
YTN 040300 유동리스부채 0 0
YTN 040300 비유동부채 101,790,951,461 99,013,552,206
YTN 040300 사채 49,926,692,430 49,916,314,021
YTN 040300 장기차입금 0 0
YTN 040300 기타비유동금융부채 0 0
YTN 040300 이연법인세부채 0 0
YTN 040300 비유동리스부채 0 0
YTN 040300 부채총계 126,245,518,713 126,243,467,183
YTN 040300 자본금 42,000,000,000 42,000,000,000
YTN 040300 자본잉여금 73,931,756,727 73,931,756,727
YTN 040300 자본조정 0 0
YTN 040300 기타포괄손익누계액 -3,094,926,335 -3,724,954,525
YTN 040300 이익잉여금(결손금) 0 0
YTN 040300 자본총계 174,304,692,286 177,426,351,877
YTN 040300 자본과부채총계 300,550,210,999 303,669,819,060
date : 2016-06-30
YTN 040300 유동자산 39,348,142,182 46,502,318,602
YTN 040300 현금및현금성자산 9,817,440,241 11,664,038,451
YTN 040300 매출채권 및 기타채권
YTN 040300 재고자산 443,393,506 438,476,024
YTN 040300 기타유동금융자산 577,410,628 618,127,350
YTN 040300 기타유동자산 0 0
YTN 040300 매각예정비유동자산 0 0
YTN 040300 비유동자산 260,506,298,831 257,167,500,458
YTN 040300 장기금융상품 0 0
YTN 040300 기타포괄손익-공정가치 0 0
YTN 040300 당기손익인식공정가치측정금융자산 0 0
YTN 040300 종속회사투자 0 0
YTN 040300 관계회사투자 0 0
YTN 040300 렌탈자산 0 0
YTN 040300 유형자산 67,096,093,037 80,787,291,420
YTN 040300 무형자산 19,508,098,439 20,007,412,172
YTN 040300 기타비유동금융자산 925,048,531 1,014,055,231
YTN 040300 기타비유동자산 0 0
YTN 040300 사용권자산 0 0
YTN 040300 이연법인세자산 15,764,414,621 16,201,000,417
YTN 040300 자산총계 299,854,441,013 303,669,819,060
YTN 040300 유동부채 17,575,071,718 27,229,914,977
YTN 040300 단기매입채무 0 0
YTN 040300 단기차입금 0 10,000,000,000
YTN 040300 유동성장기차입금 0 0
YTN 040300 유동성사채 0 0
YTN 040300 기타유동금융부채 0 0
YTN 040300 기타유동부채 0 0
YTN 040300 당기법인세부채 0 0
YTN 040300 유동리스부채 0 0
YTN 040300 비유동부채 103,906,226,878 99,013,552,206
YTN 040300 사채 49,937,061,959 49,916,314,021
YTN 040300 장기차입금 0 0
YTN 040300 기타비유동금융부채 0 0
YTN 040300 이연법인세부채 0 0
YTN 040300 비유동리스부채 0 0
YTN 040300 부채총계 121,481,298,596 126,243,467,183
YTN 040300 자본금 42,000,000,000 42,000,000,000
YTN 040300 자본잉여금 73,931,756,727 73,931,756,727
YTN 040300 자본조정 0 0
YTN 040300 기타포괄손익누계액 -926,532,633 -3,724,954,525
YTN 040300 이익잉여금(결손금) 0 0
YTN 040300 자본총계 178,373,142,417 177,426,351,877
YTN 040300 자본과부채총계 299,854,441,013 303,669,819,060
date : 2016-09-30
YTN 040300 유동자산 39,591,399,739 46,502,318,602
YTN 040300 현금및현금성자산 8,976,454,932 11,664,038,451
YTN 040300 매출채권 및 기타채권
YTN 040300 재고자산 556,274,078 438,476,024
YTN 040300 기타유동금융자산 574,097,396 618,127,350
YTN 040300 기타유동자산 0 0
YTN 040300 매각예정비유동자산 0 0
YTN 040300 비유동자산 255,014,442,581 257,167,500,458
YTN 040300 장기금융상품 0 0
YTN 040300 기타포괄손익-공정가치 0 0
YTN 040300 당기손익인식공정가치측정금융자산 0 0
YTN 040300 종속회사투자 0 0
YTN 040300 관계회사투자 0 0
YTN 040300 렌탈자산 0 0
YTN 040300 유형자산 66,214,476,303 80,787,291,420
YTN 040300 무형자산 19,518,638,645 20,007,412,172
YTN 040300 기타비유동금융자산 900,528,391 1,014,055,231
YTN 040300 기타비유동자산 0 0
YTN 040300 사용권자산 0 0
YTN 040300 이연법인세자산 15,340,768,777 16,201,000,417
YTN 040300 자산총계 294,605,842,320 303,669,819,060
YTN 040300 유동부채 16,304,342,454 27,229,914,977
YTN 040300 단기매입채무 0 0
YTN 040300 단기차입금 0 10,000,000,000
YTN 040300 유동성장기차입금 0 0
YTN 040300 유동성사채 0 0
YTN 040300 기타유동금융부채 0 0
YTN 040300 기타유동부채 0 0
YTN 040300 당기법인세부채 0 0
YTN 040300 유동리스부채 0 0
YTN 040300 비유동부채 105,700,836,242 99,013,552,206
YTN 040300 사채 49,947,651,068 49,916,314,021
YTN 040300 장기차입금 0 0
YTN 040300 기타비유동금융부채 0 0
YTN 040300 이연법인세부채 0 0
YTN 040300 비유동리스부채 0 0
YTN 040300 부채총계 122,005,178,696 126,243,467,183
YTN 040300 자본금 42,000,000,000 42,000,000,000
YTN 040300 자본잉여금 73,931,756,727 73,931,756,727
YTN 040300 자본조정 0 0
YTN 040300 기타포괄손익누계액 -3,547,592,915 -3,724,954,525
YTN 040300 이익잉여금(결손금) 0 0
YTN 040300 자본총계 172,600,663,624 177,426,351,877
YTN 040300 자본과부채총계 294,605,842,320 303,669,819,060
date : 2016-12-31
YTN 040300 유동자산 55,177,962,136 46,502,318,602
YTN 040300 현금및현금성자산 14,800,123,188 11,664,038,451
YTN 040300 매출채권 및 기타채권
YTN 040300 재고자산 457,730,240 438,476,024
YTN 040300 기타유동금융자산 586,187,054 618,127,350
YTN 040300 기타유동자산 0 0
YTN 040300 매각예정비유동자산 0 0
YTN 040300 비유동자산 256,398,395,295 257,167,500,458
YTN 040300 장기금융상품 0 0
YTN 040300 기타포괄손익-공정가치 0 0
YTN 040300 당기손익인식공정가치측정금융자산 0 0
YTN 040300 종속회사투자 0 0
YTN 040300 관계회사투자 0 0
YTN 040300 렌탈자산 0 0
YTN 040300 유형자산 66,676,227,272 80,787,291,420
YTN 040300 무형자산 19,314,184,456 20,007,412,172
YTN 040300 기타비유동금융자산 860,063,580 1,014,055,231
YTN 040300 기타비유동자산 0 0
YTN 040300 사용권자산 0 0
YTN 040300 이연법인세자산 17,822,543,203 16,201,000,417
YTN 040300 자산총계 311,576,357,431 303,669,819,060
YTN 040300 유동부채 69,820,562,841 27,229,914,977
YTN 040300 단기매입채무 0 0
YTN 040300 단기차입금 0 10,000,000,000
YTN 040300 유동성장기차입금 0 0
YTN 040300 유동성사채 49,958,447,589 0
YTN 040300 기타유동금융부채 0 0
YTN 040300 기타유동부채 0 0
YTN 040300 당기법인세부채 0 0
YTN 040300 유동리스부채 0 0
YTN 040300 비유동부채 58,292,215,963 99,013,552,206
YTN 040300 사채 0 49,916,314,021
YTN 040300 장기차입금 0 0
YTN 040300 기타비유동금융부채 0 0
YTN 040300 이연법인세부채 0 0
YTN 040300 비유동리스부채 0 0
YTN 040300 부채총계 128,112,778,804 126,243,467,183
YTN 040300 자본금 42,000,000,000 42,000,000,000
YTN 040300 자본잉여금 73,931,756,727 73,931,756,727
YTN 040300 자본조정 0 0
YTN 040300 기타포괄손익누계액 -645,216,321 -3,724,954,525
YTN 040300 이익잉여금(결손금) 0 0
YTN 040300 자본총계 183,463,578,627 177,426,351,877
YTN 040300 자본과부채총계 311,576,357,431 303,669,819,060
date : 2017-03-31
YTN 040300 유동자산 49,209,746,593 55,177,962,136
YTN 040300 현금및현금성자산 13,406,142,495 14,800,123,188
YTN 040300 매출채권 및 기타채권
YTN 040300 재고자산 464,547,544 457,730,240
YTN 040300 기타유동금융자산 606,678,275 586,187,054
YTN 040300 기타유동자산 0 0
YTN 040300 매각예정비유동자산 0 0
YTN 040300 비유동자산 256,452,740,074 256,398,395,295
YTN 040300 장기금융상품 0 0
YTN 040300 기타포괄손익-공정가치 0 0
YTN 040300 당기손익인식공정가치측정금융자산 0 0
YTN 040300 종속회사투자 0 0
YTN 040300 관계회사투자 0 0
YTN 040300 렌탈자산 0 0
YTN 040300 유형자산 68,007,053,903 66,676,227,272
YTN 040300 무형자산 19,091,059,369 19,314,184,456
YTN 040300 기타비유동금융자산 914,251,138 860,063,580
YTN 040300 기타비유동자산 0 0
YTN 040300 사용권자산 0 0
YTN 040300 이연법인세자산 17,822,543,203 17,822,543,203
YTN 040300 자산총계 305,662,486,667 311,576,357,431
YTN 040300 유동부채 70,264,551,620 69,820,562,841
YTN 040300 단기매입채무 0 0
YTN 040300 단기차입금 0 0
YTN 040300 유동성장기차입금 0 0
YTN 040300 유동성사채 49,969,152,712 49,958,447,589
YTN 040300 기타유동금융부채 0 0
YTN 040300 기타유동부채 0 0
YTN 040300 당기법인세부채 0 0
YTN 040300 유동리스부채 0 0
YTN 040300 비유동부채 60,173,238,735 58,292,215,963
YTN 040300 사채 0 0
YTN 040300 장기차입금 0 0
YTN 040300 기타비유동금융부채 0 0
YTN 040300 이연법인세부채 0 0
YTN 040300 비유동리스부채 0 0
YTN 040300 부채총계 130,437,790,355 128,112,778,804
YTN 040300 자본금 42,000,000,000 42,000,000,000
YTN 040300 자본잉여금 73,931,756,727 73,931,756,727
YTN 040300 자본조정 0 0
YTN 040300 기타포괄손익누계액 -943,708,881 -645,216,321
YTN 040300 이익잉여금(결손금) 0 0
YTN 040300 자본총계 175,224,696,312 183,463,578,627
YTN 040300 자본과부채총계 305,662,486,667 311,576,357,431
date : 2017-06-30
YTN 040300 유동자산 52,703,462,938 55,177,962,136
YTN 040300 현금및현금성자산 10,243,634,700 14,800,123,188
YTN 040300 매출채권 및 기타채권
YTN 040300 재고자산 425,837,099 457,730,240
YTN 040300 기타유동금융자산 631,957,068 586,187,054
YTN 040300 기타유동자산 0 0
YTN 040300 매각예정비유동자산 0 0
YTN 040300 비유동자산 256,924,273,523 256,398,395,295
YTN 040300 장기금융상품 0 0
YTN 040300 기타포괄손익-공정가치 0 0
YTN 040300 당기손익인식공정가치측정금융자산 0 0
YTN 040300 종속회사투자 0 0
YTN 040300 관계회사투자 0 0
YTN 040300 렌탈자산 0 0
YTN 040300 유형자산 66,985,670,529 66,676,227,272
YTN 040300 무형자산 18,866,378,782 19,314,184,456
YTN 040300 기타비유동금융자산 914,251,138 860,063,580
YTN 040300 기타비유동자산 0 0
YTN 040300 사용권자산 0 0
YTN 040300 이연법인세자산 18,497,576,079 17,822,543,203
YTN 040300 자산총계 309,627,736,461 311,576,357,431
YTN 040300 유동부채 67,025,355,966 69,820,562,841
YTN 040300 단기매입채무 0 0
YTN 040300 단기차입금 0 0
YTN 040300 유동성장기차입금 0 0
YTN 040300 유동성사채 49,979,869,620 49,958,447,589
YTN 040300 기타유동금융부채 0 0
YTN 040300 기타유동부채 0 0
YTN 040300 당기법인세부채 0 0
YTN 040300 유동리스부채 0 0
YTN 040300 비유동부채 61,928,320,534 58,292,215,963
YTN 040300 사채 0 0
YTN 040300 장기차입금 0 0
YTN 040300 기타비유동금융부채 0 0
YTN 040300 이연법인세부채 0 0
YTN 040300 비유동리스부채 0 0
YTN 040300 부채총계 128,953,676,500 128,112,778,804
YTN 040300 자본금 42,000,000,000 42,000,000,000
YTN 040300 자본잉여금 73,931,756,727 73,931,756,727
YTN 040300 자본조정 0 0
YTN 040300 기타포괄손익누계액 -271,433,344 -645,216,321
YTN 040300 이익잉여금(결손금) 0 0
YTN 040300 자본총계 180,674,059,961 183,463,578,627
YTN 040300 자본과부채총계 309,627,736,461 311,576,357,431
date : 2017-09-30
YTN 040300 유동자산 56,431,884,618 55,177,962,136
YTN 040300 현금및현금성자산 10,435,198,293 14,800,123,188
YTN 040300 매출채권 및 기타채권
YTN 040300 재고자산 372,027,786 457,730,240
YTN 040300 기타유동금융자산 622,036,310 586,187,054
YTN 040300 기타유동자산 0 0
YTN 040300 매각예정비유동자산 0 0
YTN 040300 비유동자산 253,221,560,391 256,398,395,295
YTN 040300 장기금융상품 0 0
YTN 040300 기타포괄손익-공정가치 0 0
YTN 040300 당기손익인식공정가치측정금융자산 0 0
YTN 040300 종속회사투자 0 0
YTN 040300 관계회사투자 0 0
YTN 040300 렌탈자산 0 0
YTN 040300 유형자산 65,683,526,072 66,676,227,272
YTN 040300 무형자산 18,666,261,447 19,314,184,456
YTN 040300 기타비유동금융자산 935,251,138 860,063,580
YTN 040300 기타비유동자산 0 0
YTN 040300 사용권자산 0 0
YTN 040300 이연법인세자산 17,650,409,893 17,822,543,203
YTN 040300 자산총계 309,653,445,009 311,576,357,431
YTN 040300 유동부채 66,672,248,769 69,820,562,841
YTN 040300 단기매입채무 0 0
YTN 040300 단기차입금 0 0
YTN 040300 유동성장기차입금 0 0
YTN 040300 유동성사채 49,990,813,466 49,958,447,589
YTN 040300 기타유동금융부채 0 0
YTN 040300 기타유동부채 0 0
YTN 040300 당기법인세부채 0 0
YTN 040300 유동리스부채 0 0
YTN 040300 비유동부채 63,376,623,309 58,292,215,963
YTN 040300 사채 0 0
YTN 040300 장기차입금 0 0
YTN 040300 기타비유동금융부채 0 0
YTN 040300 이연법인세부채 0 0
YTN 040300 비유동리스부채 0 0
YTN 040300 부채총계 130,048,872,078 128,112,778,804
YTN 040300 자본금 42,000,000,000 42,000,000,000
YTN 040300 자본잉여금 73,931,756,727 73,931,756,727
YTN 040300 자본조정 0 0
YTN 040300 기타포괄손익누계액 -236,959,716 -645,216,321
YTN 040300 이익잉여금(결손금) 0 0
YTN 040300 자본총계 179,604,572,931 183,463,578,627
YTN 040300 자본과부채총계 309,653,445,009 311,576,357,431
date : 2017-12-31
YTN 040300 유동자산 50,903,948,041 55,177,962,136
YTN 040300 현금및현금성자산 10,213,292,505 14,800,123,188
YTN 040300 매출채권 및 기타채권
YTN 040300 재고자산 438,399,239 457,730,240
YTN 040300 기타유동금융자산 587,150,572 586,187,054
YTN 040300 기타유동자산 0 0
YTN 040300 매각예정비유동자산 0 0
YTN 040300 비유동자산 247,255,285,601 256,398,395,295
YTN 040300 장기금융상품 0 0
YTN 040300 기타포괄손익-공정가치 0 0
YTN 040300 당기손익인식공정가치측정금융자산 0 0
YTN 040300 종속회사투자 0 0
YTN 040300 관계회사투자 0 0
YTN 040300 렌탈자산 0 0
YTN 040300 유형자산 65,152,340,994 66,676,227,272
YTN 040300 무형자산 18,606,336,803 19,314,184,456
YTN 040300 기타비유동금융자산 924,251,138 860,063,580
YTN 040300 기타비유동자산 0 0
YTN 040300 사용권자산 0 0
YTN 040300 이연법인세자산 19,857,007,561 17,822,543,203
YTN 040300 자산총계 298,159,233,642 311,576,357,431
YTN 040300 유동부채 43,798,951,803 69,820,562,841
YTN 040300 단기매입채무 0 0
YTN 040300 단기차입금 15,000,000,000 0
YTN 040300 유동성장기차입금 2,499,999,996 0
YTN 040300 유동성사채 0 49,958,447,589
YTN 040300 기타유동금융부채 0 0
YTN 040300 기타유동부채 0 0
YTN 040300 당기법인세부채 0 0
YTN 040300 유동리스부채 0 0
YTN 040300 비유동부채 63,858,779,177 58,292,215,963
YTN 040300 사채 0 0
YTN 040300 장기차입금 2,291,666,671 0
YTN 040300 기타비유동금융부채 0 0
YTN 040300 이연법인세부채 0 0
YTN 040300 비유동리스부채 0 0
YTN 040300 부채총계 107,657,730,980 128,112,778,804
YTN 040300 자본금 42,000,000,000 42,000,000,000
YTN 040300 자본잉여금 73,931,756,727 73,931,756,727
YTN 040300 자본조정 0 0
YTN 040300 기타포괄손익누계액 -90,448,649 -645,216,321
YTN 040300 이익잉여금(결손금) 0 0
YTN 040300 자본총계 190,501,502,662 183,463,578,627
YTN 040300 자본과부채총계 298,159,233,642 311,576,357,431
date : 2018-03-31
YTN 040300 유동자산 43,333,933,011 50,903,948,041
YTN 040300 현금및현금성자산 9,957,005,210 10,213,292,505
YTN 040300 매출채권 및 기타채권
YTN 040300 재고자산 498,089,572 438,399,239
YTN 040300 기타유동금융자산 599,443,438 587,150,572
YTN 040300 기타유동자산 0 0
YTN 040300 매각예정비유동자산 0 0
YTN 040300 비유동자산 245,137,552,248 247,255,285,601
YTN 040300 장기금융상품 0 0
YTN 040300 기타포괄손익-공정가치 0 0
YTN 040300 당기손익인식공정가치측정금융자산 0 0
YTN 040300 종속회사투자 0 0
YTN 040300 관계회사투자 0 0
YTN 040300 렌탈자산 0 0
YTN 040300 유형자산 63,863,924,480 65,152,340,994
YTN 040300 무형자산 18,496,415,585 18,606,336,803
YTN 040300 기타비유동금융자산 924,489,878 924,251,138
YTN 040300 기타비유동자산 0 0
YTN 040300 사용권자산 0 0
YTN 040300 이연법인세자산 19,857,007,561 19,857,007,561
YTN 040300 자산총계 288,471,485,259 298,159,233,642
YTN 040300 유동부채 38,139,810,558 43,798,951,803
YTN 040300 단기매입채무 0 0
YTN 040300 단기차입금 10,000,000,000 15,000,000,000
YTN 040300 유동성장기차입금 2,499,999,996 2,499,999,996
YTN 040300 유동성사채 0 0
YTN 040300 기타유동금융부채 0 0
YTN 040300 기타유동부채 0 0
YTN 040300 당기법인세부채 0 0
YTN 040300 유동리스부채 0 0
YTN 040300 비유동부채 62,778,662,343 63,858,779,177
YTN 040300 사채 0 0
YTN 040300 장기차입금 1,666,666,672 2,291,666,671
YTN 040300 기타비유동금융부채 0 0
YTN 040300 이연법인세부채 0 0
YTN 040300 비유동리스부채 0 0
YTN 040300 부채총계 100,918,472,901 107,657,730,980
YTN 040300 자본금 42,000,000,000 42,000,000,000
YTN 040300 자본잉여금 73,931,756,727 73,931,756,727
YTN 040300 자본조정 0 0
YTN 040300 기타포괄손익누계액 -1,070,092,879 -90,448,649
YTN 040300 이익잉여금(결손금) 0 0
YTN 040300 자본총계 187,553,012,358 190,501,502,662
YTN 040300 자본과부채총계 288,471,485,259 298,159,233,642
date : 2018-06-30
YTN 040300 유동자산 39,702,404,168 50,903,948,041
YTN 040300 현금및현금성자산 10,148,582,885 10,213,292,505
YTN 040300 매출채권 및 기타채권
YTN 040300 재고자산 582,129,733 438,399,239
YTN 040300 기타유동금융자산 578,016,726 587,150,572
YTN 040300 기타유동자산 0 0
YTN 040300 매각예정비유동자산 0 0
YTN 040300 비유동자산 244,613,753,192 247,255,285,601
YTN 040300 장기금융상품 0 0
YTN 040300 기타포괄손익-공정가치 0 0
YTN 040300 당기손익인식공정가치측정금융자산 0 0
YTN 040300 종속회사투자 0 0
YTN 040300 관계회사투자 0 0
YTN 040300 렌탈자산 0 0
YTN 040300 유형자산 62,700,614,063 65,152,340,994
YTN 040300 무형자산 18,563,120,886 18,606,336,803
YTN 040300 기타비유동금융자산 924,489,878 924,251,138
YTN 040300 기타비유동자산 0 0
YTN 040300 사용권자산 0 0
YTN 040300 이연법인세자산 20,808,515,534 19,857,007,561
YTN 040300 자산총계 284,316,157,360 298,159,233,642
YTN 040300 유동부채 29,904,505,326 43,798,951,803
YTN 040300 단기매입채무 0 0
YTN 040300 단기차입금 5,000,000,000 15,000,000,000
YTN 040300 유동성장기차입금 2,499,999,996 2,499,999,996
YTN 040300 유동성사채 0 0
YTN 040300 기타유동금융부채 0 0
YTN 040300 기타유동부채 0 0
YTN 040300 당기법인세부채 0 0
YTN 040300 유동리스부채 0 0
YTN 040300 비유동부채 64,025,251,541 63,858,779,177
YTN 040300 사채 0 0
YTN 040300 장기차입금 1,041,666,673 2,291,666,671
YTN 040300 기타비유동금융부채 0 0
YTN 040300 이연법인세부채 0 0
YTN 040300 비유동리스부채 0 0
YTN 040300 부채총계 93,929,756,867 107,657,730,980
YTN 040300 자본금 42,000,000,000 42,000,000,000
YTN 040300 자본잉여금 73,931,756,727 73,931,756,727
YTN 040300 자본조정 0 0
YTN 040300 기타포괄손익누계액 -1,037,258,989 -90,448,649
YTN 040300 이익잉여금(결손금) 75,491,902,755 74,660,194,584
YTN 040300 자본총계 190,386,400,493 190,501,502,662
YTN 040300 자본과부채총계 284,316,157,360 298,159,233,642
date : 2018-09-30
YTN 040300 유동자산 36,941,765,667 50,903,948,041
YTN 040300 현금및현금성자산 3,777,128,225 10,213,292,505
YTN 040300 매출채권 및 기타채권
YTN 040300 재고자산 521,495,543 438,399,239
YTN 040300 기타유동금융자산 584,013,184 587,150,572
YTN 040300 기타유동자산 0 0
YTN 040300 매각예정비유동자산 0 0
YTN 040300 비유동자산 243,174,189,247 247,255,285,601
YTN 040300 장기금융상품 0 0
YTN 040300 기타포괄손익-공정가치 0 0
YTN 040300 당기손익인식공정가치측정금융자산 0 0
YTN 040300 종속회사투자 0 0
YTN 040300 관계회사투자 0 0
YTN 040300 렌탈자산 0 0
YTN 040300 유형자산 62,088,243,419 65,152,340,994
YTN 040300 무형자산 18,323,406,354 18,606,336,803
YTN 040300 기타비유동금융자산 874,489,878 924,251,138
YTN 040300 기타비유동자산 0 0
YTN 040300 사용권자산 0 0
YTN 040300 이연법인세자산 20,808,515,534 19,857,007,561
YTN 040300 자산총계 280,115,954,914 298,159,233,642
YTN 040300 유동부채 28,280,915,099 43,798,951,803
YTN 040300 단기매입채무 0 0
YTN 040300 단기차입금 4,999,800,263 15,000,000,000
YTN 040300 유동성장기차입금 2,499,999,996 2,499,999,996
YTN 040300 유동성사채 0 0
YTN 040300 기타유동금융부채 0 0
YTN 040300 기타유동부채 0 0
YTN 040300 당기법인세부채 0 0
YTN 040300 유동리스부채 0 0
YTN 040300 비유동부채 65,359,373,863 63,858,779,177
YTN 040300 사채 0 0
YTN 040300 장기차입금 416,666,674 2,291,666,671
YTN 040300 기타비유동금융부채 0 0
YTN 040300 이연법인세부채 0 0
YTN 040300 비유동리스부채 0 0
YTN 040300 부채총계 93,640,288,962 107,657,730,980
YTN 040300 자본금 42,000,000,000 42,000,000,000
YTN 040300 자본잉여금 73,931,756,727 73,931,756,727
YTN 040300 자본조정 0 0
YTN 040300 기타포괄손익누계액 -977,251,327 -90,448,649
YTN 040300 이익잉여금(결손금) 0 0
YTN 040300 자본총계 186,475,665,952 190,501,502,662
YTN 040300 자본과부채총계 280,115,954,914 298,159,233,642
date : 2018-12-31
YTN 040300 유동자산 41,823,557,554 50,903,948,041
YTN 040300 현금및현금성자산 4,594,597,266 10,213,292,505
YTN 040300 매출채권 및 기타채권
YTN 040300 재고자산 379,134,469 438,399,239
YTN 040300 기타유동금융자산 44,896,048 587,150,572
YTN 040300 기타유동자산 0 0
YTN 040300 매각예정비유동자산 0 0
YTN 040300 비유동자산 243,463,024,110 247,255,285,601
YTN 040300 장기금융상품 0 0
YTN 040300 기타포괄손익-공정가치 0 0
YTN 040300 당기손익인식공정가치측정금융자산 0 0
YTN 040300 종속회사투자 0 0
YTN 040300 관계회사투자 0 0
YTN 040300 렌탈자산 0 0
YTN 040300 유형자산 61,201,521,930 65,152,340,994
YTN 040300 무형자산 18,134,514,021 18,606,336,803
YTN 040300 기타비유동금융자산 1,759,278,078 924,251,138
YTN 040300 기타비유동자산 0 0
YTN 040300 사용권자산 0 0
YTN 040300 이연법인세자산 22,152,716,278 19,857,007,561
YTN 040300 자산총계 285,286,581,664 298,159,233,642
YTN 040300 유동부채 27,351,329,600 43,798,951,803
YTN 040300 단기매입채무 0 0
YTN 040300 단기차입금 0 15,000,000,000
YTN 040300 유동성장기차입금 2,291,666,671 2,499,999,996
YTN 040300 유동성사채 0 0
YTN 040300 기타유동금융부채 0 0
YTN 040300 기타유동부채 0 0
YTN 040300 당기법인세부채 0 0
YTN 040300 유동리스부채 0 0
YTN 040300 비유동부채 69,701,701,813 63,858,779,177
YTN 040300 사채 0 0
YTN 040300 장기차입금 0 2,291,666,671
YTN 040300 기타비유동금융부채 0 0
YTN 040300 이연법인세부채 0 0
YTN 040300 비유동리스부채 0 0
YTN 040300 부채총계 97,053,031,413 107,657,730,980
YTN 040300 자본금 42,000,000,000 42,000,000,000
YTN 040300 자본잉여금 73,931,756,727 73,931,756,727
YTN 040300 자본조정 0 0
YTN 040300 기타포괄손익누계액 -867,070,367 -90,448,649
YTN 040300 이익잉여금(결손금) 0 0
YTN 040300 자본총계 188,233,550,251 190,501,502,662
YTN 040300 자본과부채총계 285,286,581,664 298,159,233,642
date : 2019-03-31
YTN 040300 유동자산 33,949,486,019 41,823,557,554
YTN 040300 현금및현금성자산 2,395,941,287 4,594,597,266
YTN 040300 매출채권 및 기타채권
YTN 040300 재고자산 500,345,223 379,134,469
YTN 040300 기타유동금융자산 64,799,808 44,896,048
YTN 040300 기타유동자산 0 0
YTN 040300 매각예정비유동자산 0 0
YTN 040300 비유동자산 242,047,194,322 243,463,024,110
YTN 040300 장기금융상품 0 0
YTN 040300 기타포괄손익-공정가치 0 0
YTN 040300 당기손익인식공정가치측정금융자산 0 0
YTN 040300 종속회사투자 0 0
YTN 040300 관계회사투자 0 0
YTN 040300 렌탈자산 0 0
YTN 040300 유형자산 60,217,310,093 61,201,521,930
YTN 040300 무형자산 17,355,029,939 18,134,514,021
YTN 040300 기타비유동금융자산 1,715,839,047 1,759,278,078
YTN 040300 기타비유동자산 0 0
YTN 040300 사용권자산 1,241,083,924 0
YTN 040300 이연법인세자산 22,152,716,278 22,152,716,278
YTN 040300 자산총계 275,996,680,341 285,286,581,664
YTN 040300 유동부채 23,344,191,803 27,351,329,600
YTN 040300 단기매입채무 0 0
YTN 040300 단기차입금 0 0
YTN 040300 유동성장기차입금 1,666,666,672 2,291,666,671
YTN 040300 유동성사채 0 0
YTN 040300 기타유동금융부채 0 0
YTN 040300 기타유동부채 0 0
YTN 040300 당기법인세부채 0 0
YTN 040300 유동리스부채 202,303,532 0
YTN 040300 비유동부채 71,408,445,362 69,701,701,813
YTN 040300 사채 0 0
YTN 040300 장기차입금 0 0
YTN 040300 기타비유동금융부채 0 0
YTN 040300 이연법인세부채 0 0
YTN 040300 비유동리스부채 1,042,901,141 0
YTN 040300 부채총계 94,752,637,165 97,053,031,413
YTN 040300 자본금 42,000,000,000 42,000,000,000
YTN 040300 자본잉여금 73,931,756,727 73,931,756,727
YTN 040300 자본조정 0 0
YTN 040300 기타포괄손익누계액 -905,908,967 -867,070,367
YTN 040300 이익잉여금(결손금) 0 0
YTN 040300 자본총계 181,244,043,176 188,233,550,251
YTN 040300 자본과부채총계 275,996,680,341 285,286,581,664
