date : 2019-03-31
카페24 042000 유동자산 60,861,995,779 96,162,134,074
카페24 042000 현금및현금성자산 45,886,486,131 67,947,718,007
카페24 042000 매출채권 12,838,137,800 12,224,315,424
카페24 042000 재고자산 103,096,264 198,804,006
카페24 042000 비유동자산 77,220,557,110 39,835,973,552
카페24 042000 유형자산 16,147,454,579 15,482,374,894
카페24 042000 무형자산 3,304,215,763 3,492,435,525
카페24 042000 이연법인세자산 1,204,438,764 1,449,729,029
카페24 042000 자산총계 138,082,552,889 135,998,107,626
카페24 042000 유동부채 29,153,239,032 28,243,315,214
카페24 042000 당기법인세부채 640,801,021 660,329,311
카페24 042000 비유동부채 1,980,184,591 1,674,474,145
카페24 042000 부채총계 31,133,423,623 29,917,789,359
카페24 042000 자본금 4,715,298,500 4,715,298,500
카페24 042000 자본잉여금 94,342,893,285 136,068,093,285
카페24 042000 기타포괄손익누계액 0 0
카페24 042000 자본총계 106,949,129,266 106,080,318,267
카페24 042000 자본과부채총계 138,082,552,889 135,998,107,626
