date : 2019-03-31
라온시큐어 042510 유동자산 15,457,083,469 19,043,059,362
라온시큐어 042510 현금및현금성자산 2,164,900,510 4,221,354,117
라온시큐어 042510 기타유동금융자산 6,019,036,074 5,019,036,074
라온시큐어 042510 매출채권 및 기타채권
라온시큐어 042510 기타유동자산 505,167,785 385,712,434
라온시큐어 042510 비유동자산 10,279,570,339 7,782,878,349
라온시큐어 042510 기타비유동금융자산 1,424,028,224 1,118,857,018
라온시큐어 042510 유형자산 3,297,773,432 984,217,805
라온시큐어 042510 무형자산 1,993,893,196 2,110,660,585
라온시큐어 042510 이연법인세자산 1,662,293,738 1,662,293,738
라온시큐어 042510 자산총계 25,736,653,808 26,825,937,711
라온시큐어 042510 유동부채 4,826,607,803 6,710,806,491
라온시큐어 042510 단기차입금 0 0
라온시큐어 042510 유동성장기차입금 137,490,000 183,320,000
라온시큐어 042510 기타유동부채 109,667,401 89,353,924
라온시큐어 042510 비유동부채 2,207,130,461 625,000,000
라온시큐어 042510 장기차입금 0 0
라온시큐어 042510 기타비유동금융부채 2,207,130,461 625,000,000
라온시큐어 042510 부채총계 7,033,738,264 7,335,806,491
라온시큐어 042510 자본금 15,904,806,000 15,904,806,000
라온시큐어 042510 이익잉여금(결손금) 9,220,175,965 10,007,391,641
라온시큐어 042510 자본총계 18,702,915,544 19,490,131,220
라온시큐어 042510 자본과부채총계 25,736,653,808 26,825,937,711
