date : 2015-12-31
팜스웰바이오 043090 유동자산 21,092,770,412 16,955,296,845
팜스웰바이오 043090 현금및현금성자산 6,787,630,879 5,679,458,656
팜스웰바이오 043090 매출채권 및 기타유동채권
팜스웰바이오 043090 재고자산 1,102,573,306 1,552,462,782
팜스웰바이오 043090 기타유동금융자산 1,569,675,251 811,342,500
팜스웰바이오 043090 기타유동자산 0 0
팜스웰바이오 043090 매각예정비유동자산 0 0
팜스웰바이오 043090 비유동자산 1,849,799,286 5,289,631,944
팜스웰바이오 043090 장기금융상품 0 0
팜스웰바이오 043090 기타포괄손익-공정가치 0 0
팜스웰바이오 043090 당기손익인식공정가치측정금융자산 0 0
팜스웰바이오 043090 종속회사투자 0 0
팜스웰바이오 043090 관계회사투자 0 0
팜스웰바이오 043090 렌탈자산 0 0
팜스웰바이오 043090 유형자산 180,744,121 205,068,381
팜스웰바이오 043090 무형자산 1,190,405,667 1,632,347,367
팜스웰바이오 043090 기타비유동금융자산 201,900,000 187,300,000
팜스웰바이오 043090 기타비유동자산 0 0
팜스웰바이오 043090 사용권자산 0 0
팜스웰바이오 043090 이연법인세자산 0 0
팜스웰바이오 043090 자산총계 22,942,569,698 22,244,928,789
팜스웰바이오 043090 유동부채 14,227,435,060 10,364,608,779
팜스웰바이오 043090 단기매입채무 0 0
팜스웰바이오 043090 단기차입금 10,613,479,756 6,934,799,800
팜스웰바이오 043090 유동성장기차입금 0 0
팜스웰바이오 043090 유동성사채 0 0
팜스웰바이오 043090 기타유동금융부채 42,085,190 54,614,450
팜스웰바이오 043090 기타유동부채 0 0
팜스웰바이오 043090 당기법인세부채 0 0
팜스웰바이오 043090 유동리스부채 0 0
팜스웰바이오 043090 비유동부채 109,091,670 2,607,173,993
팜스웰바이오 043090 사채 0 0
팜스웰바이오 043090 장기차입금 0 0
팜스웰바이오 043090 기타비유동금융부채 0 0
팜스웰바이오 043090 이연법인세부채 581,750,486 2,607,173,993
팜스웰바이오 043090 비유동리스부채 0 0
팜스웰바이오 043090 부채총계 14,336,526,730 12,971,782,772
팜스웰바이오 043090 자본금 11,366,223,000 9,999,113,500
팜스웰바이오 043090 자본잉여금 0 0
팜스웰바이오 043090 자본조정 0 0
팜스웰바이오 043090 기타포괄손익누계액 0 0
팜스웰바이오 043090 이익잉여금(결손금) -35,237,875,770 -25,917,854,584
팜스웰바이오 043090 자본총계 8,606,042,968 9,273,146,017
팜스웰바이오 043090 자본과부채총계 22,942,569,698 22,244,928,789
date : 2016-03-31
팜스웰바이오 043090 유동자산 21,058,084,481 21,092,770,412
팜스웰바이오 043090 현금및현금성자산 3,460,985,418 6,787,630,879
팜스웰바이오 043090 매출채권 및 기타유동채권
팜스웰바이오 043090 재고자산 1,565,031,909 1,102,573,306
팜스웰바이오 043090 기타유동금융자산 4,569,675,251 1,569,675,251
팜스웰바이오 043090 기타유동자산 0 0
팜스웰바이오 043090 매각예정비유동자산 0 0
팜스웰바이오 043090 비유동자산 2,580,348,694 1,849,799,286
팜스웰바이오 043090 장기금융상품 0 0
팜스웰바이오 043090 기타포괄손익-공정가치 0 0
팜스웰바이오 043090 당기손익인식공정가치측정금융자산 0 0
팜스웰바이오 043090 종속회사투자 0 0
팜스웰바이오 043090 관계회사투자 0 0
팜스웰바이오 043090 렌탈자산 0 0
팜스웰바이오 043090 유형자산 373,302,170 180,744,121
팜스웰바이오 043090 무형자산 1,169,142,263 1,190,405,667
팜스웰바이오 043090 기타비유동금융자산 201,900,000 1,190,405,667
팜스웰바이오 043090 기타비유동자산 0 0
팜스웰바이오 043090 사용권자산 0 0
팜스웰바이오 043090 이연법인세자산 0 0
팜스웰바이오 043090 자산총계 23,638,433,175 22,942,569,698
팜스웰바이오 043090 유동부채 13,779,514,830 14,227,435,060
팜스웰바이오 043090 단기매입채무 0 0
팜스웰바이오 043090 단기차입금 10,399,478,474 10,613,479,756
팜스웰바이오 043090 유동성장기차입금 0 0
팜스웰바이오 043090 유동성사채 0 0
팜스웰바이오 043090 기타유동금융부채 22,452,160 42,085,190
팜스웰바이오 043090 기타유동부채 0 0
팜스웰바이오 043090 당기법인세부채 0 0
팜스웰바이오 043090 유동리스부채 0 0
팜스웰바이오 043090 비유동부채 1,844,875,075 109,091,670
팜스웰바이오 043090 사채 0 0
팜스웰바이오 043090 장기차입금 0 0
팜스웰바이오 043090 기타비유동금융부채 0 0
팜스웰바이오 043090 이연법인세부채 0 109,091,670
팜스웰바이오 043090 비유동리스부채 0 0
팜스웰바이오 043090 부채총계 15,624,389,905 14,336,526,730
팜스웰바이오 043090 자본금 11,366,223,000 11,366,223,000
팜스웰바이오 043090 자본잉여금 0 0
팜스웰바이오 043090 자본조정 0 0
팜스웰바이오 043090 기타포괄손익누계액 0 0
팜스웰바이오 043090 이익잉여금(결손금) -36,075,238,953 -35,237,875,770
팜스웰바이오 043090 자본총계 8,014,043,270 8,606,042,968
팜스웰바이오 043090 자본과부채총계 23,638,433,175 22,942,569,698
date : 2016-06-30
팜스웰바이오 043090 유동자산 20,157,857,869 21,092,770,412
팜스웰바이오 043090 현금및현금성자산 3,274,161,209 6,787,630,879
팜스웰바이오 043090 매출채권 및 기타유동채권
팜스웰바이오 043090 재고자산 1,161,349,762 1,102,573,306
팜스웰바이오 043090 기타유동금융자산 4,569,675,251 1,569,675,251
팜스웰바이오 043090 기타유동자산 0 0
팜스웰바이오 043090 매각예정비유동자산 0 0
팜스웰바이오 043090 비유동자산 2,645,989,938 1,849,799,286
팜스웰바이오 043090 장기금융상품 0 0
팜스웰바이오 043090 기타포괄손익-공정가치 0 0
팜스웰바이오 043090 당기손익인식공정가치측정금융자산 0 0
팜스웰바이오 043090 종속회사투자 0 0
팜스웰바이오 043090 관계회사투자 0 0
팜스웰바이오 043090 렌탈자산 0 0
팜스웰바이오 043090 유형자산 373,438,562 180,744,121
팜스웰바이오 043090 무형자산 762,747,920 1,190,405,667
팜스웰바이오 043090 기타비유동금융자산 201,900,000 1,190,405,667
팜스웰바이오 043090 기타비유동자산 0 0
팜스웰바이오 043090 사용권자산 0 0
팜스웰바이오 043090 이연법인세자산 0 0
팜스웰바이오 043090 자산총계 22,803,847,807 22,942,569,698
팜스웰바이오 043090 유동부채 12,717,701,967 14,227,435,060
팜스웰바이오 043090 단기매입채무 0 0
팜스웰바이오 043090 단기차입금 9,219,887,975 10,613,479,756
팜스웰바이오 043090 유동성장기차입금 0 0
팜스웰바이오 043090 유동성사채 0 0
팜스웰바이오 043090 기타유동금융부채 25,824,327 42,085,190
팜스웰바이오 043090 기타유동부채 0 0
팜스웰바이오 043090 당기법인세부채 0 0
팜스웰바이오 043090 유동리스부채 0 0
팜스웰바이오 043090 비유동부채 109,091,670 109,091,670
팜스웰바이오 043090 사채 0 0
팜스웰바이오 043090 장기차입금 0 0
팜스웰바이오 043090 기타비유동금융부채 0 0
팜스웰바이오 043090 이연법인세부채 0 109,091,670
팜스웰바이오 043090 비유동리스부채 0 0
팜스웰바이오 043090 부채총계 12,826,793,637 14,336,526,730
팜스웰바이오 043090 자본금 11,621,318,500 11,366,223,000
팜스웰바이오 043090 자본잉여금 0 0
팜스웰바이오 043090 자본조정 0 0
팜스웰바이오 043090 기타포괄손익누계액 0 0
팜스웰바이오 043090 이익잉여금(결손금) -36,515,964,234 -35,237,875,770
팜스웰바이오 043090 자본총계 9,977,054,170 8,606,042,968
팜스웰바이오 043090 자본과부채총계 22,803,847,807 22,942,569,698
date : 2016-09-30
팜스웰바이오 043090 유동자산 18,156,299,954 21,092,770,412
팜스웰바이오 043090 현금및현금성자산 2,457,287,652 6,787,630,879
팜스웰바이오 043090 매출채권 및 기타유동채권
팜스웰바이오 043090 재고자산 1,393,594,099 1,102,573,306
팜스웰바이오 043090 기타유동금융자산 3,869,675,251 1,569,675,251
팜스웰바이오 043090 기타유동자산 0 0
팜스웰바이오 043090 매각예정비유동자산 0 0
팜스웰바이오 043090 비유동자산 3,122,487,429 1,849,799,286
팜스웰바이오 043090 장기금융상품 0 0
팜스웰바이오 043090 기타포괄손익-공정가치 0 0
팜스웰바이오 043090 당기손익인식공정가치측정금융자산 0 0
팜스웰바이오 043090 종속회사투자 0 0
팜스웰바이오 043090 관계회사투자 0 0
팜스웰바이오 043090 렌탈자산 0 0
팜스웰바이오 043090 유형자산 339,349,697 180,744,121
팜스웰바이오 043090 무형자산 744,317,153 1,190,405,667
팜스웰바이오 043090 기타비유동금융자산 201,900,000 1,190,405,667
팜스웰바이오 043090 기타비유동자산 0 0
팜스웰바이오 043090 사용권자산 0 0
팜스웰바이오 043090 이연법인세자산 0 0
팜스웰바이오 043090 자산총계 21,278,787,383 22,942,569,698
팜스웰바이오 043090 유동부채 10,975,557,120 14,227,435,060
팜스웰바이오 043090 단기매입채무 0 0
팜스웰바이오 043090 단기차입금 3,029,117,500 4,264,312,500
팜스웰바이오 043090 유동성장기차입금 0 0
팜스웰바이오 043090 유동성사채 0 0
팜스웰바이오 043090 기타유동금융부채 34,375,027 42,085,190
팜스웰바이오 043090 기타유동부채 0 0
팜스웰바이오 043090 당기법인세부채 0 0
팜스웰바이오 043090 유동리스부채 0 0
팜스웰바이오 043090 비유동부채 109,091,670 109,091,670
팜스웰바이오 043090 사채 2,502,210,839 109,091,670
팜스웰바이오 043090 장기차입금 0 0
팜스웰바이오 043090 기타비유동금융부채 0 0
팜스웰바이오 043090 이연법인세부채 0 0
팜스웰바이오 043090 비유동리스부채 0 0
팜스웰바이오 043090 부채총계 11,084,648,790 14,336,526,730
팜스웰바이오 043090 자본금 11,738,226,000 11,366,223,000
팜스웰바이오 043090 자본잉여금 0 0
팜스웰바이오 043090 자본조정 0 0
팜스웰바이오 043090 기타포괄손익누계액 0 0
팜스웰바이오 043090 이익잉여금(결손금) -37,360,866,994 -35,237,875,770
팜스웰바이오 043090 자본총계 10,194,138,593 8,606,042,968
팜스웰바이오 043090 자본과부채총계 21,278,787,383 22,942,569,698
date : 2016-12-31
팜스웰바이오 043090 유동자산 15,158,581,241 21,092,770,412
팜스웰바이오 043090 현금및현금성자산 3,208,873,563 6,787,630,879
팜스웰바이오 043090 매출채권 및 기타유동채권
팜스웰바이오 043090 재고자산 1,408,468,145 1,102,573,306
팜스웰바이오 043090 기타유동금융자산 1,369,675,251 1,569,675,251
팜스웰바이오 043090 기타유동자산 0 0
팜스웰바이오 043090 매각예정비유동자산 0 0
팜스웰바이오 043090 비유동자산 4,484,310,305 1,849,799,286
팜스웰바이오 043090 장기금융상품 0 0
팜스웰바이오 043090 기타포괄손익-공정가치 0 0
팜스웰바이오 043090 당기손익인식공정가치측정금융자산 0 0
팜스웰바이오 043090 종속회사투자 0 0
팜스웰바이오 043090 관계회사투자 0 0
팜스웰바이오 043090 렌탈자산 0 0
팜스웰바이오 043090 유형자산 302,596,984 180,744,121
팜스웰바이오 043090 무형자산 725,886,356 1,190,405,667
팜스웰바이오 043090 기타비유동금융자산 201,900,000 1,190,405,667
팜스웰바이오 043090 기타비유동자산 0 0
팜스웰바이오 043090 사용권자산 0 0
팜스웰바이오 043090 이연법인세자산 0 0
팜스웰바이오 043090 자산총계 19,642,891,546 22,942,569,698
팜스웰바이오 043090 유동부채 9,745,941,983 14,227,435,060
팜스웰바이오 043090 단기매입채무 0 0
팜스웰바이오 043090 단기차입금 2,427,058,700 4,264,312,500
팜스웰바이오 043090 유동성장기차입금 0 0
팜스웰바이오 043090 유동성사채 0 0
팜스웰바이오 043090 기타유동금융부채 47,165,347 42,085,190
팜스웰바이오 043090 기타유동부채 0 0
팜스웰바이오 043090 당기법인세부채 0 0
팜스웰바이오 043090 유동리스부채 0 0
팜스웰바이오 043090 비유동부채 85,719,641 109,091,670
팜스웰바이오 043090 사채 2,502,210,839 109,091,670
팜스웰바이오 043090 장기차입금 0 0
팜스웰바이오 043090 기타비유동금융부채 0 0
팜스웰바이오 043090 이연법인세부채 0 0
팜스웰바이오 043090 비유동리스부채 0 0
팜스웰바이오 043090 부채총계 9,831,661,624 14,336,526,730
팜스웰바이오 043090 자본금 11,999,116,500 11,366,223,000
팜스웰바이오 043090 자본잉여금 0 0
팜스웰바이오 043090 자본조정 0 0
팜스웰바이오 043090 기타포괄손익누계액 0 0
팜스웰바이오 043090 이익잉여금(결손금) -39,382,390,643 -35,237,875,770
팜스웰바이오 043090 자본총계 9,811,229,922 8,606,042,968
팜스웰바이오 043090 자본과부채총계 19,642,891,546 22,942,569,698
date : 2017-03-31
팜스웰바이오 043090 유동자산 12,215,698,224 15,158,581,241
팜스웰바이오 043090 현금및현금성자산 2,701,985,163 3,208,873,563
팜스웰바이오 043090 매출채권 및 기타유동채권
팜스웰바이오 043090 재고자산 1,403,443,060 1,408,468,145
팜스웰바이오 043090 기타유동금융자산 108,000,000 1,369,675,251
팜스웰바이오 043090 기타유동자산 0 0
팜스웰바이오 043090 매각예정비유동자산 0 0
팜스웰바이오 043090 비유동자산 6,255,734,980 4,484,310,305
팜스웰바이오 043090 장기금융상품 0 0
팜스웰바이오 043090 기타포괄손익-공정가치 0 0
팜스웰바이오 043090 당기손익인식공정가치측정금융자산 0 0
팜스웰바이오 043090 종속회사투자 0 0
팜스웰바이오 043090 관계회사투자 0 0
팜스웰바이오 043090 렌탈자산 0 0
팜스웰바이오 043090 유형자산 290,495,925 302,596,984
팜스웰바이오 043090 무형자산 707,455,566 725,886,356
팜스웰바이오 043090 기타비유동금융자산 0 0
팜스웰바이오 043090 기타비유동자산 0 0
팜스웰바이오 043090 사용권자산 0 0
팜스웰바이오 043090 이연법인세자산 0 0
팜스웰바이오 043090 자산총계 18,471,433,204 19,642,891,546
팜스웰바이오 043090 유동부채 6,793,051,409 9,745,941,983
팜스웰바이오 043090 단기매입채무 0 0
팜스웰바이오 043090 단기차입금 1,810,153,700 2,427,058,700
팜스웰바이오 043090 유동성장기차입금 0 0
팜스웰바이오 043090 유동성사채 0 0
팜스웰바이오 043090 기타유동금융부채 19,158,317 47,165,347
팜스웰바이오 043090 기타유동부채 0 0
팜스웰바이오 043090 당기법인세부채 0 0
팜스웰바이오 043090 유동리스부채 0 0
팜스웰바이오 043090 비유동부채 84,848,910 85,719,641
팜스웰바이오 043090 사채 0 0
팜스웰바이오 043090 장기차입금 0 0
팜스웰바이오 043090 기타비유동금융부채 0 0
팜스웰바이오 043090 이연법인세부채 0 0
팜스웰바이오 043090 비유동리스부채 0 0
팜스웰바이오 043090 부채총계 6,877,900,319 9,831,661,624
팜스웰바이오 043090 자본금 12,290,490,500 11,999,116,500
팜스웰바이오 043090 자본잉여금 0 0
팜스웰바이오 043090 자본조정 0 0
팜스웰바이오 043090 기타포괄손익누계액 0 0
팜스웰바이오 043090 이익잉여금(결손금) -39,567,590,813 -39,382,390,643
팜스웰바이오 043090 자본총계 11,593,532,885 9,811,229,922
팜스웰바이오 043090 자본과부채총계 18,471,433,204 19,642,891,546
date : 2017-06-30
팜스웰바이오 043090 유동자산 17,008,484,984 15,158,581,241
팜스웰바이오 043090 현금및현금성자산 5,967,683,235 3,208,873,563
팜스웰바이오 043090 매출채권 및 기타유동채권
팜스웰바이오 043090 재고자산 1,742,843,471 1,408,468,145
팜스웰바이오 043090 기타유동금융자산 1,108,000,000 1,369,675,251
팜스웰바이오 043090 기타유동자산 0 0
팜스웰바이오 043090 매각예정비유동자산 0 0
팜스웰바이오 043090 비유동자산 6,547,122,911 4,484,310,305
팜스웰바이오 043090 장기금융상품 0 0
팜스웰바이오 043090 기타포괄손익-공정가치 0 0
팜스웰바이오 043090 당기손익인식공정가치측정금융자산 0 0
팜스웰바이오 043090 종속회사투자 0 0
팜스웰바이오 043090 관계회사투자 0 0
팜스웰바이오 043090 렌탈자산 0 0
팜스웰바이오 043090 유형자산 267,842,115 302,596,984
팜스웰바이오 043090 무형자산 689,024,808 725,886,356
팜스웰바이오 043090 기타비유동금융자산 0 0
팜스웰바이오 043090 기타비유동자산 0 0
팜스웰바이오 043090 사용권자산 0 0
팜스웰바이오 043090 이연법인세자산 0 0
팜스웰바이오 043090 자산총계 23,555,607,895 19,642,891,546
팜스웰바이오 043090 유동부채 8,520,767,450 9,745,941,983
팜스웰바이오 043090 단기매입채무 0 0
팜스웰바이오 043090 단기차입금 및 사채
팜스웰바이오 043090 유동성장기차입금 0 0
팜스웰바이오 043090 유동성사채 0 0
팜스웰바이오 043090 기타유동금융부채 25,924,327 47,165,347
팜스웰바이오 043090 기타유동부채 0 0
팜스웰바이오 043090 당기법인세부채 0 0
팜스웰바이오 043090 유동리스부채 0 0
팜스웰바이오 043090 비유동부채 84,848,910 85,719,641
팜스웰바이오 043090 사채 0 0
팜스웰바이오 043090 장기차입금 0 0
팜스웰바이오 043090 기타비유동금융부채 0 0
팜스웰바이오 043090 이연법인세부채 0 0
팜스웰바이오 043090 비유동리스부채 0 0
팜스웰바이오 043090 부채총계 8,605,616,360 9,831,661,624
팜스웰바이오 043090 자본금 12,330,823,500 11,999,116,500
팜스웰바이오 043090 자본잉여금 0 0
팜스웰바이오 043090 자본조정 0 0
팜스웰바이오 043090 기타포괄손익누계액 0 0
팜스웰바이오 043090 이익잉여금(결손금) -39,426,290,506 -39,382,390,643
팜스웰바이오 043090 자본총계 14,949,991,535 9,811,229,922
팜스웰바이오 043090 자본과부채총계 23,555,607,895 19,642,891,546
date : 2017-09-30
팜스웰바이오 043090 유동자산 17,869,631,480 15,158,581,241
팜스웰바이오 043090 현금및현금성자산 4,689,281,867 3,208,873,563
팜스웰바이오 043090 매출채권 및 기타유동채권
팜스웰바이오 043090 재고자산 2,169,432,189 1,408,468,145
팜스웰바이오 043090 기타유동금융자산 2,111,000,000 1,369,675,251
팜스웰바이오 043090 기타유동자산 48,156,621 34,279,215
팜스웰바이오 043090 매각예정비유동자산 0 0
팜스웰바이오 043090 비유동자산 6,198,815,096 4,484,310,305
팜스웰바이오 043090 장기금융상품 0 0
팜스웰바이오 043090 기타포괄손익-공정가치 0 0
팜스웰바이오 043090 당기손익인식공정가치측정금융자산 0 0
팜스웰바이오 043090 종속회사투자 0 0
팜스웰바이오 043090 관계회사투자 0 0
팜스웰바이오 043090 렌탈자산 0 0
팜스웰바이오 043090 유형자산 245,153,305 302,596,984
팜스웰바이오 043090 무형자산 670,594,050 725,886,356
팜스웰바이오 043090 기타비유동금융자산 1,597,905,359 2,093,734,932
팜스웰바이오 043090 기타비유동자산 0 0
팜스웰바이오 043090 사용권자산 0 0
팜스웰바이오 043090 이연법인세자산 0 0
팜스웰바이오 043090 자산총계 24,068,446,576 19,642,891,546
팜스웰바이오 043090 유동부채 9,137,728,933 9,745,941,983
팜스웰바이오 043090 단기매입채무 0 0
팜스웰바이오 043090 단기차입금 0 0
팜스웰바이오 043090 유동성장기차입금 0 0
팜스웰바이오 043090 유동성사채 0 0
팜스웰바이오 043090 기타유동금융부채 59,270,040 47,165,347
팜스웰바이오 043090 기타유동부채 35,586,800 7,286,096
팜스웰바이오 043090 당기법인세부채 0 0
팜스웰바이오 043090 유동리스부채 0 0
팜스웰바이오 043090 비유동부채 84,848,910 85,719,641
팜스웰바이오 043090 사채 0 0
팜스웰바이오 043090 장기차입금 0 0
팜스웰바이오 043090 기타비유동금융부채 0 0
팜스웰바이오 043090 이연법인세부채 0 0
팜스웰바이오 043090 비유동리스부채 0 0
팜스웰바이오 043090 부채총계 9,222,577,843 9,831,661,624
팜스웰바이오 043090 자본금 12,330,823,500 11,999,116,500
팜스웰바이오 043090 자본잉여금 55,454,820,489 53,420,575,828
팜스웰바이오 043090 자본조정 0 0
팜스웰바이오 043090 기타포괄손익누계액 0 0
팜스웰바이오 043090 이익잉여금(결손금) -39,697,404,716 -39,382,390,643
팜스웰바이오 043090 자본총계 14,845,868,733 9,811,229,922
팜스웰바이오 043090 자본과부채총계 24,068,446,576 19,642,891,546
date : 2017-12-31
팜스웰바이오 043090 유동자산 23,833,052,011 15,158,581,241
팜스웰바이오 043090 현금및현금성자산 8,385,071,734 3,208,873,563
팜스웰바이오 043090 매출채권 및 기타유동채권
팜스웰바이오 043090 재고자산 1,929,364,700 1,408,468,145
팜스웰바이오 043090 기타유동금융자산 2,114,000,000 1,369,675,251
팜스웰바이오 043090 기타유동자산 42,075,828 34,279,215
팜스웰바이오 043090 매각예정비유동자산 0 0
팜스웰바이오 043090 비유동자산 5,201,766,480 4,484,310,305
팜스웰바이오 043090 장기금융상품 0 0
팜스웰바이오 043090 기타포괄손익-공정가치 0 0
팜스웰바이오 043090 당기손익인식공정가치측정금융자산 0 0
팜스웰바이오 043090 종속회사투자 0 0
팜스웰바이오 043090 관계회사투자 0 0
팜스웰바이오 043090 렌탈자산 0 0
팜스웰바이오 043090 유형자산 222,499,431 302,596,984
팜스웰바이오 043090 무형자산 634,663,261 725,886,356
팜스웰바이오 043090 기타비유동금융자산 99,125,434 2,093,734,932
팜스웰바이오 043090 기타비유동자산 0 0
팜스웰바이오 043090 사용권자산 0 0
팜스웰바이오 043090 이연법인세자산 0 0
팜스웰바이오 043090 자산총계 29,034,818,491 19,642,891,546
팜스웰바이오 043090 유동부채 11,615,106,850 9,745,941,983
팜스웰바이오 043090 단기매입채무 0 0
팜스웰바이오 043090 단기차입금 0 0
팜스웰바이오 043090 유동성장기차입금 0 0
팜스웰바이오 043090 유동성사채 0 0
팜스웰바이오 043090 기타유동금융부채 52,361,890 47,165,347
팜스웰바이오 043090 기타유동부채 300,000 7,286,096
팜스웰바이오 043090 당기법인세부채 0 0
팜스웰바이오 043090 유동리스부채 0 0
팜스웰바이오 043090 비유동부채 163,847,413 85,719,641
팜스웰바이오 043090 사채 0 0
팜스웰바이오 043090 장기차입금 0 0
팜스웰바이오 043090 기타비유동금융부채 0 0
팜스웰바이오 043090 이연법인세부채 0 0
팜스웰바이오 043090 비유동리스부채 0 0
팜스웰바이오 043090 부채총계 11,778,954,263 9,831,661,624
팜스웰바이오 043090 자본금 12,512,297,500 11,999,116,500
팜스웰바이오 043090 자본잉여금 56,501,521,079 53,420,575,828
팜스웰바이오 043090 자본조정 0 0
팜스웰바이오 043090 기타포괄손익누계액 0 0
팜스웰바이오 043090 이익잉여금(결손금) -39,021,367,060 -39,382,390,643
팜스웰바이오 043090 자본총계 17,255,864,228 9,811,229,922
팜스웰바이오 043090 자본과부채총계 29,034,818,491 19,642,891,546
date : 2018-03-31
팜스웰바이오 043090 유동자산 26,478,123,177 23,833,052,011
팜스웰바이오 043090 현금및현금성자산 11,144,496,113 8,385,071,734
팜스웰바이오 043090 매출채권 및 기타유동채권
팜스웰바이오 043090 재고자산 2,089,595,414 1,929,364,700
팜스웰바이오 043090 기타유동금융자산 3,616,550,370 2,114,000,000
팜스웰바이오 043090 기타유동자산 38,417,419 42,075,828
팜스웰바이오 043090 매각예정비유동자산 0 0
팜스웰바이오 043090 비유동자산 5,088,832,167 5,201,766,480
팜스웰바이오 043090 장기금융상품 0 0
팜스웰바이오 043090 기타포괄손익-공정가치 0 0
팜스웰바이오 043090 당기손익인식공정가치측정금융자산 0 0
팜스웰바이오 043090 종속회사투자 0 0
팜스웰바이오 043090 관계회사투자 0 0
팜스웰바이오 043090 렌탈자산 0 0
팜스웰바이오 043090 유형자산 222,698,292 222,499,431
팜스웰바이오 043090 무형자산 581,322,833 634,663,261
팜스웰바이오 043090 기타비유동금융자산 98,755,523 99,125,434
팜스웰바이오 043090 기타비유동자산 0 0
팜스웰바이오 043090 사용권자산 0 0
팜스웰바이오 043090 이연법인세자산 0 0
팜스웰바이오 043090 자산총계 31,566,955,344 29,034,818,491
팜스웰바이오 043090 유동부채 12,084,089,275 11,615,106,850
팜스웰바이오 043090 단기매입채무 0 0
팜스웰바이오 043090 단기차입금 0 0
팜스웰바이오 043090 유동성장기차입금 0 0
팜스웰바이오 043090 유동성사채 0 0
팜스웰바이오 043090 기타유동금융부채 33,603,550 52,361,890
팜스웰바이오 043090 기타유동부채 15,175,438 300,000
팜스웰바이오 043090 당기법인세부채 0 0
팜스웰바이오 043090 유동리스부채 0 0
팜스웰바이오 043090 비유동부채 159,642,900 163,847,413
팜스웰바이오 043090 사채 0 0
팜스웰바이오 043090 장기차입금 0 0
팜스웰바이오 043090 기타비유동금융부채 0 0
팜스웰바이오 043090 이연법인세부채 0 0
팜스웰바이오 043090 비유동리스부채 0 0
팜스웰바이오 043090 부채총계 12,243,732,175 11,778,954,263
팜스웰바이오 043090 자본금 12,906,518,000 12,512,297,500
팜스웰바이오 043090 자본잉여금 58,669,980,881 56,501,521,079
팜스웰바이오 043090 자본조정 0 0
팜스웰바이오 043090 기타포괄손익누계액 0 0
팜스웰바이오 043090 이익잉여금(결손금) -39,695,260,309 -39,021,367,060
팜스웰바이오 043090 자본총계 19,323,223,169 17,255,864,228
팜스웰바이오 043090 자본과부채총계 31,566,955,344 29,034,818,491
date : 2018-06-30
팜스웰바이오 043090 유동자산 23,814,369,264 23,833,052,011
팜스웰바이오 043090 현금및현금성자산 10,443,931,823 8,385,071,734
팜스웰바이오 043090 매출채권 및 기타유동채권
팜스웰바이오 043090 재고자산 2,252,647,789 1,929,364,700
팜스웰바이오 043090 기타유동금융자산 2,644,619,090 2,114,000,000
팜스웰바이오 043090 기타유동자산 21,719,186 42,075,828
팜스웰바이오 043090 매각예정비유동자산 0 0
팜스웰바이오 043090 비유동자산 5,874,136,294 5,201,766,480
팜스웰바이오 043090 장기금융상품 0 0
팜스웰바이오 043090 기타포괄손익-공정가치 0 0
팜스웰바이오 043090 당기손익인식공정가치측정금융자산 0 0
팜스웰바이오 043090 종속회사투자 0 0
팜스웰바이오 043090 관계회사투자 0 0
팜스웰바이오 043090 렌탈자산 0 0
팜스웰바이오 043090 유형자산 206,292,878 222,499,431
팜스웰바이오 043090 무형자산 564,610,895 634,663,261
팜스웰바이오 043090 기타비유동금융자산 99,125,434 634,663,261
팜스웰바이오 043090 기타비유동자산 0 0
팜스웰바이오 043090 사용권자산 0 0
팜스웰바이오 043090 이연법인세자산 0 0
팜스웰바이오 043090 자산총계 29,688,505,558 29,034,818,491
팜스웰바이오 043090 유동부채 8,468,610,901 11,615,106,850
팜스웰바이오 043090 단기매입채무 0 0
팜스웰바이오 043090 단기차입금 0 0
팜스웰바이오 043090 유동성장기차입금 0 0
팜스웰바이오 043090 유동성사채 0 0
팜스웰바이오 043090 기타유동금융부채 45,482,160 52,361,890
팜스웰바이오 043090 기타유동부채 15,472,938 300,000
팜스웰바이오 043090 당기법인세부채 0 0
팜스웰바이오 043090 유동리스부채 0 0
팜스웰바이오 043090 비유동부채 197,539,473 163,847,413
팜스웰바이오 043090 사채 0 0
팜스웰바이오 043090 장기차입금 0 0
팜스웰바이오 043090 기타비유동금융부채 0 0
팜스웰바이오 043090 이연법인세부채 0 0
팜스웰바이오 043090 비유동리스부채 0 0
팜스웰바이오 043090 부채총계 8,666,150,374 11,778,954,263
팜스웰바이오 043090 자본금 13,363,695,500 12,512,297,500
팜스웰바이오 043090 자본잉여금 61,286,140,533 56,501,521,079
팜스웰바이오 043090 자본조정 0 0
팜스웰바이오 043090 기타포괄손익누계액 0 0
팜스웰바이오 043090 이익잉여금(결손금) -40,628,783,751 -39,021,367,060
팜스웰바이오 043090 자본총계 21,022,355,184 17,255,864,228
팜스웰바이오 043090 자본과부채총계 29,688,505,558 29,034,818,491
date : 2018-09-30
팜스웰바이오 043090 유동자산 22,092,775,799 23,833,052,011
팜스웰바이오 043090 현금및현금성자산 10,386,986,794 8,385,071,734
팜스웰바이오 043090 매출채권 및 기타유동채권
팜스웰바이오 043090 재고자산 2,185,305,951 1,929,364,700
팜스웰바이오 043090 기타유동금융자산 2,736,409,790 2,114,000,000
팜스웰바이오 043090 기타유동자산 28,761,763 42,075,828
팜스웰바이오 043090 매각예정비유동자산 0 0
팜스웰바이오 043090 비유동자산 5,805,114,921 5,201,766,480
팜스웰바이오 043090 장기금융상품 0 0
팜스웰바이오 043090 기타포괄손익-공정가치 0 0
팜스웰바이오 043090 당기손익인식공정가치측정금융자산 0 0
팜스웰바이오 043090 종속회사투자 0 0
팜스웰바이오 043090 관계회사투자 0 0
팜스웰바이오 043090 렌탈자산 0 0
팜스웰바이오 043090 유형자산 187,217,394 222,499,431
팜스웰바이오 043090 무형자산 546,317,480 634,663,261
팜스웰바이오 043090 기타비유동금융자산 99,125,434 634,663,261
팜스웰바이오 043090 기타비유동자산 0 0
팜스웰바이오 043090 사용권자산 0 0
팜스웰바이오 043090 이연법인세자산 0 0
팜스웰바이오 043090 자산총계 27,897,890,720 29,034,818,491
팜스웰바이오 043090 유동부채 7,534,004,630 11,615,106,850
팜스웰바이오 043090 단기매입채무 0 0
팜스웰바이오 043090 단기차입금 0 0
팜스웰바이오 043090 유동성장기차입금 0 0
팜스웰바이오 043090 유동성사채 0 0
팜스웰바이오 043090 기타유동금융부채 46,323,080 52,361,890
팜스웰바이오 043090 기타유동부채 52,094,918 300,000
팜스웰바이오 043090 당기법인세부채 0 0
팜스웰바이오 043090 유동리스부채 0 0
팜스웰바이오 043090 비유동부채 197,255,647 163,847,413
팜스웰바이오 043090 사채 0 0
팜스웰바이오 043090 장기차입금 0 0
팜스웰바이오 043090 기타비유동금융부채 0 0
팜스웰바이오 043090 이연법인세부채 0 0
팜스웰바이오 043090 비유동리스부채 0 0
팜스웰바이오 043090 부채총계 7,731,260,277 11,778,954,263
팜스웰바이오 043090 자본금 13,363,695,500 12,512,297,500
팜스웰바이오 043090 자본잉여금 61,286,140,533 56,501,521,079
팜스웰바이오 043090 자본조정 0 0
팜스웰바이오 043090 기타포괄손익누계액 0 0
팜스웰바이오 043090 이익잉여금(결손금) -41,458,952,058 -39,021,367,060
팜스웰바이오 043090 자본총계 20,166,630,443 17,255,864,228
팜스웰바이오 043090 자본과부채총계 27,897,890,720 29,034,818,491
date : 2018-12-31
팜스웰바이오 043090 유동자산 18,644,893,423 23,833,052,011
팜스웰바이오 043090 현금및현금성자산 9,240,146,850 8,385,071,734
팜스웰바이오 043090 매출채권 및 기타유동채권
팜스웰바이오 043090 재고자산 1,755,277,473 1,929,364,700
팜스웰바이오 043090 기타유동금융자산 2,522,935,370 2,114,000,000
팜스웰바이오 043090 기타유동자산 167,184,574 42,075,828
팜스웰바이오 043090 매각예정비유동자산 0 0
팜스웰바이오 043090 비유동자산 6,173,049,073 5,201,766,480
팜스웰바이오 043090 장기금융상품 0 0
팜스웰바이오 043090 기타포괄손익-공정가치 0 0
팜스웰바이오 043090 당기손익인식공정가치측정금융자산 0 0
팜스웰바이오 043090 종속회사투자 0 0
팜스웰바이오 043090 관계회사투자 0 0
팜스웰바이오 043090 렌탈자산 0 0
팜스웰바이오 043090 유형자산 322,838,902 222,499,431
팜스웰바이오 043090 무형자산 453,964,010 634,663,261
팜스웰바이오 043090 기타비유동금융자산 99,125,434 2,093,734,932
팜스웰바이오 043090 기타비유동자산 0 0
팜스웰바이오 043090 사용권자산 0 0
팜스웰바이오 043090 이연법인세자산 0 0
팜스웰바이오 043090 자산총계 24,817,942,496 29,034,818,491
팜스웰바이오 043090 유동부채 6,465,223,073 11,615,106,850
팜스웰바이오 043090 단기매입채무 0 0
팜스웰바이오 043090 단기차입금 0 0
팜스웰바이오 043090 유동성장기차입금 0 0
팜스웰바이오 043090 유동성사채 0 0
팜스웰바이오 043090 기타유동금융부채 70,716,200 52,361,890
팜스웰바이오 043090 기타유동부채 97,198,918 300,000
팜스웰바이오 043090 당기법인세부채 0 0
팜스웰바이오 043090 유동리스부채 0 0
팜스웰바이오 043090 비유동부채 189,959,327 163,847,413
팜스웰바이오 043090 사채 0 0
팜스웰바이오 043090 장기차입금 0 0
팜스웰바이오 043090 기타비유동금융부채 0 0
팜스웰바이오 043090 이연법인세부채 0 0
팜스웰바이오 043090 비유동리스부채 0 0
팜스웰바이오 043090 부채총계 6,655,182,400 11,778,954,263
팜스웰바이오 043090 자본금 13,496,602,000 12,512,297,500
팜스웰바이오 043090 자본잉여금 62,203,680,370 56,501,521,079
팜스웰바이오 043090 자본조정 0 0
팜스웰바이오 043090 기타포괄손익누계액 0 0
팜스웰바이오 043090 이익잉여금(결손금) -44,434,614,568 -39,021,367,060
팜스웰바이오 043090 자본총계 18,162,760,096 17,255,864,228
팜스웰바이오 043090 자본과부채총계 24,817,942,496 29,034,818,491
date : 2019-03-31
팜스웰바이오 043090 유동자산 17,303,888,692 18,644,893,423
팜스웰바이오 043090 현금및현금성자산 9,100,856,241 9,240,146,850
팜스웰바이오 043090 매출채권 및 기타유동채권
팜스웰바이오 043090 재고자산 1,427,322,468 1,755,277,473
팜스웰바이오 043090 기타유동금융자산 1,532,149,060 2,522,935,370
팜스웰바이오 043090 기타유동자산 173,466,044 167,184,574
팜스웰바이오 043090 매각예정비유동자산 0 0
팜스웰바이오 043090 비유동자산 6,988,243,242 6,173,049,073
팜스웰바이오 043090 장기금융상품 0 0
팜스웰바이오 043090 기타포괄손익-공정가치 0 0
팜스웰바이오 043090 당기손익인식공정가치측정금융자산 0 0
팜스웰바이오 043090 종속회사투자 0 0
팜스웰바이오 043090 관계회사투자 0 0
팜스웰바이오 043090 렌탈자산 0 0
팜스웰바이오 043090 유형자산 276,868,036 322,838,902
팜스웰바이오 043090 무형자산 452,610,951 453,964,010
팜스웰바이오 043090 기타비유동금융자산 0 0
팜스웰바이오 043090 기타비유동자산 0 0
팜스웰바이오 043090 사용권자산 0 0
팜스웰바이오 043090 이연법인세자산 0 0
팜스웰바이오 043090 자산총계 24,292,131,934 24,817,942,496
팜스웰바이오 043090 유동부채 4,785,347,343 6,465,223,073
팜스웰바이오 043090 단기매입채무 0 0
팜스웰바이오 043090 단기차입금 0 0
팜스웰바이오 043090 유동성장기차입금 0 0
팜스웰바이오 043090 유동성사채 0 0
팜스웰바이오 043090 기타유동금융부채 35,212,310 70,716,200
팜스웰바이오 043090 기타유동부채 19,250,000 97,198,918
팜스웰바이오 043090 당기법인세부채 0 0
팜스웰바이오 043090 유동리스부채 0 0
팜스웰바이오 043090 비유동부채 131,130,822 189,959,327
팜스웰바이오 043090 사채 0 0
팜스웰바이오 043090 장기차입금 0 0
팜스웰바이오 043090 기타비유동금융부채 0 0
팜스웰바이오 043090 이연법인세부채 0 0
팜스웰바이오 043090 비유동리스부채 0 0
팜스웰바이오 043090 부채총계 4,916,478,165 6,655,182,400
팜스웰바이오 043090 자본금 13,827,922,000 13,496,602,000
팜스웰바이오 043090 자본잉여금 0 0
팜스웰바이오 043090 자본조정 0 0
팜스웰바이오 043090 기타포괄손익누계액 0 0
팜스웰바이오 043090 이익잉여금(결손금) -45,931,164,577 -44,434,614,568
팜스웰바이오 043090 자본총계 19,375,653,769 18,162,760,096
팜스웰바이오 043090 자본과부채총계 24,292,131,934 24,817,942,496
