date : 2019-03-31
에이치엘비파워 043220 유동자산 27,407,896,772 20,791,142,249
에이치엘비파워 043220 현금및현금성자산 7,475,231,633 1,829,885,085
에이치엘비파워 043220 매출채권 및 기타유동채권
에이치엘비파워 043220 재고자산 3,794,164,813 4,319,338,150
에이치엘비파워 043220 기타유동자산 148,276,269 131,845,197
에이치엘비파워 043220 비유동자산 31,844,535,628 27,818,971,369
에이치엘비파워 043220 장기금융상품 5,478,539,881 5,218,228,964
에이치엘비파워 043220 유형자산 20,456,808,178 17,083,265,218
에이치엘비파워 043220 무형자산 408,519,085 418,280,096
에이치엘비파워 043220 기타비유동자산 43,794,106 53,227,923
에이치엘비파워 043220 자산총계 59,252,432,400 48,610,113,618
에이치엘비파워 043220 유동부채 27,799,680,832 22,492,046,863
에이치엘비파워 043220 기타유동부채 645,690,510 1,268,014,510
에이치엘비파워 043220 유동리스부채 209,430,801 0
에이치엘비파워 043220 비유동부채 12,260,908,545 8,833,018,209
에이치엘비파워 043220 비유동리스부채 3,543,357,033 0
에이치엘비파워 043220 부채총계 40,060,589,377 31,325,065,072
에이치엘비파워 043220 자본금 29,860,442,000 29,860,442,000
에이치엘비파워 043220 자본잉여금 47,768,801,145 46,536,513,541
에이치엘비파워 043220 이익잉여금(결손금) -45,722,958,695 -46,383,004,408
에이치엘비파워 043220 자본총계 19,191,843,023 17,285,048,546
에이치엘비파워 043220 자본과부채총계 59,252,432,400 48,610,113,618
