date : 2015-12-31
평화정공 043370 유동자산 225,960,106,520 184,538,297,388
평화정공 043370 현금및현금성자산 26,193,033,761 6,712,530,761
평화정공 043370 매출채권 및 기타유동채권
평화정공 043370 재고자산 50,707,271,095 39,682,246,116
평화정공 043370 기타유동금융자산 33,065,000 185,195,000
평화정공 043370 기타유동자산 0 0
평화정공 043370 매각예정비유동자산 0 0
평화정공 043370 비유동자산 321,529,681,440 292,041,185,486
평화정공 043370 장기금융상품 0 0
평화정공 043370 기타포괄손익-공정가치 0 0
평화정공 043370 당기손익인식공정가치측정금융자산 0 0
평화정공 043370 종속회사투자 0 0
평화정공 043370 관계회사투자 0 0
평화정공 043370 렌탈자산 0 0
평화정공 043370 유형자산 142,808,922,667 130,174,741,435
평화정공 043370 무형자산 3,340,840,874 3,242,781,587
평화정공 043370 기타비유동금융자산 71,610,120,983 67,406,168,870
평화정공 043370 기타비유동자산 0 0
평화정공 043370 사용권자산 0 0
평화정공 043370 이연법인세자산 1,391,347,332 0
평화정공 043370 자산총계 547,489,787,960 476,579,482,874
평화정공 043370 유동부채 259,660,610,198 148,570,128,726
평화정공 043370 단기매입채무 0 0
평화정공 043370 단기차입금 59,000,000,000 39,586,182,000
평화정공 043370 유동성장기차입금 10,000,000,000 5,000,000,000
평화정공 043370 유동성사채 0 0
평화정공 043370 기타유동금융부채 4,268,570,657 3,060,910,533
평화정공 043370 기타유동부채 0 0
평화정공 043370 당기법인세부채 0 0
평화정공 043370 유동리스부채 0 0
평화정공 043370 비유동부채 13,395,142,623 36,281,230,434
평화정공 043370 사채 0 0
평화정공 043370 장기차입금 0 10,000,000,000
평화정공 043370 기타비유동금융부채 286,400,000 0
평화정공 043370 이연법인세부채 0 13,729,254,373
평화정공 043370 비유동리스부채 0 0
평화정공 043370 부채총계 273,055,752,821 184,851,359,160
평화정공 043370 자본금 10,500,000,000 10,500,000,000
평화정공 043370 자본잉여금 0 0
평화정공 043370 자본조정 0 0
평화정공 043370 기타포괄손익누계액 47,120,420,192 44,613,936,876
평화정공 043370 이익잉여금(결손금) 175,326,948,668 195,127,520,559
평화정공 043370 자본총계 274,434,035,139 291,728,123,714
평화정공 043370 자본과부채총계 547,489,787,960 476,579,482,874
date : 2016-03-31
평화정공 043370 유동자산 213,268,023,586 225,960,106,520
평화정공 043370 현금및현금성자산 24,053,117,702 26,193,033,761
평화정공 043370 매출채권 및 기타유동채권
평화정공 043370 재고자산 50,904,960,730 50,707,271,095
평화정공 043370 기타유동금융자산 536,482,663 33,065,000
평화정공 043370 기타유동자산 0 0
평화정공 043370 매각예정비유동자산 0 0
평화정공 043370 비유동자산 316,197,453,987 321,529,681,440
평화정공 043370 장기금융상품 0 0
평화정공 043370 기타포괄손익-공정가치 0 0
평화정공 043370 당기손익인식공정가치측정금융자산 0 0
평화정공 043370 종속회사투자 0 0
평화정공 043370 관계회사투자 0 0
평화정공 043370 렌탈자산 0 0
평화정공 043370 유형자산 138,752,866,610 142,808,922,667
평화정공 043370 무형자산 3,246,699,974 3,340,840,874
평화정공 043370 기타비유동금융자산 71,638,768,933 71,610,120,983
평화정공 043370 기타비유동자산 0 0
평화정공 043370 사용권자산 0 0
평화정공 043370 이연법인세자산 270,953,071 1,391,347,332
평화정공 043370 자산총계 529,465,477,573 547,489,787,960
평화정공 043370 유동부채 234,423,313,755 259,660,610,198
평화정공 043370 단기매입채무 0 0
평화정공 043370 단기차입금 59,000,000,000 59,000,000,000
평화정공 043370 유동성장기차입금 10,000,000,000 10,000,000,000
평화정공 043370 유동성사채 0 0
평화정공 043370 기타유동금융부채 5,726,905,163 4,268,570,657
평화정공 043370 기타유동부채 0 0
평화정공 043370 당기법인세부채 0 0
평화정공 043370 유동리스부채 0 0
평화정공 043370 비유동부채 14,283,964,465 13,395,142,623
평화정공 043370 사채 0 0
평화정공 043370 장기차입금 0 0
평화정공 043370 기타비유동금융부채 286,400,000 286,400,000
평화정공 043370 이연법인세부채 0 0
평화정공 043370 비유동리스부채 0 0
평화정공 043370 부채총계 248,707,278,220 273,055,752,821
평화정공 043370 자본금 10,500,000,000 10,500,000,000
평화정공 043370 자본잉여금 0 0
평화정공 043370 자본조정 0 0
평화정공 043370 기타포괄손익누계액 47,135,344,884 47,120,420,192
평화정공 043370 이익잉여금(결손금) 181,636,188,190 175,326,948,668
평화정공 043370 자본총계 280,758,199,353 274,434,035,139
평화정공 043370 자본과부채총계 529,465,477,573 547,489,787,960
date : 2016-06-30
평화정공 043370 유동자산 204,426,506,247 225,960,106,520
평화정공 043370 현금및현금성자산 21,875,262,815 26,193,033,761
평화정공 043370 매출채권 및 기타유동채권
평화정공 043370 재고자산 50,598,494,195 50,707,271,095
평화정공 043370 기타유동금융자산 33,715,000 33,065,000
평화정공 043370 기타유동자산 0 0
평화정공 043370 매각예정비유동자산 0 0
평화정공 043370 비유동자산 314,977,521,396 321,529,681,440
평화정공 043370 장기금융상품 0 0
평화정공 043370 기타포괄손익-공정가치 0 0
평화정공 043370 당기손익인식공정가치측정금융자산 0 0
평화정공 043370 종속회사투자 0 0
평화정공 043370 관계회사투자 0 0
평화정공 043370 렌탈자산 0 0
평화정공 043370 유형자산 135,138,129,512 142,808,922,667
평화정공 043370 무형자산 3,107,479,934 3,340,840,874
평화정공 043370 기타비유동금융자산 71,534,030,733 71,610,120,983
평화정공 043370 기타비유동자산 0 0
평화정공 043370 사용권자산 0 0
평화정공 043370 이연법인세자산 0 1,391,347,332
평화정공 043370 자산총계 519,404,027,643 547,489,787,960
평화정공 043370 유동부채 217,174,421,325 259,660,610,198
평화정공 043370 단기매입채무 0 0
평화정공 043370 단기차입금 55,000,000,000 59,000,000,000
평화정공 043370 유동성장기차입금 10,000,000,000 10,000,000,000
평화정공 043370 유동성사채 0 0
평화정공 043370 기타유동금융부채 6,110,952,412 4,268,570,657
평화정공 043370 기타유동부채 0 0
평화정공 043370 당기법인세부채 0 0
평화정공 043370 유동리스부채 0 0
평화정공 043370 비유동부채 16,354,449,073 13,395,142,623
평화정공 043370 사채 0 0
평화정공 043370 장기차입금 0 0
평화정공 043370 기타비유동금융부채 0 286,400,000
평화정공 043370 이연법인세부채 1,350,273,736 0
평화정공 043370 비유동리스부채 0 0
평화정공 043370 부채총계 233,528,870,398 273,055,752,821
평화정공 043370 자본금 10,500,000,000 10,500,000,000
평화정공 043370 자본잉여금 0 0
평화정공 043370 자본조정 0 0
평화정공 043370 기타포괄손익누계액 47,098,472,112 47,120,420,192
평화정공 043370 이익잉여금(결손금) 186,790,018,854 175,326,948,668
평화정공 043370 자본총계 285,875,157,245 274,434,035,139
평화정공 043370 자본과부채총계 519,404,027,643 547,489,787,960
date : 2016-09-30
평화정공 043370 유동자산 192,866,132,763 225,960,106,520
평화정공 043370 현금및현금성자산 22,274,277,457 26,193,033,761
평화정공 043370 매출채권 및 기타유동채권
평화정공 043370 재고자산 52,237,848,368 50,707,271,095
평화정공 043370 기타유동금융자산 30,935,000 33,065,000
평화정공 043370 기타유동자산 0 0
평화정공 043370 매각예정비유동자산 0 0
평화정공 043370 비유동자산 309,848,104,753 321,529,681,440
평화정공 043370 장기금융상품 0 0
평화정공 043370 기타포괄손익-공정가치 0 0
평화정공 043370 당기손익인식공정가치측정금융자산 0 0
평화정공 043370 종속회사투자 0 0
평화정공 043370 관계회사투자 0 0
평화정공 043370 렌탈자산 0 0
평화정공 043370 유형자산 130,376,129,503 142,808,922,667
평화정공 043370 무형자산 2,822,283,326 3,340,840,874
평화정공 043370 기타비유동금융자산 71,542,094,893 71,610,120,983
평화정공 043370 기타비유동자산 0 0
평화정공 043370 사용권자산 0 0
평화정공 043370 이연법인세자산 0 1,391,347,332
평화정공 043370 자산총계 502,714,237,516 547,489,787,960
평화정공 043370 유동부채 202,698,275,513 259,660,610,198
평화정공 043370 단기매입채무 0 0
평화정공 043370 단기차입금 64,000,000,000 59,000,000,000
평화정공 043370 유동성장기차입금 0 10,000,000,000
평화정공 043370 유동성사채 0 0
평화정공 043370 기타유동금융부채 5,747,652,338 4,268,570,657
평화정공 043370 기타유동부채 0 0
평화정공 043370 당기법인세부채 0 0
평화정공 043370 유동리스부채 0 0
평화정공 043370 비유동부채 15,489,017,448 13,395,142,623
평화정공 043370 사채 0 0
평화정공 043370 장기차입금 0 0
평화정공 043370 기타비유동금융부채 0 286,400,000
평화정공 043370 이연법인세부채 94,494,100 0
평화정공 043370 비유동리스부채 0 0
평화정공 043370 부채총계 218,187,292,961 273,055,752,821
평화정공 043370 자본금 10,500,000,000 10,500,000,000
평화정공 043370 자본잉여금 0 0
평화정공 043370 자본조정 0 0
평화정공 043370 기타포괄손익누계액 47,124,224,526 47,120,420,192
평화정공 043370 이익잉여금(결손금) 185,416,053,750 175,326,948,668
평화정공 043370 자본총계 284,526,944,555 274,434,035,139
평화정공 043370 자본과부채총계 502,714,237,516 547,489,787,960
date : 2016-12-31
평화정공 043370 유동자산 239,553,506,274 225,960,106,520
평화정공 043370 현금및현금성자산 28,504,090,211 26,193,033,761
평화정공 043370 매출채권 및 기타유동채권
평화정공 043370 재고자산 48,857,505,159 50,707,271,095
평화정공 043370 기타유동금융자산 28,415,000 33,065,000
평화정공 043370 기타유동자산 0 0
평화정공 043370 매각예정비유동자산 0 0
평화정공 043370 비유동자산 331,187,262,012 321,529,681,440
평화정공 043370 장기금융상품 0 0
평화정공 043370 기타포괄손익-공정가치 0 0
평화정공 043370 당기손익인식공정가치측정금융자산 0 0
평화정공 043370 종속회사투자 0 0
평화정공 043370 관계회사투자 0 0
평화정공 043370 렌탈자산 0 0
평화정공 043370 유형자산 126,184,104,819 142,808,922,667
평화정공 043370 무형자산 3,086,631,934 3,340,840,874
평화정공 043370 기타비유동금융자산 96,906,637,411 71,610,120,983
평화정공 043370 기타비유동자산 0 0
평화정공 043370 사용권자산 0 0
평화정공 043370 이연법인세자산 0 1,391,347,332
평화정공 043370 자산총계 570,740,768,286 547,489,787,960
평화정공 043370 유동부채 223,572,732,161 259,660,610,198
평화정공 043370 단기매입채무 0 0
평화정공 043370 단기차입금 65,623,782,330 59,000,000,000
평화정공 043370 유동성장기차입금 0 10,000,000,000
평화정공 043370 유동성사채 0 0
평화정공 043370 기타유동금융부채 4,487,364,421 4,268,570,657
평화정공 043370 기타유동부채 0 0
평화정공 043370 당기법인세부채 0 0
평화정공 043370 유동리스부채 0 0
평화정공 043370 비유동부채 28,433,019,179 13,395,142,623
평화정공 043370 사채 0 0
평화정공 043370 장기차입금 0 0
평화정공 043370 기타비유동금융부채 0 286,400,000
평화정공 043370 이연법인세부채 10,028,294,455 0
평화정공 043370 비유동리스부채 0 0
평화정공 043370 부채총계 252,005,751,340 273,055,752,821
평화정공 043370 자본금 10,500,000,000 10,500,000,000
평화정공 043370 자본잉여금 0 0
평화정공 043370 자본조정 0 0
평화정공 043370 기타포괄손익누계액 66,149,958,215 47,120,420,192
평화정공 043370 이익잉여금(결손금) 200,598,392,452 175,326,948,668
평화정공 043370 자본총계 318,735,016,946 274,434,035,139
평화정공 043370 자본과부채총계 570,740,768,286 547,489,787,960
date : 2017-03-31
평화정공 043370 유동자산 321,657,725,425 239,553,506,274
평화정공 043370 현금및현금성자산 128,018,526,223 28,504,090,211
평화정공 043370 매출채권 및 기타유동채권
평화정공 043370 재고자산 47,790,667,026 48,857,505,159
평화정공 043370 기타유동금융자산 7,957,061,347 28,415,000
평화정공 043370 기타유동자산 0 0
평화정공 043370 매각예정비유동자산 0 0
평화정공 043370 비유동자산 277,408,757,746 331,187,262,012
평화정공 043370 장기금융상품 0 0
평화정공 043370 기타포괄손익-공정가치 0 0
평화정공 043370 당기손익인식공정가치측정금융자산 0 0
평화정공 043370 종속회사투자 0 0
평화정공 043370 관계회사투자 0 0
평화정공 043370 렌탈자산 0 0
평화정공 043370 유형자산 119,984,896,821 126,184,104,819
평화정공 043370 무형자산 2,727,216,819 3,086,631,934
평화정공 043370 기타비유동금융자산 48,825,170,831 96,906,637,411
평화정공 043370 기타비유동자산 0 0
평화정공 043370 사용권자산 0 0
평화정공 043370 이연법인세자산 951,869,612 0
평화정공 043370 자산총계 599,066,483,171 570,740,768,286
평화정공 043370 유동부채 237,153,501,738 223,572,732,161
평화정공 043370 단기매입채무 0 0
평화정공 043370 단기차입금 63,515,518,663 65,623,782,330
평화정공 043370 유동성장기차입금 0 0
평화정공 043370 유동성사채 0 0
평화정공 043370 기타유동금융부채 7,130,175,949 4,487,364,421
평화정공 043370 기타유동부채 0 0
평화정공 043370 당기법인세부채 0 0
평화정공 043370 유동리스부채 0 0
평화정공 043370 비유동부채 16,566,580,661 28,433,019,179
평화정공 043370 사채 0 0
평화정공 043370 장기차입금 0 0
평화정공 043370 기타비유동금융부채 0 0
평화정공 043370 이연법인세부채 0 10,028,294,455
평화정공 043370 비유동리스부채 0 0
평화정공 043370 부채총계 253,720,082,399 252,005,751,340
평화정공 043370 자본금 10,500,000,000 10,500,000,000
평화정공 043370 자본잉여금 0 0
평화정공 043370 자본조정 0 0
평화정공 043370 기타포괄손익누계액 31,341,796,167 66,149,958,215
평화정공 043370 이익잉여금(결손금) 262,017,938,326 200,598,392,452
평화정공 043370 자본총계 345,346,400,772 318,735,016,946
평화정공 043370 자본과부채총계 599,066,483,171 570,740,768,286
date : 2017-06-30
평화정공 043370 유동자산 261,812,334,192 239,553,506,274
평화정공 043370 현금및현금성자산 66,637,932,872 28,504,090,211
평화정공 043370 매출채권 및 기타유동채권
평화정공 043370 재고자산 46,086,261,923 48,857,505,159
평화정공 043370 기타유동금융자산 5,400,148,632 28,415,000
평화정공 043370 기타유동자산 0 0
평화정공 043370 매각예정비유동자산 0 0
평화정공 043370 비유동자산 297,331,181,027 331,187,262,012
평화정공 043370 장기금융상품 0 0
평화정공 043370 기타포괄손익-공정가치 0 0
평화정공 043370 당기손익인식공정가치측정금융자산 0 0
평화정공 043370 종속회사투자 0 0
평화정공 043370 관계회사투자 0 0
평화정공 043370 렌탈자산 0 0
평화정공 043370 유형자산 115,705,230,132 126,184,104,819
평화정공 043370 무형자산 4,333,040,913 3,086,631,934
평화정공 043370 기타비유동금융자산 49,766,629,061 96,906,637,411
평화정공 043370 기타비유동자산 0 0
평화정공 043370 사용권자산 0 0
평화정공 043370 이연법인세자산 1,303,871,155 0
평화정공 043370 자산총계 559,143,515,219 570,740,768,286
평화정공 043370 유동부채 202,336,206,547 223,572,732,161
평화정공 043370 단기매입채무 0 0
평화정공 043370 단기차입금 33,610,594,989 65,623,782,330
평화정공 043370 유동성장기차입금 0 0
평화정공 043370 유동성사채 0 0
평화정공 043370 기타유동금융부채 5,007,837,714 4,487,364,421
평화정공 043370 기타유동부채 0 0
평화정공 043370 당기법인세부채 0 0
평화정공 043370 유동리스부채 0 0
평화정공 043370 비유동부채 14,557,905,058 28,433,019,179
평화정공 043370 사채 0 0
평화정공 043370 장기차입금 0 0
평화정공 043370 기타비유동금융부채 0 0
평화정공 043370 이연법인세부채 0 10,028,294,455
평화정공 043370 비유동리스부채 0 0
평화정공 043370 부채총계 216,894,111,605 252,005,751,340
평화정공 043370 자본금 10,500,000,000 10,500,000,000
평화정공 043370 자본잉여금 0 0
평화정공 043370 자본조정 0 0
평화정공 043370 기타포괄손익누계액 31,309,313,008 66,149,958,215
평화정공 043370 이익잉여금(결손금) 258,953,424,327 200,598,392,452
평화정공 043370 자본총계 342,249,403,614 318,735,016,946
평화정공 043370 자본과부채총계 559,143,515,219 570,740,768,286
date : 2017-09-30
평화정공 043370 유동자산 238,879,210,490 239,553,506,274
평화정공 043370 현금및현금성자산 52,477,291,802 28,504,090,211
평화정공 043370 매출채권 및 기타유동채권
평화정공 043370 재고자산 50,784,783,643 48,857,505,159
평화정공 043370 기타유동금융자산 18,430,000 28,415,000
평화정공 043370 기타유동자산 12,749,688,029 4,634,730,390
평화정공 043370 매각예정비유동자산 0 0
평화정공 043370 비유동자산 319,301,880,059 331,187,262,012
평화정공 043370 장기금융상품 0 0
평화정공 043370 기타포괄손익-공정가치 0 0
평화정공 043370 당기손익인식공정가치측정금융자산 0 0
평화정공 043370 종속회사투자 0 0
평화정공 043370 관계회사투자 0 0
평화정공 043370 렌탈자산 0 0
평화정공 043370 유형자산 137,569,547,675 126,184,104,819
평화정공 043370 무형자산 4,516,404,104 3,086,631,934
평화정공 043370 기타비유동금융자산 49,699,171,441 96,906,637,411
평화정공 043370 기타비유동자산 0 0
평화정공 043370 사용권자산 0 0
평화정공 043370 이연법인세자산 1,396,678,227 0
평화정공 043370 자산총계 558,181,090,549 570,740,768,286
평화정공 043370 유동부채 196,639,618,356 223,572,732,161
평화정공 043370 단기매입채무 0 0
평화정공 043370 단기차입금 33,639,320,177 65,623,782,330
평화정공 043370 유동성장기차입금 0 0
평화정공 043370 유동성사채 0 0
평화정공 043370 기타유동금융부채 6,208,327,732 4,487,364,421
평화정공 043370 기타유동부채 9,657,431,863 7,495,721,924
평화정공 043370 당기법인세부채 20,433,678,325 213,063,973
평화정공 043370 유동리스부채 0 0
평화정공 043370 비유동부채 15,794,668,194 28,433,019,179
평화정공 043370 사채 0 0
평화정공 043370 장기차입금 0 0
평화정공 043370 기타비유동금융부채 0 0
평화정공 043370 이연법인세부채 0 10,028,294,455
평화정공 043370 비유동리스부채 0 0
평화정공 043370 부채총계 212,434,286,550 252,005,751,340
평화정공 043370 자본금 10,500,000,000 10,500,000,000
평화정공 043370 자본잉여금 0 0
평화정공 043370 자본조정 0 0
평화정공 043370 기타포괄손익누계액 31,260,734,592 66,149,958,215
평화정공 043370 이익잉여금(결손금) 262,499,403,128 200,598,392,452
평화정공 043370 자본총계 345,746,803,999 318,735,016,946
평화정공 043370 자본과부채총계 558,181,090,549 570,740,768,286
date : 2017-12-31
평화정공 043370 유동자산 241,318,807,868 239,553,506,274
평화정공 043370 현금및현금성자산 52,963,683,187 28,504,090,211
평화정공 043370 매출채권 및 기타유동채권
평화정공 043370 재고자산 49,065,494,077 48,857,505,159
평화정공 043370 기타유동금융자산 16,295,000 28,415,000
평화정공 043370 기타유동자산 12,661,669,265 4,634,730,390
평화정공 043370 매각예정비유동자산 0 0
평화정공 043370 비유동자산 315,903,329,340 331,187,262,012
평화정공 043370 장기금융상품 0 0
평화정공 043370 기타포괄손익-공정가치 0 0
평화정공 043370 당기손익인식공정가치측정금융자산 0 0
평화정공 043370 종속회사투자 0 0
평화정공 043370 관계회사투자 0 0
평화정공 043370 렌탈자산 0 0
평화정공 043370 유형자산 133,290,696,057 126,184,104,819
평화정공 043370 무형자산 4,809,534,101 3,086,631,934
평화정공 043370 기타비유동금융자산 50,542,338,291 96,906,637,411
평화정공 043370 기타비유동자산 0 0
평화정공 043370 사용권자산 0 0
평화정공 043370 이연법인세자산 1,170,580,864 0
평화정공 043370 자산총계 557,222,137,208 570,740,768,286
평화정공 043370 유동부채 202,725,235,983 223,572,732,161
평화정공 043370 단기매입채무 0 0
평화정공 043370 단기차입금 45,895,101,316 65,623,782,330
평화정공 043370 유동성장기차입금 0 0
평화정공 043370 유동성사채 0 0
평화정공 043370 기타유동금융부채 4,609,969,172 4,487,364,421
평화정공 043370 기타유동부채 12,041,437,120 7,495,721,924
평화정공 043370 당기법인세부채 19,180,395,568 213,063,973
평화정공 043370 유동리스부채 0 0
평화정공 043370 비유동부채 16,313,608,542 28,433,019,179
평화정공 043370 사채 0 0
평화정공 043370 장기차입금 0 0
평화정공 043370 기타비유동금융부채 0 0
평화정공 043370 이연법인세부채 0 10,028,294,455
평화정공 043370 비유동리스부채 0 0
평화정공 043370 부채총계 219,038,844,525 252,005,751,340
평화정공 043370 자본금 10,500,000,000 10,500,000,000
평화정공 043370 자본잉여금 0 0
평화정공 043370 자본조정 0 0
평화정공 043370 기타포괄손익누계액 31,881,234,796 66,149,958,215
평화정공 043370 이익잉여금(결손금) 254,315,391,608 200,598,392,452
평화정공 043370 자본총계 338,183,292,683 318,735,016,946
평화정공 043370 자본과부채총계 557,222,137,208 570,740,768,286
date : 2018-03-31
평화정공 043370 유동자산 245,421,999,228 241,318,807,868
평화정공 043370 현금및현금성자산 60,225,212,536 52,963,683,187
평화정공 043370 매출채권 및 기타유동채권
평화정공 043370 재고자산 53,673,928,959 49,065,494,077
평화정공 043370 기타유동금융자산 544,522,129 16,295,000
평화정공 043370 기타유동자산 13,085,798,545 12,661,669,265
평화정공 043370 매각예정비유동자산 0 0
평화정공 043370 비유동자산 313,168,623,730 315,903,329,340
평화정공 043370 장기금융상품 0 0
평화정공 043370 기타포괄손익-공정가치 0 0
평화정공 043370 당기손익인식공정가치측정금융자산 0 0
평화정공 043370 종속회사투자 0 0
평화정공 043370 관계회사투자 0 0
평화정공 043370 렌탈자산 0 0
평화정공 043370 유형자산 145,762,569,180 133,290,696,057
평화정공 043370 무형자산 4,562,385,993 4,809,534,101
평화정공 043370 기타비유동금융자산 51,138,140,206 50,542,338,291
평화정공 043370 기타비유동자산 0 0
평화정공 043370 사용권자산 0 0
평화정공 043370 이연법인세자산 1,175,874,593 1,170,580,864
평화정공 043370 자산총계 558,590,622,958 557,222,137,208
평화정공 043370 유동부채 208,409,185,919 202,725,235,983
평화정공 043370 단기매입채무 0 0
평화정공 043370 단기차입금 56,000,000,000 45,895,101,316
평화정공 043370 유동성장기차입금 0 0
평화정공 043370 유동성사채 0 0
평화정공 043370 기타유동금융부채 8,371,795,165 4,609,969,172
평화정공 043370 기타유동부채 10,406,364,270 12,041,437,120
평화정공 043370 당기법인세부채 19,642,644,996 19,180,395,568
평화정공 043370 유동리스부채 0 0
평화정공 043370 비유동부채 17,008,112,557 16,313,608,542
평화정공 043370 사채 0 0
평화정공 043370 장기차입금 0 0
평화정공 043370 기타비유동금융부채 0 0
평화정공 043370 이연법인세부채 0 0
평화정공 043370 비유동리스부채 0 0
평화정공 043370 부채총계 225,417,298,476 219,038,844,525
평화정공 043370 자본금 10,500,000,000 10,500,000,000
평화정공 043370 자본잉여금 0 0
평화정공 043370 자본조정 0 0
평화정공 043370 기타포괄손익누계액 0 31,881,234,796
평화정공 043370 이익잉여금(결손금) 281,186,658,203 254,315,391,608
평화정공 043370 자본총계 333,173,324,482 338,183,292,683
평화정공 043370 자본과부채총계 558,590,622,958 557,222,137,208
date : 2018-06-30
평화정공 043370 유동자산 233,330,439,496 241,318,807,868
평화정공 043370 현금및현금성자산 40,219,813,627 52,963,683,187
평화정공 043370 매출채권 및 기타유동채권
평화정공 043370 재고자산 53,168,688,504 49,065,494,077
평화정공 043370 기타유동금융자산 546,077,364 16,295,000
평화정공 043370 기타유동자산 11,982,113,830 12,661,669,265
평화정공 043370 매각예정비유동자산 0 0
평화정공 043370 비유동자산 317,114,407,660 315,903,329,340
평화정공 043370 장기금융상품 0 0
평화정공 043370 기타포괄손익-공정가치 0 0
평화정공 043370 당기손익인식공정가치측정금융자산 0 0
평화정공 043370 종속회사투자 0 0
평화정공 043370 관계회사투자 0 0
평화정공 043370 렌탈자산 0 0
평화정공 043370 유형자산 146,176,682,604 133,290,696,057
평화정공 043370 무형자산 4,363,533,799 4,809,534,101
평화정공 043370 기타비유동금융자산 54,417,940,441 50,542,338,291
평화정공 043370 기타비유동자산 0 0
평화정공 043370 사용권자산 0 0
평화정공 043370 이연법인세자산 1,545,529,219 1,170,580,864
평화정공 043370 자산총계 550,444,847,156 557,222,137,208
평화정공 043370 유동부채 189,443,395,039 202,725,235,983
평화정공 043370 단기매입채무 0 0
평화정공 043370 단기차입금 56,000,000,000 45,895,101,316
평화정공 043370 유동성장기차입금 0 0
평화정공 043370 유동성사채 0 0
평화정공 043370 기타유동금융부채 7,419,048,428 4,609,969,172
평화정공 043370 기타유동부채 11,490,382,736 12,041,437,120
평화정공 043370 당기법인세부채 2,468,970,310 19,180,395,568
평화정공 043370 유동리스부채 0 0
평화정공 043370 비유동부채 20,442,256,654 16,313,608,542
평화정공 043370 사채 0 0
평화정공 043370 장기차입금 0 0
평화정공 043370 기타비유동금융부채 0 0
평화정공 043370 이연법인세부채 0 0
평화정공 043370 비유동리스부채 0 0
평화정공 043370 부채총계 209,885,651,693 219,038,844,525
평화정공 043370 자본금 10,500,000,000 10,500,000,000
평화정공 043370 자본잉여금 0 0
평화정공 043370 자본조정 0 0
평화정공 043370 기타포괄손익누계액 0 31,881,234,796
평화정공 043370 이익잉여금(결손금) 288,572,529,184 254,315,391,608
평화정공 043370 자본총계 340,559,195,463 338,183,292,683
평화정공 043370 자본과부채총계 550,444,847,156 557,222,137,208
date : 2018-09-30
평화정공 043370 유동자산 254,574,727,069 241,318,807,868
평화정공 043370 현금및현금성자산 49,050,870,233 52,963,683,187
평화정공 043370 매출채권 및 기타유동채권
평화정공 043370 재고자산 56,406,696,132 49,065,494,077
평화정공 043370 기타유동금융자산 6,737,937,727 16,295,000
평화정공 043370 기타유동자산 22,830,498,110 12,661,669,265
평화정공 043370 매각예정비유동자산 0 0
평화정공 043370 비유동자산 333,201,600,204 315,903,329,340
평화정공 043370 장기금융상품 0 0
평화정공 043370 기타포괄손익-공정가치 0 0
평화정공 043370 당기손익인식공정가치측정금융자산 0 0
평화정공 043370 종속회사투자 0 0
평화정공 043370 관계회사투자 0 0
평화정공 043370 렌탈자산 0 0
평화정공 043370 유형자산 161,990,352,274 133,290,696,057
평화정공 043370 무형자산 4,129,056,759 4,809,534,101
평화정공 043370 기타비유동금융자산 54,715,757,406 50,542,338,291
평화정공 043370 기타비유동자산 0 0
평화정공 043370 사용권자산 0 0
평화정공 043370 이연법인세자산 1,682,564,333 1,170,580,864
평화정공 043370 자산총계 587,776,327,273 557,222,137,208
평화정공 043370 유동부채 226,730,881,343 202,725,235,983
평화정공 043370 단기매입채무 0 0
평화정공 043370 단기차입금 56,000,000,000 45,895,101,316
평화정공 043370 유동성장기차입금 0 0
평화정공 043370 유동성사채 0 0
평화정공 043370 기타유동금융부채 6,948,509,117 4,609,969,172
평화정공 043370 기타유동부채 14,310,070,122 12,041,437,120
평화정공 043370 당기법인세부채 0 19,180,395,568
평화정공 043370 유동리스부채 0 0
평화정공 043370 비유동부채 22,544,542,437 16,313,608,542
평화정공 043370 사채 0 0
평화정공 043370 장기차입금 0 0
평화정공 043370 기타비유동금융부채 0 0
평화정공 043370 이연법인세부채 0 0
평화정공 043370 비유동리스부채 0 0
평화정공 043370 부채총계 249,275,423,780 219,038,844,525
평화정공 043370 자본금 10,500,000,000 10,500,000,000
평화정공 043370 자본잉여금 0 0
평화정공 043370 자본조정 0 0
평화정공 043370 기타포괄손익누계액 0 31,881,234,796
평화정공 043370 이익잉여금(결손금) 286,514,237,214 254,315,391,608
평화정공 043370 자본총계 338,500,903,493 338,183,292,683
평화정공 043370 자본과부채총계 587,776,327,273 557,222,137,208
date : 2018-12-31
평화정공 043370 유동자산 297,258,453,067 241,318,807,868
평화정공 043370 현금및현금성자산 97,520,349,796 52,963,683,187
평화정공 043370 매출채권 및 기타유동채권
평화정공 043370 재고자산 61,919,318,090 49,065,494,077
평화정공 043370 기타유동금융자산 949,762,950 16,295,000
평화정공 043370 기타유동자산 15,617,754,801 12,661,669,265
평화정공 043370 매각예정비유동자산 0 0
평화정공 043370 비유동자산 309,393,274,907 315,903,329,340
평화정공 043370 장기금융상품 0 0
평화정공 043370 기타포괄손익-공정가치 0 0
평화정공 043370 당기손익인식공정가치측정금융자산 0 0
평화정공 043370 종속회사투자 0 0
평화정공 043370 관계회사투자 0 0
평화정공 043370 렌탈자산 0 0
평화정공 043370 유형자산 163,335,397,631 133,290,696,057
평화정공 043370 무형자산 4,000,686,387 4,809,534,101
평화정공 043370 기타비유동금융자산 7,568,321,949 50,542,338,291
평화정공 043370 기타비유동자산 0 0
평화정공 043370 사용권자산 0 0
평화정공 043370 이연법인세자산 14,964,772,670 1,170,580,864
평화정공 043370 자산총계 606,651,727,974 557,222,137,208
평화정공 043370 유동부채 211,125,962,986 202,725,235,983
평화정공 043370 단기매입채무 0 0
평화정공 043370 단기차입금 56,000,000,000 45,895,101,316
평화정공 043370 유동성장기차입금 0 0
평화정공 043370 유동성사채 0 0
평화정공 043370 기타유동금융부채 4,017,011,431 4,609,969,172
평화정공 043370 기타유동부채 12,202,832,686 12,041,437,120
평화정공 043370 당기법인세부채 24,617,104,590 19,180,395,568
평화정공 043370 유동리스부채 0 0
평화정공 043370 비유동부채 22,793,510,329 16,313,608,542
평화정공 043370 사채 0 0
평화정공 043370 장기차입금 0 0
평화정공 043370 기타비유동금융부채 0 0
평화정공 043370 이연법인세부채 0 0
평화정공 043370 비유동리스부채 0 0
평화정공 043370 부채총계 233,919,473,315 219,038,844,525
평화정공 043370 자본금 10,500,000,000 10,500,000,000
평화정공 043370 자본잉여금 0 0
평화정공 043370 자본조정 0 0
평화정공 043370 기타포괄손익누계액 0 31,881,234,796
평화정공 043370 이익잉여금(결손금) 320,745,588,380 254,315,391,608
평화정공 043370 자본총계 372,732,254,659 338,183,292,683
평화정공 043370 자본과부채총계 606,651,727,974 557,222,137,208
date : 2019-03-31
평화정공 043370 유동자산 288,623,822,850 297,258,453,067
평화정공 043370 현금및현금성자산 77,258,618,112 97,520,349,796
평화정공 043370 매출채권 및 기타유동채권
평화정공 043370 재고자산 62,773,165,531 61,919,318,090
평화정공 043370 기타유동금융자산 939,251,646 949,762,950
평화정공 043370 기타유동자산 21,374,674,487 15,617,754,801
평화정공 043370 매각예정비유동자산 0 0
평화정공 043370 비유동자산 312,610,445,563 309,393,274,907
평화정공 043370 장기금융상품 0 0
평화정공 043370 기타포괄손익-공정가치 0 0
평화정공 043370 당기손익인식공정가치측정금융자산 0 0
평화정공 043370 종속회사투자 0 0
평화정공 043370 관계회사투자 0 0
평화정공 043370 렌탈자산 0 0
평화정공 043370 유형자산 166,899,461,198 163,335,397,631
평화정공 043370 무형자산 3,983,147,328 4,000,686,387
평화정공 043370 기타비유동금융자산 7,651,933,929 7,568,321,949
평화정공 043370 기타비유동자산 0 0
평화정공 043370 사용권자산 0 0
평화정공 043370 이연법인세자산 14,658,355,002 14,964,772,670
평화정공 043370 자산총계 601,234,268,413 606,651,727,974
평화정공 043370 유동부채 207,105,904,167 211,125,962,986
평화정공 043370 단기매입채무 0 0
평화정공 043370 단기차입금 56,000,000,000 56,000,000,000
평화정공 043370 유동성장기차입금 0 0
평화정공 043370 유동성사채 0 0
평화정공 043370 기타유동금융부채 8,003,909,831 4,017,011,431
평화정공 043370 기타유동부채 8,352,271,314 12,202,832,686
평화정공 043370 당기법인세부채 25,144,889,626 24,617,104,590
평화정공 043370 유동리스부채 0 0
평화정공 043370 비유동부채 21,309,599,785 22,793,510,329
평화정공 043370 사채 0 0
평화정공 043370 장기차입금 0 0
평화정공 043370 기타비유동금융부채 0 0
평화정공 043370 이연법인세부채 0 0
평화정공 043370 비유동리스부채 0 0
평화정공 043370 부채총계 228,415,503,952 233,919,473,315
평화정공 043370 자본금 10,500,000,000 10,500,000,000
평화정공 043370 자본잉여금 0 0
평화정공 043370 자본조정 0 0
평화정공 043370 기타포괄손익누계액 0 0
평화정공 043370 이익잉여금(결손금) 320,832,098,182 320,745,588,380
평화정공 043370 자본총계 372,818,764,461 372,732,254,659
평화정공 043370 자본과부채총계 601,234,268,413 606,651,727,974
