date : 2019-03-31
디지아이 043360 유동자산 25,423,135,517 25,148,651,310
디지아이 043360 현금및현금성자산 376,182,742 510,059,064
디지아이 043360 매출채권 및 기타채권
디지아이 043360 재고자산 3,136,035,108 3,143,757,861
디지아이 043360 기타유동자산 1,071,111,340 417,877,075
디지아이 043360 비유동자산 26,133,090,244 26,228,222,276
디지아이 043360 유형자산 12,722,335,352 12,891,111,925
디지아이 043360 무형자산 569,589,765 575,610,409
디지아이 043360 이연법인세자산 618,532,731 618,532,731
디지아이 043360 기타비유동자산 0 0
디지아이 043360 자산총계 51,556,225,761 51,376,873,586
디지아이 043360 유동부채 3,318,698,035 3,033,701,129
디지아이 043360 당기법인세부채 0 0
디지아이 043360 기타유동부채 1,015,206,079 819,355,253
디지아이 043360 비유동부채 927,982,623 923,830,368
디지아이 043360 이연법인세부채 0 0
디지아이 043360 부채총계 4,246,680,658 3,957,531,497
디지아이 043360 자본금 4,500,000,000 4,500,000,000
디지아이 043360 기타포괄손익누계액 -107,370,494 -207,136,319
디지아이 043360 이익잉여금(결손금) 33,654,223,922 33,863,786,733
디지아이 043360 자본총계 47,309,545,103 47,419,342,089
디지아이 043360 자본과부채총계 51,556,225,761 51,376,873,586
