date : 2015-12-31
국제디와이 044180 유동자산 27,017,388,871 18,263,251,668
국제디와이 044180 현금및현금성자산 1,835,758,914 351,619,779
국제디와이 044180 매출채권 및 기타유동채권
국제디와이 044180 재고자산 11,693,856,662 7,013,531,763
국제디와이 044180 기타유동금융자산 0 0
국제디와이 044180 기타유동자산 604,343,158 1,336,206,072
국제디와이 044180 매각예정비유동자산 0 0
국제디와이 044180 비유동자산 9,579,118,273 7,659,639,383
국제디와이 044180 장기금융상품 0 0
국제디와이 044180 기타포괄손익-공정가치 0 0
국제디와이 044180 당기손익인식공정가치측정금융자산 0 0
국제디와이 044180 종속회사투자 0 0
국제디와이 044180 관계회사투자 0 0
국제디와이 044180 렌탈자산 0 0
국제디와이 044180 유형자산 7,736,525,051 5,793,510,086
국제디와이 044180 무형자산 110,065,937 113,160,622
국제디와이 044180 기타비유동금융자산 0 0
국제디와이 044180 기타비유동자산 0 0
국제디와이 044180 사용권자산 0 0
국제디와이 044180 이연법인세자산 0 0
국제디와이 044180 자산총계 36,596,507,144 25,922,891,051
국제디와이 044180 유동부채 18,341,545,850 11,353,069,330
국제디와이 044180 단기매입채무 0 0
국제디와이 044180 단기차입금 7,849,493,050 7,913,193,050
국제디와이 044180 유동성장기차입금 0 0
국제디와이 044180 유동성사채 0 0
국제디와이 044180 기타유동금융부채 0 0
국제디와이 044180 기타유동부채 155,253,890 90,060,896
국제디와이 044180 당기법인세부채 0 0
국제디와이 044180 유동리스부채 0 0
국제디와이 044180 비유동부채 551,433,525 347,934,234
국제디와이 044180 사채 0 0
국제디와이 044180 장기차입금 300,000,000 0
국제디와이 044180 기타비유동금융부채 0 0
국제디와이 044180 이연법인세부채 0 0
국제디와이 044180 비유동리스부채 0 0
국제디와이 044180 부채총계 18,892,979,375 11,701,003,564
국제디와이 044180 자본금 15,248,619,400 13,576,766,700
국제디와이 044180 자본잉여금 0 0
국제디와이 044180 자본조정 0 0
국제디와이 044180 기타포괄손익누계액 0 0
국제디와이 044180 이익잉여금(결손금) 1,011,511,830 -27,760,761,244
국제디와이 044180 자본총계 17,703,527,769 14,221,887,487
국제디와이 044180 자본과부채총계 36,596,507,144 25,922,891,051
date : 2016-03-31
KD건설 044180 유동자산 28,370,254,931 26,140,575,905
KD건설 044180 현금및현금성자산 2,963,676,845 1,835,758,914
KD건설 044180 매출채권 및 기타유동채권
KD건설 044180 재고자산 11,711,305,313 11,621,037,202
KD건설 044180 기타유동금융자산 0 0
KD건설 044180 기타유동자산 417,212,010 604,343,158
KD건설 044180 매각예정비유동자산 0 0
KD건설 044180 비유동자산 9,509,730,222 9,579,118,273
KD건설 044180 장기금융상품 0 0
KD건설 044180 기타포괄손익-공정가치 0 0
KD건설 044180 당기손익인식공정가치측정금융자산 0 0
KD건설 044180 종속회사투자 0 0
KD건설 044180 관계회사투자 0 0
KD건설 044180 렌탈자산 0 0
KD건설 044180 유형자산 7,667,910,672 7,736,525,051
KD건설 044180 무형자산 109,292,265 110,065,937
KD건설 044180 기타비유동금융자산 0 0
KD건설 044180 기타비유동자산 0 0
KD건설 044180 사용권자산 0 0
KD건설 044180 이연법인세자산 0 0
KD건설 044180 자산총계 37,879,985,153 35,719,694,178
KD건설 044180 유동부채 20,609,922,679 17,773,451,804
KD건설 044180 단기매입채무 0 0
KD건설 044180 단기차입금 7,576,928,250 7,849,493,050
KD건설 044180 유동성장기차입금 0 0
KD건설 044180 유동성사채 0 0
KD건설 044180 기타유동금융부채 0 0
KD건설 044180 기타유동부채 136,336,991 155,253,890
KD건설 044180 당기법인세부채 0 0
KD건설 044180 유동리스부채 0 0
KD건설 044180 비유동부채 566,422,587 551,433,525
KD건설 044180 사채 0 0
KD건설 044180 장기차입금 300,000,000 300,000,000
KD건설 044180 기타비유동금융부채 0 0
KD건설 044180 이연법인세부채 0 0
KD건설 044180 비유동리스부채 0 0
KD건설 044180 부채총계 21,176,345,266 18,324,885,329
KD건설 044180 자본금 15,248,619,400 15,248,619,400
KD건설 044180 자본잉여금 0 0
KD건설 044180 자본조정 0 0
KD건설 044180 기타포괄손익누계액 0 0
KD건설 044180 이익잉여금(결손금) 11,623,948 702,792,910
KD건설 044180 자본총계 16,703,639,887 17,394,808,849
KD건설 044180 자본과부채총계 37,879,985,153 35,719,694,178
date : 2016-06-30
KD건설 044180 유동자산 32,145,419,751 26,140,575,905
KD건설 044180 현금및현금성자산 3,635,905,306 1,835,758,914
KD건설 044180 매출채권 및 기타유동채권
KD건설 044180 재고자산 15,408,497,216 11,621,037,202
KD건설 044180 기타유동금융자산 0 0
KD건설 044180 기타유동자산 463,823,825 604,343,158
KD건설 044180 매각예정비유동자산 0 0
KD건설 044180 비유동자산 8,830,157,896 9,579,118,273
KD건설 044180 장기금융상품 0 0
KD건설 044180 기타포괄손익-공정가치 0 0
KD건설 044180 당기손익인식공정가치측정금융자산 0 0
KD건설 044180 종속회사투자 0 0
KD건설 044180 관계회사투자 0 0
KD건설 044180 렌탈자산 0 0
KD건설 044180 유형자산 7,599,299,273 7,736,525,051
KD건설 044180 무형자산 108,518,593 110,065,937
KD건설 044180 기타비유동금융자산 0 0
KD건설 044180 기타비유동자산 0 0
KD건설 044180 사용권자산 0 0
KD건설 044180 이연법인세자산 0 0
KD건설 044180 자산총계 40,975,577,647 35,719,694,178
KD건설 044180 유동부채 23,388,263,522 17,773,451,804
KD건설 044180 단기매입채무 0 0
KD건설 044180 단기차입금 9,906,928,250 7,849,493,050
KD건설 044180 유동성장기차입금 0 0
KD건설 044180 유동성사채 0 0
KD건설 044180 기타유동금융부채 0 0
KD건설 044180 기타유동부채 152,859,796 155,253,890
KD건설 044180 당기법인세부채 0 0
KD건설 044180 유동리스부채 0 0
KD건설 044180 비유동부채 321,079,501 551,433,525
KD건설 044180 사채 0 0
KD건설 044180 장기차입금 300,000,000 551,433,525
KD건설 044180 기타비유동금융부채 0 0
KD건설 044180 이연법인세부채 0 0
KD건설 044180 비유동리스부채 0 0
KD건설 044180 부채총계 23,709,343,023 18,324,885,329
KD건설 044180 자본금 15,248,619,400 15,248,619,400
KD건설 044180 자본잉여금 0 0
KD건설 044180 자본조정 0 0
KD건설 044180 기타포괄손익누계액 0 0
KD건설 044180 이익잉여금(결손금) 574,218,685 702,792,910
KD건설 044180 자본총계 17,266,234,624 17,394,808,849
KD건설 044180 자본과부채총계 40,975,577,647 35,719,694,178
date : 2016-09-30
KD건설 044180 유동자산 42,397,422,928 26,140,575,905
KD건설 044180 현금및현금성자산 11,588,138,868 1,835,758,914
KD건설 044180 매출채권 및 기타유동채권
KD건설 044180 재고자산 15,553,845,521 11,621,037,202
KD건설 044180 기타유동금융자산 0 0
KD건설 044180 기타유동자산 2,925,151,303 604,343,158
KD건설 044180 매각예정비유동자산 0 0
KD건설 044180 비유동자산 10,832,416,694 9,579,118,273
KD건설 044180 장기금융상품 0 0
KD건설 044180 기타포괄손익-공정가치 0 0
KD건설 044180 당기손익인식공정가치측정금융자산 0 0
KD건설 044180 종속회사투자 0 0
KD건설 044180 관계회사투자 0 0
KD건설 044180 렌탈자산 0 0
KD건설 044180 유형자산 9,621,644,190 7,736,525,051
KD건설 044180 무형자산 107,744,914 110,065,937
KD건설 044180 기타비유동금융자산 0 0
KD건설 044180 기타비유동자산 0 0
KD건설 044180 사용권자산 0 0
KD건설 044180 이연법인세자산 0 0
KD건설 044180 자산총계 53,229,839,622 35,719,694,178
KD건설 044180 유동부채 11,938,204,397 17,773,451,804
KD건설 044180 단기매입채무 0 0
KD건설 044180 단기차입금 2,941,228,250 7,849,493,050
KD건설 044180 유동성장기차입금 0 0
KD건설 044180 유동성사채 0 0
KD건설 044180 기타유동금융부채 0 0
KD건설 044180 기타유동부채 315,329,816 155,253,890
KD건설 044180 당기법인세부채 0 0
KD건설 044180 유동리스부채 0 0
KD건설 044180 비유동부채 2,822,809,753 551,433,525
KD건설 044180 사채 0 0
KD건설 044180 장기차입금 2,500,000,000 300,000,000
KD건설 044180 기타비유동금융부채 0 0
KD건설 044180 이연법인세부채 0 0
KD건설 044180 비유동리스부채 0 0
KD건설 044180 부채총계 14,761,014,150 18,324,885,329
KD건설 044180 자본금 25,248,619,400 15,248,619,400
KD건설 044180 자본잉여금 0 0
KD건설 044180 자본조정 0 0
KD건설 044180 기타포괄손익누계액 0 0
KD건설 044180 이익잉여금(결손금) 858,632,523 702,792,910
KD건설 044180 자본총계 38,468,825,472 17,394,808,849
KD건설 044180 자본과부채총계 53,229,839,622 35,719,694,178
date : 2016-12-31
KD건설 044180 유동자산 43,969,179,598 27,017,388,871
KD건설 044180 현금및현금성자산 3,515,268,288 1,835,758,914
KD건설 044180 매출채권 및 기타유동채권
KD건설 044180 재고자산 17,395,272,876 11,693,856,662
KD건설 044180 기타유동금융자산 0 0
KD건설 044180 기타유동자산 5,759,647,294 604,343,158
KD건설 044180 매각예정비유동자산 0 0
KD건설 044180 비유동자산 13,664,163,204 9,579,118,273
KD건설 044180 장기금융상품 0 0
KD건설 044180 기타포괄손익-공정가치 0 0
KD건설 044180 당기손익인식공정가치측정금융자산 0 0
KD건설 044180 종속회사투자 0 0
KD건설 044180 관계회사투자 0 0
KD건설 044180 렌탈자산 0 0
KD건설 044180 유형자산 12,347,631,394 7,736,525,051
KD건설 044180 무형자산 108,750,040 110,065,937
KD건설 044180 기타비유동금융자산 0 0
KD건설 044180 기타비유동자산 0 0
KD건설 044180 사용권자산 0 0
KD건설 044180 이연법인세자산 0 0
KD건설 044180 자산총계 57,633,342,802 36,596,507,144
KD건설 044180 유동부채 12,848,067,257 18,341,545,850
KD건설 044180 단기매입채무 0 0
KD건설 044180 단기차입금 5,304,593,050 7,849,493,050
KD건설 044180 유동성장기차입금 0 0
KD건설 044180 유동성사채 0 0
KD건설 044180 기타유동금융부채 0 0
KD건설 044180 기타유동부채 375,443,073 155,253,890
KD건설 044180 당기법인세부채 0 0
KD건설 044180 유동리스부채 0 0
KD건설 044180 비유동부채 5,562,499,465 551,433,525
KD건설 044180 사채 0 0
KD건설 044180 장기차입금 5,068,440,000 300,000,000
KD건설 044180 기타비유동금융부채 0 0
KD건설 044180 이연법인세부채 0 0
KD건설 044180 비유동리스부채 0 0
KD건설 044180 부채총계 18,410,566,722 18,892,979,375
KD건설 044180 자본금 25,248,619,400 15,248,619,400
KD건설 044180 자본잉여금 0 0
KD건설 044180 자본조정 0 0
KD건설 044180 기타포괄손익누계액 0 0
KD건설 044180 이익잉여금(결손금) 1,284,171,505 1,011,511,830
KD건설 044180 자본총계 39,222,776,080 17,703,527,769
KD건설 044180 자본과부채총계 57,633,342,802 36,596,507,144
date : 2017-03-31
KD건설 044180 유동자산 39,442,929,876 43,969,179,598
KD건설 044180 현금및현금성자산 2,733,256,434 3,515,268,288
KD건설 044180 매출채권 및 기타유동채권
KD건설 044180 재고자산 20,731,221,954 17,395,272,876
KD건설 044180 기타유동금융자산 0 0
KD건설 044180 기타유동자산 6,521,845,507 5,759,647,294
KD건설 044180 매각예정비유동자산 0 0
KD건설 044180 비유동자산 16,263,405,383 13,664,163,204
KD건설 044180 장기금융상품 0 0
KD건설 044180 기타포괄손익-공정가치 0 0
KD건설 044180 당기손익인식공정가치측정금융자산 0 0
KD건설 044180 종속회사투자 0 0
KD건설 044180 관계회사투자 0 0
KD건설 044180 렌탈자산 0 0
KD건설 044180 유형자산 14,574,008,418 12,347,631,394
KD건설 044180 무형자산 107,947,245 108,750,040
KD건설 044180 기타비유동금융자산 0 0
KD건설 044180 기타비유동자산 0 0
KD건설 044180 사용권자산 0 0
KD건설 044180 이연법인세자산 0 0
KD건설 044180 자산총계 55,706,335,259 57,633,342,802
KD건설 044180 유동부채 12,055,343,948 12,848,067,257
KD건설 044180 단기매입채무 0 0
KD건설 044180 단기차입금 5,304,593,050 5,304,593,050
KD건설 044180 유동성장기차입금 0 0
KD건설 044180 유동성사채 0 0
KD건설 044180 기타유동금융부채 0 0
KD건설 044180 기타유동부채 386,523,578 375,443,073
KD건설 044180 당기법인세부채 0 0
KD건설 044180 유동리스부채 0 0
KD건설 044180 비유동부채 7,465,449,229 5,562,499,465
KD건설 044180 사채 0 0
KD건설 044180 장기차입금 6,968,440,000 5,068,440,000
KD건설 044180 기타비유동금융부채 0 0
KD건설 044180 이연법인세부채 0 0
KD건설 044180 비유동리스부채 0 0
KD건설 044180 부채총계 19,520,793,177 18,410,566,722
KD건설 044180 자본금 25,248,619,400 25,248,619,400
KD건설 044180 자본잉여금 0 0
KD건설 044180 자본조정 0 0
KD건설 044180 기타포괄손익누계액 0 0
KD건설 044180 이익잉여금(결손금) -1,749,580,373 1,284,171,505
KD건설 044180 자본총계 36,185,542,082 39,222,776,080
KD건설 044180 자본과부채총계 55,706,335,259 57,633,342,802
date : 2017-06-30
KD건설 044180 유동자산 33,910,913,334 43,969,179,598
KD건설 044180 현금및현금성자산 846,670,995 3,515,268,288
KD건설 044180 매출채권 및 기타유동채권
KD건설 044180 재고자산 19,936,886,321 17,395,272,876
KD건설 044180 기타유동금융자산 0 0
KD건설 044180 기타유동자산 7,994,164,591 5,759,647,294
KD건설 044180 매각예정비유동자산 0 0
KD건설 044180 비유동자산 21,215,700,629 13,664,163,204
KD건설 044180 장기금융상품 0 0
KD건설 044180 기타포괄손익-공정가치 0 0
KD건설 044180 당기손익인식공정가치측정금융자산 0 0
KD건설 044180 종속회사투자 0 0
KD건설 044180 관계회사투자 0 0
KD건설 044180 렌탈자산 0 0
KD건설 044180 유형자산 12,769,027,337 12,347,631,394
KD건설 044180 무형자산 107,144,508 108,750,040
KD건설 044180 기타비유동금융자산 0 0
KD건설 044180 기타비유동자산 1,520,000,000 0
KD건설 044180 사용권자산 0 0
KD건설 044180 이연법인세자산 0 0
KD건설 044180 자산총계 55,126,613,963 57,633,342,802
KD건설 044180 유동부채 13,326,707,455 12,848,067,257
KD건설 044180 단기매입채무 0 0
KD건설 044180 단기차입금 5,304,800,000 5,304,593,050
KD건설 044180 유동성장기차입금 0 0
KD건설 044180 유동성사채 0 0
KD건설 044180 기타유동금융부채 0 0
KD건설 044180 기타유동부채 133,228,654 118,534,068
KD건설 044180 당기법인세부채 0 0
KD건설 044180 유동리스부채 0 0
KD건설 044180 비유동부채 9,941,126,192 5,562,499,465
KD건설 044180 사채 0 0
KD건설 044180 장기차입금 9,393,600,000 5,068,440,000
KD건설 044180 기타비유동금융부채 0 0
KD건설 044180 이연법인세부채 0 0
KD건설 044180 비유동리스부채 0 0
KD건설 044180 부채총계 23,267,833,647 18,410,566,722
KD건설 044180 자본금 25,718,102,900 25,248,619,400
KD건설 044180 자본잉여금 0 0
KD건설 044180 자본조정 0 0
KD건설 044180 기타포괄손익누계액 0 0
KD건설 044180 이익잉여금(결손금) -7,078,374,684 1,284,171,505
KD건설 044180 자본총계 31,858,780,316 39,222,776,080
KD건설 044180 자본과부채총계 55,126,613,963 57,633,342,802
date : 2017-09-30
KD건설 044180 유동자산 47,221,905,615 43,969,179,598
KD건설 044180 현금및현금성자산 6,259,810,018 3,515,268,288
KD건설 044180 매출채권 7,333,778,410 11,752,860,933
KD건설 044180 재고자산 29,548,478,563 17,395,272,876
KD건설 044180 기타유동금융자산 0 0
KD건설 044180 기타유동자산 3,423,800,386 5,759,647,294
KD건설 044180 매각예정비유동자산 0 0
KD건설 044180 비유동자산 27,245,352,749 13,664,163,204
KD건설 044180 장기금융상품 401,723,890 78,621,800
KD건설 044180 기타포괄손익-공정가치 0 0
KD건설 044180 당기손익인식공정가치측정금융자산 0 0
KD건설 044180 종속회사투자 0 0
KD건설 044180 관계회사투자 0 0
KD건설 044180 렌탈자산 0 0
KD건설 044180 유형자산 12,721,541,618 12,347,631,394
KD건설 044180 무형자산 106,341,771 108,750,040
KD건설 044180 기타비유동금융자산 0 0
KD건설 044180 기타비유동자산 7,600,000,000 0
KD건설 044180 사용권자산 0 0
KD건설 044180 이연법인세자산 0 0
KD건설 044180 자산총계 74,467,258,364 57,633,342,802
KD건설 044180 유동부채 17,405,352,426 12,848,067,257
KD건설 044180 단기매입채무 1,516,306,141 2,691,413,468
KD건설 044180 단기차입금 3,600,000,000 5,304,593,050
KD건설 044180 유동성장기차입금 6,404,800,000 0
KD건설 044180 유동성사채 0 0
KD건설 044180 기타유동금융부채 0 0
KD건설 044180 기타유동부채 1,510,031,204 118,534,068
KD건설 044180 당기법인세부채 0 0
KD건설 044180 유동리스부채 0 0
KD건설 044180 비유동부채 9,972,639,895 5,562,499,465
KD건설 044180 사채 0 0
KD건설 044180 장기차입금 9,392,400,000 5,068,440,000
KD건설 044180 기타비유동금융부채 0 0
KD건설 044180 이연법인세부채 0 0
KD건설 044180 비유동리스부채 0 0
KD건설 044180 부채총계 27,377,992,321 18,410,566,722
KD건설 044180 자본금 35,569,171,400 25,248,619,400
KD건설 044180 자본잉여금 18,655,406,060 12,365,944,734
KD건설 044180 자본조정 0 0
KD건설 044180 기타포괄손익누계액 0 0
KD건설 044180 이익잉여금(결손금) -7,458,402,428 1,284,171,505
KD건설 044180 자본총계 47,089,266,043 39,222,776,080
KD건설 044180 자본과부채총계 74,467,258,364 57,633,342,802
date : 2017-12-31
KD건설 044180 유동자산 53,346,117,628 43,969,179,598
KD건설 044180 현금및현금성자산 63,553,050 3,515,268,288
KD건설 044180 매출채권 8,611,975,477 11,752,860,933
KD건설 044180 재고자산 30,484,690,519 17,395,272,876
KD건설 044180 기타유동금융자산 439,005,856 5,545,835,427
KD건설 044180 기타유동자산 3,104,093,097 5,759,647,294
KD건설 044180 매각예정비유동자산 2,744,516,269 5,545,835,427
KD건설 044180 비유동자산 30,398,109,097 13,664,163,204
KD건설 044180 장기금융상품 0 0
KD건설 044180 기타포괄손익-공정가치 0 0
KD건설 044180 당기손익인식공정가치측정금융자산 0 0
KD건설 044180 종속회사투자 0 0
KD건설 044180 관계회사투자 0 0
KD건설 044180 렌탈자산 0 0
KD건설 044180 유형자산 5,182,040,951 12,347,631,394
KD건설 044180 무형자산 105,539,034 108,750,040
KD건설 044180 기타비유동금융자산 16,703,402,425 308,156,700
KD건설 044180 기타비유동자산 0 0
KD건설 044180 사용권자산 0 0
KD건설 044180 이연법인세자산 0 0
KD건설 044180 자산총계 83,744,226,725 57,633,342,802
KD건설 044180 유동부채 35,793,083,926 12,848,067,257
KD건설 044180 단기매입채무 4,151,533,808 2,691,413,468
KD건설 044180 단기차입금 13,384,840,000 5,304,593,050
KD건설 044180 유동성장기차입금 0 0
KD건설 044180 유동성사채 0 0
KD건설 044180 기타유동금융부채 3,204,347,669 1,777,025,268
KD건설 044180 기타유동부채 1,099,810,187 118,534,068
KD건설 044180 당기법인세부채 0 0
KD건설 044180 유동리스부채 0 0
KD건설 044180 비유동부채 9,140,079,134 5,562,499,465
KD건설 044180 사채 0 0
KD건설 044180 장기차입금 8,704,490,000 5,068,440,000
KD건설 044180 기타비유동금융부채 0 0
KD건설 044180 이연법인세부채 0 0
KD건설 044180 비유동리스부채 0 0
KD건설 044180 부채총계 44,933,163,060 18,410,566,722
KD건설 044180 자본금 35,569,171,400 25,248,619,400
KD건설 044180 자본잉여금 18,655,406,060 12,365,944,734
KD건설 044180 자본조정 0 0
KD건설 044180 기타포괄손익누계액 0 0
KD건설 044180 이익잉여금(결손금) -15,744,034,556 1,284,171,505
KD건설 044180 자본총계 38,811,063,665 39,222,776,080
KD건설 044180 자본과부채총계 83,744,226,725 57,633,342,802
date : 2018-03-31
KD건설 044180 유동자산 57,354,859,039 53,346,117,628
KD건설 044180 현금및현금성자산 464,417,789 63,553,050
KD건설 044180 매출채권 8,962,497,266 8,611,975,477
KD건설 044180 재고자산 24,763,754,700 30,484,690,519
KD건설 044180 기타유동금융자산 2,250,639,648 439,005,856
KD건설 044180 기타유동자산 12,658,561,080 3,104,093,097
KD건설 044180 매각예정비유동자산 0 2,744,516,269
KD건설 044180 비유동자산 29,194,338,859 30,398,109,097
KD건설 044180 장기금융상품 0 0
KD건설 044180 기타포괄손익-공정가치 0 0
KD건설 044180 당기손익인식공정가치측정금융자산 0 0
KD건설 044180 종속회사투자 0 0
KD건설 044180 관계회사투자 0 0
KD건설 044180 렌탈자산 0 0
KD건설 044180 유형자산 11,625,341,788 5,182,040,951
KD건설 044180 무형자산 2,762,117 105,539,034
KD건설 044180 기타비유동금융자산 594,064,334 16,703,402,425
KD건설 044180 기타비유동자산 0 0
KD건설 044180 사용권자산 0 0
KD건설 044180 이연법인세자산 0 0
KD건설 044180 자산총계 86,549,197,898 83,744,226,725
KD건설 044180 유동부채 39,161,088,113 35,793,083,926
KD건설 044180 단기매입채무 5,077,279,002 4,151,533,808
KD건설 044180 단기차입금 5,709,920,000 13,384,840,000
KD건설 044180 유동성장기차입금 0 0
KD건설 044180 유동성사채 0 0
KD건설 044180 기타유동금융부채 2,534,662,269 3,204,347,669
KD건설 044180 기타유동부채 1,429,126,016 1,099,810,187
KD건설 044180 당기법인세부채 0 0
KD건설 044180 유동리스부채 0 0
KD건설 044180 비유동부채 9,590,083,069 9,140,079,134
KD건설 044180 사채 0 0
KD건설 044180 장기차입금 9,121,800,000 8,704,490,000
KD건설 044180 기타비유동금융부채 0 0
KD건설 044180 이연법인세부채 0 0
KD건설 044180 비유동리스부채 0 0
KD건설 044180 부채총계 48,751,171,182 44,933,163,060
KD건설 044180 자본금 35,569,171,400 35,569,171,400
KD건설 044180 자본잉여금 18,655,406,060 18,655,406,060
KD건설 044180 자본조정 0 0
KD건설 044180 기타포괄손익누계액 0 0
KD건설 044180 이익잉여금(결손금) -16,753,831,345 -15,744,034,556
KD건설 044180 자본총계 37,798,026,716 38,811,063,665
KD건설 044180 자본과부채총계 86,549,197,898 83,744,226,725
date : 2018-06-30
KD건설 044180 유동자산 74,893,809,639 53,346,117,628
KD건설 044180 현금및현금성자산 3,370,347,126 63,553,050
KD건설 044180 매출채권 352,537,584 8,611,975,477
KD건설 044180 재고자산 45,580,018,105 30,484,690,519
KD건설 044180 기타유동금융자산 12,864,590,269 439,005,856
KD건설 044180 기타유동자산 5,614,912,481 3,104,093,097
KD건설 044180 매각예정비유동자산 0 2,744,516,269
KD건설 044180 비유동자산 32,162,563,714 30,398,109,097
KD건설 044180 장기금융상품 0 0
KD건설 044180 기타포괄손익-공정가치 0 0
KD건설 044180 당기손익인식공정가치측정금융자산 0 0
KD건설 044180 종속회사투자 0 0
KD건설 044180 관계회사투자 0 0
KD건설 044180 렌탈자산 0 0
KD건설 044180 유형자산 5,039,479,835 5,182,040,951
KD건설 044180 무형자산 82,628,752 105,539,034
KD건설 044180 기타비유동금융자산 678,098,821 16,703,402,425
KD건설 044180 기타비유동자산 0 0
KD건설 044180 사용권자산 0 0
KD건설 044180 이연법인세자산 0 0
KD건설 044180 자산총계 107,056,373,353 83,744,226,725
KD건설 044180 유동부채 57,361,313,063 35,793,083,926
KD건설 044180 단기매입채무 5,902,616,030 4,151,533,808
KD건설 044180 단기차입금 5,702,560,000 13,384,840,000
KD건설 044180 유동성장기차입금 0 0
KD건설 044180 유동성사채 0 0
KD건설 044180 기타유동금융부채 4,172,343,972 3,204,347,669
KD건설 044180 기타유동부채 880,150,992 1,099,810,187
KD건설 044180 당기법인세부채 0 0
KD건설 044180 유동리스부채 0 0
KD건설 044180 비유동부채 18,013,211,138 9,140,079,134
KD건설 044180 사채 0 0
KD건설 044180 장기차입금 14,926,654,300 8,704,490,000
KD건설 044180 기타비유동금융부채 2,612,900,000 0
KD건설 044180 이연법인세부채 0 0
KD건설 044180 비유동리스부채 0 0
KD건설 044180 부채총계 75,374,524,201 44,933,163,060
KD건설 044180 자본금 35,569,171,400 35,569,171,400
KD건설 044180 자본잉여금 18,655,406,060 18,655,406,060
KD건설 044180 자본조정 0 0
KD건설 044180 기타포괄손익누계액 0 0
KD건설 044180 이익잉여금(결손금) -22,852,047,069 -15,744,034,556
KD건설 044180 자본총계 31,681,849,152 38,811,063,665
KD건설 044180 자본과부채총계 107,056,373,353 83,744,226,725
date : 2018-09-30
KD건설 044180 유동자산 80,068,061,607 53,346,117,628
KD건설 044180 현금및현금성자산 2,008,891,056 63,553,050
KD건설 044180 매출채권 1,091,439,216 8,611,975,477
KD건설 044180 재고자산 49,748,537,839 30,484,690,519
KD건설 044180 기타유동금융자산 13,794,480,923 439,005,856
KD건설 044180 기타유동자산 5,846,005,208 3,104,093,097
KD건설 044180 매각예정비유동자산 0 2,744,516,269
KD건설 044180 비유동자산 37,531,928,305 30,398,109,097
KD건설 044180 장기금융상품 0 0
KD건설 044180 기타포괄손익-공정가치 0 0
KD건설 044180 당기손익인식공정가치측정금융자산 0 0
KD건설 044180 종속회사투자 0 0
KD건설 044180 관계회사투자 0 0
KD건설 044180 렌탈자산 0 0
KD건설 044180 유형자산 4,980,184,364 5,182,040,951
KD건설 044180 무형자산 79,730,632 105,539,034
KD건설 044180 기타비유동금융자산 684,098,821 16,703,402,425
KD건설 044180 기타비유동자산 0 0
KD건설 044180 사용권자산 0 0
KD건설 044180 이연법인세자산 0 0
KD건설 044180 자산총계 117,599,989,912 83,744,226,725
KD건설 044180 유동부채 65,282,169,918 35,793,083,926
KD건설 044180 단기매입채무 7,095,081,616 4,151,533,808
KD건설 044180 단기차입금 7,955,000,000 13,384,840,000
KD건설 044180 유동성장기차입금 0 0
KD건설 044180 유동성사채 0 0
KD건설 044180 기타유동금융부채 4,543,330,758 3,204,347,669
KD건설 044180 기타유동부채 210,959,577 1,099,810,187
KD건설 044180 당기법인세부채 0 0
KD건설 044180 유동리스부채 0 0
KD건설 044180 비유동부채 19,833,352,210 9,140,079,134
KD건설 044180 사채 0 0
KD건설 044180 장기차입금 12,177,964,300 8,704,490,000
KD건설 044180 기타비유동금융부채 7,218,300,000 0
KD건설 044180 이연법인세부채 0 0
KD건설 044180 비유동리스부채 0 0
KD건설 044180 부채총계 85,115,522,128 44,933,163,060
KD건설 044180 자본금 35,569,171,400 35,569,171,400
KD건설 044180 자본잉여금 18,655,406,060 18,655,406,060
KD건설 044180 자본조정 0 0
KD건설 044180 기타포괄손익누계액 0 0
KD건설 044180 이익잉여금(결손금) -22,049,428,437 -15,744,034,556
KD건설 044180 자본총계 32,484,467,784 38,811,063,665
KD건설 044180 자본과부채총계 117,599,989,912 83,744,226,725
date : 2018-12-31
KD건설 044180 유동자산 80,968,674,632 53,346,117,628
KD건설 044180 현금및현금성자산 3,417,308,788 63,553,050
KD건설 044180 매출채권 310,067,543 8,611,975,477
KD건설 044180 재고자산 52,033,367,886 30,484,690,519
KD건설 044180 기타유동금융자산 11,935,382,863 439,005,856
KD건설 044180 기타유동자산 6,091,439,871 3,104,093,097
KD건설 044180 매각예정비유동자산 0 2,744,516,269
KD건설 044180 비유동자산 44,524,304,289 30,398,109,097
KD건설 044180 장기금융상품 0 0
KD건설 044180 기타포괄손익-공정가치 0 0
KD건설 044180 당기손익인식공정가치측정금융자산 0 0
KD건설 044180 종속회사투자 0 0
KD건설 044180 관계회사투자 0 0
KD건설 044180 렌탈자산 0 0
KD건설 044180 유형자산 4,772,000,240 5,182,040,951
KD건설 044180 무형자산 76,832,512 105,539,034
KD건설 044180 기타비유동금융자산 978,052,993 16,703,402,425
KD건설 044180 기타비유동자산 0 0
KD건설 044180 사용권자산 0 0
KD건설 044180 이연법인세자산 0 0
KD건설 044180 자산총계 125,492,978,921 83,744,226,725
KD건설 044180 유동부채 69,163,870,824 35,793,083,926
KD건설 044180 단기매입채무 11,570,561,694 4,151,533,808
KD건설 044180 단기차입금 14,203,200,000 13,384,840,000
KD건설 044180 유동성장기차입금 0 0
KD건설 044180 유동성사채 0 0
KD건설 044180 기타유동금융부채 2,648,129,567 3,204,347,669
KD건설 044180 기타유동부채 370,966,075 1,099,810,187
KD건설 044180 당기법인세부채 0 0
KD건설 044180 유동리스부채 0 0
KD건설 044180 비유동부채 22,503,777,746 9,140,079,134
KD건설 044180 사채 0 0
KD건설 044180 장기차입금 9,615,956,592 8,704,490,000
KD건설 044180 기타비유동금융부채 11,574,200,000 0
KD건설 044180 이연법인세부채 0 0
KD건설 044180 비유동리스부채 0 0
KD건설 044180 부채총계 91,667,648,570 44,933,163,060
KD건설 044180 자본금 38,773,426,200 35,569,171,400
KD건설 044180 자본잉여금 19,117,752,269 18,655,406,060
KD건설 044180 자본조정 0 0
KD건설 044180 기타포괄손익누계액 0 0
KD건설 044180 이익잉여금(결손금) -24,375,166,879 -15,744,034,556
KD건설 044180 자본총계 33,825,330,351 38,811,063,665
KD건설 044180 자본과부채총계 125,492,978,921 83,744,226,725
date : 2019-03-31
KD건설 044180 유동자산 62,461,644,796 80,968,674,632
KD건설 044180 현금및현금성자산 4,294,009,355 3,417,308,788
KD건설 044180 매출채권 2,815,222,434 310,067,543
KD건설 044180 재고자산 27,787,508,817 52,033,367,886
KD건설 044180 기타유동금융자산 20,455,562,888 11,935,382,863
KD건설 044180 기타유동자산 2,308,625,130 6,091,439,871
KD건설 044180 매각예정비유동자산 0 0
KD건설 044180 비유동자산 49,857,764,498 44,524,304,289
KD건설 044180 장기금융상품 0 0
KD건설 044180 기타포괄손익-공정가치 0 0
KD건설 044180 당기손익인식공정가치측정금융자산 0 0
KD건설 044180 종속회사투자 0 0
KD건설 044180 관계회사투자 0 0
KD건설 044180 렌탈자산 0 0
KD건설 044180 유형자산 4,744,047,260 4,772,000,240
KD건설 044180 무형자산 74,420,980 76,832,512
KD건설 044180 기타비유동금융자산 2,157,506,993 978,052,993
KD건설 044180 기타비유동자산 0 0
KD건설 044180 사용권자산 0 0
KD건설 044180 이연법인세자산 0 0
KD건설 044180 자산총계 112,319,409,294 125,492,978,921
KD건설 044180 유동부채 46,777,636,177 69,163,870,824
KD건설 044180 단기매입채무 0 0
KD건설 044180 단기차입금 21,498,943,961 14,203,200,000
KD건설 044180 유동성장기차입금 0 0
KD건설 044180 유동성사채 0 0
KD건설 044180 기타유동금융부채 3,301,674,081 2,648,129,567
KD건설 044180 기타유동부채 354,483,417 370,966,075
KD건설 044180 당기법인세부채 0 0
KD건설 044180 유동리스부채 0 0
KD건설 044180 비유동부채 23,861,280,292 22,503,777,746
KD건설 044180 사채 0 0
KD건설 044180 장기차입금 6,042,767,540 9,615,956,592
KD건설 044180 기타비유동금융부채 15,398,600,000 11,574,200,000
KD건설 044180 이연법인세부채 0 0
KD건설 044180 비유동리스부채 0 0
KD건설 044180 부채총계 70,638,916,469 91,667,648,570
KD건설 044180 자본금 39,176,652,000 38,773,426,200
KD건설 044180 자본잉여금 0 0
KD건설 044180 자본조정 0 0
KD건설 044180 기타포괄손익누계액 0 0
KD건설 044180 이익잉여금(결손금) 0 0
KD건설 044180 자본총계 41,680,492,825 33,825,330,351
KD건설 044180 자본과부채총계 112,319,409,294 125,492,978,921
