date : 2015-12-31
이-글 044960 유동자산 14,605,354,150 14,116,732,893
이-글 044960 현금및현금성자산 626,085,505 2,883,320,721
이-글 044960 매출채권 5,683,337,327 4,779,850,951
이-글 044960 재고자산 7,249,061,337 5,274,216,799
이-글 044960 기타유동금융자산 1,063,744,526 974,377,711
이-글 044960 기타유동자산 0 0
이-글 044960 매각예정비유동자산 0 0
이-글 044960 비유동자산 29,396,541,798 27,543,058,093
이-글 044960 장기금융상품 3,000,000 3,000,000
이-글 044960 기타포괄손익-공정가치 0 0
이-글 044960 당기손익인식공정가치측정금융자산 0 0
이-글 044960 종속회사투자 0 0
이-글 044960 관계회사투자 0 0
이-글 044960 렌탈자산 0 0
이-글 044960 유형자산 27,799,228,375 27,253,611,378
이-글 044960 무형자산 210,395,104 82,027,781
이-글 044960 기타비유동금융자산 1,123,274,100 14,400,000
이-글 044960 기타비유동자산 0 0
이-글 044960 사용권자산 0 0
이-글 044960 이연법인세자산 185,868,439 84,140,854
이-글 044960 자산총계 44,001,895,948 41,659,790,986
이-글 044960 유동부채 7,413,522,822 3,256,500,310
이-글 044960 단기매입채무 0 0
이-글 044960 단기차입금 3,381,509,846 1,000,000,000
이-글 044960 유동성장기차입금 1,170,020,000 199,800,000
이-글 044960 유동성사채 0 0
이-글 044960 기타유동금융부채 0 0
이-글 044960 기타유동부채 0 0
이-글 044960 당기법인세부채 0 0
이-글 044960 유동리스부채 0 0
이-글 044960 비유동부채 5,659,600,000 9,291,987,055
이-글 044960 사채 0 0
이-글 044960 장기차입금 5,659,600,000 5,821,700,000
이-글 044960 기타비유동금융부채 0 0
이-글 044960 이연법인세부채 0 0
이-글 044960 비유동리스부채 0 0
이-글 044960 부채총계 13,073,122,822 12,548,487,365
이-글 044960 자본금 5,834,217,000 5,574,041,000
이-글 044960 자본잉여금 0 0
이-글 044960 자본조정 0 0
이-글 044960 기타포괄손익누계액 0 0
이-글 044960 이익잉여금(결손금) 8,414,081,926 7,914,661,733
이-글 044960 자본총계 30,928,773,126 29,111,303,621
이-글 044960 자본과부채총계 44,001,895,948 41,659,790,986
date : 2016-03-31
이-글 044960 유동자산 15,406,438,968 14,605,354,150
이-글 044960 현금및현금성자산 670,541,628 626,085,505
이-글 044960 매출채권 5,547,039,539 5,683,337,327
이-글 044960 재고자산 7,930,872,091 7,249,061,337
이-글 044960 기타유동금융자산 1,225,587,045 1,063,744,526
이-글 044960 기타유동자산 0 0
이-글 044960 매각예정비유동자산 0 0
이-글 044960 비유동자산 29,057,408,377 29,396,541,798
이-글 044960 장기금융상품 3,000,000 3,000,000
이-글 044960 기타포괄손익-공정가치 0 0
이-글 044960 당기손익인식공정가치측정금융자산 0 0
이-글 044960 종속회사투자 0 0
이-글 044960 관계회사투자 0 0
이-글 044960 렌탈자산 0 0
이-글 044960 유형자산 27,437,129,546 27,799,228,375
이-글 044960 무형자산 202,121,676 210,395,104
이-글 044960 기타비유동금융자산 1,107,919,100 1,123,274,100
이-글 044960 기타비유동자산 0 0
이-글 044960 사용권자산 0 0
이-글 044960 이연법인세자산 174,542,275 185,868,439
이-글 044960 자산총계 44,463,847,345 44,001,895,948
이-글 044960 유동부채 8,271,725,586 7,413,522,822
이-글 044960 단기매입채무 0 0
이-글 044960 단기차입금 3,983,008,429 3,381,509,846
이-글 044960 유동성장기차입금 1,196,520,000 1,170,020,000
이-글 044960 유동성사채 0 0
이-글 044960 기타유동금융부채 0 0
이-글 044960 기타유동부채 0 0
이-글 044960 당기법인세부채 0 0
이-글 044960 유동리스부채 0 0
이-글 044960 비유동부채 5,575,590,000 5,659,600,000
이-글 044960 사채 0 0
이-글 044960 장기차입금 5,575,590,000 5,659,600,000
이-글 044960 기타비유동금융부채 0 0
이-글 044960 이연법인세부채 0 0
이-글 044960 비유동리스부채 0 0
이-글 044960 부채총계 13,847,315,586 13,073,122,822
이-글 044960 자본금 5,834,217,000 5,834,217,000
이-글 044960 자본잉여금 0 0
이-글 044960 자본조정 0 0
이-글 044960 기타포괄손익누계액 0 0
이-글 044960 이익잉여금(결손금) 8,101,840,559 8,414,081,926
이-글 044960 자본총계 30,616,531,759 30,928,773,126
이-글 044960 자본과부채총계 44,463,847,345 44,001,895,948
date : 2016-06-30
이-글 044960 유동자산 15,854,647,397 14,605,354,150
이-글 044960 현금및현금성자산 802,448,226 626,085,505
이-글 044960 매출채권 5,589,574,778 5,683,337,327
이-글 044960 재고자산 8,691,594,896 7,249,061,337
이-글 044960 기타유동금융자산 845,046,102 1,063,744,526
이-글 044960 기타유동자산 0 0
이-글 044960 매각예정비유동자산 0 0
이-글 044960 비유동자산 28,791,450,821 29,396,541,798
이-글 044960 장기금융상품 3,000,000 3,000,000
이-글 044960 기타포괄손익-공정가치 0 0
이-글 044960 당기손익인식공정가치측정금융자산 0 0
이-글 044960 종속회사투자 0 0
이-글 044960 관계회사투자 0 0
이-글 044960 렌탈자산 0 0
이-글 044960 유형자산 27,144,946,565 27,799,228,375
이-글 044960 무형자산 193,848,250 210,395,104
이-글 044960 기타비유동금융자산 1,117,215,100 1,123,274,100
이-글 044960 기타비유동자산 0 0
이-글 044960 사용권자산 0 0
이-글 044960 이연법인세자산 195,715,126 185,868,439
이-글 044960 자산총계 44,646,098,218 44,001,895,948
이-글 044960 유동부채 8,162,147,697 7,413,522,822
이-글 044960 단기매입채무 0 0
이-글 044960 단기차입금 4,099,426,263 3,381,509,846
이-글 044960 유동성장기차입금 1,209,646,000 1,170,020,000
이-글 044960 유동성사채 0 0
이-글 044960 기타유동금융부채 0 0
이-글 044960 기타유동부채 0 0
이-글 044960 당기법인세부채 0 0
이-글 044960 유동리스부채 0 0
이-글 044960 비유동부채 5,513,996,000 5,659,600,000
이-글 044960 사채 0 0
이-글 044960 장기차입금 5,513,996,000 5,659,600,000
이-글 044960 기타비유동금융부채 0 0
이-글 044960 이연법인세부채 0 0
이-글 044960 비유동리스부채 0 0
이-글 044960 부채총계 13,676,143,697 13,073,122,822
이-글 044960 자본금 5,834,217,000 5,834,217,000
이-글 044960 자본잉여금 0 0
이-글 044960 자본조정 0 0
이-글 044960 기타포괄손익누계액 0 0
이-글 044960 이익잉여금(결손금) 8,455,263,321 8,414,081,926
이-글 044960 자본총계 30,969,954,521 30,928,773,126
이-글 044960 자본과부채총계 44,646,098,218 44,001,895,948
date : 2016-09-30
이-글 044960 유동자산 15,967,058,146 14,605,354,150
이-글 044960 현금및현금성자산 854,665,424 626,085,505
이-글 044960 매출채권 5,456,655,711 5,683,337,327
이-글 044960 재고자산 8,931,174,648 7,249,061,337
이-글 044960 기타유동금융자산 881,965,093 1,063,744,526
이-글 044960 기타유동자산 0 0
이-글 044960 매각예정비유동자산 0 0
이-글 044960 비유동자산 28,650,159,664 29,396,541,798
이-글 044960 장기금융상품 3,000,000 3,000,000
이-글 044960 기타포괄손익-공정가치 0 0
이-글 044960 당기손익인식공정가치측정금융자산 0 0
이-글 044960 종속회사투자 0 0
이-글 044960 관계회사투자 0 0
이-글 044960 렌탈자산 0 0
이-글 044960 유형자산 26,937,870,634 27,799,228,375
이-글 044960 무형자산 185,574,823 210,395,104
이-글 044960 기타비유동금융자산 1,190,902,800 1,123,274,100
이-글 044960 기타비유동자산 0 0
이-글 044960 사용권자산 0 0
이-글 044960 이연법인세자산 196,285,627 185,868,439
이-글 044960 자산총계 44,617,217,810 44,001,895,948
이-글 044960 유동부채 8,299,131,523 7,413,522,822
이-글 044960 단기매입채무 0 0
이-글 044960 단기차입금 4,442,782,665 3,381,509,846
이-글 044960 유동성장기차입금 1,263,112,000 1,170,020,000
이-글 044960 유동성사채 0 0
이-글 044960 기타유동금융부채 0 0
이-글 044960 기타유동부채 0 0
이-글 044960 당기법인세부채 0 0
이-글 044960 유동리스부채 0 0
이-글 044960 비유동부채 5,401,706,000 5,659,600,000
이-글 044960 사채 0 0
이-글 044960 장기차입금 5,401,706,000 5,659,600,000
이-글 044960 기타비유동금융부채 0 0
이-글 044960 이연법인세부채 0 0
이-글 044960 비유동리스부채 0 0
이-글 044960 부채총계 13,700,837,523 13,073,122,822
이-글 044960 자본금 5,834,217,000 5,834,217,000
이-글 044960 자본잉여금 0 0
이-글 044960 자본조정 0 0
이-글 044960 기타포괄손익누계액 0 0
이-글 044960 이익잉여금(결손금) 8,401,689,087 8,414,081,926
이-글 044960 자본총계 30,916,380,287 30,928,773,126
이-글 044960 자본과부채총계 44,617,217,810 44,001,895,948
date : 2016-12-31
이-글 044960 유동자산 17,411,581,928 14,605,354,150
이-글 044960 현금및현금성자산 752,822,611 626,085,505
이-글 044960 매출채권 6,113,896,730 5,683,337,327
이-글 044960 재고자산 8,484,162,657 7,249,061,337
이-글 044960 기타유동금융자산 2,199,521,165 1,063,744,526
이-글 044960 기타유동자산 0 0
이-글 044960 매각예정비유동자산 0 0
이-글 044960 비유동자산 28,767,888,799 29,396,541,798
이-글 044960 장기금융상품 3,000,000 3,000,000
이-글 044960 기타포괄손익-공정가치 0 0
이-글 044960 당기손익인식공정가치측정금융자산 0 0
이-글 044960 종속회사투자 0 0
이-글 044960 관계회사투자 0 0
이-글 044960 렌탈자산 0 0
이-글 044960 유형자산 26,898,003,336 27,799,228,375
이-글 044960 무형자산 184,066,856 210,395,104
이-글 044960 기타비유동금융자산 1,297,380,600 1,123,274,100
이-글 044960 기타비유동자산 0 0
이-글 044960 사용권자산 0 0
이-글 044960 이연법인세자산 248,912,227 185,868,439
이-글 044960 자산총계 46,179,470,727 44,001,895,948
이-글 044960 유동부채 9,124,045,970 7,413,522,822
이-글 044960 단기매입채무 0 0
이-글 044960 단기차입금 4,353,161,298 3,381,509,846
이-글 044960 유동성장기차입금 1,290,040,000 1,170,020,000
이-글 044960 유동성사채 0 0
이-글 044960 기타유동금융부채 0 0
이-글 044960 기타유동부채 0 0
이-글 044960 당기법인세부채 0 0
이-글 044960 유동리스부채 0 0
이-글 044960 비유동부채 5,398,760,000 5,659,600,000
이-글 044960 사채 0 0
이-글 044960 장기차입금 5,398,760,000 5,659,600,000
이-글 044960 기타비유동금융부채 0 0
이-글 044960 이연법인세부채 0 0
이-글 044960 비유동리스부채 0 0
이-글 044960 부채총계 14,522,805,970 13,073,122,822
이-글 044960 자본금 5,834,217,000 5,834,217,000
이-글 044960 자본잉여금 0 0
이-글 044960 자본조정 0 0
이-글 044960 기타포괄손익누계액 0 0
이-글 044960 이익잉여금(결손금) 10,082,519,277 8,414,081,926
이-글 044960 자본총계 31,656,664,757 30,928,773,126
이-글 044960 자본과부채총계 46,179,470,727 44,001,895,948
date : 2017-03-31
이-글 044960 유동자산 17,819,502,812 17,411,581,928
이-글 044960 현금및현금성자산 804,277,488 752,822,611
이-글 044960 매출채권 6,844,331,265 6,113,896,730
이-글 044960 재고자산 8,916,617,998 8,484,162,657
이-글 044960 기타유동금융자산 1,203,371,881 2,199,521,165
이-글 044960 기타유동자산 0 0
이-글 044960 매각예정비유동자산 0 0
이-글 044960 비유동자산 28,358,453,479 28,767,888,799
이-글 044960 장기금융상품 3,000,000 3,000,000
이-글 044960 기타포괄손익-공정가치 0 0
이-글 044960 당기손익인식공정가치측정금융자산 0 0
이-글 044960 종속회사투자 0 0
이-글 044960 관계회사투자 0 0
이-글 044960 렌탈자산 0 0
이-글 044960 유형자산 26,545,603,608 26,898,003,336
이-글 044960 무형자산 236,707,759 184,066,856
이-글 044960 기타비유동금융자산 1,209,693,000 1,297,380,600
이-글 044960 기타비유동자산 0 0
이-글 044960 사용권자산 0 0
이-글 044960 이연법인세자산 222,171,412 248,912,227
이-글 044960 자산총계 46,177,956,291 46,179,470,727
이-글 044960 유동부채 10,026,595,739 9,124,045,970
이-글 044960 단기매입채무 0 0
이-글 044960 단기차입금 5,623,287,178 4,353,161,298
이-글 044960 유동성장기차입금 1,267,864,000 1,290,040,000
이-글 044960 유동성사채 0 0
이-글 044960 기타유동금융부채 0 0
이-글 044960 기타유동부채 0 0
이-글 044960 당기법인세부채 0 0
이-글 044960 유동리스부채 0 0
이-글 044960 비유동부채 5,280,050,000 5,398,760,000
이-글 044960 사채 0 0
이-글 044960 장기차입금 5,280,050,000 5,398,760,000
이-글 044960 기타비유동금융부채 0 0
이-글 044960 이연법인세부채 0 0
이-글 044960 비유동리스부채 0 0
이-글 044960 부채총계 15,306,645,739 14,522,805,970
이-글 044960 자본금 5,834,217,000 5,834,217,000
이-글 044960 자본잉여금 0 0
이-글 044960 자본조정 0 0
이-글 044960 기타포괄손익누계액 0 0
이-글 044960 이익잉여금(결손금) 10,453,177,042 10,082,519,277
이-글 044960 자본총계 30,871,310,552 31,656,664,757
이-글 044960 자본과부채총계 46,177,956,291 46,179,470,727
date : 2017-06-30
이-글 044960 유동자산 18,678,784,002 17,411,581,928
이-글 044960 현금및현금성자산 372,208,063 641,785,717
이-글 044960 매출채권 8,407,155,192 6,113,896,730
이-글 044960 재고자산 9,024,776,100 8,484,162,657
이-글 044960 기타유동금융자산 751,719,491 2,199,521,165
이-글 044960 기타유동자산 0 0
이-글 044960 매각예정비유동자산 0 0
이-글 044960 비유동자산 28,194,651,883 28,767,888,799
이-글 044960 장기금융상품 3,000,000 3,000,000
이-글 044960 기타포괄손익-공정가치 0 0
이-글 044960 당기손익인식공정가치측정금융자산 0 0
이-글 044960 종속회사투자 0 0
이-글 044960 관계회사투자 0 0
이-글 044960 렌탈자산 0 0
이-글 044960 유형자산 26,237,992,264 26,898,003,336
이-글 044960 무형자산 320,617,290 184,066,856
이-글 044960 기타비유동금융자산 1,231,994,500 1,297,380,600
이-글 044960 기타비유동자산 0 0
이-글 044960 사용권자산 0 0
이-글 044960 이연법인세자산 246,570,129 248,912,227
이-글 044960 자산총계 46,873,435,885 46,179,470,727
이-글 044960 유동부채 10,716,213,233 9,124,045,970
이-글 044960 단기매입채무 0 0
이-글 044960 단기차입금 5,685,158,372 4,353,161,298
이-글 044960 유동성장기차입금 1,948,264,000 1,290,040,000
이-글 044960 유동성사채 0 0
이-글 044960 기타유동금융부채 0 0
이-글 044960 기타유동부채 0 0
이-글 044960 당기법인세부채 0 0
이-글 044960 유동리스부채 0 0
이-글 044960 비유동부채 4,548,664,000 5,398,760,000
이-글 044960 사채 0 0
이-글 044960 장기차입금 4,548,664,000 5,398,760,000
이-글 044960 기타비유동금융부채 0 0
이-글 044960 이연법인세부채 0 0
이-글 044960 비유동리스부채 0 0
이-글 044960 부채총계 15,264,877,233 14,522,805,970
이-글 044960 자본금 5,834,217,000 5,834,217,000
이-글 044960 자본잉여금 0 0
이-글 044960 자본조정 0 0
이-글 044960 기타포괄손익누계액 0 0
이-글 044960 이익잉여금(결손금) 11,190,425,142 10,082,519,277
이-글 044960 자본총계 31,608,558,652 31,656,664,757
이-글 044960 자본과부채총계 46,873,435,885 46,179,470,727
date : 2017-09-30
이-글 044960 유동자산 18,976,236,047 17,411,581,928
이-글 044960 현금및현금성자산 1,154,495,053 641,785,717
이-글 044960 매출채권 7,580,831,867 6,113,896,730
이-글 044960 재고자산 9,194,482,817 8,484,162,657
이-글 044960 기타유동금융자산 312,736,291 718,476,869
이-글 044960 기타유동자산 0 0
이-글 044960 매각예정비유동자산 0 0
이-글 044960 비유동자산 27,837,099,539 28,767,888,799
이-글 044960 장기금융상품 3,000,000 3,000,000
이-글 044960 기타포괄손익-공정가치 0 0
이-글 044960 당기손익인식공정가치측정금융자산 0 0
이-글 044960 종속회사투자 0 0
이-글 044960 관계회사투자 0 0
이-글 044960 렌탈자산 0 0
이-글 044960 유형자산 25,864,648,829 26,898,003,336
이-글 044960 무형자산 315,110,136 185,066,856
이-글 044960 기타비유동금융자산 147,514,100 147,514,100
이-글 044960 기타비유동자산 0 0
이-글 044960 사용권자산 0 0
이-글 044960 이연법인세자산 263,130,474 248,912,227
이-글 044960 자산총계 46,813,335,586 46,179,470,727
이-글 044960 유동부채 10,393,579,484 9,124,045,970
이-글 044960 단기매입채무 639,885,608 872,413,222
이-글 044960 단기차입금 5,805,224,235 4,353,161,298
이-글 044960 유동성장기차입금 1,949,968,000 1,290,040,000
이-글 044960 유동성사채 0 0
이-글 044960 기타유동금융부채 0 0
이-글 044960 기타유동부채 0 0
이-글 044960 당기법인세부채 0 0
이-글 044960 유동리스부채 0 0
이-글 044960 비유동부채 4,482,986,000 5,398,760,000
이-글 044960 사채 0 0
이-글 044960 장기차입금 4,482,986,000 5,398,760,000
이-글 044960 기타비유동금융부채 0 0
이-글 044960 이연법인세부채 0 0
이-글 044960 비유동리스부채 0 0
이-글 044960 부채총계 14,876,565,484 14,522,805,970
이-글 044960 자본금 5,834,217,000 5,834,217,000
이-글 044960 자본잉여금 16,680,474,200 16,680,474,200
이-글 044960 자본조정 0 0
이-글 044960 기타포괄손익누계액 0 0
이-글 044960 이익잉여금(결손금) 11,518,636,592 10,082,519,277
이-글 044960 자본총계 31,936,770,102 31,656,664,757
이-글 044960 자본과부채총계 46,813,335,586 46,179,470,727
date : 2017-12-31
이-글 044960 유동자산 20,922,463,410 17,411,581,928
이-글 044960 현금및현금성자산 751,258,853 641,785,717
이-글 044960 매출채권 7,555,862,784 6,113,896,730
이-글 044960 재고자산 11,498,396,450 8,484,162,657
이-글 044960 기타유동금융자산 567,619,082 718,476,869
이-글 044960 기타유동자산 0 0
이-글 044960 매각예정비유동자산 0 0
이-글 044960 비유동자산 28,845,391,456 28,767,888,799
이-글 044960 장기금융상품 3,000,000 3,000,000
이-글 044960 기타포괄손익-공정가치 0 0
이-글 044960 당기손익인식공정가치측정금융자산 0 0
이-글 044960 종속회사투자 0 0
이-글 044960 관계회사투자 0 0
이-글 044960 렌탈자산 0 0
이-글 044960 유형자산 26,931,917,357 26,898,003,336
이-글 044960 무형자산 303,890,201 185,066,856
이-글 044960 기타비유동금융자산 147,514,100 147,514,100
이-글 044960 기타비유동자산 0 0
이-글 044960 사용권자산 0 0
이-글 044960 이연법인세자산 286,833,498 248,912,227
이-글 044960 자산총계 49,767,854,866 46,179,470,727
이-글 044960 유동부채 13,451,433,612 9,124,045,970
이-글 044960 단기매입채무 2,684,938,405 872,413,222
이-글 044960 단기차입금 5,670,847,940 4,353,161,298
이-글 044960 유동성장기차입금 1,918,503,500 1,290,040,000
이-글 044960 유동성사채 0 0
이-글 044960 기타유동금융부채 85,606,224 0
이-글 044960 기타유동부채 0 0
이-글 044960 당기법인세부채 0 0
이-글 044960 유동리스부채 0 0
이-글 044960 비유동부채 4,403,480,500 5,398,760,000
이-글 044960 사채 0 0
이-글 044960 장기차입금 4,403,480,500 5,398,760,000
이-글 044960 기타비유동금융부채 0 0
이-글 044960 이연법인세부채 0 0
이-글 044960 비유동리스부채 0 0
이-글 044960 부채총계 17,854,914,112 14,522,805,970
이-글 044960 자본금 5,834,217,000 5,834,217,000
이-글 044960 자본잉여금 16,767,523,395 16,680,474,200
이-글 044960 자본조정 0 0
이-글 044960 기타포괄손익누계액 0 0
이-글 044960 이익잉여금(결손금) 11,407,758,049 10,082,519,277
이-글 044960 자본총계 31,912,940,754 31,656,664,757
이-글 044960 자본과부채총계 49,767,854,866 46,179,470,727
date : 2018-03-31
이-글 044960 유동자산 19,880,890,913 20,922,463,410
이-글 044960 현금및현금성자산 667,896,050 751,258,853
이-글 044960 매출채권 7,595,391,986 7,555,862,784
이-글 044960 재고자산 9,789,451,651 11,498,396,450
이-글 044960 기타유동금융자산 642,039,607 567,619,082
이-글 044960 기타유동자산 0 0
이-글 044960 매각예정비유동자산 0 0
이-글 044960 비유동자산 26,917,732,079 28,845,391,456
이-글 044960 장기금융상품 13,000,000 3,000,000
이-글 044960 기타포괄손익-공정가치 0 0
이-글 044960 당기손익인식공정가치측정금융자산 0 0
이-글 044960 종속회사투자 0 0
이-글 044960 관계회사투자 0 0
이-글 044960 렌탈자산 0 0
이-글 044960 유형자산 24,809,541,334 26,931,917,357
이-글 044960 무형자산 294,202,007 303,890,201
이-글 044960 기타비유동금융자산 147,514,100 147,514,100
이-글 044960 기타비유동자산 0 0
이-글 044960 사용권자산 0 0
이-글 044960 이연법인세자산 285,888,438 286,833,498
이-글 044960 자산총계 46,798,622,992 49,767,854,866
이-글 044960 유동부채 10,434,074,854 13,451,433,612
이-글 044960 단기매입채무 1,256,525,426 2,684,938,405
이-글 044960 단기차입금 4,569,271,614 5,670,847,940
이-글 044960 유동성장기차입금 1,904,057,500 1,918,503,500
이-글 044960 유동성사채 0 0
이-글 044960 기타유동금융부채 66,615,760 85,606,224
이-글 044960 기타유동부채 0 0
이-글 044960 당기법인세부채 0 0
이-글 044960 유동리스부채 0 0
이-글 044960 비유동부채 4,351,192,500 4,403,480,500
이-글 044960 사채 0 0
이-글 044960 장기차입금 4,351,192,500 4,403,480,500
이-글 044960 기타비유동금융부채 0 0
이-글 044960 이연법인세부채 0 0
이-글 044960 비유동리스부채 0 0
이-글 044960 부채총계 14,785,267,354 17,854,914,112
이-글 044960 자본금 5,834,217,000 5,834,217,000
이-글 044960 자본잉여금 16,767,523,395 16,767,523,395
이-글 044960 자본조정 0 0
이-글 044960 기타포괄손익누계액 0 0
이-글 044960 이익잉여금(결손금) 11,508,172,933 11,407,758,049
이-글 044960 자본총계 32,013,355,638 31,912,940,754
이-글 044960 자본과부채총계 46,798,622,992 49,767,854,866
date : 2018-06-30
이글벳 044960 유동자산 19,915,896,857 20,922,463,410
이글벳 044960 현금및현금성자산 789,698,103 751,258,853
이글벳 044960 매출채권 7,572,769,312 7,555,862,784
이글벳 044960 재고자산 11,215,757,543 11,498,396,450
이글벳 044960 기타유동금융자산 658,811,609 567,619,082
이글벳 044960 기타유동자산 0 0
이글벳 044960 매각예정비유동자산 0 0
이글벳 044960 비유동자산 26,988,512,442 28,845,391,456
이글벳 044960 장기금융상품 25,522,750 3,000,000
이글벳 044960 기타포괄손익-공정가치 0 0
이글벳 044960 당기손익인식공정가치측정금융자산 0 0
이글벳 044960 종속회사투자 0 0
이글벳 044960 관계회사투자 0 0
이글벳 044960 렌탈자산 0 0
이글벳 044960 유형자산 24,685,834,964 26,931,917,357
이글벳 044960 무형자산 282,943,128 303,890,201
이글벳 044960 기타비유동금융자산 147,514,100 147,514,100
이글벳 044960 기타비유동자산 0 0
이글벳 044960 사용권자산 0 0
이글벳 044960 이연법인세자산 530,457,033 286,833,498
이글벳 044960 자산총계 46,904,409,299 49,767,854,866
이글벳 044960 유동부채 11,176,027,486 13,451,433,612
이글벳 044960 단기매입채무 2,982,250,604 2,684,938,405
이글벳 044960 단기차입금 3,522,985,881 5,670,847,940
이글벳 044960 유동성장기차입금 1,901,684,250 1,918,503,500
이글벳 044960 유동성사채 0 0
이글벳 044960 기타유동금융부채 0 85,606,224
이글벳 044960 기타유동부채 0 0
이글벳 044960 당기법인세부채 0 0
이글벳 044960 유동리스부채 0 0
이글벳 044960 비유동부채 3,639,103,750 4,403,480,500
이글벳 044960 사채 0 0
이글벳 044960 장기차입금 3,639,103,750 4,403,480,500
이글벳 044960 기타비유동금융부채 0 0
이글벳 044960 이연법인세부채 0 0
이글벳 044960 비유동리스부채 0 0
이글벳 044960 부채총계 14,815,131,236 17,854,914,112
이글벳 044960 자본금 5,834,217,000 5,834,217,000
이글벳 044960 자본잉여금 16,767,523,395 16,767,523,395
이글벳 044960 자본조정 0 0
이글벳 044960 기타포괄손익누계액 0 0
이글벳 044960 이익잉여금(결손금) 11,584,095,358 11,407,758,049
이글벳 044960 자본총계 32,089,278,063 31,912,940,754
이글벳 044960 자본과부채총계 46,904,409,299 49,767,854,866
date : 2018-09-30
이글벳 044960 유동자산 19,925,209,242 20,922,463,410
이글벳 044960 현금및현금성자산 962,612,957 751,258,853
이글벳 044960 매출채권 7,607,553,649 7,555,862,784
이글벳 044960 재고자산 11,313,670,795 11,498,396,450
이글벳 044960 기타유동금융자산 689,755,412 567,619,082
이글벳 044960 기타유동자산 0 0
이글벳 044960 매각예정비유동자산 0 0
이글벳 044960 비유동자산 26,843,042,987 28,845,391,456
이글벳 044960 장기금융상품 39,036,400 3,000,000
이글벳 044960 기타포괄손익-공정가치 0 0
이글벳 044960 당기손익인식공정가치측정금융자산 0 0
이글벳 044960 종속회사투자 0 0
이글벳 044960 관계회사투자 0 0
이글벳 044960 렌탈자산 0 0
이글벳 044960 유형자산 24,463,727,177 26,931,917,357
이글벳 044960 무형자산 283,102,655 303,890,201
이글벳 044960 기타비유동금융자산 147,514,100 147,514,100
이글벳 044960 기타비유동자산 73,130,000 0
이글벳 044960 사용권자산 0 0
이글벳 044960 이연법인세자산 550,914,406 286,833,498
이글벳 044960 자산총계 46,768,252,229 49,767,854,866
이글벳 044960 유동부채 8,676,785,934 13,451,433,612
이글벳 044960 단기매입채무 1,747,317,261 2,684,938,405
이글벳 044960 단기차입금 3,139,834,460 5,670,847,940
이글벳 044960 유동성장기차입금 1,885,953,000 1,918,503,500
이글벳 044960 유동성사채 0 0
이글벳 044960 기타유동금융부채 0 85,606,224
이글벳 044960 기타유동부채 0 0
이글벳 044960 당기법인세부채 0 0
이글벳 044960 유동리스부채 0 0
이글벳 044960 비유동부채 3,584,113,000 4,403,480,500
이글벳 044960 사채 0 0
이글벳 044960 장기차입금 3,584,113,000 4,403,480,500
이글벳 044960 기타비유동금융부채 0 0
이글벳 044960 이연법인세부채 0 0
이글벳 044960 비유동리스부채 0 0
이글벳 044960 부채총계 12,260,898,934 17,854,914,112
이글벳 044960 자본금 6,320,941,500 5,834,217,000
이글벳 044960 자본잉여금 19,026,257,120 16,767,523,395
이글벳 044960 자본조정 0 0
이글벳 044960 기타포괄손익누계액 0 0
이글벳 044960 이익잉여금(결손금) 11,256,712,365 11,407,758,049
이글벳 044960 자본총계 34,507,353,295 31,912,940,754
이글벳 044960 자본과부채총계 46,768,252,229 49,767,854,866
date : 2018-12-31
이글벳 044960 유동자산 19,550,937,605 20,922,463,410
이글벳 044960 현금및현금성자산 448,957,534 751,258,853
이글벳 044960 매출채권 7,203,815,455 7,555,862,784
이글벳 044960 재고자산 11,240,469,149 11,498,396,450
이글벳 044960 기타유동금융자산 548,157,492 567,619,082
이글벳 044960 기타유동자산 0 0
이글벳 044960 매각예정비유동자산 0 0
이글벳 044960 비유동자산 26,559,802,257 28,845,391,456
이글벳 044960 장기금융상품 52,550,050 3,000,000
이글벳 044960 기타포괄손익-공정가치 0 0
이글벳 044960 당기손익인식공정가치측정금융자산 0 0
이글벳 044960 종속회사투자 0 0
이글벳 044960 관계회사투자 0 0
이글벳 044960 렌탈자산 0 0
이글벳 044960 유형자산 24,173,849,738 26,931,917,357
이글벳 044960 무형자산 272,179,268 303,890,201
이글벳 044960 기타비유동금융자산 147,514,100 147,514,100
이글벳 044960 기타비유동자산 73,130,000 0
이글벳 044960 사용권자산 0 0
이글벳 044960 이연법인세자산 539,235,053 286,833,498
이글벳 044960 자산총계 46,110,739,862 49,767,854,866
이글벳 044960 유동부채 7,971,086,253 13,451,433,612
이글벳 044960 단기매입채무 1,815,331,306 2,684,938,405
이글벳 044960 단기차입금 2,270,629,979 5,670,847,940
이글벳 044960 유동성장기차입금 1,886,979,000 1,918,503,500
이글벳 044960 유동성사채 0 0
이글벳 044960 기타유동금융부채 0 85,606,224
이글벳 044960 기타유동부채 0 0
이글벳 044960 당기법인세부채 0 0
이글벳 044960 유동리스부채 0 0
이글벳 044960 비유동부채 3,593,400,610 4,403,480,500
이글벳 044960 사채 0 0
이글벳 044960 장기차입금 3,532,029,250 4,403,480,500
이글벳 044960 기타비유동금융부채 0 0
이글벳 044960 이연법인세부채 0 0
이글벳 044960 비유동리스부채 0 0
이글벳 044960 부채총계 11,564,486,863 17,854,914,112
이글벳 044960 자본금 6,320,941,500 5,834,217,000
이글벳 044960 자본잉여금 19,026,257,120 16,767,523,395
이글벳 044960 자본조정 0 0
이글벳 044960 기타포괄손익누계액 0 0
이글벳 044960 이익잉여금(결손금) 11,295,612,069 11,407,758,049
이글벳 044960 자본총계 34,546,252,999 31,912,940,754
이글벳 044960 자본과부채총계 46,110,739,862 49,767,854,866
date : 2019-03-31
이글벳 044960 유동자산 22,203,832,824 19,550,937,605
이글벳 044960 현금및현금성자산 601,435,579 448,957,534
이글벳 044960 매출채권 7,674,122,079 7,203,815,455
이글벳 044960 재고자산 12,651,152,156 11,240,469,149
이글벳 044960 기타유동금융자산 619,966,906 548,157,492
이글벳 044960 기타유동자산 0 0
이글벳 044960 매각예정비유동자산 0 0
이글벳 044960 비유동자산 26,416,117,136 26,559,802,257
이글벳 044960 장기금융상품 66,063,700 52,550,050
이글벳 044960 기타포괄손익-공정가치 0 0
이글벳 044960 당기손익인식공정가치측정금융자산 0 0
이글벳 044960 종속회사투자 0 0
이글벳 044960 관계회사투자 0 0
이글벳 044960 렌탈자산 0 0
이글벳 044960 유형자산 24,067,907,579 24,173,849,738
이글벳 044960 무형자산 261,008,129 272,179,268
이글벳 044960 기타비유동금융자산 147,514,100 147,514,100
이글벳 044960 기타비유동자산 73,130,000 73,130,000
이글벳 044960 사용권자산 271,695,073 24,173,849,738
이글벳 044960 이연법인세자산 509,064,203 539,235,053
이글벳 044960 자산총계 48,619,949,960 46,110,739,862
이글벳 044960 유동부채 10,316,218,192 7,971,086,253
이글벳 044960 단기매입채무 3,119,482,310 1,815,331,306
이글벳 044960 단기차입금 2,967,245,963 2,270,629,979
이글벳 044960 유동성장기차입금 1,890,722,000 1,886,979,000
이글벳 044960 유동성사채 0 0
이글벳 044960 기타유동금융부채 0 0
이글벳 044960 기타유동부채 0 0
이글벳 044960 당기법인세부채 0 0
이글벳 044960 유동리스부채 0 0
이글벳 044960 비유동부채 3,530,687,000 3,593,400,610
이글벳 044960 사채 0 0
이글벳 044960 장기차입금 3,480,791,000 3,532,029,250
이글벳 044960 기타비유동금융부채 0 0
이글벳 044960 이연법인세부채 0 0
이글벳 044960 비유동리스부채 0 0
이글벳 044960 부채총계 13,846,905,192 11,564,486,863
이글벳 044960 자본금 6,320,941,500 6,320,941,500
이글벳 044960 자본잉여금 19,026,257,120 19,026,257,120
이글벳 044960 자본조정 0 0
이글벳 044960 기타포괄손익누계액 0 0
이글벳 044960 이익잉여금(결손금) 11,522,403,838 11,295,612,069
이글벳 044960 자본총계 34,773,044,768 34,546,252,999
이글벳 044960 자본과부채총계 48,619,949,960 46,110,739,862
