date : 2015-12-31
한일네트웍스 046110 유동자산 20,427,443,007 28,434,198,283
한일네트웍스 046110 현금및현금성자산 4,033,465,592 11,463,954,817
한일네트웍스 046110 매출채권 10,241,319,602 12,666,663,023
한일네트웍스 046110 재고자산 4,297,169,784 1,842,564,591
한일네트웍스 046110 기타유동금융자산 0 0
한일네트웍스 046110 기타유동자산 794,613,938 577,950,589
한일네트웍스 046110 매각예정비유동자산 0 0
한일네트웍스 046110 비유동자산 22,581,066,983 18,823,412,858
한일네트웍스 046110 장기금융상품 50,000,000 331,982,000
한일네트웍스 046110 기타포괄손익-공정가치 0 0
한일네트웍스 046110 당기손익인식공정가치측정금융자산 0 0
한일네트웍스 046110 종속회사투자 0 0
한일네트웍스 046110 관계회사투자 0 0
한일네트웍스 046110 렌탈자산 0 0
한일네트웍스 046110 유형자산 6,490,759,699 7,172,506,965
한일네트웍스 046110 무형자산 466,840,546 591,358,641
한일네트웍스 046110 기타비유동금융자산 0 0
한일네트웍스 046110 기타비유동자산 163,623,922 3,076,630
한일네트웍스 046110 사용권자산 0 0
한일네트웍스 046110 이연법인세자산 1,831,873,941 1,703,511,168
한일네트웍스 046110 자산총계 43,008,509,990 47,257,611,141
한일네트웍스 046110 유동부채 10,559,274,768 14,443,261,381
한일네트웍스 046110 단기매입채무 0 0
한일네트웍스 046110 단기차입금 2,000,000,000 14,443,261,381
한일네트웍스 046110 유동성장기차입금 0 0
한일네트웍스 046110 유동성사채 0 0
한일네트웍스 046110 기타유동금융부채 0 0
한일네트웍스 046110 기타유동부채 911,707,320 10,314,480
한일네트웍스 046110 당기법인세부채 342,541,054 137,644,459
한일네트웍스 046110 유동리스부채 0 0
한일네트웍스 046110 비유동부채 1,196,289,077 1,014,779,255
한일네트웍스 046110 사채 0 0
한일네트웍스 046110 장기차입금 0 0
한일네트웍스 046110 기타비유동금융부채 0 0
한일네트웍스 046110 이연법인세부채 0 0
한일네트웍스 046110 비유동리스부채 0 0
한일네트웍스 046110 부채총계 11,755,563,845 15,458,040,636
한일네트웍스 046110 자본금 5,977,113,500 5,977,113,500
한일네트웍스 046110 자본잉여금 0 0
한일네트웍스 046110 자본조정 0 0
한일네트웍스 046110 기타포괄손익누계액 0 0
한일네트웍스 046110 이익잉여금(결손금) 0 0
한일네트웍스 046110 자본총계 31,252,946,145 31,799,570,505
한일네트웍스 046110 자본과부채총계 43,008,509,990 47,257,611,141
date : 2016-03-31
한일네트웍스 046110 유동자산 25,185,856,040 20,427,443,007
한일네트웍스 046110 현금및현금성자산 7,275,284,751 4,033,465,592
한일네트웍스 046110 매출채권 10,505,405,751 10,241,319,602
한일네트웍스 046110 재고자산 5,478,391,077 4,297,169,784
한일네트웍스 046110 기타유동금융자산 0 0
한일네트웍스 046110 기타유동자산 866,779,904 794,613,938
한일네트웍스 046110 매각예정비유동자산 0 0
한일네트웍스 046110 비유동자산 22,406,316,990 22,581,066,983
한일네트웍스 046110 장기금융상품 50,000,000 50,000,000
한일네트웍스 046110 기타포괄손익-공정가치 0 0
한일네트웍스 046110 당기손익인식공정가치측정금융자산 0 0
한일네트웍스 046110 종속회사투자 0 0
한일네트웍스 046110 관계회사투자 0 0
한일네트웍스 046110 렌탈자산 0 0
한일네트웍스 046110 유형자산 4,842,696,347 6,490,759,699
한일네트웍스 046110 무형자산 436,918,238 466,840,546
한일네트웍스 046110 기타비유동금융자산 0 0
한일네트웍스 046110 기타비유동자산 167,668,467 163,623,922
한일네트웍스 046110 사용권자산 0 0
한일네트웍스 046110 이연법인세자산 1,775,607,080 1,831,873,941
한일네트웍스 046110 자산총계 47,592,173,030 43,008,509,990
한일네트웍스 046110 유동부채 13,078,722,524 10,559,274,768
한일네트웍스 046110 단기매입채무 0 0
한일네트웍스 046110 단기차입금 3,000,000,000 2,000,000,000
한일네트웍스 046110 유동성장기차입금 0 0
한일네트웍스 046110 유동성사채 0 0
한일네트웍스 046110 기타유동금융부채 0 0
한일네트웍스 046110 기타유동부채 8,510,595 911,707,320
한일네트웍스 046110 당기법인세부채 365,803,304 342,541,054
한일네트웍스 046110 유동리스부채 0 0
한일네트웍스 046110 비유동부채 1,422,447,593 1,196,289,077
한일네트웍스 046110 사채 0 0
한일네트웍스 046110 장기차입금 0 0
한일네트웍스 046110 기타비유동금융부채 0 0
한일네트웍스 046110 이연법인세부채 0 0
한일네트웍스 046110 비유동리스부채 0 0
한일네트웍스 046110 부채총계 14,501,170,117 11,755,563,845
한일네트웍스 046110 자본금 5,977,113,500 5,977,113,500
한일네트웍스 046110 자본잉여금 0 0
한일네트웍스 046110 자본조정 0 0
한일네트웍스 046110 기타포괄손익누계액 0 0
한일네트웍스 046110 이익잉여금(결손금) 0 0
한일네트웍스 046110 자본총계 33,091,002,913 31,252,946,145
한일네트웍스 046110 자본과부채총계 47,592,173,030 43,008,509,990
date : 2016-06-30
한일네트웍스 046110 유동자산 27,980,371,560 20,427,443,007
한일네트웍스 046110 현금및현금성자산 6,380,175,070 4,033,465,592
한일네트웍스 046110 매출채권 11,376,692,997 10,241,319,602
한일네트웍스 046110 재고자산 8,410,995,740 4,297,169,784
한일네트웍스 046110 기타유동금융자산 0 0
한일네트웍스 046110 기타유동자산 1,294,743,119 794,613,938
한일네트웍스 046110 매각예정비유동자산 0 0
한일네트웍스 046110 비유동자산 23,226,659,639 22,581,066,983
한일네트웍스 046110 장기금융상품 50,000,000 50,000,000
한일네트웍스 046110 기타포괄손익-공정가치 0 0
한일네트웍스 046110 당기손익인식공정가치측정금융자산 0 0
한일네트웍스 046110 종속회사투자 0 0
한일네트웍스 046110 관계회사투자 0 0
한일네트웍스 046110 렌탈자산 0 0
한일네트웍스 046110 유형자산 5,367,793,089 6,490,759,699
한일네트웍스 046110 무형자산 477,350,951 466,840,546
한일네트웍스 046110 기타비유동금융자산 0 0
한일네트웍스 046110 기타비유동자산 160,981,211 163,623,922
한일네트웍스 046110 사용권자산 0 0
한일네트웍스 046110 이연법인세자산 1,738,785,472 1,831,873,941
한일네트웍스 046110 자산총계 51,207,031,199 43,008,509,990
한일네트웍스 046110 유동부채 15,935,703,249 10,559,274,768
한일네트웍스 046110 단기매입채무 0 0
한일네트웍스 046110 단기차입금 3,000,000,000 2,000,000,000
한일네트웍스 046110 유동성장기차입금 0 0
한일네트웍스 046110 유동성사채 0 0
한일네트웍스 046110 기타유동금융부채 0 0
한일네트웍스 046110 기타유동부채 3,893,720 911,707,320
한일네트웍스 046110 당기법인세부채 558,686,611 342,541,054
한일네트웍스 046110 유동리스부채 0 0
한일네트웍스 046110 비유동부채 1,581,642,270 1,196,289,077
한일네트웍스 046110 사채 0 0
한일네트웍스 046110 장기차입금 0 0
한일네트웍스 046110 기타비유동금융부채 0 0
한일네트웍스 046110 이연법인세부채 0 0
한일네트웍스 046110 비유동리스부채 0 0
한일네트웍스 046110 부채총계 17,517,345,519 11,755,563,845
한일네트웍스 046110 자본금 5,977,113,500 5,977,113,500
한일네트웍스 046110 자본잉여금 0 0
한일네트웍스 046110 자본조정 0 0
한일네트웍스 046110 기타포괄손익누계액 0 0
한일네트웍스 046110 이익잉여금(결손금) 0 0
한일네트웍스 046110 자본총계 33,689,685,680 31,252,946,145
한일네트웍스 046110 자본과부채총계 51,207,031,199 43,008,509,990
date : 2016-09-30
한일네트웍스 046110 유동자산 36,613,849,035 20,427,443,007
한일네트웍스 046110 현금및현금성자산 8,267,660,480 4,033,465,592
한일네트웍스 046110 매출채권 12,593,016,432 10,241,319,602
한일네트웍스 046110 재고자산 11,524,408,699 4,297,169,784
한일네트웍스 046110 기타유동금융자산 0 0
한일네트웍스 046110 기타유동자산 1,863,081,864 794,613,938
한일네트웍스 046110 매각예정비유동자산 0 0
한일네트웍스 046110 비유동자산 23,375,474,056 22,581,066,983
한일네트웍스 046110 장기금융상품 50,000,000 50,000,000
한일네트웍스 046110 기타포괄손익-공정가치 0 0
한일네트웍스 046110 당기손익인식공정가치측정금융자산 0 0
한일네트웍스 046110 종속회사투자 0 0
한일네트웍스 046110 관계회사투자 0 0
한일네트웍스 046110 렌탈자산 0 0
한일네트웍스 046110 유형자산 5,636,369,013 6,490,759,699
한일네트웍스 046110 무형자산 376,706,261 466,840,546
한일네트웍스 046110 기타비유동금융자산 0 0
한일네트웍스 046110 기타비유동자산 145,093,904 163,623,922
한일네트웍스 046110 사용권자산 0 0
한일네트웍스 046110 이연법인세자산 1,983,734,174 1,831,873,941
한일네트웍스 046110 자산총계 59,989,323,091 43,008,509,990
한일네트웍스 046110 유동부채 19,173,083,378 10,559,274,768
한일네트웍스 046110 단기매입채무 0 0
한일네트웍스 046110 단기차입금 3,000,000,000 2,000,000,000
한일네트웍스 046110 유동성장기차입금 0 0
한일네트웍스 046110 유동성사채 0 0
한일네트웍스 046110 기타유동금융부채 0 0
한일네트웍스 046110 기타유동부채 11,716,480 911,707,320
한일네트웍스 046110 당기법인세부채 1,006,589,557 342,541,054
한일네트웍스 046110 유동리스부채 0 0
한일네트웍스 046110 비유동부채 1,725,343,420 1,196,289,077
한일네트웍스 046110 사채 0 0
한일네트웍스 046110 장기차입금 0 0
한일네트웍스 046110 기타비유동금융부채 0 0
한일네트웍스 046110 이연법인세부채 0 0
한일네트웍스 046110 비유동리스부채 0 0
한일네트웍스 046110 부채총계 20,898,426,798 11,755,563,845
한일네트웍스 046110 자본금 5,977,113,500 5,977,113,500
한일네트웍스 046110 자본잉여금 0 0
한일네트웍스 046110 자본조정 0 0
한일네트웍스 046110 기타포괄손익누계액 0 0
한일네트웍스 046110 이익잉여금(결손금) 0 0
한일네트웍스 046110 자본총계 39,090,896,293 31,252,946,145
한일네트웍스 046110 자본과부채총계 59,989,323,091 43,008,509,990
date : 2016-12-31
한일네트웍스 046110 유동자산 36,222,246,227 20,427,443,007
한일네트웍스 046110 현금및현금성자산 7,272,366,602 4,033,465,592
한일네트웍스 046110 매출채권 18,506,184,437 10,241,319,602
한일네트웍스 046110 재고자산 6,441,885,050 4,297,169,784
한일네트웍스 046110 기타유동금융자산 0 0
한일네트웍스 046110 기타유동자산 1,713,346,767 794,613,938
한일네트웍스 046110 매각예정비유동자산 0 0
한일네트웍스 046110 비유동자산 25,895,325,791 22,581,066,983
한일네트웍스 046110 장기금융상품 50,000,000 50,000,000
한일네트웍스 046110 기타포괄손익-공정가치 0 0
한일네트웍스 046110 당기손익인식공정가치측정금융자산 0 0
한일네트웍스 046110 종속회사투자 0 0
한일네트웍스 046110 관계회사투자 0 0
한일네트웍스 046110 렌탈자산 0 0
한일네트웍스 046110 유형자산 5,757,552,904 6,490,759,699
한일네트웍스 046110 무형자산 348,088,698 466,840,546
한일네트웍스 046110 기타비유동금융자산 0 0
한일네트웍스 046110 기타비유동자산 139,390,075 163,623,922
한일네트웍스 046110 사용권자산 0 0
한일네트웍스 046110 이연법인세자산 1,413,922,413 1,831,873,941
한일네트웍스 046110 자산총계 62,117,572,018 43,008,509,990
한일네트웍스 046110 유동부채 21,819,638,541 10,559,274,768
한일네트웍스 046110 단기매입채무 0 0
한일네트웍스 046110 단기차입금 3,000,000,000 2,000,000,000
한일네트웍스 046110 유동성장기차입금 0 0
한일네트웍스 046110 유동성사채 0 0
한일네트웍스 046110 기타유동금융부채 0 0
한일네트웍스 046110 기타유동부채 11,036,770 911,707,320
한일네트웍스 046110 당기법인세부채 765,744,192 342,541,054
한일네트웍스 046110 유동리스부채 0 0
한일네트웍스 046110 비유동부채 887,752,432 1,196,289,077
한일네트웍스 046110 사채 0 0
한일네트웍스 046110 장기차입금 0 0
한일네트웍스 046110 기타비유동금융부채 0 0
한일네트웍스 046110 이연법인세부채 0 0
한일네트웍스 046110 비유동리스부채 0 0
한일네트웍스 046110 부채총계 22,707,390,973 11,755,563,845
한일네트웍스 046110 자본금 5,977,113,500 5,977,113,500
한일네트웍스 046110 자본잉여금 0 0
한일네트웍스 046110 자본조정 0 0
한일네트웍스 046110 기타포괄손익누계액 0 0
한일네트웍스 046110 이익잉여금(결손금) 0 0
한일네트웍스 046110 자본총계 39,410,181,045 31,252,946,145
한일네트웍스 046110 자본과부채총계 62,117,572,018 43,008,509,990
date : 2017-03-31
한일네트웍스 046110 유동자산 31,676,797,485 36,222,246,227
한일네트웍스 046110 현금및현금성자산 4,122,933,591 7,272,366,602
한일네트웍스 046110 매출채권 13,838,208,012 18,506,184,437
한일네트웍스 046110 재고자산 8,530,156,954 6,441,885,050
한일네트웍스 046110 기타유동금융자산 0 0
한일네트웍스 046110 기타유동자산 1,661,477,706 1,713,346,767
한일네트웍스 046110 매각예정비유동자산 0 0
한일네트웍스 046110 비유동자산 25,642,012,661 25,895,325,791
한일네트웍스 046110 장기금융상품 50,000,000 50,000,000
한일네트웍스 046110 기타포괄손익-공정가치 0 0
한일네트웍스 046110 당기손익인식공정가치측정금융자산 0 0
한일네트웍스 046110 종속회사투자 0 0
한일네트웍스 046110 관계회사투자 0 0
한일네트웍스 046110 렌탈자산 0 0
한일네트웍스 046110 유형자산 6,140,717,656 5,757,552,904
한일네트웍스 046110 무형자산 321,493,030 348,088,698
한일네트웍스 046110 기타비유동금융자산 0 0
한일네트웍스 046110 기타비유동자산 153,410,848 139,390,075
한일네트웍스 046110 사용권자산 0 0
한일네트웍스 046110 이연법인세자산 1,496,186,576 1,413,922,413
한일네트웍스 046110 자산총계 57,318,810,146 62,117,572,018
한일네트웍스 046110 유동부채 15,336,727,933 21,819,638,541
한일네트웍스 046110 단기매입채무 0 0
한일네트웍스 046110 단기차입금 2,000,000,000 3,000,000,000
한일네트웍스 046110 유동성장기차입금 0 0
한일네트웍스 046110 유동성사채 0 0
한일네트웍스 046110 기타유동금융부채 0 0
한일네트웍스 046110 기타유동부채 57,361,773 11,036,770
한일네트웍스 046110 당기법인세부채 488,055,727 765,744,192
한일네트웍스 046110 유동리스부채 0 0
한일네트웍스 046110 비유동부채 1,064,503,652 887,752,432
한일네트웍스 046110 사채 0 0
한일네트웍스 046110 장기차입금 0 0
한일네트웍스 046110 기타비유동금융부채 0 0
한일네트웍스 046110 이연법인세부채 0 0
한일네트웍스 046110 비유동리스부채 0 0
한일네트웍스 046110 부채총계 16,401,231,585 22,707,390,973
한일네트웍스 046110 자본금 5,977,113,500 5,977,113,500
한일네트웍스 046110 자본잉여금 0 0
한일네트웍스 046110 자본조정 0 0
한일네트웍스 046110 기타포괄손익누계액 0 0
한일네트웍스 046110 이익잉여금(결손금) 0 0
한일네트웍스 046110 자본총계 40,917,578,561 39,410,181,045
한일네트웍스 046110 자본과부채총계 57,318,810,146 62,117,572,018
date : 2017-06-30
한일네트웍스 046110 유동자산 32,969,896,833 36,222,246,227
한일네트웍스 046110 현금및현금성자산 6,040,675,835 7,272,366,602
한일네트웍스 046110 매출채권 13,234,559,970 18,506,184,437
한일네트웍스 046110 재고자산 10,703,570,637 6,441,885,050
한일네트웍스 046110 기타유동금융자산 0 0
한일네트웍스 046110 기타유동자산 1,715,354,304 1,713,346,767
한일네트웍스 046110 매각예정비유동자산 0 0
한일네트웍스 046110 비유동자산 27,606,655,515 25,895,325,791
한일네트웍스 046110 장기금융상품 50,000,000 50,000,000
한일네트웍스 046110 기타포괄손익-공정가치 0 0
한일네트웍스 046110 당기손익인식공정가치측정금융자산 0 0
한일네트웍스 046110 종속회사투자 0 0
한일네트웍스 046110 관계회사투자 0 0
한일네트웍스 046110 렌탈자산 0 0
한일네트웍스 046110 유형자산 7,158,204,780 5,757,552,904
한일네트웍스 046110 무형자산 354,318,624 348,088,698
한일네트웍스 046110 기타비유동금융자산 0 0
한일네트웍스 046110 기타비유동자산 150,983,006 139,390,075
한일네트웍스 046110 사용권자산 0 0
한일네트웍스 046110 이연법인세자산 1,538,507,624 1,413,922,413
한일네트웍스 046110 자산총계 60,576,552,348 62,117,572,018
한일네트웍스 046110 유동부채 16,797,565,761 21,819,638,541
한일네트웍스 046110 단기매입채무 0 0
한일네트웍스 046110 단기차입금 2,000,000,000 3,000,000,000
한일네트웍스 046110 유동성장기차입금 0 0
한일네트웍스 046110 유동성사채 0 0
한일네트웍스 046110 기타유동금융부채 0 0
한일네트웍스 046110 기타유동부채 47,972,912 11,036,770
한일네트웍스 046110 당기법인세부채 1,008,593,973 765,744,192
한일네트웍스 046110 유동리스부채 0 0
한일네트웍스 046110 비유동부채 1,236,229,885 887,752,432
한일네트웍스 046110 사채 0 0
한일네트웍스 046110 장기차입금 0 0
한일네트웍스 046110 기타비유동금융부채 0 0
한일네트웍스 046110 이연법인세부채 0 0
한일네트웍스 046110 비유동리스부채 0 0
한일네트웍스 046110 부채총계 18,033,795,646 22,707,390,973
한일네트웍스 046110 자본금 5,977,113,500 5,977,113,500
한일네트웍스 046110 자본잉여금 0 0
한일네트웍스 046110 자본조정 0 0
한일네트웍스 046110 기타포괄손익누계액 0 0
한일네트웍스 046110 이익잉여금(결손금) 0 0
한일네트웍스 046110 자본총계 42,542,756,702 39,410,181,045
한일네트웍스 046110 자본과부채총계 60,576,552,348 62,117,572,018
date : 2017-09-30
한일네트웍스 046110 유동자산 36,309,387,198 36,222,246,227
한일네트웍스 046110 현금및현금성자산 5,920,762,955 7,272,366,602
한일네트웍스 046110 매출채권 13,911,331,779 18,506,184,437
한일네트웍스 046110 재고자산 8,889,123,013 6,441,885,050
한일네트웍스 046110 기타유동금융자산 0 0
한일네트웍스 046110 기타유동자산 1,271,682,724 1,713,346,767
한일네트웍스 046110 매각예정비유동자산 0 0
한일네트웍스 046110 비유동자산 29,467,483,534 25,895,325,791
한일네트웍스 046110 장기금융상품 50,000,000 50,000,000
한일네트웍스 046110 기타포괄손익-공정가치 0 0
한일네트웍스 046110 당기손익인식공정가치측정금융자산 0 0
한일네트웍스 046110 종속회사투자 0 0
한일네트웍스 046110 관계회사투자 0 0
한일네트웍스 046110 렌탈자산 0 0
한일네트웍스 046110 유형자산 9,087,312,399 5,757,552,904
한일네트웍스 046110 무형자산 319,560,671 348,088,698
한일네트웍스 046110 기타비유동금융자산 0 0
한일네트웍스 046110 기타비유동자산 174,279,581 139,390,075
한일네트웍스 046110 사용권자산 0 0
한일네트웍스 046110 이연법인세자산 1,518,475,992 1,413,922,413
한일네트웍스 046110 자산총계 65,776,870,732 62,117,572,018
한일네트웍스 046110 유동부채 19,516,279,864 21,819,638,541
한일네트웍스 046110 단기매입채무 0 0
한일네트웍스 046110 단기차입금 2,000,000,000 3,000,000,000
한일네트웍스 046110 유동성장기차입금 0 0
한일네트웍스 046110 유동성사채 0 0
한일네트웍스 046110 기타유동금융부채 0 0
한일네트웍스 046110 기타유동부채 14,885,014 11,036,770
한일네트웍스 046110 당기법인세부채 1,454,458,088 765,744,192
한일네트웍스 046110 유동리스부채 0 0
한일네트웍스 046110 비유동부채 1,412,365,414 887,752,432
한일네트웍스 046110 사채 0 0
한일네트웍스 046110 장기차입금 0 0
한일네트웍스 046110 기타비유동금융부채 0 0
한일네트웍스 046110 이연법인세부채 0 0
한일네트웍스 046110 비유동리스부채 0 0
한일네트웍스 046110 부채총계 20,928,645,278 22,707,390,973
한일네트웍스 046110 자본금 5,977,113,500 5,977,113,500
한일네트웍스 046110 자본잉여금 0 0
한일네트웍스 046110 자본조정 0 0
한일네트웍스 046110 기타포괄손익누계액 0 0
한일네트웍스 046110 이익잉여금(결손금) 0 0
한일네트웍스 046110 자본총계 44,848,225,454 39,410,181,045
한일네트웍스 046110 자본과부채총계 65,776,870,732 62,117,572,018
date : 2017-12-31
한일네트웍스 046110 유동자산 62,556,070,787 36,222,246,227
한일네트웍스 046110 현금및현금성자산 8,723,660,494 7,272,366,602
한일네트웍스 046110 매출채권 17,026,975,515 18,506,184,437
한일네트웍스 046110 재고자산 7,941,156,269 6,441,885,050
한일네트웍스 046110 기타유동금융자산 0 0
한일네트웍스 046110 기타유동자산 1,486,054,947 1,713,346,767
한일네트웍스 046110 매각예정비유동자산 0 0
한일네트웍스 046110 비유동자산 20,459,144,713 25,895,325,791
한일네트웍스 046110 장기금융상품 50,000,000 50,000,000
한일네트웍스 046110 기타포괄손익-공정가치 0 0
한일네트웍스 046110 당기손익인식공정가치측정금융자산 0 0
한일네트웍스 046110 종속회사투자 0 0
한일네트웍스 046110 관계회사투자 0 0
한일네트웍스 046110 렌탈자산 0 0
한일네트웍스 046110 유형자산 10,081,916,757 5,757,552,904
한일네트웍스 046110 무형자산 302,875,041 348,088,698
한일네트웍스 046110 기타비유동금융자산 0 0
한일네트웍스 046110 기타비유동자산 224,774,435 139,390,075
한일네트웍스 046110 사용권자산 0 0
한일네트웍스 046110 이연법인세자산 1,465,898,535 1,413,922,413
한일네트웍스 046110 자산총계 83,015,215,500 62,117,572,018
한일네트웍스 046110 유동부채 24,079,201,890 21,819,638,541
한일네트웍스 046110 단기매입채무 0 0
한일네트웍스 046110 단기차입금 2,000,000,000 3,000,000,000
한일네트웍스 046110 유동성장기차입금 0 0
한일네트웍스 046110 유동성사채 0 0
한일네트웍스 046110 기타유동금융부채 0 0
한일네트웍스 046110 기타유동부채 262,305,880 11,036,770
한일네트웍스 046110 당기법인세부채 5,419,842,949 765,744,192
한일네트웍스 046110 유동리스부채 0 0
한일네트웍스 046110 비유동부채 888,808,671 887,752,432
한일네트웍스 046110 사채 0 0
한일네트웍스 046110 장기차입금 0 0
한일네트웍스 046110 기타비유동금융부채 0 0
한일네트웍스 046110 이연법인세부채 0 0
한일네트웍스 046110 비유동리스부채 0 0
한일네트웍스 046110 부채총계 24,968,010,561 22,707,390,973
한일네트웍스 046110 자본금 5,977,113,500 5,977,113,500
한일네트웍스 046110 자본잉여금 0 0
한일네트웍스 046110 자본조정 0 0
한일네트웍스 046110 기타포괄손익누계액 0 0
한일네트웍스 046110 이익잉여금(결손금) 0 0
한일네트웍스 046110 자본총계 58,047,204,939 39,410,181,045
한일네트웍스 046110 자본과부채총계 83,015,215,500 62,117,572,018
date : 2018-03-31
한일네트웍스 046110 유동자산 61,191,819,084 62,556,070,787
한일네트웍스 046110 현금및현금성자산 8,396,327,868 8,723,660,494
한일네트웍스 046110 매출채권 16,679,836,461 17,026,975,515
한일네트웍스 046110 재고자산 10,463,437,162 7,941,156,269
한일네트웍스 046110 기타유동금융자산 0 0
한일네트웍스 046110 기타유동자산 1,462,944,555 1,486,054,947
한일네트웍스 046110 매각예정비유동자산 0 0
한일네트웍스 046110 비유동자산 21,837,652,619 20,459,144,713
한일네트웍스 046110 장기금융상품 50,000,000 50,000,000
한일네트웍스 046110 기타포괄손익-공정가치 0 0
한일네트웍스 046110 당기손익인식공정가치측정금융자산 0 0
한일네트웍스 046110 종속회사투자 0 0
한일네트웍스 046110 관계회사투자 0 0
한일네트웍스 046110 렌탈자산 0 0
한일네트웍스 046110 유형자산 10,783,281,063 10,081,916,757
한일네트웍스 046110 무형자산 292,280,063 302,875,041
한일네트웍스 046110 기타비유동금융자산 0 0
한일네트웍스 046110 기타비유동자산 253,869,206 224,774,435
한일네트웍스 046110 사용권자산 0 0
한일네트웍스 046110 이연법인세자산 1,504,665,552 1,465,898,535
한일네트웍스 046110 자산총계 83,029,471,703 83,015,215,500
한일네트웍스 046110 유동부채 22,656,870,635 24,079,201,890
한일네트웍스 046110 단기매입채무 0 0
한일네트웍스 046110 단기차입금 2,000,000,000 24,079,201,890
한일네트웍스 046110 유동성장기차입금 0 0
한일네트웍스 046110 유동성사채 0 0
한일네트웍스 046110 기타유동금융부채 0 0
한일네트웍스 046110 기타유동부채 329,495,967 262,305,880
한일네트웍스 046110 당기법인세부채 1,053,181,598 5,419,842,949
한일네트웍스 046110 유동리스부채 0 0
한일네트웍스 046110 비유동부채 1,097,787,449 888,808,671
한일네트웍스 046110 사채 0 0
한일네트웍스 046110 장기차입금 0 0
한일네트웍스 046110 기타비유동금융부채 0 0
한일네트웍스 046110 이연법인세부채 0 0
한일네트웍스 046110 비유동리스부채 0 0
한일네트웍스 046110 부채총계 23,754,658,084 24,968,010,561
한일네트웍스 046110 자본금 5,977,113,500 5,977,113,500
한일네트웍스 046110 자본잉여금 0 0
한일네트웍스 046110 자본조정 0 0
한일네트웍스 046110 기타포괄손익누계액 0 0
한일네트웍스 046110 이익잉여금(결손금) 0 0
한일네트웍스 046110 자본총계 59,274,813,619 58,047,204,939
한일네트웍스 046110 자본과부채총계 83,029,471,703 83,015,215,500
date : 2018-06-30
한일네트웍스 046110 유동자산 57,608,218,400 62,556,070,787
한일네트웍스 046110 현금및현금성자산 10,686,008,416 8,723,660,494
한일네트웍스 046110 매출채권 17,820,169,973 17,026,975,515
한일네트웍스 046110 재고자산 11,409,857,913 7,941,156,269
한일네트웍스 046110 기타유동금융자산 0 0
한일네트웍스 046110 기타유동자산 2,036,027,611 1,486,054,947
한일네트웍스 046110 매각예정비유동자산 0 0
한일네트웍스 046110 비유동자산 22,949,500,565 20,459,144,713
한일네트웍스 046110 장기금융상품 50,000,000 50,000,000
한일네트웍스 046110 기타포괄손익-공정가치 0 0
한일네트웍스 046110 당기손익인식공정가치측정금융자산 0 0
한일네트웍스 046110 종속회사투자 0 0
한일네트웍스 046110 관계회사투자 0 0
한일네트웍스 046110 렌탈자산 0 0
한일네트웍스 046110 유형자산 11,484,093,270 10,081,916,757
한일네트웍스 046110 무형자산 281,092,271 302,875,041
한일네트웍스 046110 기타비유동금융자산 0 0
한일네트웍스 046110 기타비유동자산 242,603,901 224,774,435
한일네트웍스 046110 사용권자산 0 0
한일네트웍스 046110 이연법인세자산 1,574,458,916 1,465,898,535
한일네트웍스 046110 자산총계 80,557,718,965 83,015,215,500
한일네트웍스 046110 유동부채 18,355,033,439 24,079,201,890
한일네트웍스 046110 단기매입채무 0 0
한일네트웍스 046110 단기차입금 2,000,000,000 24,079,201,890
한일네트웍스 046110 유동성장기차입금 0 0
한일네트웍스 046110 유동성사채 0 0
한일네트웍스 046110 기타유동금융부채 0 0
한일네트웍스 046110 기타유동부채 154,631,383 262,305,880
한일네트웍스 046110 당기법인세부채 1,599,946,840 5,419,842,949
한일네트웍스 046110 유동리스부채 0 0
한일네트웍스 046110 비유동부채 1,364,104,954 888,808,671
한일네트웍스 046110 사채 0 0
한일네트웍스 046110 장기차입금 0 0
한일네트웍스 046110 기타비유동금융부채 0 0
한일네트웍스 046110 이연법인세부채 0 0
한일네트웍스 046110 비유동리스부채 0 0
한일네트웍스 046110 부채총계 19,719,138,393 24,968,010,561
한일네트웍스 046110 자본금 5,977,113,500 5,977,113,500
한일네트웍스 046110 자본잉여금 0 0
한일네트웍스 046110 자본조정 0 0
한일네트웍스 046110 기타포괄손익누계액 0 0
한일네트웍스 046110 이익잉여금(결손금) 0 0
한일네트웍스 046110 자본총계 60,838,580,572 58,047,204,939
한일네트웍스 046110 자본과부채총계 80,557,718,965 83,015,215,500
date : 2018-09-30
한일네트웍스 046110 유동자산 57,044,413,345 62,877,623,045
한일네트웍스 046110 현금및현금성자산 6,478,759,615 8,723,660,494
한일네트웍스 046110 매출채권 16,494,279,940 16,279,633,338
한일네트웍스 046110 재고자산 11,935,450,186 7,941,156,269
한일네트웍스 046110 기타유동금융자산 0 0
한일네트웍스 046110 기타유동자산 3,159,861,891 2,554,949,382
한일네트웍스 046110 매각예정비유동자산 0 0
한일네트웍스 046110 비유동자산 25,950,590,223 20,459,144,713
한일네트웍스 046110 장기금융상품 50,000,000 50,000,000
한일네트웍스 046110 기타포괄손익-공정가치 0 0
한일네트웍스 046110 당기손익인식공정가치측정금융자산 0 0
한일네트웍스 046110 종속회사투자 0 0
한일네트웍스 046110 관계회사투자 0 0
한일네트웍스 046110 렌탈자산 0 0
한일네트웍스 046110 유형자산 14,107,882,996 10,081,916,757
한일네트웍스 046110 무형자산 271,413,418 302,875,041
한일네트웍스 046110 기타비유동금융자산 0 0
한일네트웍스 046110 기타비유동자산 267,416,786 224,774,435
한일네트웍스 046110 사용권자산 0 0
한일네트웍스 046110 이연법인세자산 1,617,139,468 1,465,898,535
한일네트웍스 046110 자산총계 82,995,003,568 83,336,767,758
한일네트웍스 046110 유동부채 18,787,041,357 24,964,087,757
한일네트웍스 046110 단기매입채무 0 0
한일네트웍스 046110 단기차입금 2,000,000,000 24,964,087,757
한일네트웍스 046110 유동성장기차입금 0 0
한일네트웍스 046110 유동성사채 0 0
한일네트웍스 046110 기타유동금융부채 0 0
한일네트웍스 046110 기타유동부채 1,442,694,463 1,362,305,880
한일네트웍스 046110 당기법인세부채 936,163,010 5,419,842,949
한일네트웍스 046110 유동리스부채 0 0
한일네트웍스 046110 비유동부채 1,580,458,354 888,808,671
한일네트웍스 046110 사채 0 0
한일네트웍스 046110 장기차입금 0 0
한일네트웍스 046110 기타비유동금융부채 0 0
한일네트웍스 046110 이연법인세부채 0 0
한일네트웍스 046110 비유동리스부채 0 0
한일네트웍스 046110 부채총계 20,367,499,711 25,852,896,428
한일네트웍스 046110 자본금 5,977,113,500 5,977,113,500
한일네트웍스 046110 자본잉여금 0 0
한일네트웍스 046110 자본조정 0 0
한일네트웍스 046110 기타포괄손익누계액 0 0
한일네트웍스 046110 이익잉여금(결손금) 0 0
한일네트웍스 046110 자본총계 62,627,503,857 57,483,871,330
한일네트웍스 046110 자본과부채총계 82,995,003,568 83,336,767,758
date : 2018-12-31
한일네트웍스 046110 유동자산 43,061,267,913 62,877,623,045
한일네트웍스 046110 현금및현금성자산 6,701,734,346 8,723,660,494
한일네트웍스 046110 매출채권 17,889,490,775 16,279,633,338
한일네트웍스 046110 재고자산 10,406,503,660 7,941,156,269
한일네트웍스 046110 기타유동금융자산 0 0
한일네트웍스 046110 기타유동자산 612,408,074 2,554,949,382
한일네트웍스 046110 매각예정비유동자산 0 0
한일네트웍스 046110 비유동자산 40,139,046,905 20,459,144,713
한일네트웍스 046110 장기금융상품 50,000,000 50,000,000
한일네트웍스 046110 기타포괄손익-공정가치 0 0
한일네트웍스 046110 당기손익인식공정가치측정금융자산 0 0
한일네트웍스 046110 종속회사투자 0 0
한일네트웍스 046110 관계회사투자 0 0
한일네트웍스 046110 렌탈자산 0 0
한일네트웍스 046110 유형자산 14,099,807,885 10,081,916,757
한일네트웍스 046110 무형자산 237,783,293 302,875,041
한일네트웍스 046110 기타비유동금융자산 0 0
한일네트웍스 046110 기타비유동자산 379,181,297 224,774,435
한일네트웍스 046110 사용권자산 0 0
한일네트웍스 046110 이연법인세자산 2,466,414,258 1,465,898,535
한일네트웍스 046110 자산총계 83,200,314,818 83,336,767,758
한일네트웍스 046110 유동부채 19,354,155,945 24,964,087,757
한일네트웍스 046110 단기매입채무 0 0
한일네트웍스 046110 단기차입금 2,000,000,000 3,000,000,000
한일네트웍스 046110 유동성장기차입금 0 0
한일네트웍스 046110 유동성사채 0 0
한일네트웍스 046110 기타유동금융부채 0 0
한일네트웍스 046110 기타유동부채 1,386,391,781 1,362,305,880
한일네트웍스 046110 당기법인세부채 1,518,084,013 5,419,842,949
한일네트웍스 046110 유동리스부채 0 0
한일네트웍스 046110 비유동부채 1,261,535,903 888,808,671
한일네트웍스 046110 사채 0 0
한일네트웍스 046110 장기차입금 0 0
한일네트웍스 046110 기타비유동금융부채 0 0
한일네트웍스 046110 이연법인세부채 0 0
한일네트웍스 046110 비유동리스부채 0 0
한일네트웍스 046110 부채총계 20,615,691,848 25,852,896,428
한일네트웍스 046110 자본금 5,977,113,500 5,977,113,500
한일네트웍스 046110 자본잉여금 0 0
한일네트웍스 046110 자본조정 0 0
한일네트웍스 046110 기타포괄손익누계액 0 0
한일네트웍스 046110 이익잉여금(결손금) 0 0
한일네트웍스 046110 자본총계 62,584,622,970 57,483,871,330
한일네트웍스 046110 자본과부채총계 83,200,314,818 83,336,767,758
date : 2019-03-31
한일네트웍스 046110 유동자산 44,403,367,251 43,061,267,913
한일네트웍스 046110 현금및현금성자산 16,244,331,281 6,701,734,346
한일네트웍스 046110 매출채권 15,005,518,893 17,889,490,775
한일네트웍스 046110 재고자산 9,540,494,357 10,406,503,660
한일네트웍스 046110 기타유동금융자산 0 0
한일네트웍스 046110 기타유동자산 1,050,623,373 612,408,074
한일네트웍스 046110 매각예정비유동자산 0 0
한일네트웍스 046110 비유동자산 75,609,354,472 40,139,046,905
한일네트웍스 046110 장기금융상품 50,000,000 50,000,000
한일네트웍스 046110 기타포괄손익-공정가치 0 0
한일네트웍스 046110 당기손익인식공정가치측정금융자산 0 0
한일네트웍스 046110 종속회사투자 0 0
한일네트웍스 046110 관계회사투자 0 0
한일네트웍스 046110 렌탈자산 0 0
한일네트웍스 046110 유형자산 43,467,314,207 14,099,807,885
한일네트웍스 046110 무형자산 230,940,455 237,783,293
한일네트웍스 046110 기타비유동금융자산 0 0
한일네트웍스 046110 기타비유동자산 87,301,009 379,181,297
한일네트웍스 046110 사용권자산 0 0
한일네트웍스 046110 이연법인세자산 1,150,251,328 2,466,414,258
한일네트웍스 046110 자산총계 120,012,721,723 83,200,314,818
한일네트웍스 046110 유동부채 33,880,483,354 19,354,155,945
한일네트웍스 046110 단기매입채무 0 0
한일네트웍스 046110 단기차입금 0 0
한일네트웍스 046110 유동성장기차입금 0 0
한일네트웍스 046110 유동성사채 0 0
한일네트웍스 046110 기타유동금융부채 0 0
한일네트웍스 046110 기타유동부채 1,620,642,430 1,386,391,781
한일네트웍스 046110 당기법인세부채 860,662,295 1,518,084,013
한일네트웍스 046110 유동리스부채 0 0
한일네트웍스 046110 비유동부채 19,334,281,196 1,261,535,903
한일네트웍스 046110 사채 0 0
한일네트웍스 046110 장기차입금 5,000,000,000 1,261,535,903
한일네트웍스 046110 기타비유동금융부채 0 0
한일네트웍스 046110 이연법인세부채 0 0
한일네트웍스 046110 비유동리스부채 0 0
한일네트웍스 046110 부채총계 53,214,764,550 20,615,691,848
한일네트웍스 046110 자본금 5,977,113,500 5,977,113,500
한일네트웍스 046110 자본잉여금 0 0
한일네트웍스 046110 자본조정 0 0
한일네트웍스 046110 기타포괄손익누계액 0 0
한일네트웍스 046110 이익잉여금(결손금) 0 0
한일네트웍스 046110 자본총계 66,797,957,173 62,584,622,970
한일네트웍스 046110 자본과부채총계 120,012,721,723 83,200,314,818
