date : 2019-03-31
한빛소프트 047080 유동자산 19,127,919,446 22,467,910,832
한빛소프트 047080 현금및현금성자산 3,022,093,973 4,868,397,986
한빛소프트 047080 매출채권 및 기타유동채권
한빛소프트 047080 재고자산 196,992,726 0
한빛소프트 047080 기타유동자산 3,102,482,655 2,780,813,257
한빛소프트 047080 비유동자산 19,285,664,573 18,711,646,795
한빛소프트 047080 유형자산 433,282,035 232,414,322
한빛소프트 047080 무형자산 67,463,529 80,572,905
한빛소프트 047080 기타비유동자산 333,133,236 0
한빛소프트 047080 자산총계 38,413,584,019 41,179,557,627
한빛소프트 047080 유동부채 11,048,567,714 14,544,902,118
한빛소프트 047080 기타유동부채 1,651,378,094 1,710,285,584
한빛소프트 047080 비유동부채 7,134,195,999 6,513,851,899
한빛소프트 047080 부채총계 18,182,763,713 21,058,754,017
한빛소프트 047080 자본금 12,389,918,000 12,389,918,000
한빛소프트 047080 이익잉여금(결손금) -34,035,552,988 -34,155,172,084
한빛소프트 047080 자본총계 20,230,820,306 20,120,803,610
한빛소프트 047080 자본과부채총계 38,413,584,019 41,179,557,627
