date : 2019-03-31
유니온머티리얼 047400 유동자산 64,841,807,426 64,620,629,858
유니온머티리얼 047400 현금및현금성자산 537,577,738 1,233,806,989
유니온머티리얼 047400 매출채권 및 기타수취채권
유니온머티리얼 047400 재고자산 22,782,123,522 20,555,317,198
유니온머티리얼 047400 기타유동자산 971,514,790 1,285,497,408
유니온머티리얼 047400 비유동자산 82,985,090,556 77,708,768,738
유니온머티리얼 047400 매출채권 및 기타수취채권
유니온머티리얼 047400 유형자산 67,868,283,500 67,795,941,659
유니온머티리얼 047400 사용권자산 350,857,460 0
유니온머티리얼 047400 무형자산 958,316,182 974,801,003
유니온머티리얼 047400 기타비유동자산 4,268,240 4,268,240
유니온머티리얼 047400 이연법인세자산 3,204,866,589 3,336,189,046
유니온머티리얼 047400 자산총계 147,826,897,982 142,329,398,596
유니온머티리얼 047400 유동부채 48,725,165,001 47,000,973,471
유니온머티리얼 047400 단기차입금 30,000,000,000 28,400,000,000
유니온머티리얼 047400 당기법인세부채 2,982,490 0
유니온머티리얼 047400 기타유동부채 346,266,229 488,370,820
유니온머티리얼 047400 비유동부채 20,541,153,153 16,002,859,648
유니온머티리얼 047400 장기차입금 8,600,000,000 4,925,000,000
유니온머티리얼 047400 비유동리스부채 324,663,618 0
유니온머티리얼 047400 부채총계 69,266,318,154 63,003,833,119
유니온머티리얼 047400 자본금 21,000,000,000 21,000,000,000
유니온머티리얼 047400 자본잉여금 28,625,728,672 28,625,728,672
유니온머티리얼 047400 자본조정 -7,489,116,375 -7,489,116,375
유니온머티리얼 047400 자본총계 78,560,579,828 79,325,565,477
유니온머티리얼 047400 자본과부채총계 147,826,897,982 142,329,398,596
