date : 2019-03-31
씨트리 047920 유동자산 14,574,243,942 18,574,807,115
씨트리 047920 현금및현금성자산 816,842,057 1,562,648,325
씨트리 047920 매출채권 및 기타유동채권
씨트리 047920 매출채권 3,856,663,873 5,112,520,458
씨트리 047920 재고자산 6,422,584,996 5,233,086,741
씨트리 047920 기타유동금융자산 2,260,676,011 5,841,934,378
씨트리 047920 기타유동자산 375,720,104 374,409,794
씨트리 047920 비유동자산 15,706,545,567 15,623,194,779
씨트리 047920 장기금융상품 792,500,000 689,500,000
씨트리 047920 유형자산 13,234,655,142 13,279,509,788
씨트리 047920 무형자산 426,928,501 408,908,941
씨트리 047920 기타비유동금융자산 575,000,000 575,000,000
씨트리 047920 기타포괄손익-공정가치 측정 지정
씨트리 047920 이연법인세자산 0 0
씨트리 047920 자산총계 30,280,789,509 34,198,001,894
씨트리 047920 유동부채 9,999,418,374 14,428,447,093
씨트리 047920 단기매입채무 4,734,832,072 3,207,381,392
씨트리 047920 단기차입금 1,353,750,000 1,353,750,000
씨트리 047920 유동성장기차입금 480,000,000 1,580,000,000
씨트리 047920 유동성사채 0 3,500,000,000
씨트리 047920 기타유동부채 28,299,983 146,083,606
씨트리 047920 비유동부채 4,260,005,943 3,186,366,315
씨트리 047920 장기차입금 2,360,000,000 1,260,000,000
씨트리 047920 사채 0 0
씨트리 047920 이연법인세부채 314,932,226 314,932,226
씨트리 047920 부채총계 14,259,424,317 17,614,813,408
씨트리 047920 자본금 6,924,186,500 6,924,186,500
씨트리 047920 자본잉여금 7,623,567,433 16,491,678,673
씨트리 047920 이익잉여금(결손금) -666,846,178 -8,868,111,240
씨트리 047920 자본총계 16,021,365,192 16,583,188,486
씨트리 047920 자본과부채총계 30,280,789,509 34,198,001,894
