date : 2015-12-31
오스템임플란트 048260 유동자산 232,603,987,789 230,759,357,868
오스템임플란트 048260 현금및현금성자산 53,621,505,063 52,003,380,772
오스템임플란트 048260 매출채권 및 기타유동채권
오스템임플란트 048260 재고자산 34,278,512,437 35,879,058,302
오스템임플란트 048260 기타유동금융자산 29,612,354,167 28,753,831,819
오스템임플란트 048260 기타유동자산 0 0
오스템임플란트 048260 매각예정비유동자산 0 0
오스템임플란트 048260 비유동자산 129,736,249,382 93,391,418,694
오스템임플란트 048260 장기금융상품 0 0
오스템임플란트 048260 기타포괄손익-공정가치 0 0
오스템임플란트 048260 당기손익인식공정가치측정금융자산 0 0
오스템임플란트 048260 종속회사투자 0 0
오스템임플란트 048260 관계회사투자 0 0
오스템임플란트 048260 렌탈자산 0 0
오스템임플란트 048260 유형자산 44,586,310,100 59,063,318,708
오스템임플란트 048260 무형자산 4,896,431,319 4,479,106,211
오스템임플란트 048260 기타비유동금융자산 768,000,000 398,000,000
오스템임플란트 048260 기타비유동자산 0 0
오스템임플란트 048260 사용권자산 0 0
오스템임플란트 048260 이연법인세자산 6,865,582,894 6,152,941,681
오스템임플란트 048260 자산총계 362,340,237,171 324,150,776,562
오스템임플란트 048260 유동부채 170,840,955,052 168,374,062,723
오스템임플란트 048260 단기매입채무 0 0
오스템임플란트 048260 단기차입금 49,750,500,000 55,514,000,000
오스템임플란트 048260 유동성장기차입금 2,500,000,000 55,514,000,000
오스템임플란트 048260 유동성사채 0 0
오스템임플란트 048260 기타유동금융부채 0 0
오스템임플란트 048260 기타유동부채 0 0
오스템임플란트 048260 당기법인세부채 9,122,044,874 5,058,440,230
오스템임플란트 048260 유동리스부채 0 0
오스템임플란트 048260 비유동부채 13,355,754,734 19,484,300,265
오스템임플란트 048260 사채 0 0
오스템임플란트 048260 장기차입금 5,000,000,000 11,650,500,000
오스템임플란트 048260 기타비유동금융부채 0 0
오스템임플란트 048260 이연법인세부채 0 0
오스템임플란트 048260 비유동리스부채 0 0
오스템임플란트 048260 부채총계 184,196,709,786 187,858,362,988
오스템임플란트 048260 자본금 7,142,858,500 7,101,000,000
오스템임플란트 048260 자본잉여금 0 0
오스템임플란트 048260 자본조정 0 0
오스템임플란트 048260 기타포괄손익누계액 0 0
오스템임플란트 048260 이익잉여금(결손금) 114,832,196,039 74,996,169,488
오스템임플란트 048260 자본총계 178,143,527,385 136,292,413,574
오스템임플란트 048260 자본과부채총계 362,340,237,171 324,150,776,562
date : 2016-03-31
오스템임플란트 048260 유동자산 223,690,144,202 232,603,987,789
오스템임플란트 048260 현금및현금성자산 45,798,321,227 53,621,505,063
오스템임플란트 048260 매출채권 및 기타유동채권
오스템임플란트 048260 재고자산 35,572,353,329 34,278,512,437
오스템임플란트 048260 기타유동금융자산 29,200,855,855 29,612,354,167
오스템임플란트 048260 기타유동자산 0 0
오스템임플란트 048260 매각예정비유동자산 0 0
오스템임플란트 048260 비유동자산 112,195,190,881 87,324,961,924
오스템임플란트 048260 장기금융상품 0 0
오스템임플란트 048260 기타포괄손익-공정가치 0 0
오스템임플란트 048260 당기손익인식공정가치측정금융자산 0 0
오스템임플란트 048260 종속회사투자 0 0
오스템임플란트 048260 관계회사투자 0 0
오스템임플란트 048260 렌탈자산 0 0
오스템임플란트 048260 유형자산 59,196,162,506 44,586,310,100
오스템임플란트 048260 무형자산 5,053,680,442 4,896,431,319
오스템임플란트 048260 기타비유동금융자산 713,000,000 768,000,000
오스템임플란트 048260 기타비유동자산 0 0
오스템임플란트 048260 사용권자산 0 0
오스템임플란트 048260 이연법인세자산 7,158,429,277 6,865,582,894
오스템임플란트 048260 자산총계 335,885,335,083 319,928,949,713
오스템임플란트 048260 유동부채 180,629,399,573 170,840,955,052
오스템임플란트 048260 단기매입채무 0 0
오스템임플란트 048260 단기차입금 55,600,000,000 49,750,500,000
오스템임플란트 048260 유동성장기차입금 5,267,000,000 2,500,000,000
오스템임플란트 048260 유동성사채 0 0
오스템임플란트 048260 기타유동금융부채 0 0
오스템임플란트 048260 기타유동부채 0 0
오스템임플란트 048260 당기법인세부채 12,625,447,954 9,122,044,874
오스템임플란트 048260 유동리스부채 0 0
오스템임플란트 048260 비유동부채 17,671,913,557 13,355,754,734
오스템임플란트 048260 사채 0 0
오스템임플란트 048260 장기차입금 8,375,000,000 5,000,000,000
오스템임플란트 048260 기타비유동금융부채 0 0
오스템임플란트 048260 이연법인세부채 0 0
오스템임플란트 048260 비유동리스부채 0 0
오스템임플란트 048260 부채총계 198,301,313,130 184,196,709,786
오스템임플란트 048260 자본금 7,142,858,500 7,142,858,500
오스템임플란트 048260 자본잉여금 0 0
오스템임플란트 048260 자본조정 0 0
오스템임플란트 048260 기타포괄손익누계액 0 0
오스템임플란트 048260 이익잉여금(결손금) 87,393,557,788 80,067,118,968
오스템임플란트 048260 자본총계 137,584,021,953 135,732,239,927
오스템임플란트 048260 자본과부채총계 335,885,335,083 319,928,949,713
date : 2016-06-30
오스템임플란트 048260 유동자산 237,429,693,005 232,812,510,198
오스템임플란트 048260 현금및현금성자산 62,303,254,689 53,621,505,063
오스템임플란트 048260 매출채권 및 기타유동채권
오스템임플란트 048260 재고자산 37,097,292,641 34,278,512,437
오스템임플란트 048260 기타유동금융자산 1,805,951,454 3,358,962,367
오스템임플란트 048260 기타유동자산 0 0
오스템임플란트 048260 매각예정비유동자산 0 0
오스템임플란트 048260 비유동자산 126,056,183,389 87,324,961,924
오스템임플란트 048260 장기금융상품 0 0
오스템임플란트 048260 기타포괄손익-공정가치 0 0
오스템임플란트 048260 당기손익인식공정가치측정금융자산 0 0
오스템임플란트 048260 종속회사투자 0 0
오스템임플란트 048260 관계회사투자 0 0
오스템임플란트 048260 렌탈자산 0 0
오스템임플란트 048260 유형자산 70,308,786,554 44,586,310,100
오스템임플란트 048260 무형자산 5,006,989,300 4,896,431,319
오스템임플란트 048260 기타비유동금융자산 2,475,210,286 2,291,557,286
오스템임플란트 048260 기타비유동자산 0 0
오스템임플란트 048260 사용권자산 0 0
오스템임플란트 048260 이연법인세자산 8,029,968,707 6,865,582,894
오스템임플란트 048260 자산총계 363,485,876,394 320,137,472,122
오스템임플란트 048260 유동부채 200,606,342,324 171,049,477,461
오스템임플란트 048260 단기매입채무 0 0
오스템임플란트 048260 단기차입금 70,600,000,000 49,750,500,000
오스템임플란트 048260 유동성장기차입금 3,883,500,000 2,500,000,000
오스템임플란트 048260 유동성사채 0 0
오스템임플란트 048260 기타유동금융부채 89,057,022,485 79,303,182,361
오스템임플란트 048260 기타유동부채 0 0
오스템임플란트 048260 당기법인세부채 6,477,763,637 9,122,044,874
오스템임플란트 048260 유동리스부채 0 0
오스템임플란트 048260 비유동부채 27,827,830,901 13,355,754,734
오스템임플란트 048260 사채 0 0
오스템임플란트 048260 장기차입금 15,361,377,000 5,000,000,000
오스템임플란트 048260 기타비유동금융부채 0 0
오스템임플란트 048260 이연법인세부채 0 0
오스템임플란트 048260 비유동리스부채 0 0
오스템임플란트 048260 부채총계 228,434,173,225 184,405,232,195
오스템임플란트 048260 자본금 7,142,858,500 7,142,858,500
오스템임플란트 048260 자본잉여금 0 0
오스템임플란트 048260 자본조정 0 0
오스템임플란트 048260 기타포괄손익누계액 0 0
오스템임플란트 048260 이익잉여금(결손금) 95,706,817,463 80,067,118,968
오스템임플란트 048260 자본총계 135,051,703,169 135,732,239,927
오스템임플란트 048260 자본과부채총계 363,485,876,394 320,137,472,122
date : 2016-09-30
오스템임플란트 048260 유동자산 218,080,656,263 232,812,510,198
오스템임플란트 048260 현금및현금성자산 41,714,778,253 53,621,505,063
오스템임플란트 048260 매출채권 및 기타유동채권
오스템임플란트 048260 재고자산 41,101,846,248 34,278,512,437
오스템임플란트 048260 기타유동금융자산 2,148,770,023 3,358,962,367
오스템임플란트 048260 기타유동자산 0 0
오스템임플란트 048260 매각예정비유동자산 0 0
오스템임플란트 048260 비유동자산 151,271,313,008 87,324,961,924
오스템임플란트 048260 장기금융상품 0 0
오스템임플란트 048260 기타포괄손익-공정가치 0 0
오스템임플란트 048260 당기손익인식공정가치측정금융자산 0 0
오스템임플란트 048260 종속회사투자 0 0
오스템임플란트 048260 관계회사투자 0 0
오스템임플란트 048260 렌탈자산 0 0
오스템임플란트 048260 유형자산 77,715,446,675 44,586,310,100
오스템임플란트 048260 무형자산 5,208,354,573 4,896,431,319
오스템임플란트 048260 기타비유동금융자산 2,350,210,286 2,291,557,286
오스템임플란트 048260 기타비유동자산 0 0
오스템임플란트 048260 사용권자산 0 0
오스템임플란트 048260 이연법인세자산 8,223,182,757 6,865,582,894
오스템임플란트 048260 자산총계 369,351,969,271 320,137,472,122
오스템임플란트 048260 유동부채 206,696,253,306 171,049,477,461
오스템임플란트 048260 단기매입채무 0 0
오스템임플란트 048260 단기차입금 74,600,000,000 49,750,500,000
오스템임플란트 048260 유동성장기차입금 4,679,166,664 2,500,000,000
오스템임플란트 048260 유동성사채 0 0
오스템임플란트 048260 기타유동금융부채 94,287,253,096 79,303,182,361
오스템임플란트 048260 기타유동부채 0 0
오스템임플란트 048260 당기법인세부채 4,018,579,645 9,122,044,874
오스템임플란트 048260 유동리스부채 0 0
오스템임플란트 048260 비유동부채 33,564,736,898 13,355,754,734
오스템임플란트 048260 사채 0 0
오스템임플란트 048260 장기차입금 19,557,210,336 5,000,000,000
오스템임플란트 048260 기타비유동금융부채 0 0
오스템임플란트 048260 이연법인세부채 0 0
오스템임플란트 048260 비유동리스부채 0 0
오스템임플란트 048260 부채총계 240,260,990,204 184,405,232,195
오스템임플란트 048260 자본금 7,142,858,500 7,142,858,500
오스템임플란트 048260 자본잉여금 0 0
오스템임플란트 048260 자본조정 0 0
오스템임플란트 048260 기타포괄손익누계액 0 0
오스템임플란트 048260 이익잉여금(결손금) 98,986,665,778 80,067,118,968
오스템임플란트 048260 자본총계 129,090,979,067 135,732,239,927
오스템임플란트 048260 자본과부채총계 369,351,969,271 320,137,472,122
date : 2016-12-31
오스템임플란트 048260 유동자산 226,390,955,618 232,812,510,198
오스템임플란트 048260 현금및현금성자산 28,503,470,691 53,621,505,063
오스템임플란트 048260 매출채권 및 기타유동채권
오스템임플란트 048260 재고자산 42,362,236,291 34,278,512,437
오스템임플란트 048260 기타유동금융자산 0 0
오스템임플란트 048260 기타유동자산 1,592,327,048 3,358,962,367
오스템임플란트 048260 매각예정비유동자산 0 0
오스템임플란트 048260 비유동자산 171,725,813,695 91,003,575,292
오스템임플란트 048260 장기금융상품 0 0
오스템임플란트 048260 기타포괄손익-공정가치 0 0
오스템임플란트 048260 당기손익인식공정가치측정금융자산 0 0
오스템임플란트 048260 종속회사투자 0 0
오스템임플란트 048260 관계회사투자 0 0
오스템임플란트 048260 렌탈자산 0 0
오스템임플란트 048260 유형자산 92,371,065,105 44,586,310,100
오스템임플란트 048260 무형자산 7,946,890,693 4,896,431,319
오스템임플란트 048260 기타비유동금융자산 2,512,709,086 2,291,557,286
오스템임플란트 048260 기타비유동자산 0 0
오스템임플란트 048260 사용권자산 0 0
오스템임플란트 048260 이연법인세자산 9,267,154,370 10,544,196,262
오스템임플란트 048260 자산총계 398,116,769,313 323,816,085,490
오스템임플란트 048260 유동부채 229,537,243,250 187,770,447,316
오스템임플란트 048260 단기매입채무 0 0
오스템임플란트 048260 단기차입금 74,600,000,000 49,750,500,000
오스템임플란트 048260 유동성장기차입금 5,691,666,663 2,500,000,000
오스템임플란트 048260 유동성사채 0 0
오스템임플란트 048260 기타유동금융부채 0 0
오스템임플란트 048260 기타유동부채 112,611,621,500 96,024,152,216
오스템임플란트 048260 당기법인세부채 3,831,046,268 9,122,044,874
오스템임플란트 048260 유동리스부채 0 0
오스템임플란트 048260 비유동부채 48,259,775,169 18,945,999,338
오스템임플란트 048260 사채 0 0
오스템임플란트 048260 장기차입금 27,725,087,337 5,000,000,000
오스템임플란트 048260 기타비유동금융부채 0 0
오스템임플란트 048260 이연법인세부채 0 0
오스템임플란트 048260 비유동리스부채 0 0
오스템임플란트 048260 부채총계 277,797,018,419 206,716,446,654
오스템임플란트 048260 자본금 7,142,858,500 7,142,858,500
오스템임플란트 048260 자본잉여금 0 0
오스템임플란트 048260 자본조정 0 0
오스템임플란트 048260 기타포괄손익누계액 0 0
오스템임플란트 048260 이익잉여금(결손금) 90,156,727,791 61,434,517,877
오스템임플란트 048260 자본총계 120,319,750,894 117,099,638,836
오스템임플란트 048260 자본과부채총계 398,116,769,313 323,816,085,490
date : 2017-03-31
오스템임플란트 048260 유동자산 215,847,439,122 226,390,955,618
오스템임플란트 048260 현금및현금성자산 23,434,346,602 28,503,470,691
오스템임플란트 048260 매출채권 및 기타유동채권
오스템임플란트 048260 재고자산 45,557,553,447 42,362,236,291
오스템임플란트 048260 기타유동금융자산 0 0
오스템임플란트 048260 기타유동자산 2,316,000,538 1,592,327,048
오스템임플란트 048260 매각예정비유동자산 0 0
오스템임플란트 048260 비유동자산 207,262,287,179 171,725,813,695
오스템임플란트 048260 장기금융상품 0 0
오스템임플란트 048260 기타포괄손익-공정가치 0 0
오스템임플란트 048260 당기손익인식공정가치측정금융자산 0 0
오스템임플란트 048260 종속회사투자 0 0
오스템임플란트 048260 관계회사투자 0 0
오스템임플란트 048260 렌탈자산 0 0
오스템임플란트 048260 유형자산 114,873,970,132 92,371,065,105
오스템임플란트 048260 무형자산 8,109,630,514 7,946,890,693
오스템임플란트 048260 기타비유동금융자산 2,537,413,086 2,512,709,086
오스템임플란트 048260 기타비유동자산 0 0
오스템임플란트 048260 사용권자산 0 0
오스템임플란트 048260 이연법인세자산 9,819,259,148 9,267,154,370
오스템임플란트 048260 자산총계 423,109,726,301 398,116,769,313
오스템임플란트 048260 유동부채 241,313,469,904 229,537,243,250
오스템임플란트 048260 단기매입채무 0 0
오스템임플란트 048260 단기차입금 82,600,000,000 74,600,000,000
오스템임플란트 048260 유동성장기차입금 6,237,499,996 5,691,666,663
오스템임플란트 048260 유동성사채 0 0
오스템임플란트 048260 기타유동금융부채 0 0
오스템임플란트 048260 기타유동부채 114,353,926,908 112,611,621,500
오스템임플란트 048260 당기법인세부채 3,831,046,268 3,831,046,268
오스템임플란트 048260 유동리스부채 0 0
오스템임플란트 048260 비유동부채 64,070,816,085 48,259,775,169
오스템임플란트 048260 사채 0 0
오스템임플란트 048260 장기차입금 44,087,587,338 27,725,087,337
오스템임플란트 048260 기타비유동금융부채 0 0
오스템임플란트 048260 이연법인세부채 0 0
오스템임플란트 048260 비유동리스부채 0 0
오스템임플란트 048260 부채총계 305,384,285,989 277,797,018,419
오스템임플란트 048260 자본금 7,142,858,500 7,142,858,500
오스템임플란트 048260 자본잉여금 0 0
오스템임플란트 048260 자본조정 0 0
오스템임플란트 048260 기타포괄손익누계액 0 0
오스템임플란트 048260 이익잉여금(결손금) 88,516,643,365 90,156,727,791
오스템임플란트 048260 자본총계 117,725,440,312 120,319,750,894
오스템임플란트 048260 자본과부채총계 423,109,726,301 398,116,769,313
date : 2017-06-30
오스템임플란트 048260 유동자산 235,120,264,693 226,390,955,618
오스템임플란트 048260 현금및현금성자산 37,040,999,649 28,503,470,691
오스템임플란트 048260 매출채권 및 기타유동채권
오스템임플란트 048260 재고자산 47,925,055,973 42,362,236,291
오스템임플란트 048260 기타유동금융자산 0 0
오스템임플란트 048260 기타유동자산 3,346,333,405 1,592,327,048
오스템임플란트 048260 매각예정비유동자산 0 0
오스템임플란트 048260 비유동자산 230,994,707,293 171,725,813,695
오스템임플란트 048260 장기금융상품 0 0
오스템임플란트 048260 기타포괄손익-공정가치 0 0
오스템임플란트 048260 당기손익인식공정가치측정금융자산 0 0
오스템임플란트 048260 종속회사투자 0 0
오스템임플란트 048260 관계회사투자 0 0
오스템임플란트 048260 렌탈자산 0 0
오스템임플란트 048260 유형자산 133,435,474,450 92,371,065,105
오스템임플란트 048260 무형자산 8,400,734,408 7,946,890,693
오스템임플란트 048260 기타비유동금융자산 2,540,560,086 2,512,709,086
오스템임플란트 048260 기타비유동자산 0 0
오스템임플란트 048260 사용권자산 0 0
오스템임플란트 048260 이연법인세자산 9,601,231,019 9,267,154,370
오스템임플란트 048260 자산총계 466,114,971,986 398,116,769,313
오스템임플란트 048260 유동부채 259,004,656,240 229,537,243,250
오스템임플란트 048260 단기매입채무 0 0
오스템임플란트 048260 단기차입금 94,532,360,000 74,600,000,000
오스템임플란트 048260 유동성장기차입금 6,549,999,996 5,691,666,663
오스템임플란트 048260 유동성사채 0 0
오스템임플란트 048260 기타유동금융부채 0 0
오스템임플란트 048260 기타유동부채 124,415,889,427 112,611,621,500
오스템임플란트 048260 당기법인세부채 3,823,360,050 3,831,046,268
오스템임플란트 048260 유동리스부채 0 0
오스템임플란트 048260 비유동부채 78,388,164,688 48,259,775,169
오스템임플란트 048260 사채 0 0
오스템임플란트 048260 장기차입금 55,867,464,339 27,725,087,337
오스템임플란트 048260 기타비유동금융부채 0 0
오스템임플란트 048260 이연법인세부채 0 0
오스템임플란트 048260 비유동리스부채 0 0
오스템임플란트 048260 부채총계 337,392,820,928 277,797,018,419
오스템임플란트 048260 자본금 7,142,858,500 7,142,858,500
오스템임플란트 048260 자본잉여금 0 0
오스템임플란트 048260 자본조정 0 0
오스템임플란트 048260 기타포괄손익누계액 0 0
오스템임플란트 048260 이익잉여금(결손금) 100,445,970,419 90,156,727,791
오스템임플란트 048260 자본총계 128,722,151,058 120,319,750,894
오스템임플란트 048260 자본과부채총계 466,114,971,986 398,116,769,313
date : 2017-09-30
오스템임플란트 048260 유동자산 256,424,055,075 226,390,955,618
오스템임플란트 048260 현금및현금성자산 51,328,783,411 28,503,470,691
오스템임플란트 048260 매출채권 127,230,485,157 126,264,744,682
오스템임플란트 048260 재고자산 49,059,620,132 42,362,236,291
오스템임플란트 048260 기타유동금융자산 0 0
오스템임플란트 048260 기타유동자산 2,946,857,434 1,592,327,048
오스템임플란트 048260 매각예정비유동자산 0 0
오스템임플란트 048260 비유동자산 234,256,451,681 171,725,813,695
오스템임플란트 048260 장기금융상품 180,000,000 1,100,000,000
오스템임플란트 048260 기타포괄손익-공정가치 0 0
오스템임플란트 048260 당기손익인식공정가치측정금융자산 0 0
오스템임플란트 048260 종속회사투자 0 0
오스템임플란트 048260 관계회사투자 0 0
오스템임플란트 048260 렌탈자산 0 0
오스템임플란트 048260 유형자산 139,173,455,180 92,371,065,105
오스템임플란트 048260 무형자산 8,552,541,827 7,946,890,693
오스템임플란트 048260 기타비유동금융자산 0 0
오스템임플란트 048260 기타비유동자산 0 0
오스템임플란트 048260 사용권자산 0 0
오스템임플란트 048260 이연법인세자산 10,204,346,787 9,267,154,370
오스템임플란트 048260 자산총계 490,680,506,756 398,116,769,313
오스템임플란트 048260 유동부채 274,458,799,098 229,537,243,250
오스템임플란트 048260 단기매입채무 0 0
오스템임플란트 048260 단기차입금 99,773,600,000 74,600,000,000
오스템임플란트 048260 유동성장기차입금 7,072,222,231 5,691,666,663
오스템임플란트 048260 유동성사채 0 0
오스템임플란트 048260 기타유동금융부채 0 0
오스템임플란트 048260 기타유동부채 130,526,038,652 112,611,621,500
오스템임플란트 048260 당기법인세부채 4,943,917,125 3,831,046,268
오스템임플란트 048260 유동리스부채 0 0
오스템임플란트 048260 비유동부채 83,027,918,403 48,259,775,169
오스템임플란트 048260 사채 0 0
오스템임플란트 048260 장기차입금 62,640,277,772 27,725,087,337
오스템임플란트 048260 기타비유동금융부채 0 0
오스템임플란트 048260 이연법인세부채 0 0
오스템임플란트 048260 비유동리스부채 0 0
오스템임플란트 048260 부채총계 357,486,717,501 277,797,018,419
오스템임플란트 048260 자본금 0 0
오스템임플란트 048260 자본잉여금 0 0
오스템임플란트 048260 자본조정 0 0
오스템임플란트 048260 기타포괄손익누계액 0 0
오스템임플란트 048260 이익잉여금(결손금) 104,851,571,883 90,156,727,791
오스템임플란트 048260 자본총계 133,193,789,255 120,319,750,894
오스템임플란트 048260 자본과부채총계 490,680,506,756 398,116,769,313
date : 2017-12-31
오스템임플란트 048260 유동자산 255,378,710,887 226,390,955,618
오스템임플란트 048260 현금및현금성자산 60,010,858,546 28,503,470,691
오스템임플란트 048260 매출채권 4,172,325,951 3,025,321,094
오스템임플란트 048260 재고자산 48,291,703,329 42,362,236,291
오스템임플란트 048260 기타유동금융자산 0 0
오스템임플란트 048260 기타유동자산 62,530,428 3,025,321,094
오스템임플란트 048260 매각예정비유동자산 0 0
오스템임플란트 048260 비유동자산 217,057,383,232 171,725,813,695
오스템임플란트 048260 장기금융상품 334,270,282 1,100,000,000
오스템임플란트 048260 기타포괄손익-공정가치 0 0
오스템임플란트 048260 당기손익인식공정가치측정금융자산 0 0
오스템임플란트 048260 종속회사투자 0 0
오스템임플란트 048260 관계회사투자 0 0
오스템임플란트 048260 렌탈자산 0 0
오스템임플란트 048260 유형자산 138,973,507,284 92,371,065,105
오스템임플란트 048260 무형자산 8,902,220,857 7,946,890,693
오스템임플란트 048260 기타비유동금융자산 0 0
오스템임플란트 048260 기타비유동자산 0 0
오스템임플란트 048260 사용권자산 0 0
오스템임플란트 048260 이연법인세자산 9,287,049,492 9,267,154,370
오스템임플란트 048260 자산총계 472,436,094,119 398,116,769,313
오스템임플란트 048260 유동부채 265,296,923,072 229,537,243,250
오스템임플란트 048260 단기매입채무 0 0
오스템임플란트 048260 단기차입금 80,171,200,000 74,600,000,000
오스템임플란트 048260 유동성장기차입금 8,183,333,341 5,691,666,663
오스템임플란트 048260 유동성사채 0 0
오스템임플란트 048260 기타유동금융부채 0 0
오스템임플란트 048260 기타유동부채 136,628,369,587 112,611,621,500
오스템임플란트 048260 당기법인세부채 6,725,645,208 3,831,046,268
오스템임플란트 048260 유동리스부채 0 0
오스템임플란트 048260 비유동부채 78,585,452,777 48,259,775,169
오스템임플란트 048260 사채 0 0
오스템임플란트 048260 장기차입금 60,124,999,996 27,725,087,337
오스템임플란트 048260 기타비유동금융부채 0 0
오스템임플란트 048260 이연법인세부채 0 0
오스템임플란트 048260 비유동리스부채 0 0
오스템임플란트 048260 부채총계 343,882,375,849 277,797,018,419
오스템임플란트 048260 자본금 0 0
오스템임플란트 048260 자본잉여금 0 0
오스템임플란트 048260 자본조정 0 0
오스템임플란트 048260 기타포괄손익누계액 0 0
오스템임플란트 048260 이익잉여금(결손금) 100,951,182,867 90,156,727,791
오스템임플란트 048260 자본총계 128,553,718,270 120,319,750,894
오스템임플란트 048260 자본과부채총계 472,436,094,119 398,116,769,313
date : 2018-03-31
오스템임플란트 048260 유동자산 274,080,636,982 255,378,710,887
오스템임플란트 048260 현금및현금성자산 58,861,844,691 60,010,858,546
오스템임플란트 048260 매출채권 117,323,959,888 112,820,995,581
오스템임플란트 048260 재고자산 54,001,366,359 48,291,703,329
오스템임플란트 048260 기타유동금융자산 0 0
오스템임플란트 048260 기타유동자산 2,789,692,649 2,554,533,596
오스템임플란트 048260 매각예정비유동자산 0 0
오스템임플란트 048260 비유동자산 223,379,644,545 217,057,383,232
오스템임플란트 048260 장기금융상품 423,251,298 334,270,282
오스템임플란트 048260 기타포괄손익-공정가치 0 0
오스템임플란트 048260 당기손익인식공정가치측정금융자산 0 0
오스템임플란트 048260 종속회사투자 0 0
오스템임플란트 048260 관계회사투자 0 0
오스템임플란트 048260 렌탈자산 0 0
오스템임플란트 048260 유형자산 140,692,470,141 138,973,507,284
오스템임플란트 048260 무형자산 9,080,748,060 8,902,220,857
오스템임플란트 048260 기타비유동금융자산 0 0
오스템임플란트 048260 기타비유동자산 0 0
오스템임플란트 048260 사용권자산 0 0
오스템임플란트 048260 이연법인세자산 9,787,589,318 9,287,049,492
오스템임플란트 048260 자산총계 497,460,281,527 472,436,094,119
오스템임플란트 048260 유동부채 283,231,738,605 265,296,923,072
오스템임플란트 048260 단기매입채무 0 0
오스템임플란트 048260 단기차입금 90,132,000,000 80,171,200,000
오스템임플란트 048260 유동성장기차입금 0 0
오스템임플란트 048260 유동성사채 0 0
오스템임플란트 048260 기타유동금융부채 0 0
오스템임플란트 048260 기타유동부채 143,165,626,739 136,628,369,587
오스템임플란트 048260 당기법인세부채 9,065,647,029 6,725,645,208
오스템임플란트 048260 유동리스부채 0 0
오스템임플란트 048260 비유동부채 80,023,927,987 78,585,452,777
오스템임플란트 048260 사채 0 0
오스템임플란트 048260 장기차입금 58,034,722,220 60,124,999,996
오스템임플란트 048260 기타비유동금융부채 0 0
오스템임플란트 048260 이연법인세부채 0 0
오스템임플란트 048260 비유동리스부채 0 0
오스템임플란트 048260 부채총계 363,255,666,592 343,882,375,849
오스템임플란트 048260 자본금 0 0
오스템임플란트 048260 자본잉여금 0 0
오스템임플란트 048260 자본조정 0 0
오스템임플란트 048260 기타포괄손익누계액 0 0
오스템임플란트 048260 이익잉여금(결손금) 0 0
오스템임플란트 048260 자본총계 134,204,614,935 128,553,718,270
오스템임플란트 048260 자본과부채총계 497,460,281,527 472,436,094,119
date : 2018-06-30
오스템임플란트 048260 유동자산 280,545,406,518 255,378,710,887
오스템임플란트 048260 현금및현금성자산 46,815,166,627 60,010,858,546
오스템임플란트 048260 매출채권 132,715,317,752 112,820,995,581
오스템임플란트 048260 재고자산 47,089,732,223 48,291,703,329
오스템임플란트 048260 기타유동금융자산 0 0
오스템임플란트 048260 기타유동자산 9,497,783,611 2,554,533,596
오스템임플란트 048260 매각예정비유동자산 0 0
오스템임플란트 048260 비유동자산 229,676,551,029 217,057,383,232
오스템임플란트 048260 장기금융상품 531,112,634 334,270,282
오스템임플란트 048260 기타포괄손익-공정가치 0 0
오스템임플란트 048260 당기손익인식공정가치측정금융자산 0 0
오스템임플란트 048260 종속회사투자 0 0
오스템임플란트 048260 관계회사투자 0 0
오스템임플란트 048260 렌탈자산 0 0
오스템임플란트 048260 유형자산 152,592,674,223 138,973,507,284
오스템임플란트 048260 무형자산 9,116,896,353 8,902,220,857
오스템임플란트 048260 기타비유동금융자산 0 0
오스템임플란트 048260 기타비유동자산 0 0
오스템임플란트 048260 사용권자산 0 0
오스템임플란트 048260 이연법인세자산 9,734,720,185 9,287,049,492
오스템임플란트 048260 자산총계 510,221,957,547 472,436,094,119
오스템임플란트 048260 유동부채 322,183,107,284 265,296,923,072
오스템임플란트 048260 단기매입채무 0 0
오스템임플란트 048260 단기차입금 93,573,600,000 80,171,200,000
오스템임플란트 048260 유동성장기차입금 0 0
오스템임플란트 048260 유동성사채 0 0
오스템임플란트 048260 기타유동금융부채 0 0
오스템임플란트 048260 기타유동부채 145,772,491,604 136,628,369,587
오스템임플란트 048260 당기법인세부채 6,477,018,288 6,725,645,208
오스템임플란트 048260 유동리스부채 0 0
오스템임플란트 048260 비유동부채 43,648,287,352 78,585,452,777
오스템임플란트 048260 사채 0 0
오스템임플란트 048260 장기차입금 19,944,444,444 60,124,999,996
오스템임플란트 048260 기타비유동금융부채 0 0
오스템임플란트 048260 이연법인세부채 0 0
오스템임플란트 048260 비유동리스부채 0 0
오스템임플란트 048260 부채총계 365,831,394,636 343,882,375,849
오스템임플란트 048260 자본금 0 0
오스템임플란트 048260 자본잉여금 0 0
오스템임플란트 048260 자본조정 0 0
오스템임플란트 048260 기타포괄손익누계액 0 0
오스템임플란트 048260 이익잉여금(결손금) 0 0
오스템임플란트 048260 자본총계 144,390,562,911 128,553,718,270
오스템임플란트 048260 자본과부채총계 510,221,957,547 472,436,094,119
date : 2018-09-30
오스템임플란트 048260 유동자산 279,500,551,315 255,378,710,887
오스템임플란트 048260 현금및현금성자산 47,096,946,315 60,010,858,546
오스템임플란트 048260 매출채권 119,046,651,421 112,820,995,581
오스템임플란트 048260 재고자산 51,677,524,238 48,291,703,329
오스템임플란트 048260 기타유동금융자산 0 0
오스템임플란트 048260 기타유동자산 9,607,067,391 2,554,533,596
오스템임플란트 048260 매각예정비유동자산 0 0
오스템임플란트 048260 비유동자산 238,750,659,424 217,057,383,232
오스템임플란트 048260 장기금융상품 642,581,897 334,270,282
오스템임플란트 048260 기타포괄손익-공정가치 0 0
오스템임플란트 048260 당기손익인식공정가치측정금융자산 0 0
오스템임플란트 048260 종속회사투자 0 0
오스템임플란트 048260 관계회사투자 0 0
오스템임플란트 048260 렌탈자산 0 0
오스템임플란트 048260 유형자산 158,058,164,601 138,973,507,284
오스템임플란트 048260 무형자산 9,072,377,186 8,902,220,857
오스템임플란트 048260 기타비유동금융자산 0 0
오스템임플란트 048260 기타비유동자산 0 0
오스템임플란트 048260 사용권자산 0 0
오스템임플란트 048260 이연법인세자산 10,110,726,881 9,287,049,492
오스템임플란트 048260 자산총계 518,251,210,739 472,436,094,119
오스템임플란트 048260 유동부채 329,035,336,754 265,296,923,072
오스템임플란트 048260 단기매입채무 0 0
오스템임플란트 048260 단기차입금 95,501,600,000 80,171,200,000
오스템임플란트 048260 유동성장기차입금 0 0
오스템임플란트 048260 유동성사채 0 0
오스템임플란트 048260 기타유동금융부채 0 0
오스템임플란트 048260 기타유동부채 147,769,484,487 136,628,369,587
오스템임플란트 048260 당기법인세부채 6,337,209,243 6,725,645,208
오스템임플란트 048260 유동리스부채 0 0
오스템임플란트 048260 비유동부채 44,626,963,336 78,585,452,777
오스템임플란트 048260 사채 0 0
오스템임플란트 048260 장기차입금 19,422,833,324 60,124,999,996
오스템임플란트 048260 기타비유동금융부채 0 0
오스템임플란트 048260 이연법인세부채 0 0
오스템임플란트 048260 비유동리스부채 0 0
오스템임플란트 048260 부채총계 373,662,300,090 343,882,375,849
오스템임플란트 048260 자본금 0 0
오스템임플란트 048260 자본잉여금 0 0
오스템임플란트 048260 자본조정 0 0
오스템임플란트 048260 기타포괄손익누계액 0 0
오스템임플란트 048260 이익잉여금(결손금) 0 0
오스템임플란트 048260 자본총계 144,588,910,649 128,553,718,270
오스템임플란트 048260 자본과부채총계 518,251,210,739 472,436,094,119
date : 2018-12-31
오스템임플란트 048260 유동자산 286,838,315,556 255,378,710,887
오스템임플란트 048260 현금및현금성자산 59,250,853,783 60,010,858,546
오스템임플란트 048260 매출채권 118,779,211,009 112,820,995,581
오스템임플란트 048260 재고자산 49,810,304,086 48,291,703,329
오스템임플란트 048260 기타유동금융자산 466,222,365 62,530,428
오스템임플란트 048260 기타유동자산 12,896,254,505 2,554,533,596
오스템임플란트 048260 매각예정비유동자산 2,813,916,234 48,291,703,329
오스템임플란트 048260 비유동자산 243,290,763,509 217,057,383,232
오스템임플란트 048260 장기금융상품 0 0
오스템임플란트 048260 기타포괄손익-공정가치 0 0
오스템임플란트 048260 당기손익인식공정가치측정금융자산 0 0
오스템임플란트 048260 종속회사투자 0 0
오스템임플란트 048260 관계회사투자 0 0
오스템임플란트 048260 렌탈자산 0 0
오스템임플란트 048260 유형자산 168,303,895,822 138,973,507,284
오스템임플란트 048260 무형자산 9,239,934,322 8,902,220,857
오스템임플란트 048260 기타비유동금융자산 0 0
오스템임플란트 048260 기타비유동자산 1,022,769,138 8,902,220,857
오스템임플란트 048260 사용권자산 0 0
오스템임플란트 048260 이연법인세자산 13,054,734,581 9,287,049,492
오스템임플란트 048260 자산총계 530,129,079,065 472,436,094,119
오스템임플란트 048260 유동부채 340,279,205,506 265,296,923,072
오스템임플란트 048260 단기매입채무 0 0
오스템임플란트 048260 단기차입금 86,944,800,000 80,171,200,000
오스템임플란트 048260 유동성장기차입금 0 0
오스템임플란트 048260 유동성사채 0 0
오스템임플란트 048260 기타유동금융부채 1,050,636,083 507,915,903
오스템임플란트 048260 기타유동부채 162,669,208,070 136,628,369,587
오스템임플란트 048260 당기법인세부채 6,806,515,966 6,725,645,208
오스템임플란트 048260 유동리스부채 0 0
오스템임플란트 048260 비유동부채 56,667,247,198 78,585,452,777
오스템임플란트 048260 사채 0 0
오스템임플란트 048260 장기차입금 32,687,555,547 60,124,999,996
오스템임플란트 048260 기타비유동금융부채 34,829,502 60,124,999,996
오스템임플란트 048260 이연법인세부채 0 0
오스템임플란트 048260 비유동리스부채 0 0
오스템임플란트 048260 부채총계 396,946,452,704 343,882,375,849
오스템임플란트 048260 자본금 0 0
오스템임플란트 048260 자본잉여금 0 0
오스템임플란트 048260 자본조정 0 0
오스템임플란트 048260 기타포괄손익누계액 0 0
오스템임플란트 048260 이익잉여금(결손금) 0 0
오스템임플란트 048260 자본총계 133,182,626,361 128,553,718,270
오스템임플란트 048260 자본과부채총계 530,129,079,065 472,436,094,119
date : 2019-03-31
오스템임플란트 048260 유동자산 294,511,394,061 286,838,315,556
오스템임플란트 048260 현금및현금성자산 44,210,848,080 59,250,853,783
오스템임플란트 048260 매출채권 116,395,568,644 118,779,211,009
오스템임플란트 048260 재고자산 53,436,220,758 49,810,304,086
오스템임플란트 048260 기타유동금융자산 1,289,855,619 466,222,365
오스템임플란트 048260 기타유동자산 16,114,539,699 12,896,254,505
오스템임플란트 048260 매각예정비유동자산 2,227,457,063 2,813,916,234
오스템임플란트 048260 비유동자산 267,334,521,210 243,290,763,509
오스템임플란트 048260 장기금융상품 865,601,080 752,758,105
오스템임플란트 048260 기타포괄손익-공정가치 0 0
오스템임플란트 048260 당기손익인식공정가치측정금융자산 0 0
오스템임플란트 048260 종속회사투자 0 0
오스템임플란트 048260 관계회사투자 0 0
오스템임플란트 048260 렌탈자산 0 0
오스템임플란트 048260 유형자산 176,179,333,724 168,303,895,822
오스템임플란트 048260 무형자산 9,281,317,806 9,239,934,322
오스템임플란트 048260 기타비유동금융자산 0 0
오스템임플란트 048260 기타비유동자산 1,046,191,976 1,022,769,138
오스템임플란트 048260 사용권자산 3,765,193,473 168,303,895,822
오스템임플란트 048260 이연법인세자산 13,757,392,901 13,054,734,581
오스템임플란트 048260 자산총계 561,845,915,271 530,129,079,065
오스템임플란트 048260 유동부채 348,205,502,542 340,279,205,506
오스템임플란트 048260 단기매입채무 0 0
오스템임플란트 048260 단기차입금 87,102,400,000 86,944,800,000
오스템임플란트 048260 유동성장기차입금 0 0
오스템임플란트 048260 유동성사채 0 0
오스템임플란트 048260 기타유동금융부채 3,247,836,372 1,050,636,083
오스템임플란트 048260 기타유동부채 169,172,720,004 162,669,208,070
오스템임플란트 048260 당기법인세부채 10,075,665,633 6,806,515,966
오스템임플란트 048260 유동리스부채 0 0
오스템임플란트 048260 비유동부채 68,353,365,257 56,667,247,198
오스템임플란트 048260 사채 0 0
오스템임플란트 048260 장기차입금 38,551,277,770 32,687,555,547
오스템임플란트 048260 기타비유동금융부채 2,423,423,808 34,829,502
오스템임플란트 048260 이연법인세부채 0 0
오스템임플란트 048260 비유동리스부채 0 0
오스템임플란트 048260 부채총계 416,558,867,799 396,946,452,704
오스템임플란트 048260 자본금 0 0
오스템임플란트 048260 자본잉여금 0 0
오스템임플란트 048260 자본조정 0 0
오스템임플란트 048260 기타포괄손익누계액 0 0
오스템임플란트 048260 이익잉여금(결손금) 0 0
오스템임플란트 048260 자본총계 145,287,047,472 133,182,626,361
오스템임플란트 048260 자본과부채총계 561,845,915,271 530,129,079,065
