date : 2019-03-31
기가레인 049080 유동자산 82,588,809,138 93,687,799,257
기가레인 049080 현금및현금성자산 1,769,163,406 4,328,154,256
기가레인 049080 매출채권 및 기타채권
기가레인 049080 기타유동금융자산 48,396,971 3,567,724,641
기가레인 049080 재고자산 38,821,151,927 35,715,540,710
기가레인 049080 비유동자산 80,324,113,403 82,608,222,244
기가레인 049080 유형자산 53,941,854,883 54,575,467,024
기가레인 049080 무형자산 17,170,648,157 17,828,117,209
기가레인 049080 기타비유동금융자산 700,781,073 1,693,808,721
기가레인 049080 자산총계 162,912,922,541 176,296,021,501
기가레인 049080 유동부채 71,867,758,822 79,426,309,399
기가레인 049080 비유동부채 29,667,117,749 29,991,431,681
기가레인 049080 장기차입금 7,911,471,000 8,621,072,000
기가레인 049080 기타비유동금융부채 78,071,291 78,071,291
기가레인 049080 부채총계 101,534,876,571 109,417,741,080
기가레인 049080 자본금 25,196,325,000 25,196,325,000
기가레인 049080 자본잉여금 67,277,022,312 67,488,103,856
기가레인 049080 이익잉여금(결손금) -29,971,952,550 -24,608,622,591
기가레인 049080 자본총계 61,378,045,970 66,878,280,421
기가레인 049080 자본과부채총계 162,912,922,541 176,296,021,501
