date : 2015-12-31
동원F&B 049770 유동자산 345,239,907,438 363,285,984,848
동원F&B 049770 현금및현금성자산 23,629,452,813 22,805,050,080
동원F&B 049770 매출채권 0 0
동원F&B 049770 재고자산 206,332,782,033 188,661,504,007
동원F&B 049770 기타유동금융자산 0 0
동원F&B 049770 기타유동자산 2,541,429,048 2,092,701,321
동원F&B 049770 매각예정비유동자산 0 0
동원F&B 049770 비유동자산 453,364,662,677 396,137,310,748
동원F&B 049770 장기금융상품 0 0
동원F&B 049770 기타포괄손익-공정가치 0 0
동원F&B 049770 당기손익인식공정가치측정금융자산 0 0
동원F&B 049770 종속회사투자 0 0
동원F&B 049770 관계회사투자 0 0
동원F&B 049770 렌탈자산 0 0
동원F&B 049770 유형자산 286,945,537,575 281,233,654,782
동원F&B 049770 무형자산 5,330,822,400 6,048,730,911
동원F&B 049770 기타비유동금융자산 0 0
동원F&B 049770 기타비유동자산 29,951,512 167,036,806
동원F&B 049770 사용권자산 0 0
동원F&B 049770 이연법인세자산 0 0
동원F&B 049770 자산총계 0 0
동원F&B 049770 유동부채 166,426,416,631 147,092,246,001
동원F&B 049770 단기매입채무 0 0
동원F&B 049770 단기차입금 15,000,000,000 7,423,364,364
동원F&B 049770 유동성장기차입금 0 0
동원F&B 049770 유동성사채 29,951,548,179 7,423,364,364
동원F&B 049770 기타유동금융부채 0 0
동원F&B 049770 기타유동부채 1,864,389,189 1,638,510,471
동원F&B 049770 당기법인세부채 0 0
동원F&B 049770 유동리스부채 0 0
동원F&B 049770 비유동부채 156,197,682,329 163,826,426,730
동원F&B 049770 사채 109,822,756,594 109,730,833,801
동원F&B 049770 장기차입금 21,000,000,000 24,244,000,000
동원F&B 049770 기타비유동금융부채 0 0
동원F&B 049770 이연법인세부채 20,329,809,280 22,061,711,161
동원F&B 049770 비유동리스부채 0 0
동원F&B 049770 부채총계 0 0
동원F&B 049770 자본금 19,295,620,000 19,295,620,000
동원F&B 049770 자본잉여금 0 0
동원F&B 049770 자본조정 0 0
동원F&B 049770 기타포괄손익누계액 0 0
동원F&B 049770 이익잉여금(결손금) 0 0
동원F&B 049770 자본총계 0 0
동원F&B 049770 자본과부채총계 0 0
date : 2016-03-31
동원F&B 049770 유동자산 455,718,523,270 345,239,907,438
동원F&B 049770 현금및현금성자산 101,112,415,664 23,629,452,813
동원F&B 049770 매출채권 0 0
동원F&B 049770 재고자산 181,432,750,721 206,332,782,033
동원F&B 049770 기타유동금융자산 0 0
동원F&B 049770 기타유동자산 3,164,418,151 2,541,429,048
동원F&B 049770 매각예정비유동자산 0 0
동원F&B 049770 비유동자산 451,944,071,210 453,364,662,677
동원F&B 049770 장기금융상품 0 0
동원F&B 049770 기타포괄손익-공정가치 0 0
동원F&B 049770 당기손익인식공정가치측정금융자산 0 0
동원F&B 049770 종속회사투자 0 0
동원F&B 049770 관계회사투자 0 0
동원F&B 049770 렌탈자산 0 0
동원F&B 049770 유형자산 285,680,866,167 286,945,537,575
동원F&B 049770 무형자산 5,611,799,344 5,330,822,400
동원F&B 049770 기타비유동금융자산 0 0
동원F&B 049770 기타비유동자산 26,495,438 29,951,512
동원F&B 049770 사용권자산 0 0
동원F&B 049770 이연법인세자산 0 0
동원F&B 049770 자산총계 0 0
동원F&B 049770 유동부채 265,223,147,725 166,426,416,631
동원F&B 049770 단기매입채무 0 0
동원F&B 049770 단기차입금 100,000,000,000 15,000,000,000
동원F&B 049770 유동성장기차입금 0 0
동원F&B 049770 유동성사채 0 0
동원F&B 049770 기타유동금융부채 0 0
동원F&B 049770 기타유동부채 1,879,420,086 1,864,389,189
동원F&B 049770 당기법인세부채 0 0
동원F&B 049770 유동리스부채 0 0
동원F&B 049770 비유동부채 160,551,073,053 156,197,682,329
동원F&B 049770 사채 109,846,333,511 109,822,756,594
동원F&B 049770 장기차입금 21,000,000,000 21,000,000,000
동원F&B 049770 기타비유동금융부채 0 0
동원F&B 049770 이연법인세부채 20,182,612,616 20,329,809,280
동원F&B 049770 비유동리스부채 0 0
동원F&B 049770 부채총계 0 0
동원F&B 049770 자본금 19,295,620,000 19,295,620,000
동원F&B 049770 자본잉여금 0 0
동원F&B 049770 자본조정 0 0
동원F&B 049770 기타포괄손익누계액 0 0
동원F&B 049770 이익잉여금(결손금) 0 0
동원F&B 049770 자본총계 0 0
동원F&B 049770 자본과부채총계 0 0
date : 2016-06-30
동원F&B 049770 유동자산 349,732,661,053 345,239,907,438
동원F&B 049770 현금및현금성자산 18,501,215,075 23,629,452,813
동원F&B 049770 매출채권 0 0
동원F&B 049770 재고자산 204,428,892,065 206,332,782,033
동원F&B 049770 기타유동금융자산 0 0
동원F&B 049770 기타유동자산 3,185,605,467 2,541,429,048
동원F&B 049770 매각예정비유동자산 0 0
동원F&B 049770 비유동자산 453,757,138,164 453,364,662,677
동원F&B 049770 장기금융상품 0 0
동원F&B 049770 기타포괄손익-공정가치 0 0
동원F&B 049770 당기손익인식공정가치측정금융자산 0 0
동원F&B 049770 종속회사투자 0 0
동원F&B 049770 관계회사투자 0 0
동원F&B 049770 렌탈자산 0 0
동원F&B 049770 유형자산 289,263,860,288 286,945,537,575
동원F&B 049770 무형자산 5,476,124,239 5,330,822,400
동원F&B 049770 기타비유동금융자산 0 0
동원F&B 049770 기타비유동자산 29,951,512 167,036,806
동원F&B 049770 사용권자산 0 0
동원F&B 049770 이연법인세자산 0 0
동원F&B 049770 자산총계 0 0
동원F&B 049770 유동부채 158,422,347,192 166,426,416,631
동원F&B 049770 단기매입채무 0 0
동원F&B 049770 단기차입금 10,000,000,000 15,000,000,000
동원F&B 049770 유동성장기차입금 0 0
동원F&B 049770 유동성사채 0 0
동원F&B 049770 기타유동금융부채 0 0
동원F&B 049770 기타유동부채 609,734,283 1,051,280,401
동원F&B 049770 당기법인세부채 0 0
동원F&B 049770 유동리스부채 0 0
동원F&B 049770 비유동부채 160,522,285,154 156,197,682,329
동원F&B 049770 사채 109,869,947,661 109,822,756,594
동원F&B 049770 장기차입금 21,000,000,000 21,000,000,000
동원F&B 049770 기타비유동금융부채 0 0
동원F&B 049770 이연법인세부채 19,946,618,995 20,329,809,280
동원F&B 049770 비유동리스부채 0 0
동원F&B 049770 부채총계 0 0
동원F&B 049770 자본금 19,295,620,000 19,295,620,000
동원F&B 049770 자본잉여금 0 0
동원F&B 049770 자본조정 0 0
동원F&B 049770 기타포괄손익누계액 0 0
동원F&B 049770 이익잉여금(결손금) 0 0
동원F&B 049770 자본총계 0 0
동원F&B 049770 자본과부채총계 0 0
date : 2016-09-30
동원F&B 049770 유동자산 380,257,680,850 345,239,907,438
동원F&B 049770 현금및현금성자산 9,573,296,687 23,629,452,813
동원F&B 049770 매출채권 0 0
동원F&B 049770 재고자산 173,414,312,213 206,332,782,033
동원F&B 049770 기타유동금융자산 0 0
동원F&B 049770 기타유동자산 3,165,155,509 2,541,429,048
동원F&B 049770 매각예정비유동자산 0 0
동원F&B 049770 비유동자산 452,151,373,439 453,364,662,677
동원F&B 049770 장기금융상품 0 0
동원F&B 049770 기타포괄손익-공정가치 0 0
동원F&B 049770 당기손익인식공정가치측정금융자산 0 0
동원F&B 049770 종속회사투자 0 0
동원F&B 049770 관계회사투자 0 0
동원F&B 049770 렌탈자산 0 0
동원F&B 049770 유형자산 288,383,346,640 286,945,537,575
동원F&B 049770 무형자산 6,916,315,047 5,330,822,400
동원F&B 049770 기타비유동금융자산 0 0
동원F&B 049770 기타비유동자산 29,951,512 167,036,806
동원F&B 049770 사용권자산 0 0
동원F&B 049770 이연법인세자산 0 0
동원F&B 049770 자산총계 0 0
동원F&B 049770 유동부채 170,373,034,067 166,426,416,631
동원F&B 049770 단기매입채무 0 0
동원F&B 049770 단기차입금 15,000,000,000 166,426,416,631
동원F&B 049770 유동성장기차입금 0 0
동원F&B 049770 유동성사채 0 166,426,416,631
동원F&B 049770 기타유동금융부채 0 0
동원F&B 049770 기타유동부채 1,873,581,214 1,864,389,189
동원F&B 049770 당기법인세부채 0 0
동원F&B 049770 유동리스부채 0 0
동원F&B 049770 비유동부채 161,396,803,062 156,197,682,329
동원F&B 049770 사채 109,893,856,985 109,822,756,594
동원F&B 049770 장기차입금 21,000,000,000 21,000,000,000
동원F&B 049770 기타비유동금융부채 0 0
동원F&B 049770 이연법인세부채 19,603,447,231 20,329,809,280
동원F&B 049770 비유동리스부채 0 0
동원F&B 049770 부채총계 0 0
동원F&B 049770 자본금 19,295,620,000 19,295,620,000
동원F&B 049770 자본잉여금 0 0
동원F&B 049770 자본조정 0 0
동원F&B 049770 기타포괄손익누계액 0 0
동원F&B 049770 이익잉여금(결손금) 0 0
동원F&B 049770 자본총계 0 0
동원F&B 049770 자본과부채총계 0 0
date : 2016-12-31
동원F&B 049770 유동자산 429,409,196,518 345,239,907,438
동원F&B 049770 현금및현금성자산 60,592,993,262 23,629,452,813
동원F&B 049770 매출채권 0 0
동원F&B 049770 재고자산 220,251,267,164 206,332,782,033
동원F&B 049770 기타유동금융자산 0 0
동원F&B 049770 기타유동자산 2,757,713,845 2,541,429,048
동원F&B 049770 매각예정비유동자산 0 0
동원F&B 049770 비유동자산 450,073,859,903 453,364,662,677
동원F&B 049770 장기금융상품 0 0
동원F&B 049770 기타포괄손익-공정가치 0 0
동원F&B 049770 당기손익인식공정가치측정금융자산 0 0
동원F&B 049770 종속회사투자 0 0
동원F&B 049770 관계회사투자 0 0
동원F&B 049770 렌탈자산 0 0
동원F&B 049770 유형자산 288,419,714,062 286,945,537,575
동원F&B 049770 무형자산 6,821,413,612 5,330,822,400
동원F&B 049770 기타비유동금융자산 0 0
동원F&B 049770 기타비유동자산 29,951,512 167,036,806
동원F&B 049770 사용권자산 0 0
동원F&B 049770 이연법인세자산 0 0
동원F&B 049770 자산총계 0 0
동원F&B 049770 유동부채 336,116,080,885 166,426,416,631
동원F&B 049770 단기매입채무 0 0
동원F&B 049770 단기차입금 15,000,000,000 166,426,416,631
동원F&B 049770 유동성장기차입금 0 0
동원F&B 049770 유동성사채 109,917,977,974 166,426,416,631
동원F&B 049770 기타유동금융부채 0 0
동원F&B 049770 기타유동부채 4,005,709,827 1,864,389,189
동원F&B 049770 당기법인세부채 0 0
동원F&B 049770 유동리스부채 0 0
동원F&B 049770 비유동부채 46,377,070,933 156,197,682,329
동원F&B 049770 사채 109,822,756,594 109,730,833,801
동원F&B 049770 장기차입금 21,000,000,000 21,000,000,000
동원F&B 049770 기타비유동금융부채 0 0
동원F&B 049770 이연법인세부채 19,204,770,934 20,329,809,280
동원F&B 049770 비유동리스부채 0 0
동원F&B 049770 부채총계 0 0
동원F&B 049770 자본금 19,295,620,000 19,295,620,000
동원F&B 049770 자본잉여금 0 0
동원F&B 049770 자본조정 0 0
동원F&B 049770 기타포괄손익누계액 0 0
동원F&B 049770 이익잉여금(결손금) 0 0
동원F&B 049770 자본총계 0 0
동원F&B 049770 자본과부채총계 0 0
date : 2017-03-31
동원F&B 049770 유동자산 374,801,834,457 429,409,196,518
동원F&B 049770 현금및현금성자산 26,538,064,574 60,592,993,262
동원F&B 049770 매출채권 0 0
동원F&B 049770 재고자산 209,952,073,679 220,251,267,164
동원F&B 049770 기타유동금융자산 0 0
동원F&B 049770 기타유동자산 6,621,869,738 2,757,713,845
동원F&B 049770 매각예정비유동자산 0 0
동원F&B 049770 비유동자산 463,431,059,566 450,073,859,903
동원F&B 049770 장기금융상품 0 0
동원F&B 049770 기타포괄손익-공정가치 0 0
동원F&B 049770 당기손익인식공정가치측정금융자산 0 0
동원F&B 049770 종속회사투자 0 0
동원F&B 049770 관계회사투자 0 0
동원F&B 049770 렌탈자산 0 0
동원F&B 049770 유형자산 302,365,672,349 288,419,714,062
동원F&B 049770 무형자산 6,678,835,032 6,821,413,612
동원F&B 049770 기타비유동금융자산 0 0
동원F&B 049770 기타비유동자산 29,951,512 6,821,413,612
동원F&B 049770 사용권자산 0 0
동원F&B 049770 이연법인세자산 0 0
동원F&B 049770 자산총계 0 0
동원F&B 049770 유동부채 281,759,561,995 336,116,080,885
동원F&B 049770 단기매입채무 0 0
동원F&B 049770 단기차입금 15,000,000,000 336,116,080,885
동원F&B 049770 유동성장기차입금 0 0
동원F&B 049770 유동성사채 109,942,309,521 109,917,977,974
동원F&B 049770 기타유동금융부채 0 0
동원F&B 049770 기타유동부채 1,572,402,546 4,005,709,827
동원F&B 049770 당기법인세부채 0 0
동원F&B 049770 유동리스부채 0 0
동원F&B 049770 비유동부채 51,484,370,216 46,377,070,933
동원F&B 049770 사채 109,822,756,594 46,377,070,933
동원F&B 049770 장기차입금 21,000,000,000 21,000,000,000
동원F&B 049770 기타비유동금융부채 0 0
동원F&B 049770 이연법인세부채 18,959,553,937 19,204,770,934
동원F&B 049770 비유동리스부채 0 0
동원F&B 049770 부채총계 0 0
동원F&B 049770 자본금 19,295,620,000 19,295,620,000
동원F&B 049770 자본잉여금 0 0
동원F&B 049770 자본조정 0 0
동원F&B 049770 기타포괄손익누계액 0 0
동원F&B 049770 이익잉여금(결손금) 0 0
동원F&B 049770 자본총계 0 0
동원F&B 049770 자본과부채총계 0 0
date : 2017-06-30
동원F&B 049770 유동자산 396,155,422,680 429,409,196,518
동원F&B 049770 현금및현금성자산 9,016,529,882 60,592,993,262
동원F&B 049770 매출채권 0 0
동원F&B 049770 재고자산 242,428,038,516 220,251,267,164
동원F&B 049770 기타유동금융자산 0 0
동원F&B 049770 기타유동자산 3,733,459,730 2,757,713,845
동원F&B 049770 매각예정비유동자산 0 0
동원F&B 049770 비유동자산 599,120,321,351 450,073,859,903
동원F&B 049770 장기금융상품 0 0
동원F&B 049770 기타포괄손익-공정가치 0 0
동원F&B 049770 당기손익인식공정가치측정금융자산 0 0
동원F&B 049770 종속회사투자 0 0
동원F&B 049770 관계회사투자 0 0
동원F&B 049770 렌탈자산 0 0
동원F&B 049770 유형자산 300,246,715,828 288,419,714,062
동원F&B 049770 무형자산 6,522,868,252 6,821,413,612
동원F&B 049770 기타비유동금융자산 0 0
동원F&B 049770 기타비유동자산 0 0
동원F&B 049770 사용권자산 0 0
동원F&B 049770 이연법인세자산 0 0
동원F&B 049770 자산총계 0 0
동원F&B 049770 유동부채 303,944,905,463 336,116,080,885
동원F&B 049770 단기매입채무 0 0
동원F&B 049770 단기차입금 25,000,000,000 336,116,080,885
동원F&B 049770 유동성장기차입금 0 0
동원F&B 049770 유동성사채 109,966,862,460 109,917,977,974
동원F&B 049770 기타유동금융부채 0 0
동원F&B 049770 기타유동부채 2,479,274,073 4,005,709,827
동원F&B 049770 당기법인세부채 0 0
동원F&B 049770 유동리스부채 0 0
동원F&B 049770 비유동부채 185,316,515,014 46,377,070,933
동원F&B 049770 사채 0 0
동원F&B 049770 장기차입금 146,000,000,000 21,000,000,000
동원F&B 049770 기타비유동금융부채 0 0
동원F&B 049770 이연법인세부채 18,961,316,468 19,204,770,934
동원F&B 049770 비유동리스부채 0 0
동원F&B 049770 부채총계 0 0
동원F&B 049770 자본금 19,295,620,000 19,295,620,000
동원F&B 049770 자본잉여금 0 0
동원F&B 049770 자본조정 0 0
동원F&B 049770 기타포괄손익누계액 0 0
동원F&B 049770 이익잉여금(결손금) 0 0
동원F&B 049770 자본총계 0 0
동원F&B 049770 자본과부채총계 0 0
date : 2017-09-30
동원F&B 049770 유동자산 559,100,464,924 429,409,196,518
동원F&B 049770 현금및현금성자산 63,166,336,940 60,592,993,262
동원F&B 049770 매출채권 및 기타채권
동원F&B 049770 재고자산 219,726,133,208 220,251,267,164
동원F&B 049770 기타유동금융자산 0 0
동원F&B 049770 기타유동자산 4,955,578,678 2,757,713,845
동원F&B 049770 매각예정비유동자산 0 0
동원F&B 049770 비유동자산 600,198,369,613 450,073,859,903
동원F&B 049770 장기금융상품 0 0
동원F&B 049770 기타포괄손익-공정가치 0 0
동원F&B 049770 당기손익인식공정가치측정금융자산 0 0
동원F&B 049770 종속회사투자 0 0
동원F&B 049770 관계회사투자 0 0
동원F&B 049770 렌탈자산 0 0
동원F&B 049770 유형자산 300,979,117,708 288,419,714,062
동원F&B 049770 무형자산 6,392,223,872 6,821,413,612
동원F&B 049770 기타비유동금융자산 0 0
동원F&B 049770 기타비유동자산 0 0
동원F&B 049770 사용권자산 0 0
동원F&B 049770 이연법인세자산 0 0
동원F&B 049770 자산총계 1,159,298,834,537 879,483,056,421
동원F&B 049770 유동부채 451,332,354,786 336,116,080,885
동원F&B 049770 단기매입채무 0 0
동원F&B 049770 단기차입금 55,000,000,000 336,116,080,885
동원F&B 049770 유동성장기차입금 0 0
동원F&B 049770 유동성사채 109,991,629,751 109,917,977,974
동원F&B 049770 기타유동금융부채 0 0
동원F&B 049770 기타유동부채 2,283,513,631 4,005,709,827
동원F&B 049770 당기법인세부채 0 0
동원F&B 049770 유동리스부채 0 0
동원F&B 049770 비유동부채 187,768,209,391 46,377,070,933
동원F&B 049770 사채 0 0
동원F&B 049770 장기차입금 146,000,000,000 21,000,000,000
동원F&B 049770 기타비유동금융부채 0 0
동원F&B 049770 이연법인세부채 18,843,341,288 19,204,770,934
동원F&B 049770 비유동리스부채 0 0
동원F&B 049770 부채총계 639,100,564,177 382,493,151,818
동원F&B 049770 자본금 19,295,620,000 19,295,620,000
동원F&B 049770 자본잉여금 0 0
동원F&B 049770 자본조정 0 0
동원F&B 049770 기타포괄손익누계액 0 0
동원F&B 049770 이익잉여금(결손금) 33,167,222,229 33,616,653,081
동원F&B 049770 자본총계 520,198,270,360 496,989,904,603
동원F&B 049770 자본과부채총계 1,159,298,834,537 879,483,056,421
date : 2017-12-31
동원F&B 049770 유동자산 합계 451,254,190,211
동원F&B 049770 현금및현금성자산 47,255,419,100 60,592,993,262
동원F&B 049770 매출채권 및 기타채권
동원F&B 049770 재고자산 240,939,966,659 220,251,267,164
동원F&B 049770 기타유동금융자산 0 0
동원F&B 049770 기타유동자산 3,217,121,847 2,757,713,845
동원F&B 049770 매각예정비유동자산 0 0
동원F&B 049770 비유동자산 합계 603,929,924,806
동원F&B 049770 장기금융상품 0 0
동원F&B 049770 기타포괄손익-공정가치 0 0
동원F&B 049770 당기손익인식공정가치측정금융자산 0 0
동원F&B 049770 종속회사투자 0 0
동원F&B 049770 관계회사투자 0 0
동원F&B 049770 렌탈자산 0 0
동원F&B 049770 유형자산 304,775,249,260 288,419,714,062
동원F&B 049770 무형자산 6,335,266,310 6,821,413,612
동원F&B 049770 기타비유동금융자산 0 0
동원F&B 049770 기타비유동자산 29,951,512 6,821,413,612
동원F&B 049770 사용권자산 0 0
동원F&B 049770 이연법인세자산 0 0
동원F&B 049770 자산총계 1,055,184,115,017 879,483,056,421
동원F&B 049770 유동부채 합계 229,770,711,715
동원F&B 049770 단기매입채무 0 0
동원F&B 049770 단기차입금 15,000,000,000 879,483,056,421
동원F&B 049770 유동성장기차입금 20,200,000,000 879,483,056,421
동원F&B 049770 유동성사채 109,917,977,974 879,483,056,421
동원F&B 049770 기타유동금융부채 0 0
동원F&B 049770 기타유동부채 3,555,882,304 4,005,709,827
동원F&B 049770 당기법인세부채 0 0
동원F&B 049770 유동리스부채 0 0
동원F&B 049770 비유동부채 합계 304,227,286,213
동원F&B 049770 사채 149,536,848,559 109,822,756,594
동원F&B 049770 장기차입금 125,800,000,000 21,000,000,000
동원F&B 049770 기타비유동금융부채 0 0
동원F&B 049770 이연법인세부채 19,164,264,935 19,204,770,934
동원F&B 049770 비유동리스부채 0 0
동원F&B 049770 부채총계 533,997,997,928 382,493,151,818
동원F&B 049770 자본금 19,295,620,000 19,295,620,000
동원F&B 049770 자본잉여금 0 0
동원F&B 049770 자본조정 0 0
동원F&B 049770 기타포괄손익누계액 0 0
동원F&B 049770 이익잉여금(결손금) 32,223,935,351 33,616,653,081
동원F&B 049770 자본총계 521,186,117,089 496,989,904,603
동원F&B 049770 자본과부채총계 1,055,184,115,017 879,483,056,421
date : 2018-03-31
동원F&B 049770 유동자산 477,309,611,574 451,254,190,211
동원F&B 049770 현금및현금성자산 58,481,325,155 47,255,419,100
동원F&B 049770 매출채권 및 기타채권
동원F&B 049770 재고자산 220,984,844,079 240,939,966,659
동원F&B 049770 기타유동금융자산 0 0
동원F&B 049770 기타유동자산 3,892,111,772 3,217,121,847
동원F&B 049770 매각예정비유동자산 0 0
동원F&B 049770 비유동자산 614,693,765,494 603,929,924,806
동원F&B 049770 장기금융상품 0 0
동원F&B 049770 기타포괄손익-공정가치 0 0
동원F&B 049770 당기손익인식공정가치측정금융자산 0 0
동원F&B 049770 종속회사투자 0 0
동원F&B 049770 관계회사투자 0 0
동원F&B 049770 렌탈자산 0 0
동원F&B 049770 유형자산 109,569,840,275 116,440,480,317
동원F&B 049770 무형자산 6,220,033,195 6,335,266,310
동원F&B 049770 기타비유동금융자산 0 0
동원F&B 049770 기타비유동자산 0 0
동원F&B 049770 사용권자산 0 0
동원F&B 049770 이연법인세자산 0 0
동원F&B 049770 자산총계 1,092,003,377,068 1,055,184,115,017
동원F&B 049770 유동부채 262,132,994,895 229,770,711,715
동원F&B 049770 단기매입채무 0 0
동원F&B 049770 단기차입금 0 0
동원F&B 049770 유동성장기차입금 20,200,000,000 20,200,000,000
동원F&B 049770 유동성사채 0 0
동원F&B 049770 기타유동금융부채 0 0
동원F&B 049770 기타유동부채 2,305,989,887 3,555,882,304
동원F&B 049770 당기법인세부채 0 0
동원F&B 049770 유동리스부채 0 0
동원F&B 049770 비유동부채 306,978,314,209 304,227,286,213
동원F&B 049770 사채 149,565,025,167 149,536,848,559
동원F&B 049770 장기차입금 125,800,000,000 125,800,000,000
동원F&B 049770 기타비유동금융부채 0 0
동원F&B 049770 이연법인세부채 18,964,027,175 19,164,264,935
동원F&B 049770 비유동리스부채 0 0
동원F&B 049770 부채총계 569,111,309,104 533,997,997,928
동원F&B 049770 자본금 19,295,620,000 19,295,620,000
동원F&B 049770 자본잉여금 0 0
동원F&B 049770 자본조정 0 0
동원F&B 049770 기타포괄손익누계액 0 0
동원F&B 049770 이익잉여금(결손금) 0 0
동원F&B 049770 자본총계 522,892,067,964 521,186,117,089
동원F&B 049770 자본과부채총계 1,092,003,377,068 1,055,184,115,017
date : 2018-06-30
동원F&B 049770 유동자산 474,985,184,113 451,254,190,211
동원F&B 049770 현금및현금성자산 35,129,884,254 47,255,419,100
동원F&B 049770 매출채권 및 기타유동채권
동원F&B 049770 재고자산 256,105,994,203 240,939,966,659
동원F&B 049770 기타유동금융자산 0 0
동원F&B 049770 기타유동자산 3,384,206,888 3,217,121,847
동원F&B 049770 매각예정비유동자산 0 0
동원F&B 049770 비유동자산 617,525,997,880 603,929,924,806
동원F&B 049770 장기금융상품 0 0
동원F&B 049770 기타포괄손익-공정가치 측정 금융자산
동원F&B 049770 당기손익인식공정가치측정금융자산 0 0
동원F&B 049770 종속회사투자 0 0
동원F&B 049770 관계회사투자 0 0
동원F&B 049770 렌탈자산 0 0
동원F&B 049770 유형자산 323,931,346,443 304,775,249,260
동원F&B 049770 무형자산 10,036,350,872 6,335,266,310
동원F&B 049770 기타비유동금융자산 0 0
동원F&B 049770 기타비유동자산 0 0
동원F&B 049770 사용권자산 0 0
동원F&B 049770 이연법인세자산 0 0
동원F&B 049770 자산총계 1,092,511,181,993 1,055,184,115,017
동원F&B 049770 유동부채 259,801,523,644 229,770,711,715
동원F&B 049770 단기매입채무 0 0
동원F&B 049770 단기차입금 0 0
동원F&B 049770 유동성장기차입금 20,200,000,000 20,200,000,000
동원F&B 049770 유동성사채 0 0
동원F&B 049770 기타유동금융부채 0 0
동원F&B 049770 기타유동부채 2,176,340,483 3,555,882,304
동원F&B 049770 당기법인세부채 0 0
동원F&B 049770 유동리스부채 0 0
동원F&B 049770 비유동부채 307,201,725,325 304,227,286,213
동원F&B 049770 사채 149,604,502,090 149,536,848,559
동원F&B 049770 장기차입금 125,800,000,000 125,800,000,000
동원F&B 049770 기타비유동금융부채 0 0
동원F&B 049770 이연법인세부채 18,704,848,955 19,164,264,935
동원F&B 049770 비유동리스부채 0 0
동원F&B 049770 부채총계 567,003,248,969 533,997,997,928
동원F&B 049770 자본금 19,295,620,000 19,295,620,000
동원F&B 049770 자본잉여금 0 0
동원F&B 049770 자본조정 0 0
동원F&B 049770 기타포괄손익누계액 0 0
동원F&B 049770 이익잉여금(결손금) 0 0
동원F&B 049770 자본총계 525,507,933,024 521,186,117,089
동원F&B 049770 자본과부채총계 1,092,511,181,993 1,055,184,115,017
date : 2018-09-30
동원F&B 049770 유동자산 541,169,793,139 451,254,190,211
동원F&B 049770 현금및현금성자산 40,271,140,501 47,255,419,100
동원F&B 049770 매출채권 및 기타채권
동원F&B 049770 재고자산 214,672,462,163 240,939,966,659
동원F&B 049770 기타유동금융자산 0 0
동원F&B 049770 기타유동자산 4,297,462,879 3,217,121,847
동원F&B 049770 매각예정비유동자산 0 0
동원F&B 049770 비유동자산 619,842,953,349 603,929,924,806
동원F&B 049770 장기금융상품 0 0
동원F&B 049770 기타포괄손익-공정가치 0 0
동원F&B 049770 당기손익인식공정가치측정금융자산 0 0
동원F&B 049770 종속회사투자 0 0
동원F&B 049770 관계회사투자 0 0
동원F&B 049770 렌탈자산 0 0
동원F&B 049770 유형자산 336,328,433,827 304,775,249,260
동원F&B 049770 무형자산 11,148,207,439 6,335,266,310
동원F&B 049770 기타비유동금융자산 0 0
동원F&B 049770 기타비유동자산 0 0
동원F&B 049770 사용권자산 0 0
동원F&B 049770 이연법인세자산 0 0
동원F&B 049770 자산총계 1,161,012,746,488 1,055,184,115,017
동원F&B 049770 유동부채 302,266,752,758 229,770,711,715
동원F&B 049770 단기매입채무 0 0
동원F&B 049770 단기차입금 0 0
동원F&B 049770 유동성장기차입금 20,200,000,000 20,200,000,000
동원F&B 049770 유동성사채 0 0
동원F&B 049770 기타유동금융부채 0 0
동원F&B 049770 기타유동부채 2,756,681,772 3,555,882,304
동원F&B 049770 당기법인세부채 0 0
동원F&B 049770 유동리스부채 0 0
동원F&B 049770 비유동부채 310,202,428,206 304,227,286,213
동원F&B 049770 사채 149,632,354,606 149,536,848,559
동원F&B 049770 장기차입금 125,800,000,000 125,800,000,000
동원F&B 049770 기타비유동금융부채 0 0
동원F&B 049770 이연법인세부채 18,560,239,410 19,164,264,935
동원F&B 049770 비유동리스부채 0 0
동원F&B 049770 부채총계 612,469,180,964 533,997,997,928
동원F&B 049770 자본금 19,295,620,000 19,295,620,000
동원F&B 049770 자본잉여금 0 0
동원F&B 049770 자본조정 0 0
동원F&B 049770 기타포괄손익누계액 0 0
동원F&B 049770 이익잉여금(결손금) 37,828,375,221 32,223,935,351
동원F&B 049770 자본총계 548,543,565,524 521,186,117,089
동원F&B 049770 자본과부채총계 1,161,012,746,488 1,055,184,115,017
date : 2018-12-31
동원F&B 049770 유동자산 413,899,712,710 451,254,190,211
동원F&B 049770 현금및현금성자산 10,689,002,677 47,255,419,100
동원F&B 049770 매출채권 및 기타채권
동원F&B 049770 재고자산 247,442,305,431 240,939,966,659
동원F&B 049770 기타유동금융자산 0 0
동원F&B 049770 기타유동자산 2,214,855,504 3,217,121,847
동원F&B 049770 매각예정비유동자산 0 0
동원F&B 049770 비유동자산 615,399,092,505 603,929,924,806
동원F&B 049770 장기금융상품 0 0
동원F&B 049770 기타포괄손익-공정가치 0 0
동원F&B 049770 당기손익인식공정가치측정금융자산 0 0
동원F&B 049770 종속회사투자 0 0
동원F&B 049770 관계회사투자 0 0
동원F&B 049770 렌탈자산 0 0
동원F&B 049770 유형자산 335,330,847,325 304,775,249,260
동원F&B 049770 무형자산 11,042,826,929 6,335,266,310
동원F&B 049770 기타비유동금융자산 0 0
동원F&B 049770 기타비유동자산 0 0
동원F&B 049770 사용권자산 0 0
동원F&B 049770 이연법인세자산 0 0
동원F&B 049770 자산총계 1,029,298,805,215 1,055,184,115,017
동원F&B 049770 유동부채 177,477,130,837 229,770,711,715
동원F&B 049770 단기매입채무 0 0
동원F&B 049770 단기차입금 0 0
동원F&B 049770 유동성장기차입금 200,000,000 20,200,000,000
동원F&B 049770 유동성사채 109,917,977,974 229,770,711,715
동원F&B 049770 기타유동금융부채 0 0
동원F&B 049770 기타유동부채 5,045,923,513 3,555,882,304
동원F&B 049770 당기법인세부채 6,773,705,480 5,976,041,268
동원F&B 049770 유동리스부채 0 0
동원F&B 049770 비유동부채 305,001,951,488 304,227,286,213
동원F&B 049770 사채 149,660,424,166 149,536,848,559
동원F&B 049770 장기차입금 125,600,000,000 125,800,000,000
동원F&B 049770 기타비유동금융부채 0 0
동원F&B 049770 이연법인세부채 18,482,069,523 19,164,264,935
동원F&B 049770 비유동리스부채 0 0
동원F&B 049770 부채총계 482,479,082,325 533,997,997,928
동원F&B 049770 자본금 19,295,620,000 19,295,620,000
동원F&B 049770 자본잉여금 0 0
동원F&B 049770 자본조정 0 0
동원F&B 049770 기타포괄손익누계액 0 0
동원F&B 049770 이익잉여금(결손금) 41,342,341,448 32,223,935,351
동원F&B 049770 자본총계 546,819,722,890 521,186,117,089
동원F&B 049770 자본과부채총계 1,029,298,805,215 1,055,184,115,017
date : 2019-03-31
동원F&B 049770 유동자산 498,154,841,378 413,899,712,710
동원F&B 049770 현금및현금성자산 55,035,974,988 10,689,002,677
동원F&B 049770 매출채권 및 기타채권
동원F&B 049770 재고자산 225,879,164,138 247,442,305,431
동원F&B 049770 기타유동금융자산 0 0
동원F&B 049770 기타유동자산 3,065,017,472 2,214,855,504
동원F&B 049770 매각예정비유동자산 0 0
동원F&B 049770 비유동자산 624,627,132,131 615,399,092,505
동원F&B 049770 장기금융상품 0 0
동원F&B 049770 기타포괄손익-공정가치 측정 금융자산
동원F&B 049770 당기손익인식공정가치측정금융자산 0 0
동원F&B 049770 종속회사투자 0 0
동원F&B 049770 관계회사투자 0 0
동원F&B 049770 렌탈자산 0 0
동원F&B 049770 유형자산 338,759,579,561 335,330,847,325
동원F&B 049770 무형자산 10,896,679,532 11,042,826,929
동원F&B 049770 기타비유동금융자산 0 0
동원F&B 049770 기타비유동자산 0 0
동원F&B 049770 사용권자산 8,207,578,360 11,042,826,929
동원F&B 049770 이연법인세자산 0 0
동원F&B 049770 자산총계 1,122,781,973,509 1,029,298,805,215
동원F&B 049770 유동부채 257,210,934,268 177,477,130,837
동원F&B 049770 단기매입채무 0 0
동원F&B 049770 단기차입금 0 0
동원F&B 049770 유동성장기차입금 200,000,000 200,000,000
동원F&B 049770 유동성사채 0 0
동원F&B 049770 기타유동금융부채 0 0
동원F&B 049770 기타유동부채 4,599,194,446 5,045,923,513
동원F&B 049770 당기법인세부채 6,301,175,833 6,773,705,480
동원F&B 049770 유동리스부채 0 0
동원F&B 049770 비유동부채 310,845,926,234 305,001,951,488
동원F&B 049770 사채 149,688,709,000 149,660,424,166
동원F&B 049770 장기차입금 125,600,000,000 125,600,000,000
동원F&B 049770 기타비유동금융부채 0 0
동원F&B 049770 이연법인세부채 18,750,510,758 18,482,069,523
동원F&B 049770 비유동리스부채 0 0
동원F&B 049770 부채총계 568,056,860,502 482,479,082,325
동원F&B 049770 자본금 19,295,620,000 19,295,620,000
동원F&B 049770 자본잉여금 0 0
동원F&B 049770 자본조정 0 0
동원F&B 049770 기타포괄손익누계액 0 0
동원F&B 049770 이익잉여금(결손금) 0 0
동원F&B 049770 자본총계 554,725,113,007 546,819,722,890
동원F&B 049770 자본과부채총계 1,122,781,973,509 1,029,298,805,215
