date : 2019-03-31
승일 049830 유동자산 88,760,554,426 80,361,581,843
승일 049830 현금및현금성자산 27,069,789,736 33,876,221,357
승일 049830 매출채권 34,102,360,866 22,959,158,510
승일 049830 기타유동자산 3,078,844,077 661,718,996
승일 049830 재고자산 19,696,171,837 18,662,808,793
승일 049830 매각예정비유동자산 925,123,000 925,123,000
승일 049830 비유동자산 98,569,903,525 98,347,479,252
승일 049830 유형자산 91,989,999,480 91,856,584,585
승일 049830 무형자산 345,914,769 353,558,963
승일 049830 기타비유동자산 0 0
승일 049830 이연법인세자산 371,058,323 371,058,323
승일 049830 자산총계 187,330,457,951 178,709,061,095
승일 049830 유동부채 45,294,895,639 36,578,885,021
승일 049830 당기법인세부채 5,614,794,430 5,392,499,086
승일 049830 기타유동부채 1,299,300,288 1,354,246,525
승일 049830 비유동부채 0 0
승일 049830 장기차입금 0 0
승일 049830 이연법인세부채 0 0
승일 049830 부채총계 45,294,895,639 36,578,885,021
승일 049830 자본금 3,066,056,000 3,066,056,000
승일 049830 자본잉여금 18,881,802,499 18,881,802,499
승일 049830 기타포괄손익누계액 -1,008,540,000 -1,008,540,000
승일 049830 자본총계 142,035,562,312 142,130,176,074
승일 049830 자본과부채총계 187,330,457,951 178,709,061,095
