date : 2019-03-31
라이브플렉스 050120 유동자산 26,630,042,509 29,054,832,914
라이브플렉스 050120 현금및현금성자산 13,244,440,567 18,764,713,074
라이브플렉스 050120 매출채권 및 기타유동채권
라이브플렉스 050120 기타유동금융자산 648,032,261 38,605,651
라이브플렉스 050120 기타유동자산 141,451,711 115,027,720
라이브플렉스 050120 재고자산 536,950,252 560,371,055
라이브플렉스 050120 비유동자산 81,580,652,523 79,426,931,232
라이브플렉스 050120 기타비유동금융자산 4,425,201,626 1,591,499,906
라이브플렉스 050120 기타비유동자산 620,547,975 620,547,975
라이브플렉스 050120 유형자산 10,783,342,198 10,880,732,707
라이브플렉스 050120 무형자산 19,462,894 546,899,801
라이브플렉스 050120 이연법인세자산 175,530,372 175,530,372
라이브플렉스 050120 자산총계 108,210,695,032 108,481,764,146
라이브플렉스 050120 유동부채 38,146,245,611 37,696,219,060
라이브플렉스 050120 기타유동부채 82,399,603 133,498,924
라이브플렉스 050120 비유동부채 4,211,616,026 4,266,914,405
라이브플렉스 050120 장기차입금 1,900,000,000 2,100,000,000
라이브플렉스 050120 부채총계 42,357,861,637 41,963,133,465
라이브플렉스 050120 자본금 41,621,527,000 41,621,527,000
라이브플렉스 050120 이익잉여금(결손금) 18,491,935,790 19,157,733,076
라이브플렉스 050120 자본총계 65,852,833,395 66,518,630,681
라이브플렉스 050120 자본과부채총계 108,210,695,032 108,481,764,146
