date : 2015-12-31
썬코어 051170 유동자산 27,615,329,152 29,774,582,883
썬코어 051170 현금및현금성자산 277,954,975 100,515,287
썬코어 051170 매출채권 9,583,781,170 11,642,359,065
썬코어 051170 재고자산 10,812,060,768 11,517,165,222
썬코어 051170 기타유동금융자산 5,900,000,000 5,800,000,000
썬코어 051170 기타유동자산 0 0
썬코어 051170 매각예정비유동자산 0 0
썬코어 051170 비유동자산 48,025,509,045 33,559,751,692
썬코어 051170 장기금융상품 0 0
썬코어 051170 기타포괄손익-공정가치 0 0
썬코어 051170 당기손익인식공정가치측정금융자산 0 0
썬코어 051170 종속회사투자 0 0
썬코어 051170 관계회사투자 0 0
썬코어 051170 렌탈자산 0 0
썬코어 051170 유형자산 25,860,148,405 27,089,312,943
썬코어 051170 무형자산 642,620,324 799,817,040
썬코어 051170 기타비유동금융자산 3,000,000 3,000,000
썬코어 051170 기타비유동자산 0 0
썬코어 051170 사용권자산 0 0
썬코어 051170 이연법인세자산 0 0
썬코어 051170 자산총계 75,640,838,197 63,334,334,575
썬코어 051170 유동부채 26,594,465,679 21,327,081,046
썬코어 051170 단기매입채무 0 0
썬코어 051170 단기차입금 22,297,030,128 18,399,023,805
썬코어 051170 유동성장기차입금 0 0
썬코어 051170 유동성사채 0 0
썬코어 051170 기타유동금융부채 302,824,520 143,239,501
썬코어 051170 기타유동부채 576,465,442 143,239,501
썬코어 051170 당기법인세부채 0 0
썬코어 051170 유동리스부채 0 0
썬코어 051170 비유동부채 7,226,964,764 13,549,834,545
썬코어 051170 사채 0 0
썬코어 051170 장기차입금 4,546,852,186 10,884,271,659
썬코어 051170 기타비유동금융부채 0 0
썬코어 051170 이연법인세부채 345,135,458 345,135,458
썬코어 051170 비유동리스부채 0 0
썬코어 051170 부채총계 33,821,430,443 34,876,915,591
썬코어 051170 자본금 16,213,606,500 10,562,719,500
썬코어 051170 자본잉여금 0 0
썬코어 051170 자본조정 0 0
썬코어 051170 기타포괄손익누계액 1,213,040,482 1,214,284,722
썬코어 051170 이익잉여금(결손금) -13,570,807,905 -5,217,030,960
썬코어 051170 자본총계 41,819,407,754 28,457,418,984
썬코어 051170 자본과부채총계 75,640,838,197 63,334,334,575
date : 2016-03-31
썬코어 051170 유동자산 27,953,752,759 27,615,329,152
썬코어 051170 현금및현금성자산 147,319,096 277,954,975
썬코어 051170 매출채권 8,189,992,573 9,583,781,170
썬코어 051170 재고자산 10,076,703,493 10,812,060,768
썬코어 051170 기타유동금융자산 5,900,000,000 5,900,000,000
썬코어 051170 기타유동자산 0 0
썬코어 051170 매각예정비유동자산 0 0
썬코어 051170 비유동자산 47,635,281,601 48,025,509,045
썬코어 051170 장기금융상품 0 0
썬코어 051170 기타포괄손익-공정가치 0 0
썬코어 051170 당기손익인식공정가치측정금융자산 0 0
썬코어 051170 종속회사투자 0 0
썬코어 051170 관계회사투자 0 0
썬코어 051170 렌탈자산 0 0
썬코어 051170 유형자산 25,518,764,884 25,860,148,405
썬코어 051170 무형자산 601,876,019 642,620,324
썬코어 051170 기타비유동금융자산 3,000,000 3,000,000
썬코어 051170 기타비유동자산 0 0
썬코어 051170 사용권자산 0 0
썬코어 051170 이연법인세자산 0 0
썬코어 051170 자산총계 75,589,034,360 75,640,838,197
썬코어 051170 유동부채 26,249,050,137 26,594,465,679
썬코어 051170 단기매입채무 0 0
썬코어 051170 단기차입금 21,380,699,983 22,297,030,128
썬코어 051170 유동성장기차입금 0 0
썬코어 051170 유동성사채 0 0
썬코어 051170 기타유동금융부채 302,824,520 302,824,520
썬코어 051170 기타유동부채 1,491,663,931 576,465,442
썬코어 051170 당기법인세부채 0 0
썬코어 051170 유동리스부채 0 0
썬코어 051170 비유동부채 5,613,309,769 7,226,964,764
썬코어 051170 사채 0 0
썬코어 051170 장기차입금 2,962,220,096 4,546,852,186
썬코어 051170 기타비유동금융부채 0 0
썬코어 051170 이연법인세부채 345,135,458 345,135,458
썬코어 051170 비유동리스부채 0 0
썬코어 051170 부채총계 31,862,359,906 33,821,430,443
썬코어 051170 자본금 16,459,606,500 16,213,606,500
썬코어 051170 자본잉여금 0 0
썬코어 051170 자본조정 0 0
썬코어 051170 기타포괄손익누계액 1,213,460,722 1,213,040,482
썬코어 051170 이익잉여금(결손금) -15,722,961,445 -13,570,807,905
썬코어 051170 자본총계 43,726,674,454 41,819,407,754
썬코어 051170 자본과부채총계 75,589,034,360 75,640,838,197
date : 2016-06-30
썬코어 051170 유동자산 18,938,746,300 27,615,329,152
썬코어 051170 현금및현금성자산 183,156,386 277,954,975
썬코어 051170 매출채권 6,392,466,842 9,583,781,170
썬코어 051170 재고자산 10,020,880,609 10,812,060,768
썬코어 051170 기타유동금융자산 100,000,000 5,900,000,000
썬코어 051170 기타유동자산 716,682,344 173,112,475
썬코어 051170 매각예정비유동자산 0 0
썬코어 051170 비유동자산 42,826,832,026 48,025,509,045
썬코어 051170 장기금융상품 0 0
썬코어 051170 기타포괄손익-공정가치 0 0
썬코어 051170 당기손익인식공정가치측정금융자산 0 0
썬코어 051170 종속회사투자 0 0
썬코어 051170 관계회사투자 0 0
썬코어 051170 렌탈자산 0 0
썬코어 051170 유형자산 25,187,703,764 25,860,148,405
썬코어 051170 무형자산 561,131,714 642,620,324
썬코어 051170 기타비유동금융자산 3,000,000 3,000,000
썬코어 051170 기타비유동자산 0 0
썬코어 051170 사용권자산 0 0
썬코어 051170 이연법인세자산 0 0
썬코어 051170 자산총계 61,765,578,326 75,640,838,197
썬코어 051170 유동부채 15,593,631,088 26,594,465,679
썬코어 051170 단기매입채무 0 0
썬코어 051170 단기차입금 11,647,153,519 22,297,030,128
썬코어 051170 유동성장기차입금 0 0
썬코어 051170 유동성사채 0 0
썬코어 051170 기타유동금융부채 218,899,311 302,824,520
썬코어 051170 기타유동부채 650,484,557 576,465,442
썬코어 051170 당기법인세부채 0 0
썬코어 051170 유동리스부채 0 0
썬코어 051170 비유동부채 3,761,566,963 7,226,964,764
썬코어 051170 사채 0 0
썬코어 051170 장기차입금 1,377,470,000 4,546,852,186
썬코어 051170 기타비유동금융부채 0 0
썬코어 051170 이연법인세부채 345,135,458 345,135,458
썬코어 051170 비유동리스부채 0 0
썬코어 051170 부채총계 19,355,198,051 33,821,430,443
썬코어 051170 자본금 17,358,042,500 16,213,606,500
썬코어 051170 자본잉여금 0 0
썬코어 051170 자본조정 0 0
썬코어 051170 기타포괄손익누계액 1,212,422,482 1,213,040,482
썬코어 051170 이익잉여금(결손금) -21,442,069,611 -13,570,807,905
썬코어 051170 자본총계 42,410,380,275 41,819,407,754
썬코어 051170 자본과부채총계 61,765,578,326 75,640,838,197
date : 2016-09-30
썬코어 051170 유동자산 19,315,782,027 27,615,329,152
썬코어 051170 현금및현금성자산 123,102,171 277,954,975
썬코어 051170 매출채권 6,257,420,247 9,583,781,170
썬코어 051170 재고자산 10,259,758,676 10,812,060,768
썬코어 051170 기타유동금융자산 100,000,000 5,900,000,000
썬코어 051170 기타유동자산 719,218,359 173,112,475
썬코어 051170 매각예정비유동자산 0 0
썬코어 051170 비유동자산 42,451,429,741 48,025,509,045
썬코어 051170 장기금융상품 0 0
썬코어 051170 기타포괄손익-공정가치 0 0
썬코어 051170 당기손익인식공정가치측정금융자산 0 0
썬코어 051170 종속회사투자 0 0
썬코어 051170 관계회사투자 0 0
썬코어 051170 렌탈자산 0 0
썬코어 051170 유형자산 24,852,823,365 25,860,148,405
썬코어 051170 무형자산 520,387,409 642,620,324
썬코어 051170 기타비유동금융자산 3,000,000 3,000,000
썬코어 051170 기타비유동자산 0 0
썬코어 051170 사용권자산 0 0
썬코어 051170 이연법인세자산 0 0
썬코어 051170 자산총계 61,767,211,768 75,640,838,197
썬코어 051170 유동부채 16,389,895,022 26,594,465,679
썬코어 051170 단기매입채무 0 0
썬코어 051170 단기차입금 11,665,937,604 22,297,030,128
썬코어 051170 유동성장기차입금 0 0
썬코어 051170 유동성사채 0 0
썬코어 051170 기타유동금융부채 218,899,311 302,824,520
썬코어 051170 기타유동부채 832,477,058 576,465,442
썬코어 051170 당기법인세부채 0 0
썬코어 051170 유동리스부채 0 0
썬코어 051170 비유동부채 3,299,629,367 7,226,964,764
썬코어 051170 사채 0 0
썬코어 051170 장기차입금 924,980,000 4,546,852,186
썬코어 051170 기타비유동금융부채 0 0
썬코어 051170 이연법인세부채 345,135,458 345,135,458
썬코어 051170 비유동리스부채 0 0
썬코어 051170 부채총계 19,689,524,389 33,821,430,443
썬코어 051170 자본금 17,505,042,500 16,213,606,500
썬코어 051170 자본잉여금 0 0
썬코어 051170 자본조정 0 0
썬코어 051170 기타포괄손익누계액 1,213,147,602 1,213,040,482
썬코어 051170 이익잉여금(결손금) -22,775,087,627 -13,570,807,905
썬코어 051170 자본총계 42,077,687,379 41,819,407,754
썬코어 051170 자본과부채총계 61,767,211,768 75,640,838,197
date : 2016-12-31
썬코어 051170 유동자산 16,740,439,873 27,615,329,152
썬코어 051170 현금및현금성자산 175,537,720 277,954,975
썬코어 051170 매출채권 2,899,476,131 3,363,617,800
썬코어 051170 재고자산 8,161,013,586 10,812,060,768
썬코어 051170 기타유동금융자산 0 0
썬코어 051170 기타유동자산 704,565,815 173,112,475
썬코어 051170 매각예정비유동자산 0 0
썬코어 051170 비유동자산 29,341,147,879 48,025,509,045
썬코어 051170 장기금융상품 0 0
썬코어 051170 기타포괄손익-공정가치 0 0
썬코어 051170 당기손익인식공정가치측정금융자산 0 0
썬코어 051170 종속회사투자 0 0
썬코어 051170 관계회사투자 0 0
썬코어 051170 렌탈자산 0 0
썬코어 051170 유형자산 24,496,226,126 25,860,148,405
썬코어 051170 무형자산 479,643,108 642,620,324
썬코어 051170 기타비유동금융자산 0 0
썬코어 051170 기타비유동자산 0 0
썬코어 051170 사용권자산 0 0
썬코어 051170 이연법인세자산 0 0
썬코어 051170 자산총계 46,081,587,752 75,640,838,197
썬코어 051170 유동부채 27,189,858,666 26,594,465,679
썬코어 051170 단기매입채무 0 0
썬코어 051170 단기차입금 4,993,847,719 11,617,091,688
썬코어 051170 유동성장기차입금 0 0
썬코어 051170 유동성사채 0 0
썬코어 051170 기타유동금융부채 0 0
썬코어 051170 기타유동부채 599,281,160 576,465,442
썬코어 051170 당기법인세부채 0 0
썬코어 051170 유동리스부채 0 0
썬코어 051170 비유동부채 6,039,000 16,039,000
썬코어 051170 사채 0 0
썬코어 051170 장기차입금 0 4,512,450,000
썬코어 051170 기타비유동금융부채 0 0
썬코어 051170 이연법인세부채 345,135,458 345,135,458
썬코어 051170 비유동리스부채 0 0
썬코어 051170 부채총계 29,846,351,475 33,821,430,443
썬코어 051170 자본금 17,505,042,500 16,213,606,500
썬코어 051170 자본잉여금 0 0
썬코어 051170 자본조정 0 0
썬코어 051170 기타포괄손익누계액 1,213,155,842 1,213,040,482
썬코어 051170 이익잉여금(결손금) -48,617,546,969 -13,570,807,905
썬코어 051170 자본총계 16,235,236,277 41,819,407,754
썬코어 051170 자본과부채총계 46,081,587,752 75,640,838,197
date : 2017-03-31
썬코어 051170 유동자산 15,690,870,627 16,740,439,873
썬코어 051170 현금및현금성자산 4,578,958,928 175,537,720
썬코어 051170 매출채권 5,944,278,442 6,937,772,373
썬코어 051170 재고자산 3,823,104,247 8,161,013,586
썬코어 051170 기타유동금융자산 0 0
썬코어 051170 기타유동자산 655,502,595 704,565,815
썬코어 051170 매각예정비유동자산 0 0
썬코어 051170 비유동자산 29,488,139,796 29,341,147,879
썬코어 051170 장기금융상품 0 0
썬코어 051170 기타포괄손익-공정가치 0 0
썬코어 051170 당기손익인식공정가치측정금융자산 0 0
썬코어 051170 종속회사투자 0 0
썬코어 051170 관계회사투자 0 0
썬코어 051170 렌탈자산 0 0
썬코어 051170 유형자산 24,684,415,609 24,496,226,126
썬코어 051170 무형자산 438,898,803 479,643,108
썬코어 051170 기타비유동금융자산 0 0
썬코어 051170 기타비유동자산 440,794,700 440,794,700
썬코어 051170 사용권자산 0 0
썬코어 051170 이연법인세자산 0 0
썬코어 051170 자산총계 45,179,010,423 46,081,587,752
썬코어 051170 유동부채 24,179,871,088 27,189,858,666
썬코어 051170 단기매입채무 0 0
썬코어 051170 단기차입금 11,393,395,814 13,306,297,719
썬코어 051170 유동성장기차입금 0 0
썬코어 051170 유동성사채 0 0
썬코어 051170 기타유동금융부채 0 0
썬코어 051170 기타유동부채 554,555,187 599,281,160
썬코어 051170 당기법인세부채 0 0
썬코어 051170 유동리스부채 0 0
썬코어 051170 비유동부채 6,039,000 6,039,000
썬코어 051170 사채 0 0
썬코어 051170 장기차입금 0 0
썬코어 051170 기타비유동금융부채 0 0
썬코어 051170 이연법인세부채 345,135,458 345,135,458
썬코어 051170 비유동리스부채 0 0
썬코어 051170 부채총계 26,381,068,345 29,846,351,475
썬코어 051170 자본금 19,434,302,500 17,505,042,500
썬코어 051170 자본잉여금 0 0
썬코어 051170 자본조정 0 0
썬코어 051170 기타포괄손익누계액 1,213,205,282 1,213,155,842
썬코어 051170 이익잉여금(결손금) -52,054,889,208 -48,617,546,969
썬코어 051170 자본총계 18,797,942,078 16,235,236,277
썬코어 051170 자본과부채총계 45,179,010,423 46,081,587,752
date : 2017-06-30
썬코어 051170 유동자산 6,622,951,825 16,740,439,873
썬코어 051170 현금및현금성자산 627,889,131 175,537,720
썬코어 051170 매출채권 3,265,594,222 6,937,772,373
썬코어 051170 재고자산 1,520,855,541 8,161,013,586
썬코어 051170 기타유동금융자산 0 0
썬코어 051170 기타유동자산 586,309,632 704,565,815
썬코어 051170 매각예정비유동자산 0 0
썬코어 051170 비유동자산 29,100,658,710 29,341,147,879
썬코어 051170 장기금융상품 0 0
썬코어 051170 기타포괄손익-공정가치 0 0
썬코어 051170 당기손익인식공정가치측정금융자산 0 0
썬코어 051170 종속회사투자 0 0
썬코어 051170 관계회사투자 0 0
썬코어 051170 렌탈자산 0 0
썬코어 051170 유형자산 24,344,096,169 24,496,226,126
썬코어 051170 무형자산 398,154,498 479,643,108
썬코어 051170 기타비유동금융자산 0 0
썬코어 051170 기타비유동자산 435,794,700 440,794,700
썬코어 051170 사용권자산 0 0
썬코어 051170 이연법인세자산 0 0
썬코어 051170 자산총계 35,723,610,535 46,081,587,752
썬코어 051170 유동부채 19,744,835,965 27,189,858,666
썬코어 051170 단기매입채무 0 0
썬코어 051170 단기차입금 9,458,543,067 13,306,297,719
썬코어 051170 유동성장기차입금 0 0
썬코어 051170 유동성사채 0 0
썬코어 051170 기타유동금융부채 0 0
썬코어 051170 기타유동부채 638,071,477 599,281,160
썬코어 051170 당기법인세부채 0 0
썬코어 051170 유동리스부채 0 0
썬코어 051170 비유동부채 6,039,000 6,039,000
썬코어 051170 사채 0 0
썬코어 051170 장기차입금 0 0
썬코어 051170 기타비유동금융부채 0 0
썬코어 051170 이연법인세부채 345,135,458 345,135,458
썬코어 051170 비유동리스부채 0 0
썬코어 051170 부채총계 20,744,783,378 29,846,351,475
썬코어 051170 자본금 19,434,302,500 17,505,042,500
썬코어 051170 자본잉여금 0 0
썬코어 051170 자본조정 0 0
썬코어 051170 기타포괄손익누계액 1,212,290,642 1,213,155,842
썬코어 051170 이익잉여금(결손금) -55,873,089,489 -48,617,546,969
썬코어 051170 자본총계 14,978,827,157 16,235,236,277
썬코어 051170 자본과부채총계 35,723,610,535 46,081,587,752
date : 2017-09-30
썬코어 051170 유동자산 5,085,006,110 16,740,439,873
썬코어 051170 현금및현금성자산 448,042,891 175,537,720
썬코어 051170 매출채권 2,622,758,168 6,937,772,373
썬코어 051170 재고자산 1,468,721,033 8,161,013,586
썬코어 051170 기타유동금융자산 0 0
썬코어 051170 기타유동자산 114,325,020 704,565,815
썬코어 051170 매각예정비유동자산 0 0
썬코어 051170 비유동자산 28,122,932,067 29,341,147,879
썬코어 051170 장기금융상품 0 0
썬코어 051170 기타포괄손익-공정가치 0 0
썬코어 051170 당기손익인식공정가치측정금융자산 0 0
썬코어 051170 종속회사투자 0 0
썬코어 051170 관계회사투자 0 0
썬코어 051170 렌탈자산 0 0
썬코어 051170 유형자산 23,565,964,372 24,496,226,126
썬코어 051170 무형자산 357,410,193 479,643,108
썬코어 051170 기타비유동금융자산 0 0
썬코어 051170 기타비유동자산 281,814,700 440,794,700
썬코어 051170 사용권자산 0 0
썬코어 051170 이연법인세자산 0 0
썬코어 051170 자산총계 33,207,938,177 46,081,587,752
썬코어 051170 유동부채 19,488,702,410 27,189,858,666
썬코어 051170 단기매입채무 0 0
썬코어 051170 단기차입금 8,929,813,211 13,306,297,719
썬코어 051170 유동성장기차입금 0 0
썬코어 051170 유동성사채 0 0
썬코어 051170 기타유동금융부채 0 0
썬코어 051170 기타유동부채 789,860,895 599,281,160
썬코어 051170 당기법인세부채 0 0
썬코어 051170 유동리스부채 0 0
썬코어 051170 비유동부채 784,697,289 2,656,492,809
썬코어 051170 사채 0 0
썬코어 051170 장기차입금 0 0
썬코어 051170 기타비유동금융부채 0 0
썬코어 051170 이연법인세부채 345,135,458 345,135,458
썬코어 051170 비유동리스부채 0 0
썬코어 051170 부채총계 20,273,399,699 29,846,351,475
썬코어 051170 자본금 19,434,302,500 17,505,042,500
썬코어 051170 자본잉여금 0 0
썬코어 051170 자본조정 0 0
썬코어 051170 기타포괄손익누계액 1,210,922,802 1,213,155,842
썬코어 051170 이익잉여금(결손금) -57,916,010,328 -48,617,546,969
썬코어 051170 자본총계 12,934,538,478 16,235,236,277
썬코어 051170 자본과부채총계 33,207,938,177 46,081,587,752
