date : 2015-12-31
YW 051390 유동자산 32,062,582,625 46,483,228,208
YW 051390 현금및현금성자산 6,521,400,201 1,803,825,012
YW 051390 매출채권 1,827,146,689 5,806,399,863
YW 051390 재고자산 410,534,574 990,917,403
YW 051390 기타유동금융자산 0 0
YW 051390 기타유동자산 816,380,979 425,609,782
YW 051390 매각예정비유동자산 0 0
YW 051390 비유동자산 59,468,640,807 42,779,095,700
YW 051390 장기금융상품 0 0
YW 051390 기타포괄손익-공정가치 0 0
YW 051390 당기손익인식공정가치측정금융자산 0 0
YW 051390 종속회사투자 0 0
YW 051390 관계회사투자 0 0
YW 051390 렌탈자산 0 0
YW 051390 유형자산 4,301,386,652 4,800,424,942
YW 051390 무형자산 855,819,112 981,213,710
YW 051390 기타비유동금융자산 0 0
YW 051390 기타비유동자산 0 0
YW 051390 사용권자산 0 0
YW 051390 이연법인세자산 781,626,871 1,611,883
YW 051390 자산총계 91,531,223,432 89,262,323,908
YW 051390 유동부채 11,193,946,755 13,971,724,328
YW 051390 단기매입채무 0 0
YW 051390 단기차입금 10,000,000,000 4,000,000,000
YW 051390 유동성장기차입금 0 0
YW 051390 유동성사채 0 0
YW 051390 기타유동금융부채 0 0
YW 051390 기타유동부채 0 0
YW 051390 당기법인세부채 232,291,194 4,000,000,000
YW 051390 유동리스부채 0 0
YW 051390 비유동부채 10,606,688,816 1,658,477,473
YW 051390 사채 0 0
YW 051390 장기차입금 9,000,000,000 6,000,000,000
YW 051390 기타비유동금융부채 0 0
YW 051390 이연법인세부채 335,961,397 6,000,000,000
YW 051390 비유동리스부채 0 0
YW 051390 부채총계 21,800,635,571 15,630,201,801
YW 051390 자본금 5,677,684,000 5,677,684,000
YW 051390 자본잉여금 12,592,334,042 12,592,334,042
YW 051390 자본조정 0 0
YW 051390 기타포괄손익누계액 0 0
YW 051390 이익잉여금(결손금) 0 0
YW 051390 자본총계 69,730,587,861 73,632,122,107
YW 051390 자본과부채총계 0 0
date : 2016-03-31
YW 051390 유동자산 32,916,176,099 32,062,582,625
YW 051390 현금및현금성자산 2,001,690,994 6,521,400,201
YW 051390 매출채권 1,951,522,668 1,827,146,689
YW 051390 재고자산 969,921,904 410,534,574
YW 051390 기타유동금융자산 0 0
YW 051390 기타유동자산 732,236,863 816,380,979
YW 051390 매각예정비유동자산 0 0
YW 051390 비유동자산 56,795,228,950 59,468,640,807
YW 051390 장기금융상품 0 0
YW 051390 기타포괄손익-공정가치 0 0
YW 051390 당기손익인식공정가치측정금융자산 0 0
YW 051390 종속회사투자 0 0
YW 051390 관계회사투자 0 0
YW 051390 렌탈자산 0 0
YW 051390 유형자산 3,679,509,241 4,301,386,652
YW 051390 무형자산 829,630,612 855,819,112
YW 051390 기타비유동금융자산 0 0
YW 051390 기타비유동자산 0 0
YW 051390 사용권자산 0 0
YW 051390 이연법인세자산 784,264,244 781,626,871
YW 051390 자산총계 89,711,405,049 91,531,223,432
YW 051390 유동부채 5,030,867,012 11,193,946,755
YW 051390 단기매입채무 0 0
YW 051390 단기차입금 4,000,000,000 10,000,000,000
YW 051390 유동성장기차입금 0 0
YW 051390 유동성사채 0 0
YW 051390 기타유동금융부채 0 0
YW 051390 기타유동부채 0 0
YW 051390 당기법인세부채 0 0
YW 051390 유동리스부채 0 0
YW 051390 비유동부채 14,644,813,252 10,606,688,816
YW 051390 사채 0 0
YW 051390 장기차입금 12,500,000,000 9,000,000,000
YW 051390 기타비유동금융부채 0 0
YW 051390 이연법인세부채 0 0
YW 051390 비유동리스부채 0 0
YW 051390 부채총계 19,675,680,264 21,800,635,571
YW 051390 자본금 5,677,684,000 5,677,684,000
YW 051390 자본잉여금 12,592,334,042 12,592,334,042
YW 051390 자본조정 0 0
YW 051390 기타포괄손익누계액 0 0
YW 051390 이익잉여금(결손금) 0 0
YW 051390 자본총계 70,035,724,785 69,730,587,861
YW 051390 자본과부채총계 0 0
date : 2016-06-30
YW 051390 유동자산 38,912,677,517 32,062,582,625
YW 051390 현금및현금성자산 1,471,550,234 6,521,400,201
YW 051390 매출채권 1,462,703,638 1,827,146,689
YW 051390 재고자산 1,613,893,933 410,534,574
YW 051390 기타유동금융자산 0 0
YW 051390 기타유동자산 690,356,829 816,380,979
YW 051390 매각예정비유동자산 0 0
YW 051390 비유동자산 53,354,838,346 59,468,640,807
YW 051390 장기금융상품 0 0
YW 051390 기타포괄손익-공정가치 0 0
YW 051390 당기손익인식공정가치측정금융자산 0 0
YW 051390 종속회사투자 214,560,855 214,560,855
YW 051390 관계회사투자 0 0
YW 051390 렌탈자산 0 0
YW 051390 유형자산 3,603,468,281 4,301,386,652
YW 051390 무형자산 789,989,914 855,819,112
YW 051390 기타비유동금융자산 0 0
YW 051390 기타비유동자산 0 0
YW 051390 사용권자산 0 0
YW 051390 이연법인세자산 788,828,023 781,626,871
YW 051390 자산총계 92,267,515,863 91,531,223,432
YW 051390 유동부채 4,632,360,596 11,193,946,755
YW 051390 단기매입채무 0 0
YW 051390 단기차입금 4,000,000,000 10,000,000,000
YW 051390 유동성장기차입금 0 0
YW 051390 유동성사채 0 0
YW 051390 기타유동금융부채 0 0
YW 051390 기타유동부채 0 0
YW 051390 당기법인세부채 0 0
YW 051390 유동리스부채 0 0
YW 051390 비유동부채 17,095,743,091 10,606,688,816
YW 051390 사채 0 0
YW 051390 장기차입금 14,200,000,000 9,000,000,000
YW 051390 기타비유동금융부채 0 0
YW 051390 이연법인세부채 0 0
YW 051390 비유동리스부채 0 0
YW 051390 부채총계 21,728,103,687 21,800,635,571
YW 051390 자본금 5,677,684,000 5,677,684,000
YW 051390 자본잉여금 12,592,334,042 12,592,334,042
YW 051390 자본조정 0 0
YW 051390 기타포괄손익누계액 0 0
YW 051390 이익잉여금(결손금) 56,259,357,790 55,450,533,475
YW 051390 자본총계 70,539,412,176 69,730,587,861
YW 051390 자본과부채총계 0 0
date : 2016-09-30
YW 051390 유동자산 45,515,037,513 32,062,582,625
YW 051390 현금및현금성자산 989,348,986 6,521,400,201
YW 051390 매출채권 1,373,049,324 1,827,146,689
YW 051390 재고자산 1,150,981,300 410,534,574
YW 051390 기타유동금융자산 0 0
YW 051390 기타유동자산 540,164,448 816,380,979
YW 051390 매각예정비유동자산 0 0
YW 051390 비유동자산 49,485,865,703 59,468,640,807
YW 051390 장기금융상품 0 0
YW 051390 기타포괄손익-공정가치 0 0
YW 051390 당기손익인식공정가치측정금융자산 0 0
YW 051390 종속회사투자 214,560,855 214,560,855
YW 051390 관계회사투자 0 0
YW 051390 렌탈자산 0 0
YW 051390 유형자산 2,322,776,371 4,301,386,652
YW 051390 무형자산 749,283,492 855,819,112
YW 051390 기타비유동금융자산 0 0
YW 051390 기타비유동자산 0 0
YW 051390 사용권자산 0 0
YW 051390 이연법인세자산 776,576,252 781,626,871
YW 051390 자산총계 95,000,903,216 91,531,223,432
YW 051390 유동부채 4,683,445,492 11,193,946,755
YW 051390 단기매입채무 0 0
YW 051390 단기차입금 4,000,000,000 10,000,000,000
YW 051390 유동성장기차입금 0 0
YW 051390 유동성사채 0 0
YW 051390 기타유동금융부채 0 0
YW 051390 기타유동부채 0 0
YW 051390 당기법인세부채 85,561,058 10,000,000,000
YW 051390 유동리스부채 0 0
YW 051390 비유동부채 18,633,218,238 10,606,688,816
YW 051390 사채 0 0
YW 051390 장기차입금 14,200,000,000 9,000,000,000
YW 051390 기타비유동금융부채 0 0
YW 051390 이연법인세부채 0 0
YW 051390 비유동리스부채 0 0
YW 051390 부채총계 23,316,663,730 21,800,635,571
YW 051390 자본금 5,677,684,000 5,677,684,000
YW 051390 자본잉여금 12,592,334,042 12,592,334,042
YW 051390 자본조정 0 0
YW 051390 기타포괄손익누계액 0 0
YW 051390 이익잉여금(결손금) 57,404,185,100 55,450,533,475
YW 051390 자본총계 71,684,239,486 69,730,587,861
YW 051390 자본과부채총계 0 0
date : 2016-12-31
YW 051390 유동자산 55,839,090,780 32,062,582,625
YW 051390 현금및현금성자산 2,647,997,978 6,521,400,201
YW 051390 매출채권 1,614,663,967 1,827,146,689
YW 051390 재고자산 855,141,300 410,534,574
YW 051390 기타유동금융자산 0 0
YW 051390 기타유동자산 378,585,197 816,380,979
YW 051390 매각예정비유동자산 0 0
YW 051390 비유동자산 39,481,506,394 59,468,640,807
YW 051390 장기금융상품 0 0
YW 051390 기타포괄손익-공정가치 0 0
YW 051390 당기손익인식공정가치측정금융자산 0 0
YW 051390 종속회사투자 214,560,855 214,560,855
YW 051390 관계회사투자 0 0
YW 051390 렌탈자산 0 0
YW 051390 유형자산 2,279,428,845 4,301,386,652
YW 051390 무형자산 709,690,834 855,819,112
YW 051390 기타비유동금융자산 0 0
YW 051390 기타비유동자산 0 0
YW 051390 사용권자산 0 0
YW 051390 이연법인세자산 770,144,164 781,626,871
YW 051390 자산총계 95,320,597,174 91,531,223,432
YW 051390 유동부채 5,176,432,279 11,193,946,755
YW 051390 단기매입채무 0 0
YW 051390 단기차입금 4,000,000,000 10,000,000,000
YW 051390 유동성장기차입금 0 0
YW 051390 유동성사채 0 0
YW 051390 기타유동금융부채 0 0
YW 051390 기타유동부채 0 0
YW 051390 당기법인세부채 177,225,195 10,000,000,000
YW 051390 유동리스부채 0 0
YW 051390 비유동부채 19,644,267,081 10,606,688,816
YW 051390 사채 0 0
YW 051390 장기차입금 14,631,000,000 9,000,000,000
YW 051390 기타비유동금융부채 0 0
YW 051390 이연법인세부채 0 0
YW 051390 비유동리스부채 0 0
YW 051390 부채총계 24,820,699,360 21,800,635,571
YW 051390 자본금 5,677,684,000 5,677,684,000
YW 051390 자본잉여금 12,592,334,042 12,592,334,042
YW 051390 자본조정 0 0
YW 051390 기타포괄손익누계액 0 0
YW 051390 이익잉여금(결손금) 58,215,932,958 55,450,533,475
YW 051390 자본총계 70,499,897,814 69,730,587,861
YW 051390 자본과부채총계 0 0
date : 2017-03-31
YW 051390 유동자산 58,469,011,452 55,839,090,780
YW 051390 현금및현금성자산 3,482,254,499 2,647,997,978
YW 051390 매출채권 1,639,016,099 1,614,663,967
YW 051390 재고자산 1,346,543,900 855,141,300
YW 051390 기타유동금융자산 0 0
YW 051390 기타유동자산 1,012,735,088 378,585,197
YW 051390 매각예정비유동자산 0 0
YW 051390 비유동자산 38,886,723,904 39,481,506,394
YW 051390 장기금융상품 0 0
YW 051390 기타포괄손익-공정가치 0 0
YW 051390 당기손익인식공정가치측정금융자산 0 0
YW 051390 종속회사투자 214,560,855 214,560,855
YW 051390 관계회사투자 0 0
YW 051390 렌탈자산 0 0
YW 051390 유형자산 2,236,690,429 2,279,428,845
YW 051390 무형자산 675,189,230 709,690,834
YW 051390 기타비유동금융자산 0 0
YW 051390 기타비유동자산 0 0
YW 051390 사용권자산 0 0
YW 051390 이연법인세자산 762,562,645 770,144,164
YW 051390 자산총계 97,355,735,356 95,320,597,174
YW 051390 유동부채 14,368,739,721 5,176,432,279
YW 051390 단기매입채무 0 0
YW 051390 단기차입금 4,000,000,000 4,000,000,000
YW 051390 유동성장기차입금 0 0
YW 051390 유동성사채 0 0
YW 051390 기타유동금융부채 0 0
YW 051390 기타유동부채 0 0
YW 051390 당기법인세부채 242,423,836 177,225,195
YW 051390 유동리스부채 0 0
YW 051390 비유동부채 12,595,563,170 19,644,267,081
YW 051390 사채 0 0
YW 051390 장기차입금 6,131,000,000 14,631,000,000
YW 051390 기타비유동금융부채 0 0
YW 051390 이연법인세부채 0 0
YW 051390 비유동리스부채 0 0
YW 051390 부채총계 26,964,302,891 24,820,699,360
YW 051390 자본금 5,677,684,000 5,677,684,000
YW 051390 자본잉여금 12,592,334,042 12,592,334,042
YW 051390 자본조정 0 0
YW 051390 기타포괄손익누계액 0 0
YW 051390 이익잉여금(결손금) 58,107,467,609 58,215,932,958
YW 051390 자본총계 70,391,432,465 70,499,897,814
YW 051390 자본과부채총계 0 0
date : 2017-06-30
YW 051390 유동자산 58,747,842,323 55,839,090,780
YW 051390 현금및현금성자산 1,941,278,214 2,647,997,978
YW 051390 매출채권 2,078,250,509 1,614,663,967
YW 051390 재고자산 1,900,256,400 855,141,300
YW 051390 기타유동금융자산 0 0
YW 051390 기타유동자산 542,221,606 378,585,197
YW 051390 매각예정비유동자산 0 0
YW 051390 비유동자산 39,524,944,846 39,481,506,394
YW 051390 장기금융상품 0 0
YW 051390 기타포괄손익-공정가치 0 0
YW 051390 당기손익인식공정가치측정금융자산 0 0
YW 051390 종속회사투자 214,560,855 214,560,855
YW 051390 관계회사투자 0 0
YW 051390 렌탈자산 0 0
YW 051390 유형자산 1,498,504,704 2,279,428,845
YW 051390 무형자산 649,723,512 709,690,834
YW 051390 기타비유동금융자산 0 0
YW 051390 기타비유동자산 0 0
YW 051390 사용권자산 0 0
YW 051390 이연법인세자산 769,832,008 770,144,164
YW 051390 자산총계 98,272,787,169 95,320,597,174
YW 051390 유동부채 17,748,259,638 5,176,432,279
YW 051390 단기매입채무 0 0
YW 051390 단기차입금 4,000,000,000 4,000,000,000
YW 051390 유동성장기차입금 0 0
YW 051390 유동성사채 0 0
YW 051390 기타유동금융부채 0 0
YW 051390 기타유동부채 0 0
YW 051390 당기법인세부채 295,358,448 177,225,195
YW 051390 유동리스부채 0 0
YW 051390 비유동부채 9,360,718,171 19,644,267,081
YW 051390 사채 0 0
YW 051390 장기차입금 2,131,000,000 14,631,000,000
YW 051390 기타비유동금융부채 0 0
YW 051390 이연법인세부채 0 0
YW 051390 비유동리스부채 0 0
YW 051390 부채총계 27,108,977,809 24,820,699,360
YW 051390 자본금 5,677,684,000 5,677,684,000
YW 051390 자본잉여금 12,592,334,042 12,592,334,042
YW 051390 자본조정 0 0
YW 051390 기타포괄손익누계액 0 0
YW 051390 이익잉여금(결손금) 58,879,844,504 58,215,932,958
YW 051390 자본총계 71,163,809,360 70,499,897,814
YW 051390 자본과부채총계 0 0
date : 2017-09-30
YW 051390 유동자산 61,639,647,808 55,839,090,780
YW 051390 현금및현금성자산 2,912,639,464 2,647,997,978
YW 051390 매출채권 1,863,835,865 1,614,663,967
YW 051390 재고자산 1,796,526,400 855,141,300
YW 051390 기타유동금융자산 0 0
YW 051390 기타유동자산 743,217,978 378,585,197
YW 051390 매각예정비유동자산 0 0
YW 051390 비유동자산 40,002,359,626 39,481,506,394
YW 051390 장기금융상품 0 0
YW 051390 기타포괄손익-공정가치 0 0
YW 051390 당기손익인식공정가치측정금융자산 0 0
YW 051390 종속회사투자 214,560,855 214,560,855
YW 051390 관계회사투자 0 0
YW 051390 렌탈자산 0 0
YW 051390 유형자산 1,459,952,192 2,279,428,845
YW 051390 무형자산 624,436,540 709,690,834
YW 051390 기타비유동금융자산 0 0
YW 051390 기타비유동자산 0 0
YW 051390 사용권자산 0 0
YW 051390 이연법인세자산 766,052,954 770,144,164
YW 051390 자산총계 101,642,007,434 95,320,597,174
YW 051390 유동부채 19,802,239,375 5,176,432,279
YW 051390 단기매입채무 0 0
YW 051390 단기차입금 5,800,000,000 4,000,000,000
YW 051390 유동성장기차입금 0 0
YW 051390 유동성사채 0 0
YW 051390 기타유동금융부채 0 0
YW 051390 기타유동부채 135,793,045 45,234,967
YW 051390 당기법인세부채 358,631,054 177,225,195
YW 051390 유동리스부채 0 0
YW 051390 비유동부채 10,570,074,424 19,644,267,081
YW 051390 사채 0 0
YW 051390 장기차입금 2,131,000,000 14,631,000,000
YW 051390 기타비유동금융부채 0 0
YW 051390 이연법인세부채 0 0
YW 051390 비유동리스부채 0 0
YW 051390 부채총계 30,372,313,799 24,820,699,360
YW 051390 자본금 5,677,684,000 5,677,684,000
YW 051390 자본잉여금 12,592,334,042 12,592,334,042
YW 051390 자본조정 0 0
YW 051390 기타포괄손익누계액 0 0
YW 051390 이익잉여금(결손금) 0 0
YW 051390 자본총계 101,642,007,434 95,320,597,174
YW 051390 자본과부채총계 0 0
date : 2017-12-31
YW 051390 유동자산 54,287,428,573 55,839,090,780
YW 051390 현금및현금성자산 7,234,975,538 2,647,997,978
YW 051390 매출채권 2,021,575,777 1,614,663,967
YW 051390 재고자산 4,468,954,500 855,141,300
YW 051390 기타유동금융자산 0 0
YW 051390 기타유동자산 427,133,331 378,585,197
YW 051390 매각예정비유동자산 0 0
YW 051390 비유동자산 47,258,960,515 39,481,506,394
YW 051390 장기금융상품 0 0
YW 051390 기타포괄손익-공정가치 0 0
YW 051390 당기손익인식공정가치측정금융자산 0 0
YW 051390 종속회사투자 0 0
YW 051390 관계회사투자 0 0
YW 051390 렌탈자산 0 0
YW 051390 유형자산 1,422,201,057 2,279,428,845
YW 051390 무형자산 603,282,314 709,690,834
YW 051390 기타비유동금융자산 0 0
YW 051390 기타비유동자산 0 0
YW 051390 사용권자산 0 0
YW 051390 이연법인세자산 775,745,791 770,144,164
YW 051390 자산총계 101,546,389,088 95,320,597,174
YW 051390 유동부채 19,628,997,110 5,176,432,279
YW 051390 단기매입채무 0 0
YW 051390 단기차입금 5,800,000,000 4,000,000,000
YW 051390 유동성장기차입금 0 0
YW 051390 유동성사채 0 0
YW 051390 기타유동금융부채 0 0
YW 051390 기타유동부채 0 0
YW 051390 당기법인세부채 377,470,385 177,225,195
YW 051390 유동리스부채 0 0
YW 051390 비유동부채 11,394,695,075 19,644,267,081
YW 051390 사채 0 0
YW 051390 장기차입금 2,131,000,000 14,631,000,000
YW 051390 기타비유동금융부채 0 0
YW 051390 이연법인세부채 0 0
YW 051390 비유동리스부채 0 0
YW 051390 부채총계 31,023,692,185 24,820,699,360
YW 051390 자본금 5,677,684,000 5,677,684,000
YW 051390 자본잉여금 12,592,334,042 12,592,334,042
YW 051390 자본조정 0 0
YW 051390 기타포괄손익누계액 0 0
YW 051390 이익잉여금(결손금) 0 0
YW 051390 자본총계 70,522,696,903 70,499,897,814
YW 051390 자본과부채총계 101,546,389,088 95,320,597,174
date : 2018-03-31
YW 051390 유동자산 51,875,944,505 54,287,428,573
YW 051390 현금및현금성자산 5,888,933,860 7,234,975,538
YW 051390 매출채권 2,291,248,731 2,021,575,777
YW 051390 재고자산 3,768,087,900 4,468,954,500
YW 051390 기타유동금융자산 0 0
YW 051390 기타유동자산 1,260,344,220 427,133,331
YW 051390 매각예정비유동자산 0 0
YW 051390 비유동자산 51,220,476,714 47,258,960,515
YW 051390 장기금융상품 0 0
YW 051390 기타포괄손익-공정가치 0 0
YW 051390 당기손익인식공정가치측정금융자산 0 0
YW 051390 종속회사투자 0 0
YW 051390 관계회사투자 0 0
YW 051390 렌탈자산 0 0
YW 051390 유형자산 1,436,429,679 1,422,201,057
YW 051390 무형자산 585,351,504 603,282,314
YW 051390 기타비유동금융자산 0 0
YW 051390 기타비유동자산 0 0
YW 051390 사용권자산 0 0
YW 051390 이연법인세자산 800,188,080 775,745,791
YW 051390 자산총계 103,096,421,219 101,546,389,088
YW 051390 유동부채 12,004,793,179 19,628,997,110
YW 051390 단기매입채무 0 0
YW 051390 단기차입금 5,800,000,000 5,800,000,000
YW 051390 유동성장기차입금 0 0
YW 051390 유동성사채 0 0
YW 051390 기타유동금융부채 0 0
YW 051390 기타유동부채 0 0
YW 051390 당기법인세부채 489,263,055 377,470,385
YW 051390 유동리스부채 0 0
YW 051390 비유동부채 21,303,335,209 11,394,695,075
YW 051390 사채 0 0
YW 051390 장기차입금 10,631,000,000 2,131,000,000
YW 051390 기타비유동금융부채 0 0
YW 051390 이연법인세부채 0 0
YW 051390 비유동리스부채 0 0
YW 051390 부채총계 33,308,128,388 31,023,692,185
YW 051390 자본금 5,677,684,000 5,677,684,000
YW 051390 자본잉여금 12,592,334,042 12,592,334,042
YW 051390 자본조정 0 0
YW 051390 기타포괄손익누계액 0 0
YW 051390 이익잉여금(결손금) 0 0
YW 051390 자본총계 69,788,292,831 70,522,696,903
YW 051390 자본과부채총계 103,096,421,219 101,546,389,088
date : 2018-06-30
YW 051390 유동자산 49,607,721,508 54,287,428,573
YW 051390 현금및현금성자산 2,691,549,732 7,234,975,538
YW 051390 매출채권 2,545,249,225 2,021,575,777
YW 051390 재고자산 2,897,180,200 4,468,954,500
YW 051390 기타유동금융자산 0 0
YW 051390 기타유동자산 396,124,045 427,133,331
YW 051390 매각예정비유동자산 0 0
YW 051390 비유동자산 55,292,779,546 47,258,960,515
YW 051390 장기금융상품 0 0
YW 051390 기타포괄손익-공정가치 0 0
YW 051390 당기손익인식공정가치측정금융자산 0 0
YW 051390 종속회사투자 0 0
YW 051390 관계회사투자 0 0
YW 051390 렌탈자산 0 0
YW 051390 유형자산 1,370,810,972 1,422,201,057
YW 051390 무형자산 570,582,805 603,282,314
YW 051390 기타비유동금융자산 0 0
YW 051390 기타비유동자산 0 0
YW 051390 사용권자산 0 0
YW 051390 이연법인세자산 844,957,638 775,745,791
YW 051390 자산총계 104,900,501,054 101,546,389,088
YW 051390 유동부채 8,599,897,264 19,628,997,110
YW 051390 단기매입채무 0 0
YW 051390 단기차입금 5,800,000,000 5,800,000,000
YW 051390 유동성장기차입금 0 0
YW 051390 유동성사채 0 0
YW 051390 기타유동금융부채 0 0
YW 051390 기타유동부채 0 0
YW 051390 당기법인세부채 243,201,487 377,470,385
YW 051390 유동리스부채 0 0
YW 051390 비유동부채 26,038,058,011 11,394,695,075
YW 051390 사채 0 0
YW 051390 장기차입금 12,931,000,000 2,131,000,000
YW 051390 기타비유동금융부채 0 0
YW 051390 이연법인세부채 0 0
YW 051390 비유동리스부채 0 0
YW 051390 부채총계 34,637,955,275 31,023,692,185
YW 051390 자본금 5,677,684,000 5,677,684,000
YW 051390 자본잉여금 12,592,334,042 12,592,334,042
YW 051390 자본조정 0 0
YW 051390 기타포괄손익누계액 0 0
YW 051390 이익잉여금(결손금) 0 0
YW 051390 자본총계 70,262,545,779 70,522,696,903
YW 051390 자본과부채총계 104,900,501,054 101,546,389,088
date : 2018-09-30
YW 051390 유동자산 50,487,501,853 54,287,428,573
YW 051390 현금및현금성자산 818,938,263 7,234,975,538
YW 051390 매출채권 2,797,539,794 2,021,575,777
YW 051390 재고자산 3,302,099,800 4,468,954,500
YW 051390 기타유동금융자산 0 0
YW 051390 기타유동자산 145,217,317 427,133,331
YW 051390 매각예정비유동자산 0 0
YW 051390 비유동자산 55,660,329,075 47,258,960,515
YW 051390 장기금융상품 0 0
YW 051390 기타포괄손익-공정가치 0 0
YW 051390 당기손익인식공정가치측정금융자산 0 0
YW 051390 종속회사투자 0 0
YW 051390 관계회사투자 0 0
YW 051390 렌탈자산 0 0
YW 051390 유형자산 965,103,831 1,422,201,057
YW 051390 무형자산 555,841,369 603,282,314
YW 051390 기타비유동금융자산 0 0
YW 051390 기타비유동자산 0 0
YW 051390 사용권자산 0 0
YW 051390 이연법인세자산 914,755,581 775,745,791
YW 051390 자산총계 106,147,830,928 101,546,389,088
YW 051390 유동부채 8,541,785,272 19,628,997,110
YW 051390 단기매입채무 0 0
YW 051390 단기차입금 5,800,000,000 5,800,000,000
YW 051390 유동성장기차입금 0 0
YW 051390 유동성사채 0 0
YW 051390 기타유동금융부채 0 0
YW 051390 기타유동부채 0 0
YW 051390 당기법인세부채 189,920,357 377,470,385
YW 051390 유동리스부채 0 0
YW 051390 비유동부채 27,212,324,170 11,394,695,075
YW 051390 사채 0 0
YW 051390 장기차입금 12,931,000,000 2,131,000,000
YW 051390 기타비유동금융부채 0 0
YW 051390 이연법인세부채 0 0
YW 051390 비유동리스부채 0 0
YW 051390 부채총계 35,754,109,442 31,023,692,185
YW 051390 자본금 5,677,684,000 5,677,684,000
YW 051390 자본잉여금 12,592,334,042 12,592,334,042
YW 051390 자본조정 0 0
YW 051390 기타포괄손익누계액 0 0
YW 051390 이익잉여금(결손금) 0 0
YW 051390 자본총계 70,393,721,486 70,522,696,903
YW 051390 자본과부채총계 106,147,830,928 101,546,389,088
date : 2018-12-31
YW 051390 유동자산 60,290,752,516 54,287,428,573
YW 051390 현금및현금성자산 2,013,010,010 7,234,975,538
YW 051390 매출채권 2,627,557,208 2,021,575,777
YW 051390 재고자산 1,198,455,100 4,468,954,500
YW 051390 기타유동금융자산 0 0
YW 051390 기타유동자산 548,341,084 427,133,331
YW 051390 매각예정비유동자산 0 0
YW 051390 비유동자산 48,150,369,493 47,258,960,515
YW 051390 장기금융상품 0 0
YW 051390 기타포괄손익-공정가치 0 0
YW 051390 당기손익인식공정가치측정금융자산 0 0
YW 051390 종속회사투자 0 0
YW 051390 관계회사투자 0 0
YW 051390 렌탈자산 0 0
YW 051390 유형자산 947,378,213 1,422,201,057
YW 051390 무형자산 543,465,248 603,282,314
YW 051390 기타비유동금융자산 0 0
YW 051390 기타비유동자산 0 0
YW 051390 사용권자산 0 0
YW 051390 이연법인세자산 867,834,094 775,745,791
YW 051390 자산총계 108,441,122,009 101,546,389,088
YW 051390 유동부채 12,784,757,948 19,628,997,110
YW 051390 단기매입채무 0 0
YW 051390 단기차입금 5,800,000,000 5,800,000,000
YW 051390 유동성장기차입금 0 0
YW 051390 유동성사채 0 0
YW 051390 기타유동금융부채 0 0
YW 051390 기타유동부채 0 0
YW 051390 당기법인세부채 167,169,169 377,470,385
YW 051390 유동리스부채 0 0
YW 051390 비유동부채 24,705,175,842 11,394,695,075
YW 051390 사채 0 0
YW 051390 장기차입금 9,215,500,000 2,131,000,000
YW 051390 기타비유동금융부채 0 0
YW 051390 이연법인세부채 0 0
YW 051390 비유동리스부채 0 0
YW 051390 부채총계 37,489,933,790 31,023,692,185
YW 051390 자본금 5,677,684,000 5,677,684,000
YW 051390 자본잉여금 12,592,334,042 12,592,334,042
YW 051390 자본조정 0 0
YW 051390 기타포괄손익누계액 0 0
YW 051390 이익잉여금(결손금) 0 0
YW 051390 자본총계 70,951,188,219 70,522,696,903
YW 051390 자본과부채총계 108,441,122,009 101,546,389,088
date : 2019-03-31
YW 051390 유동자산 63,054,330,061 60,290,752,516
YW 051390 현금및현금성자산 2,030,866,101 2,013,010,010
YW 051390 매출채권 2,471,081,744 2,627,557,208
YW 051390 재고자산 1,741,645,100 1,198,455,100
YW 051390 기타유동금융자산 0 0
YW 051390 기타유동자산 51,815,146 548,341,084
YW 051390 매각예정비유동자산 0 0
YW 051390 비유동자산 46,736,363,420 48,150,369,493
YW 051390 장기금융상품 0 0
YW 051390 기타포괄손익-공정가치 0 0
YW 051390 당기손익인식공정가치측정금융자산 0 0
YW 051390 종속회사투자 0 0
YW 051390 관계회사투자 0 0
YW 051390 렌탈자산 0 0
YW 051390 유형자산 933,639,026 947,378,213
YW 051390 무형자산 436,871,476 543,465,248
YW 051390 기타비유동금융자산 0 0
YW 051390 기타비유동자산 0 0
YW 051390 사용권자산 0 0
YW 051390 이연법인세자산 922,111,884 867,834,094
YW 051390 자산총계 109,790,693,481 108,441,122,009
YW 051390 유동부채 13,713,090,647 12,784,757,948
YW 051390 단기매입채무 0 0
YW 051390 단기차입금 5,800,000,000 5,800,000,000
YW 051390 유동성장기차입금 0 0
YW 051390 유동성사채 0 0
YW 051390 기타유동금융부채 0 0
YW 051390 기타유동부채 0 0
YW 051390 당기법인세부채 277,218,541 167,169,169
YW 051390 유동리스부채 0 0
YW 051390 비유동부채 25,466,139,190 24,705,175,842
YW 051390 사채 0 0
YW 051390 장기차입금 9,000,000,000 9,215,500,000
YW 051390 기타비유동금융부채 0 0
YW 051390 이연법인세부채 0 0
YW 051390 비유동리스부채 0 0
YW 051390 부채총계 39,179,229,837 37,489,933,790
YW 051390 자본금 5,677,684,000 5,677,684,000
YW 051390 자본잉여금 12,592,334,042 12,592,334,042
YW 051390 자본조정 0 0
YW 051390 기타포괄손익누계액 0 0
YW 051390 이익잉여금(결손금) 0 0
YW 051390 자본총계 70,611,463,644 70,951,188,219
YW 051390 자본과부채총계 109,790,693,481 108,441,122,009
