date : 2019-03-31
한전KPS 051600 유동자산 696,795,583,581 628,724,985,030
한전KPS 051600 현금및현금성자산 53,839,427,499 32,214,005,314
한전KPS 051600 재고자산 1,345,455,804 1,389,970,203
한전KPS 051600 비유동자산 614,758,403,239 646,640,073,362
한전KPS 051600 장기금융상품 10,000,000,000 0
한전KPS 051600 유형자산 452,173,980,410 441,626,973,591
한전KPS 051600 사용권자산 15,021,052,194 0
한전KPS 051600 사용권자산 16,516,842,238 0
한전KPS 051600 무형자산 9,295,168,762 9,145,418,902
한전KPS 051600 무형자산 1,266,525,162 1,188,168,579
한전KPS 051600 이연법인세자산 27,090,371,324 26,291,102,446
한전KPS 051600 자산총계 1,311,553,986,820 1,275,365,058,392
한전KPS 051600 유동부채 352,187,739,299 270,096,844,579
한전KPS 051600 단기매입채무 7,321,064,356 13,369,509,937
한전KPS 051600 당기법인세부채 18,904,169,251 24,033,438,778
한전KPS 051600 비유동부채 47,936,770,656 26,331,172,805
한전KPS 051600 이연법인세부채 0 0
한전KPS 051600 부채총계 400,124,509,955 296,428,017,384
한전KPS 051600 기타포괄손익누계액 -380,479,386 -380,479,386
한전KPS 051600 자본총계 911,429,476,865 978,937,041,008
