date : 2015-12-31
에스티큐브 052020 유동자산 7,764,880,635 20,093,618,510
에스티큐브 052020 현금및현금성자산 3,565,559,357 14,263,974,560
에스티큐브 052020 매출채권 491,019,894 1,095,552,536
에스티큐브 052020 재고자산 160,506,772 884,939,776
에스티큐브 052020 기타유동금융자산 0 0
에스티큐브 052020 기타유동자산 568,542,579 58,190,935
에스티큐브 052020 매각예정비유동자산 0 0
에스티큐브 052020 비유동자산 16,494,074,403 11,334,418,393
에스티큐브 052020 장기금융상품 0 0
에스티큐브 052020 기타포괄손익-공정가치 0 0
에스티큐브 052020 당기손익인식공정가치측정금융자산 0 0
에스티큐브 052020 종속회사투자 0 0
에스티큐브 052020 관계회사투자 0 0
에스티큐브 052020 렌탈자산 0 0
에스티큐브 052020 유형자산 146,363,212 268,781,366
에스티큐브 052020 무형자산 2,626,934,329 1,621,585,044
에스티큐브 052020 기타비유동금융자산 0 0
에스티큐브 052020 기타비유동자산 2,146,791,879 405,679,400
에스티큐브 052020 사용권자산 0 0
에스티큐브 052020 이연법인세자산 0 0
에스티큐브 052020 자산총계 24,258,955,038 31,428,036,903
에스티큐브 052020 유동부채 1,003,078,990 6,475,324,466
에스티큐브 052020 단기매입채무 0 0
에스티큐브 052020 단기차입금 2,500,000,000 1,600,000,000
에스티큐브 052020 유동성장기차입금 0 0
에스티큐브 052020 유동성사채 0 0
에스티큐브 052020 기타유동금융부채 0 0
에스티큐브 052020 기타유동부채 0 0
에스티큐브 052020 당기법인세부채 0 0
에스티큐브 052020 유동리스부채 0 0
에스티큐브 052020 비유동부채 1,431,602,030 3,192,327,374
에스티큐브 052020 사채 0 0
에스티큐브 052020 장기차입금 0 0
에스티큐브 052020 기타비유동금융부채 0 0
에스티큐브 052020 이연법인세부채 0 0
에스티큐브 052020 비유동리스부채 0 0
에스티큐브 052020 부채총계 2,434,681,020 9,667,651,840
에스티큐브 052020 자본금 11,534,499,000 10,807,898,000
에스티큐브 052020 자본잉여금 43,408,864,547 39,714,876,013
에스티큐브 052020 자본조정 0 0
에스티큐브 052020 기타포괄손익누계액 37,219,334 39,714,876,013
에스티큐브 052020 이익잉여금(결손금) 0 0
에스티큐브 052020 자본총계 21,824,274,018 21,760,385,063
에스티큐브 052020 자본과부채총계 24,258,955,038 31,428,036,903
date : 2016-03-31
에스티큐브 052020 유동자산 18,017,423,394 7,764,880,635
에스티큐브 052020 현금및현금성자산 13,642,098,316 3,565,559,357
에스티큐브 052020 매출채권 801,021,468 491,019,894
에스티큐브 052020 재고자산 293,310,386 160,506,772
에스티큐브 052020 기타유동금융자산 0 0
에스티큐브 052020 기타유동자산 446,432,758 568,542,579
에스티큐브 052020 매각예정비유동자산 0 0
에스티큐브 052020 비유동자산 20,140,259,051 16,494,074,403
에스티큐브 052020 장기금융상품 0 0
에스티큐브 052020 기타포괄손익-공정가치 0 0
에스티큐브 052020 당기손익인식공정가치측정금융자산 0 0
에스티큐브 052020 종속회사투자 0 0
에스티큐브 052020 관계회사투자 0 0
에스티큐브 052020 렌탈자산 0 0
에스티큐브 052020 유형자산 119,829,688 146,363,212
에스티큐브 052020 무형자산 2,626,292,729 2,626,934,329
에스티큐브 052020 기타비유동금융자산 0 0
에스티큐브 052020 기타비유동자산 2,222,010,761 2,146,791,879
에스티큐브 052020 사용권자산 0 0
에스티큐브 052020 이연법인세자산 0 0
에스티큐브 052020 자산총계 38,157,682,445 24,258,955,038
에스티큐브 052020 유동부채 1,171,581,413 1,003,078,990
에스티큐브 052020 단기매입채무 0 0
에스티큐브 052020 단기차입금 2,500,000,000 1,003,078,990
에스티큐브 052020 유동성장기차입금 0 0
에스티큐브 052020 유동성사채 0 0
에스티큐브 052020 기타유동금융부채 0 0
에스티큐브 052020 기타유동부채 0 0
에스티큐브 052020 당기법인세부채 0 0
에스티큐브 052020 유동리스부채 0 0
에스티큐브 052020 비유동부채 5,534,009,422 1,431,602,030
에스티큐브 052020 사채 0 0
에스티큐브 052020 장기차입금 0 0
에스티큐브 052020 기타비유동금융부채 0 0
에스티큐브 052020 이연법인세부채 0 0
에스티큐브 052020 비유동리스부채 0 0
에스티큐브 052020 부채총계 6,705,590,835 2,434,681,020
에스티큐브 052020 자본금 12,840,816,000 11,534,499,000
에스티큐브 052020 자본잉여금 17,957,033,383 43,408,864,547
에스티큐브 052020 자본조정 0 0
에스티큐브 052020 기타포괄손익누계액 0 0
에스티큐브 052020 이익잉여금(결손금) 0 0
에스티큐브 052020 자본총계 31,452,091,610 21,824,274,018
에스티큐브 052020 자본과부채총계 38,157,682,445 24,258,955,038
date : 2016-06-30
에스티큐브 052020 유동자산 15,030,300,825 7,764,880,635
에스티큐브 052020 현금및현금성자산 11,237,106,211 3,565,559,357
에스티큐브 052020 매출채권 849,153,814 491,019,894
에스티큐브 052020 재고자산 120,301,843 160,506,772
에스티큐브 052020 기타유동금융자산 0 0
에스티큐브 052020 기타유동자산 37,648,671 568,542,579
에스티큐브 052020 매각예정비유동자산 0 0
에스티큐브 052020 비유동자산 21,901,754,647 16,494,074,403
에스티큐브 052020 장기금융상품 0 0
에스티큐브 052020 기타포괄손익-공정가치 0 0
에스티큐브 052020 당기손익인식공정가치측정금융자산 0 0
에스티큐브 052020 종속회사투자 0 0
에스티큐브 052020 관계회사투자 0 0
에스티큐브 052020 렌탈자산 0 0
에스티큐브 052020 유형자산 103,464,285 146,363,212
에스티큐브 052020 무형자산 2,593,777,289 2,626,934,329
에스티큐브 052020 기타비유동금융자산 0 0
에스티큐브 052020 기타비유동자산 2,244,567,200 2,146,791,879
에스티큐브 052020 사용권자산 0 0
에스티큐브 052020 이연법인세자산 0 0
에스티큐브 052020 자산총계 36,932,055,472 24,258,955,038
에스티큐브 052020 유동부채 5,030,955,576 1,003,078,990
에스티큐브 052020 단기매입채무 0 0
에스티큐브 052020 단기차입금 2,500,000,000 1,003,078,990
에스티큐브 052020 유동성장기차입금 0 0
에스티큐브 052020 유동성사채 0 0
에스티큐브 052020 기타유동금융부채 0 0
에스티큐브 052020 기타유동부채 0 0
에스티큐브 052020 당기법인세부채 0 0
에스티큐브 052020 유동리스부채 0 0
에스티큐브 052020 비유동부채 1,575,446,376 1,431,602,030
에스티큐브 052020 사채 0 0
에스티큐브 052020 장기차입금 0 0
에스티큐브 052020 기타비유동금융부채 0 0
에스티큐브 052020 이연법인세부채 0 0
에스티큐브 052020 비유동리스부채 0 0
에스티큐브 052020 부채총계 6,606,401,952 2,434,681,020
에스티큐브 052020 자본금 12,840,816,000 11,534,499,000
에스티큐브 052020 자본잉여금 18,032,172,623 43,408,864,547
에스티큐브 052020 자본조정 0 0
에스티큐브 052020 기타포괄손익누계액 0 0
에스티큐브 052020 이익잉여금(결손금) 0 0
에스티큐브 052020 자본총계 30,325,653,520 21,824,274,018
에스티큐브 052020 자본과부채총계 36,932,055,472 24,258,955,038
date : 2016-09-30
에스티큐브 052020 유동자산 12,106,516,427 7,764,880,635
에스티큐브 052020 현금및현금성자산 8,449,592,672 3,565,559,357
에스티큐브 052020 매출채권 738,280,015 491,019,894
에스티큐브 052020 재고자산 110,594,844 160,506,772
에스티큐브 052020 기타유동금융자산 0 0
에스티큐브 052020 기타유동자산 31,147,530 568,542,579
에스티큐브 052020 매각예정비유동자산 0 0
에스티큐브 052020 비유동자산 23,657,298,827 16,494,074,403
에스티큐브 052020 장기금융상품 0 0
에스티큐브 052020 기타포괄손익-공정가치 0 0
에스티큐브 052020 당기손익인식공정가치측정금융자산 0 0
에스티큐브 052020 종속회사투자 0 0
에스티큐브 052020 관계회사투자 0 0
에스티큐브 052020 렌탈자산 0 0
에스티큐브 052020 유형자산 80,565,123 146,363,212
에스티큐브 052020 무형자산 2,572,007,461 2,626,934,329
에스티큐브 052020 기타비유동금융자산 0 0
에스티큐브 052020 기타비유동자산 2,256,960,370 2,146,791,879
에스티큐브 052020 사용권자산 0 0
에스티큐브 052020 이연법인세자산 0 0
에스티큐브 052020 자산총계 35,763,815,254 24,258,955,038
에스티큐브 052020 유동부채 5,065,902,708 1,003,078,990
에스티큐브 052020 단기매입채무 0 0
에스티큐브 052020 단기차입금 2,500,000,000 1,003,078,990
에스티큐브 052020 유동성장기차입금 0 0
에스티큐브 052020 유동성사채 0 0
에스티큐브 052020 기타유동금융부채 0 0
에스티큐브 052020 기타유동부채 0 0
에스티큐브 052020 당기법인세부채 0 0
에스티큐브 052020 유동리스부채 0 0
에스티큐브 052020 비유동부채 1,632,765,798 1,431,602,030
에스티큐브 052020 사채 0 0
에스티큐브 052020 장기차입금 0 0
에스티큐브 052020 기타비유동금융부채 0 0
에스티큐브 052020 이연법인세부채 0 0
에스티큐브 052020 비유동리스부채 0 0
에스티큐브 052020 부채총계 6,698,668,506 2,434,681,020
에스티큐브 052020 자본금 12,840,816,000 11,534,499,000
에스티큐브 052020 자본잉여금 18,032,172,623 43,408,864,547
에스티큐브 052020 자본조정 0 0
에스티큐브 052020 기타포괄손익누계액 0 0
에스티큐브 052020 이익잉여금(결손금) 0 0
에스티큐브 052020 자본총계 29,065,146,748 21,824,274,018
에스티큐브 052020 자본과부채총계 35,763,815,254 24,258,955,038
date : 2016-12-31
에스티큐브 052020 유동자산 22,712,600,346 7,764,880,635
에스티큐브 052020 현금및현금성자산 19,284,339,646 3,565,559,357
에스티큐브 052020 매출채권 618,358,574 491,019,894
에스티큐브 052020 재고자산 145,397,679 160,506,772
에스티큐브 052020 기타유동금융자산 0 0
에스티큐브 052020 기타유동자산 20,702,566 568,542,579
에스티큐브 052020 매각예정비유동자산 0 0
에스티큐브 052020 비유동자산 20,538,304,401 16,494,074,403
에스티큐브 052020 장기금융상품 0 0
에스티큐브 052020 기타포괄손익-공정가치 0 0
에스티큐브 052020 당기손익인식공정가치측정금융자산 0 0
에스티큐브 052020 종속회사투자 0 0
에스티큐브 052020 관계회사투자 0 0
에스티큐브 052020 렌탈자산 0 0
에스티큐브 052020 유형자산 133,559,777 146,363,212
에스티큐브 052020 무형자산 1,665,977,609 2,626,934,329
에스티큐브 052020 기타비유동금융자산 0 0
에스티큐브 052020 기타비유동자산 2,435,069,509 2,146,791,879
에스티큐브 052020 사용권자산 0 0
에스티큐브 052020 이연법인세자산 0 0
에스티큐브 052020 자산총계 43,250,904,747 24,258,955,038
에스티큐브 052020 유동부채 7,155,468,669 1,003,078,990
에스티큐브 052020 단기매입채무 0 0
에스티큐브 052020 단기차입금 2,500,000,000 1,003,078,990
에스티큐브 052020 유동성장기차입금 0 0
에스티큐브 052020 유동성사채 0 0
에스티큐브 052020 기타유동금융부채 0 0
에스티큐브 052020 기타유동부채 0 0
에스티큐브 052020 당기법인세부채 0 0
에스티큐브 052020 유동리스부채 0 0
에스티큐브 052020 비유동부채 4,857,355,512 1,431,602,030
에스티큐브 052020 사채 0 0
에스티큐브 052020 장기차입금 0 0
에스티큐브 052020 기타비유동금융부채 0 0
에스티큐브 052020 이연법인세부채 0 0
에스티큐브 052020 비유동리스부채 0 0
에스티큐브 052020 부채총계 12,012,824,181 2,434,681,020
에스티큐브 052020 자본금 12,840,816,000 11,534,499,000
에스티큐브 052020 자본잉여금 18,032,172,623 43,408,864,547
에스티큐브 052020 자본조정 0 0
에스티큐브 052020 기타포괄손익누계액 37,219,334 43,408,864,547
에스티큐브 052020 이익잉여금(결손금) 0 0
에스티큐브 052020 자본총계 31,238,080,566 21,824,274,018
에스티큐브 052020 자본과부채총계 0 0
date : 2017-03-31
에스티큐브 052020 유동자산 18,087,103,224 22,712,600,346
에스티큐브 052020 현금및현금성자산 8,649,883,044 19,284,339,646
에스티큐브 052020 매출채권 831,929,533 618,358,574
에스티큐브 052020 재고자산 113,880,160 145,397,679
에스티큐브 052020 기타유동금융자산 0 0
에스티큐브 052020 기타유동자산 26,376,409 20,702,566
에스티큐브 052020 매각예정비유동자산 0 0
에스티큐브 052020 비유동자산 22,297,165,342 20,538,304,401
에스티큐브 052020 장기금융상품 0 0
에스티큐브 052020 기타포괄손익-공정가치 0 0
에스티큐브 052020 당기손익인식공정가치측정금융자산 0 0
에스티큐브 052020 종속회사투자 0 0
에스티큐브 052020 관계회사투자 0 0
에스티큐브 052020 렌탈자산 0 0
에스티큐브 052020 유형자산 117,836,641 133,559,777
에스티큐브 052020 무형자산 1,643,295,569 1,665,977,609
에스티큐브 052020 기타비유동금융자산 0 0
에스티큐브 052020 기타비유동자산 2,420,575,626 2,435,069,509
에스티큐브 052020 사용권자산 0 0
에스티큐브 052020 이연법인세자산 0 0
에스티큐브 052020 자산총계 40,384,268,566 43,250,904,747
에스티큐브 052020 유동부채 5,234,579,178 7,155,468,669
에스티큐브 052020 단기매입채무 0 0
에스티큐브 052020 단기차입금 0 7,155,468,669
에스티큐브 052020 유동성장기차입금 0 0
에스티큐브 052020 유동성사채 0 0
에스티큐브 052020 기타유동금융부채 0 0
에스티큐브 052020 기타유동부채 0 0
에스티큐브 052020 당기법인세부채 0 0
에스티큐브 052020 유동리스부채 0 0
에스티큐브 052020 비유동부채 4,918,030,260 4,857,355,512
에스티큐브 052020 사채 0 0
에스티큐브 052020 장기차입금 0 0
에스티큐브 052020 기타비유동금융부채 0 0
에스티큐브 052020 이연법인세부채 0 0
에스티큐브 052020 비유동리스부채 0 0
에스티큐브 052020 부채총계 10,152,609,438 12,012,824,181
에스티큐브 052020 자본금 12,869,113,500 12,840,816,000
에스티큐브 052020 자본잉여금 12,801,869,071 18,032,172,623
에스티큐브 052020 자본조정 0 0
에스티큐브 052020 기타포괄손익누계액 0 18,032,172,623
에스티큐브 052020 이익잉여금(결손금) 0 0
에스티큐브 052020 자본총계 30,231,659,128 31,238,080,566
에스티큐브 052020 자본과부채총계 0 0
date : 2017-06-30
에스티큐브 052020 유동자산 12,555,100,217 22,712,600,346
에스티큐브 052020 현금및현금성자산 3,513,582,064 19,284,339,646
에스티큐브 052020 매출채권 480,388,546 618,358,574
에스티큐브 052020 재고자산 64,640,720 145,397,679
에스티큐브 052020 기타유동금융자산 0 0
에스티큐브 052020 기타유동자산 10,671,302 20,702,566
에스티큐브 052020 매각예정비유동자산 0 0
에스티큐브 052020 비유동자산 26,582,214,716 20,538,304,401
에스티큐브 052020 장기금융상품 0 0
에스티큐브 052020 기타포괄손익-공정가치 0 0
에스티큐브 052020 당기손익인식공정가치측정금융자산 0 0
에스티큐브 052020 종속회사투자 0 0
에스티큐브 052020 관계회사투자 0 0
에스티큐브 052020 렌탈자산 0 0
에스티큐브 052020 유형자산 106,601,776 133,559,777
에스티큐브 052020 무형자산 1,386,976,965 1,665,977,609
에스티큐브 052020 기타비유동금융자산 0 0
에스티큐브 052020 기타비유동자산 2,347,318,469 2,435,069,509
에스티큐브 052020 사용권자산 0 0
에스티큐브 052020 이연법인세자산 0 0
에스티큐브 052020 자산총계 39,137,314,933 43,250,904,747
에스티큐브 052020 유동부채 2,613,445,138 7,155,468,669
에스티큐브 052020 단기매입채무 0 0
에스티큐브 052020 단기차입금 0 0
에스티큐브 052020 유동성장기차입금 0 0
에스티큐브 052020 유동성사채 0 0
에스티큐브 052020 기타유동금융부채 0 0
에스티큐브 052020 기타유동부채 0 0
에스티큐브 052020 당기법인세부채 0 0
에스티큐브 052020 유동리스부채 0 0
에스티큐브 052020 비유동부채 5,057,749,537 4,857,355,512
에스티큐브 052020 사채 0 0
에스티큐브 052020 장기차입금 0 0
에스티큐브 052020 기타비유동금융부채 0 0
에스티큐브 052020 이연법인세부채 0 0
에스티큐브 052020 비유동리스부채 0 0
에스티큐브 052020 부채총계 7,671,194,675 12,012,824,181
에스티큐브 052020 자본금 13,139,228,500 12,840,816,000
에스티큐브 052020 자본잉여금 15,558,349,571 18,032,172,623
에스티큐브 052020 자본조정 0 0
에스티큐브 052020 기타포괄손익누계액 0 18,032,172,623
에스티큐브 052020 이익잉여금(결손금) 0 0
에스티큐브 052020 자본총계 31,466,120,258 31,238,080,566
에스티큐브 052020 자본과부채총계 0 0
date : 2017-09-30
에스티큐브 052020 유동자산 12,279,533,599 22,712,600,346
에스티큐브 052020 현금및현금성자산 7,322,957,038 19,284,339,646
에스티큐브 052020 매출채권 2,049,932,400 618,358,574
에스티큐브 052020 재고자산 129,434,558 145,397,679
에스티큐브 052020 기타유동금융자산 0 0
에스티큐브 052020 기타유동자산 128,036,413 20,702,566
에스티큐브 052020 매각예정비유동자산 0 0
에스티큐브 052020 비유동자산 26,558,615,209 20,538,304,401
에스티큐브 052020 장기금융상품 0 0
에스티큐브 052020 기타포괄손익-공정가치 0 0
에스티큐브 052020 당기손익인식공정가치측정금융자산 0 0
에스티큐브 052020 종속회사투자 0 0
에스티큐브 052020 관계회사투자 0 0
에스티큐브 052020 렌탈자산 0 0
에스티큐브 052020 유형자산 97,646,056 133,559,777
에스티큐브 052020 무형자산 1,384,917,061 1,665,977,609
에스티큐브 052020 기타비유동금융자산 0 0
에스티큐브 052020 기타비유동자산 2,334,734,586 2,435,069,509
에스티큐브 052020 사용권자산 0 0
에스티큐브 052020 이연법인세자산 0 0
에스티큐브 052020 자산총계 38,838,148,808 43,250,904,747
에스티큐브 052020 유동부채 3,083,985,482 7,155,468,669
에스티큐브 052020 단기매입채무 0 0
에스티큐브 052020 단기차입금 0 0
에스티큐브 052020 유동성장기차입금 0 0
에스티큐브 052020 유동성사채 0 0
에스티큐브 052020 기타유동금융부채 0 0
에스티큐브 052020 기타유동부채 0 0
에스티큐브 052020 당기법인세부채 0 0
에스티큐브 052020 유동리스부채 0 0
에스티큐브 052020 비유동부채 5,130,949,522 4,857,355,512
에스티큐브 052020 사채 0 0
에스티큐브 052020 장기차입금 0 0
에스티큐브 052020 기타비유동금융부채 0 0
에스티큐브 052020 이연법인세부채 0 0
에스티큐브 052020 비유동리스부채 0 0
에스티큐브 052020 부채총계 8,214,935,004 12,012,824,181
에스티큐브 052020 자본금 13,139,228,500 12,840,816,000
에스티큐브 052020 자본잉여금 15,558,349,571 18,032,172,623
에스티큐브 052020 자본조정 0 0
에스티큐브 052020 기타포괄손익누계액 0 18,032,172,623
에스티큐브 052020 이익잉여금(결손금) -6,509,270,321 -5,478,161,664
에스티큐브 052020 자본총계 30,623,213,804 31,238,080,566
에스티큐브 052020 자본과부채총계 38,838,148,808 43,250,904,747
date : 2017-12-31
에스티큐브 052020 유동자산 11,484,849,985 22,712,600,346
에스티큐브 052020 현금및현금성자산 5,428,754,365 19,284,339,646
에스티큐브 052020 매출채권 2,856,235,713 618,358,574
에스티큐브 052020 재고자산 627,668,879 145,397,679
에스티큐브 052020 기타유동금융자산 0 0
에스티큐브 052020 기타유동자산 50,667,522 20,702,566
에스티큐브 052020 매각예정비유동자산 0 0
에스티큐브 052020 비유동자산 24,192,533,734 20,538,304,401
에스티큐브 052020 장기금융상품 0 0
에스티큐브 052020 기타포괄손익-공정가치 0 0
에스티큐브 052020 당기손익인식공정가치측정금융자산 0 0
에스티큐브 052020 종속회사투자 0 0
에스티큐브 052020 관계회사투자 0 0
에스티큐브 052020 렌탈자산 0 0
에스티큐브 052020 유형자산 88,698,922 133,559,777
에스티큐브 052020 무형자산 1,307,673,516 1,665,977,609
에스티큐브 052020 기타비유동금융자산 0 0
에스티큐브 052020 기타비유동자산 475,414,259 2,435,069,509
에스티큐브 052020 사용권자산 0 0
에스티큐브 052020 이연법인세자산 0 0
에스티큐브 052020 자산총계 35,677,383,719 43,250,904,747
에스티큐브 052020 유동부채 2,063,068,823 7,155,468,669
에스티큐브 052020 단기매입채무 0 0
에스티큐브 052020 단기차입금 0 0
에스티큐브 052020 유동성장기차입금 0 0
에스티큐브 052020 유동성사채 0 0
에스티큐브 052020 기타유동금융부채 0 0
에스티큐브 052020 기타유동부채 55,720,000 7,155,468,669
에스티큐브 052020 당기법인세부채 0 0
에스티큐브 052020 유동리스부채 0 0
에스티큐브 052020 비유동부채 5,250,465,188 4,857,355,512
에스티큐브 052020 사채 0 0
에스티큐브 052020 장기차입금 0 0
에스티큐브 052020 기타비유동금융부채 0 0
에스티큐브 052020 이연법인세부채 0 0
에스티큐브 052020 비유동리스부채 0 0
에스티큐브 052020 부채총계 7,313,534,011 12,012,824,181
에스티큐브 052020 자본금 13,303,870,000 12,840,816,000
에스티큐브 052020 자본잉여금 17,310,971,034 18,032,172,623
에스티큐브 052020 자본조정 0 0
에스티큐브 052020 기타포괄손익누계액 -344,240,000 0
에스티큐브 052020 이익잉여금(결손금) -10,775,638,709 -5,478,161,664
에스티큐브 052020 자본총계 28,363,849,708 31,238,080,566
에스티큐브 052020 자본과부채총계 35,677,383,719 43,250,904,747
date : 2018-03-31
에스티큐브 052020 유동자산 8,716,202,667 11,484,849,985
에스티큐브 052020 현금및현금성자산 2,262,186,471 5,428,754,365
에스티큐브 052020 매출채권 3,893,477,686 2,856,235,713
에스티큐브 052020 재고자산 148,543,829 627,668,879
에스티큐브 052020 기타유동금융자산 0 0
에스티큐브 052020 기타유동자산 149,240,756 50,667,522
에스티큐브 052020 매각예정비유동자산 0 0
에스티큐브 052020 비유동자산 26,304,362,211 24,192,533,734
에스티큐브 052020 장기금융상품 0 0
에스티큐브 052020 기타포괄손익-공정가치 0 0
에스티큐브 052020 당기손익인식공정가치측정금융자산 0 0
에스티큐브 052020 종속회사투자 0 0
에스티큐브 052020 관계회사투자 0 0
에스티큐브 052020 렌탈자산 0 0
에스티큐브 052020 유형자산 81,520,937 88,698,922
에스티큐브 052020 무형자산 1,283,237,859 1,307,673,516
에스티큐브 052020 기타비유동금융자산 0 0
에스티큐브 052020 기타비유동자산 476,056,378 475,414,259
에스티큐브 052020 사용권자산 0 0
에스티큐브 052020 이연법인세자산 0 0
에스티큐브 052020 자산총계 35,020,564,878 35,677,383,719
에스티큐브 052020 유동부채 1,709,425,250 2,063,068,823
에스티큐브 052020 단기매입채무 0 0
에스티큐브 052020 단기차입금 0 0
에스티큐브 052020 유동성장기차입금 0 0
에스티큐브 052020 유동성사채 0 0
에스티큐브 052020 기타유동금융부채 0 0
에스티큐브 052020 기타유동부채 109,330,000 55,720,000
에스티큐브 052020 당기법인세부채 0 0
에스티큐브 052020 유동리스부채 0 0
에스티큐브 052020 비유동부채 5,356,446,899 5,250,465,188
에스티큐브 052020 사채 0 0
에스티큐브 052020 장기차입금 0 0
에스티큐브 052020 기타비유동금융부채 0 0
에스티큐브 052020 이연법인세부채 0 0
에스티큐브 052020 비유동리스부채 0 0
에스티큐브 052020 부채총계 7,065,872,149 7,313,534,011
에스티큐브 052020 자본금 13,355,320,500 13,303,870,000
에스티큐브 052020 자본잉여금 7,091,017,069 17,310,971,034
에스티큐브 052020 자본조정 0 0
에스티큐브 052020 기타포괄손익누계액 -344,240,000 -344,240,000
에스티큐브 052020 이익잉여금(결손금) -1,632,422,334 -10,775,638,709
에스티큐브 052020 자본총계 27,954,692,729 28,363,849,708
에스티큐브 052020 자본과부채총계 35,020,564,878 35,677,383,719
date : 2018-06-30
에스티큐브 052020 유동자산 48,827,460,966 11,484,849,985
에스티큐브 052020 현금및현금성자산 22,727,617,892 5,428,754,365
에스티큐브 052020 매출채권 3,819,482,018 2,856,235,713
에스티큐브 052020 재고자산 161,237,954 627,668,879
에스티큐브 052020 기타유동금융자산 0 0
에스티큐브 052020 기타유동자산 35,890,605 50,667,522
에스티큐브 052020 매각예정비유동자산 0 0
에스티큐브 052020 비유동자산 26,753,125,574 24,192,533,734
에스티큐브 052020 장기금융상품 0 0
에스티큐브 052020 기타포괄손익-공정가치 0 0
에스티큐브 052020 당기손익인식공정가치측정금융자산 0 0
에스티큐브 052020 종속회사투자 0 0
에스티큐브 052020 관계회사투자 0 0
에스티큐브 052020 렌탈자산 0 0
에스티큐브 052020 유형자산 72,821,924 88,698,922
에스티큐브 052020 무형자산 1,339,039,876 1,307,673,516
에스티큐브 052020 기타비유동금융자산 0 0
에스티큐브 052020 기타비유동자산 622,972,737 475,414,259
에스티큐브 052020 사용권자산 0 0
에스티큐브 052020 이연법인세자산 0 0
에스티큐브 052020 자산총계 75,580,586,540 35,677,383,719
에스티큐브 052020 유동부채 1,145,811,221 2,063,068,823
에스티큐브 052020 단기매입채무 0 0
에스티큐브 052020 단기차입금 0 0
에스티큐브 052020 유동성장기차입금 0 0
에스티큐브 052020 유동성사채 0 0
에스티큐브 052020 기타유동금융부채 0 0
에스티큐브 052020 기타유동부채 109,330,000 55,720,000
에스티큐브 052020 당기법인세부채 0 0
에스티큐브 052020 유동리스부채 0 0
에스티큐브 052020 비유동부채 15,567,734,504 5,250,465,188
에스티큐브 052020 사채 0 0
에스티큐브 052020 장기차입금 0 0
에스티큐브 052020 기타비유동금융부채 0 0
에스티큐브 052020 이연법인세부채 0 0
에스티큐브 052020 비유동리스부채 0 0
에스티큐브 052020 부채총계 16,713,545,725 7,313,534,011
에스티큐브 052020 자본금 13,892,662,500 13,303,870,000
에스티큐브 052020 자본잉여금 20,406,479,593 17,310,971,034
에스티큐브 052020 자본조정 0 0
에스티큐브 052020 기타포괄손익누계액 -344,240,000 -344,240,000
에스티큐브 052020 이익잉여금(결손금) -2,730,229,016 -10,775,638,709
에스티큐브 052020 자본총계 58,867,040,815 28,363,849,708
에스티큐브 052020 자본과부채총계 75,580,586,540 35,677,383,719
date : 2018-09-30
에스티큐브 052020 유동자산 46,229,068,774 11,484,849,985
에스티큐브 052020 현금및현금성자산 21,856,037,552 5,428,754,365
에스티큐브 052020 매출채권 2,024,624,414 2,856,235,713
에스티큐브 052020 재고자산 141,020,830 627,668,879
에스티큐브 052020 기타유동금융자산 0 0
에스티큐브 052020 기타유동자산 40,664,911 50,667,522
에스티큐브 052020 매각예정비유동자산 0 0
에스티큐브 052020 비유동자산 28,395,143,340 24,192,533,734
에스티큐브 052020 장기금융상품 0 0
에스티큐브 052020 기타포괄손익-공정가치 0 0
에스티큐브 052020 당기손익인식공정가치측정금융자산 0 0
에스티큐브 052020 종속회사투자 0 0
에스티큐브 052020 관계회사투자 0 0
에스티큐브 052020 렌탈자산 0 0
에스티큐브 052020 유형자산 64,549,745 88,698,922
에스티큐브 052020 무형자산 1,311,569,412 1,307,673,516
에스티큐브 052020 기타비유동금융자산 0 0
에스티큐브 052020 기타비유동자산 622,638,146 475,414,259
에스티큐브 052020 사용권자산 0 0
에스티큐브 052020 이연법인세자산 0 0
에스티큐브 052020 자산총계 74,624,212,114 35,677,383,719
에스티큐브 052020 유동부채 936,217,787 2,063,068,823
에스티큐브 052020 단기매입채무 0 0
에스티큐브 052020 단기차입금 0 0
에스티큐브 052020 유동성장기차입금 0 0
에스티큐브 052020 유동성사채 0 0
에스티큐브 052020 기타유동금융부채 0 0
에스티큐브 052020 기타유동부채 412,751,370 55,720,000
에스티큐브 052020 당기법인세부채 0 0
에스티큐브 052020 유동리스부채 0 0
에스티큐브 052020 비유동부채 16,260,980,983 5,250,465,188
에스티큐브 052020 사채 0 0
에스티큐브 052020 장기차입금 0 0
에스티큐브 052020 기타비유동금융부채 0 0
에스티큐브 052020 이연법인세부채 0 0
에스티큐브 052020 비유동리스부채 0 0
에스티큐브 052020 부채총계 17,197,198,770 7,313,534,011
에스티큐브 052020 자본금 13,892,662,500 13,303,870,000
에스티큐브 052020 자본잉여금 20,406,479,593 17,310,971,034
에스티큐브 052020 자본조정 0 0
에스티큐브 052020 기타포괄손익누계액 -344,240,000 -344,240,000
에스티큐브 052020 이익잉여금(결손금) -4,337,392,811 -10,775,638,709
에스티큐브 052020 자본총계 57,427,013,344 28,363,849,708
에스티큐브 052020 자본과부채총계 74,624,212,114 35,677,383,719
date : 2018-12-31
에스티큐브 052020 유동자산 44,541,971,784 11,484,849,985
에스티큐브 052020 현금및현금성자산 20,834,127,282 5,428,754,365
에스티큐브 052020 매출채권 1,414,597,019 2,856,235,713
에스티큐브 052020 재고자산 236,478,856 627,668,879
에스티큐브 052020 기타유동금융자산 0 0
에스티큐브 052020 기타유동자산 67,009,411 50,667,522
에스티큐브 052020 매각예정비유동자산 0 0
에스티큐브 052020 비유동자산 24,982,542,476 24,192,533,734
에스티큐브 052020 장기금융상품 0 0
에스티큐브 052020 기타포괄손익-공정가치 0 0
에스티큐브 052020 당기손익인식공정가치측정금융자산 0 0
에스티큐브 052020 종속회사투자 0 0
에스티큐브 052020 관계회사투자 0 0
에스티큐브 052020 렌탈자산 0 0
에스티큐브 052020 유형자산 56,076,773 88,698,922
에스티큐브 052020 무형자산 1,284,098,948 1,307,673,516
에스티큐브 052020 기타비유동금융자산 0 0
에스티큐브 052020 기타비유동자산 628,604,755 475,414,259
에스티큐브 052020 사용권자산 0 0
에스티큐브 052020 이연법인세자산 0 0
에스티큐브 052020 자산총계 69,524,514,260 35,677,383,719
에스티큐브 052020 유동부채 1,192,017,167 2,063,068,823
에스티큐브 052020 단기매입채무 0 0
에스티큐브 052020 단기차입금 0 0
에스티큐브 052020 유동성장기차입금 0 0
에스티큐브 052020 유동성사채 0 0
에스티큐브 052020 기타유동금융부채 0 0
에스티큐브 052020 기타유동부채 0 55,720,000
에스티큐브 052020 당기법인세부채 0 0
에스티큐브 052020 유동리스부채 0 0
에스티큐브 052020 비유동부채 18,951,030,781 5,250,465,188
에스티큐브 052020 사채 0 0
에스티큐브 052020 장기차입금 0 0
에스티큐브 052020 기타비유동금융부채 0 0
에스티큐브 052020 이연법인세부채 0 0
에스티큐브 052020 비유동리스부채 0 0
에스티큐브 052020 부채총계 20,143,047,948 7,313,534,011
에스티큐브 052020 자본금 13,892,662,500 13,303,870,000
에스티큐브 052020 자본잉여금 20,406,479,593 17,310,971,034
에스티큐브 052020 자본조정 0 0
에스티큐브 052020 기타포괄손익누계액 -344,240,000 -344,240,000
에스티큐브 052020 이익잉여금(결손금) -8,850,880,951 -10,775,638,709
에스티큐브 052020 자본총계 49,381,466,312 28,363,849,708
에스티큐브 052020 자본과부채총계 69,524,514,260 35,677,383,719
date : 2019-03-31
에스티큐브 052020 유동자산 41,619,433,764 44,541,971,784
에스티큐브 052020 현금및현금성자산 17,204,020,352 20,834,127,282
에스티큐브 052020 매출채권 1,967,172,353 1,414,597,019
에스티큐브 052020 재고자산 138,587,641 236,478,856
에스티큐브 052020 기타유동금융자산 0 0
에스티큐브 052020 기타유동자산 145,018,131 67,009,411
에스티큐브 052020 매각예정비유동자산 0 0
에스티큐브 052020 비유동자산 26,793,837,426 24,982,542,476
에스티큐브 052020 장기금융상품 0 0
에스티큐브 052020 기타포괄손익-공정가치 0 0
에스티큐브 052020 당기손익인식공정가치측정금융자산 0 0
에스티큐브 052020 종속회사투자 0 0
에스티큐브 052020 관계회사투자 0 0
에스티큐브 052020 렌탈자산 0 0
에스티큐브 052020 유형자산 102,389,290 56,076,773
에스티큐브 052020 무형자산 1,256,599,926 1,284,098,948
에스티큐브 052020 기타비유동금융자산 0 0
에스티큐브 052020 기타비유동자산 630,681,005 628,604,755
에스티큐브 052020 사용권자산 0 0
에스티큐브 052020 이연법인세자산 0 0
에스티큐브 052020 자산총계 68,413,271,190 69,524,514,260
에스티큐브 052020 유동부채 636,185,294 1,192,017,167
에스티큐브 052020 단기매입채무 0 0
에스티큐브 052020 단기차입금 0 0
에스티큐브 052020 유동성장기차입금 0 0
에스티큐브 052020 유동성사채 0 0
에스티큐브 052020 기타유동금융부채 0 0
에스티큐브 052020 기타유동부채 0 0
에스티큐브 052020 당기법인세부채 0 0
에스티큐브 052020 유동리스부채 0 0
에스티큐브 052020 비유동부채 19,768,814,275 18,951,030,781
에스티큐브 052020 사채 0 0
에스티큐브 052020 장기차입금 0 0
에스티큐브 052020 기타비유동금융부채 0 0
에스티큐브 052020 이연법인세부채 0 0
에스티큐브 052020 비유동리스부채 0 0
에스티큐브 052020 부채총계 20,404,999,569 20,143,047,948
에스티큐브 052020 자본금 13,892,662,500 13,892,662,500
에스티큐브 052020 자본잉여금 11,577,407,615 20,406,479,593
에스티큐브 052020 자본조정 0 0
에스티큐브 052020 기타포괄손익누계액 -344,240,000 -344,240,000
에스티큐브 052020 이익잉여금(결손금) -1,487,888,869 -8,850,880,951
에스티큐브 052020 자본총계 48,008,271,621 49,381,466,312
에스티큐브 052020 자본과부채총계 68,413,271,190 69,524,514,260
