date : 2019-03-31
한네트 052600 유동자산 44,112,267,089 44,648,476,173
한네트 052600 현금및현금성자산 41,766,626,215 42,280,988,621
한네트 052600 매출채권 2,004,970,317 1,928,630,018
한네트 052600 기타유동자산 251,906,157 303,558,369
한네트 052600 재고자산 0 2,032,000
한네트 052600 비유동자산 22,156,678,054 22,599,273,214
한네트 052600 장기금융상품 355,298,000 355,298,000
한네트 052600 기타비유동자산 20,179,430 0
한네트 052600 유형자산 12,550,503,099 13,316,662,860
한네트 052600 무형자산 86,006,661 87,091,263
한네트 052600 이연법인세자산 539,715,078 620,349,478
한네트 052600 자산총계 66,268,945,143 67,247,749,387
한네트 052600 유동부채 26,578,846,539 26,838,812,234
한네트 052600 단기차입금 18,000,000,000 19,622,405,026
한네트 052600 유동성장기차입금 3,453,515,220 3,453,515,220
한네트 052600 당기법인세부채 49,360,187 0
한네트 052600 기타유동부채 1,412,664,732 372,340,917
한네트 052600 비유동부채 4,555,357,379 4,590,008,014
한네트 052600 장기차입금 3,851,171,740 3,964,550,545
한네트 052600 부채총계 31,134,203,918 31,428,820,248
한네트 052600 자본금 5,781,850,000 5,781,850,000
한네트 052600 자본잉여금 5,594,213,573 5,594,213,573
한네트 052600 기타포괄손익누계액 -1,743,050,236 -2,028,935,836
한네트 052600 자본총계 35,134,741,225 35,818,929,139
