date : 2019-03-31
한전기술 052690 유동자산 250,156,537,003 281,389,537,047
한전기술 052690 현금및현금성자산 21,789,047,674 31,457,107,787
한전기술 052690 매출채권 및 기타유동채권
한전기술 052690 기타유동자산 16,340,066,444 13,742,069,551
한전기술 052690 비유동자산 483,566,999,474 490,090,449,948
한전기술 052690 장기금융상품 36,575,748,296 35,800,570,057
한전기술 052690 유형자산 297,722,811,141 300,680,322,522
한전기술 052690 무형자산 60,733,539,972 61,851,241,960
한전기술 052690 이연법인세자산 64,316,362,193 67,374,488,938
한전기술 052690 기타비유동자산 1,295,763,857 1,574,605,698
한전기술 052690 자산총계 733,723,536,477 771,479,986,995
한전기술 052690 유동부채 203,585,290,800 248,402,017,936
한전기술 052690 당기법인세부채 2,039,489,934 8,174,499,584
한전기술 052690 기타유동금융부채 0 30,000,000,000
한전기술 052690 기타유동부채 1,394,022,207 1,171,942,573
한전기술 052690 비유동부채 70,268,256,687 61,697,861,143
한전기술 052690 기타비유동금융부채 10,000,000 10,000,000
한전기술 052690 부채총계 273,853,547,487 310,099,879,079
한전기술 052690 자본금 7,644,000,000 7,644,000,000
한전기술 052690 이익잉여금(결손금) 462,910,122,616 464,417,557,624
한전기술 052690 기타포괄손익누계액 -383,805,026 -381,121,108
한전기술 052690 자본총계 459,869,988,990 461,380,107,916
한전기술 052690 자본과부채총계 733,723,536,477 771,479,986,995
