date : 2019-03-31
KMH하이텍 052900 유동자산 22,905,890,704 23,992,703,144
KMH하이텍 052900 현금및현금성자산 5,193,971,334 1,612,833,328
KMH하이텍 052900 매출채권 및 기타유동채권
KMH하이텍 052900 기타유동금융자산 1,221,088,632 1,896,272,428
KMH하이텍 052900 재고자산 4,307,598,941 4,781,176,886
KMH하이텍 052900 기타유동자산 719,543,574 591,453,232
KMH하이텍 052900 비유동자산 51,331,929,731 51,333,217,528
KMH하이텍 052900 기타비유동금융자산 32,132,113,911 31,991,990,892
KMH하이텍 052900 유형자산 15,715,359,921 15,863,869,421
KMH하이텍 052900 무형자산 137,045,897 140,582,930
KMH하이텍 052900 자산총계 74,237,820,435 75,325,920,672
KMH하이텍 052900 유동부채 7,101,355,124 8,692,729,953
KMH하이텍 052900 당기법인세부채 0 561,540,782
KMH하이텍 052900 기타유동금융부채 42,000,000 56,000,000
KMH하이텍 052900 기타유동부채 1,405,226,707 919,736,711
KMH하이텍 052900 비유동부채 2,622,991,423 2,464,986,959
KMH하이텍 052900 기타비유동금융부채 34,488,329 29,488,329
KMH하이텍 052900 이연법인세부채 1,403,187,238 1,403,187,238
KMH하이텍 052900 부채총계 9,724,346,547 11,157,716,912
KMH하이텍 052900 자본금 23,442,749,500 23,442,749,500
KMH하이텍 052900 이익잉여금(결손금) -7,665,903,718 -7,984,575,426
KMH하이텍 052900 기타포괄손익누계액 8,773,475,529 8,746,877,109
KMH하이텍 052900 자본총계 64,513,473,888 64,168,203,760
KMH하이텍 052900 자본과부채총계 74,237,820,435 75,325,920,672
