date : 2015-12-31
예스24 053280 유동자산 101,876,396,975 78,691,712,681
예스24 053280 현금및현금성자산 16,675,076,009 10,682,461,177
예스24 053280 매출채권 및 기타유동채권
예스24 053280 재고자산 28,673,519,298 24,909,883,141
예스24 053280 기타유동금융자산 0 0
예스24 053280 기타유동자산 12,651,263,811 8,677,191,193
예스24 053280 매각예정비유동자산 0 0
예스24 053280 비유동자산 66,347,154,635 88,393,907,705
예스24 053280 장기금융상품 0 0
예스24 053280 기타포괄손익-공정가치 0 0
예스24 053280 당기손익인식공정가치측정금융자산 0 0
예스24 053280 종속회사투자 0 0
예스24 053280 관계회사투자 0 0
예스24 053280 렌탈자산 0 0
예스24 053280 유형자산 39,105,077,248 39,586,407,147
예스24 053280 무형자산 3,151,057,968 2,773,092,918
예스24 053280 기타비유동금융자산 0 0
예스24 053280 기타비유동자산 0 0
예스24 053280 사용권자산 0 0
예스24 053280 이연법인세자산 8,420,616,268 6,376,953,380
예스24 053280 자산총계 168,223,551,610 167,085,620,386
예스24 053280 유동부채 80,559,282,707 77,169,507,843
예스24 053280 단기매입채무 0 0
예스24 053280 단기차입금 0 7,500,000,000
예스24 053280 유동성장기차입금 0 750,000,000
예스24 053280 유동성사채 0 0
예스24 053280 기타유동금융부채 0 0
예스24 053280 기타유동부채 10,487,933,790 7,533,621,901
예스24 053280 당기법인세부채 2,761,828,666 1,924,575,344
예스24 053280 유동리스부채 0 0
예스24 053280 비유동부채 6,507,819,892 21,340,404,308
예스24 053280 사채 0 0
예스24 053280 장기차입금 0 15,000,000,000
예스24 053280 기타비유동금융부채 10,000,000 10,000,000
예스24 053280 이연법인세부채 0 0
예스24 053280 비유동리스부채 0 0
예스24 053280 부채총계 87,067,102,599 98,509,912,151
예스24 053280 자본금 8,600,000,000 8,600,000,000
예스24 053280 자본잉여금 0 0
예스24 053280 자본조정 0 0
예스24 053280 기타포괄손익누계액 0 0
예스24 053280 이익잉여금(결손금) 43,045,885,726 29,979,308,895
예스24 053280 자본총계 81,156,449,011 68,575,708,235
예스24 053280 자본과부채총계 168,223,551,610 167,085,620,386
date : 2016-03-31
예스24 053280 유동자산 101,904,846,752 101,876,396,975
예스24 053280 현금및현금성자산 15,155,544,188 16,675,076,009
예스24 053280 매출채권 0 0
예스24 053280 재고자산 30,111,562,739 28,673,519,298
예스24 053280 기타유동금융자산 0 0
예스24 053280 기타유동자산 0 0
예스24 053280 매각예정비유동자산 0 0
예스24 053280 비유동자산 69,547,244,556 66,347,154,635
예스24 053280 장기금융상품 0 0
예스24 053280 기타포괄손익-공정가치 0 0
예스24 053280 당기손익인식공정가치측정금융자산 0 0
예스24 053280 종속회사투자 0 0
예스24 053280 관계회사투자 0 0
예스24 053280 렌탈자산 0 0
예스24 053280 유형자산 39,143,723,912 39,105,077,248
예스24 053280 무형자산 4,146,933,794 3,151,057,968
예스24 053280 기타비유동금융자산 0 0
예스24 053280 기타비유동자산 0 0
예스24 053280 사용권자산 0 0
예스24 053280 이연법인세자산 8,432,933,699 8,420,616,268
예스24 053280 자산총계 171,452,091,308 168,223,551,610
예스24 053280 유동부채 83,399,137,491 80,559,282,707
예스24 053280 단기매입채무 0 0
예스24 053280 단기차입금 0 0
예스24 053280 유동성장기차입금 0 0
예스24 053280 유동성사채 0 0
예스24 053280 기타유동금융부채 3,031,699,414 1,062,054,973
예스24 053280 기타유동부채 0 0
예스24 053280 당기법인세부채 2,240,755,756 2,761,828,666
예스24 053280 유동리스부채 0 0
예스24 053280 비유동부채 6,698,654,430 6,507,819,892
예스24 053280 사채 0 0
예스24 053280 장기차입금 0 0
예스24 053280 기타비유동금융부채 10,000,000 10,000,000
예스24 053280 이연법인세부채 0 0
예스24 053280 비유동리스부채 0 0
예스24 053280 부채총계 90,097,791,921 87,067,102,599
예스24 053280 자본금 8,600,000,000 8,600,000,000
예스24 053280 자본잉여금 0 0
예스24 053280 자본조정 0 0
예스24 053280 기타포괄손익누계액 0 0
예스24 053280 이익잉여금(결손금) 43,287,406,997 43,045,885,726
예스24 053280 자본총계 81,354,299,387 81,156,449,011
예스24 053280 자본과부채총계 171,452,091,308 168,223,551,610
date : 2016-06-30
예스24 053280 유동자산 94,078,844,193 101,876,396,975
예스24 053280 현금및현금성자산 4,739,613,825 16,675,076,009
예스24 053280 매출채권 및 기타유동채권
예스24 053280 재고자산 31,277,298,972 28,673,519,298
예스24 053280 기타유동금융자산 0 0
예스24 053280 기타유동자산 0 0
예스24 053280 매각예정비유동자산 0 0
예스24 053280 비유동자산 73,277,510,941 66,347,154,635
예스24 053280 장기금융상품 0 0
예스24 053280 기타포괄손익-공정가치 0 0
예스24 053280 당기손익인식공정가치측정금융자산 0 0
예스24 053280 종속회사투자 0 0
예스24 053280 관계회사투자 0 0
예스24 053280 렌탈자산 0 0
예스24 053280 유형자산 39,711,594,174 39,105,077,248
예스24 053280 무형자산 3,992,318,026 3,151,057,968
예스24 053280 기타비유동금융자산 0 0
예스24 053280 기타비유동자산 0 0
예스24 053280 사용권자산 0 0
예스24 053280 이연법인세자산 8,772,321,814 8,420,616,268
예스24 053280 자산총계 167,356,355,134 168,223,551,610
예스24 053280 유동부채 79,320,650,442 80,559,282,707
예스24 053280 단기매입채무 0 0
예스24 053280 단기차입금 0 0
예스24 053280 유동성장기차입금 0 0
예스24 053280 유동성사채 0 0
예스24 053280 기타유동금융부채 818,383,969 1,062,054,973
예스24 053280 기타유동부채 0 0
예스24 053280 당기법인세부채 924,696,603 2,761,828,666
예스24 053280 유동리스부채 0 0
예스24 053280 비유동부채 6,747,256,208 6,507,819,892
예스24 053280 사채 0 0
예스24 053280 장기차입금 0 0
예스24 053280 기타비유동금융부채 10,000,000 10,000,000
예스24 053280 이연법인세부채 0 0
예스24 053280 비유동리스부채 0 0
예스24 053280 부채총계 86,067,906,650 87,067,102,599
예스24 053280 자본금 8,600,000,000 8,600,000,000
예스24 053280 자본잉여금 0 0
예스24 053280 자본조정 0 0
예스24 053280 기타포괄손익누계액 0 0
예스24 053280 이익잉여금(결손금) 43,111,172,940 43,045,885,726
예스24 053280 자본총계 81,288,448,484 81,156,449,011
예스24 053280 자본과부채총계 167,356,355,134 168,223,551,610
date : 2016-09-30
예스24 053280 유동자산 89,095,079,492 101,876,396,975
예스24 053280 현금및현금성자산 16,385,304,922 16,675,076,009
예스24 053280 매출채권 0 0
예스24 053280 재고자산 26,157,365,096 28,673,519,298
예스24 053280 기타유동금융자산 0 0
예스24 053280 기타유동자산 0 0
예스24 053280 매각예정비유동자산 0 0
예스24 053280 비유동자산 73,077,409,874 66,347,154,635
예스24 053280 장기금융상품 0 0
예스24 053280 기타포괄손익-공정가치 0 0
예스24 053280 당기손익인식공정가치측정금융자산 0 0
예스24 053280 종속회사투자 0 0
예스24 053280 관계회사투자 0 0
예스24 053280 렌탈자산 0 0
예스24 053280 유형자산 40,749,412,066 39,105,077,248
예스24 053280 무형자산 3,774,497,542 3,151,057,968
예스24 053280 기타비유동금융자산 0 0
예스24 053280 기타비유동자산 0 0
예스24 053280 사용권자산 0 0
예스24 053280 이연법인세자산 8,621,244,813 8,420,616,268
예스24 053280 자산총계 162,172,489,366 168,223,551,610
예스24 053280 유동부채 72,060,900,152 80,559,282,707
예스24 053280 단기매입채무 0 0
예스24 053280 단기차입금 0 0
예스24 053280 유동성장기차입금 0 0
예스24 053280 유동성사채 0 0
예스24 053280 기타유동금융부채 669,399,205 1,062,054,973
예스24 053280 기타유동부채 0 0
예스24 053280 당기법인세부채 434,899,160 2,761,828,666
예스24 053280 유동리스부채 0 0
예스24 053280 비유동부채 6,807,836,230 6,507,819,892
예스24 053280 사채 0 0
예스24 053280 장기차입금 0 0
예스24 053280 기타비유동금융부채 10,000,000 10,000,000
예스24 053280 이연법인세부채 0 0
예스24 053280 비유동리스부채 0 0
예스24 053280 부채총계 78,868,736,382 87,067,102,599
예스24 053280 자본금 8,600,000,000 8,600,000,000
예스24 053280 자본잉여금 0 0
예스24 053280 자본조정 0 0
예스24 053280 기타포괄손익누계액 0 0
예스24 053280 이익잉여금(결손금) 44,590,840,800 43,045,885,726
예스24 053280 자본총계 83,303,752,984 81,156,449,011
예스24 053280 자본과부채총계 162,172,489,366 168,223,551,610
date : 2016-12-31
예스24 053280 유동자산 109,026,804,902 101,876,396,975
예스24 053280 현금및현금성자산 36,852,312,596 16,675,076,009
예스24 053280 매출채권 및 기타유동채권
예스24 053280 재고자산 28,259,916,542 28,673,519,298
예스24 053280 기타유동금융자산 0 0
예스24 053280 기타유동자산 10,105,650,118 12,651,263,811
예스24 053280 매각예정비유동자산 0 0
예스24 053280 비유동자산 74,799,105,329 66,347,154,635
예스24 053280 장기금융상품 0 0
예스24 053280 기타포괄손익-공정가치 0 0
예스24 053280 당기손익인식공정가치측정금융자산 0 0
예스24 053280 종속회사투자 0 0
예스24 053280 관계회사투자 0 0
예스24 053280 렌탈자산 0 0
예스24 053280 유형자산 40,672,096,532 39,105,077,248
예스24 053280 무형자산 3,542,358,085 3,151,057,968
예스24 053280 기타비유동금융자산 0 0
예스24 053280 기타비유동자산 0 0
예스24 053280 사용권자산 0 0
예스24 053280 이연법인세자산 8,801,936,518 8,420,616,268
예스24 053280 자산총계 183,825,910,231 168,223,551,610
예스24 053280 유동부채 97,883,256,639 80,559,282,707
예스24 053280 단기매입채무 0 0
예스24 053280 단기차입금 10,000,000,000 0
예스24 053280 유동성장기차입금 0 0
예스24 053280 유동성사채 0 0
예스24 053280 기타유동금융부채 185,762,020 1,062,054,973
예스24 053280 기타유동부채 12,656,177,819 10,487,933,790
예스24 053280 당기법인세부채 899,493,559 2,761,828,666
예스24 053280 유동리스부채 0 0
예스24 053280 비유동부채 7,589,763,161 6,507,819,892
예스24 053280 사채 0 0
예스24 053280 장기차입금 0 0
예스24 053280 기타비유동금융부채 0 0
예스24 053280 이연법인세부채 0 0
예스24 053280 비유동리스부채 0 0
예스24 053280 부채총계 105,473,019,800 87,067,102,599
예스24 053280 자본금 8,600,000,000 8,600,000,000
예스24 053280 자본잉여금 0 0
예스24 053280 자본조정 0 0
예스24 053280 기타포괄손익누계액 0 0
예스24 053280 이익잉여금(결손금) 40,873,640,248 43,045,885,726
예스24 053280 자본총계 78,352,890,431 81,156,449,011
예스24 053280 자본과부채총계 183,825,910,231 168,223,551,610
date : 2017-03-31
예스24 053280 유동자산 113,837,105,284 109,026,804,902
예스24 053280 현금및현금성자산 10,448,467,937 36,852,312,596
예스24 053280 매출채권 0 0
예스24 053280 재고자산 27,364,070,139 28,259,916,542
예스24 053280 기타유동금융자산 0 0
예스24 053280 기타유동자산 0 0
예스24 053280 매각예정비유동자산 0 0
예스24 053280 비유동자산 75,806,637,286 74,799,105,329
예스24 053280 장기금융상품 0 0
예스24 053280 기타포괄손익-공정가치 0 0
예스24 053280 당기손익인식공정가치측정금융자산 0 0
예스24 053280 종속회사투자 0 0
예스24 053280 관계회사투자 0 0
예스24 053280 렌탈자산 0 0
예스24 053280 유형자산 40,844,768,638 40,672,096,532
예스24 053280 무형자산 3,533,011,394 3,542,358,085
예스24 053280 기타비유동금융자산 0 0
예스24 053280 기타비유동자산 0 0
예스24 053280 사용권자산 0 0
예스24 053280 이연법인세자산 8,746,143,060 8,801,936,518
예스24 053280 자산총계 189,643,742,570 183,825,910,231
예스24 053280 유동부채 102,614,215,305 97,883,256,639
예스24 053280 단기매입채무 0 0
예스24 053280 단기차입금 15,000,000,000 10,000,000,000
예스24 053280 유동성장기차입금 0 0
예스24 053280 유동성사채 0 0
예스24 053280 기타유동금융부채 2,206,012,128 185,762,020
예스24 053280 기타유동부채 0 0
예스24 053280 당기법인세부채 1,249,799,168 899,493,559
예스24 053280 유동리스부채 0 0
예스24 053280 비유동부채 7,893,585,249 7,589,763,161
예스24 053280 사채 0 0
예스24 053280 장기차입금 0 0
예스24 053280 기타비유동금융부채 30,000,000 20,000,000
예스24 053280 이연법인세부채 0 0
예스24 053280 비유동리스부채 0 0
예스24 053280 부채총계 110,507,800,554 105,473,019,800
예스24 053280 자본금 8,600,000,000 8,600,000,000
예스24 053280 자본잉여금 0 0
예스24 053280 자본조정 0 0
예스24 053280 기타포괄손익누계액 0 0
예스24 053280 이익잉여금(결손금) 41,458,878,660 40,873,640,248
예스24 053280 자본총계 79,135,942,016 78,352,890,431
예스24 053280 자본과부채총계 189,643,742,570 183,825,910,231
date : 2017-06-30
예스24 053280 유동자산 107,695,852,320 109,026,804,902
예스24 053280 현금및현금성자산 1,544,293,664 36,852,312,596
예스24 053280 매출채권 0 0
예스24 053280 재고자산 26,556,328,504 28,259,916,542
예스24 053280 기타유동금융자산 0 0
예스24 053280 기타유동자산 17,031,176,234 10,105,650,118
예스24 053280 매각예정비유동자산 0 0
예스24 053280 비유동자산 76,093,722,828 74,799,105,329
예스24 053280 장기금융상품 0 0
예스24 053280 기타포괄손익-공정가치 0 0
예스24 053280 당기손익인식공정가치측정금융자산 0 0
예스24 053280 종속회사투자 0 0
예스24 053280 관계회사투자 0 0
예스24 053280 렌탈자산 0 0
예스24 053280 유형자산 41,691,413,163 40,672,096,532
예스24 053280 무형자산 3,589,601,627 3,542,358,085
예스24 053280 기타비유동금융자산 0 0
예스24 053280 기타비유동자산 0 0
예스24 053280 사용권자산 0 0
예스24 053280 이연법인세자산 8,274,483,844 8,801,936,518
예스24 053280 자산총계 183,789,575,148 183,825,910,231
예스24 053280 유동부채 94,910,519,216 97,883,256,639
예스24 053280 단기매입채무 0 0
예스24 053280 단기차입금 15,600,000,000 10,000,000,000
예스24 053280 유동성장기차입금 0 0
예스24 053280 유동성사채 0 0
예스24 053280 기타유동금융부채 0 0
예스24 053280 기타유동부채 14,623,937,761 12,656,177,819
예스24 053280 당기법인세부채 447,440,407 899,493,559
예스24 053280 유동리스부채 0 0
예스24 053280 비유동부채 8,088,941,348 7,589,763,161
예스24 053280 사채 0 0
예스24 053280 장기차입금 0 0
예스24 053280 기타비유동금융부채 30,000,000 20,000,000
예스24 053280 이연법인세부채 0 0
예스24 053280 비유동리스부채 0 0
예스24 053280 부채총계 102,999,460,564 105,473,019,800
예스24 053280 자본금 8,600,000,000 8,600,000,000
예스24 053280 자본잉여금 0 0
예스24 053280 자본조정 0 0
예스24 053280 기타포괄손익누계액 0 0
예스24 053280 이익잉여금(결손금) 41,543,219,790 40,873,640,248
예스24 053280 자본총계 80,790,114,584 78,352,890,431
예스24 053280 자본과부채총계 0 0
date : 2017-09-30
예스24 053280 유동자산 99,214,709,511 109,026,804,902
예스24 053280 현금및현금성자산 2,809,293,037 36,852,312,596
예스24 053280 매출채권 0 0
예스24 053280 재고자산 27,628,867,189 28,259,916,542
예스24 053280 기타유동금융자산 0 0
예스24 053280 기타유동자산 12,661,790,573 10,105,650,118
예스24 053280 매각예정비유동자산 0 0
예스24 053280 비유동자산 87,142,198,451 74,799,105,329
예스24 053280 장기금융상품 0 0
예스24 053280 기타포괄손익-공정가치 0 0
예스24 053280 당기손익인식공정가치측정금융자산 0 0
예스24 053280 종속회사투자 0 0
예스24 053280 관계회사투자 0 0
예스24 053280 렌탈자산 0 0
예스24 053280 유형자산 42,788,038,340 40,672,096,532
예스24 053280 무형자산 3,376,771,039 3,542,358,085
예스24 053280 기타비유동금융자산 0 0
예스24 053280 기타비유동자산 0 0
예스24 053280 사용권자산 0 0
예스24 053280 이연법인세자산 8,439,164,878 8,801,936,518
예스24 053280 자산총계 186,356,907,962 183,825,910,231
예스24 053280 유동부채 96,935,277,476 97,883,256,639
예스24 053280 단기매입채무 0 0
예스24 053280 단기차입금 15,000,000,000 10,000,000,000
예스24 053280 유동성장기차입금 0 0
예스24 053280 유동성사채 0 0
예스24 053280 기타유동금융부채 0 0
예스24 053280 기타유동부채 14,465,098,763 12,656,177,819
예스24 053280 당기법인세부채 223,432,190 899,493,559
예스24 053280 유동리스부채 0 0
예스24 053280 비유동부채 8,258,225,730 7,589,763,161
예스24 053280 사채 0 0
예스24 053280 장기차입금 0 0
예스24 053280 기타비유동금융부채 30,000,000 20,000,000
예스24 053280 이연법인세부채 0 0
예스24 053280 비유동리스부채 0 0
예스24 053280 부채총계 105,193,503,206 105,473,019,800
예스24 053280 자본금 8,600,000,000 8,600,000,000
예스24 053280 자본잉여금 0 0
예스24 053280 자본조정 0 0
예스24 053280 기타포괄손익누계액 0 0
예스24 053280 이익잉여금(결손금) 0 0
예스24 053280 자본총계 81,163,404,756 78,352,890,431
예스24 053280 자본과부채총계 186,356,907,962 183,825,910,231
date : 2017-12-31
예스24 053280 유동자산 112,973,546,679 109,026,804,902
예스24 053280 현금및현금성자산 6,063,748,213 36,852,312,596
예스24 053280 매출채권 0 0
예스24 053280 재고자산 31,137,093,389 28,259,916,542
예스24 053280 기타유동금융자산 0 0
예스24 053280 기타유동자산 11,632,680,094 10,105,650,118
예스24 053280 매각예정비유동자산 0 0
예스24 053280 비유동자산 85,843,723,163 74,799,105,329
예스24 053280 장기금융상품 0 0
예스24 053280 기타포괄손익-공정가치 0 0
예스24 053280 당기손익인식공정가치측정금융자산 0 0
예스24 053280 종속회사투자 0 0
예스24 053280 관계회사투자 0 0
예스24 053280 렌탈자산 0 0
예스24 053280 유형자산 42,776,195,811 40,672,096,532
예스24 053280 무형자산 3,241,081,458 3,542,358,085
예스24 053280 기타비유동금융자산 0 0
예스24 053280 기타비유동자산 0 0
예스24 053280 사용권자산 0 0
예스24 053280 이연법인세자산 8,838,025,097 8,801,936,518
예스24 053280 자산총계 198,817,269,842 183,825,910,231
예스24 053280 유동부채 112,502,231,410 97,883,256,639
예스24 053280 단기매입채무 0 0
예스24 053280 단기차입금 15,000,000,000 10,000,000,000
예스24 053280 유동성장기차입금 0 0
예스24 053280 유동성사채 0 0
예스24 053280 기타유동금융부채 0 0
예스24 053280 기타유동부채 15,355,568,598 12,656,177,819
예스24 053280 당기법인세부채 262,627,769 899,493,559
예스24 053280 유동리스부채 0 0
예스24 053280 비유동부채 7,817,531,486 7,589,763,161
예스24 053280 사채 0 0
예스24 053280 장기차입금 0 0
예스24 053280 기타비유동금융부채 30,000,000 20,000,000
예스24 053280 이연법인세부채 0 0
예스24 053280 비유동리스부채 0 0
예스24 053280 부채총계 120,319,762,896 105,473,019,800
예스24 053280 자본금 8,600,000,000 8,600,000,000
예스24 053280 자본잉여금 0 0
예스24 053280 자본조정 0 0
예스24 053280 기타포괄손익누계액 0 0
예스24 053280 이익잉여금(결손금) 0 0
예스24 053280 자본총계 78,497,506,946 78,352,890,431
예스24 053280 자본과부채총계 198,817,269,842 183,825,910,231
date : 2018-03-31
예스24 053280 유동자산 111,457,225,596 112,973,546,679
예스24 053280 현금및현금성자산 10,809,576,914 6,063,748,213
예스24 053280 매출채권 0 0
예스24 053280 재고자산 29,925,483,117 31,137,093,389
예스24 053280 기타유동금융자산 0 0
예스24 053280 기타유동자산 14,980,595,580 11,632,680,094
예스24 053280 매각예정비유동자산 0 0
예스24 053280 비유동자산 86,765,902,991 85,843,723,163
예스24 053280 장기금융상품 0 0
예스24 053280 기타포괄손익-공정가치 0 0
예스24 053280 당기손익인식공정가치측정금융자산 0 0
예스24 053280 종속회사투자 0 0
예스24 053280 관계회사투자 0 0
예스24 053280 렌탈자산 0 0
예스24 053280 유형자산 42,564,500,768 42,776,195,811
예스24 053280 무형자산 3,283,981,369 3,241,081,458
예스24 053280 기타비유동금융자산 0 0
예스24 053280 기타비유동자산 0 0
예스24 053280 사용권자산 0 0
예스24 053280 이연법인세자산 8,838,025,097 8,838,025,097
예스24 053280 자산총계 198,223,128,587 198,817,269,842
예스24 053280 유동부채 111,424,416,683 112,502,231,410
예스24 053280 단기매입채무 0 0
예스24 053280 단기차입금 15,000,000,000 15,000,000,000
예스24 053280 유동성장기차입금 0 0
예스24 053280 유동성사채 0 0
예스24 053280 기타유동금융부채 0 0
예스24 053280 기타유동부채 16,745,510,185 15,355,568,598
예스24 053280 당기법인세부채 210,701,020 262,627,769
예스24 053280 유동리스부채 0 0
예스24 053280 비유동부채 7,927,924,168 7,817,531,486
예스24 053280 사채 0 0
예스24 053280 장기차입금 0 0
예스24 053280 기타비유동금융부채 30,000,000 30,000,000
예스24 053280 이연법인세부채 0 0
예스24 053280 비유동리스부채 0 0
예스24 053280 부채총계 119,352,340,851 120,319,762,896
예스24 053280 자본금 8,600,000,000 8,600,000,000
예스24 053280 자본잉여금 0 0
예스24 053280 자본조정 0 0
예스24 053280 기타포괄손익누계액 0 0
예스24 053280 이익잉여금(결손금) 0 0
예스24 053280 자본총계 78,870,787,736 78,497,506,946
예스24 053280 자본과부채총계 198,223,128,587 198,817,269,842
date : 2018-06-30
예스24 053280 유동자산 90,730,239,558 112,973,546,679
예스24 053280 현금및현금성자산 1,633,984,282 6,063,748,213
예스24 053280 매출채권 0 0
예스24 053280 재고자산 29,348,355,516 31,137,093,389
예스24 053280 기타유동금융자산 0 0
예스24 053280 기타유동자산 4,595,094,205 3,483,307,542
예스24 053280 매각예정비유동자산 0 0
예스24 053280 비유동자산 97,226,894,796 85,843,723,163
예스24 053280 장기금융상품 0 0
예스24 053280 기타포괄손익-공정가치 0 0
예스24 053280 당기손익인식공정가치측정금융자산 0 0
예스24 053280 종속회사투자 0 0
예스24 053280 관계회사투자 0 0
예스24 053280 렌탈자산 0 0
예스24 053280 유형자산 42,345,945,924 42,776,195,811
예스24 053280 무형자산 3,222,489,035 3,241,081,458
예스24 053280 기타비유동금융자산 0 0
예스24 053280 기타비유동자산 0 0
예스24 053280 사용권자산 0 0
예스24 053280 이연법인세자산 9,448,287,477 8,838,025,097
예스24 053280 자산총계 187,957,134,354 198,817,269,842
예스24 053280 유동부채 107,228,288,276 112,502,231,410
예스24 053280 단기매입채무 0 0
예스24 053280 단기차입금 18,000,000,000 15,000,000,000
예스24 053280 유동성장기차입금 0 0
예스24 053280 유동성사채 0 0
예스24 053280 기타유동금융부채 0 0
예스24 053280 기타유동부채 1,309,179,616 15,355,568,598
예스24 053280 당기법인세부채 272,335,743 262,627,769
예스24 053280 유동리스부채 0 0
예스24 053280 비유동부채 7,864,607,250 7,817,531,486
예스24 053280 사채 0 0
예스24 053280 장기차입금 0 0
예스24 053280 기타비유동금융부채 30,000,000 30,000,000
예스24 053280 이연법인세부채 0 0
예스24 053280 비유동리스부채 0 0
예스24 053280 부채총계 115,092,895,526 120,319,762,896
예스24 053280 자본금 8,600,000,000 8,600,000,000
예스24 053280 자본잉여금 0 0
예스24 053280 자본조정 0 0
예스24 053280 기타포괄손익누계액 0 0
예스24 053280 이익잉여금(결손금) 0 0
예스24 053280 자본총계 72,864,238,828 78,497,506,946
예스24 053280 자본과부채총계 187,957,134,354 198,817,269,842
date : 2018-09-30
예스24 053280 유동자산 94,076,668,775 112,973,546,679
예스24 053280 현금및현금성자산 2,036,116,940 6,063,748,213
예스24 053280 매출채권 0 0
예스24 053280 재고자산 28,240,130,311 31,137,093,389
예스24 053280 기타유동금융자산 0 0
예스24 053280 기타유동자산 4,432,613,837 3,483,307,542
예스24 053280 매각예정비유동자산 0 0
예스24 053280 비유동자산 96,731,713,371 85,843,723,163
예스24 053280 장기금융상품 0 0
예스24 053280 기타포괄손익-공정가치 0 0
예스24 053280 당기손익인식공정가치측정금융자산 0 0
예스24 053280 종속회사투자 0 0
예스24 053280 관계회사투자 0 0
예스24 053280 렌탈자산 0 0
예스24 053280 유형자산 41,975,018,363 42,776,195,811
예스24 053280 무형자산 3,198,235,171 3,241,081,458
예스24 053280 기타비유동금융자산 0 0
예스24 053280 기타비유동자산 0 0
예스24 053280 사용권자산 0 0
예스24 053280 이연법인세자산 9,448,287,477 8,838,025,097
예스24 053280 자산총계 190,808,382,146 198,817,269,842
예스24 053280 유동부채 107,477,805,851 112,502,231,410
예스24 053280 단기매입채무 0 0
예스24 053280 단기차입금 15,000,000,000 15,000,000,000
예스24 053280 유동성장기차입금 0 0
예스24 053280 유동성사채 0 0
예스24 053280 기타유동금융부채 0 0
예스24 053280 기타유동부채 490,315,545 15,355,568,598
예스24 053280 당기법인세부채 3 262,627,769
예스24 053280 유동리스부채 0 0
예스24 053280 비유동부채 8,002,966,432 7,817,531,486
예스24 053280 사채 0 0
예스24 053280 장기차입금 0 0
예스24 053280 기타비유동금융부채 30,000,000 30,000,000
예스24 053280 이연법인세부채 0 0
예스24 053280 비유동리스부채 0 0
예스24 053280 부채총계 115,480,772,283 120,319,762,896
예스24 053280 자본금 8,600,000,000 8,600,000,000
예스24 053280 자본잉여금 0 0
예스24 053280 자본조정 0 0
예스24 053280 기타포괄손익누계액 0 0
예스24 053280 이익잉여금(결손금) 0 0
예스24 053280 자본총계 75,327,609,863 78,497,506,946
예스24 053280 자본과부채총계 190,808,382,146 198,817,269,842
date : 2018-12-31
예스24 053280 유동자산 100,605,241,975 112,973,546,679
예스24 053280 현금및현금성자산 7,581,063,406 6,063,748,213
예스24 053280 매출채권 0 0
예스24 053280 재고자산 31,240,879,716 31,137,093,389
예스24 053280 기타유동금융자산 0 0
예스24 053280 기타유동자산 2,982,257,555 3,483,307,542
예스24 053280 매각예정비유동자산 0 0
예스24 053280 비유동자산 98,467,692,953 85,843,723,163
예스24 053280 장기금융상품 0 0
예스24 053280 기타포괄손익-공정가치 0 0
예스24 053280 당기손익인식공정가치측정금융자산 0 0
예스24 053280 종속회사투자 0 0
예스24 053280 관계회사투자 0 0
예스24 053280 렌탈자산 0 0
예스24 053280 유형자산 42,579,310,444 42,776,195,811
예스24 053280 무형자산 2,871,851,896 3,241,081,458
예스24 053280 기타비유동금융자산 0 0
예스24 053280 기타비유동자산 0 0
예스24 053280 사용권자산 0 0
예스24 053280 이연법인세자산 12,363,994,306 8,838,025,097
예스24 053280 자산총계 199,072,934,928 198,817,269,842
예스24 053280 유동부채 123,659,331,897 112,502,231,410
예스24 053280 단기매입채무 0 0
예스24 053280 단기차입금 15,000,000,000 15,000,000,000
예스24 053280 유동성장기차입금 0 0
예스24 053280 유동성사채 0 0
예스24 053280 기타유동금융부채 0 0
예스24 053280 기타유동부채 546,013,132 15,355,568,598
예스24 053280 당기법인세부채 847,171,619 262,627,769
예스24 053280 유동리스부채 0 0
예스24 053280 비유동부채 8,488,897,667 7,817,531,486
예스24 053280 사채 0 0
예스24 053280 장기차입금 0 0
예스24 053280 기타비유동금융부채 30,000,000 30,000,000
예스24 053280 이연법인세부채 0 0
예스24 053280 비유동리스부채 0 0
예스24 053280 부채총계 132,148,229,564 120,319,762,896
예스24 053280 자본금 8,600,000,000 8,600,000,000
예스24 053280 자본잉여금 0 0
예스24 053280 자본조정 0 0
예스24 053280 기타포괄손익누계액 0 0
예스24 053280 이익잉여금(결손금) 0 0
예스24 053280 자본총계 66,924,705,364 78,497,506,946
예스24 053280 자본과부채총계 199,072,934,928 198,817,269,842
date : 2019-03-31
예스24 053280 유동자산 111,758,618,437 100,605,241,975
예스24 053280 현금및현금성자산 12,593,355,240 7,581,063,406
예스24 053280 매출채권 0 0
예스24 053280 재고자산 30,906,973,440 31,240,879,716
예스24 053280 기타유동금융자산 0 0
예스24 053280 기타유동자산 7,605,629,432 2,982,257,555
예스24 053280 매각예정비유동자산 0 0
예스24 053280 비유동자산 103,481,740,109 98,467,692,953
예스24 053280 장기금융상품 0 0
예스24 053280 기타포괄손익-공정가치 0 0
예스24 053280 당기손익인식공정가치측정금융자산 0 0
예스24 053280 종속회사투자 0 0
예스24 053280 관계회사투자 0 0
예스24 053280 렌탈자산 0 0
예스24 053280 유형자산 42,326,410,918 42,579,310,444
예스24 053280 무형자산 2,715,219,719 2,871,851,896
예스24 053280 기타비유동금융자산 0 0
예스24 053280 기타비유동자산 0 0
예스24 053280 사용권자산 5,868,441,187 2,871,851,896
예스24 053280 이연법인세자산 12,363,994,306 12,363,994,306
예스24 053280 자산총계 215,240,358,546 199,072,934,928
예스24 053280 유동부채 131,993,633,384 123,659,331,897
예스24 053280 단기매입채무 0 0
예스24 053280 단기차입금 15,000,000,000 15,000,000,000
예스24 053280 유동성장기차입금 0 0
예스24 053280 유동성사채 0 0
예스24 053280 기타유동금융부채 0 0
예스24 053280 기타유동부채 617,720,442 546,013,132
예스24 053280 당기법인세부채 1,886,321,959 847,171,619
예스24 053280 유동리스부채 1,674,621,885 546,013,132
예스24 053280 비유동부채 12,960,403,253 8,488,897,667
예스24 053280 사채 0 0
예스24 053280 장기차입금 0 0
예스24 053280 기타비유동금융부채 24,000,000 30,000,000
예스24 053280 이연법인세부채 0 0
예스24 053280 비유동리스부채 4,229,686,907 30,000,000
예스24 053280 부채총계 144,954,036,637 132,148,229,564
예스24 053280 자본금 8,600,000,000 8,600,000,000
예스24 053280 자본잉여금 0 0
예스24 053280 자본조정 0 0
예스24 053280 기타포괄손익누계액 0 8,600,000,000
예스24 053280 이익잉여금(결손금) 0 0
예스24 053280 자본총계 70,286,321,909 66,924,705,364
예스24 053280 자본과부채총계 215,240,358,546 199,072,934,928
