date : 2019-03-31
피앤텔 054340 유동자산 13,043,636,680 13,824,833,056
피앤텔 054340 현금및현금성자산 34,124,598 36,753,819
피앤텔 054340 매출채권 및 기타유동채권
피앤텔 054340 재고자산 30,461,014 30,461,014
피앤텔 054340 기타유동자산 141,319,483 16,811,423
피앤텔 054340 비유동자산 19,319,864,918 21,416,499,918
피앤텔 054340 장기금융상품 2,000,000 2,000,000
피앤텔 054340 유형자산 7,691,783,918 7,689,218,918
피앤텔 054340 무형자산 27,000,000 27,000,000
피앤텔 054340 기타비유동금융자산 1,000,000,000 3,000,000,000
피앤텔 054340 자산총계 32,363,501,598 35,241,332,974
피앤텔 054340 유동부채 20,071,781,055 23,814,330,877
피앤텔 054340 단기차입금 1,318,837,803 1,113,837,803
피앤텔 054340 기타유동부채 167,339,244 142,762,234
피앤텔 054340 비유동부채 284,810,646 327,536,547
피앤텔 054340 기타비유동금융부채 64,410,982 64,410,982
피앤텔 054340 부채총계 20,356,591,701 24,141,867,424
피앤텔 054340 자본금 1,539,329,600 15,393,295,500
피앤텔 054340 자본잉여금 33,877,339,208 33,877,339,208
피앤텔 054340 이익잉여금(결손금) -20,134,228,971 -34,895,639,218
피앤텔 054340 자본총계 12,006,909,897 11,099,465,550
피앤텔 054340 자본과부채총계 32,363,501,598 35,241,332,974
