date : 2015-12-31
제이브이엠 054950 유동자산 58,635,079,369 73,864,482,896
제이브이엠 054950 현금및현금성자산 1,090,356,660 4,741,487,071
제이브이엠 054950 매출채권 및 기타채권
제이브이엠 054950 재고자산 8,170,589,010 6,865,642,088
제이브이엠 054950 기타유동금융자산 0 0
제이브이엠 054950 기타유동자산 0 0
제이브이엠 054950 매각예정비유동자산 0 0
제이브이엠 054950 비유동자산 98,443,387,229 87,353,705,948
제이브이엠 054950 장기금융상품 3,228,831,930 2,764,122,990
제이브이엠 054950 기타포괄손익-공정가치 0 0
제이브이엠 054950 당기손익인식공정가치측정금융자산 0 0
제이브이엠 054950 종속회사투자 0 0
제이브이엠 054950 관계회사투자 0 0
제이브이엠 054950 렌탈자산 0 0
제이브이엠 054950 유형자산 49,828,374,857 41,486,425,169
제이브이엠 054950 무형자산 12,826,194,857 12,076,956,767
제이브이엠 054950 기타비유동금융자산 0 0
제이브이엠 054950 기타비유동자산 0 0
제이브이엠 054950 사용권자산 0 0
제이브이엠 054950 이연법인세자산 0 0
제이브이엠 054950 자산총계 157,078,466,598 161,218,188,844
제이브이엠 054950 유동부채 45,163,976,072 58,440,495,832
제이브이엠 054950 단기매입채무 0 0
제이브이엠 054950 단기차입금 30,821,254,813 43,722,947,782
제이브이엠 054950 유동성장기차입금 0 0
제이브이엠 054950 유동성사채 0 0
제이브이엠 054950 기타유동금융부채 0 0
제이브이엠 054950 기타유동부채 1,402,305,585 2,045,183,185
제이브이엠 054950 당기법인세부채 3,264,588,354 1,611,243,258
제이브이엠 054950 유동리스부채 0 0
제이브이엠 054950 비유동부채 4,175,755,835 3,076,915,554
제이브이엠 054950 사채 0 0
제이브이엠 054950 장기차입금 0 0
제이브이엠 054950 기타비유동금융부채 0 0
제이브이엠 054950 이연법인세부채 1,122,038,878 799,732,120
제이브이엠 054950 비유동리스부채 0 0
제이브이엠 054950 부채총계 49,339,731,907 61,517,411,386
제이브이엠 054950 자본금 3,165,454,000 3,165,454,000
제이브이엠 054950 자본잉여금 48,173,270,847 48,173,270,847
제이브이엠 054950 자본조정 0 0
제이브이엠 054950 기타포괄손익누계액 7,123,455,736 317,174,690
제이브이엠 054950 이익잉여금(결손금) 59,664,271,608 52,497,997,931
제이브이엠 054950 자본총계 107,738,734,691 99,700,777,458
제이브이엠 054950 자본과부채총계 157,078,466,598 161,218,188,844
date : 2016-03-31
제이브이엠 054950 유동자산 61,270,809,712 58,635,079,369
제이브이엠 054950 현금및현금성자산 4,632,719,473 1,090,356,660
제이브이엠 054950 매출채권 및 기타채권
제이브이엠 054950 재고자산 8,534,870,332 8,170,589,010
제이브이엠 054950 기타유동금융자산 0 0
제이브이엠 054950 기타유동자산 0 0
제이브이엠 054950 매각예정비유동자산 0 0
제이브이엠 054950 비유동자산 100,966,102,731 98,443,387,229
제이브이엠 054950 장기금융상품 3,345,009,165 3,228,831,930
제이브이엠 054950 기타포괄손익-공정가치 0 0
제이브이엠 054950 당기손익인식공정가치측정금융자산 0 0
제이브이엠 054950 종속회사투자 0 0
제이브이엠 054950 관계회사투자 0 0
제이브이엠 054950 렌탈자산 0 0
제이브이엠 054950 유형자산 49,838,541,600 49,828,374,857
제이브이엠 054950 무형자산 13,276,961,535 12,826,194,857
제이브이엠 054950 기타비유동금융자산 0 0
제이브이엠 054950 기타비유동자산 0 0
제이브이엠 054950 사용권자산 0 0
제이브이엠 054950 이연법인세자산 0 0
제이브이엠 054950 자산총계 162,236,912,443 157,078,466,598
제이브이엠 054950 유동부채 48,676,484,444 45,163,976,072
제이브이엠 054950 단기매입채무 0 0
제이브이엠 054950 단기차입금 38,702,137,586 30,821,254,813
제이브이엠 054950 유동성장기차입금 0 0
제이브이엠 054950 유동성사채 0 0
제이브이엠 054950 기타유동금융부채 0 0
제이브이엠 054950 기타유동부채 1,470,977,550 1,402,305,585
제이브이엠 054950 당기법인세부채 344,217,308 3,264,588,354
제이브이엠 054950 유동리스부채 0 0
제이브이엠 054950 비유동부채 5,364,066,822 4,175,755,835
제이브이엠 054950 사채 0 0
제이브이엠 054950 장기차입금 0 0
제이브이엠 054950 기타비유동금융부채 0 0
제이브이엠 054950 이연법인세부채 2,010,324,024 1,122,038,878
제이브이엠 054950 비유동리스부채 0 0
제이브이엠 054950 부채총계 54,040,551,266 49,339,731,907
제이브이엠 054950 자본금 3,165,454,000 3,165,454,000
제이브이엠 054950 자본잉여금 48,173,270,847 48,173,270,847
제이브이엠 054950 자본조정 0 0
제이브이엠 054950 기타포괄손익누계액 7,162,069,417 7,123,455,736
제이브이엠 054950 이익잉여금(결손금) 61,038,046,063 59,664,271,608
제이브이엠 054950 자본총계 108,196,361,177 107,738,734,691
제이브이엠 054950 자본과부채총계 162,236,912,443 157,078,466,598
date : 2016-06-30
제이브이엠 054950 유동자산 59,056,175,683 58,635,079,369
제이브이엠 054950 현금및현금성자산 4,292,778,343 1,090,356,660
제이브이엠 054950 매출채권 및 기타채권
제이브이엠 054950 재고자산 8,767,639,110 8,170,589,010
제이브이엠 054950 기타유동금융자산 0 0
제이브이엠 054950 기타유동자산 0 0
제이브이엠 054950 매각예정비유동자산 0 0
제이브이엠 054950 비유동자산 103,519,355,318 98,443,387,229
제이브이엠 054950 장기금융상품 3,102,389,380 3,228,831,930
제이브이엠 054950 기타포괄손익-공정가치 0 0
제이브이엠 054950 당기손익인식공정가치측정금융자산 0 0
제이브이엠 054950 종속회사투자 0 0
제이브이엠 054950 관계회사투자 0 0
제이브이엠 054950 렌탈자산 0 0
제이브이엠 054950 유형자산 49,796,307,215 49,828,374,857
제이브이엠 054950 무형자산 13,901,941,636 12,826,194,857
제이브이엠 054950 기타비유동금융자산 0 0
제이브이엠 054950 기타비유동자산 0 0
제이브이엠 054950 사용권자산 0 0
제이브이엠 054950 이연법인세자산 0 0
제이브이엠 054950 자산총계 162,575,531,001 157,078,466,598
제이브이엠 054950 유동부채 45,609,958,769 45,163,976,072
제이브이엠 054950 단기매입채무 0 0
제이브이엠 054950 단기차입금 33,526,788,303 30,821,254,813
제이브이엠 054950 유동성장기차입금 0 0
제이브이엠 054950 유동성사채 0 0
제이브이엠 054950 기타유동금융부채 0 0
제이브이엠 054950 기타유동부채 1,595,554,596 1,402,305,585
제이브이엠 054950 당기법인세부채 771,013,841 3,264,588,354
제이브이엠 054950 유동리스부채 0 0
제이브이엠 054950 비유동부채 5,450,145,916 4,175,755,835
제이브이엠 054950 사채 0 0
제이브이엠 054950 장기차입금 0 0
제이브이엠 054950 기타비유동금융부채 0 0
제이브이엠 054950 이연법인세부채 1,995,562,139 1,122,038,878
제이브이엠 054950 비유동리스부채 0 0
제이브이엠 054950 부채총계 51,060,104,685 49,339,731,907
제이브이엠 054950 자본금 3,165,454,000 3,165,454,000
제이브이엠 054950 자본잉여금 48,173,270,847 48,173,270,847
제이브이엠 054950 자본조정 0 0
제이브이엠 054950 기타포괄손익누계액 7,298,992,058 7,123,455,736
제이브이엠 054950 이익잉여금(결손금) 65,287,771,211 59,664,271,608
제이브이엠 054950 자본총계 111,515,426,316 107,738,734,691
제이브이엠 054950 자본과부채총계 162,575,531,001 157,078,466,598
date : 2016-09-30
제이브이엠 054950 유동자산 64,261,402,645 58,635,079,369
제이브이엠 054950 현금및현금성자산 5,915,719,625 1,090,356,660
제이브이엠 054950 매출채권 및 기타채권
제이브이엠 054950 재고자산 10,604,935,920 8,170,589,010
제이브이엠 054950 기타유동금융자산 0 0
제이브이엠 054950 기타유동자산 0 0
제이브이엠 054950 매각예정비유동자산 0 0
제이브이엠 054950 비유동자산 103,062,667,592 98,443,387,229
제이브이엠 054950 장기금융상품 2,697,490,503 3,228,831,930
제이브이엠 054950 기타포괄손익-공정가치 0 0
제이브이엠 054950 당기손익인식공정가치측정금융자산 0 0
제이브이엠 054950 종속회사투자 0 0
제이브이엠 054950 관계회사투자 0 0
제이브이엠 054950 렌탈자산 0 0
제이브이엠 054950 유형자산 49,384,831,730 49,828,374,857
제이브이엠 054950 무형자산 14,289,081,556 12,826,194,857
제이브이엠 054950 기타비유동금융자산 0 0
제이브이엠 054950 기타비유동자산 0 0
제이브이엠 054950 사용권자산 0 0
제이브이엠 054950 이연법인세자산 0 0
제이브이엠 054950 자산총계 167,324,070,237 157,078,466,598
제이브이엠 054950 유동부채 48,884,440,733 45,163,976,072
제이브이엠 054950 단기매입채무 0 0
제이브이엠 054950 단기차입금 36,182,279,875 30,821,254,813
제이브이엠 054950 유동성장기차입금 0 0
제이브이엠 054950 유동성사채 0 0
제이브이엠 054950 기타유동금융부채 0 0
제이브이엠 054950 기타유동부채 1,417,681,073 1,402,305,585
제이브이엠 054950 당기법인세부채 1,025,230,683 3,264,588,354
제이브이엠 054950 유동리스부채 0 0
제이브이엠 054950 비유동부채 4,283,729,015 4,175,755,835
제이브이엠 054950 사채 0 0
제이브이엠 054950 장기차입금 0 0
제이브이엠 054950 기타비유동금융부채 0 0
제이브이엠 054950 이연법인세부채 1,955,614,588 1,122,038,878
제이브이엠 054950 비유동리스부채 0 0
제이브이엠 054950 부채총계 53,168,169,748 49,339,731,907
제이브이엠 054950 자본금 3,165,454,000 3,165,454,000
제이브이엠 054950 자본잉여금 48,173,270,847 48,173,270,847
제이브이엠 054950 자본조정 0 0
제이브이엠 054950 기타포괄손익누계액 7,349,114,136 7,123,455,736
제이브이엠 054950 이익잉여금(결손금) 67,878,123,306 59,664,271,608
제이브이엠 054950 자본총계 114,155,900,489 107,738,734,691
제이브이엠 054950 자본과부채총계 167,324,070,237 157,078,466,598
date : 2016-12-31
제이브이엠 054950 유동자산 71,257,663,616 58,635,079,369
제이브이엠 054950 현금및현금성자산 8,247,812,933 1,090,356,660
제이브이엠 054950 매출채권 및 기타채권
제이브이엠 054950 재고자산 12,808,100,344 8,170,589,010
제이브이엠 054950 기타유동금융자산 0 0
제이브이엠 054950 기타유동자산 0 0
제이브이엠 054950 매각예정비유동자산 0 0
제이브이엠 054950 비유동자산 100,809,619,199 98,443,387,229
제이브이엠 054950 장기금융상품 2,803,948,230 3,228,831,930
제이브이엠 054950 기타포괄손익-공정가치 0 0
제이브이엠 054950 당기손익인식공정가치측정금융자산 0 0
제이브이엠 054950 종속회사투자 0 0
제이브이엠 054950 관계회사투자 0 0
제이브이엠 054950 렌탈자산 0 0
제이브이엠 054950 유형자산 49,014,513,563 49,828,374,857
제이브이엠 054950 무형자산 14,685,528,516 12,826,194,857
제이브이엠 054950 기타비유동금융자산 0 0
제이브이엠 054950 기타비유동자산 0 0
제이브이엠 054950 사용권자산 0 0
제이브이엠 054950 이연법인세자산 0 0
제이브이엠 054950 자산총계 172,067,282,815 157,078,466,598
제이브이엠 054950 유동부채 51,665,746,530 45,163,976,072
제이브이엠 054950 단기매입채무 0 0
제이브이엠 054950 단기차입금 38,269,422,164 30,821,254,813
제이브이엠 054950 유동성장기차입금 0 0
제이브이엠 054950 유동성사채 0 0
제이브이엠 054950 기타유동금융부채 0 0
제이브이엠 054950 기타유동부채 1,727,419,740 1,402,305,585
제이브이엠 054950 당기법인세부채 2,494,754,071 3,264,588,354
제이브이엠 054950 유동리스부채 0 0
제이브이엠 054950 비유동부채 4,492,375,137 4,175,755,835
제이브이엠 054950 사채 0 0
제이브이엠 054950 장기차입금 0 0
제이브이엠 054950 기타비유동금융부채 0 0
제이브이엠 054950 이연법인세부채 1,061,740,551 1,122,038,878
제이브이엠 054950 비유동리스부채 0 0
제이브이엠 054950 부채총계 56,158,121,667 49,339,731,907
제이브이엠 054950 자본금 3,165,454,000 3,165,454,000
제이브이엠 054950 자본잉여금 48,173,270,847 48,173,270,847
제이브이엠 054950 자본조정 0 0
제이브이엠 054950 기타포괄손익누계액 7,045,746,150 7,123,455,736
제이브이엠 054950 이익잉여금(결손금) 70,529,388,381 59,664,271,608
제이브이엠 054950 자본총계 115,909,161,148 107,738,734,691
제이브이엠 054950 자본과부채총계 172,067,282,815 157,078,466,598
date : 2017-03-31
제이브이엠 054950 유동자산 71,653,911,852 71,257,663,616
제이브이엠 054950 현금및현금성자산 10,922,030,474 8,247,812,933
제이브이엠 054950 매출채권 및 기타채권
제이브이엠 054950 재고자산 15,189,835,504 12,808,100,344
제이브이엠 054950 기타유동금융자산 0 0
제이브이엠 054950 기타유동자산 0 0
제이브이엠 054950 매각예정비유동자산 0 0
제이브이엠 054950 비유동자산 101,452,778,766 100,809,619,199
제이브이엠 054950 장기금융상품 2,913,672,540 2,803,948,230
제이브이엠 054950 기타포괄손익-공정가치 0 0
제이브이엠 054950 당기손익인식공정가치측정금융자산 0 0
제이브이엠 054950 종속회사투자 0 0
제이브이엠 054950 관계회사투자 0 0
제이브이엠 054950 렌탈자산 0 0
제이브이엠 054950 유형자산 48,925,458,550 49,014,513,563
제이브이엠 054950 무형자산 15,336,717,493 14,685,528,516
제이브이엠 054950 기타비유동금융자산 0 0
제이브이엠 054950 기타비유동자산 0 0
제이브이엠 054950 사용권자산 0 0
제이브이엠 054950 이연법인세자산 0 0
제이브이엠 054950 자산총계 173,106,690,618 172,067,282,815
제이브이엠 054950 유동부채 51,422,875,295 51,665,746,530
제이브이엠 054950 단기매입채무 0 0
제이브이엠 054950 단기차입금 38,525,805,986 38,269,422,164
제이브이엠 054950 유동성장기차입금 0 0
제이브이엠 054950 유동성사채 0 0
제이브이엠 054950 기타유동금융부채 0 0
제이브이엠 054950 기타유동부채 2,163,662,717 1,727,419,740
제이브이엠 054950 당기법인세부채 1,871,914,760 2,494,754,071
제이브이엠 054950 유동리스부채 0 0
제이브이엠 054950 비유동부채 4,992,134,864 4,492,375,137
제이브이엠 054950 사채 0 0
제이브이엠 054950 장기차입금 0 0
제이브이엠 054950 기타비유동금융부채 0 0
제이브이엠 054950 이연법인세부채 1,271,440,135 1,061,740,551
제이브이엠 054950 비유동리스부채 0 0
제이브이엠 054950 부채총계 56,415,010,159 56,158,121,667
제이브이엠 054950 자본금 3,165,454,000 3,165,454,000
제이브이엠 054950 자본잉여금 48,173,270,847 48,173,270,847
제이브이엠 054950 자본조정 0 0
제이브이엠 054950 기타포괄손익누계액 7,062,412,275 7,045,746,150
제이브이엠 054950 이익잉여금(결손금) 72,807,419,147 70,529,388,381
제이브이엠 054950 자본총계 116,691,680,459 115,909,161,148
제이브이엠 054950 자본과부채총계 173,106,690,618 172,067,282,815
date : 2017-06-30
제이브이엠 054950 유동자산 67,842,765,783 71,257,663,616
제이브이엠 054950 현금및현금성자산 253,958,634 8,247,812,933
제이브이엠 054950 매출채권 및 기타채권
제이브이엠 054950 재고자산 15,501,513,193 12,808,100,344
제이브이엠 054950 기타유동금융자산 0 0
제이브이엠 054950 기타유동자산 0 0
제이브이엠 054950 매각예정비유동자산 0 0
제이브이엠 054950 비유동자산 100,349,819,870 100,809,619,199
제이브이엠 054950 장기금융상품 3,020,910,373 2,803,948,230
제이브이엠 054950 기타포괄손익-공정가치 0 0
제이브이엠 054950 당기손익인식공정가치측정금융자산 0 0
제이브이엠 054950 종속회사투자 0 0
제이브이엠 054950 관계회사투자 0 0
제이브이엠 054950 렌탈자산 0 0
제이브이엠 054950 유형자산 49,110,799,709 49,014,513,563
제이브이엠 054950 무형자산 14,710,802,476 14,685,528,516
제이브이엠 054950 기타비유동금융자산 0 0
제이브이엠 054950 기타비유동자산 0 0
제이브이엠 054950 사용권자산 0 0
제이브이엠 054950 이연법인세자산 0 0
제이브이엠 054950 자산총계 168,192,585,653 172,067,282,815
제이브이엠 054950 유동부채 43,388,965,927 51,665,746,530
제이브이엠 054950 단기매입채무 0 0
제이브이엠 054950 단기차입금 33,303,974,620 38,269,422,164
제이브이엠 054950 유동성장기차입금 0 0
제이브이엠 054950 유동성사채 0 0
제이브이엠 054950 기타유동금융부채 0 0
제이브이엠 054950 기타유동부채 1,623,251,051 1,727,419,740
제이브이엠 054950 당기법인세부채 1,591,442,493 2,494,754,071
제이브이엠 054950 유동리스부채 0 0
제이브이엠 054950 비유동부채 4,808,106,002 4,492,375,137
제이브이엠 054950 사채 0 0
제이브이엠 054950 장기차입금 0 0
제이브이엠 054950 기타비유동금융부채 0 0
제이브이엠 054950 이연법인세부채 1,150,525,816 1,061,740,551
제이브이엠 054950 비유동리스부채 0 0
제이브이엠 054950 부채총계 48,197,071,929 56,158,121,667
제이브이엠 054950 자본금 3,165,454,000 3,165,454,000
제이브이엠 054950 자본잉여금 48,173,270,847 48,173,270,847
제이브이엠 054950 자본조정 0 0
제이브이엠 054950 기타포괄손익누계액 7,079,267,955 7,045,746,150
제이브이엠 054950 이익잉여금(결손금) 76,094,396,732 70,529,388,381
제이브이엠 054950 자본총계 119,995,513,724 115,909,161,148
제이브이엠 054950 자본과부채총계 168,192,585,653 172,067,282,815
date : 2017-09-30
제이브이엠 054950 유동자산 67,615,098,994 71,257,663,616
제이브이엠 054950 현금및현금성자산 642,988,881 8,247,812,933
제이브이엠 054950 매출채권 및 기타채권
제이브이엠 054950 재고자산 15,240,279,680 12,808,100,344
제이브이엠 054950 기타유동금융자산 0 0
제이브이엠 054950 기타유동자산 0 0
제이브이엠 054950 매각예정비유동자산 0 0
제이브이엠 054950 비유동자산 99,056,230,105 100,809,619,199
제이브이엠 054950 장기금융상품 3,128,192,581 2,803,948,230
제이브이엠 054950 기타포괄손익-공정가치 0 0
제이브이엠 054950 당기손익인식공정가치측정금융자산 0 0
제이브이엠 054950 종속회사투자 0 0
제이브이엠 054950 관계회사투자 0 0
제이브이엠 054950 렌탈자산 0 0
제이브이엠 054950 유형자산 50,302,343,537 49,014,513,563
제이브이엠 054950 무형자산 14,876,982,084 14,685,528,516
제이브이엠 054950 기타비유동금융자산 0 0
제이브이엠 054950 기타비유동자산 0 0
제이브이엠 054950 사용권자산 0 0
제이브이엠 054950 이연법인세자산 0 0
제이브이엠 054950 자산총계 166,671,329,099 172,067,282,815
제이브이엠 054950 유동부채 35,898,661,780 51,665,746,530
제이브이엠 054950 단기매입채무 0 0
제이브이엠 054950 단기차입금 23,703,150,000 38,269,422,164
제이브이엠 054950 유동성장기차입금 0 0
제이브이엠 054950 유동성사채 0 0
제이브이엠 054950 기타유동금융부채 0 0
제이브이엠 054950 기타유동부채 1,806,961,527 1,727,419,740
제이브이엠 054950 당기법인세부채 2,593,235,953 2,494,754,071
제이브이엠 054950 유동리스부채 0 0
제이브이엠 054950 비유동부채 5,008,849,445 4,492,375,137
제이브이엠 054950 사채 0 0
제이브이엠 054950 장기차입금 0 0
제이브이엠 054950 기타비유동금융부채 0 0
제이브이엠 054950 이연법인세부채 1,488,229,402 1,061,740,551
제이브이엠 054950 비유동리스부채 0 0
제이브이엠 054950 부채총계 40,907,511,225 56,158,121,667
제이브이엠 054950 자본금 3,165,454,000 3,165,454,000
제이브이엠 054950 자본잉여금 48,173,270,847 48,173,270,847
제이브이엠 054950 자본조정 0 0
제이브이엠 054950 기타포괄손익누계액 7,060,626,881 7,045,746,150
제이브이엠 054950 이익잉여금(결손금) 81,881,341,956 70,529,388,381
제이브이엠 054950 자본총계 125,763,817,874 115,909,161,148
제이브이엠 054950 자본과부채총계 166,671,329,099 172,067,282,815
date : 2017-12-31
제이브이엠 054950 유동자산 62,661,127,544 71,257,663,616
제이브이엠 054950 현금및현금성자산 150,425,084 8,247,812,933
제이브이엠 054950 매출채권 및 기타채권
제이브이엠 054950 재고자산 16,156,216,545 12,808,100,344
제이브이엠 054950 기타유동금융자산 0 0
제이브이엠 054950 기타유동자산 0 0
제이브이엠 054950 매각예정비유동자산 0 0
제이브이엠 054950 비유동자산 98,894,734,156 100,809,619,199
제이브이엠 054950 장기금융상품 3,111,755,759 2,803,948,230
제이브이엠 054950 기타포괄손익-공정가치 0 0
제이브이엠 054950 당기손익인식공정가치측정금융자산 0 0
제이브이엠 054950 종속회사투자 0 0
제이브이엠 054950 관계회사투자 0 0
제이브이엠 054950 렌탈자산 0 0
제이브이엠 054950 유형자산 51,807,478,892 49,014,513,563
제이브이엠 054950 무형자산 13,734,781,719 14,685,528,516
제이브이엠 054950 기타비유동금융자산 0 0
제이브이엠 054950 기타비유동자산 0 0
제이브이엠 054950 사용권자산 0 0
제이브이엠 054950 이연법인세자산 0 0
제이브이엠 054950 자산총계 161,555,861,700 172,067,282,815
제이브이엠 054950 유동부채 30,487,355,665 51,665,746,530
제이브이엠 054950 단기매입채무 0 0
제이브이엠 054950 단기차입금 16,437,602,295 38,269,422,164
제이브이엠 054950 유동성장기차입금 0 0
제이브이엠 054950 유동성사채 0 0
제이브이엠 054950 기타유동금융부채 0 0
제이브이엠 054950 기타유동부채 2,011,576,305 1,727,419,740
제이브이엠 054950 당기법인세부채 3,289,730,586 2,494,754,071
제이브이엠 054950 유동리스부채 0 0
제이브이엠 054950 비유동부채 4,263,987,356 4,492,375,137
제이브이엠 054950 사채 0 0
제이브이엠 054950 장기차입금 0 0
제이브이엠 054950 기타비유동금융부채 0 0
제이브이엠 054950 이연법인세부채 778,982,805 1,061,740,551
제이브이엠 054950 비유동리스부채 0 0
제이브이엠 054950 부채총계 34,751,343,021 56,158,121,667
제이브이엠 054950 자본금 3,165,454,000 3,165,454,000
제이브이엠 054950 자본잉여금 48,173,270,847 48,173,270,847
제이브이엠 054950 자본조정 0 0
제이브이엠 054950 기타포괄손익누계액 7,002,524,868 7,045,746,150
제이브이엠 054950 이익잉여금(결손금) 82,980,144,774 70,529,388,381
제이브이엠 054950 자본총계 126,804,518,679 115,909,161,148
제이브이엠 054950 자본과부채총계 161,555,861,700 172,067,282,815
date : 2018-03-31
제이브이엠 054950 유동자산 61,744,049,077 62,661,127,544
제이브이엠 054950 현금및현금성자산 170,652,989 150,425,084
제이브이엠 054950 매출채권 및 기타채권
제이브이엠 054950 재고자산 18,283,494,461 16,156,216,545
제이브이엠 054950 기타유동금융자산 0 0
제이브이엠 054950 기타유동자산 0 0
제이브이엠 054950 매각예정비유동자산 0 0
제이브이엠 054950 비유동자산 99,199,513,777 98,894,734,156
제이브이엠 054950 장기금융상품 3,195,559,153 3,111,755,759
제이브이엠 054950 기타포괄손익-공정가치 0 0
제이브이엠 054950 당기손익인식공정가치측정금융자산 0 0
제이브이엠 054950 종속회사투자 0 0
제이브이엠 054950 관계회사투자 0 0
제이브이엠 054950 렌탈자산 0 0
제이브이엠 054950 유형자산 51,790,616,765 51,807,478,892
제이브이엠 054950 무형자산 13,788,905,545 13,734,781,719
제이브이엠 054950 기타비유동금융자산 0 0
제이브이엠 054950 기타비유동자산 0 0
제이브이엠 054950 사용권자산 0 0
제이브이엠 054950 이연법인세자산 0 0
제이브이엠 054950 자산총계 160,943,562,854 161,555,861,700
제이브이엠 054950 유동부채 29,275,556,459 30,487,355,665
제이브이엠 054950 단기매입채무 0 0
제이브이엠 054950 단기차입금 16,399,375,000 16,437,602,295
제이브이엠 054950 유동성장기차입금 0 0
제이브이엠 054950 유동성사채 0 0
제이브이엠 054950 기타유동금융부채 0 0
제이브이엠 054950 기타유동부채 998,057,233 2,011,576,305
제이브이엠 054950 당기법인세부채 3,805,414,741 3,289,730,586
제이브이엠 054950 유동리스부채 0 0
제이브이엠 054950 비유동부채 4,859,714,682 4,263,987,356
제이브이엠 054950 사채 0 0
제이브이엠 054950 장기차입금 0 0
제이브이엠 054950 기타비유동금융부채 0 0
제이브이엠 054950 이연법인세부채 488,420,776 778,982,805
제이브이엠 054950 비유동리스부채 0 0
제이브이엠 054950 부채총계 34,135,271,141 34,751,343,021
제이브이엠 054950 자본금 3,165,454,000 3,165,454,000
제이브이엠 054950 자본잉여금 48,173,270,847 48,173,270,847
제이브이엠 054950 자본조정 0 0
제이브이엠 054950 기타포괄손익누계액 6,969,377,801 7,002,524,868
제이브이엠 054950 이익잉여금(결손금) 83,017,064,875 82,980,144,774
제이브이엠 054950 자본총계 126,808,291,713 126,804,518,679
제이브이엠 054950 자본과부채총계 160,943,562,854 161,555,861,700
date : 2018-06-30
제이브이엠 054950 유동자산 62,145,961,135 62,661,127,544
제이브이엠 054950 현금및현금성자산 635,065,652 150,425,084
제이브이엠 054950 매출채권 및 기타상각후금융자산
제이브이엠 054950 재고자산 18,366,598,824 16,156,216,545
제이브이엠 054950 기타유동금융자산 0 0
제이브이엠 054950 기타유동자산 0 0
제이브이엠 054950 매각예정비유동자산 0 0
제이브이엠 054950 비유동자산 98,632,959,884 98,894,734,156
제이브이엠 054950 장기금융상품 3,279,370,044 3,111,755,759
제이브이엠 054950 기타포괄손익-공정가치 0 0
제이브이엠 054950 당기손익인식공정가치측정금융자산 0 0
제이브이엠 054950 종속회사투자 0 0
제이브이엠 054950 관계회사투자 0 0
제이브이엠 054950 렌탈자산 0 0
제이브이엠 054950 유형자산 51,472,280,061 51,807,478,892
제이브이엠 054950 무형자산 13,567,500,070 13,734,781,719
제이브이엠 054950 기타비유동금융자산 0 0
제이브이엠 054950 기타비유동자산 0 0
제이브이엠 054950 사용권자산 0 0
제이브이엠 054950 이연법인세자산 0 0
제이브이엠 054950 자산총계 160,778,921,019 161,555,861,700
제이브이엠 054950 유동부채 28,314,149,045 30,487,355,665
제이브이엠 054950 단기매입채무 0 0
제이브이엠 054950 단기차입금 16,222,750,000 16,437,602,295
제이브이엠 054950 유동성장기차입금 0 0
제이브이엠 054950 유동성사채 0 0
제이브이엠 054950 기타유동금융부채 0 0
제이브이엠 054950 기타유동부채 1,216,809,797 2,123,553,821
제이브이엠 054950 당기법인세부채 1,278,277,222 3,289,730,586
제이브이엠 054950 유동리스부채 0 0
제이브이엠 054950 비유동부채 2,975,502,443 4,263,987,356
제이브이엠 054950 사채 0 0
제이브이엠 054950 장기차입금 0 0
제이브이엠 054950 기타비유동금융부채 0 0
제이브이엠 054950 이연법인세부채 488,543,563 778,982,805
제이브이엠 054950 비유동리스부채 0 0
제이브이엠 054950 부채총계 31,289,651,488 34,751,343,021
제이브이엠 054950 자본금 3,165,454,000 3,165,454,000
제이브이엠 054950 자본잉여금 48,173,270,847 48,173,270,847
제이브이엠 054950 자본조정 0 0
제이브이엠 054950 기타포괄손익누계액 7,108,823,760 7,002,524,868
제이브이엠 054950 이익잉여금(결손금) 85,558,596,734 82,980,144,774
제이브이엠 054950 자본총계 129,489,269,531 126,804,518,679
제이브이엠 054950 자본과부채총계 160,778,921,019 161,555,861,700
date : 2018-09-30
제이브이엠 054950 유동자산 64,027,887,751 62,661,127,544
제이브이엠 054950 현금및현금성자산 95,236,301 150,425,084
제이브이엠 054950 매출채권 및 기타상각후금융자산
제이브이엠 054950 재고자산 20,525,450,868 16,156,216,545
제이브이엠 054950 기타유동금융자산 0 0
제이브이엠 054950 기타유동자산 0 0
제이브이엠 054950 매각예정비유동자산 0 0
제이브이엠 054950 비유동자산 98,243,971,865 98,894,734,156
제이브이엠 054950 장기금융상품 3,205,975,378 3,111,755,759
제이브이엠 054950 기타포괄손익-공정가치 0 0
제이브이엠 054950 당기손익인식공정가치측정금융자산 0 0
제이브이엠 054950 종속회사투자 0 0
제이브이엠 054950 관계회사투자 0 0
제이브이엠 054950 렌탈자산 0 0
제이브이엠 054950 유형자산 51,371,810,716 51,807,478,892
제이브이엠 054950 무형자산 13,295,536,161 13,734,781,719
제이브이엠 054950 기타비유동금융자산 0 0
제이브이엠 054950 기타비유동자산 0 0
제이브이엠 054950 사용권자산 0 0
제이브이엠 054950 이연법인세자산 0 0
제이브이엠 054950 자산총계 162,271,859,616 161,555,861,700
제이브이엠 054950 유동부채 27,866,448,831 30,487,355,665
제이브이엠 054950 단기매입채무 0 0
제이브이엠 054950 단기차입금 16,182,125,000 16,437,602,295
제이브이엠 054950 유동성장기차입금 0 0
제이브이엠 054950 유동성사채 0 0
제이브이엠 054950 기타유동금융부채 0 0
제이브이엠 054950 기타유동부채 1,199,983,279 2,123,553,821
제이브이엠 054950 당기법인세부채 1,239,644,519 3,289,730,586
제이브이엠 054950 유동리스부채 0 0
제이브이엠 054950 비유동부채 3,470,832,955 4,263,987,356
제이브이엠 054950 사채 0 0
제이브이엠 054950 장기차입금 0 0
제이브이엠 054950 기타비유동금융부채 0 0
제이브이엠 054950 이연법인세부채 461,441,758 778,982,805
제이브이엠 054950 비유동리스부채 0 0
제이브이엠 054950 부채총계 31,337,281,786 34,751,343,021
제이브이엠 054950 자본금 3,165,454,000 3,165,454,000
제이브이엠 054950 자본잉여금 48,173,270,847 48,173,270,847
제이브이엠 054950 자본조정 0 0
제이브이엠 054950 기타포괄손익누계액 7,108,823,760 7,002,524,868
제이브이엠 054950 이익잉여금(결손금) 88,540,293,103 82,980,144,774
제이브이엠 054950 자본총계 130,934,577,830 126,804,518,679
제이브이엠 054950 자본과부채총계 162,271,859,616 161,555,861,700
date : 2018-12-31
제이브이엠 054950 유동자산 67,077,307,856 62,661,127,544
제이브이엠 054950 현금및현금성자산 337,584,270 150,425,084
제이브이엠 054950 매출채권 및 기타상각후금융자산
제이브이엠 054950 재고자산 18,681,335,947 16,156,216,545
제이브이엠 054950 기타유동금융자산 0 0
제이브이엠 054950 기타유동자산 0 0
제이브이엠 054950 매각예정비유동자산 0 0
제이브이엠 054950 비유동자산 95,058,873,025 98,894,734,156
제이브이엠 054950 장기금융상품 3,277,224,273 3,111,755,759
제이브이엠 054950 기타포괄손익-공정가치 0 0
제이브이엠 054950 당기손익인식공정가치측정금융자산 0 0
제이브이엠 054950 종속회사투자 0 0
제이브이엠 054950 관계회사투자 0 0
제이브이엠 054950 렌탈자산 0 0
제이브이엠 054950 유형자산 51,129,334,581 51,807,478,892
제이브이엠 054950 무형자산 9,986,565,021 13,734,781,719
제이브이엠 054950 기타비유동금융자산 0 0
제이브이엠 054950 기타비유동자산 0 0
제이브이엠 054950 사용권자산 0 0
제이브이엠 054950 이연법인세자산 378,568,866 0
제이브이엠 054950 자산총계 162,136,180,881 161,555,861,700
제이브이엠 054950 유동부채 30,216,856,699 30,487,355,665
제이브이엠 054950 단기매입채무 0 0
제이브이엠 054950 단기차입금 17,153,640,687 16,437,602,295
제이브이엠 054950 유동성장기차입금 0 0
제이브이엠 054950 유동성사채 0 0
제이브이엠 054950 기타유동금융부채 0 0
제이브이엠 054950 기타유동부채 1,308,759,792 2,123,553,821
제이브이엠 054950 당기법인세부채 1,609,427,921 3,289,730,586
제이브이엠 054950 유동리스부채 0 0
제이브이엠 054950 비유동부채 3,407,398,204 4,263,987,356
제이브이엠 054950 사채 0 0
제이브이엠 054950 장기차입금 0 0
제이브이엠 054950 기타비유동금융부채 0 0
제이브이엠 054950 이연법인세부채 0 778,982,805
제이브이엠 054950 비유동리스부채 0 0
제이브이엠 054950 부채총계 33,624,254,903 34,751,343,021
제이브이엠 054950 자본금 3,165,454,000 3,165,454,000
제이브이엠 054950 자본잉여금 48,173,270,847 48,173,270,847
제이브이엠 054950 자본조정 0 0
제이브이엠 054950 기타포괄손익누계액 7,108,823,760 7,002,524,868
제이브이엠 054950 이익잉여금(결손금) 88,310,714,621 82,980,144,774
제이브이엠 054950 자본총계 128,511,925,978 126,804,518,679
제이브이엠 054950 자본과부채총계 162,136,180,881 161,555,861,700
date : 2019-03-31
제이브이엠 054950 유동자산 64,613,766,097 67,077,307,856
제이브이엠 054950 현금및현금성자산 189,524,650 337,584,270
제이브이엠 054950 매출채권 및 기타상각후금융자산
제이브이엠 054950 재고자산 19,668,805,128 18,681,335,947
제이브이엠 054950 기타유동금융자산 0 0
제이브이엠 054950 기타유동자산 0 0
제이브이엠 054950 매각예정비유동자산 0 0
제이브이엠 054950 비유동자산 95,260,707,297 95,058,873,025
제이브이엠 054950 장기금융상품 3,350,027,813 3,277,224,273
제이브이엠 054950 기타포괄손익-공정가치 0 0
제이브이엠 054950 당기손익인식공정가치측정금융자산 0 0
제이브이엠 054950 종속회사투자 0 0
제이브이엠 054950 관계회사투자 0 0
제이브이엠 054950 렌탈자산 0 0
제이브이엠 054950 유형자산 50,876,205,511 51,129,334,581
제이브이엠 054950 무형자산 9,796,608,922 9,986,565,021
제이브이엠 054950 기타비유동금융자산 0 0
제이브이엠 054950 기타비유동자산 0 0
제이브이엠 054950 사용권자산 0 0
제이브이엠 054950 이연법인세자산 962,500,520 378,568,866
제이브이엠 054950 자산총계 159,874,473,394 162,136,180,881
제이브이엠 054950 유동부채 30,947,111,627 30,216,856,699
제이브이엠 054950 단기매입채무 0 0
제이브이엠 054950 단기차입금 15,968,250,000 17,153,640,687
제이브이엠 054950 유동성장기차입금 0 0
제이브이엠 054950 유동성사채 0 0
제이브이엠 054950 기타유동금융부채 0 0
제이브이엠 054950 기타유동부채 3,225,714,768 1,308,759,792
제이브이엠 054950 당기법인세부채 1,715,218,684 1,609,427,921
제이브이엠 054950 유동리스부채 126,212,410 0
제이브이엠 054950 비유동부채 3,846,818,935 3,407,398,204
제이브이엠 054950 사채 0 0
제이브이엠 054950 장기차입금 0 0
제이브이엠 054950 기타비유동금융부채 0 0
제이브이엠 054950 이연법인세부채 0 0
제이브이엠 054950 비유동리스부채 0 0
제이브이엠 054950 부채총계 34,793,930,562 33,624,254,903
제이브이엠 054950 자본금 3,165,454,000 3,165,454,000
제이브이엠 054950 자본잉여금 48,173,270,847 48,173,270,847
제이브이엠 054950 자본조정 0 0
제이브이엠 054950 기타포괄손익누계액 7,108,823,760 7,108,823,760
제이브이엠 054950 이익잉여금(결손금) 88,251,495,615 88,310,714,621
제이브이엠 054950 자본총계 125,080,542,832 128,511,925,978
제이브이엠 054950 자본과부채총계 159,874,473,394 162,136,180,881
