date : 2019-03-31
엑사이엔씨 054940 유동자산 43,910,578,773 38,198,552,294
엑사이엔씨 054940 현금및현금성자산 2,756,244,980 4,108,337,715
엑사이엔씨 054940 매출채권 및 기타채권
엑사이엔씨 054940 기타유동금융자산 1,066,288,532 962,010,178
엑사이엔씨 054940 기타유동자산 1,395,272,482 599,063,946
엑사이엔씨 054940 재고자산 6,177,386,573 6,954,980,858
엑사이엔씨 054940 비유동자산 34,322,615,500 33,396,298,852
엑사이엔씨 054940 장기금융상품 99,000,000 91,000,000
엑사이엔씨 054940 기타비유동금융자산 1,936,140,110 1,072,420,110
엑사이엔씨 054940 유형자산 21,154,985,092 21,105,537,196
엑사이엔씨 054940 무형자산 701,180,175 696,031,423
엑사이엔씨 054940 자산총계 78,233,194,273 71,594,851,146
엑사이엔씨 054940 유동부채 45,332,589,806 38,663,192,919
엑사이엔씨 054940 단기차입금 21,175,410,842 11,100,000,000
엑사이엔씨 054940 기타유동금융부채 242,796,296 242,796,296
엑사이엔씨 054940 기타유동부채 579,060,404 471,965,506
엑사이엔씨 054940 당기법인세부채 723,371,679 1,297,926,981
엑사이엔씨 054940 비유동부채 1,924,970,446 1,970,006,807
엑사이엔씨 054940 장기차입금 1,529,100,000 1,529,100,000
엑사이엔씨 054940 기타비유동금융부채 44,977,464 44,977,464
엑사이엔씨 054940 이연법인세부채 68,561,054 68,561,054
엑사이엔씨 054940 부채총계 47,257,560,252 40,633,199,726
엑사이엔씨 054940 자본금 16,586,774,000 16,586,774,000
엑사이엔씨 054940 자본잉여금 20,844,156,799 20,844,156,799
엑사이엔씨 054940 기타포괄손익누계액 0 0
엑사이엔씨 054940 이익잉여금(결손금) -6,455,296,778 -6,469,279,379
엑사이엔씨 054940 자본총계 30,975,634,021 30,961,651,420
엑사이엔씨 054940 자본과부채총계 78,233,194,273 71,594,851,146
