date : 2017-12-31
테이팩스 055490 유동자산 26,908,498,154 31,097,084,588
테이팩스 055490 현금및현금성자산 1,025,785,629 1,281,352,241
테이팩스 055490 매출채권 및 기타채권
테이팩스 055490 재고자산 11,264,014,260 10,316,334,613
테이팩스 055490 기타유동금융자산 0 0
테이팩스 055490 기타유동자산 92,238,606 129,687,907
테이팩스 055490 매각예정비유동자산 0 0
테이팩스 055490 비유동자산 65,581,055,394 64,644,493,853
테이팩스 055490 장기금융상품 3,000,000 3,000,000
테이팩스 055490 기타포괄손익-공정가치 0 0
테이팩스 055490 당기손익인식공정가치측정금융자산 0 0
테이팩스 055490 종속회사투자 0 0
테이팩스 055490 관계회사투자 0 0
테이팩스 055490 렌탈자산 0 0
테이팩스 055490 유형자산 54,381,825,039 56,163,586,630
테이팩스 055490 무형자산 1,363,117,432 480,595,253
테이팩스 055490 기타비유동금융자산 0 0
테이팩스 055490 기타비유동자산 597,448,000 565,163,000
테이팩스 055490 사용권자산 0 0
테이팩스 055490 이연법인세자산 0 0
테이팩스 055490 자산총계 92,489,553,548 95,741,578,441
테이팩스 055490 유동부채 60,875,480,921 19,569,458,703
테이팩스 055490 단기매입채무 0 0
테이팩스 055490 단기차입금 27,190,000,000 48,401,392
테이팩스 055490 유동성장기차입금 15,128,800,000 128,800,000
테이팩스 055490 유동성사채 0 0
테이팩스 055490 기타유동금융부채 0 0
테이팩스 055490 기타유동부채 337,822,501 286,287,605
테이팩스 055490 당기법인세부채 0 325,521,656
테이팩스 055490 유동리스부채 0 0
테이팩스 055490 비유동부채 4,725,783,802 66,973,584,288
테이팩스 055490 사채 0 0
테이팩스 055490 장기차입금 32,200,000 61,161,000,000
테이팩스 055490 기타비유동금융부채 0 0
테이팩스 055490 이연법인세부채 4,468,475,801 4,903,834,493
테이팩스 055490 비유동리스부채 0 0
테이팩스 055490 부채총계 65,601,264,723 86,543,042,991
테이팩스 055490 자본금 3,771,825,000 3,550,000,000
테이팩스 055490 자본잉여금 -48,581,604,125 -57,387,054,960
테이팩스 055490 자본조정 0 0
테이팩스 055490 기타포괄손익누계액 0 0
테이팩스 055490 이익잉여금(결손금) 0 0
테이팩스 055490 자본총계 26,888,288,825 9,198,535,450
테이팩스 055490 자본과부채총계 92,489,553,548 95,741,578,441
date : 2018-03-31
테이팩스 055490 유동자산 27,141,417,921 26,908,498,154
테이팩스 055490 현금및현금성자산 778,488,522 1,025,785,629
테이팩스 055490 매출채권 및 기타채권
테이팩스 055490 재고자산 12,000,956,104 11,264,014,260
테이팩스 055490 기타유동금융자산 0 0
테이팩스 055490 기타유동자산 74,121,491 92,238,606
테이팩스 055490 매각예정비유동자산 0 0
테이팩스 055490 비유동자산 65,064,428,930 65,581,055,394
테이팩스 055490 장기금융상품 3,000,000 3,000,000
테이팩스 055490 기타포괄손익-공정가치 0 0
테이팩스 055490 당기손익인식공정가치측정금융자산 0 0
테이팩스 055490 종속회사투자 0 0
테이팩스 055490 관계회사투자 0 0
테이팩스 055490 렌탈자산 0 0
테이팩스 055490 유형자산 53,911,796,624 54,381,825,039
테이팩스 055490 무형자산 1,471,265,457 1,363,117,432
테이팩스 055490 기타비유동금융자산 0 0
테이팩스 055490 기타비유동자산 598,448,000 597,448,000
테이팩스 055490 사용권자산 0 0
테이팩스 055490 이연법인세자산 0 0
테이팩스 055490 자산총계 92,205,846,851 92,489,553,548
테이팩스 055490 유동부채 59,172,054,530 60,875,480,921
테이팩스 055490 단기매입채무 0 0
테이팩스 055490 단기차입금 26,750,000,000 27,190,000,000
테이팩스 055490 유동성장기차입금 15,128,800,000 15,128,800,000
테이팩스 055490 유동성사채 0 0
테이팩스 055490 기타유동금융부채 0 0
테이팩스 055490 기타유동부채 212,466,495 337,822,501
테이팩스 055490 당기법인세부채 2,086,486,797 1,518,502,596
테이팩스 055490 유동리스부채 0 0
테이팩스 055490 비유동부채 4,518,762,564 4,725,783,802
테이팩스 055490 사채 0 0
테이팩스 055490 장기차입금 0 32,200,000
테이팩스 055490 기타비유동금융부채 0 0
테이팩스 055490 이연법인세부채 4,260,750,878 4,468,475,801
테이팩스 055490 비유동리스부채 0 0
테이팩스 055490 부채총계 63,690,817,094 65,601,264,723
테이팩스 055490 자본금 3,771,825,000 3,771,825,000
테이팩스 055490 자본잉여금 -48,581,604,125 -48,581,604,125
테이팩스 055490 자본조정 0 0
테이팩스 055490 기타포괄손익누계액 0 0
테이팩스 055490 이익잉여금(결손금) 0 0
테이팩스 055490 자본총계 28,515,029,757 26,888,288,825
테이팩스 055490 자본과부채총계 92,205,846,851 92,489,553,548
date : 2018-06-30
테이팩스 055490 유동자산 28,002,007,031 26,908,498,154
테이팩스 055490 현금및현금성자산 807,242,037 1,025,785,629
테이팩스 055490 매출채권 및 기타채권
테이팩스 055490 재고자산 11,159,243,779 11,264,014,260
테이팩스 055490 기타유동금융자산 0 0
테이팩스 055490 기타유동자산 411,361,095 92,238,606
테이팩스 055490 매각예정비유동자산 0 0
테이팩스 055490 비유동자산 64,488,942,120 65,581,055,394
테이팩스 055490 장기금융상품 3,000,000 3,000,000
테이팩스 055490 기타포괄손익-공정가치 0 0
테이팩스 055490 당기손익인식공정가치측정금융자산 0 0
테이팩스 055490 종속회사투자 0 0
테이팩스 055490 관계회사투자 0 0
테이팩스 055490 렌탈자산 0 0
테이팩스 055490 유형자산 53,381,233,899 54,381,825,039
테이팩스 055490 무형자산 1,556,208,702 1,363,117,432
테이팩스 055490 기타비유동금융자산 0 0
테이팩스 055490 기타비유동자산 0 0
테이팩스 055490 사용권자산 0 0
테이팩스 055490 이연법인세자산 0 0
테이팩스 055490 자산총계 92,490,949,151 92,489,553,548
테이팩스 055490 유동부채 58,350,425,006 60,875,480,921
테이팩스 055490 단기매입채무 0 0
테이팩스 055490 단기차입금 41,350,000,000 27,190,000,000
테이팩스 055490 유동성장기차입금 96,600,000 15,128,800,000
테이팩스 055490 유동성사채 0 0
테이팩스 055490 기타유동금융부채 0 0
테이팩스 055490 기타유동부채 225,570,713 337,822,501
테이팩스 055490 당기법인세부채 913,839,815 1,518,502,596
테이팩스 055490 유동리스부채 0 0
테이팩스 055490 비유동부채 4,246,027,428 4,725,783,802
테이팩스 055490 사채 0 0
테이팩스 055490 장기차입금 0 32,200,000
테이팩스 055490 기타비유동금융부채 0 0
테이팩스 055490 이연법인세부채 3,955,112,057 4,468,475,801
테이팩스 055490 비유동리스부채 0 0
테이팩스 055490 부채총계 62,596,452,434 65,601,264,723
테이팩스 055490 자본금 3,771,825,000 3,771,825,000
테이팩스 055490 자본잉여금 0 0
테이팩스 055490 자본조정 0 0
테이팩스 055490 기타포괄손익누계액 0 0
테이팩스 055490 이익잉여금(결손금) 0 0
테이팩스 055490 자본총계 29,894,496,717 26,888,288,825
테이팩스 055490 자본과부채총계 92,490,949,151 92,489,553,548
date : 2018-09-30
테이팩스 055490 유동자산 33,848,807,687 26,908,498,154
테이팩스 055490 현금및현금성자산 2,355,375,522 1,025,785,629
테이팩스 055490 매출채권 및 기타채권
테이팩스 055490 재고자산 13,717,361,221 11,264,014,260
테이팩스 055490 기타유동금융자산 201,358,011 0
테이팩스 055490 기타유동자산 458,760,195 92,238,606
테이팩스 055490 매각예정비유동자산 0 0
테이팩스 055490 비유동자산 64,339,849,086 65,581,055,394
테이팩스 055490 장기금융상품 3,000,000 3,000,000
테이팩스 055490 기타포괄손익-공정가치 0 0
테이팩스 055490 당기손익인식공정가치측정금융자산 0 0
테이팩스 055490 종속회사투자 0 0
테이팩스 055490 관계회사투자 0 0
테이팩스 055490 렌탈자산 0 0
테이팩스 055490 유형자산 52,989,745,052 54,381,825,039
테이팩스 055490 무형자산 1,484,416,920 1,363,117,432
테이팩스 055490 기타비유동금융자산 5,554,145,279 5,518,735,115
테이팩스 055490 기타비유동자산 0 0
테이팩스 055490 사용권자산 0 0
테이팩스 055490 이연법인세자산 0 0
테이팩스 055490 자산총계 98,188,656,773 92,489,553,548
테이팩스 055490 유동부채 46,951,090,529 60,875,480,921
테이팩스 055490 단기매입채무 0 0
테이팩스 055490 단기차입금 27,200,000,000 27,190,000,000
테이팩스 055490 유동성장기차입금 64,400,000 15,128,800,000
테이팩스 055490 유동성사채 0 0
테이팩스 055490 기타유동금융부채 0 0
테이팩스 055490 기타유동부채 255,829,196 337,822,501
테이팩스 055490 당기법인세부채 540,586,632 1,518,502,596
테이팩스 055490 유동리스부채 0 0
테이팩스 055490 비유동부채 19,826,251,324 4,725,783,802
테이팩스 055490 사채 14,640,620,236 0
테이팩스 055490 장기차입금 0 32,200,000
테이팩스 055490 기타비유동금융부채 1,097,234,420 100,000,000
테이팩스 055490 이연법인세부채 3,869,540,524 4,468,475,801
테이팩스 055490 비유동리스부채 0 0
테이팩스 055490 부채총계 66,777,341,853 65,601,264,723
테이팩스 055490 자본금 3,771,825,000 3,771,825,000
테이팩스 055490 자본잉여금 0 0
테이팩스 055490 자본조정 0 0
테이팩스 055490 기타포괄손익누계액 0 0
테이팩스 055490 이익잉여금(결손금) 0 0
테이팩스 055490 자본총계 31,411,314,920 26,888,288,825
테이팩스 055490 자본과부채총계 98,188,656,773 92,489,553,548
date : 2018-12-31
테이팩스 055490 유동자산 31,041,159,302 26,908,498,154
테이팩스 055490 현금및현금성자산 616,470,154 1,025,785,629
테이팩스 055490 매출채권 및 기타채권
테이팩스 055490 재고자산 13,706,539,441 11,264,014,260
테이팩스 055490 기타유동금융자산 0 0
테이팩스 055490 기타유동자산 519,107,295 92,238,606
테이팩스 055490 매각예정비유동자산 0 0
테이팩스 055490 비유동자산 63,247,360,334 65,581,055,394
테이팩스 055490 장기금융상품 3,000,000 3,000,000
테이팩스 055490 기타포괄손익-공정가치 0 0
테이팩스 055490 당기손익인식공정가치측정금융자산 0 0
테이팩스 055490 종속회사투자 0 0
테이팩스 055490 관계회사투자 0 0
테이팩스 055490 렌탈자산 0 0
테이팩스 055490 유형자산 52,588,048,491 54,381,825,039
테이팩스 055490 무형자산 1,517,791,806 1,363,117,432
테이팩스 055490 기타비유동금융자산 0 0
테이팩스 055490 기타비유동자산 295,378,000 0
테이팩스 055490 사용권자산 0 0
테이팩스 055490 이연법인세자산 0 0
테이팩스 055490 자산총계 94,288,519,636 92,489,553,548
테이팩스 055490 유동부채 42,205,449,400 60,875,480,921
테이팩스 055490 단기매입채무 0 0
테이팩스 055490 단기차입금 24,100,000,000 27,190,000,000
테이팩스 055490 유동성장기차입금 32,200,000 15,128,800,000
테이팩스 055490 유동성사채 0 0
테이팩스 055490 기타유동금융부채 0 0
테이팩스 055490 기타유동부채 269,195,477 337,822,501
테이팩스 055490 당기법인세부채 0 0
테이팩스 055490 유동리스부채 0 0
테이팩스 055490 비유동부채 19,017,807,264 4,725,783,802
테이팩스 055490 사채 14,395,580,390 0
테이팩스 055490 장기차입금 0 32,200,000
테이팩스 055490 기타비유동금융부채 0 0
테이팩스 055490 이연법인세부채 3,912,828,251 4,468,475,801
테이팩스 055490 비유동리스부채 0 0
테이팩스 055490 부채총계 61,223,256,664 65,601,264,723
테이팩스 055490 자본금 3,771,825,000 3,771,825,000
테이팩스 055490 자본잉여금 0 0
테이팩스 055490 자본조정 0 0
테이팩스 055490 기타포괄손익누계액 0 0
테이팩스 055490 이익잉여금(결손금) 0 0
테이팩스 055490 자본총계 33,065,262,972 26,888,288,825
테이팩스 055490 자본과부채총계 94,288,519,636 92,489,553,548
date : 2019-03-31
테이팩스 055490 유동자산 32,466,998,308 31,041,159,302
테이팩스 055490 현금및현금성자산 891,054,708 616,470,154
테이팩스 055490 매출채권 및 기타채권
테이팩스 055490 재고자산 14,310,842,690 13,706,539,441
테이팩스 055490 기타유동금융자산 0 0
테이팩스 055490 기타유동자산 443,631,373 519,107,295
테이팩스 055490 매각예정비유동자산 0 0
테이팩스 055490 비유동자산 63,305,885,792 63,247,360,334
테이팩스 055490 장기금융상품 3,000,000 3,000,000
테이팩스 055490 기타포괄손익-공정가치 0 0
테이팩스 055490 당기손익인식공정가치측정금융자산 0 0
테이팩스 055490 종속회사투자 0 0
테이팩스 055490 관계회사투자 0 0
테이팩스 055490 렌탈자산 0 0
테이팩스 055490 유형자산 52,263,966,849 52,588,048,491
테이팩스 055490 무형자산 1,440,000,024 1,517,791,806
테이팩스 055490 기타비유동금융자산 4,246,756,564 4,536,545,527
테이팩스 055490 기타비유동자산 269,128,000 295,378,000
테이팩스 055490 사용권자산 778,383,171 0
테이팩스 055490 이연법인세자산 0 0
테이팩스 055490 자산총계 95,772,884,100 94,288,519,636
테이팩스 055490 유동부채 42,125,852,770 42,205,449,400
테이팩스 055490 단기매입채무 0 0
테이팩스 055490 단기차입금 23,800,000,000 24,100,000,000
테이팩스 055490 유동성장기차입금 0 32,200,000
테이팩스 055490 유동성사채 0 0
테이팩스 055490 기타유동금융부채 0 0
테이팩스 055490 기타유동부채 608,337,563 269,195,477
테이팩스 055490 당기법인세부채 1,192,868,820 913,210,549
테이팩스 055490 유동리스부채 0 0
테이팩스 055490 비유동부채 19,149,049,489 19,017,807,264
테이팩스 055490 사채 14,665,043,584 14,395,580,390
테이팩스 055490 장기차입금 0 0
테이팩스 055490 기타비유동금융부채 132,245,101 492,621,568
테이팩스 055490 이연법인세부채 3,574,529,389 3,912,828,251
테이팩스 055490 비유동리스부채 0 0
테이팩스 055490 부채총계 61,274,902,259 61,223,256,664
테이팩스 055490 자본금 3,771,825,000 3,771,825,000
테이팩스 055490 자본잉여금 0 0
테이팩스 055490 자본조정 0 0
테이팩스 055490 기타포괄손익누계액 0 0
테이팩스 055490 이익잉여금(결손금) 0 0
테이팩스 055490 자본총계 34,497,981,841 33,065,262,972
테이팩스 055490 자본과부채총계 95,772,884,100 94,288,519,636
