date : 2019-03-31
유앤아이 056090 유동자산 26,374,274,502 25,994,365,489
유앤아이 056090 현금및현금성자산 4,573,426,687 4,854,686,378
유앤아이 056090 매출채권 6,574,759,226 6,401,721,142
유앤아이 056090 재고자산 9,332,247,146 9,812,988,938
유앤아이 056090 비유동자산 53,815,004,767 52,763,107,956
유앤아이 056090 장기금융상품 2,015,990,598 2,013,014,045
유앤아이 056090 유형자산 16,814,235,308 17,127,183,961
유앤아이 056090 무형자산 3,391,243,992 3,408,572,162
유앤아이 056090 기타비유동자산 220,768,957 220,768,957
유앤아이 056090 자산총계 80,189,279,269 78,757,473,445
유앤아이 056090 유동부채 18,375,358,678 17,508,600,659
유앤아이 056090 단기매입채무 1,690,664,493 979,166,803
유앤아이 056090 단기차입금 0 50,000,000
유앤아이 056090 비유동부채 17,366,960,552 17,271,740,496
유앤아이 056090 장기차입금 12,670,000,000 12,670,000,000
유앤아이 056090 부채총계 35,742,319,230 34,780,341,155
유앤아이 056090 자본금 3,871,321,000 3,871,321,000
유앤아이 056090 자본잉여금 57,218,024,860 57,218,024,860
유앤아이 056090 이익잉여금(결손금) -14,659,537,421 -15,129,365,170
유앤아이 056090 자본총계 44,446,960,039 43,977,132,290
유앤아이 056090 자본과부채총계 80,189,279,269 78,757,473,445
