date : 2019-03-31
신스타임즈 056000 유동자산 12,317,636,455 10,935,453,284
신스타임즈 056000 현금및현금성자산 3,596,989,066 2,252,087,544
신스타임즈 056000 매출채권 및 기타유동채권
신스타임즈 056000 기타유동자산 1,073,934,154 1,199,517,267
신스타임즈 056000 비유동자산 11,436,968,368 11,433,728,020
신스타임즈 056000 장기금융상품 0 0
신스타임즈 056000 유형자산 126,490,100 123,600,381
신스타임즈 056000 무형자산 718,986 368,357
신스타임즈 056000 자산총계 23,754,604,823 22,369,181,304
신스타임즈 056000 유동부채 2,739,907,028 1,651,243,051
신스타임즈 056000 단기매입채무 0 0
신스타임즈 056000 단기차입금 0 0
신스타임즈 056000 기타유동부채 361,385,646 114,231,518
신스타임즈 056000 비유동부채 629,729,961 629,729,961
신스타임즈 056000 부채총계 3,369,636,989 2,280,973,012
신스타임즈 056000 자본금 7,008,300,000 7,008,300,000
신스타임즈 056000 자본잉여금 12,772,964,827 12,772,964,827
신스타임즈 056000 기타포괄손익누계액 0 0
신스타임즈 056000 이익잉여금(결손금) 881,110,193 603,071,140
신스타임즈 056000 자본총계 20,384,967,834 20,088,208,292
신스타임즈 056000 자본과부채총계 23,754,604,823 22,369,181,304
