date : 2019-03-31
현대홈쇼핑 057050 비유동자산 1,301,269,605,224 1,163,562,219,517
현대홈쇼핑 057050 유형자산 91,626,353,185 91,488,706,929
현대홈쇼핑 057050 무형자산 4,127,901,445 4,129,403,416
현대홈쇼핑 057050 이연법인세자산 4,680,976,173 6,395,404,107
현대홈쇼핑 057050 유동자산 552,023,625,427 579,309,497,230
현대홈쇼핑 057050 재고자산 45,633,404,332 40,643,000,003
현대홈쇼핑 057050 매출채권 및 기타채권
현대홈쇼핑 057050 현금및현금성자산 4,381,590,722 12,267,774,131
현대홈쇼핑 057050 자산총계 1,853,293,230,651 1,742,871,716,747
현대홈쇼핑 057050 자본금 60,000,000,000 60,000,000,000
현대홈쇼핑 057050 자본잉여금 253,467,785,596 253,467,785,596
현대홈쇼핑 057050 기타포괄손익누계액 14,268,913,841 12,090,434,821
현대홈쇼핑 057050 자본총계 1,439,724,441,726 1,420,736,032,581
현대홈쇼핑 057050 비유동부채 4,559,133,419 1,574,632,497
현대홈쇼핑 057050 유동부채 409,009,655,506 320,561,051,669
현대홈쇼핑 057050 당기법인세부채 20,727,449,996 19,667,490,295
현대홈쇼핑 057050 부채총계 413,568,788,925 322,135,684,166
현대홈쇼핑 057050 자본과부채총계 1,853,293,230,651 1,742,871,716,747
