date : 2019-03-31
토필드 057880 유동자산 17,781,608,777 18,042,089,162
토필드 057880 현금및현금성자산 3,588,531,382 3,041,080,808
토필드 057880 매출채권 및 기타채권
토필드 057880 재고자산 1,355,556,001 1,768,235,421
토필드 057880 기타유동금융자산 8,728,546,046 9,570,000,000
토필드 057880 비유동자산 29,482,558,823 24,751,193,236
토필드 057880 유형자산 9,238,886,082 9,231,050,497
토필드 057880 무형자산 681,341,062 679,534,391
토필드 057880 기타비유동금융자산 0 450,000,000
토필드 057880 자산총계 47,264,167,600 42,793,282,398
토필드 057880 유동부채 21,921,839,038 20,580,221,277
토필드 057880 비유동부채 491,755,669 340,158,843
토필드 057880 부채총계 22,413,594,707 20,920,380,120
토필드 057880 자본총계 24,850,572,893 21,872,902,278
토필드 057880 자본과부채총계 47,264,167,600 42,793,282,398
