date : 2015-12-31
이큐스앤자루 058530 유동자산 26,408,756,086 17,796,783,371
이큐스앤자루 058530 현금및현금성자산 3,655,470,553 3,417,517,198
이큐스앤자루 058530 매출채권 0 0
이큐스앤자루 058530 재고자산 14,747,529,338 5,061,831,473
이큐스앤자루 058530 기타유동금융자산 0 0
이큐스앤자루 058530 기타유동자산 291,697,663 52,947,820
이큐스앤자루 058530 매각예정비유동자산 0 0
이큐스앤자루 058530 비유동자산 24,159,893,021 24,183,325,046
이큐스앤자루 058530 장기금융상품 731,873,412 650,184,620
이큐스앤자루 058530 기타포괄손익-공정가치 0 0
이큐스앤자루 058530 당기손익인식공정가치측정금융자산 0 0
이큐스앤자루 058530 종속회사투자 0 0
이큐스앤자루 058530 관계회사투자 0 0
이큐스앤자루 058530 렌탈자산 0 0
이큐스앤자루 058530 유형자산 9,830,237,832 9,789,068,507
이큐스앤자루 058530 무형자산 1,689,489,015 863,911,647
이큐스앤자루 058530 기타비유동금융자산 0 0
이큐스앤자루 058530 기타비유동자산 6,929,515,260 7,319,696,160
이큐스앤자루 058530 사용권자산 0 0
이큐스앤자루 058530 이연법인세자산 538,946,362 658,231,501
이큐스앤자루 058530 자산총계 50,568,649,107 41,980,108,417
이큐스앤자루 058530 유동부채 16,332,406,853 17,620,329,248
이큐스앤자루 058530 단기매입채무 0 0
이큐스앤자루 058530 단기차입금 5,901,072,288 4,792,804,630
이큐스앤자루 058530 유동성장기차입금 3,700,000,000 4,000,000,000
이큐스앤자루 058530 유동성사채 0 0
이큐스앤자루 058530 기타유동금융부채 0 0
이큐스앤자루 058530 기타유동부채 942,966,114 563,833,807
이큐스앤자루 058530 당기법인세부채 0 0
이큐스앤자루 058530 유동리스부채 0 0
이큐스앤자루 058530 비유동부채 5,330,576,858 3,936,977,861
이큐스앤자루 058530 사채 0 0
이큐스앤자루 058530 장기차입금 2,180,000,000 2,300,000,000
이큐스앤자루 058530 기타비유동금융부채 0 0
이큐스앤자루 058530 이연법인세부채 0 0
이큐스앤자루 058530 비유동리스부채 0 0
이큐스앤자루 058530 부채총계 21,662,983,711 21,557,307,109
이큐스앤자루 058530 자본금 15,450,366,500 13,695,742,000
이큐스앤자루 058530 자본잉여금 18,621,494,152 12,758,821,665
이큐스앤자루 058530 자본조정 0 0
이큐스앤자루 058530 기타포괄손익누계액 2,176,635,479 1,821,175,806
이큐스앤자루 058530 이익잉여금(결손금) -7,724,415,998 -8,211,303,148
이큐스앤자루 058530 자본총계 0 0
이큐스앤자루 058530 자본과부채총계 50,568,649,107 41,980,108,417
date : 2016-03-31
이큐스앤자루 058530 유동자산 27,046,661,260 26,408,756,086
이큐스앤자루 058530 현금및현금성자산 2,176,667,613 3,655,470,553
이큐스앤자루 058530 매출채권 0 0
이큐스앤자루 058530 재고자산 14,774,815,426 14,747,529,338
이큐스앤자루 058530 기타유동금융자산 0 0
이큐스앤자루 058530 기타유동자산 726,782,442 291,697,663
이큐스앤자루 058530 매각예정비유동자산 0 0
이큐스앤자루 058530 비유동자산 23,152,484,765 24,159,893,021
이큐스앤자루 058530 장기금융상품 697,000,000 731,873,412
이큐스앤자루 058530 기타포괄손익-공정가치 0 0
이큐스앤자루 058530 당기손익인식공정가치측정금융자산 0 0
이큐스앤자루 058530 종속회사투자 0 0
이큐스앤자루 058530 관계회사투자 0 0
이큐스앤자루 058530 렌탈자산 0 0
이큐스앤자루 058530 유형자산 9,797,084,446 9,830,237,832
이큐스앤자루 058530 무형자산 1,805,606,025 1,689,489,015
이큐스앤자루 058530 기타비유동금융자산 0 0
이큐스앤자루 058530 기타비유동자산 7,515,716,160 6,929,515,260
이큐스앤자루 058530 사용권자산 0 0
이큐스앤자루 058530 이연법인세자산 538,946,362 538,946,362
이큐스앤자루 058530 자산총계 50,199,146,025 50,568,649,107
이큐스앤자루 058530 유동부채 17,001,514,909 16,332,406,853
이큐스앤자루 058530 단기매입채무 0 0
이큐스앤자루 058530 단기차입금 6,035,789,965 5,901,072,288
이큐스앤자루 058530 유동성장기차입금 3,600,000,000 3,700,000,000
이큐스앤자루 058530 유동성사채 0 0
이큐스앤자루 058530 기타유동금융부채 0 0
이큐스앤자루 058530 기타유동부채 503,051,533 942,966,114
이큐스앤자루 058530 당기법인세부채 0 0
이큐스앤자루 058530 유동리스부채 0 0
이큐스앤자루 058530 비유동부채 3,822,568,254 5,330,576,858
이큐스앤자루 058530 사채 0 0
이큐스앤자루 058530 장기차입금 650,000,000 2,180,000,000
이큐스앤자루 058530 기타비유동금융부채 0 0
이큐스앤자루 058530 이연법인세부채 0 0
이큐스앤자루 058530 비유동리스부채 0 0
이큐스앤자루 058530 부채총계 20,824,083,163 21,662,983,711
이큐스앤자루 058530 자본금 15,495,366,500 15,450,366,500
이큐스앤자루 058530 자본잉여금 18,755,044,152 18,621,494,152
이큐스앤자루 058530 자본조정 0 0
이큐스앤자루 058530 기타포괄손익누계액 2,176,635,479 2,176,635,479
이큐스앤자루 058530 이익잉여금(결손금) -7,483,436,228 -7,724,415,998
이큐스앤자루 058530 자본총계 0 0
이큐스앤자루 058530 자본과부채총계 50,199,146,025 50,568,649,107
date : 2016-06-30
이큐스앤자루 058530 유동자산 26,370,488,084 26,408,756,086
이큐스앤자루 058530 현금및현금성자산 1,150,775,762 3,655,470,553
이큐스앤자루 058530 매출채권 0 0
이큐스앤자루 058530 재고자산 15,579,301,788 14,747,529,338
이큐스앤자루 058530 기타유동금융자산 0 0
이큐스앤자루 058530 기타유동자산 397,443,290 291,697,663
이큐스앤자루 058530 매각예정비유동자산 0 0
이큐스앤자루 058530 비유동자산 23,221,459,740 24,159,893,021
이큐스앤자루 058530 장기금융상품 742,000,000 731,873,412
이큐스앤자루 058530 기타포괄손익-공정가치 0 0
이큐스앤자루 058530 당기손익인식공정가치측정금융자산 0 0
이큐스앤자루 058530 종속회사투자 0 0
이큐스앤자루 058530 관계회사투자 0 0
이큐스앤자루 058530 렌탈자산 0 0
이큐스앤자루 058530 유형자산 9,678,750,991 9,830,237,832
이큐스앤자루 058530 무형자산 1,951,201,927 1,689,489,015
이큐스앤자루 058530 기타비유동금융자산 0 0
이큐스앤자루 058530 기타비유동자산 7,515,716,160 6,929,515,260
이큐스앤자루 058530 사용권자산 0 0
이큐스앤자루 058530 이연법인세자산 535,260,452 538,946,362
이큐스앤자루 058530 자산총계 49,591,947,824 50,568,649,107
이큐스앤자루 058530 유동부채 16,990,945,402 16,332,406,853
이큐스앤자루 058530 단기매입채무 0 0
이큐스앤자루 058530 단기차입금 6,436,303,315 5,901,072,288
이큐스앤자루 058530 유동성장기차입금 4,120,000,000 3,700,000,000
이큐스앤자루 058530 유동성사채 0 0
이큐스앤자루 058530 기타유동금융부채 0 0
이큐스앤자루 058530 기타유동부채 627,666,415 942,966,114
이큐스앤자루 058530 당기법인세부채 0 0
이큐스앤자루 058530 유동리스부채 0 0
이큐스앤자루 058530 비유동부채 3,308,232,671 5,330,576,858
이큐스앤자루 058530 사채 0 0
이큐스앤자루 058530 장기차입금 2,180,000,000 2,300,000,000
이큐스앤자루 058530 기타비유동금융부채 0 0
이큐스앤자루 058530 이연법인세부채 0 0
이큐스앤자루 058530 비유동리스부채 0 0
이큐스앤자루 058530 부채총계 20,299,178,073 21,662,983,711
이큐스앤자루 058530 자본금 15,495,366,500 15,450,366,500
이큐스앤자루 058530 자본잉여금 19,296,662,907 18,621,494,152
이큐스앤자루 058530 자본조정 0 0
이큐스앤자루 058530 기타포괄손익누계액 2,176,635,479 2,176,635,479
이큐스앤자루 058530 이익잉여금(결손금) -7,611,525,317 -7,724,415,998
이큐스앤자루 058530 자본총계 0 0
이큐스앤자루 058530 자본과부채총계 49,591,947,824 50,568,649,107
date : 2016-09-30
이큐스앤자루 058530 유동자산 40,106,166,244 26,408,756,086
이큐스앤자루 058530 현금및현금성자산 587,714,023 3,655,470,553
이큐스앤자루 058530 매출채권 0 0
이큐스앤자루 058530 재고자산 20,345,030,813 14,747,529,338
이큐스앤자루 058530 기타유동금융자산 0 0
이큐스앤자루 058530 기타유동자산 1,434,980,813 291,697,663
이큐스앤자루 058530 매각예정비유동자산 0 0
이큐스앤자루 058530 비유동자산 38,248,418,189 24,159,893,021
이큐스앤자루 058530 장기금융상품 787,000,000 731,873,412
이큐스앤자루 058530 기타포괄손익-공정가치 0 0
이큐스앤자루 058530 당기손익인식공정가치측정금융자산 0 0
이큐스앤자루 058530 종속회사투자 0 0
이큐스앤자루 058530 관계회사투자 0 0
이큐스앤자루 058530 렌탈자산 0 0
이큐스앤자루 058530 유형자산 9,660,632,379 9,830,237,832
이큐스앤자루 058530 무형자산 1,950,845,359 1,689,489,015
이큐스앤자루 058530 기타비유동금융자산 0 0
이큐스앤자루 058530 기타비유동자산 11,439,073,976 6,929,515,260
이큐스앤자루 058530 사용권자산 0 0
이큐스앤자루 058530 이연법인세자산 535,260,452 538,946,362
이큐스앤자루 058530 자산총계 78,354,584,433 50,568,649,107
이큐스앤자루 058530 유동부채 16,945,215,059 16,332,406,853
이큐스앤자루 058530 단기매입채무 0 0
이큐스앤자루 058530 단기차입금 5,882,047,164 5,901,072,288
이큐스앤자루 058530 유동성장기차입금 4,090,000,000 3,700,000,000
이큐스앤자루 058530 유동성사채 0 0
이큐스앤자루 058530 기타유동금융부채 0 0
이큐스앤자루 058530 기타유동부채 796,614,703 942,966,114
이큐스앤자루 058530 당기법인세부채 0 0
이큐스앤자루 058530 유동리스부채 0 0
이큐스앤자루 058530 비유동부채 14,500,111,034 5,330,576,858
이큐스앤자루 058530 사채 0 0
이큐스앤자루 058530 장기차입금 2,180,000,000 2,300,000,000
이큐스앤자루 058530 기타비유동금융부채 0 0
이큐스앤자루 058530 이연법인세부채 0 0
이큐스앤자루 058530 비유동리스부채 0 0
이큐스앤자루 058530 부채총계 31,445,326,093 21,662,983,711
이큐스앤자루 058530 자본금 17,084,281,500 15,450,366,500
이큐스앤자루 058530 자본잉여금 35,584,413,649 18,621,494,152
이큐스앤자루 058530 자본조정 0 0
이큐스앤자루 058530 기타포괄손익누계액 2,007,912,854 2,176,635,479
이큐스앤자루 058530 이익잉여금(결손금) -7,813,238,484 -7,724,415,998
이큐스앤자루 058530 자본총계 0 0
이큐스앤자루 058530 자본과부채총계 78,354,584,433 50,568,649,107
date : 2016-12-31
이큐스앤자루 058530 유동자산 42,417,389,019 26,408,756,086
이큐스앤자루 058530 현금및현금성자산 1,811,469,702 3,655,470,553
이큐스앤자루 058530 매출채권 0 0
이큐스앤자루 058530 재고자산 19,803,096,752 14,747,529,338
이큐스앤자루 058530 기타유동금융자산 0 0
이큐스앤자루 058530 기타유동자산 760,867,381 291,697,663
이큐스앤자루 058530 매각예정비유동자산 0 0
이큐스앤자루 058530 비유동자산 34,640,211,926 24,159,893,021
이큐스앤자루 058530 장기금융상품 632,000,000 731,873,412
이큐스앤자루 058530 기타포괄손익-공정가치 0 0
이큐스앤자루 058530 당기손익인식공정가치측정금융자산 0 0
이큐스앤자루 058530 종속회사투자 0 0
이큐스앤자루 058530 관계회사투자 0 0
이큐스앤자루 058530 렌탈자산 0 0
이큐스앤자루 058530 유형자산 9,473,031,103 9,830,237,832
이큐스앤자루 058530 무형자산 612,790,833 1,689,489,015
이큐스앤자루 058530 기타비유동금융자산 0 0
이큐스앤자루 058530 기타비유동자산 11,469,153,976 6,929,515,260
이큐스앤자루 058530 사용권자산 0 0
이큐스앤자루 058530 이연법인세자산 304,105,161 538,946,362
이큐스앤자루 058530 자산총계 77,057,600,945 50,568,649,107
이큐스앤자루 058530 유동부채 29,015,447,539 16,332,406,853
이큐스앤자루 058530 단기매입채무 0 0
이큐스앤자루 058530 단기차입금 5,626,328,387 5,901,072,288
이큐스앤자루 058530 유동성장기차입금 3,960,000,000 3,700,000,000
이큐스앤자루 058530 유동성사채 0 0
이큐스앤자루 058530 기타유동금융부채 0 0
이큐스앤자루 058530 기타유동부채 802,499,801 942,966,114
이큐스앤자루 058530 당기법인세부채 0 0
이큐스앤자루 058530 유동리스부채 0 0
이큐스앤자루 058530 비유동부채 1,756,256,195 5,330,576,858
이큐스앤자루 058530 사채 0 0
이큐스앤자루 058530 장기차입금 2,180,000,000 2,300,000,000
이큐스앤자루 058530 기타비유동금융부채 0 0
이큐스앤자루 058530 이연법인세부채 0 0
이큐스앤자루 058530 비유동리스부채 0 0
이큐스앤자루 058530 부채총계 30,771,703,734 21,662,983,711
이큐스앤자루 058530 자본금 17,291,750,000 15,450,366,500
이큐스앤자루 058530 자본잉여금 36,754,945,040 18,621,494,152
이큐스앤자루 058530 자본조정 0 0
이큐스앤자루 058530 기타포괄손익누계액 1,943,803,017 2,176,635,479
이큐스앤자루 058530 이익잉여금(결손금) -9,839,020,175 -7,724,415,998
이큐스앤자루 058530 자본총계 0 0
이큐스앤자루 058530 자본과부채총계 77,057,600,945 50,568,649,107
date : 2017-03-31
크레아플래닛 058530 유동자산 43,424,793,337 42,417,389,019
크레아플래닛 058530 현금및현금성자산 3,155,191,170 1,811,469,702
크레아플래닛 058530 매출채권 0 0
크레아플래닛 058530 재고자산 20,544,003,164 19,803,096,752
크레아플래닛 058530 기타유동금융자산 0 0
크레아플래닛 058530 기타유동자산 727,772,553 760,867,381
크레아플래닛 058530 매각예정비유동자산 0 0
크레아플래닛 058530 비유동자산 28,429,983,442 34,640,211,926
크레아플래닛 058530 장기금융상품 677,000,000 632,000,000
크레아플래닛 058530 기타포괄손익-공정가치 0 0
크레아플래닛 058530 당기손익인식공정가치측정금융자산 0 0
크레아플래닛 058530 종속회사투자 0 0
크레아플래닛 058530 관계회사투자 0 0
크레아플래닛 058530 렌탈자산 0 0
크레아플래닛 058530 유형자산 9,397,327,123 9,473,031,103
크레아플래닛 058530 무형자산 612,584,368 612,790,833
크레아플래닛 058530 기타비유동금융자산 0 0
크레아플래닛 058530 기타비유동자산 5,509,153,976 11,469,153,976
크레아플래닛 058530 사용권자산 0 0
크레아플래닛 058530 이연법인세자산 304,105,161 304,105,161
크레아플래닛 058530 자산총계 71,854,776,779 77,057,600,945
크레아플래닛 058530 유동부채 25,318,946,413 29,015,447,539
크레아플래닛 058530 단기매입채무 0 0
크레아플래닛 058530 단기차입금 6,761,507,410 5,626,328,387
크레아플래닛 058530 유동성장기차입금 3,930,000,000 3,960,000,000
크레아플래닛 058530 유동성사채 0 0
크레아플래닛 058530 기타유동금융부채 0 0
크레아플래닛 058530 기타유동부채 1,118,470,027 802,499,801
크레아플래닛 058530 당기법인세부채 0 0
크레아플래닛 058530 유동리스부채 0 0
크레아플래닛 058530 비유동부채 1,850,500,811 1,756,256,195
크레아플래닛 058530 사채 0 0
크레아플래닛 058530 장기차입금 2,180,000,000 1,756,256,195
크레아플래닛 058530 기타비유동금융부채 0 0
크레아플래닛 058530 이연법인세부채 0 0
크레아플래닛 058530 비유동리스부채 0 0
크레아플래닛 058530 부채총계 27,169,447,224 30,771,703,734
크레아플래닛 058530 자본금 17,291,750,000 17,291,750,000
크레아플래닛 058530 자본잉여금 35,797,302,497 36,754,945,040
크레아플래닛 058530 자본조정 0 0
크레아플래닛 058530 기타포괄손익누계액 1,747,767,142 1,943,803,017
크레아플래닛 058530 이익잉여금(결손금) -10,396,168,053 -9,839,020,175
크레아플래닛 058530 자본총계 0 0
크레아플래닛 058530 자본과부채총계 71,854,776,779 77,057,600,945
date : 2017-06-30
크레아플래닛 058530 유동자산 45,216,105,249 42,417,389,019
크레아플래닛 058530 현금및현금성자산 392,581,395 1,811,469,702
크레아플래닛 058530 매출채권 0 0
크레아플래닛 058530 재고자산 19,138,628,421 19,803,096,752
크레아플래닛 058530 기타유동금융자산 0 0
크레아플래닛 058530 기타유동자산 985,147,558 760,867,381
크레아플래닛 058530 매각예정비유동자산 0 0
크레아플래닛 058530 비유동자산 38,874,657,282 34,640,211,926
크레아플래닛 058530 장기금융상품 2,000,000 632,000,000
크레아플래닛 058530 기타포괄손익-공정가치 0 0
크레아플래닛 058530 당기손익인식공정가치측정금융자산 0 0
크레아플래닛 058530 종속회사투자 0 0
크레아플래닛 058530 관계회사투자 0 0
크레아플래닛 058530 렌탈자산 0 0
크레아플래닛 058530 유형자산 6,290,091,447 9,473,031,103
크레아플래닛 058530 무형자산 612,377,953 612,790,833
크레아플래닛 058530 기타비유동금융자산 0 0
크레아플래닛 058530 기타비유동자산 5,791,669,976 11,469,153,976
크레아플래닛 058530 사용권자산 0 0
크레아플래닛 058530 이연법인세자산 304,105,161 304,105,161
크레아플래닛 058530 자산총계 84,090,762,531 77,057,600,945
크레아플래닛 058530 유동부채 37,410,177,628 29,015,447,539
크레아플래닛 058530 단기매입채무 0 0
크레아플래닛 058530 단기차입금 16,548,384,559 5,626,328,387
크레아플래닛 058530 유동성장기차입금 3,300,000,000 3,960,000,000
크레아플래닛 058530 유동성사채 0 0
크레아플래닛 058530 기타유동금융부채 0 0
크레아플래닛 058530 기타유동부채 890,887,261 662,299,801
크레아플래닛 058530 당기법인세부채 0 0
크레아플래닛 058530 유동리스부채 0 0
크레아플래닛 058530 비유동부채 4,627,377,085 1,756,256,195
크레아플래닛 058530 사채 0 0
크레아플래닛 058530 장기차입금 0 1,756,256,195
크레아플래닛 058530 기타비유동금융부채 0 0
크레아플래닛 058530 이연법인세부채 0 0
크레아플래닛 058530 비유동리스부채 0 0
크레아플래닛 058530 부채총계 42,037,554,713 30,771,703,734
크레아플래닛 058530 자본금 17,465,250,000 17,291,750,000
크레아플래닛 058530 자본잉여금 35,386,365,996 36,754,945,040
크레아플래닛 058530 자본조정 0 0
크레아플래닛 058530 기타포괄손익누계액 1,583,081,615 1,943,803,017
크레아플래닛 058530 이익잉여금(결손금) -12,910,117,110 -9,839,020,175
크레아플래닛 058530 자본총계 0 0
크레아플래닛 058530 자본과부채총계 84,090,762,531 77,057,600,945
date : 2017-09-30
크레아플래닛 058530 유동자산 50,627,191,936 40,106,166,244
크레아플래닛 058530 현금및현금성자산 4,036,844,517 587,714,023
크레아플래닛 058530 매출채권 및 기타유동채권
크레아플래닛 058530 재고자산 21,673,367,724 20,345,030,813
크레아플래닛 058530 기타유동금융자산 827,157,275 20,345,030,813
크레아플래닛 058530 기타유동자산 4,460,664,887 1,434,980,813
크레아플래닛 058530 매각예정비유동자산 0 0
크레아플래닛 058530 비유동자산 37,322,751,745 38,248,418,189
크레아플래닛 058530 장기금융상품 102,000,000 787,000,000
크레아플래닛 058530 기타포괄손익-공정가치 0 0
크레아플래닛 058530 당기손익인식공정가치측정금융자산 0 0
크레아플래닛 058530 종속회사투자 0 0
크레아플래닛 058530 관계회사투자 0 0
크레아플래닛 058530 렌탈자산 0 0
크레아플래닛 058530 유형자산 6,135,778,236 9,660,632,379
크레아플래닛 058530 무형자산 612,171,538 1,950,845,359
크레아플래닛 058530 기타비유동금융자산 0 0
크레아플래닛 058530 기타비유동자산 6,019,719,412 11,439,073,976
크레아플래닛 058530 사용권자산 0 0
크레아플래닛 058530 이연법인세자산 304,105,161 535,260,452
크레아플래닛 058530 자산총계 87,949,943,681 78,354,584,433
크레아플래닛 058530 유동부채 39,812,328,710 16,945,215,059
크레아플래닛 058530 단기매입채무 5,919,353,002 5,102,153,292
크레아플래닛 058530 단기차입금 7,365,264,316 5,882,047,164
크레아플래닛 058530 유동성장기차입금 4,090,000,000 5,882,047,164
크레아플래닛 058530 유동성사채 0 0
크레아플래닛 058530 기타유동금융부채 0 5,882,047,164
크레아플래닛 058530 기타유동부채 2,519,565,311 5,882,047,164
크레아플래닛 058530 당기법인세부채 0 0
크레아플래닛 058530 유동리스부채 0 0
크레아플래닛 058530 비유동부채 4,690,982,362 14,500,111,034
크레아플래닛 058530 사채 0 0
크레아플래닛 058530 장기차입금 0 14,500,111,034
크레아플래닛 058530 기타비유동금융부채 0 0
크레아플래닛 058530 이연법인세부채 0 0
크레아플래닛 058530 비유동리스부채 0 0
크레아플래닛 058530 부채총계 44,503,311,072 31,445,326,093
크레아플래닛 058530 자본금 18,470,250,000 17,084,281,500
크레아플래닛 058530 자본잉여금 37,615,285,996 35,584,413,649
크레아플래닛 058530 자본조정 0 0
크레아플래닛 058530 기타포괄손익누계액 635,290,565 2,007,912,854
크레아플래닛 058530 이익잉여금(결손금) -15,040,115,147 -7,813,238,484
크레아플래닛 058530 자본총계 43,446,632,609 46,909,258,340
크레아플래닛 058530 자본과부채총계 87,949,943,681 78,354,584,433
date : 2017-12-31
크레아플래닛 058530 유동자산 63,144,966,360 42,417,389,019
크레아플래닛 058530 현금및현금성자산 13,020,861,619 1,811,469,702
크레아플래닛 058530 매출채권 및 기타유동채권
크레아플래닛 058530 재고자산 14,436,226,771 19,803,096,752
크레아플래닛 058530 기타유동금융자산 893,559,473 1,168,869,158
크레아플래닛 058530 기타유동자산 9,259,767,161 2,714,152,544
크레아플래닛 058530 매각예정비유동자산 0 0
크레아플래닛 058530 비유동자산 31,134,817,909 34,640,211,926
크레아플래닛 058530 장기금융상품 2,000,000 632,000,000
크레아플래닛 058530 기타포괄손익-공정가치 0 0
크레아플래닛 058530 당기손익인식공정가치측정금융자산 0 0
크레아플래닛 058530 종속회사투자 0 0
크레아플래닛 058530 관계회사투자 0 0
크레아플래닛 058530 렌탈자산 0 0
크레아플래닛 058530 유형자산 5,277,648,139 9,473,031,103
크레아플래닛 058530 무형자산 612,790,833 1,689,489,015
크레아플래닛 058530 기타비유동금융자산 0 0
크레아플래닛 058530 기타비유동자산 7,613,219,976 11,565,084,014
크레아플래닛 058530 사용권자산 0 0
크레아플래닛 058530 이연법인세자산 304,105,161 538,946,362
크레아플래닛 058530 자산총계 94,279,784,269 77,057,600,945
크레아플래닛 058530 유동부채 34,649,589,651 29,015,447,539
크레아플래닛 058530 단기매입채무 6,449,108,499 5,199,659,883
크레아플래닛 058530 단기차입금 200,000,000 5,626,328,387
크레아플래닛 058530 유동성장기차입금 3,960,000,000 3,700,000,000
크레아플래닛 058530 유동성사채 0 0
크레아플래닛 058530 기타유동금융부채 0 3,700,000,000
크레아플래닛 058530 기타유동부채 37,266,239 3,700,000,000
크레아플래닛 058530 당기법인세부채 0 0
크레아플래닛 058530 유동리스부채 0 0
크레아플래닛 058530 비유동부채 9,680,071,174 1,756,256,195
크레아플래닛 058530 사채 5,000,000,000 2,180,000,000
크레아플래닛 058530 장기차입금 3,000,000,000 2,180,000,000
크레아플래닛 058530 기타비유동금융부채 0 0
크레아플래닛 058530 이연법인세부채 0 0
크레아플래닛 058530 비유동리스부채 0 0
크레아플래닛 058530 부채총계 44,329,660,825 30,771,703,734
크레아플래닛 058530 자본금 27,338,913,000 17,291,750,000
크레아플래닛 058530 자본잉여금 46,154,605,781 36,754,945,040
크레아플래닛 058530 자본조정 0 0
크레아플래닛 058530 기타포괄손익누계액 1,568,681,994 1,943,803,017
크레아플래닛 058530 이익잉여금(결손금) -25,764,985,309 -9,839,020,175
크레아플래닛 058530 자본총계 49,950,123,444 46,285,897,211
크레아플래닛 058530 자본과부채총계 94,279,784,269 77,057,600,945
date : 2018-03-31
크레아플래닛 058530 유동자산 55,959,397,309 63,144,966,360
크레아플래닛 058530 현금및현금성자산 893,244,824 13,020,861,619
크레아플래닛 058530 매출채권 및 기타유동채권
크레아플래닛 058530 재고자산 16,475,976,797 14,436,226,771
크레아플래닛 058530 기타유동금융자산 4,246,557,388 893,559,473
크레아플래닛 058530 기타유동자산 9,322,094,159 9,259,767,161
크레아플래닛 058530 매각예정비유동자산 0 0
크레아플래닛 058530 비유동자산 35,900,933,065 31,134,817,909
크레아플래닛 058530 장기금융상품 2,000,000 2,000,000
크레아플래닛 058530 기타포괄손익-공정가치 0 0
크레아플래닛 058530 당기손익인식공정가치측정금융자산 0 0
크레아플래닛 058530 종속회사투자 0 0
크레아플래닛 058530 관계회사투자 0 0
크레아플래닛 058530 렌탈자산 0 0
크레아플래닛 058530 유형자산 5,243,334,199 5,277,648,139
크레아플래닛 058530 무형자산 0 0
크레아플래닛 058530 기타비유동금융자산 0 0
크레아플래닛 058530 기타비유동자산 7,415,419,976 7,613,219,976
크레아플래닛 058530 사용권자산 0 0
크레아플래닛 058530 이연법인세자산 0 0
크레아플래닛 058530 자산총계 91,860,330,374 94,279,784,269
크레아플래닛 058530 유동부채 32,463,219,648 34,649,589,651
크레아플래닛 058530 단기매입채무 4,814,950,384 6,449,108,499
크레아플래닛 058530 단기차입금 200,000,000 6,449,108,499
크레아플래닛 058530 유동성장기차입금 0 0
크레아플래닛 058530 유동성사채 0 0
크레아플래닛 058530 기타유동금융부채 0 0
크레아플래닛 058530 기타유동부채 0 0
크레아플래닛 058530 당기법인세부채 0 0
크레아플래닛 058530 유동리스부채 0 0
크레아플래닛 058530 비유동부채 9,638,384,814 9,680,071,174
크레아플래닛 058530 사채 5,000,000,000 5,000,000,000
크레아플래닛 058530 장기차입금 3,000,000,000 3,000,000,000
크레아플래닛 058530 기타비유동금융부채 0 0
크레아플래닛 058530 이연법인세부채 0 0
크레아플래닛 058530 비유동리스부채 0 0
크레아플래닛 058530 부채총계 42,101,604,462 44,329,660,825
크레아플래닛 058530 자본금 27,338,913,000 27,338,913,000
크레아플래닛 058530 자본잉여금 20,389,620,472 46,154,605,781
크레아플래닛 058530 자본조정 0 0
크레아플래닛 058530 기타포괄손익누계액 1,588,455,945 1,568,681,994
크레아플래닛 058530 이익잉여금(결손금) -319,033,195 -25,764,985,309
크레아플래닛 058530 자본총계 49,758,725,912 49,950,123,444
크레아플래닛 058530 자본과부채총계 91,860,330,374 94,279,784,269
date : 2018-06-30
슈펙스비앤피 058530 유동자산 59,663,959,814 63,144,966,360
슈펙스비앤피 058530 현금및현금성자산 7,260,033,634 13,020,861,619
슈펙스비앤피 058530 매출채권 및 기타유동채권
슈펙스비앤피 058530 재고자산 14,514,725,839 14,436,226,771
슈펙스비앤피 058530 기타유동금융자산 4,250,807,666 893,559,473
슈펙스비앤피 058530 기타유동자산 7,495,214,631 9,259,767,161
슈펙스비앤피 058530 매각예정비유동자산 0 0
슈펙스비앤피 058530 비유동자산 56,247,562,490 31,134,817,909
슈펙스비앤피 058530 장기금융상품 122,000,000 2,000,000
슈펙스비앤피 058530 기타포괄손익-공정가치 측정 금융자산
슈펙스비앤피 058530 당기손익인식공정가치측정금융자산 0 0
슈펙스비앤피 058530 종속회사투자 0 0
슈펙스비앤피 058530 관계회사투자 0 0
슈펙스비앤피 058530 렌탈자산 0 0
슈펙스비앤피 058530 유형자산 8,887,979,252 5,277,648,139
슈펙스비앤피 058530 무형자산 0 0
슈펙스비앤피 058530 기타비유동금융자산 0 0
슈펙스비앤피 058530 기타비유동자산 19,424,521,138 7,613,219,976
슈펙스비앤피 058530 사용권자산 0 0
슈펙스비앤피 058530 이연법인세자산 0 0
슈펙스비앤피 058530 자산총계 115,911,522,304 94,279,784,269
슈펙스비앤피 058530 유동부채 52,018,069,640 34,649,589,651
슈펙스비앤피 058530 단기매입채무 2,927,559,598 6,449,108,499
슈펙스비앤피 058530 단기차입금 200,000,000 6,449,108,499
슈펙스비앤피 058530 유동성장기차입금 0 0
슈펙스비앤피 058530 유동성사채 5,000,000,000 6,449,108,499
슈펙스비앤피 058530 기타유동금융부채 168,713,703 6,449,108,499
슈펙스비앤피 058530 기타유동부채 0 0
슈펙스비앤피 058530 당기법인세부채 0 0
슈펙스비앤피 058530 유동리스부채 0 0
슈펙스비앤피 058530 비유동부채 4,735,898,454 9,680,071,174
슈펙스비앤피 058530 사채 5,000,000,000 3,000,000,000
슈펙스비앤피 058530 장기차입금 3,000,000,000 3,000,000,000
슈펙스비앤피 058530 기타비유동금융부채 0 0
슈펙스비앤피 058530 이연법인세부채 0 0
슈펙스비앤피 058530 비유동리스부채 0 0
슈펙스비앤피 058530 부채총계 56,753,968,094 44,329,660,825
슈펙스비앤피 058530 자본금 29,393,658,000 27,338,913,000
슈펙스비앤피 058530 자본잉여금 26,523,964,818 46,154,605,781
슈펙스비앤피 058530 자본조정 0 0
슈펙스비앤피 058530 기타포괄손익누계액 1,684,377,490 1,568,681,994
슈펙스비앤피 058530 이익잉여금(결손금) 608,465,817 -25,764,985,309
슈펙스비앤피 058530 자본총계 59,157,554,210 49,950,123,444
슈펙스비앤피 058530 자본과부채총계 115,911,522,304 94,279,784,269
date : 2018-09-30
슈펙스비앤피 058530 유동자산 61,615,580,896 63,144,966,360
슈펙스비앤피 058530 현금및현금성자산 5,334,274,501 13,020,861,619
슈펙스비앤피 058530 매출채권 및 기타유동채권
슈펙스비앤피 058530 재고자산 14,206,212,605 14,436,226,771
슈펙스비앤피 058530 기타유동금융자산 10,455,481,462 893,559,473
슈펙스비앤피 058530 기타유동자산 7,523,012,190 9,259,767,161
슈펙스비앤피 058530 매각예정비유동자산 0 0
슈펙스비앤피 058530 비유동자산 58,972,267,695 31,134,817,909
슈펙스비앤피 058530 장기금융상품 152,000,000 2,000,000
슈펙스비앤피 058530 기타포괄손익-공정가치 측정 금융자산
슈펙스비앤피 058530 당기손익인식공정가치측정금융자산 0 0
슈펙스비앤피 058530 종속회사투자 0 0
슈펙스비앤피 058530 관계회사투자 0 0
슈펙스비앤피 058530 렌탈자산 0 0
슈펙스비앤피 058530 유형자산 8,801,997,468 5,277,648,139
슈펙스비앤피 058530 무형자산 0 0
슈펙스비앤피 058530 기타비유동금융자산 0 0
슈펙스비앤피 058530 기타비유동자산 19,216,402,747 7,613,219,976
슈펙스비앤피 058530 사용권자산 0 0
슈펙스비앤피 058530 이연법인세자산 0 0
슈펙스비앤피 058530 자산총계 120,587,848,591 94,279,784,269
슈펙스비앤피 058530 유동부채 58,341,009,560 34,649,589,651
슈펙스비앤피 058530 단기매입채무 2,784,101,599 6,449,108,499
슈펙스비앤피 058530 단기차입금 200,000,000 6,449,108,499
슈펙스비앤피 058530 유동성장기차입금 0 0
슈펙스비앤피 058530 유동성사채 5,000,000,000 6,449,108,499
슈펙스비앤피 058530 기타유동금융부채 0 0
슈펙스비앤피 058530 기타유동부채 0 0
슈펙스비앤피 058530 당기법인세부채 0 0
슈펙스비앤피 058530 유동리스부채 0 0
슈펙스비앤피 058530 비유동부채 4,830,428,030 9,680,071,174
슈펙스비앤피 058530 사채 5,000,000,000 3,000,000,000
슈펙스비앤피 058530 장기차입금 3,000,000,000 3,000,000,000
슈펙스비앤피 058530 기타비유동금융부채 0 0
슈펙스비앤피 058530 이연법인세부채 0 0
슈펙스비앤피 058530 비유동리스부채 0 0
슈펙스비앤피 058530 부채총계 63,171,437,590 44,329,660,825
슈펙스비앤피 058530 자본금 29,393,658,000 27,338,913,000
슈펙스비앤피 058530 자본잉여금 27,526,175,818 46,154,605,781
슈펙스비앤피 058530 자본조정 0 0
슈펙스비앤피 058530 기타포괄손익누계액 1,684,377,490 1,568,681,994
슈펙스비앤피 058530 이익잉여금(결손금) -2,529,457,279 -25,764,985,309
슈펙스비앤피 058530 자본총계 57,416,411,001 49,950,123,444
슈펙스비앤피 058530 자본과부채총계 120,587,848,591 94,279,784,269
date : 2018-12-31
슈펙스비앤피 058530 유동자산 44,413,796,459 63,144,966,360
슈펙스비앤피 058530 현금및현금성자산 13,878,036,362 13,020,861,619
슈펙스비앤피 058530 매출채권 및 기타유동채권
슈펙스비앤피 058530 재고자산 8,671,794,729 14,436,226,771
슈펙스비앤피 058530 기타유동금융자산 5,416,851,354 3,582,247,500
슈펙스비앤피 058530 기타유동자산 123,545,391 6,571,079,134
슈펙스비앤피 058530 매각예정비유동자산 0 0
슈펙스비앤피 058530 비유동자산 71,467,430,846 31,134,817,909
슈펙스비앤피 058530 장기금융상품 182,000,000 2,000,000
슈펙스비앤피 058530 기타포괄손익-공정가치 0 0
슈펙스비앤피 058530 당기손익인식공정가치측정금융자산 0 0
슈펙스비앤피 058530 종속회사투자 0 0
슈펙스비앤피 058530 관계회사투자 0 0
슈펙스비앤피 058530 렌탈자산 0 0
슈펙스비앤피 058530 유형자산 11,763,827,919 5,277,648,139
슈펙스비앤피 058530 무형자산 610,958,734 5,277,648,139
슈펙스비앤피 058530 기타비유동금융자산 0 0
슈펙스비앤피 058530 기타비유동자산 7,613,219,976 11,565,084,014
슈펙스비앤피 058530 사용권자산 0 0
슈펙스비앤피 058530 이연법인세자산 304,105,161 5,277,648,139
슈펙스비앤피 058530 자산총계 115,881,227,305 94,279,784,269
슈펙스비앤피 058530 유동부채 50,660,724,593 34,649,589,651
슈펙스비앤피 058530 단기매입채무 4,061,692,107 6,449,108,499
슈펙스비앤피 058530 단기차입금 200,000,000 5,626,328,387
슈펙스비앤피 058530 유동성장기차입금 3,960,000,000 5,626,328,387
슈펙스비앤피 058530 유동성사채 5,000,000,000 5,626,328,387
슈펙스비앤피 058530 기타유동금융부채 1,752,466,482 5,626,328,387
슈펙스비앤피 058530 기타유동부채 0 0
슈펙스비앤피 058530 당기법인세부채 0 0
슈펙스비앤피 058530 유동리스부채 0 0
슈펙스비앤피 058530 비유동부채 12,685,669,300 9,680,071,174
슈펙스비앤피 058530 사채 5,000,000,000 3,000,000,000
슈펙스비앤피 058530 장기차입금 3,000,000,000 3,000,000,000
슈펙스비앤피 058530 기타비유동금융부채 0 0
슈펙스비앤피 058530 이연법인세부채 0 0
슈펙스비앤피 058530 비유동리스부채 0 0
슈펙스비앤피 058530 부채총계 63,346,393,893 44,329,660,825
슈펙스비앤피 058530 자본금 29,393,658,000 27,338,913,000
슈펙스비앤피 058530 자본잉여금 33,161,355,889 46,154,605,781
슈펙스비앤피 058530 자본조정 0 0
슈펙스비앤피 058530 기타포괄손익누계액 6,967,042,714 1,568,681,994
슈펙스비앤피 058530 이익잉여금(결손금) -16,987,223,191 -25,764,985,309
슈펙스비앤피 058530 자본총계 52,534,833,412 49,950,123,444
슈펙스비앤피 058530 자본과부채총계 115,881,227,305 94,279,784,269
date : 2019-03-31
슈펙스비앤피 058530 유동자산 42,777,829,747 44,413,796,459
슈펙스비앤피 058530 현금및현금성자산 17,425,552,189 13,878,036,362
슈펙스비앤피 058530 매출채권 및 기타유동채권
슈펙스비앤피 058530 재고자산 8,626,067,251 8,671,794,729
슈펙스비앤피 058530 기타유동금융자산 1,675,619,395 5,416,851,354
슈펙스비앤피 058530 기타유동자산 439,457,265 123,545,391
슈펙스비앤피 058530 매각예정비유동자산 0 0
슈펙스비앤피 058530 비유동자산 69,526,025,083 71,467,430,846
슈펙스비앤피 058530 장기금융상품 212,000,000 182,000,000
슈펙스비앤피 058530 기타포괄손익-공정가치 0 0
슈펙스비앤피 058530 당기손익인식공정가치측정금융자산 0 0
슈펙스비앤피 058530 종속회사투자 0 0
슈펙스비앤피 058530 관계회사투자 0 0
슈펙스비앤피 058530 렌탈자산 0 0
슈펙스비앤피 058530 유형자산 12,448,109,457 11,763,827,919
슈펙스비앤피 058530 무형자산 0 0
슈펙스비앤피 058530 기타비유동금융자산 0 0
슈펙스비앤피 058530 기타비유동자산 0 0
슈펙스비앤피 058530 사용권자산 0 0
슈펙스비앤피 058530 이연법인세자산 0 0
슈펙스비앤피 058530 자산총계 112,303,854,830 115,881,227,305
슈펙스비앤피 058530 유동부채 48,484,584,528 50,660,724,593
슈펙스비앤피 058530 단기매입채무 3,282,101,536 4,061,692,107
슈펙스비앤피 058530 단기차입금 0 0
슈펙스비앤피 058530 유동성장기차입금 0 0
슈펙스비앤피 058530 유동성사채 5,000,000,000 5,000,000,000
슈펙스비앤피 058530 기타유동금융부채 1,662,016,536 1,752,466,482
슈펙스비앤피 058530 기타유동부채 0 0
슈펙스비앤피 058530 당기법인세부채 0 0
슈펙스비앤피 058530 유동리스부채 0 0
슈펙스비앤피 058530 비유동부채 13,096,498,110 12,685,669,300
슈펙스비앤피 058530 사채 0 0
슈펙스비앤피 058530 장기차입금 3,000,000,000 3,000,000,000
슈펙스비앤피 058530 기타비유동금융부채 0 0
슈펙스비앤피 058530 이연법인세부채 0 0
슈펙스비앤피 058530 비유동리스부채 0 0
슈펙스비앤피 058530 부채총계 61,581,082,638 63,346,393,893
슈펙스비앤피 058530 자본금 29,393,658,000 29,393,658,000
슈펙스비앤피 058530 자본잉여금 15,802,469,898 33,161,355,889
슈펙스비앤피 058530 자본조정 0 0
슈펙스비앤피 058530 기타포괄손익누계액 6,967,042,714 6,967,042,714
슈펙스비앤피 058530 이익잉여금(결손금) -1,440,398,420 -16,987,223,191
슈펙스비앤피 058530 자본총계 50,722,772,192 52,534,833,412
슈펙스비앤피 058530 자본과부채총계 112,303,854,830 115,881,227,305
