date : 2019-03-31
레드로버 060300 유동자산 61,299,000,174 59,183,748,037
레드로버 060300 현금및현금성자산 1,726,145,424 2,071,318,278
레드로버 060300 매출채권 및 기타유동채권
레드로버 060300 재고자산 162,499,832 162,697,832
레드로버 060300 기타유동자산 13,471,079,883 13,668,277,349
레드로버 060300 비유동자산 68,651,875,711 62,013,826,587
레드로버 060300 기타비유동금융자산 35,889,230,922 35,748,307,249
레드로버 060300 유형자산 494,156,409 572,614,162
레드로버 060300 무형자산 458,934,421 511,906,477
레드로버 060300 이연법인세자산 0 0
레드로버 060300 자산총계 129,950,875,885 121,197,574,624
레드로버 060300 유동부채 9,178,063,910 8,304,664,155
레드로버 060300 단기차입금 7,902,135,153 7,026,899,153
레드로버 060300 유동성사채 0 0
레드로버 060300 기타유동부채 211,203,082 385,913,302
레드로버 060300 비유동부채 11,887,971,998 5,722,238,644
레드로버 060300 장기차입금 555,555,568 763,888,900
레드로버 060300 부채총계 21,066,035,908 14,026,902,799
레드로버 060300 자본금 23,818,849,000 23,818,849,000
레드로버 060300 이익잉여금(결손금) -69,103,097,637 -68,820,888,138
레드로버 060300 자본총계 108,884,839,977 107,170,671,825
레드로버 060300 자본과부채총계 129,950,875,885 121,197,574,624
