date : 2015-03-31
3S 060310 유동자산 14,907,177,686 16,826,799,889
3S 060310 현금및현금성자산 6,952,652,709 4,414,124,927
3S 060310 매출채권 및 기타유동채권
3S 060310 재고자산 1,658,159,847 2,481,884,268
3S 060310 기타유동금융자산 0 0
3S 060310 기타유동자산 205,768,388 189,879,571
3S 060310 매각예정비유동자산 0 0
3S 060310 비유동자산 51,526,982,735 53,555,493,541
3S 060310 장기금융상품 2,321,432,655 2,085,769,074
3S 060310 기타포괄손익-공정가치 0 0
3S 060310 당기손익인식공정가치측정금융자산 0 0
3S 060310 종속회사투자 0 0
3S 060310 관계회사투자 0 0
3S 060310 렌탈자산 0 0
3S 060310 유형자산 41,115,036,217 44,661,969,536
3S 060310 무형자산 2,159,817,208 2,478,032,657
3S 060310 기타비유동금융자산 0 0
3S 060310 기타비유동자산 0 0
3S 060310 사용권자산 0 0
3S 060310 이연법인세자산 243,007,820 2,478,032,657
3S 060310 자산총계 66,434,160,421 70,382,293,430
3S 060310 유동부채 21,461,289,411 15,306,184,950
3S 060310 단기매입채무 0 0
3S 060310 단기차입금 9,610,000,000 8,377,700,000
3S 060310 유동성장기차입금 2,645,030,192 1,288,528,288
3S 060310 유동성사채 0 0
3S 060310 기타유동금융부채 0 0
3S 060310 기타유동부채 125,432,140 20,331,385
3S 060310 당기법인세부채 43,938,660 20,331,385
3S 060310 유동리스부채 0 0
3S 060310 비유동부채 7,303,332,302 12,396,331,816
3S 060310 사채 0 0
3S 060310 장기차입금 4,364,780,000 7,026,301,216
3S 060310 기타비유동금융부채 8,170,970 28,170,970
3S 060310 이연법인세부채 0 0
3S 060310 비유동리스부채 0 0
3S 060310 부채총계 28,764,621,713 27,702,516,766
3S 060310 자본금 20,446,134,000 20,446,134,000
3S 060310 자본잉여금 0 0
3S 060310 자본조정 0 0
3S 060310 기타포괄손익누계액 0 0
3S 060310 이익잉여금(결손금) -18,962,088,416 -13,423,869,177
3S 060310 자본총계 37,669,538,708 42,679,776,664
3S 060310 자본과부채총계 66,434,160,421 70,382,293,430
date : 2016-06-30
3S 060310 유동자산 14,466,871,449 11,556,356,472
3S 060310 현금및현금성자산 1,111,262,861 1,075,013,225
3S 060310 매출채권 및 기타유동채권
3S 060310 재고자산 1,761,275,282 1,306,137,450
3S 060310 기타유동금융자산 0 0
3S 060310 기타유동자산 556,330,351 174,559,169
3S 060310 매각예정비유동자산 0 0
3S 060310 비유동자산 44,204,286,715 44,590,155,114
3S 060310 장기금융상품 545,376,925 512,876,925
3S 060310 기타포괄손익-공정가치 0 0
3S 060310 당기손익인식공정가치측정금융자산 0 0
3S 060310 종속회사투자 0 0
3S 060310 관계회사투자 0 0
3S 060310 렌탈자산 0 0
3S 060310 유형자산 36,655,078,350 37,043,728,484
3S 060310 무형자산 1,873,407,595 1,929,023,051
3S 060310 기타비유동금융자산 0 0
3S 060310 기타비유동자산 0 0
3S 060310 사용권자산 0 0
3S 060310 이연법인세자산 0 0
3S 060310 자산총계 58,671,158,164 56,146,511,586
3S 060310 유동부채 16,445,631,879 15,021,512,840
3S 060310 단기매입채무 0 0
3S 060310 단기차입금 10,033,300,000 9,761,247,000
3S 060310 유동성장기차입금 2,276,040,000 1,509,400,000
3S 060310 유동성사채 0 0
3S 060310 기타유동금융부채 0 0
3S 060310 기타유동부채 636,636,388 14,005,960
3S 060310 당기법인세부채 0 0
3S 060310 유동리스부채 0 0
3S 060310 비유동부채 6,381,179,459 7,004,276,082
3S 060310 사채 0 0
3S 060310 장기차입금 3,069,690,000 4,022,020,000
3S 060310 기타비유동금융부채 58,170,970 8,170,970
3S 060310 이연법인세부채 0 0
3S 060310 비유동리스부채 0 0
3S 060310 부채총계 22,826,811,338 22,025,788,922
3S 060310 자본금 20,870,396,500 20,446,134,000
3S 060310 자본잉여금 0 0
3S 060310 자본조정 0 0
3S 060310 기타포괄손익누계액 0 0
3S 060310 이익잉여금(결손금) -22,873,627,436 -22,582,611,316
3S 060310 자본총계 35,844,346,826 34,120,722,664
3S 060310 자본과부채총계 58,671,158,164 56,146,511,586
date : 2016-09-30
3S 060310 유동자산 12,129,446,533 11,556,356,472
3S 060310 현금및현금성자산 1,877,978,195 1,075,013,225
3S 060310 매출채권 및 기타유동채권
3S 060310 재고자산 1,895,045,710 1,306,137,450
3S 060310 기타유동금융자산 0 0
3S 060310 기타유동자산 755,628,372 174,559,169
3S 060310 매각예정비유동자산 0 0
3S 060310 비유동자산 42,984,988,054 44,590,155,114
3S 060310 장기금융상품 612,860,000 512,876,925
3S 060310 기타포괄손익-공정가치 0 0
3S 060310 당기손익인식공정가치측정금융자산 0 0
3S 060310 종속회사투자 0 0
3S 060310 관계회사투자 0 0
3S 060310 렌탈자산 0 0
3S 060310 유형자산 36,178,926,780 37,043,728,484
3S 060310 무형자산 1,817,792,139 1,929,023,051
3S 060310 기타비유동금융자산 0 0
3S 060310 기타비유동자산 0 0
3S 060310 사용권자산 0 0
3S 060310 이연법인세자산 0 0
3S 060310 자산총계 55,114,434,587 56,146,511,586
3S 060310 유동부채 15,471,982,021 15,021,512,840
3S 060310 단기매입채무 0 0
3S 060310 단기차입금 8,800,000,000 9,761,247,000
3S 060310 유동성장기차입금 3,042,680,000 1,509,400,000
3S 060310 유동성사채 0 0
3S 060310 기타유동금융부채 0 0
3S 060310 기타유동부채 52,435,497 14,005,960
3S 060310 당기법인세부채 0 0
3S 060310 유동리스부채 0 0
3S 060310 비유동부채 5,239,594,628 7,004,276,082
3S 060310 사채 0 0
3S 060310 장기차입금 2,117,360,000 4,022,020,000
3S 060310 기타비유동금융부채 208,170,970 8,170,970
3S 060310 이연법인세부채 0 0
3S 060310 비유동리스부채 0 0
3S 060310 부채총계 20,711,576,649 22,025,788,922
3S 060310 자본금 20,984,948,000 20,446,134,000
3S 060310 자본잉여금 0 0
3S 060310 자본조정 0 0
3S 060310 기타포괄손익누계액 0 0
3S 060310 이익잉여금(결손금) -24,759,466,329 -22,582,611,316
3S 060310 자본총계 34,402,857,938 34,120,722,664
3S 060310 자본과부채총계 55,114,434,587 56,146,511,586
date : 2016-12-31
3S 060310 유동자산 16,301,394,414 11,556,356,472
3S 060310 현금및현금성자산 5,433,317,814 1,075,013,225
3S 060310 매출채권 및 기타유동채권
3S 060310 재고자산 1,115,009,646 1,306,137,450
3S 060310 기타유동금융자산 0 0
3S 060310 기타유동자산 506,334,672 174,559,169
3S 060310 매각예정비유동자산 0 0
3S 060310 비유동자산 42,040,593,071 44,590,155,114
3S 060310 장기금융상품 320,860,000 512,876,925
3S 060310 기타포괄손익-공정가치 0 0
3S 060310 당기손익인식공정가치측정금융자산 0 0
3S 060310 종속회사투자 0 0
3S 060310 관계회사투자 0 0
3S 060310 렌탈자산 0 0
3S 060310 유형자산 35,954,044,512 37,043,728,484
3S 060310 무형자산 1,762,176,683 1,929,023,051
3S 060310 기타비유동금융자산 0 0
3S 060310 기타비유동자산 0 0
3S 060310 사용권자산 0 0
3S 060310 이연법인세자산 0 0
3S 060310 자산총계 58,341,987,485 56,146,511,586
3S 060310 유동부채 15,863,888,823 15,021,512,840
3S 060310 단기매입채무 0 0
3S 060310 단기차입금 8,724,459,082 9,761,247,000
3S 060310 유동성장기차입금 2,823,761,490 1,509,400,000
3S 060310 유동성사채 0 0
3S 060310 기타유동금융부채 0 0
3S 060310 기타유동부채 387,465,403 14,005,960
3S 060310 당기법인세부채 0 0
3S 060310 유동리스부채 0 0
3S 060310 비유동부채 7,885,667,836 7,004,276,082
3S 060310 사채 0 0
3S 060310 장기차입금 2,117,360,000 4,022,020,000
3S 060310 기타비유동금융부채 158,170,970 8,170,970
3S 060310 이연법인세부채 0 0
3S 060310 비유동리스부채 0 0
3S 060310 부채총계 23,749,556,659 22,025,788,922
3S 060310 자본금 20,987,069,000 20,446,134,000
3S 060310 자본잉여금 0 0
3S 060310 자본조정 0 0
3S 060310 기타포괄손익누계액 0 0
3S 060310 이익잉여금(결손금) -25,194,502,076 -22,582,611,316
3S 060310 자본총계 34,592,430,826 34,120,722,664
3S 060310 자본과부채총계 58,341,987,485 56,146,511,586
date : 2016-03-31
3S 060310 유동자산 11,556,356,472 14,907,177,686
3S 060310 현금및현금성자산 1,075,013,225 6,952,652,709
3S 060310 매출채권 및 기타유동채권
3S 060310 재고자산 1,306,137,450 1,658,159,847
3S 060310 기타유동금융자산 0 0
3S 060310 기타유동자산 174,559,169 205,768,388
3S 060310 매각예정비유동자산 0 0
3S 060310 비유동자산 44,590,155,114 51,526,982,735
3S 060310 장기금융상품 512,876,925 2,321,432,655
3S 060310 기타포괄손익-공정가치 0 0
3S 060310 당기손익인식공정가치측정금융자산 0 0
3S 060310 종속회사투자 0 0
3S 060310 관계회사투자 0 0
3S 060310 렌탈자산 0 0
3S 060310 유형자산 37,043,728,484 41,115,036,217
3S 060310 무형자산 1,929,023,051 2,159,817,208
3S 060310 기타비유동금융자산 0 0
3S 060310 기타비유동자산 0 0
3S 060310 사용권자산 0 0
3S 060310 이연법인세자산 0 0
3S 060310 자산총계 56,146,511,586 66,434,160,421
3S 060310 유동부채 15,021,512,840 21,461,289,411
3S 060310 단기매입채무 0 0
3S 060310 단기차입금 9,761,247,000 9,610,000,000
3S 060310 유동성장기차입금 0 0
3S 060310 유동성사채 0 0
3S 060310 기타유동금융부채 0 0
3S 060310 기타유동부채 14,005,960 125,432,140
3S 060310 당기법인세부채 0 0
3S 060310 유동리스부채 0 0
3S 060310 비유동부채 7,004,276,082 7,303,332,302
3S 060310 사채 0 0
3S 060310 장기차입금 4,022,020,000 4,364,780,000
3S 060310 기타비유동금융부채 8,170,970 8,170,970
3S 060310 이연법인세부채 0 0
3S 060310 비유동리스부채 0 0
3S 060310 부채총계 22,025,788,922 28,764,621,713
3S 060310 자본금 20,446,134,000 20,446,134,000
3S 060310 자본잉여금 0 0
3S 060310 자본조정 0 0
3S 060310 기타포괄손익누계액 0 0
3S 060310 이익잉여금(결손금) -22,582,611,316 -18,962,088,416
3S 060310 자본총계 34,120,722,664 37,669,538,708
3S 060310 자본과부채총계 56,146,511,586 66,434,160,421
date : 2017-06-30
3S 060310 유동자산 15,081,930,523 15,356,468,069
3S 060310 현금및현금성자산 2,036,974,334 1,853,409,725
3S 060310 매출채권 및 기타유동채권
3S 060310 재고자산 1,191,276,350 1,699,768,011
3S 060310 기타유동금융자산 0 0
3S 060310 기타유동자산 199,706,394 1,225,651,008
3S 060310 매각예정비유동자산 0 0
3S 060310 비유동자산 37,135,962,554 37,283,573,986
3S 060310 장기금융상품 335,860,000 290,860,000
3S 060310 기타포괄손익-공정가치 0 0
3S 060310 당기손익인식공정가치측정금융자산 0 0
3S 060310 종속회사투자 0 0
3S 060310 관계회사투자 0 0
3S 060310 렌탈자산 0 0
3S 060310 유형자산 30,094,475,025 30,442,255,300
3S 060310 무형자산 1,653,093,438 1,706,561,227
3S 060310 기타비유동금융자산 0 0
3S 060310 기타비유동자산 0 0
3S 060310 사용권자산 0 0
3S 060310 이연법인세자산 0 0
3S 060310 자산총계 52,217,893,077 52,640,042,055
3S 060310 유동부채 16,668,263,534 14,749,284,019
3S 060310 단기매입채무 0 0
3S 060310 단기차입금 8,924,459,082 9,721,659,082
3S 060310 유동성장기차입금 2,409,360,000 759,400,000
3S 060310 유동성사채 0 0
3S 060310 기타유동금융부채 0 0
3S 060310 기타유동부채 1,381,175,122 683,669,474
3S 060310 당기법인세부채 0 0
3S 060310 유동리스부채 0 0
3S 060310 비유동부채 7,512,775,377 9,171,008,866
3S 060310 사채 0 0
3S 060310 장기차입금 1,460,340,000 3,262,650,000
3S 060310 기타비유동금융부채 158,170,970 158,170,970
3S 060310 이연법인세부채 0 0
3S 060310 비유동리스부채 0 0
3S 060310 부채총계 24,181,038,911 23,920,292,885
3S 060310 자본금 20,987,069,000 20,987,069,000
3S 060310 자본잉여금 0 0
3S 060310 자본조정 0 0
3S 060310 기타포괄손익누계액 0 0
3S 060310 이익잉여금(결손금) -32,108,615,458 -31,425,720,454
3S 060310 자본총계 28,036,854,166 28,719,749,170
3S 060310 자본과부채총계 52,217,893,077 52,640,042,055
date : 2017-09-30
3S 060310 유동자산 11,706,322,326 15,356,468,069
3S 060310 현금및현금성자산 2,546,144,443 1,853,409,725
3S 060310 매출채권 0 0
3S 060310 재고자산 909,341,820 1,699,768,011
3S 060310 기타유동금융자산 0 0
3S 060310 기타유동자산 235,748,621 1,225,651,008
3S 060310 매각예정비유동자산 0 0
3S 060310 비유동자산 37,348,234,673 37,283,573,986
3S 060310 장기금융상품 375,860,000 290,860,000
3S 060310 기타포괄손익-공정가치 0 0
3S 060310 당기손익인식공정가치측정금융자산 0 0
3S 060310 종속회사투자 0 0
3S 060310 관계회사투자 0 0
3S 060310 렌탈자산 0 0
3S 060310 유형자산 30,259,574,175 30,442,255,300
3S 060310 무형자산 1,600,698,965 1,706,561,227
3S 060310 기타비유동금융자산 0 0
3S 060310 기타비유동자산 0 0
3S 060310 사용권자산 0 0
3S 060310 이연법인세자산 0 0
3S 060310 자산총계 49,054,556,999 52,640,042,055
3S 060310 유동부채 12,290,394,245 14,749,284,019
3S 060310 단기매입채무 0 0
3S 060310 단기차입금 8,624,459,082 9,721,659,082
3S 060310 유동성장기차입금 0 0
3S 060310 유동성사채 0 0
3S 060310 기타유동금융부채 0 0
3S 060310 기타유동부채 29,268,930 683,669,474
3S 060310 당기법인세부채 0 0
3S 060310 유동리스부채 0 0
3S 060310 비유동부채 9,291,416,505 9,171,008,866
3S 060310 사채 0 0
3S 060310 장기차입금 3,041,750,000 3,262,650,000
3S 060310 기타비유동금융부채 0 0
3S 060310 이연법인세부채 0 0
3S 060310 비유동리스부채 0 0
3S 060310 부채총계 21,581,810,750 23,920,292,885
3S 060310 자본금 20,987,069,000 20,987,069,000
3S 060310 자본잉여금 0 0
3S 060310 자본조정 0 0
3S 060310 기타포괄손익누계액 0 0
3S 060310 이익잉여금(결손금) -32,672,723,375 -31,425,720,454
3S 060310 자본총계 27,472,746,249 28,719,749,170
3S 060310 자본과부채총계 49,054,556,999 52,640,042,055
date : 2017-12-31
3S 060310 유동자산 14,122,566,810 15,356,468,069
3S 060310 현금및현금성자산 3,906,699,204 1,853,409,725
3S 060310 매출채권 0 0
3S 060310 재고자산 940,609,070 1,699,768,011
3S 060310 기타유동금융자산 0 0
3S 060310 기타유동자산 283,220,298 1,225,651,008
3S 060310 매각예정비유동자산 0 0
3S 060310 비유동자산 36,981,520,514 37,283,573,986
3S 060310 장기금융상품 420,860,000 290,860,000
3S 060310 기타포괄손익-공정가치 0 0
3S 060310 당기손익인식공정가치측정금융자산 0 0
3S 060310 종속회사투자 0 0
3S 060310 관계회사투자 0 0
3S 060310 렌탈자산 0 0
3S 060310 유형자산 29,901,954,767 30,442,255,300
3S 060310 무형자산 1,548,331,772 1,706,561,227
3S 060310 기타비유동금융자산 0 0
3S 060310 기타비유동자산 0 0
3S 060310 사용권자산 0 0
3S 060310 이연법인세자산 0 0
3S 060310 자산총계 51,104,087,324 52,640,042,055
3S 060310 유동부채 14,096,836,759 14,749,284,019
3S 060310 단기매입채무 0 0
3S 060310 단기차입금 8,404,459,082 9,721,659,082
3S 060310 유동성장기차입금 0 0
3S 060310 유동성사채 0 0
3S 060310 기타유동금융부채 0 0
3S 060310 기타유동부채 33,034,960 683,669,474
3S 060310 당기법인세부채 0 0
3S 060310 유동리스부채 0 0
3S 060310 비유동부채 9,311,158,665 9,171,008,866
3S 060310 사채 0 0
3S 060310 장기차입금 2,906,300,000 3,262,650,000
3S 060310 기타비유동금융부채 0 0
3S 060310 이연법인세부채 0 0
3S 060310 비유동리스부채 0 0
3S 060310 부채총계 23,407,995,424 23,920,292,885
3S 060310 자본금 20,987,069,000 20,987,069,000
3S 060310 자본잉여금 0 0
3S 060310 자본조정 0 0
3S 060310 기타포괄손익누계액 0 0
3S 060310 이익잉여금(결손금) -32,449,377,724 -31,425,720,454
3S 060310 자본총계 27,696,091,900 28,719,749,170
3S 060310 자본과부채총계 51,104,087,324 52,640,042,055
date : 2017-03-31
3S 060310 유동자산 15,356,468,069 11,556,356,472
3S 060310 현금및현금성자산 1,853,409,725 1,075,013,225
3S 060310 매출채권 및 기타유동채권
3S 060310 재고자산 1,699,768,011 1,306,137,450
3S 060310 기타유동금융자산 0 0
3S 060310 기타유동자산 1,225,651,008 174,559,169
3S 060310 매각예정비유동자산 0 0
3S 060310 비유동자산 37,283,573,986 44,590,155,114
3S 060310 장기금융상품 290,860,000 512,876,925
3S 060310 기타포괄손익-공정가치 0 0
3S 060310 당기손익인식공정가치측정금융자산 0 0
3S 060310 종속회사투자 0 0
3S 060310 관계회사투자 0 0
3S 060310 렌탈자산 0 0
3S 060310 유형자산 30,442,255,300 37,043,728,484
3S 060310 무형자산 1,706,561,227 1,929,023,051
3S 060310 기타비유동금융자산 0 0
3S 060310 기타비유동자산 0 0
3S 060310 사용권자산 0 0
3S 060310 이연법인세자산 0 0
3S 060310 자산총계 52,640,042,055 56,146,511,586
3S 060310 유동부채 14,749,284,019 15,021,512,840
3S 060310 단기매입채무 0 0
3S 060310 단기차입금 9,721,659,082 9,761,247,000
3S 060310 유동성장기차입금 759,400,000 1,509,400,000
3S 060310 유동성사채 0 0
3S 060310 기타유동금융부채 0 0
3S 060310 기타유동부채 683,669,474 14,005,960
3S 060310 당기법인세부채 0 0
3S 060310 유동리스부채 0 0
3S 060310 비유동부채 9,171,008,866 7,004,276,082
3S 060310 사채 0 0
3S 060310 장기차입금 3,262,650,000 4,022,020,000
3S 060310 기타비유동금융부채 158,170,970 8,170,970
3S 060310 이연법인세부채 0 0
3S 060310 비유동리스부채 0 0
3S 060310 부채총계 23,920,292,885 22,025,788,922
3S 060310 자본금 20,987,069,000 20,446,134,000
3S 060310 자본잉여금 0 0
3S 060310 자본조정 0 0
3S 060310 기타포괄손익누계액 0 0
3S 060310 이익잉여금(결손금) -31,425,720,454 -22,582,611,316
3S 060310 자본총계 28,719,749,170 34,120,722,664
3S 060310 자본과부채총계 52,640,042,055 56,146,511,586
date : 2018-06-30
3S 060310 유동자산 10,751,220,699 11,154,571,860
3S 060310 현금및현금성자산 1,764,860,909 2,264,962,364
3S 060310 매출채권 0 0
3S 060310 재고자산 1,926,965,316 1,470,634,156
3S 060310 기타유동금융자산 0 0
3S 060310 기타유동자산 338,114,430 315,887,358
3S 060310 매각예정비유동자산 0 0
3S 060310 비유동자산 36,087,348,605 36,464,224,959
3S 060310 장기금융상품 505,860,000 465,860,000
3S 060310 기타포괄손익-공정가치 0 0
3S 060310 당기손익인식공정가치측정금융자산 0 0
3S 060310 종속회사투자 0 0
3S 060310 관계회사투자 0 0
3S 060310 렌탈자산 0 0
3S 060310 유형자산 29,114,889,795 29,473,781,394
3S 060310 무형자산 1,340,046,049 1,391,927,246
3S 060310 기타비유동금융자산 0 0
3S 060310 기타비유동자산 0 0
3S 060310 사용권자산 0 0
3S 060310 이연법인세자산 0 0
3S 060310 자산총계 46,838,569,304 47,618,796,819
3S 060310 유동부채 12,446,956,934 11,747,835,799
3S 060310 단기매입채무 0 0
3S 060310 단기차입금 8,220,000,000 8,264,459,082
3S 060310 유동성장기차입금 0 0
3S 060310 유동성사채 0 0
3S 060310 기타유동금융부채 0 0
3S 060310 기타유동부채 40,654,000 32,781,160
3S 060310 당기법인세부채 0 0
3S 060310 유동리스부채 0 0
3S 060310 비유동부채 4,076,228,561 6,229,576,743
3S 060310 사채 0 0
3S 060310 장기차입금 2,075,400,000 2,490,850,000
3S 060310 기타비유동금융부채 0 0
3S 060310 이연법인세부채 0 0
3S 060310 비유동리스부채 0 0
3S 060310 부채총계 16,523,185,495 17,977,412,542
3S 060310 자본금 22,197,939,000 21,833,121,000
3S 060310 자본잉여금 0 0
3S 060310 자본조정 0 0
3S 060310 기타포괄손익누계액 0 0
3S 060310 이익잉여금(결손금) -34,690,883,820 -33,478,602,262
3S 060310 자본총계 30,315,383,809 29,641,384,277
3S 060310 자본과부채총계 0 0
date : 2018-09-30
3S 060310 유동자산 11,991,847,424 11,154,571,860
3S 060310 현금및현금성자산 2,334,893,191 2,264,962,364
3S 060310 매출채권 및 기타채권
3S 060310 재고자산 1,853,421,868 1,470,634,156
3S 060310 기타유동금융자산 0 0
3S 060310 기타유동자산 137,554,679 315,887,358
3S 060310 매각예정비유동자산 0 0
3S 060310 비유동자산 35,696,820,692 36,464,224,959
3S 060310 장기금융상품 415,860,000 465,860,000
3S 060310 기타포괄손익-공정가치 0 0
3S 060310 당기손익인식공정가치측정금융자산 0 0
3S 060310 종속회사투자 0 0
3S 060310 관계회사투자 0 0
3S 060310 렌탈자산 0 0
3S 060310 유형자산 28,889,957,458 29,473,781,394
3S 060310 무형자산 1,288,653,856 1,391,927,246
3S 060310 기타비유동금융자산 0 0
3S 060310 기타비유동자산 0 0
3S 060310 사용권자산 0 0
3S 060310 이연법인세자산 0 0
3S 060310 자산총계 47,688,668,116 47,618,796,819
3S 060310 유동부채 14,879,943,129 11,747,835,799
3S 060310 단기매입채무 0 0
3S 060310 단기차입금 8,190,000,000 8,264,459,082
3S 060310 유동성장기차입금 0 0
3S 060310 유동성사채 0 0
3S 060310 기타유동금융부채 0 0
3S 060310 기타유동부채 34,968,440 32,781,160
3S 060310 당기법인세부채 0 0
3S 060310 유동리스부채 0 0
3S 060310 비유동부채 2,945,221,820 6,229,576,743
3S 060310 사채 0 0
3S 060310 장기차입금 2,059,950,000 2,490,850,000
3S 060310 기타비유동금융부채 0 0
3S 060310 이연법인세부채 0 0
3S 060310 비유동리스부채 0 0
3S 060310 부채총계 17,825,164,949 17,977,412,542
3S 060310 자본금 22,197,939,000 21,833,121,000
3S 060310 자본잉여금 0 0
3S 060310 자본조정 0 0
3S 060310 기타포괄손익누계액 0 0
3S 060310 이익잉여금(결손금) -35,028,717,895 -33,478,602,262
3S 060310 자본총계 29,863,503,167 29,641,384,277
3S 060310 자본과부채총계 0 0
date : 2018-12-31
3S 060310 유동자산 18,185,782,208 11,154,571,860
3S 060310 현금및현금성자산 3,038,561,895 2,264,962,364
3S 060310 매출채권 및 기타채권
3S 060310 재고자산 1,598,810,571 1,470,634,156
3S 060310 기타유동금융자산 0 0
3S 060310 기타유동자산 141,268,390 315,887,358
3S 060310 매각예정비유동자산 0 0
3S 060310 비유동자산 36,164,471,492 36,464,224,959
3S 060310 장기금융상품 1,268,231,621 465,860,000
3S 060310 기타포괄손익-공정가치 0 0
3S 060310 당기손익인식공정가치측정금융자산 0 0
3S 060310 종속회사투자 0 0
3S 060310 관계회사투자 0 0
3S 060310 렌탈자산 0 0
3S 060310 유형자산 28,562,661,939 29,473,781,394
3S 060310 무형자산 1,237,332,112 1,391,927,246
3S 060310 기타비유동금융자산 0 0
3S 060310 기타비유동자산 0 0
3S 060310 사용권자산 0 0
3S 060310 이연법인세자산 0 0
3S 060310 자산총계 54,350,253,700 47,618,796,819
3S 060310 유동부채 20,551,403,563 11,747,835,799
3S 060310 단기매입채무 0 0
3S 060310 단기차입금 8,889,000,000 8,264,459,082
3S 060310 유동성장기차입금 0 0
3S 060310 유동성사채 0 0
3S 060310 기타유동금융부채 0 0
3S 060310 기타유동부채 299,634,312 32,781,160
3S 060310 당기법인세부채 0 0
3S 060310 유동리스부채 0 0
3S 060310 비유동부채 2,650,318,710 6,229,576,743
3S 060310 사채 0 0
3S 060310 장기차입금 1,879,950,000 2,490,850,000
3S 060310 기타비유동금융부채 0 0
3S 060310 이연법인세부채 0 0
3S 060310 비유동리스부채 0 0
3S 060310 부채총계 23,201,722,273 17,977,412,542
3S 060310 자본금 22,197,939,000 21,833,121,000
3S 060310 자본잉여금 0 0
3S 060310 자본조정 0 0
3S 060310 기타포괄손익누계액 0 0
3S 060310 이익잉여금(결손금) -33,743,689,635 -33,478,602,262
3S 060310 자본총계 31,148,531,427 29,641,384,277
3S 060310 자본과부채총계 54,350,253,700 47,618,796,819
date : 2018-03-31
3S 060310 유동자산 11,154,571,860 15,356,468,069
3S 060310 현금및현금성자산 2,264,962,364 1,853,409,725
3S 060310 매출채권 0 0
3S 060310 재고자산 1,470,634,156 1,699,768,011
3S 060310 기타유동금융자산 0 0
3S 060310 기타유동자산 315,887,358 1,225,651,008
3S 060310 매각예정비유동자산 0 0
3S 060310 비유동자산 36,464,224,959 37,283,573,986
3S 060310 장기금융상품 465,860,000 290,860,000
3S 060310 기타포괄손익-공정가치 0 0
3S 060310 당기손익인식공정가치측정금융자산 0 0
3S 060310 종속회사투자 0 0
3S 060310 관계회사투자 0 0
3S 060310 렌탈자산 0 0
3S 060310 유형자산 29,473,781,394 30,442,255,300
3S 060310 무형자산 1,391,927,246 1,706,561,227
3S 060310 기타비유동금융자산 0 0
3S 060310 기타비유동자산 0 0
3S 060310 사용권자산 0 0
3S 060310 이연법인세자산 0 0
3S 060310 자산총계 47,618,796,819 52,640,042,055
3S 060310 유동부채 11,747,835,799 14,749,284,019
3S 060310 단기매입채무 0 0
3S 060310 단기차입금 8,264,459,082 9,721,659,082
3S 060310 유동성장기차입금 0 0
3S 060310 유동성사채 0 0
3S 060310 기타유동금융부채 0 0
3S 060310 기타유동부채 32,781,160 683,669,474
3S 060310 당기법인세부채 0 0
3S 060310 유동리스부채 0 0
3S 060310 비유동부채 6,229,576,743 9,171,008,866
3S 060310 사채 0 0
3S 060310 장기차입금 2,490,850,000 3,262,650,000
3S 060310 기타비유동금융부채 0 0
3S 060310 이연법인세부채 0 0
3S 060310 비유동리스부채 0 0
3S 060310 부채총계 17,977,412,542 23,920,292,885
3S 060310 자본금 21,833,121,000 20,987,069,000
3S 060310 자본잉여금 0 0
3S 060310 자본조정 0 0
3S 060310 기타포괄손익누계액 0 0
3S 060310 이익잉여금(결손금) -33,478,602,262 -31,425,720,454
3S 060310 자본총계 29,641,384,277 28,719,749,170
3S 060310 자본과부채총계 0 0
