date : 2015-12-31
동양에스텍 060380 유동자산 43,979,563,809 56,422,028,067
동양에스텍 060380 현금및현금성자산 620,737,030 317,208,152
동양에스텍 060380 매출채권 32,716,298,716 38,860,018,249
동양에스텍 060380 재고자산 9,693,009,223 15,885,056,235
동양에스텍 060380 기타유동금융자산 0 0
동양에스텍 060380 기타유동자산 69,131,391 112,381,034
동양에스텍 060380 매각예정비유동자산 0 0
동양에스텍 060380 비유동자산 44,718,672,375 45,289,765,984
동양에스텍 060380 장기금융상품 0 0
동양에스텍 060380 기타포괄손익-공정가치 0 0
동양에스텍 060380 당기손익인식공정가치측정금융자산 0 0
동양에스텍 060380 종속회사투자 0 0
동양에스텍 060380 관계회사투자 0 0
동양에스텍 060380 렌탈자산 0 0
동양에스텍 060380 유형자산 17,346,574,545 15,396,786,318
동양에스텍 060380 무형자산 1,123,045,269 1,123,045,269
동양에스텍 060380 기타비유동금융자산 0 0
동양에스텍 060380 기타비유동자산 152,101,200 152,101,200
동양에스텍 060380 사용권자산 0 0
동양에스텍 060380 이연법인세자산 4,665,121,040 1,983,815,203
동양에스텍 060380 자산총계 88,698,236,184 101,711,794,051
동양에스텍 060380 유동부채 42,047,824,705 41,863,745,356
동양에스텍 060380 단기매입채무 0 0
동양에스텍 060380 단기차입금 16,792,619,813 22,410,198,528
동양에스텍 060380 유동성장기차입금 10,000,000,000 22,410,198,528
동양에스텍 060380 유동성사채 0 0
동양에스텍 060380 기타유동금융부채 0 0
동양에스텍 060380 기타유동부채 1,229,134,951 715,597,780
동양에스텍 060380 당기법인세부채 225,498,638 180,369,481
동양에스텍 060380 유동리스부채 0 0
동양에스텍 060380 비유동부채 756,000,000 10,731,000,000
동양에스텍 060380 사채 0 0
동양에스텍 060380 장기차입금 10,000,000,000 10,731,000,000
동양에스텍 060380 기타비유동금융부채 0 0
동양에스텍 060380 이연법인세부채 0 0
동양에스텍 060380 비유동리스부채 0 0
동양에스텍 060380 부채총계 42,803,824,705 52,594,745,356
동양에스텍 060380 자본금 5,000,000,000 5,000,000,000
동양에스텍 060380 자본잉여금 6,009,253,939 6,009,253,939
동양에스텍 060380 자본조정 0 0
동양에스텍 060380 기타포괄손익누계액 -151,562,049 134,019,893
동양에스텍 060380 이익잉여금(결손금) 0 0
동양에스텍 060380 자본총계 45,894,411,479 49,117,048,695
동양에스텍 060380 자본과부채총계 88,698,236,184 101,711,794,051
date : 2016-03-31
동양에스텍 060380 유동자산 41,182,712,304 43,979,563,809
동양에스텍 060380 현금및현금성자산 594,067,517 620,737,030
동양에스텍 060380 매출채권 30,132,491,829 32,716,298,716
동양에스텍 060380 재고자산 9,406,917,198 9,693,009,223
동양에스텍 060380 기타유동금융자산 0 0
동양에스텍 060380 기타유동자산 159,661,454 69,131,391
동양에스텍 060380 매각예정비유동자산 0 0
동양에스텍 060380 비유동자산 48,015,442,282 44,718,672,375
동양에스텍 060380 장기금융상품 0 0
동양에스텍 060380 기타포괄손익-공정가치 0 0
동양에스텍 060380 당기손익인식공정가치측정금융자산 0 0
동양에스텍 060380 종속회사투자 0 0
동양에스텍 060380 관계회사투자 0 0
동양에스텍 060380 렌탈자산 0 0
동양에스텍 060380 유형자산 17,126,264,539 17,346,574,545
동양에스텍 060380 무형자산 1,123,045,269 1,123,045,269
동양에스텍 060380 기타비유동금융자산 0 0
동양에스텍 060380 기타비유동자산 152,101,200 152,101,200
동양에스텍 060380 사용권자산 0 0
동양에스텍 060380 이연법인세자산 3,898,985,268 4,665,121,040
동양에스텍 060380 자산총계 89,198,154,586 88,698,236,184
동양에스텍 060380 유동부채 40,220,175,111 42,047,824,705
동양에스텍 060380 단기매입채무 0 0
동양에스텍 060380 단기차입금 13,163,496,687 16,792,619,813
동양에스텍 060380 유동성장기차입금 10,000,000,000 10,000,000,000
동양에스텍 060380 유동성사채 0 0
동양에스텍 060380 기타유동금융부채 0 0
동양에스텍 060380 기타유동부채 419,952,125 1,229,134,951
동양에스텍 060380 당기법인세부채 236,688,873 225,498,638
동양에스텍 060380 유동리스부채 0 0
동양에스텍 060380 비유동부채 645,000,000 756,000,000
동양에스텍 060380 사채 0 0
동양에스텍 060380 장기차입금 0 0
동양에스텍 060380 기타비유동금융부채 0 0
동양에스텍 060380 이연법인세부채 0 0
동양에스텍 060380 비유동리스부채 0 0
동양에스텍 060380 부채총계 40,865,175,111 42,803,824,705
동양에스텍 060380 자본금 5,000,000,000 5,000,000,000
동양에스텍 060380 자본잉여금 6,027,018,860 6,009,253,939
동양에스텍 060380 자본조정 0 0
동양에스텍 060380 기타포괄손익누계액 2,462,663,650 -151,562,049
동양에스텍 060380 이익잉여금(결손금) 0 0
동양에스텍 060380 자본총계 48,332,979,475 45,894,411,479
동양에스텍 060380 자본과부채총계 89,198,154,586 88,698,236,184
date : 2016-06-30
동양에스텍 060380 유동자산 42,961,380,547 43,979,563,809
동양에스텍 060380 현금및현금성자산 3,229,154,510 620,737,030
동양에스텍 060380 매출채권 25,954,847,864 32,716,298,716
동양에스텍 060380 재고자산 12,749,040,486 9,693,009,223
동양에스텍 060380 기타유동금융자산 0 0
동양에스텍 060380 기타유동자산 89,030,107 69,131,391
동양에스텍 060380 매각예정비유동자산 0 0
동양에스텍 060380 비유동자산 51,737,778,296 44,718,672,375
동양에스텍 060380 장기금융상품 0 0
동양에스텍 060380 기타포괄손익-공정가치 0 0
동양에스텍 060380 당기손익인식공정가치측정금융자산 0 0
동양에스텍 060380 종속회사투자 0 0
동양에스텍 060380 관계회사투자 0 0
동양에스텍 060380 렌탈자산 0 0
동양에스텍 060380 유형자산 17,371,068,208 17,346,574,545
동양에스텍 060380 무형자산 1,123,045,269 1,123,045,269
동양에스텍 060380 기타비유동금융자산 0 0
동양에스텍 060380 기타비유동자산 152,101,200 152,101,200
동양에스텍 060380 사용권자산 0 0
동양에스텍 060380 이연법인세자산 3,729,411,913 4,665,121,040
동양에스텍 060380 자산총계 94,699,158,843 88,698,236,184
동양에스텍 060380 유동부채 44,808,270,383 42,047,824,705
동양에스텍 060380 단기매입채무 0 0
동양에스텍 060380 단기차입금 18,816,782,606 16,792,619,813
동양에스텍 060380 유동성장기차입금 10,000,000,000 10,000,000,000
동양에스텍 060380 유동성사채 0 0
동양에스텍 060380 기타유동금융부채 0 0
동양에스텍 060380 기타유동부채 367,004,506 1,229,134,951
동양에스텍 060380 당기법인세부채 113,573,493 225,498,638
동양에스텍 060380 유동리스부채 0 0
동양에스텍 060380 비유동부채 645,000,000 756,000,000
동양에스텍 060380 사채 0 0
동양에스텍 060380 장기차입금 10,000,000,000 756,000,000
동양에스텍 060380 기타비유동금융부채 0 0
동양에스텍 060380 이연법인세부채 0 0
동양에스텍 060380 비유동리스부채 0 0
동양에스텍 060380 부채총계 45,453,270,383 42,803,824,705
동양에스텍 060380 자본금 5,000,000,000 5,000,000,000
동양에스텍 060380 자본잉여금 6,027,018,860 6,009,253,939
동양에스텍 060380 자본조정 0 0
동양에스텍 060380 기타포괄손익누계액 2,144,086,324 -151,562,049
동양에스텍 060380 이익잉여금(결손금) 0 0
동양에스텍 060380 자본총계 49,245,888,460 45,894,411,479
동양에스텍 060380 자본과부채총계 94,699,158,843 88,698,236,184
date : 2016-09-30
동양에스텍 060380 유동자산 45,077,167,686 43,979,563,809
동양에스텍 060380 현금및현금성자산 1,445,436,765 620,737,030
동양에스텍 060380 매출채권 27,033,702,907 32,716,298,716
동양에스텍 060380 재고자산 15,245,462,355 9,693,009,223
동양에스텍 060380 기타유동금융자산 0 0
동양에스텍 060380 기타유동자산 268,376,519 69,131,391
동양에스텍 060380 매각예정비유동자산 0 0
동양에스텍 060380 비유동자산 52,060,262,300 44,718,672,375
동양에스텍 060380 장기금융상품 0 0
동양에스텍 060380 기타포괄손익-공정가치 0 0
동양에스텍 060380 당기손익인식공정가치측정금융자산 0 0
동양에스텍 060380 종속회사투자 0 0
동양에스텍 060380 관계회사투자 0 0
동양에스텍 060380 렌탈자산 0 0
동양에스텍 060380 유형자산 17,156,306,183 17,346,574,545
동양에스텍 060380 무형자산 1,123,045,269 1,123,045,269
동양에스텍 060380 기타비유동금융자산 0 0
동양에스텍 060380 기타비유동자산 187,101,200 152,101,200
동양에스텍 060380 사용권자산 0 0
동양에스텍 060380 이연법인세자산 3,008,276,691 4,665,121,040
동양에스텍 060380 자산총계 97,137,429,986 88,698,236,184
동양에스텍 060380 유동부채 46,497,169,775 42,047,824,705
동양에스텍 060380 단기매입채무 0 0
동양에스텍 060380 단기차입금 22,873,312,849 16,792,619,813
동양에스텍 060380 유동성장기차입금 10,000,000,000 10,000,000,000
동양에스텍 060380 유동성사채 0 0
동양에스텍 060380 기타유동금융부채 0 0
동양에스텍 060380 기타유동부채 277,777,561 1,229,134,951
동양에스텍 060380 당기법인세부채 225,498,638 180,369,481
동양에스텍 060380 유동리스부채 0 0
동양에스텍 060380 비유동부채 345,000,000 756,000,000
동양에스텍 060380 사채 0 0
동양에스텍 060380 장기차입금 10,000,000,000 756,000,000
동양에스텍 060380 기타비유동금융부채 0 0
동양에스텍 060380 이연법인세부채 0 0
동양에스텍 060380 비유동리스부채 0 0
동양에스텍 060380 부채총계 46,842,169,775 42,803,824,705
동양에스텍 060380 자본금 5,000,000,000 5,000,000,000
동양에스텍 060380 자본잉여금 6,027,018,860 6,009,253,939
동양에스텍 060380 자본조정 0 0
동양에스텍 060380 기타포괄손익누계액 1,889,368,618 -151,562,049
동양에스텍 060380 이익잉여금(결손금) 0 0
동양에스텍 060380 자본총계 50,295,260,211 45,894,411,479
동양에스텍 060380 자본과부채총계 97,137,429,986 88,698,236,184
date : 2016-12-31
동양에스텍 060380 유동자산 49,158,212,931 43,979,563,809
동양에스텍 060380 현금및현금성자산 681,591,466 620,737,030
동양에스텍 060380 매출채권 36,566,590,866 32,716,298,716
동양에스텍 060380 재고자산 10,730,195,497 9,693,009,223
동양에스텍 060380 기타유동금융자산 0 0
동양에스텍 060380 기타유동자산 307,570,122 69,131,391
동양에스텍 060380 매각예정비유동자산 0 0
동양에스텍 060380 비유동자산 52,013,495,403 44,718,672,375
동양에스텍 060380 장기금융상품 0 0
동양에스텍 060380 기타포괄손익-공정가치 0 0
동양에스텍 060380 당기손익인식공정가치측정금융자산 0 0
동양에스텍 060380 종속회사투자 0 0
동양에스텍 060380 관계회사투자 0 0
동양에스텍 060380 렌탈자산 0 0
동양에스텍 060380 유형자산 16,953,189,631 17,346,574,545
동양에스텍 060380 무형자산 1,123,045,269 1,123,045,269
동양에스텍 060380 기타비유동금융자산 0 0
동양에스텍 060380 기타비유동자산 187,101,200 152,101,200
동양에스텍 060380 사용권자산 0 0
동양에스텍 060380 이연법인세자산 2,426,114,655 4,665,121,040
동양에스텍 060380 자산총계 101,171,708,334 88,698,236,184
동양에스텍 060380 유동부채 50,208,071,709 42,047,824,705
동양에스텍 060380 단기매입채무 0 0
동양에스텍 060380 단기차입금 32,959,986,094 16,792,619,813
동양에스텍 060380 유동성장기차입금 10,000,000,000 16,792,619,813
동양에스텍 060380 유동성사채 0 0
동양에스텍 060380 기타유동금융부채 0 0
동양에스텍 060380 기타유동부채 931,850,812 1,229,134,951
동양에스텍 060380 당기법인세부채 225,498,638 180,369,481
동양에스텍 060380 유동리스부채 0 0
동양에스텍 060380 비유동부채 645,000,000 756,000,000
동양에스텍 060380 사채 0 0
동양에스텍 060380 장기차입금 10,000,000,000 756,000,000
동양에스텍 060380 기타비유동금융부채 0 0
동양에스텍 060380 이연법인세부채 0 0
동양에스텍 060380 비유동리스부채 0 0
동양에스텍 060380 부채총계 50,853,071,709 42,803,824,705
동양에스텍 060380 자본금 5,000,000,000 5,000,000,000
동양에스텍 060380 자본잉여금 6,027,018,860 6,009,253,939
동양에스텍 060380 자본조정 0 0
동양에스텍 060380 기타포괄손익누계액 879,109,570 -151,562,049
동양에스텍 060380 이익잉여금(결손금) 0 0
동양에스텍 060380 자본총계 50,318,636,625 45,894,411,479
동양에스텍 060380 자본과부채총계 101,171,708,334 88,698,236,184
date : 2017-03-31
동양에스텍 060380 유동자산 65,751,673,164 49,158,212,931
동양에스텍 060380 현금및현금성자산 3,137,164,426 681,591,466
동양에스텍 060380 매출채권 36,759,397,527 36,566,590,866
동양에스텍 060380 재고자산 23,217,507,319 10,730,195,497
동양에스텍 060380 기타유동금융자산 0 0
동양에스텍 060380 기타유동자산 1,093,455,383 307,570,122
동양에스텍 060380 매각예정비유동자산 0 0
동양에스텍 060380 비유동자산 52,261,691,196 52,013,495,403
동양에스텍 060380 장기금융상품 0 0
동양에스텍 060380 기타포괄손익-공정가치 0 0
동양에스텍 060380 당기손익인식공정가치측정금융자산 0 0
동양에스텍 060380 종속회사투자 0 0
동양에스텍 060380 관계회사투자 0 0
동양에스텍 060380 렌탈자산 0 0
동양에스텍 060380 유형자산 16,746,357,193 16,953,189,631
동양에스텍 060380 무형자산 1,123,045,269 1,123,045,269
동양에스텍 060380 기타비유동금융자산 0 0
동양에스텍 060380 기타비유동자산 187,101,200 187,101,200
동양에스텍 060380 사용권자산 0 0
동양에스텍 060380 이연법인세자산 1,710,548,386 2,426,114,655
동양에스텍 060380 자산총계 118,013,364,360 101,171,708,334
동양에스텍 060380 유동부채 55,699,901,332 50,208,071,709
동양에스텍 060380 단기매입채무 0 0
동양에스텍 060380 단기차입금 37,519,960,324 32,959,986,094
동양에스텍 060380 유동성장기차입금 10,000,000,000 32,959,986,094
동양에스텍 060380 유동성사채 0 0
동양에스텍 060380 기타유동금융부채 0 0
동양에스텍 060380 기타유동부채 263,880,846 931,850,812
동양에스텍 060380 당기법인세부채 225,498,638 50,208,071,709
동양에스텍 060380 유동리스부채 0 0
동양에스텍 060380 비유동부채 10,665,000,000 645,000,000
동양에스텍 060380 사채 0 0
동양에스텍 060380 장기차입금 10,000,000,000 645,000,000
동양에스텍 060380 기타비유동금융부채 0 0
동양에스텍 060380 이연법인세부채 0 0
동양에스텍 060380 비유동리스부채 0 0
동양에스텍 060380 부채총계 66,364,901,332 50,853,071,709
동양에스텍 060380 자본금 5,000,000,000 5,000,000,000
동양에스텍 060380 자본잉여금 6,027,018,860 6,027,018,860
동양에스텍 060380 자본조정 0 0
동양에스텍 060380 기타포괄손익누계액 1,237,131,762 879,109,570
동양에스텍 060380 이익잉여금(결손금) 0 0
동양에스텍 060380 자본총계 51,648,463,028 50,318,636,625
동양에스텍 060380 자본과부채총계 118,013,364,360 101,171,708,334
date : 2017-06-30
동양에스텍 060380 유동자산 69,409,542,553 49,158,212,931
동양에스텍 060380 현금및현금성자산 4,535,984,405 681,591,466
동양에스텍 060380 매출채권 40,139,773,001 36,566,590,866
동양에스텍 060380 재고자산 22,724,748,885 10,730,195,497
동양에스텍 060380 기타유동금융자산 0 0
동양에스텍 060380 기타유동자산 40,213,700 307,570,122
동양에스텍 060380 매각예정비유동자산 0 0
동양에스텍 060380 비유동자산 50,438,895,808 52,013,495,403
동양에스텍 060380 장기금융상품 0 0
동양에스텍 060380 기타포괄손익-공정가치 0 0
동양에스텍 060380 당기손익인식공정가치측정금융자산 0 0
동양에스텍 060380 종속회사투자 0 0
동양에스텍 060380 관계회사투자 0 0
동양에스텍 060380 렌탈자산 0 0
동양에스텍 060380 유형자산 16,013,153,070 16,953,189,631
동양에스텍 060380 무형자산 1,123,045,269 1,123,045,269
동양에스텍 060380 기타비유동금융자산 0 0
동양에스텍 060380 기타비유동자산 187,101,200 187,101,200
동양에스텍 060380 사용권자산 0 0
동양에스텍 060380 이연법인세자산 2,021,532,853 2,426,114,655
동양에스텍 060380 자산총계 119,848,438,361 101,171,708,334
동양에스텍 060380 유동부채 57,853,804,744 50,208,071,709
동양에스텍 060380 단기매입채무 0 0
동양에스텍 060380 단기차입금 35,545,141,087 32,959,986,094
동양에스텍 060380 유동성장기차입금 0 0
동양에스텍 060380 유동성사채 0 0
동양에스텍 060380 기타유동금융부채 0 0
동양에스텍 060380 기타유동부채 405,021,092 931,850,812
동양에스텍 060380 당기법인세부채 0 0
동양에스텍 060380 유동리스부채 0 0
동양에스텍 060380 비유동부채 10,665,000,000 645,000,000
동양에스텍 060380 사채 0 0
동양에스텍 060380 장기차입금 10,000,000,000 645,000,000
동양에스텍 060380 기타비유동금융부채 0 0
동양에스텍 060380 이연법인세부채 0 0
동양에스텍 060380 비유동리스부채 0 0
동양에스텍 060380 부채총계 68,518,804,744 50,853,071,709
동양에스텍 060380 자본금 5,000,000,000 5,000,000,000
동양에스텍 060380 자본잉여금 6,027,018,860 6,027,018,860
동양에스텍 060380 자본조정 0 0
동양에스텍 060380 기타포괄손익누계액 302,396,001 879,109,570
동양에스텍 060380 이익잉여금(결손금) 0 0
동양에스텍 060380 자본총계 51,329,633,617 50,318,636,625
동양에스텍 060380 자본과부채총계 119,848,438,361 101,171,708,334
date : 2017-09-30
동양에스텍 060380 유동자산 73,089,608,472 49,158,212,931
동양에스텍 060380 현금및현금성자산 10,021,034,098 681,591,466
동양에스텍 060380 매출채권 및 기타수취채권
동양에스텍 060380 재고자산 23,232,139,852 10,730,195,497
동양에스텍 060380 기타유동금융자산 0 0
동양에스텍 060380 기타유동자산 128,448,160 307,570,122
동양에스텍 060380 매각예정비유동자산 0 0
동양에스텍 060380 비유동자산 49,408,766,769 52,013,495,403
동양에스텍 060380 장기금융상품 0 0
동양에스텍 060380 기타포괄손익-공정가치 0 0
동양에스텍 060380 당기손익인식공정가치측정금융자산 0 0
동양에스텍 060380 종속회사투자 0 0
동양에스텍 060380 관계회사투자 0 0
동양에스텍 060380 렌탈자산 0 0
동양에스텍 060380 유형자산 16,500,263,334 16,953,189,631
동양에스텍 060380 무형자산 1,123,045,269 1,123,045,269
동양에스텍 060380 기타비유동금융자산 220,101,200 187,101,200
동양에스텍 060380 기타비유동자산 0 0
동양에스텍 060380 사용권자산 0 0
동양에스텍 060380 이연법인세자산 2,222,205,214 2,426,114,655
동양에스텍 060380 자산총계 122,498,375,241 101,171,708,334
동양에스텍 060380 유동부채 60,413,740,775 50,208,071,709
동양에스텍 060380 단기매입채무 0 0
동양에스텍 060380 단기차입금 37,657,200,082 32,959,986,094
동양에스텍 060380 유동성장기차입금 0 0
동양에스텍 060380 유동성사채 0 0
동양에스텍 060380 기타유동금융부채 0 0
동양에스텍 060380 기타유동부채 425,776,556 931,850,812
동양에스텍 060380 당기법인세부채 139,906,602 50,208,071,709
동양에스텍 060380 유동리스부채 0 0
동양에스텍 060380 비유동부채 10,631,000,000 645,000,000
동양에스텍 060380 사채 0 0
동양에스텍 060380 장기차입금 10,000,000,000 645,000,000
동양에스텍 060380 기타비유동금융부채 0 0
동양에스텍 060380 이연법인세부채 0 0
동양에스텍 060380 비유동리스부채 0 0
동양에스텍 060380 부채총계 71,044,740,775 50,853,071,709
동양에스텍 060380 자본금 5,000,000,000 5,000,000,000
동양에스텍 060380 자본잉여금 6,027,018,860 6,027,018,860
동양에스텍 060380 자본조정 0 0
동양에스텍 060380 기타포괄손익누계액 -1,296,523,308 879,109,570
동양에스텍 060380 이익잉여금(결손금) 42,018,893,889 38,662,144,415
동양에스텍 060380 자본총계 51,453,634,466 50,318,636,625
동양에스텍 060380 자본과부채총계 122,498,375,241 101,171,708,334
date : 2017-12-31
동양에스텍 060380 유동자산 57,036,873,551 49,158,212,931
동양에스텍 060380 현금및현금성자산 1,354,978,755 681,591,466
동양에스텍 060380 매출채권 및 기타수취채권
동양에스텍 060380 재고자산 17,407,190,656 10,730,195,497
동양에스텍 060380 기타유동금융자산 0 0
동양에스텍 060380 기타유동자산 44,955,864 307,570,122
동양에스텍 060380 매각예정비유동자산 0 0
동양에스텍 060380 비유동자산 47,333,097,822 52,013,495,403
동양에스텍 060380 장기금융상품 0 0
동양에스텍 060380 기타포괄손익-공정가치 0 0
동양에스텍 060380 당기손익인식공정가치측정금융자산 0 0
동양에스텍 060380 종속회사투자 0 0
동양에스텍 060380 관계회사투자 0 0
동양에스텍 060380 렌탈자산 0 0
동양에스텍 060380 유형자산 16,508,117,117 16,953,189,631
동양에스텍 060380 무형자산 1,123,045,269 1,123,045,269
동양에스텍 060380 기타비유동금융자산 220,101,200 187,101,200
동양에스텍 060380 기타비유동자산 0 0
동양에스텍 060380 사용권자산 0 0
동양에스텍 060380 이연법인세자산 2,160,784,301 2,426,114,655
동양에스텍 060380 자산총계 104,369,971,373 101,171,708,334
동양에스텍 060380 유동부채 41,271,968,125 50,208,071,709
동양에스텍 060380 단기매입채무 0 0
동양에스텍 060380 단기차입금 28,677,481,447 32,959,986,094
동양에스텍 060380 유동성장기차입금 10,000,000,000 32,959,986,094
동양에스텍 060380 유동성사채 0 0
동양에스텍 060380 기타유동금융부채 0 0
동양에스텍 060380 기타유동부채 1,044,897,337 931,850,812
동양에스텍 060380 당기법인세부채 30,172,357 225,498,638
동양에스텍 060380 유동리스부채 0 0
동양에스텍 060380 비유동부채 10,631,000,000 645,000,000
동양에스텍 060380 사채 0 0
동양에스텍 060380 장기차입금 10,000,000,000 645,000,000
동양에스텍 060380 기타비유동금융부채 0 0
동양에스텍 060380 이연법인세부채 0 0
동양에스텍 060380 비유동리스부채 0 0
동양에스텍 060380 부채총계 51,902,968,125 50,853,071,709
동양에스텍 060380 자본금 5,000,000,000 5,000,000,000
동양에스텍 060380 자본잉여금 6,027,018,860 6,027,018,860
동양에스텍 060380 자본조정 0 0
동양에스텍 060380 기타포괄손익누계액 1,164,775,927 879,109,570
동양에스텍 060380 이익잉여금(결손금) 40,839,187,886 38,662,144,415
동양에스텍 060380 자본총계 52,467,003,248 50,318,636,625
동양에스텍 060380 자본과부채총계 104,369,971,373 101,171,708,334
date : 2018-03-31
동양에스텍 060380 유동자산 64,952,313,125 57,036,873,551
동양에스텍 060380 현금및현금성자산 1,872,502,285 1,354,978,755
동양에스텍 060380 매출채권 및 기타수취채권
동양에스텍 060380 재고자산 24,095,530,618 17,407,190,656
동양에스텍 060380 기타유동금융자산 0 0
동양에스텍 060380 기타유동자산 441,944,337 44,955,864
동양에스텍 060380 매각예정비유동자산 0 0
동양에스텍 060380 비유동자산 46,505,044,427 47,333,097,822
동양에스텍 060380 장기금융상품 0 0
동양에스텍 060380 기타포괄손익-공정가치 0 0
동양에스텍 060380 당기손익인식공정가치측정금융자산 0 0
동양에스텍 060380 종속회사투자 0 0
동양에스텍 060380 관계회사투자 0 0
동양에스텍 060380 렌탈자산 0 0
동양에스텍 060380 유형자산 16,395,121,310 16,508,117,117
동양에스텍 060380 무형자산 1,123,045,269 1,123,045,269
동양에스텍 060380 기타비유동금융자산 220,101,200 220,101,200
동양에스텍 060380 기타비유동자산 0 0
동양에스텍 060380 사용권자산 0 0
동양에스텍 060380 이연법인세자산 2,399,906,944 2,160,784,301
동양에스텍 060380 자산총계 111,457,357,552 104,369,971,373
동양에스텍 060380 유동부채 45,173,150,029 41,271,968,125
동양에스텍 060380 단기매입채무 0 0
동양에스텍 060380 단기차입금 23,329,695,775 28,677,481,447
동양에스텍 060380 유동성장기차입금 0 0
동양에스텍 060380 유동성사채 0 0
동양에스텍 060380 기타유동금융부채 0 0
동양에스텍 060380 기타유동부채 174,173,067 1,044,897,337
동양에스텍 060380 당기법인세부채 94,738,744 30,172,357
동양에스텍 060380 유동리스부채 0 0
동양에스텍 060380 비유동부채 14,631,000,000 10,631,000,000
동양에스텍 060380 사채 0 0
동양에스텍 060380 장기차입금 14,000,000,000 10,000,000,000
동양에스텍 060380 기타비유동금융부채 0 0
동양에스텍 060380 이연법인세부채 0 0
동양에스텍 060380 비유동리스부채 0 0
동양에스텍 060380 부채총계 59,804,150,029 51,902,968,125
동양에스텍 060380 자본금 5,000,000,000 5,000,000,000
동양에스텍 060380 자본잉여금 6,027,018,860 6,027,018,860
동양에스텍 060380 자본조정 0 0
동양에스텍 060380 기타포괄손익누계액 1,164,775,927 6,027,018,860
동양에스텍 060380 이익잉여금(결손금) 41,190,168,088 40,839,187,886
동양에스텍 060380 자본총계 51,653,207,523 52,467,003,248
동양에스텍 060380 자본과부채총계 111,457,357,552 104,369,971,373
date : 2018-06-30
동양에스텍 060380 유동자산 58,605,308,044 57,036,873,551
동양에스텍 060380 현금및현금성자산 792,854,975 1,354,978,755
동양에스텍 060380 매출채권 및 기타수취채권
동양에스텍 060380 재고자산 25,732,617,490 17,407,190,656
동양에스텍 060380 기타유동금융자산 0 0
동양에스텍 060380 기타유동자산 147,317,676 44,955,864
동양에스텍 060380 매각예정비유동자산 0 0
동양에스텍 060380 비유동자산 46,540,163,884 47,333,097,822
동양에스텍 060380 장기금융상품 0 0
동양에스텍 060380 기타포괄손익-공정가치 0 0
동양에스텍 060380 당기손익인식공정가치측정금융자산 0 0
동양에스텍 060380 종속회사투자 0 0
동양에스텍 060380 관계회사투자 0 0
동양에스텍 060380 렌탈자산 0 0
동양에스텍 060380 유형자산 16,766,381,453 16,508,117,117
동양에스텍 060380 무형자산 1,123,045,269 1,123,045,269
동양에스텍 060380 기타비유동금융자산 0 0
동양에스텍 060380 기타비유동자산 220,101,200 220,101,200
동양에스텍 060380 사용권자산 0 0
동양에스텍 060380 이연법인세자산 2,677,431,894 2,160,784,301
동양에스텍 060380 자산총계 105,145,471,928 104,369,971,373
동양에스텍 060380 유동부채 38,259,262,860 41,271,968,125
동양에스텍 060380 단기매입채무 0 0
동양에스텍 060380 단기차입금 16,554,880,395 28,677,481,447
동양에스텍 060380 유동성장기차입금 0 0
동양에스텍 060380 유동성사채 0 0
동양에스텍 060380 기타유동금융부채 0 0
동양에스텍 060380 기타유동부채 271,725,220 1,044,897,337
동양에스텍 060380 당기법인세부채 194,537,468 30,172,357
동양에스텍 060380 유동리스부채 0 0
동양에스텍 060380 비유동부채 14,631,000,000 10,631,000,000
동양에스텍 060380 사채 0 0
동양에스텍 060380 장기차입금 14,000,000,000 10,000,000,000
동양에스텍 060380 기타비유동금융부채 0 0
동양에스텍 060380 이연법인세부채 0 0
동양에스텍 060380 비유동리스부채 0 0
동양에스텍 060380 부채총계 52,890,262,860 51,902,968,125
동양에스텍 060380 자본금 5,000,000,000 5,000,000,000
동양에스텍 060380 자본잉여금 6,009,253,939 6,027,018,860
동양에스텍 060380 자본조정 0 0
동양에스텍 060380 기타포괄손익누계액 1,164,775,927 6,027,018,860
동양에스텍 060380 이익잉여금(결손금) 41,952,689,199 40,839,187,886
동양에스텍 060380 자본총계 52,255,209,068 52,467,003,248
동양에스텍 060380 자본과부채총계 105,145,471,928 104,369,971,373
date : 2018-09-30
동양에스텍 060380 유동자산 66,777,046,258 57,036,873,551
동양에스텍 060380 현금및현금성자산 1,179,554,480 1,354,978,755
동양에스텍 060380 매출채권 및 기타수취채권
동양에스텍 060380 재고자산 28,491,247,258 17,407,190,656
동양에스텍 060380 기타유동금융자산 0 0
동양에스텍 060380 기타유동자산 244,100,369 44,955,864
동양에스텍 060380 매각예정비유동자산 0 0
동양에스텍 060380 비유동자산 49,303,419,714 47,333,097,822
동양에스텍 060380 장기금융상품 0 0
동양에스텍 060380 기타포괄손익-공정가치 0 0
동양에스텍 060380 당기손익인식공정가치측정금융자산 0 0
동양에스텍 060380 종속회사투자 0 0
동양에스텍 060380 관계회사투자 0 0
동양에스텍 060380 렌탈자산 0 0
동양에스텍 060380 유형자산 17,033,185,628 16,508,117,117
동양에스텍 060380 무형자산 1,123,045,269 1,123,045,269
동양에스텍 060380 기타비유동금융자산 0 0
동양에스텍 060380 기타비유동자산 185,101,200 220,101,200
동양에스텍 060380 사용권자산 0 0
동양에스텍 060380 이연법인세자산 2,572,750,660 2,160,784,301
동양에스텍 060380 자산총계 116,080,465,972 104,369,971,373
동양에스텍 060380 유동부채 48,227,725,146 41,271,968,125
동양에스텍 060380 단기매입채무 0 0
동양에스텍 060380 단기차입금 27,539,806,877 28,677,481,447
동양에스텍 060380 유동성장기차입금 0 0
동양에스텍 060380 유동성사채 0 0
동양에스텍 060380 기타유동금융부채 0 0
동양에스텍 060380 기타유동부채 231,558,373 1,044,897,337
동양에스텍 060380 당기법인세부채 364,540,627 30,172,357
동양에스텍 060380 유동리스부채 0 0
동양에스텍 060380 비유동부채 14,631,000,000 10,631,000,000
동양에스텍 060380 사채 0 0
동양에스텍 060380 장기차입금 14,000,000,000 10,000,000,000
동양에스텍 060380 기타비유동금융부채 0 0
동양에스텍 060380 이연법인세부채 0 0
동양에스텍 060380 비유동리스부채 0 0
동양에스텍 060380 부채총계 62,858,725,146 51,902,968,125
동양에스텍 060380 자본금 5,000,000,000 5,000,000,000
동양에스텍 060380 자본잉여금 6,009,253,939 6,027,018,860
동양에스텍 060380 자본조정 0 0
동양에스텍 060380 기타포괄손익누계액 1,164,775,927 6,027,018,860
동양에스텍 060380 이익잉여금(결손금) 42,919,220,957 40,839,187,886
동양에스텍 060380 자본총계 53,221,740,826 52,467,003,248
동양에스텍 060380 자본과부채총계 116,080,465,972 104,369,971,373
date : 2018-12-31
동양에스텍 060380 유동자산 65,987,223,093 57,036,873,551
동양에스텍 060380 현금및현금성자산 868,606,342 1,354,978,755
동양에스텍 060380 매출채권 및 기타수취채권
동양에스텍 060380 재고자산 27,166,291,445 17,407,190,656
동양에스텍 060380 기타유동금융자산 0 0
동양에스텍 060380 기타유동자산 45,637,816 44,955,864
동양에스텍 060380 매각예정비유동자산 0 0
동양에스텍 060380 비유동자산 48,679,427,283 47,333,097,822
동양에스텍 060380 장기금융상품 0 0
동양에스텍 060380 기타포괄손익-공정가치 0 0
동양에스텍 060380 당기손익인식공정가치측정금융자산 0 0
동양에스텍 060380 종속회사투자 0 0
동양에스텍 060380 관계회사투자 0 0
동양에스텍 060380 렌탈자산 0 0
동양에스텍 060380 유형자산 17,916,492,856 16,508,117,117
동양에스텍 060380 무형자산 1,123,045,269 1,123,045,269
동양에스텍 060380 기타비유동금융자산 0 0
동양에스텍 060380 기타비유동자산 185,101,200 220,101,200
동양에스텍 060380 사용권자산 0 0
동양에스텍 060380 이연법인세자산 2,879,258,453 2,160,784,301
동양에스텍 060380 자산총계 114,666,650,376 104,369,971,373
동양에스텍 060380 유동부채 59,015,539,981 41,271,968,125
동양에스텍 060380 단기매입채무 0 0
동양에스텍 060380 단기차입금 33,134,715,860 28,677,481,447
동양에스텍 060380 유동성장기차입금 10,000,000,000 28,677,481,447
동양에스텍 060380 유동성사채 0 0
동양에스텍 060380 기타유동금융부채 0 0
동양에스텍 060380 기타유동부채 385,596,129 1,044,897,337
동양에스텍 060380 당기법인세부채 123,787,352 30,172,357
동양에스텍 060380 유동리스부채 0 0
동양에스텍 060380 비유동부채 4,731,000,000 10,631,000,000
동양에스텍 060380 사채 0 0
동양에스텍 060380 장기차입금 4,100,000,000 10,000,000,000
동양에스텍 060380 기타비유동금융부채 0 0
동양에스텍 060380 이연법인세부채 0 0
동양에스텍 060380 비유동리스부채 0 0
동양에스텍 060380 부채총계 63,746,539,981 51,902,968,125
동양에스텍 060380 자본금 5,000,000,000 5,000,000,000
동양에스텍 060380 자본잉여금 6,009,253,939 6,027,018,860
동양에스텍 060380 자본조정 0 0
동양에스텍 060380 기타포괄손익누계액 1,164,775,927 879,109,570
동양에스텍 060380 이익잉여금(결손금) 40,617,590,526 40,839,187,886
동양에스텍 060380 자본총계 50,920,110,395 52,467,003,248
동양에스텍 060380 자본과부채총계 114,666,650,376 104,369,971,373
date : 2019-03-31
동양에스텍 060380 유동자산 71,519,217,376 65,987,223,093
동양에스텍 060380 현금및현금성자산 2,079,760,935 868,606,342
동양에스텍 060380 매출채권 및 기타수취채권
동양에스텍 060380 재고자산 26,085,662,688 27,166,291,445
동양에스텍 060380 기타유동금융자산 0 0
동양에스텍 060380 기타유동자산 121,565,062 45,637,816
동양에스텍 060380 매각예정비유동자산 0 0
동양에스텍 060380 비유동자산 50,957,800,914 48,679,427,283
동양에스텍 060380 장기금융상품 0 0
동양에스텍 060380 기타포괄손익-공정가치 0 0
동양에스텍 060380 당기손익인식공정가치측정금융자산 0 0
동양에스텍 060380 종속회사투자 0 0
동양에스텍 060380 관계회사투자 0 0
동양에스텍 060380 렌탈자산 0 0
동양에스텍 060380 유형자산 19,160,379,087 17,916,492,856
동양에스텍 060380 무형자산 1,123,045,269 1,123,045,269
동양에스텍 060380 기타비유동금융자산 0 0
동양에스텍 060380 기타비유동자산 183,595,200 185,101,200
동양에스텍 060380 사용권자산 0 0
동양에스텍 060380 이연법인세자산 2,776,909,132 2,879,258,453
동양에스텍 060380 자산총계 122,477,018,290 114,666,650,376
동양에스텍 060380 유동부채 64,720,396,049 59,015,539,981
동양에스텍 060380 단기매입채무 0 0
동양에스텍 060380 단기차입금 25,270,188,716 33,134,715,860
동양에스텍 060380 유동성장기차입금 10,000,000,000 10,000,000,000
동양에스텍 060380 유동성사채 0 0
동양에스텍 060380 기타유동금융부채 0 0
동양에스텍 060380 기타유동부채 402,071,483 385,596,129
동양에스텍 060380 당기법인세부채 147,573,761 123,787,352
동양에스텍 060380 유동리스부채 0 0
동양에스텍 060380 비유동부채 6,631,000,000 4,731,000,000
동양에스텍 060380 사채 0 0
동양에스텍 060380 장기차입금 6,000,000,000 4,100,000,000
동양에스텍 060380 기타비유동금융부채 0 0
동양에스텍 060380 이연법인세부채 0 0
동양에스텍 060380 비유동리스부채 0 0
동양에스텍 060380 부채총계 71,351,396,049 63,746,539,981
동양에스텍 060380 자본금 5,000,000,000 5,000,000,000
동양에스텍 060380 자본잉여금 6,009,253,939 6,009,253,939
동양에스텍 060380 자본조정 0 0
동양에스텍 060380 기타포괄손익누계액 0 6,009,253,939
동양에스텍 060380 이익잉여금(결손금) 40,823,102,372 40,617,590,526
동양에스텍 060380 자본총계 51,125,622,241 50,920,110,395
동양에스텍 060380 자본과부채총계 122,477,018,290 114,666,650,376
