date : 2015-12-31
아이리버 060570 유동자산 49,039,541,100 55,332,175,976
아이리버 060570 현금및현금성자산 10,128,137,663 23,647,919,126
아이리버 060570 매출채권 0 0
아이리버 060570 재고자산 14,387,498,906 9,774,266,010
아이리버 060570 기타유동금융자산 1,000,000,000 1,172,530,828
아이리버 060570 기타유동자산 4,301,635,239 3,938,955,085
아이리버 060570 매각예정비유동자산 0 0
아이리버 060570 비유동자산 16,365,699,013 9,920,070,265
아이리버 060570 장기금융상품 0 0
아이리버 060570 기타포괄손익-공정가치 0 0
아이리버 060570 당기손익인식공정가치측정금융자산 0 0
아이리버 060570 종속회사투자 0 0
아이리버 060570 관계회사투자 0 0
아이리버 060570 렌탈자산 0 0
아이리버 060570 유형자산 3,829,734,423 850,404,783
아이리버 060570 무형자산 5,075,119,642 2,780,305,534
아이리버 060570 기타비유동금융자산 0 0
아이리버 060570 기타비유동자산 117,236,444 2,780,305,534
아이리버 060570 사용권자산 0 0
아이리버 060570 이연법인세자산 0 0
아이리버 060570 자산총계 65,405,240,113 65,252,246,241
아이리버 060570 유동부채 9,469,746,150 11,287,827,301
아이리버 060570 단기매입채무 0 0
아이리버 060570 단기차입금 0 0
아이리버 060570 유동성장기차입금 0 0
아이리버 060570 유동성사채 0 0
아이리버 060570 기타유동금융부채 0 0
아이리버 060570 기타유동부채 261,153,516 924,965,903
아이리버 060570 당기법인세부채 0 0
아이리버 060570 유동리스부채 0 0
아이리버 060570 비유동부채 5,488,421,836 4,724,743,575
아이리버 060570 사채 0 0
아이리버 060570 장기차입금 0 0
아이리버 060570 기타비유동금융부채 0 0
아이리버 060570 이연법인세부채 0 0
아이리버 060570 비유동리스부채 0 0
아이리버 060570 부채총계 14,958,167,986 16,012,570,876
아이리버 060570 자본금 15,548,098,000 15,522,748,000
아이리버 060570 자본잉여금 33,058,396,627 32,741,309,981
아이리버 060570 자본조정 0 0
아이리버 060570 기타포괄손익누계액 0 0
아이리버 060570 이익잉여금(결손금) 0 0
아이리버 060570 자본총계 50,447,072,127 49,239,675,365
아이리버 060570 자본과부채총계 65,405,240,113 65,252,246,241
date : 2016-03-31
아이리버 060570 유동자산 46,488,763,254 49,039,541,100
아이리버 060570 현금및현금성자산 9,561,287,509 10,128,137,663
아이리버 060570 매출채권 0 0
아이리버 060570 재고자산 14,611,896,782 14,387,498,906
아이리버 060570 기타유동금융자산 1,000,000,000 14,387,498,906
아이리버 060570 기타유동자산 3,622,740,992 4,301,635,239
아이리버 060570 매각예정비유동자산 0 0
아이리버 060570 비유동자산 17,044,186,199 16,365,699,013
아이리버 060570 장기금융상품 0 0
아이리버 060570 기타포괄손익-공정가치 0 0
아이리버 060570 당기손익인식공정가치측정금융자산 0 0
아이리버 060570 종속회사투자 0 0
아이리버 060570 관계회사투자 0 0
아이리버 060570 렌탈자산 0 0
아이리버 060570 유형자산 3,844,324,252 3,829,734,423
아이리버 060570 무형자산 4,726,416,999 5,075,119,642
아이리버 060570 기타비유동금융자산 0 0
아이리버 060570 기타비유동자산 111,290,493 117,236,444
아이리버 060570 사용권자산 0 0
아이리버 060570 이연법인세자산 0 0
아이리버 060570 자산총계 63,532,949,453 65,405,240,113
아이리버 060570 유동부채 7,529,947,938 9,469,746,150
아이리버 060570 단기매입채무 0 0
아이리버 060570 단기차입금 0 0
아이리버 060570 유동성장기차입금 0 0
아이리버 060570 유동성사채 0 0
아이리버 060570 기타유동금융부채 0 0
아이리버 060570 기타유동부채 226,575,070 261,153,516
아이리버 060570 당기법인세부채 0 0
아이리버 060570 유동리스부채 0 0
아이리버 060570 비유동부채 5,841,989,958 5,488,421,836
아이리버 060570 사채 0 0
아이리버 060570 장기차입금 0 0
아이리버 060570 기타비유동금융부채 0 0
아이리버 060570 이연법인세부채 0 0
아이리버 060570 비유동리스부채 0 0
아이리버 060570 부채총계 13,371,937,896 14,958,167,986
아이리버 060570 자본금 15,548,098,000 15,548,098,000
아이리버 060570 자본잉여금 33,058,396,627 33,058,396,627
아이리버 060570 자본조정 0 0
아이리버 060570 기타포괄손익누계액 0 0
아이리버 060570 이익잉여금(결손금) 0 0
아이리버 060570 자본총계 50,161,011,557 50,447,072,127
아이리버 060570 자본과부채총계 63,532,949,453 65,405,240,113
date : 2016-06-30
아이리버 060570 유동자산 46,066,760,721 49,039,541,100
아이리버 060570 현금및현금성자산 11,120,971,344 10,128,137,663
아이리버 060570 매출채권 0 0
아이리버 060570 재고자산 14,738,462,108 14,387,498,906
아이리버 060570 기타유동금융자산 1,000,000,000 14,387,498,906
아이리버 060570 기타유동자산 2,199,317,752 4,301,635,239
아이리버 060570 매각예정비유동자산 0 0
아이리버 060570 비유동자산 17,865,550,675 16,365,699,013
아이리버 060570 장기금융상품 0 0
아이리버 060570 기타포괄손익-공정가치 0 0
아이리버 060570 당기손익인식공정가치측정금융자산 0 0
아이리버 060570 종속회사투자 0 0
아이리버 060570 관계회사투자 0 0
아이리버 060570 렌탈자산 0 0
아이리버 060570 유형자산 3,780,087,420 3,829,734,423
아이리버 060570 무형자산 4,612,018,307 5,075,119,642
아이리버 060570 기타비유동금융자산 0 0
아이리버 060570 기타비유동자산 105,252,176 117,236,444
아이리버 060570 사용권자산 0 0
아이리버 060570 이연법인세자산 0 0
아이리버 060570 자산총계 63,932,311,396 65,405,240,113
아이리버 060570 유동부채 9,246,279,555 9,469,746,150
아이리버 060570 단기매입채무 0 0
아이리버 060570 단기차입금 0 0
아이리버 060570 유동성장기차입금 0 0
아이리버 060570 유동성사채 0 0
아이리버 060570 기타유동금융부채 0 0
아이리버 060570 기타유동부채 362,108,305 261,153,516
아이리버 060570 당기법인세부채 0 0
아이리버 060570 유동리스부채 0 0
아이리버 060570 비유동부채 6,364,000,061 5,488,421,836
아이리버 060570 사채 0 0
아이리버 060570 장기차입금 0 0
아이리버 060570 기타비유동금융부채 0 0
아이리버 060570 이연법인세부채 0 0
아이리버 060570 비유동리스부채 0 0
아이리버 060570 부채총계 15,610,279,616 14,958,167,986
아이리버 060570 자본금 15,548,098,000 15,548,098,000
아이리버 060570 자본잉여금 33,058,396,627 33,058,396,627
아이리버 060570 자본조정 0 0
아이리버 060570 기타포괄손익누계액 0 0
아이리버 060570 이익잉여금(결손금) 0 0
아이리버 060570 자본총계 48,322,031,780 50,447,072,127
아이리버 060570 자본과부채총계 63,932,311,396 65,405,240,113
date : 2016-09-30
아이리버 060570 유동자산 44,960,870,180 49,039,541,100
아이리버 060570 현금및현금성자산 8,459,430,832 10,128,137,663
아이리버 060570 매출채권 0 0
아이리버 060570 재고자산 16,890,242,978 14,387,498,906
아이리버 060570 기타유동금융자산 1,000,000,000 14,387,498,906
아이리버 060570 기타유동자산 2,882,463,272 4,301,635,239
아이리버 060570 매각예정비유동자산 0 0
아이리버 060570 비유동자산 17,451,018,990 16,365,699,013
아이리버 060570 장기금융상품 0 0
아이리버 060570 기타포괄손익-공정가치 0 0
아이리버 060570 당기손익인식공정가치측정금융자산 0 0
아이리버 060570 종속회사투자 0 0
아이리버 060570 관계회사투자 0 0
아이리버 060570 렌탈자산 0 0
아이리버 060570 유형자산 3,706,591,124 3,829,734,423
아이리버 060570 무형자산 4,270,982,918 5,075,119,642
아이리버 060570 기타비유동금융자산 1,000 1,000
아이리버 060570 기타비유동자산 99,120,058 117,236,444
아이리버 060570 사용권자산 0 0
아이리버 060570 이연법인세자산 0 0
아이리버 060570 자산총계 62,411,889,170 65,405,240,113
아이리버 060570 유동부채 10,026,404,847 9,469,746,150
아이리버 060570 단기매입채무 0 0
아이리버 060570 단기차입금 0 0
아이리버 060570 유동성장기차입금 0 0
아이리버 060570 유동성사채 0 0
아이리버 060570 기타유동금융부채 0 0
아이리버 060570 기타유동부채 521,356,743 261,153,516
아이리버 060570 당기법인세부채 0 0
아이리버 060570 유동리스부채 0 0
아이리버 060570 비유동부채 6,631,482,354 5,488,421,836
아이리버 060570 사채 0 0
아이리버 060570 장기차입금 0 0
아이리버 060570 기타비유동금융부채 0 0
아이리버 060570 이연법인세부채 0 0
아이리버 060570 비유동리스부채 0 0
아이리버 060570 부채총계 16,657,887,201 14,958,167,986
아이리버 060570 자본금 15,548,098,000 15,548,098,000
아이리버 060570 자본잉여금 33,058,396,627 33,058,396,627
아이리버 060570 자본조정 0 0
아이리버 060570 기타포괄손익누계액 0 0
아이리버 060570 이익잉여금(결손금) 0 0
아이리버 060570 자본총계 45,754,001,969 50,447,072,127
아이리버 060570 자본과부채총계 62,411,889,170 65,405,240,113
date : 2016-12-31
아이리버 060570 유동자산 39,062,900,070 49,039,541,100
아이리버 060570 현금및현금성자산 10,205,002,844 10,128,137,663
아이리버 060570 매출채권 0 0
아이리버 060570 재고자산 14,460,195,443 14,387,498,906
아이리버 060570 기타유동금융자산 1,000,000,000 14,387,498,906
아이리버 060570 기타유동자산 1,946,005,427 4,301,635,239
아이리버 060570 매각예정비유동자산 0 0
아이리버 060570 비유동자산 15,000,267,745 16,365,699,013
아이리버 060570 장기금융상품 0 0
아이리버 060570 기타포괄손익-공정가치 0 0
아이리버 060570 당기손익인식공정가치측정금융자산 0 0
아이리버 060570 종속회사투자 0 0
아이리버 060570 관계회사투자 0 0
아이리버 060570 렌탈자산 0 0
아이리버 060570 유형자산 3,470,001,234 3,829,734,423
아이리버 060570 무형자산 3,700,316,374 5,075,119,642
아이리버 060570 기타비유동금융자산 0 0
아이리버 060570 기타비유동자산 92,892,682 117,236,444
아이리버 060570 사용권자산 0 0
아이리버 060570 이연법인세자산 0 0
아이리버 060570 자산총계 54,063,167,815 65,405,240,113
아이리버 060570 유동부채 7,883,324,612 9,469,746,150
아이리버 060570 단기매입채무 0 0
아이리버 060570 단기차입금 0 0
아이리버 060570 유동성장기차입금 0 0
아이리버 060570 유동성사채 0 0
아이리버 060570 기타유동금융부채 0 0
아이리버 060570 기타유동부채 905,287,079 261,153,516
아이리버 060570 당기법인세부채 0 0
아이리버 060570 유동리스부채 0 0
아이리버 060570 비유동부채 5,581,201,646 5,488,421,836
아이리버 060570 사채 0 0
아이리버 060570 장기차입금 0 0
아이리버 060570 기타비유동금융부채 0 0
아이리버 060570 이연법인세부채 0 0
아이리버 060570 비유동리스부채 0 0
아이리버 060570 부채총계 13,464,526,258 14,958,167,986
아이리버 060570 자본금 15,548,098,000 15,548,098,000
아이리버 060570 자본잉여금 33,112,700,243 33,058,396,627
아이리버 060570 자본조정 0 0
아이리버 060570 기타포괄손익누계액 0 0
아이리버 060570 이익잉여금(결손금) 0 0
아이리버 060570 자본총계 40,598,641,557 50,447,072,127
아이리버 060570 자본과부채총계 54,063,167,815 65,405,240,113
date : 2017-03-31
아이리버 060570 유동자산 36,853,075,474 39,062,900,070
아이리버 060570 현금및현금성자산 10,174,230,565 10,205,002,844
아이리버 060570 매출채권 0 0
아이리버 060570 재고자산 14,576,944,645 14,460,195,443
아이리버 060570 기타유동금융자산 0 0
아이리버 060570 기타유동자산 2,218,294,631 1,946,005,427
아이리버 060570 매각예정비유동자산 0 0
아이리버 060570 비유동자산 12,857,932,331 15,000,267,745
아이리버 060570 장기금융상품 0 0
아이리버 060570 기타포괄손익-공정가치 0 0
아이리버 060570 당기손익인식공정가치측정금융자산 0 0
아이리버 060570 종속회사투자 0 0
아이리버 060570 관계회사투자 0 0
아이리버 060570 렌탈자산 0 0
아이리버 060570 유형자산 1,190,784,031 3,470,001,234
아이리버 060570 무형자산 3,837,198,163 3,700,316,374
아이리버 060570 기타비유동금융자산 0 0
아이리버 060570 기타비유동자산 86,568,569 92,892,682
아이리버 060570 사용권자산 0 0
아이리버 060570 이연법인세자산 0 0
아이리버 060570 자산총계 49,711,007,805 54,063,167,815
아이리버 060570 유동부채 7,234,031,906 7,883,324,612
아이리버 060570 단기매입채무 0 0
아이리버 060570 단기차입금 0 0
아이리버 060570 유동성장기차입금 0 0
아이리버 060570 유동성사채 0 0
아이리버 060570 기타유동금융부채 0 0
아이리버 060570 기타유동부채 268,570,839 905,287,079
아이리버 060570 당기법인세부채 0 0
아이리버 060570 유동리스부채 0 0
아이리버 060570 비유동부채 5,844,476,228 5,581,201,646
아이리버 060570 사채 0 0
아이리버 060570 장기차입금 0 0
아이리버 060570 기타비유동금융부채 0 0
아이리버 060570 이연법인세부채 0 0
아이리버 060570 비유동리스부채 0 0
아이리버 060570 부채총계 13,078,508,134 13,464,526,258
아이리버 060570 자본금 15,548,098,000 15,548,098,000
아이리버 060570 자본잉여금 26,342,583,276 33,112,700,243
아이리버 060570 자본조정 0 0
아이리버 060570 기타포괄손익누계액 0 0
아이리버 060570 이익잉여금(결손금) 0 0
아이리버 060570 자본총계 36,632,499,671 40,598,641,557
아이리버 060570 자본과부채총계 49,711,007,805 54,063,167,815
date : 2017-06-30
아이리버 060570 유동자산 35,628,064,554 39,062,900,070
아이리버 060570 현금및현금성자산 7,144,493,703 10,205,002,844
아이리버 060570 매출채권 0 0
아이리버 060570 재고자산 15,395,040,418 14,460,195,443
아이리버 060570 기타유동금융자산 0 0
아이리버 060570 기타유동자산 2,957,071,940 1,946,005,427
아이리버 060570 매각예정비유동자산 0 0
아이리버 060570 비유동자산 14,365,532,468 15,000,267,745
아이리버 060570 장기금융상품 0 0
아이리버 060570 기타포괄손익-공정가치 0 0
아이리버 060570 당기손익인식공정가치측정금융자산 0 0
아이리버 060570 종속회사투자 0 0
아이리버 060570 관계회사투자 0 0
아이리버 060570 렌탈자산 0 0
아이리버 060570 유형자산 1,045,034,949 3,470,001,234
아이리버 060570 무형자산 3,938,547,382 3,700,316,374
아이리버 060570 기타비유동금융자산 0 0
아이리버 060570 기타비유동자산 80,146,215 92,892,682
아이리버 060570 사용권자산 0 0
아이리버 060570 이연법인세자산 0 0
아이리버 060570 자산총계 49,993,597,022 54,063,167,815
아이리버 060570 유동부채 8,696,952,862 7,883,324,612
아이리버 060570 단기매입채무 0 0
아이리버 060570 단기차입금 0 0
아이리버 060570 유동성장기차입금 0 0
아이리버 060570 유동성사채 0 0
아이리버 060570 기타유동금융부채 0 0
아이리버 060570 기타유동부채 278,544,315 905,287,079
아이리버 060570 당기법인세부채 0 0
아이리버 060570 유동리스부채 0 0
아이리버 060570 비유동부채 6,155,023,550 5,581,201,646
아이리버 060570 사채 0 0
아이리버 060570 장기차입금 0 0
아이리버 060570 기타비유동금융부채 0 0
아이리버 060570 이연법인세부채 0 0
아이리버 060570 비유동리스부채 0 0
아이리버 060570 부채총계 14,851,976,412 13,464,526,258
아이리버 060570 자본금 15,548,098,000 15,548,098,000
아이리버 060570 자본잉여금 26,342,583,276 33,112,700,243
아이리버 060570 자본조정 0 0
아이리버 060570 기타포괄손익누계액 0 0
아이리버 060570 이익잉여금(결손금) 0 0
아이리버 060570 자본총계 35,141,620,610 40,598,641,557
아이리버 060570 자본과부채총계 49,993,597,022 54,063,167,815
date : 2017-09-30
아이리버 060570 유동자산 69,902,019,063 39,062,900,070
아이리버 060570 현금및현금성자산 17,256,043,094 10,205,002,844
아이리버 060570 매출채권 및 기타유동채권
아이리버 060570 재고자산 16,579,676,909 14,460,195,443
아이리버 060570 기타유동금융자산 20,029,783,518 14,460,195,443
아이리버 060570 기타유동자산 4,499,587,806 1,946,005,427
아이리버 060570 매각예정비유동자산 0 0
아이리버 060570 비유동자산 44,291,233,422 15,000,267,745
아이리버 060570 장기금융상품 0 0
아이리버 060570 기타포괄손익-공정가치 0 0
아이리버 060570 당기손익인식공정가치측정금융자산 0 0
아이리버 060570 종속회사투자 0 0
아이리버 060570 관계회사투자 0 0
아이리버 060570 렌탈자산 0 0
아이리버 060570 유형자산 952,819,924 3,470,001,234
아이리버 060570 무형자산 4,015,212,382 3,700,316,374
아이리버 060570 기타비유동금융자산 0 0
아이리버 060570 기타비유동자산 73,624,094 92,892,682
아이리버 060570 사용권자산 0 0
아이리버 060570 이연법인세자산 0 0
아이리버 060570 자산총계 114,193,252,485 54,063,167,815
아이리버 060570 유동부채 9,039,113,239 7,883,324,612
아이리버 060570 단기매입채무 0 0
아이리버 060570 단기차입금 0 0
아이리버 060570 유동성장기차입금 0 0
아이리버 060570 유동성사채 0 0
아이리버 060570 기타유동금융부채 0 0
아이리버 060570 기타유동부채 399,454,655 905,287,079
아이리버 060570 당기법인세부채 0 0
아이리버 060570 유동리스부채 0 0
아이리버 060570 비유동부채 6,169,443,818 5,581,201,646
아이리버 060570 사채 0 0
아이리버 060570 장기차입금 0 0
아이리버 060570 기타비유동금융부채 4,688,379,675 4,643,697,275
아이리버 060570 이연법인세부채 0 0
아이리버 060570 비유동리스부채 0 0
아이리버 060570 부채총계 15,208,557,057 13,464,526,258
아이리버 060570 자본금 21,688,870,000 15,548,098,000
아이리버 060570 자본잉여금 85,385,147,949 33,112,700,243
아이리버 060570 자본조정 0 0
아이리버 060570 기타포괄손익누계액 0 0
아이리버 060570 이익잉여금(결손금) -6,793,042,802 -6,788,940,189
아이리버 060570 자본총계 98,984,695,428 40,598,641,557
아이리버 060570 자본과부채총계 114,193,252,485 54,063,167,815
date : 2017-12-31
아이리버 060570 유동자산 68,138,954,050 39,062,900,070
아이리버 060570 현금및현금성자산 17,928,657,073 10,205,002,844
아이리버 060570 매출채권 0 0
아이리버 060570 재고자산 13,106,781,314 14,460,195,443
아이리버 060570 기타유동금융자산 0 0
아이리버 060570 기타유동자산 4,880,299,404 1,946,005,427
아이리버 060570 매각예정비유동자산 0 0
아이리버 060570 비유동자산 63,941,124,021 15,000,267,745
아이리버 060570 장기금융상품 0 0
아이리버 060570 기타포괄손익-공정가치 0 0
아이리버 060570 당기손익인식공정가치측정금융자산 0 0
아이리버 060570 종속회사투자 0 0
아이리버 060570 관계회사투자 0 0
아이리버 060570 렌탈자산 0 0
아이리버 060570 유형자산 1,179,630,999 3,470,001,234
아이리버 060570 무형자산 23,609,342,890 3,700,316,374
아이리버 060570 기타비유동금융자산 0 0
아이리버 060570 기타비유동자산 83,983,289 92,892,682
아이리버 060570 사용권자산 0 0
아이리버 060570 이연법인세자산 0 0
아이리버 060570 자산총계 132,080,078,071 54,063,167,815
아이리버 060570 유동부채 8,850,917,086 7,883,324,612
아이리버 060570 단기매입채무 0 0
아이리버 060570 단기차입금 0 0
아이리버 060570 유동성장기차입금 0 0
아이리버 060570 유동성사채 0 0
아이리버 060570 기타유동금융부채 0 0
아이리버 060570 기타유동부채 1,102,174,505 905,287,079
아이리버 060570 당기법인세부채 0 0
아이리버 060570 유동리스부채 0 0
아이리버 060570 비유동부채 5,364,287,125 5,581,201,646
아이리버 060570 사채 0 0
아이리버 060570 장기차입금 0 0
아이리버 060570 기타비유동금융부채 0 0
아이리버 060570 이연법인세부채 0 0
아이리버 060570 비유동리스부채 0 0
아이리버 060570 부채총계 14,215,204,211 13,464,526,258
아이리버 060570 자본금 23,774,296,000 15,548,098,000
아이리버 060570 자본잉여금 107,937,317,961 33,112,700,243
아이리버 060570 자본조정 0 0
아이리버 060570 기타포괄손익누계액 0 0
아이리버 060570 이익잉여금(결손금) -12,550,460,382 -6,788,940,189
아이리버 060570 자본총계 117,864,873,860 40,598,641,557
아이리버 060570 자본과부채총계 132,080,078,071 54,063,167,815
date : 2018-03-31
아이리버 060570 유동자산 62,559,528,593 68,138,954,050
아이리버 060570 현금및현금성자산 22,991,314,177 17,928,657,073
아이리버 060570 매출채권 0 0
아이리버 060570 재고자산 12,617,696,953 13,106,781,314
아이리버 060570 기타유동금융자산 0 0
아이리버 060570 기타유동자산 6,508,332,666 4,880,299,404
아이리버 060570 매각예정비유동자산 0 0
아이리버 060570 비유동자산 79,966,412,603 63,941,124,021
아이리버 060570 장기금융상품 0 0
아이리버 060570 기타포괄손익-공정가치 0 0
아이리버 060570 당기손익인식공정가치측정금융자산 0 0
아이리버 060570 종속회사투자 0 0
아이리버 060570 관계회사투자 0 0
아이리버 060570 렌탈자산 0 0
아이리버 060570 유형자산 1,117,964,081 1,179,630,999
아이리버 060570 무형자산 38,445,802,390 23,609,342,890
아이리버 060570 기타비유동금융자산 0 0
아이리버 060570 기타비유동자산 61,986,508 83,983,289
아이리버 060570 사용권자산 0 0
아이리버 060570 이연법인세자산 0 0
아이리버 060570 자산총계 142,525,941,196 132,080,078,071
아이리버 060570 유동부채 19,321,605,093 8,850,917,086
아이리버 060570 단기매입채무 0 0
아이리버 060570 단기차입금 0 0
아이리버 060570 유동성장기차입금 0 0
아이리버 060570 유동성사채 0 0
아이리버 060570 기타유동금융부채 0 0
아이리버 060570 기타유동부채 6,157,501,138 1,102,174,505
아이리버 060570 당기법인세부채 0 0
아이리버 060570 유동리스부채 0 0
아이리버 060570 비유동부채 5,663,867,147 5,364,287,125
아이리버 060570 사채 0 0
아이리버 060570 장기차입금 0 0
아이리버 060570 기타비유동금융부채 0 0
아이리버 060570 이연법인세부채 0 0
아이리버 060570 비유동리스부채 0 0
아이리버 060570 부채총계 24,985,472,240 14,215,204,211
아이리버 060570 자본금 23,774,296,000 23,774,296,000
아이리버 060570 자본잉여금 107,937,317,961 107,937,317,961
아이리버 060570 자본조정 0 0
아이리버 060570 기타포괄손익누계액 0 0
아이리버 060570 이익잉여금(결손금) -12,874,865,286 -12,550,460,382
아이리버 060570 자본총계 117,540,468,956 117,864,873,860
아이리버 060570 자본과부채총계 142,525,941,196 132,080,078,071
date : 2018-06-30
아이리버 060570 유동자산 61,259,406,824 68,138,954,050
아이리버 060570 현금및현금성자산 19,856,944,583 17,928,657,073
아이리버 060570 매출채권 0 0
아이리버 060570 재고자산 14,364,890,379 13,106,781,314
아이리버 060570 기타유동금융자산 0 0
아이리버 060570 기타유동자산 4,543,871,136 4,880,299,404
아이리버 060570 매각예정비유동자산 0 0
아이리버 060570 비유동자산 81,344,277,445 63,941,124,021
아이리버 060570 장기금융상품 0 0
아이리버 060570 기타포괄손익-공정가치 0 0
아이리버 060570 당기손익인식공정가치측정금융자산 0 0
아이리버 060570 종속회사투자 0 0
아이리버 060570 관계회사투자 0 0
아이리버 060570 렌탈자산 0 0
아이리버 060570 유형자산 1,583,319,945 1,179,630,999
아이리버 060570 무형자산 38,163,000,788 23,609,342,890
아이리버 060570 기타비유동금융자산 0 0
아이리버 060570 기타비유동자산 98,004,190 83,983,289
아이리버 060570 사용권자산 0 0
아이리버 060570 이연법인세자산 0 0
아이리버 060570 자산총계 142,603,684,269 132,080,078,071
아이리버 060570 유동부채 17,583,224,133 8,850,917,086
아이리버 060570 단기매입채무 0 0
아이리버 060570 단기차입금 0 0
아이리버 060570 유동성장기차입금 0 0
아이리버 060570 유동성사채 0 0
아이리버 060570 기타유동금융부채 0 0
아이리버 060570 기타유동부채 3,648,314,074 1,102,174,505
아이리버 060570 당기법인세부채 0 0
아이리버 060570 유동리스부채 0 0
아이리버 060570 비유동부채 6,083,147,647 5,364,287,125
아이리버 060570 사채 0 0
아이리버 060570 장기차입금 0 0
아이리버 060570 기타비유동금융부채 0 0
아이리버 060570 이연법인세부채 0 0
아이리버 060570 비유동리스부채 0 0
아이리버 060570 부채총계 23,666,371,780 14,215,204,211
아이리버 060570 자본금 23,783,706,000 23,774,296,000
아이리버 060570 자본잉여금 107,997,830,499 107,937,317,961
아이리버 060570 자본조정 0 0
아이리버 060570 기타포괄손익누계액 0 0
아이리버 060570 이익잉여금(결손금) -11,547,944,291 -12,550,460,382
아이리버 060570 자본총계 118,937,312,489 117,864,873,860
아이리버 060570 자본과부채총계 142,603,684,269 132,080,078,071
date : 2018-09-30
아이리버 060570 유동자산 122,476,041,329 68,138,954,050
아이리버 060570 현금및현금성자산 78,830,818,183 17,928,657,073
아이리버 060570 매출채권 0 0
아이리버 060570 재고자산 14,539,571,499 13,106,781,314
아이리버 060570 기타유동금융자산 0 0
아이리버 060570 기타유동자산 6,266,683,239 4,880,299,404
아이리버 060570 매각예정비유동자산 0 0
아이리버 060570 비유동자산 91,398,123,288 63,941,124,021
아이리버 060570 장기금융상품 0 0
아이리버 060570 기타포괄손익-공정가치 0 0
아이리버 060570 당기손익인식공정가치측정금융자산 0 0
아이리버 060570 종속회사투자 0 0
아이리버 060570 관계회사투자 0 0
아이리버 060570 렌탈자산 0 0
아이리버 060570 유형자산 1,801,101,766 1,179,630,999
아이리버 060570 무형자산 37,007,546,636 23,609,342,890
아이리버 060570 기타비유동금융자산 0 0
아이리버 060570 기타비유동자산 145,860,430 83,983,289
아이리버 060570 사용권자산 0 0
아이리버 060570 이연법인세자산 0 0
아이리버 060570 자산총계 213,874,164,617 132,080,078,071
아이리버 060570 유동부채 18,761,092,957 8,850,917,086
아이리버 060570 단기매입채무 0 0
아이리버 060570 단기차입금 0 0
아이리버 060570 유동성장기차입금 0 0
아이리버 060570 유동성사채 0 0
아이리버 060570 기타유동금융부채 0 0
아이리버 060570 기타유동부채 5,609,284,884 1,102,174,505
아이리버 060570 당기법인세부채 0 0
아이리버 060570 유동리스부채 0 0
아이리버 060570 비유동부채 6,690,005,527 5,364,287,125
아이리버 060570 사채 0 0
아이리버 060570 장기차입금 0 0
아이리버 060570 기타비유동금융부채 0 0
아이리버 060570 이연법인세부채 0 0
아이리버 060570 비유동리스부채 0 0
아이리버 060570 부채총계 25,451,098,484 14,215,204,211
아이리버 060570 자본금 27,779,139,500 23,774,296,000
아이리버 060570 자본잉여금 173,974,179,849 107,937,317,961
아이리버 060570 자본조정 0 0
아이리버 060570 기타포괄손익누계액 0 0
아이리버 060570 이익잉여금(결손금) -12,033,973,497 -12,550,460,382
아이리버 060570 자본총계 188,423,066,133 117,864,873,860
아이리버 060570 자본과부채총계 213,874,164,617 132,080,078,071
date : 2018-12-31
아이리버 060570 유동자산 132,217,423,538 68,138,954,050
아이리버 060570 현금및현금성자산 82,479,179,971 17,928,657,073
아이리버 060570 매출채권 0 0
아이리버 060570 재고자산 15,218,217,598 13,106,781,314
아이리버 060570 기타유동금융자산 0 0
아이리버 060570 기타유동자산 3,472,263,439 4,880,299,404
아이리버 060570 매각예정비유동자산 0 0
아이리버 060570 비유동자산 67,845,934,190 63,941,124,021
아이리버 060570 장기금융상품 0 0
아이리버 060570 기타포괄손익-공정가치 0 0
아이리버 060570 당기손익인식공정가치측정금융자산 0 0
아이리버 060570 종속회사투자 0 0
아이리버 060570 관계회사투자 0 0
아이리버 060570 렌탈자산 0 0
아이리버 060570 유형자산 1,603,972,406 1,179,630,999
아이리버 060570 무형자산 16,822,821,839 23,609,342,890
아이리버 060570 기타비유동금융자산 0 0
아이리버 060570 기타비유동자산 115,647,034 83,983,289
아이리버 060570 사용권자산 0 0
아이리버 060570 이연법인세자산 0 0
아이리버 060570 자산총계 200,063,357,728 132,080,078,071
아이리버 060570 유동부채 33,840,725,082 8,850,917,086
아이리버 060570 단기매입채무 0 0
아이리버 060570 단기차입금 0 0
아이리버 060570 유동성장기차입금 0 0
아이리버 060570 유동성사채 0 0
아이리버 060570 기타유동금융부채 0 0
아이리버 060570 기타유동부채 13,481,244,457 1,102,174,505
아이리버 060570 당기법인세부채 0 0
아이리버 060570 유동리스부채 0 0
아이리버 060570 비유동부채 623,544,070 5,364,287,125
아이리버 060570 사채 0 0
아이리버 060570 장기차입금 0 0
아이리버 060570 기타비유동금융부채 0 0
아이리버 060570 이연법인세부채 0 0
아이리버 060570 비유동리스부채 0 0
아이리버 060570 부채총계 34,464,269,152 14,215,204,211
아이리버 060570 자본금 27,779,139,500 23,774,296,000
아이리버 060570 자본잉여금 173,974,179,849 107,937,317,961
아이리버 060570 자본조정 0 0
아이리버 060570 기타포괄손익누계액 0 0
아이리버 060570 이익잉여금(결손금) -34,857,951,054 -12,550,460,382
아이리버 060570 자본총계 165,599,088,576 117,864,873,860
아이리버 060570 자본과부채총계 200,063,357,728 132,080,078,071
date : 2019-03-31
드림어스컴퍼니 060570 유동자산 124,198,619,928 132,217,423,538
드림어스컴퍼니 060570 현금및현금성자산 82,647,973,383 82,479,179,971
드림어스컴퍼니 060570 매출채권 0 0
드림어스컴퍼니 060570 재고자산 13,467,570,005 15,218,217,598
드림어스컴퍼니 060570 기타유동금융자산 0 0
드림어스컴퍼니 060570 기타유동자산 6,361,447,028 3,472,263,439
드림어스컴퍼니 060570 매각예정비유동자산 0 0
드림어스컴퍼니 060570 비유동자산 62,855,267,942 67,845,934,190
드림어스컴퍼니 060570 장기금융상품 0 0
드림어스컴퍼니 060570 기타포괄손익-공정가치 0 0
드림어스컴퍼니 060570 당기손익인식공정가치측정금융자산 0 0
드림어스컴퍼니 060570 종속회사투자 0 0
드림어스컴퍼니 060570 관계회사투자 0 0
드림어스컴퍼니 060570 렌탈자산 0 0
드림어스컴퍼니 060570 유형자산 5,647,679,149 1,603,972,406
드림어스컴퍼니 060570 무형자산 20,713,816,025 16,822,821,839
드림어스컴퍼니 060570 기타비유동금융자산 0 0
드림어스컴퍼니 060570 기타비유동자산 85,277,462 115,647,034
드림어스컴퍼니 060570 사용권자산 0 0
드림어스컴퍼니 060570 이연법인세자산 0 0
드림어스컴퍼니 060570 자산총계 187,053,887,870 200,063,357,728
드림어스컴퍼니 060570 유동부채 31,614,204,533 33,840,725,082
드림어스컴퍼니 060570 단기매입채무 0 0
드림어스컴퍼니 060570 단기차입금 0 0
드림어스컴퍼니 060570 유동성장기차입금 0 0
드림어스컴퍼니 060570 유동성사채 0 0
드림어스컴퍼니 060570 기타유동금융부채 0 0
드림어스컴퍼니 060570 기타유동부채 4,987,018,083 13,481,244,457
드림어스컴퍼니 060570 당기법인세부채 0 0
드림어스컴퍼니 060570 유동리스부채 1,739,335,676 33,840,725,082
드림어스컴퍼니 060570 비유동부채 2,605,622,064 623,544,070
드림어스컴퍼니 060570 사채 0 0
드림어스컴퍼니 060570 장기차입금 0 0
드림어스컴퍼니 060570 기타비유동금융부채 0 0
드림어스컴퍼니 060570 이연법인세부채 0 0
드림어스컴퍼니 060570 비유동리스부채 1,761,937,548 623,544,070
드림어스컴퍼니 060570 부채총계 34,219,826,597 34,464,269,152
드림어스컴퍼니 060570 자본금 27,910,719,500 27,779,139,500
드림어스컴퍼니 060570 자본잉여금 174,884,306,527 173,974,179,849
드림어스컴퍼니 060570 자본조정 0 0
드림어스컴퍼니 060570 기타포괄손익누계액 0 0
드림어스컴퍼니 060570 이익잉여금(결손금) -40,944,413,075 -34,857,951,054
드림어스컴퍼니 060570 자본총계 152,834,061,273 165,599,088,576
드림어스컴퍼니 060570 자본과부채총계 187,053,887,870 200,063,357,728
