date : 2015-12-31
씨티씨바이오 060590 유동자산 63,568,543,741 66,256,449,490
씨티씨바이오 060590 현금및현금성자산 996,574,113 5,781,885,325
씨티씨바이오 060590 매출채권 및 기타유동채권
씨티씨바이오 060590 재고자산 24,021,427,804 22,995,734,183
씨티씨바이오 060590 기타유동금융자산 0 0
씨티씨바이오 060590 기타유동자산 3,477,408,298 2,492,493,721
씨티씨바이오 060590 매각예정비유동자산 0 0
씨티씨바이오 060590 비유동자산 122,500,937,350 87,073,563,653
씨티씨바이오 060590 장기금융상품 0 0
씨티씨바이오 060590 기타포괄손익-공정가치 0 0
씨티씨바이오 060590 당기손익인식공정가치측정금융자산 0 0
씨티씨바이오 060590 종속회사투자 0 0
씨티씨바이오 060590 관계회사투자 0 0
씨티씨바이오 060590 렌탈자산 0 0
씨티씨바이오 060590 유형자산 86,726,283,670 66,216,854,753
씨티씨바이오 060590 무형자산 3,374,667,653 3,001,980,367
씨티씨바이오 060590 기타비유동금융자산 0 0
씨티씨바이오 060590 기타비유동자산 27,024,795 214,455,776
씨티씨바이오 060590 사용권자산 0 0
씨티씨바이오 060590 이연법인세자산 0 0
씨티씨바이오 060590 자산총계 186,069,481,091 153,330,013,143
씨티씨바이오 060590 유동부채 63,378,596,014 51,149,095,500
씨티씨바이오 060590 단기매입채무 0 0
씨티씨바이오 060590 단기차입금 0 0
씨티씨바이오 060590 유동성장기차입금 0 0
씨티씨바이오 060590 유동성사채 0 0
씨티씨바이오 060590 기타유동금융부채 16,974,911 12,795,125
씨티씨바이오 060590 기타유동부채 0 0
씨티씨바이오 060590 당기법인세부채 702,473,786 188,830,459
씨티씨바이오 060590 유동리스부채 0 0
씨티씨바이오 060590 비유동부채 24,827,527,500 17,576,869,682
씨티씨바이오 060590 사채 0 0
씨티씨바이오 060590 장기차입금 17,283,308,340 10,310,000,000
씨티씨바이오 060590 기타비유동금융부채 9,434,436 0
씨티씨바이오 060590 이연법인세부채 2,790,341,951 302,702,007
씨티씨바이오 060590 비유동리스부채 0 0
씨티씨바이오 060590 부채총계 88,206,123,514 68,725,965,182
씨티씨바이오 060590 자본금 8,712,566,500 8,712,566,500
씨티씨바이오 060590 자본잉여금 57,409,846,482 57,409,846,482
씨티씨바이오 060590 자본조정 0 0
씨티씨바이오 060590 기타포괄손익누계액 14,297,093,393 3,069,688,473
씨티씨바이오 060590 이익잉여금(결손금) 20,984,850,165 18,952,945,469
씨티씨바이오 060590 자본총계 97,863,357,577 84,604,047,961
씨티씨바이오 060590 자본과부채총계 186,069,481,091 153,330,013,143
date : 2016-03-31
씨티씨바이오 060590 유동자산 60,040,301,506 63,568,543,741
씨티씨바이오 060590 현금및현금성자산 1,645,819,985 996,574,113
씨티씨바이오 060590 매출채권 및 기타유동채권
씨티씨바이오 060590 재고자산 24,822,339,597 24,021,427,804
씨티씨바이오 060590 기타유동금융자산 0 0
씨티씨바이오 060590 기타유동자산 3,694,719,749 3,477,408,298
씨티씨바이오 060590 매각예정비유동자산 0 0
씨티씨바이오 060590 비유동자산 134,536,251,667 122,500,937,350
씨티씨바이오 060590 장기금융상품 0 0
씨티씨바이오 060590 기타포괄손익-공정가치 0 0
씨티씨바이오 060590 당기손익인식공정가치측정금융자산 0 0
씨티씨바이오 060590 종속회사투자 0 0
씨티씨바이오 060590 관계회사투자 0 0
씨티씨바이오 060590 렌탈자산 0 0
씨티씨바이오 060590 유형자산 90,528,057,795 86,726,283,670
씨티씨바이오 060590 무형자산 3,618,639,515 3,374,667,653
씨티씨바이오 060590 기타비유동금융자산 0 0
씨티씨바이오 060590 기타비유동자산 26,171,303 27,024,795
씨티씨바이오 060590 사용권자산 0 0
씨티씨바이오 060590 이연법인세자산 0 0
씨티씨바이오 060590 자산총계 194,576,553,173 186,069,481,091
씨티씨바이오 060590 유동부채 65,900,975,586 63,378,596,014
씨티씨바이오 060590 단기매입채무 0 0
씨티씨바이오 060590 단기차입금 0 0
씨티씨바이오 060590 유동성장기차입금 0 0
씨티씨바이오 060590 유동성사채 0 0
씨티씨바이오 060590 기타유동금융부채 3,569,888 16,974,911
씨티씨바이오 060590 기타유동부채 0 0
씨티씨바이오 060590 당기법인세부채 416,967,128 702,473,786
씨티씨바이오 060590 유동리스부채 0 0
씨티씨바이오 060590 비유동부채 25,068,884,588 24,827,527,500
씨티씨바이오 060590 사채 0 0
씨티씨바이오 060590 장기차입금 16,089,143,341 17,283,308,340
씨티씨바이오 060590 기타비유동금융부채 9,434,436 17,283,308,340
씨티씨바이오 060590 이연법인세부채 4,250,408,012 2,790,341,951
씨티씨바이오 060590 비유동리스부채 0 0
씨티씨바이오 060590 부채총계 90,969,860,174 88,206,123,514
씨티씨바이오 060590 자본금 8,712,566,500 8,712,566,500
씨티씨바이오 060590 자본잉여금 57,409,846,482 57,409,846,482
씨티씨바이오 060590 자본조정 0 0
씨티씨바이오 060590 기타포괄손익누계액 19,775,159,606 14,297,093,393
씨티씨바이오 060590 이익잉여금(결손금) 21,250,119,374 20,984,850,165
씨티씨바이오 060590 자본총계 103,606,692,999 97,863,357,577
씨티씨바이오 060590 자본과부채총계 194,576,553,173 186,069,481,091
date : 2016-06-30
씨티씨바이오 060590 유동자산 62,058,291,802 63,568,543,741
씨티씨바이오 060590 현금및현금성자산 984,006,932 996,574,113
씨티씨바이오 060590 매출채권 및 기타유동채권
씨티씨바이오 060590 재고자산 26,844,733,896 24,021,427,804
씨티씨바이오 060590 기타유동금융자산 0 0
씨티씨바이오 060590 기타유동자산 3,867,382,711 3,477,408,298
씨티씨바이오 060590 매각예정비유동자산 0 0
씨티씨바이오 060590 비유동자산 124,066,834,143 122,500,937,350
씨티씨바이오 060590 장기금융상품 0 0
씨티씨바이오 060590 기타포괄손익-공정가치 0 0
씨티씨바이오 060590 당기손익인식공정가치측정금융자산 0 0
씨티씨바이오 060590 종속회사투자 0 0
씨티씨바이오 060590 관계회사투자 0 0
씨티씨바이오 060590 렌탈자산 0 0
씨티씨바이오 060590 유형자산 91,268,264,225 86,726,283,670
씨티씨바이오 060590 무형자산 3,804,479,878 3,374,667,653
씨티씨바이오 060590 기타비유동금융자산 0 0
씨티씨바이오 060590 기타비유동자산 37,962,212 27,024,795
씨티씨바이오 060590 사용권자산 0 0
씨티씨바이오 060590 이연법인세자산 0 0
씨티씨바이오 060590 자산총계 186,125,125,945 186,069,481,091
씨티씨바이오 060590 유동부채 65,592,082,899 63,378,596,014
씨티씨바이오 060590 단기매입채무 0 0
씨티씨바이오 060590 단기차입금 0 0
씨티씨바이오 060590 유동성장기차입금 0 0
씨티씨바이오 060590 유동성사채 0 0
씨티씨바이오 060590 기타유동금융부채 1,755,029 16,974,911
씨티씨바이오 060590 기타유동부채 0 0
씨티씨바이오 060590 당기법인세부채 352,933,636 702,473,786
씨티씨바이오 060590 유동리스부채 0 0
씨티씨바이오 060590 비유동부채 22,898,686,870 24,827,527,500
씨티씨바이오 060590 사채 0 0
씨티씨바이오 060590 장기차입금 15,394,978,342 17,283,308,340
씨티씨바이오 060590 기타비유동금융부채 9,434,436 17,283,308,340
씨티씨바이오 060590 이연법인세부채 2,588,230,439 2,790,341,951
씨티씨바이오 060590 비유동리스부채 0 0
씨티씨바이오 060590 부채총계 88,490,769,769 88,206,123,514
씨티씨바이오 060590 자본금 8,712,566,500 8,712,566,500
씨티씨바이오 060590 자본잉여금 57,409,846,482 57,409,846,482
씨티씨바이오 060590 자본조정 0 0
씨티씨바이오 060590 기타포괄손익누계액 13,766,040,716 14,297,093,393
씨티씨바이오 060590 이익잉여금(결손금) 21,286,901,441 20,984,850,165
씨티씨바이오 060590 자본총계 97,634,356,176 97,863,357,577
씨티씨바이오 060590 자본과부채총계 186,125,125,945 186,069,481,091
date : 2016-09-30
씨티씨바이오 060590 유동자산 64,107,088,249 63,568,543,741
씨티씨바이오 060590 현금및현금성자산 298,614,615 996,574,113
씨티씨바이오 060590 매출채권 및 기타유동채권
씨티씨바이오 060590 재고자산 28,508,158,325 24,021,427,804
씨티씨바이오 060590 기타유동금융자산 0 0
씨티씨바이오 060590 기타유동자산 2,220,131,822 3,477,408,298
씨티씨바이오 060590 매각예정비유동자산 0 0
씨티씨바이오 060590 비유동자산 122,185,177,889 122,500,937,350
씨티씨바이오 060590 장기금융상품 0 0
씨티씨바이오 060590 기타포괄손익-공정가치 0 0
씨티씨바이오 060590 당기손익인식공정가치측정금융자산 0 0
씨티씨바이오 060590 종속회사투자 0 0
씨티씨바이오 060590 관계회사투자 0 0
씨티씨바이오 060590 렌탈자산 0 0
씨티씨바이오 060590 유형자산 91,200,891,147 86,726,283,670
씨티씨바이오 060590 무형자산 4,687,974,402 3,374,667,653
씨티씨바이오 060590 기타비유동금융자산 0 0
씨티씨바이오 060590 기타비유동자산 36,091,381 27,024,795
씨티씨바이오 060590 사용권자산 0 0
씨티씨바이오 060590 이연법인세자산 0 0
씨티씨바이오 060590 자산총계 186,292,266,138 186,069,481,091
씨티씨바이오 060590 유동부채 70,156,729,792 63,378,596,014
씨티씨바이오 060590 단기매입채무 0 0
씨티씨바이오 060590 단기차입금 0 0
씨티씨바이오 060590 유동성장기차입금 0 0
씨티씨바이오 060590 유동성사채 0 0
씨티씨바이오 060590 기타유동금융부채 16,974,911 12,795,125
씨티씨바이오 060590 기타유동부채 0 0
씨티씨바이오 060590 당기법인세부채 106,478,128 702,473,786
씨티씨바이오 060590 유동리스부채 0 0
씨티씨바이오 060590 비유동부채 21,125,452,523 24,827,527,500
씨티씨바이오 060590 사채 0 0
씨티씨바이오 060590 장기차입금 14,200,813,343 17,283,308,340
씨티씨바이오 060590 기타비유동금융부채 9,434,436 17,283,308,340
씨티씨바이오 060590 이연법인세부채 1,835,371,330 2,790,341,951
씨티씨바이오 060590 비유동리스부채 0 0
씨티씨바이오 060590 부채총계 91,282,182,315 88,206,123,514
씨티씨바이오 060590 자본금 8,712,566,500 8,712,566,500
씨티씨바이오 060590 자본잉여금 57,409,846,482 57,409,846,482
씨티씨바이오 060590 자본조정 0 0
씨티씨바이오 060590 기타포괄손익누계액 11,398,818,716 14,297,093,393
씨티씨바이오 060590 이익잉여금(결손금) 21,029,851,088 20,984,850,165
씨티씨바이오 060590 자본총계 95,010,083,823 97,863,357,577
씨티씨바이오 060590 자본과부채총계 186,292,266,138 186,069,481,091
date : 2016-12-31
씨티씨바이오 060590 유동자산 60,778,570,497 63,568,543,741
씨티씨바이오 060590 현금및현금성자산 359,753,279 996,574,113
씨티씨바이오 060590 매출채권 및 기타유동채권
씨티씨바이오 060590 재고자산 25,090,676,093 24,021,427,804
씨티씨바이오 060590 기타유동금융자산 0 0
씨티씨바이오 060590 기타유동자산 2,240,179,356 3,477,408,298
씨티씨바이오 060590 매각예정비유동자산 0 0
씨티씨바이오 060590 비유동자산 116,559,229,712 122,500,937,350
씨티씨바이오 060590 장기금융상품 0 0
씨티씨바이오 060590 기타포괄손익-공정가치 0 0
씨티씨바이오 060590 당기손익인식공정가치측정금융자산 0 0
씨티씨바이오 060590 종속회사투자 0 0
씨티씨바이오 060590 관계회사투자 0 0
씨티씨바이오 060590 렌탈자산 0 0
씨티씨바이오 060590 유형자산 91,961,661,750 86,726,283,670
씨티씨바이오 060590 무형자산 3,970,651,933 3,374,667,653
씨티씨바이오 060590 기타비유동금융자산 0 0
씨티씨바이오 060590 기타비유동자산 33,138,161 27,024,795
씨티씨바이오 060590 사용권자산 0 0
씨티씨바이오 060590 이연법인세자산 0 0
씨티씨바이오 060590 자산총계 177,337,800,209 186,069,481,091
씨티씨바이오 060590 유동부채 69,692,875,939 63,378,596,014
씨티씨바이오 060590 단기매입채무 0 0
씨티씨바이오 060590 단기차입금 0 0
씨티씨바이오 060590 유동성장기차입금 0 0
씨티씨바이오 060590 유동성사채 0 0
씨티씨바이오 060590 기타유동금융부채 16,974,911 12,795,125
씨티씨바이오 060590 기타유동부채 0 0
씨티씨바이오 060590 당기법인세부채 702,473,786 12,795,125
씨티씨바이오 060590 유동리스부채 0 0
씨티씨바이오 060590 비유동부채 18,811,966,892 24,827,527,500
씨티씨바이오 060590 사채 0 0
씨티씨바이오 060590 장기차입금 14,006,648,344 17,283,308,340
씨티씨바이오 060590 기타비유동금융부채 9,434,436 17,283,308,340
씨티씨바이오 060590 이연법인세부채 495,061,603 2,790,341,951
씨티씨바이오 060590 비유동리스부채 0 0
씨티씨바이오 060590 부채총계 88,504,842,831 88,206,123,514
씨티씨바이오 060590 자본금 8,737,566,500 8,712,566,500
씨티씨바이오 060590 자본잉여금 58,241,346,482 57,409,846,482
씨티씨바이오 060590 자본조정 0 0
씨티씨바이오 060590 기타포괄손익누계액 7,451,787,602 14,297,093,393
씨티씨바이오 060590 이익잉여금(결손금) 18,279,755,757 20,984,850,165
씨티씨바이오 060590 자본총계 88,832,957,378 97,863,357,577
씨티씨바이오 060590 자본과부채총계 177,337,800,209 186,069,481,091
date : 2017-03-31
씨티씨바이오 060590 유동자산 58,077,916,651 60,778,570,497
씨티씨바이오 060590 현금및현금성자산 829,301,315 359,753,279
씨티씨바이오 060590 매출채권 및 기타유동채권
씨티씨바이오 060590 재고자산 23,304,304,514 25,090,676,093
씨티씨바이오 060590 기타유동금융자산 0 0
씨티씨바이오 060590 기타유동자산 2,612,696,590 2,240,179,356
씨티씨바이오 060590 매각예정비유동자산 0 0
씨티씨바이오 060590 비유동자산 113,342,349,086 116,559,229,712
씨티씨바이오 060590 장기금융상품 0 0
씨티씨바이오 060590 기타포괄손익-공정가치 0 0
씨티씨바이오 060590 당기손익인식공정가치측정금융자산 0 0
씨티씨바이오 060590 종속회사투자 0 0
씨티씨바이오 060590 관계회사투자 0 0
씨티씨바이오 060590 렌탈자산 0 0
씨티씨바이오 060590 유형자산 91,343,172,261 91,961,661,750
씨티씨바이오 060590 무형자산 4,171,314,713 3,970,651,933
씨티씨바이오 060590 기타비유동금융자산 0 0
씨티씨바이오 060590 기타비유동자산 30,326,033 33,138,161
씨티씨바이오 060590 사용권자산 0 0
씨티씨바이오 060590 이연법인세자산 0 0
씨티씨바이오 060590 자산총계 171,420,265,737 177,337,800,209
씨티씨바이오 060590 유동부채 70,455,736,930 69,692,875,939
씨티씨바이오 060590 단기매입채무 0 0
씨티씨바이오 060590 단기차입금 0 0
씨티씨바이오 060590 유동성장기차입금 0 0
씨티씨바이오 060590 유동성사채 0 0
씨티씨바이오 060590 기타유동금융부채 0 0
씨티씨바이오 060590 기타유동부채 0 0
씨티씨바이오 060590 당기법인세부채 0 0
씨티씨바이오 060590 유동리스부채 0 0
씨티씨바이오 060590 비유동부채 15,935,446,325 18,811,966,892
씨티씨바이오 060590 사채 0 0
씨티씨바이오 060590 장기차입금 12,812,483,345 14,006,648,344
씨티씨바이오 060590 기타비유동금융부채 0 0
씨티씨바이오 060590 이연법인세부채 -1,295,779,583 495,061,603
씨티씨바이오 060590 비유동리스부채 0 0
씨티씨바이오 060590 부채총계 86,391,183,255 88,504,842,831
씨티씨바이오 060590 자본금 8,762,566,500 8,737,566,500
씨티씨바이오 060590 자본잉여금 59,072,846,482 58,241,346,482
씨티씨바이오 060590 자본조정 0 0
씨티씨바이오 060590 기타포괄손익누계액 5,656,594,202 7,451,787,602
씨티씨바이오 060590 이익잉여금(결손금) 15,751,074,261 18,279,755,757
씨티씨바이오 060590 자본총계 85,029,082,482 88,832,957,378
씨티씨바이오 060590 자본과부채총계 171,420,265,737 177,337,800,209
date : 2017-06-30
씨티씨바이오 060590 유동자산 58,388,023,735 60,778,570,497
씨티씨바이오 060590 현금및현금성자산 653,831,516 359,753,279
씨티씨바이오 060590 매출채권 및 기타유동채권
씨티씨바이오 060590 재고자산 23,287,208,154 25,090,676,093
씨티씨바이오 060590 기타유동금융자산 0 0
씨티씨바이오 060590 기타유동자산 2,483,965,276 2,240,179,356
씨티씨바이오 060590 매각예정비유동자산 0 0
씨티씨바이오 060590 비유동자산 119,519,290,021 116,559,229,712
씨티씨바이오 060590 장기금융상품 0 0
씨티씨바이오 060590 기타포괄손익-공정가치 0 0
씨티씨바이오 060590 당기손익인식공정가치측정금융자산 0 0
씨티씨바이오 060590 종속회사투자 0 0
씨티씨바이오 060590 관계회사투자 0 0
씨티씨바이오 060590 렌탈자산 0 0
씨티씨바이오 060590 유형자산 91,264,557,339 91,961,661,750
씨티씨바이오 060590 무형자산 4,906,254,709 3,970,651,933
씨티씨바이오 060590 기타비유동금융자산 0 0
씨티씨바이오 060590 기타비유동자산 637,613,683 33,138,161
씨티씨바이오 060590 사용권자산 0 0
씨티씨바이오 060590 이연법인세자산 0 0
씨티씨바이오 060590 자산총계 177,907,313,756 177,337,800,209
씨티씨바이오 060590 유동부채 71,567,192,224 69,692,875,939
씨티씨바이오 060590 단기매입채무 0 0
씨티씨바이오 060590 단기차입금 0 0
씨티씨바이오 060590 유동성장기차입금 0 0
씨티씨바이오 060590 유동성사채 0 0
씨티씨바이오 060590 기타유동금융부채 0 69,692,875,939
씨티씨바이오 060590 기타유동부채 0 0
씨티씨바이오 060590 당기법인세부채 0 69,692,875,939
씨티씨바이오 060590 유동리스부채 0 0
씨티씨바이오 060590 비유동부채 17,714,678,791 18,811,966,892
씨티씨바이오 060590 사채 0 0
씨티씨바이오 060590 장기차입금 12,960,695,000 14,006,648,344
씨티씨바이오 060590 기타비유동금융부채 0 14,006,648,344
씨티씨바이오 060590 이연법인세부채 495,061,603 14,006,648,344
씨티씨바이오 060590 비유동리스부채 0 0
씨티씨바이오 060590 부채총계 89,281,871,015 88,504,842,831
씨티씨바이오 060590 자본금 8,787,566,500 8,737,566,500
씨티씨바이오 060590 자본잉여금 59,904,346,482 58,241,346,482
씨티씨바이오 060590 자본조정 0 0
씨티씨바이오 060590 기타포괄손익누계액 9,565,634,402 7,451,787,602
씨티씨바이오 060590 이익잉여금(결손금) 14,918,394,320 18,279,755,757
씨티씨바이오 060590 자본총계 88,625,442,741 88,832,957,378
씨티씨바이오 060590 자본과부채총계 177,907,313,756 177,337,800,209
date : 2017-09-30
씨티씨바이오 060590 유동자산 59,647,716,394 60,778,570,497
씨티씨바이오 060590 현금및현금성자산 995,537,632 359,753,279
씨티씨바이오 060590 매출채권 및 기타유동채권
씨티씨바이오 060590 재고자산 23,712,267,613 25,090,676,093
씨티씨바이오 060590 기타유동금융자산 0 0
씨티씨바이오 060590 기타유동자산 1,061,169,086 2,240,179,356
씨티씨바이오 060590 매각예정비유동자산 0 0
씨티씨바이오 060590 비유동자산 115,279,452,951 116,559,229,712
씨티씨바이오 060590 장기금융상품 619,714,251 517,181,517
씨티씨바이오 060590 기타포괄손익-공정가치 0 0
씨티씨바이오 060590 당기손익인식공정가치측정금융자산 0 0
씨티씨바이오 060590 종속회사투자 0 0
씨티씨바이오 060590 관계회사투자 0 0
씨티씨바이오 060590 렌탈자산 0 0
씨티씨바이오 060590 유형자산 90,530,824,952 91,961,661,750
씨티씨바이오 060590 무형자산 5,036,769,699 3,970,651,933
씨티씨바이오 060590 기타비유동금융자산 0 0
씨티씨바이오 060590 기타비유동자산 48,103,354 33,138,161
씨티씨바이오 060590 사용권자산 0 0
씨티씨바이오 060590 이연법인세자산 0 0
씨티씨바이오 060590 자산총계 174,927,169,345 177,337,800,209
씨티씨바이오 060590 유동부채 55,742,617,325 69,692,875,939
씨티씨바이오 060590 단기매입채무 0 0
씨티씨바이오 060590 단기차입금 38,252,769,163 54,663,291,151
씨티씨바이오 060590 유동성장기차입금 0 0
씨티씨바이오 060590 유동성사채 0 0
씨티씨바이오 060590 기타유동금융부채 0 54,663,291,151
씨티씨바이오 060590 기타유동부채 6,777,301,648 5,088,624,955
씨티씨바이오 060590 당기법인세부채 0 54,663,291,151
씨티씨바이오 060590 유동리스부채 0 0
씨티씨바이오 060590 비유동부채 38,196,532,015 18,811,966,892
씨티씨바이오 060590 사채 0 0
씨티씨바이오 060590 장기차입금 33,341,985,509 14,006,648,344
씨티씨바이오 060590 기타비유동금융부채 0 14,006,648,344
씨티씨바이오 060590 이연법인세부채 495,061,603 14,006,648,344
씨티씨바이오 060590 비유동리스부채 0 0
씨티씨바이오 060590 부채총계 93,939,149,340 88,504,842,831
씨티씨바이오 060590 자본금 8,787,566,500 8,737,566,500
씨티씨바이오 060590 자본잉여금 59,904,346,482 58,241,346,482
씨티씨바이오 060590 자본조정 0 0
씨티씨바이오 060590 기타포괄손익누계액 6,987,984,002 7,451,787,602
씨티씨바이오 060590 이익잉여금(결손금) 9,858,621,984 18,279,755,757
씨티씨바이오 060590 자본총계 80,988,020,005 88,832,957,378
씨티씨바이오 060590 자본과부채총계 174,927,169,345 177,337,800,209
date : 2017-12-31
씨티씨바이오 060590 유동자산 56,951,957,466 60,778,570,497
씨티씨바이오 060590 현금및현금성자산 3,292,049,809 359,753,279
씨티씨바이오 060590 매출채권 및 기타유동채권
씨티씨바이오 060590 재고자산 24,226,930,898 25,090,676,093
씨티씨바이오 060590 기타유동금융자산 0 0
씨티씨바이오 060590 기타유동자산 1,024,760,331 2,240,179,356
씨티씨바이오 060590 매각예정비유동자산 0 0
씨티씨바이오 060590 비유동자산 126,630,629,622 116,559,229,712
씨티씨바이오 060590 장기금융상품 653,891,829 517,181,517
씨티씨바이오 060590 기타포괄손익-공정가치 0 0
씨티씨바이오 060590 당기손익인식공정가치측정금융자산 0 0
씨티씨바이오 060590 종속회사투자 0 0
씨티씨바이오 060590 관계회사투자 0 0
씨티씨바이오 060590 렌탈자산 0 0
씨티씨바이오 060590 유형자산 91,406,226,854 91,961,661,750
씨티씨바이오 060590 무형자산 5,188,648,345 3,970,651,933
씨티씨바이오 060590 기타비유동금융자산 0 0
씨티씨바이오 060590 기타비유동자산 38,472,608 33,138,161
씨티씨바이오 060590 사용권자산 0 0
씨티씨바이오 060590 이연법인세자산 1,216,582,779 33,138,161
씨티씨바이오 060590 자산총계 183,582,587,088 177,337,800,209
씨티씨바이오 060590 유동부채 60,549,132,688 69,692,875,939
씨티씨바이오 060590 단기매입채무 0 0
씨티씨바이오 060590 단기차입금 42,752,462,849 54,663,291,151
씨티씨바이오 060590 유동성장기차입금 0 0
씨티씨바이오 060590 유동성사채 0 0
씨티씨바이오 060590 기타유동금융부채 16,974,911 54,663,291,151
씨티씨바이오 060590 기타유동부채 6,051,746,109 5,088,624,955
씨티씨바이오 060590 당기법인세부채 702,473,786 54,663,291,151
씨티씨바이오 060590 유동리스부채 0 0
씨티씨바이오 060590 비유동부채 51,995,099,664 18,811,966,892
씨티씨바이오 060590 사채 0 0
씨티씨바이오 060590 장기차입금 45,794,616,329 14,006,648,344
씨티씨바이오 060590 기타비유동금융부채 0 14,006,648,344
씨티씨바이오 060590 이연법인세부채 495,061,603 2,790,341,951
씨티씨바이오 060590 비유동리스부채 0 0
씨티씨바이오 060590 부채총계 112,544,232,352 88,504,842,831
씨티씨바이오 060590 자본금 8,787,566,500 8,737,566,500
씨티씨바이오 060590 자본잉여금 59,904,346,482 58,241,346,482
씨티씨바이오 060590 자본조정 0 0
씨티씨바이오 060590 기타포괄손익누계액 11,280,604,980 7,451,787,602
씨티씨바이오 060590 이익잉여금(결손금) -4,383,664,263 18,279,755,757
씨티씨바이오 060590 자본총계 71,038,354,736 88,832,957,378
씨티씨바이오 060590 자본과부채총계 183,582,587,088 177,337,800,209
date : 2018-03-31
씨티씨바이오 060590 유동자산 58,158,079,060 56,951,957,466
씨티씨바이오 060590 현금및현금성자산 623,700,037 3,292,049,809
씨티씨바이오 060590 매출채권 및 기타유동채권
씨티씨바이오 060590 재고자산 24,340,389,849 24,226,930,898
씨티씨바이오 060590 기타유동금융자산 0 0
씨티씨바이오 060590 기타유동자산 1,393,951,254 1,024,760,331
씨티씨바이오 060590 매각예정비유동자산 0 0
씨티씨바이오 060590 비유동자산 127,132,013,851 126,630,629,622
씨티씨바이오 060590 장기금융상품 688,069,407 653,891,829
씨티씨바이오 060590 기타포괄손익-공정가치 0 0
씨티씨바이오 060590 당기손익인식공정가치측정금융자산 0 0
씨티씨바이오 060590 종속회사투자 0 0
씨티씨바이오 060590 관계회사투자 0 0
씨티씨바이오 060590 렌탈자산 0 0
씨티씨바이오 060590 유형자산 90,578,089,127 91,406,226,854
씨티씨바이오 060590 무형자산 5,325,661,948 5,188,648,345
씨티씨바이오 060590 기타비유동금융자산 0 0
씨티씨바이오 060590 기타비유동자산 29,343,810 38,472,608
씨티씨바이오 060590 사용권자산 0 0
씨티씨바이오 060590 이연법인세자산 1,047,881,644 1,216,582,779
씨티씨바이오 060590 자산총계 185,290,092,911 183,582,587,088
씨티씨바이오 060590 유동부채 59,283,096,895 60,549,132,688
씨티씨바이오 060590 단기매입채무 0 0
씨티씨바이오 060590 단기차입금 42,813,598,265 42,752,462,849
씨티씨바이오 060590 유동성장기차입금 0 0
씨티씨바이오 060590 유동성사채 0 0
씨티씨바이오 060590 기타유동금융부채 0 0
씨티씨바이오 060590 기타유동부채 5,376,632,662 6,051,746,109
씨티씨바이오 060590 당기법인세부채 0 0
씨티씨바이오 060590 유동리스부채 0 0
씨티씨바이오 060590 비유동부채 52,654,035,936 51,995,099,664
씨티씨바이오 060590 사채 0 0
씨티씨바이오 060590 장기차입금 45,648,828,111 45,794,616,329
씨티씨바이오 060590 기타비유동금융부채 0 0
씨티씨바이오 060590 이연법인세부채 533,363,871 0
씨티씨바이오 060590 비유동리스부채 0 0
씨티씨바이오 060590 부채총계 111,937,132,831 112,544,232,352
씨티씨바이오 060590 자본금 8,812,566,500 8,787,566,500
씨티씨바이오 060590 자본잉여금 60,735,846,482 59,904,346,482
씨티씨바이오 060590 자본조정 0 0
씨티씨바이오 060590 기타포괄손익누계액 11,361,381,780 11,280,604,980
씨티씨바이오 060590 이익잉여금(결손금) -2,669,835,719 -4,383,664,263
씨티씨바이오 060590 자본총계 73,352,960,080 71,038,354,736
씨티씨바이오 060590 자본과부채총계 185,290,092,911 183,582,587,088
date : 2018-06-30
씨티씨바이오 060590 유동자산 58,289,298,100 56,951,957,466
씨티씨바이오 060590 현금및현금성자산 229,359,220 3,292,049,809
씨티씨바이오 060590 매출채권 및 기타유동채권
씨티씨바이오 060590 재고자산 26,795,248,345 24,226,930,898
씨티씨바이오 060590 기타유동금융자산 0 0
씨티씨바이오 060590 기타유동자산 1,608,163,577 1,024,760,331
씨티씨바이오 060590 매각예정비유동자산 0 0
씨티씨바이오 060590 비유동자산 124,604,267,968 126,630,629,622
씨티씨바이오 060590 장기금융상품 722,246,985 653,891,829
씨티씨바이오 060590 기타포괄손익-공정가치 측정 금융자산
씨티씨바이오 060590 당기손익인식공정가치측정금융자산 0 0
씨티씨바이오 060590 종속회사투자 0 0
씨티씨바이오 060590 관계회사투자 0 0
씨티씨바이오 060590 렌탈자산 0 0
씨티씨바이오 060590 유형자산 89,739,525,343 91,406,226,854
씨티씨바이오 060590 무형자산 5,017,180,400 5,188,648,345
씨티씨바이오 060590 기타비유동금융자산 0 0
씨티씨바이오 060590 기타비유동자산 19,972,137 38,472,608
씨티씨바이오 060590 사용권자산 0 0
씨티씨바이오 060590 이연법인세자산 1,664,444,555 1,216,582,779
씨티씨바이오 060590 자산총계 182,893,566,068 183,582,587,088
씨티씨바이오 060590 유동부채 64,411,258,777 60,549,132,688
씨티씨바이오 060590 단기매입채무 0 0
씨티씨바이오 060590 단기차입금 48,465,521,409 42,752,462,849
씨티씨바이오 060590 유동성장기차입금 0 0
씨티씨바이오 060590 유동성사채 0 0
씨티씨바이오 060590 기타유동금융부채 0 0
씨티씨바이오 060590 기타유동부채 4,795,298,855 6,051,746,109
씨티씨바이오 060590 당기법인세부채 0 0
씨티씨바이오 060590 유동리스부채 0 0
씨티씨바이오 060590 비유동부채 48,328,414,724 51,995,099,664
씨티씨바이오 060590 사채 0 0
씨티씨바이오 060590 장기차입금 41,803,097,847 45,794,616,329
씨티씨바이오 060590 기타비유동금융부채 0 0
씨티씨바이오 060590 이연법인세부채 0 0
씨티씨바이오 060590 비유동리스부채 0 0
씨티씨바이오 060590 부채총계 112,739,673,501 112,544,232,352
씨티씨바이오 060590 자본금 8,812,566,500 8,787,566,500
씨티씨바이오 060590 자본잉여금 60,735,846,482 59,904,346,482
씨티씨바이오 060590 자본조정 0 0
씨티씨바이오 060590 기타포괄손익누계액 9,705,976,312 11,280,604,980
씨티씨바이오 060590 이익잉여금(결손금) -4,213,497,764 -4,383,664,263
씨티씨바이오 060590 자본총계 70,153,892,567 71,038,354,736
씨티씨바이오 060590 자본과부채총계 182,893,566,068 183,582,587,088
date : 2018-09-30
씨티씨바이오 060590 유동자산 59,741,573,772 56,951,957,466
씨티씨바이오 060590 현금및현금성자산 431,399,564 3,292,049,809
씨티씨바이오 060590 매출채권 및 기타유동채권
씨티씨바이오 060590 재고자산 28,144,583,960 24,226,930,898
씨티씨바이오 060590 기타유동금융자산 0 0
씨티씨바이오 060590 기타유동자산 1,258,499,245 1,024,760,331
씨티씨바이오 060590 매각예정비유동자산 0 0
씨티씨바이오 060590 비유동자산 123,660,809,822 126,630,629,622
씨티씨바이오 060590 장기금융상품 756,424,563 653,891,829
씨티씨바이오 060590 기타포괄손익-공정가치 측정 금융자산
씨티씨바이오 060590 당기손익인식공정가치측정금융자산 0 0
씨티씨바이오 060590 종속회사투자 0 0
씨티씨바이오 060590 관계회사투자 0 0
씨티씨바이오 060590 렌탈자산 0 0
씨티씨바이오 060590 유형자산 89,255,571,600 91,406,226,854
씨티씨바이오 060590 무형자산 5,649,464,451 5,188,648,345
씨티씨바이오 060590 기타비유동금융자산 0 0
씨티씨바이오 060590 기타비유동자산 15,258,897 38,472,608
씨티씨바이오 060590 사용권자산 0 0
씨티씨바이오 060590 이연법인세자산 1,216,582,891 1,216,582,779
씨티씨바이오 060590 자산총계 183,402,383,594 183,582,587,088
씨티씨바이오 060590 유동부채 65,495,796,120 60,549,132,688
씨티씨바이오 060590 단기매입채무 0 0
씨티씨바이오 060590 단기차입금 48,213,406,845 42,752,462,849
씨티씨바이오 060590 유동성장기차입금 0 0
씨티씨바이오 060590 유동성사채 0 0
씨티씨바이오 060590 기타유동금융부채 0 0
씨티씨바이오 060590 기타유동부채 4,453,592,296 6,051,746,109
씨티씨바이오 060590 당기법인세부채 0 42,752,462,849
씨티씨바이오 060590 유동리스부채 0 0
씨티씨바이오 060590 비유동부채 29,152,496,094 51,995,099,664
씨티씨바이오 060590 사채 0 0
씨티씨바이오 060590 장기차입금 22,491,736,745 45,794,616,329
씨티씨바이오 060590 기타비유동금융부채 0 45,794,616,329
씨티씨바이오 060590 이연법인세부채 0 45,794,616,329
씨티씨바이오 060590 비유동리스부채 0 0
씨티씨바이오 060590 부채총계 94,648,292,214 112,544,232,352
씨티씨바이오 060590 자본금 9,655,261,000 8,787,566,500
씨티씨바이오 060590 자본잉여금 81,007,383,548 59,904,346,482
씨티씨바이오 060590 자본조정 0 0
씨티씨바이오 060590 기타포괄손익누계액 8,512,377,154 11,280,604,980
씨티씨바이오 060590 이익잉여금(결손금) -5,533,931,359 -4,383,664,263
씨티씨바이오 060590 자본총계 88,754,091,380 71,038,354,736
씨티씨바이오 060590 자본과부채총계 183,402,383,594 183,582,587,088
date : 2018-12-31
씨티씨바이오 060590 유동자산 64,356,547,888 56,951,957,466
씨티씨바이오 060590 현금및현금성자산 1,120,818,503 3,292,049,809
씨티씨바이오 060590 매출채권 및 기타유동채권
씨티씨바이오 060590 재고자산 24,793,396,620 24,226,930,898
씨티씨바이오 060590 기타유동금융자산 0 0
씨티씨바이오 060590 기타유동자산 967,861,782 1,024,760,331
씨티씨바이오 060590 매각예정비유동자산 0 0
씨티씨바이오 060590 비유동자산 118,218,072,093 121,531,129,622
씨티씨바이오 060590 장기금융상품 790,602,141 653,891,829
씨티씨바이오 060590 기타포괄손익-공정가치 측정 금융자산
씨티씨바이오 060590 당기손익인식공정가치측정금융자산 0 0
씨티씨바이오 060590 종속회사투자 0 0
씨티씨바이오 060590 관계회사투자 0 0
씨티씨바이오 060590 렌탈자산 0 0
씨티씨바이오 060590 유형자산 88,407,629,109 91,406,226,854
씨티씨바이오 060590 무형자산 5,783,169,164 5,188,648,345
씨티씨바이오 060590 기타비유동금융자산 0 0
씨티씨바이오 060590 기타비유동자산 12,711,226 38,472,608
씨티씨바이오 060590 사용권자산 0 0
씨티씨바이오 060590 이연법인세자산 0 1,216,582,779
씨티씨바이오 060590 자산총계 182,574,619,981 178,483,087,088
씨티씨바이오 060590 유동부채 58,563,934,275 60,549,132,688
씨티씨바이오 060590 단기매입채무 0 0
씨티씨바이오 060590 단기차입금 41,020,182,004 42,752,462,849
씨티씨바이오 060590 유동성장기차입금 0 0
씨티씨바이오 060590 유동성사채 0 0
씨티씨바이오 060590 기타유동금융부채 0 0
씨티씨바이오 060590 기타유동부채 5,823,263,801 6,051,746,109
씨티씨바이오 060590 당기법인세부채 0 0
씨티씨바이오 060590 유동리스부채 0 0
씨티씨바이오 060590 비유동부채 38,819,707,457 46,895,599,664
씨티씨바이오 060590 사채 0 0
씨티씨바이오 060590 장기차입금 31,782,480,251 40,695,116,329
씨티씨바이오 060590 기타비유동금융부채 0 0
씨티씨바이오 060590 이연법인세부채 337,752,469 0
씨티씨바이오 060590 비유동리스부채 0 0
씨티씨바이오 060590 부채총계 97,383,641,732 107,444,732,352
씨티씨바이오 060590 자본금 9,655,261,000 8,787,566,500
씨티씨바이오 060590 자본잉여금 81,007,383,548 59,904,346,482
씨티씨바이오 060590 자본조정 0 0
씨티씨바이오 060590 기타포괄손익누계액 9,098,324,547 11,280,604,980
씨티씨바이오 060590 이익잉여금(결손금) -9,682,991,883 -4,383,664,263
씨티씨바이오 060590 자본총계 85,190,978,249 71,038,354,736
씨티씨바이오 060590 자본과부채총계 182,574,619,981 178,483,087,088
date : 2019-03-31
씨티씨바이오 060590 유동자산 66,756,995,700 64,356,547,888
씨티씨바이오 060590 현금및현금성자산 1,877,046,182 1,120,818,503
씨티씨바이오 060590 매출채권 및 기타유동채권
씨티씨바이오 060590 재고자산 25,930,028,345 24,793,396,620
씨티씨바이오 060590 기타유동금융자산 0 0
씨티씨바이오 060590 기타유동자산 1,180,485,558 967,861,782
씨티씨바이오 060590 매각예정비유동자산 0 0
씨티씨바이오 060590 비유동자산 118,147,426,803 118,218,072,093
씨티씨바이오 060590 장기금융상품 824,779,719 790,602,141
씨티씨바이오 060590 기타포괄손익-공정가치 측정 금융자산
씨티씨바이오 060590 당기손익인식공정가치측정금융자산 0 0
씨티씨바이오 060590 종속회사투자 0 0
씨티씨바이오 060590 관계회사투자 0 0
씨티씨바이오 060590 렌탈자산 0 0
씨티씨바이오 060590 유형자산 89,300,517,045 88,407,629,109
씨티씨바이오 060590 무형자산 6,878,577,365 5,783,169,164
씨티씨바이오 060590 기타비유동금융자산 0 0
씨티씨바이오 060590 기타비유동자산 10,164,073 12,711,226
씨티씨바이오 060590 사용권자산 0 0
씨티씨바이오 060590 이연법인세자산 1,078,197,910 12,711,226
씨티씨바이오 060590 자산총계 184,904,422,503 182,574,619,981
씨티씨바이오 060590 유동부채 59,846,237,294 58,563,934,275
씨티씨바이오 060590 단기매입채무 0 0
씨티씨바이오 060590 단기차입금 44,682,755,011 41,020,182,004
씨티씨바이오 060590 유동성장기차입금 0 0
씨티씨바이오 060590 유동성사채 0 0
씨티씨바이오 060590 기타유동금융부채 0 0
씨티씨바이오 060590 기타유동부채 3,854,967,581 5,823,263,801
씨티씨바이오 060590 당기법인세부채 0 41,020,182,004
씨티씨바이오 060590 유동리스부채 0 0
씨티씨바이오 060590 비유동부채 40,351,478,663 38,819,707,457
씨티씨바이오 060590 사채 0 0
씨티씨바이오 060590 장기차입금 31,975,636,611 31,782,480,251
씨티씨바이오 060590 기타비유동금융부채 0 31,782,480,251
씨티씨바이오 060590 이연법인세부채 337,752,469 31,782,480,251
씨티씨바이오 060590 비유동리스부채 0 0
씨티씨바이오 060590 부채총계 100,197,715,957 97,383,641,732
씨티씨바이오 060590 자본금 9,655,261,000 9,655,261,000
씨티씨바이오 060590 자본잉여금 81,007,383,548 81,007,383,548
씨티씨바이오 060590 자본조정 0 0
씨티씨바이오 060590 기타포괄손익누계액 4,078,136,839 9,098,324,547
씨티씨바이오 060590 이익잉여금(결손금) -5,147,075,878 -9,682,991,883
씨티씨바이오 060590 자본총계 84,706,706,546 85,190,978,249
씨티씨바이오 060590 자본과부채총계 184,904,422,503 182,574,619,981
