date : 2015-12-31
KH바텍 060720 유동자산 130,361,005,918 254,181,721,320
KH바텍 060720 현금및현금성자산 68,656,902,006 91,743,621,674
KH바텍 060720 매출채권 및 기타유동채권
KH바텍 060720 재고자산 15,368,124,484 34,040,998,213
KH바텍 060720 기타유동금융자산 2,344,000,000 57,779,909,063
KH바텍 060720 기타유동자산 107,734,931 208,269,691
KH바텍 060720 매각예정비유동자산 0 0
KH바텍 060720 비유동자산 193,376,650,374 136,907,430,231
KH바텍 060720 장기금융상품 0 0
KH바텍 060720 기타포괄손익-공정가치 0 0
KH바텍 060720 당기손익인식공정가치측정금융자산 0 0
KH바텍 060720 종속회사투자 0 0
KH바텍 060720 관계회사투자 0 0
KH바텍 060720 렌탈자산 0 0
KH바텍 060720 유형자산 114,056,539,980 72,169,086,594
KH바텍 060720 무형자산 4,870,586,550 2,159,263,055
KH바텍 060720 기타비유동금융자산 18,665,071,775 7,667,461,131
KH바텍 060720 기타비유동자산 0 0
KH바텍 060720 사용권자산 0 0
KH바텍 060720 이연법인세자산 334,110,288 2,501,044,069
KH바텍 060720 자산총계 323,737,656,292 391,089,151,551
KH바텍 060720 유동부채 39,326,189,296 120,407,967,756
KH바텍 060720 단기매입채무 0 0
KH바텍 060720 단기차입금 0 0
KH바텍 060720 유동성장기차입금 0 0
KH바텍 060720 유동성사채 0 0
KH바텍 060720 기타유동금융부채 240,824,083 120,407,967,756
KH바텍 060720 기타유동부채 0 0
KH바텍 060720 당기법인세부채 0 0
KH바텍 060720 유동리스부채 0 0
KH바텍 060720 비유동부채 1,268,004,448 3,906,639,651
KH바텍 060720 사채 0 0
KH바텍 060720 장기차입금 0 0
KH바텍 060720 기타비유동금융부채 230,000,000 210,000,000
KH바텍 060720 이연법인세부채 722,327,882 210,000,000
KH바텍 060720 비유동리스부채 0 0
KH바텍 060720 부채총계 40,594,193,744 124,314,607,407
KH바텍 060720 자본금 10,000,000,000 8,000,000,000
KH바텍 060720 자본잉여금 25,769,524,419 27,769,524,419
KH바텍 060720 자본조정 0 0
KH바텍 060720 기타포괄손익누계액 0 0
KH바텍 060720 이익잉여금(결손금) 246,913,439,308 231,375,524,012
KH바텍 060720 자본총계 283,143,462,548 266,774,544,144
KH바텍 060720 자본과부채총계 323,737,656,292 391,089,151,551
date : 2016-03-31
KH바텍 060720 유동자산 114,014,536,173 130,361,005,918
KH바텍 060720 현금및현금성자산 65,564,056,989 68,656,902,006
KH바텍 060720 매출채권 및 기타유동채권
KH바텍 060720 재고자산 11,567,651,486 15,368,124,484
KH바텍 060720 기타유동금융자산 21,614,000,000 2,344,000,000
KH바텍 060720 기타유동자산 218,626,060 107,734,931
KH바텍 060720 매각예정비유동자산 0 0
KH바텍 060720 비유동자산 184,840,940,663 193,376,650,374
KH바텍 060720 장기금융상품 0 0
KH바텍 060720 기타포괄손익-공정가치 0 0
KH바텍 060720 당기손익인식공정가치측정금융자산 0 0
KH바텍 060720 종속회사투자 0 0
KH바텍 060720 관계회사투자 0 0
KH바텍 060720 렌탈자산 0 0
KH바텍 060720 유형자산 110,944,326,228 114,056,539,980
KH바텍 060720 무형자산 4,761,781,496 4,870,586,550
KH바텍 060720 기타비유동금융자산 18,463,443,232 18,665,071,775
KH바텍 060720 기타비유동자산 0 0
KH바텍 060720 사용권자산 0 0
KH바텍 060720 이연법인세자산 438,316,942 334,110,288
KH바텍 060720 자산총계 298,855,476,836 323,737,656,292
KH바텍 060720 유동부채 23,217,846,657 39,326,189,296
KH바텍 060720 단기매입채무 0 0
KH바텍 060720 단기차입금 0 0
KH바텍 060720 유동성장기차입금 0 0
KH바텍 060720 유동성사채 0 0
KH바텍 060720 기타유동금융부채 0 240,824,083
KH바텍 060720 기타유동부채 0 0
KH바텍 060720 당기법인세부채 0 0
KH바텍 060720 유동리스부채 0 0
KH바텍 060720 비유동부채 1,601,521,996 1,268,004,448
KH바텍 060720 사채 0 0
KH바텍 060720 장기차입금 0 0
KH바텍 060720 기타비유동금융부채 230,000,000 230,000,000
KH바텍 060720 이연법인세부채 0 230,000,000
KH바텍 060720 비유동리스부채 0 0
KH바텍 060720 부채총계 24,819,368,653 40,594,193,744
KH바텍 060720 자본금 10,000,000,000 10,000,000,000
KH바텍 060720 자본잉여금 25,769,524,419 25,769,524,419
KH바텍 060720 자본조정 0 0
KH바텍 060720 기타포괄손익누계액 0 0
KH바텍 060720 이익잉여금(결손금) 238,510,797,802 246,913,439,308
KH바텍 060720 자본총계 274,036,108,183 283,143,462,548
KH바텍 060720 자본과부채총계 298,855,476,836 323,737,656,292
date : 2016-06-30
KH바텍 060720 유동자산 103,144,470,563 130,361,005,918
KH바텍 060720 현금및현금성자산 35,644,779,010 68,656,902,006
KH바텍 060720 매출채권 및 기타유동채권
KH바텍 060720 재고자산 7,163,891,547 15,368,124,484
KH바텍 060720 기타유동금융자산 33,658,800,000 2,344,000,000
KH바텍 060720 기타유동자산 472,243,803 107,734,931
KH바텍 060720 매각예정비유동자산 0 0
KH바텍 060720 비유동자산 182,862,490,541 193,376,650,374
KH바텍 060720 장기금융상품 0 0
KH바텍 060720 기타포괄손익-공정가치 0 0
KH바텍 060720 당기손익인식공정가치측정금융자산 0 0
KH바텍 060720 종속회사투자 0 0
KH바텍 060720 관계회사투자 0 0
KH바텍 060720 렌탈자산 0 0
KH바텍 060720 유형자산 107,601,747,187 114,056,539,980
KH바텍 060720 무형자산 4,629,240,808 4,870,586,550
KH바텍 060720 기타비유동금융자산 15,053,659,556 18,665,071,775
KH바텍 060720 기타비유동자산 0 0
KH바텍 060720 사용권자산 0 0
KH바텍 060720 이연법인세자산 1,801,228,404 334,110,288
KH바텍 060720 자산총계 286,006,961,104 323,737,656,292
KH바텍 060720 유동부채 19,616,024,298 39,326,189,296
KH바텍 060720 단기매입채무 0 0
KH바텍 060720 단기차입금 3,356,432,460 39,326,189,296
KH바텍 060720 유동성장기차입금 0 0
KH바텍 060720 유동성사채 0 0
KH바텍 060720 기타유동금융부채 0 240,824,083
KH바텍 060720 기타유동부채 0 0
KH바텍 060720 당기법인세부채 0 0
KH바텍 060720 유동리스부채 0 0
KH바텍 060720 비유동부채 2,157,717,064 1,268,004,448
KH바텍 060720 사채 0 0
KH바텍 060720 장기차입금 0 0
KH바텍 060720 기타비유동금융부채 250,000,000 230,000,000
KH바텍 060720 이연법인세부채 0 230,000,000
KH바텍 060720 비유동리스부채 0 0
KH바텍 060720 부채총계 21,773,741,362 40,594,193,744
KH바텍 060720 자본금 10,000,000,000 10,000,000,000
KH바텍 060720 자본잉여금 25,769,524,419 25,769,524,419
KH바텍 060720 자본조정 0 0
KH바텍 060720 기타포괄손익누계액 0 0
KH바텍 060720 이익잉여금(결손금) 229,522,291,334 246,913,439,308
KH바텍 060720 자본총계 264,233,219,742 283,143,462,548
KH바텍 060720 자본과부채총계 286,006,961,104 323,737,656,292
date : 2016-09-30
KH바텍 060720 유동자산 97,754,514,586 130,361,005,918
KH바텍 060720 현금및현금성자산 69,015,143,175 68,656,902,006
KH바텍 060720 매출채권 및 기타유동채권
KH바텍 060720 재고자산 6,881,084,043 15,368,124,484
KH바텍 060720 기타유동금융자산 4,385,200,000 2,344,000,000
KH바텍 060720 기타유동자산 321,598,537 107,734,931
KH바텍 060720 매각예정비유동자산 0 0
KH바텍 060720 비유동자산 178,554,557,346 193,376,650,374
KH바텍 060720 장기금융상품 0 0
KH바텍 060720 기타포괄손익-공정가치 0 0
KH바텍 060720 당기손익인식공정가치측정금융자산 0 0
KH바텍 060720 종속회사투자 0 0
KH바텍 060720 관계회사투자 0 0
KH바텍 060720 렌탈자산 0 0
KH바텍 060720 유형자산 104,662,616,626 114,056,539,980
KH바텍 060720 무형자산 4,504,476,359 4,870,586,550
KH바텍 060720 기타비유동금융자산 14,757,789,897 18,665,071,775
KH바텍 060720 기타비유동자산 0 0
KH바텍 060720 사용권자산 0 0
KH바텍 060720 이연법인세자산 2,691,125,403 334,110,288
KH바텍 060720 자산총계 276,309,071,932 323,737,656,292
KH바텍 060720 유동부채 21,471,429,913 39,326,189,296
KH바텍 060720 단기매입채무 0 0
KH바텍 060720 단기차입금 0 39,326,189,296
KH바텍 060720 유동성장기차입금 0 0
KH바텍 060720 유동성사채 0 0
KH바텍 060720 기타유동금융부채 0 240,824,083
KH바텍 060720 기타유동부채 0 0
KH바텍 060720 당기법인세부채 0 0
KH바텍 060720 유동리스부채 0 0
KH바텍 060720 비유동부채 2,478,953,151 1,268,004,448
KH바텍 060720 사채 0 0
KH바텍 060720 장기차입금 0 0
KH바텍 060720 기타비유동금융부채 180,000,000 230,000,000
KH바텍 060720 이연법인세부채 0 230,000,000
KH바텍 060720 비유동리스부채 0 0
KH바텍 060720 부채총계 23,950,383,064 40,594,193,744
KH바텍 060720 자본금 10,000,000,000 10,000,000,000
KH바텍 060720 자본잉여금 25,769,524,419 25,769,524,419
KH바텍 060720 자본조정 0 0
KH바텍 060720 기타포괄손익누계액 0 0
KH바텍 060720 이익잉여금(결손금) 224,431,516,972 246,913,439,308
KH바텍 060720 자본총계 252,358,688,868 283,143,462,548
KH바텍 060720 자본과부채총계 276,309,071,932 323,737,656,292
date : 2016-12-31
KH바텍 060720 유동자산 108,712,133,878 130,361,005,918
KH바텍 060720 현금및현금성자산 20,135,689,466 68,656,902,006
KH바텍 060720 매출채권 및 기타유동채권
KH바텍 060720 재고자산 8,878,390,148 15,368,124,484
KH바텍 060720 기타유동금융자산 56,784,560,000 2,344,000,000
KH바텍 060720 기타유동자산 499,845,894 107,734,931
KH바텍 060720 매각예정비유동자산 0 0
KH바텍 060720 비유동자산 176,551,521,863 193,376,650,374
KH바텍 060720 장기금융상품 0 0
KH바텍 060720 기타포괄손익-공정가치 0 0
KH바텍 060720 당기손익인식공정가치측정금융자산 0 0
KH바텍 060720 종속회사투자 0 0
KH바텍 060720 관계회사투자 0 0
KH바텍 060720 렌탈자산 0 0
KH바텍 060720 유형자산 102,750,357,119 114,056,539,980
KH바텍 060720 무형자산 4,116,604,971 4,870,586,550
KH바텍 060720 기타비유동금융자산 11,628,687,830 18,665,071,775
KH바텍 060720 기타비유동자산 0 0
KH바텍 060720 사용권자산 0 0
KH바텍 060720 이연법인세자산 757,773,811 334,110,288
KH바텍 060720 자산총계 285,263,655,741 323,737,656,292
KH바텍 060720 유동부채 30,372,647,617 39,326,189,296
KH바텍 060720 단기매입채무 0 0
KH바텍 060720 단기차입금 9,042,500,000 39,326,189,296
KH바텍 060720 유동성장기차입금 0 0
KH바텍 060720 유동성사채 0 0
KH바텍 060720 기타유동금융부채 240,824,083 39,326,189,296
KH바텍 060720 기타유동부채 0 0
KH바텍 060720 당기법인세부채 0 0
KH바텍 060720 유동리스부채 0 0
KH바텍 060720 비유동부채 3,496,990,206 1,268,004,448
KH바텍 060720 사채 0 0
KH바텍 060720 장기차입금 0 0
KH바텍 060720 기타비유동금융부채 240,000,000 230,000,000
KH바텍 060720 이연법인세부채 0 230,000,000
KH바텍 060720 비유동리스부채 0 0
KH바텍 060720 부채총계 33,869,637,823 40,594,193,744
KH바텍 060720 자본금 10,000,000,000 10,000,000,000
KH바텍 060720 자본잉여금 25,769,524,419 25,769,524,419
KH바텍 060720 자본조정 0 0
KH바텍 060720 기타포괄손익누계액 0 0
KH바텍 060720 이익잉여금(결손금) 220,872,821,185 246,913,439,308
KH바텍 060720 자본총계 251,394,017,918 283,143,462,548
KH바텍 060720 자본과부채총계 285,263,655,741 323,737,656,292
date : 2017-03-31
KH바텍 060720 유동자산 120,189,939,569 108,712,133,878
KH바텍 060720 현금및현금성자산 40,424,053,433 20,135,689,466
KH바텍 060720 매출채권 및 기타유동채권
KH바텍 060720 재고자산 21,573,722,007 8,878,390,148
KH바텍 060720 기타유동금융자산 26,426,423,000 56,784,560,000
KH바텍 060720 기타유동자산 1,420,136,627 499,845,894
KH바텍 060720 매각예정비유동자산 0 0
KH바텍 060720 비유동자산 172,834,493,966 176,551,521,863
KH바텍 060720 장기금융상품 0 0
KH바텍 060720 기타포괄손익-공정가치 0 0
KH바텍 060720 당기손익인식공정가치측정금융자산 0 0
KH바텍 060720 종속회사투자 0 0
KH바텍 060720 관계회사투자 0 0
KH바텍 060720 렌탈자산 0 0
KH바텍 060720 유형자산 101,416,782,273 102,750,357,119
KH바텍 060720 무형자산 3,998,243,229 4,116,604,971
KH바텍 060720 기타비유동금융자산 11,193,925,868 11,628,687,830
KH바텍 060720 기타비유동자산 0 0
KH바텍 060720 사용권자산 0 0
KH바텍 060720 이연법인세자산 775,008,697 757,773,811
KH바텍 060720 자산총계 293,024,433,535 285,263,655,741
KH바텍 060720 유동부채 56,265,139,839 30,372,647,617
KH바텍 060720 단기매입채무 0 0
KH바텍 060720 단기차입금 5,580,500,000 9,042,500,000
KH바텍 060720 유동성장기차입금 0 0
KH바텍 060720 유동성사채 0 0
KH바텍 060720 기타유동금융부채 240,824,083 9,042,500,000
KH바텍 060720 기타유동부채 0 0
KH바텍 060720 당기법인세부채 0 0
KH바텍 060720 유동리스부채 0 0
KH바텍 060720 비유동부채 4,195,623,979 3,496,990,206
KH바텍 060720 사채 0 0
KH바텍 060720 장기차입금 0 0
KH바텍 060720 기타비유동금융부채 240,000,000 240,000,000
KH바텍 060720 이연법인세부채 0 240,000,000
KH바텍 060720 비유동리스부채 0 0
KH바텍 060720 부채총계 60,460,763,818 33,869,637,823
KH바텍 060720 자본금 10,000,000,000 10,000,000,000
KH바텍 060720 자본잉여금 25,769,524,419 25,769,524,419
KH바텍 060720 자본조정 0 0
KH바텍 060720 기타포괄손익누계액 0 0
KH바텍 060720 이익잉여금(결손금) 205,528,538,551 220,872,821,185
KH바텍 060720 자본총계 232,563,669,717 251,394,017,918
KH바텍 060720 자본과부채총계 293,024,433,535 285,263,655,741
date : 2017-06-30
KH바텍 060720 유동자산 85,511,194,910 108,712,133,878
KH바텍 060720 현금및현금성자산 51,044,357,772 20,135,689,466
KH바텍 060720 매출채권 및 기타유동채권
KH바텍 060720 재고자산 15,341,743,932 8,878,390,148
KH바텍 060720 기타유동금융자산 5,000,000,000 56,784,560,000
KH바텍 060720 기타유동자산 614,587,246 499,845,894
KH바텍 060720 매각예정비유동자산 0 0
KH바텍 060720 비유동자산 175,486,088,851 176,551,521,863
KH바텍 060720 장기금융상품 0 0
KH바텍 060720 기타포괄손익-공정가치 0 0
KH바텍 060720 당기손익인식공정가치측정금융자산 0 0
KH바텍 060720 종속회사투자 0 0
KH바텍 060720 관계회사투자 0 0
KH바텍 060720 렌탈자산 0 0
KH바텍 060720 유형자산 100,033,221,677 102,750,357,119
KH바텍 060720 무형자산 3,170,604,833 4,116,604,971
KH바텍 060720 기타비유동금융자산 16,948,882,447 11,628,687,830
KH바텍 060720 기타비유동자산 0 0
KH바텍 060720 사용권자산 0 0
KH바텍 060720 이연법인세자산 757,773,811 11,628,687,830
KH바텍 060720 자산총계 260,997,283,761 285,263,655,741
KH바텍 060720 유동부채 24,919,211,581 30,372,647,617
KH바텍 060720 단기매입채무 0 0
KH바텍 060720 단기차입금 10,698,000,000 9,042,500,000
KH바텍 060720 유동성장기차입금 0 0
KH바텍 060720 유동성사채 0 0
KH바텍 060720 기타유동금융부채 0 9,042,500,000
KH바텍 060720 기타유동부채 0 0
KH바텍 060720 당기법인세부채 0 0
KH바텍 060720 유동리스부채 0 0
KH바텍 060720 비유동부채 14,538,433,895 3,496,990,206
KH바텍 060720 사채 0 0
KH바텍 060720 장기차입금 6,290,887,928 3,496,990,206
KH바텍 060720 기타비유동금융부채 4,546,255,000 240,000,000
KH바텍 060720 이연법인세부채 1,459,075,778 240,000,000
KH바텍 060720 비유동리스부채 0 0
KH바텍 060720 부채총계 39,457,645,476 33,869,637,823
KH바텍 060720 자본금 10,000,000,000 10,000,000,000
KH바텍 060720 자본잉여금 25,769,524,419 25,769,524,419
KH바텍 060720 자본조정 0 0
KH바텍 060720 기타포괄손익누계액 0 0
KH바텍 060720 이익잉여금(결손금) 192,584,456,655 220,872,821,185
KH바텍 060720 자본총계 221,539,638,285 251,394,017,918
KH바텍 060720 자본과부채총계 260,997,283,761 285,263,655,741
date : 2017-09-30
KH바텍 060720 유동자산 102,549,878,360 97,754,514,586
KH바텍 060720 현금및현금성자산 46,557,873,185 69,015,143,175
KH바텍 060720 매출채권 및 기타유동채권
KH바텍 060720 재고자산 8,196,422,748 6,881,084,043
KH바텍 060720 기타유동금융자산 9,717,500,000 4,385,200,000
KH바텍 060720 기타유동자산 828,880,637 321,598,537
KH바텍 060720 매각예정비유동자산 21,059,459,974 0
KH바텍 060720 비유동자산 150,883,349,080 178,554,557,346
KH바텍 060720 장기금융상품 0 0
KH바텍 060720 기타포괄손익-공정가치 0 0
KH바텍 060720 당기손익인식공정가치측정금융자산 0 0
KH바텍 060720 종속회사투자 0 0
KH바텍 060720 관계회사투자 0 0
KH바텍 060720 렌탈자산 0 0
KH바텍 060720 유형자산 76,676,046,317 104,662,616,626
KH바텍 060720 무형자산 3,072,913,406 4,504,476,359
KH바텍 060720 기타비유동금융자산 15,448,560,743 14,757,789,897
KH바텍 060720 기타비유동자산 0 0
KH바텍 060720 사용권자산 0 0
KH바텍 060720 이연법인세자산 0 2,691,125,403
KH바텍 060720 자산총계 253,433,227,440 276,309,071,932
KH바텍 060720 유동부채 22,841,877,778 21,471,429,913
KH바텍 060720 단기매입채무 0 0
KH바텍 060720 단기차입금 5,000,000,000 0
KH바텍 060720 유동성장기차입금 0 0
KH바텍 060720 유동성사채 0 0
KH바텍 060720 기타유동금융부채 0 0
KH바텍 060720 기타유동부채 219,098,274 274,342,204
KH바텍 060720 당기법인세부채 0 0
KH바텍 060720 유동리스부채 0 0
KH바텍 060720 비유동부채 17,641,476,272 2,478,953,151
KH바텍 060720 사채 0 0
KH바텍 060720 장기차입금 0 0
KH바텍 060720 기타비유동금융부채 4,534,255,000 180,000,000
KH바텍 060720 이연법인세부채 1,571,004,833 0
KH바텍 060720 비유동리스부채 0 0
KH바텍 060720 부채총계 40,483,354,050 23,950,383,064
KH바텍 060720 자본금 10,000,000,000 10,000,000,000
KH바텍 060720 자본잉여금 25,769,524,419 25,769,524,419
KH바텍 060720 자본조정 0 0
KH바텍 060720 기타포괄손익누계액 0 0
KH바텍 060720 이익잉여금(결손금) 182,676,686,204 224,431,516,972
KH바텍 060720 자본총계 212,949,873,390 252,358,688,868
KH바텍 060720 자본과부채총계 253,433,227,440 276,309,071,932
date : 2017-12-31
KH바텍 060720 유동자산 93,900,563,145 108,712,133,878
KH바텍 060720 현금및현금성자산 32,282,131,305 20,135,689,466
KH바텍 060720 매출채권 및 기타유동채권
KH바텍 060720 재고자산 6,535,164,165 8,878,390,148
KH바텍 060720 기타유동금융자산 23,282,500,000 56,784,560,000
KH바텍 060720 기타유동자산 695,293,270 499,845,894
KH바텍 060720 매각예정비유동자산 21,059,459,974 108,712,133,878
KH바텍 060720 비유동자산 147,333,501,309 176,551,521,863
KH바텍 060720 장기금융상품 0 0
KH바텍 060720 기타포괄손익-공정가치 0 0
KH바텍 060720 당기손익인식공정가치측정금융자산 0 0
KH바텍 060720 종속회사투자 0 0
KH바텍 060720 관계회사투자 0 0
KH바텍 060720 렌탈자산 0 0
KH바텍 060720 유형자산 74,390,022,919 102,750,357,119
KH바텍 060720 무형자산 2,974,838,695 4,116,604,971
KH바텍 060720 기타비유동금융자산 16,292,415,614 11,628,687,830
KH바텍 060720 기타비유동자산 0 0
KH바텍 060720 사용권자산 0 0
KH바텍 060720 이연법인세자산 221,771,716 757,773,811
KH바텍 060720 자산총계 241,234,064,454 285,263,655,741
KH바텍 060720 유동부채 17,765,252,829 30,372,647,617
KH바텍 060720 단기매입채무 0 0
KH바텍 060720 단기차입금 5,000,000,000 9,042,500,000
KH바텍 060720 유동성장기차입금 0 0
KH바텍 060720 유동성사채 0 0
KH바텍 060720 기타유동금융부채 240,824,083 9,042,500,000
KH바텍 060720 기타유동부채 131,562,535 123,963,774
KH바텍 060720 당기법인세부채 0 0
KH바텍 060720 유동리스부채 0 0
KH바텍 060720 비유동부채 14,190,777,494 3,496,990,206
KH바텍 060720 사채 0 0
KH바텍 060720 장기차입금 0 0
KH바텍 060720 기타비유동금융부채 3,265,555,000 240,000,000
KH바텍 060720 이연법인세부채 0 0
KH바텍 060720 비유동리스부채 0 0
KH바텍 060720 부채총계 31,956,030,323 33,869,637,823
KH바텍 060720 자본금 10,000,000,000 10,000,000,000
KH바텍 060720 자본잉여금 25,769,524,419 25,769,524,419
KH바텍 060720 자본조정 0 0
KH바텍 060720 기타포괄손익누계액 0 0
KH바텍 060720 이익잉여금(결손금) 181,508,184,455 220,872,821,185
KH바텍 060720 자본총계 209,278,034,131 251,394,017,918
KH바텍 060720 자본과부채총계 241,234,064,454 285,263,655,741
date : 2018-03-31
KH바텍 060720 유동자산 81,776,457,800 93,900,563,145
KH바텍 060720 현금및현금성자산 27,259,399,938 32,282,131,305
KH바텍 060720 매출채권 및 기타유동채권
KH바텍 060720 재고자산 8,584,142,053 6,535,164,165
KH바텍 060720 기타유동금융자산 13,996,800,000 23,282,500,000
KH바텍 060720 기타유동자산 498,644,474 695,293,270
KH바텍 060720 매각예정비유동자산 20,778,209,974 21,059,459,974
KH바텍 060720 비유동자산 152,880,777,472 147,333,501,309
KH바텍 060720 장기금융상품 0 0
KH바텍 060720 기타포괄손익-공정가치 0 0
KH바텍 060720 당기손익인식공정가치측정금융자산 0 0
KH바텍 060720 종속회사투자 0 0
KH바텍 060720 관계회사투자 0 0
KH바텍 060720 렌탈자산 0 0
KH바텍 060720 유형자산 70,818,838,744 74,390,022,919
KH바텍 060720 무형자산 2,878,657,807 2,974,838,695
KH바텍 060720 기타비유동금융자산 16,378,447,965 16,292,415,614
KH바텍 060720 기타비유동자산 0 0
KH바텍 060720 사용권자산 0 0
KH바텍 060720 이연법인세자산 301,161,598 221,771,716
KH바텍 060720 자산총계 234,657,235,272 241,234,064,454
KH바텍 060720 유동부채 13,391,125,139 17,765,252,829
KH바텍 060720 단기매입채무 0 0
KH바텍 060720 단기차입금 5,000,000,000 5,000,000,000
KH바텍 060720 유동성장기차입금 0 0
KH바텍 060720 유동성사채 0 0
KH바텍 060720 기타유동금융부채 0 0
KH바텍 060720 기타유동부채 130,610,203 131,562,535
KH바텍 060720 당기법인세부채 0 0
KH바텍 060720 유동리스부채 0 0
KH바텍 060720 비유동부채 14,361,929,266 14,190,777,494
KH바텍 060720 사채 0 0
KH바텍 060720 장기차입금 0 0
KH바텍 060720 기타비유동금융부채 3,215,555,000 3,265,555,000
KH바텍 060720 이연법인세부채 0 0
KH바텍 060720 비유동리스부채 0 0
KH바텍 060720 부채총계 27,753,054,405 31,956,030,323
KH바텍 060720 자본금 10,000,000,000 10,000,000,000
KH바텍 060720 자본잉여금 25,769,524,419 25,769,524,419
KH바텍 060720 자본조정 0 0
KH바텍 060720 기타포괄손익누계액 0 0
KH바텍 060720 이익잉여금(결손금) 177,505,376,702 181,508,184,455
KH바텍 060720 자본총계 206,904,180,867 209,278,034,131
KH바텍 060720 자본과부채총계 234,657,235,272 241,234,064,454
date : 2018-06-30
KH바텍 060720 유동자산 75,986,360,207 93,900,563,145
KH바텍 060720 현금및현금성자산 10,406,312,033 32,282,131,305
KH바텍 060720 매출채권 및 기타유동채권
KH바텍 060720 재고자산 4,876,807,636 6,535,164,165
KH바텍 060720 기타유동금융자산 30,625,440,000 23,282,500,000
KH바텍 060720 기타유동자산 1,058,637,908 695,293,270
KH바텍 060720 매각예정비유동자산 9,419,614,460 21,059,459,974
KH바텍 060720 비유동자산 140,837,497,414 147,333,501,309
KH바텍 060720 장기금융상품 0 0
KH바텍 060720 기타포괄손익-공정가치 0 0
KH바텍 060720 당기손익인식공정가치측정금융자산 0 0
KH바텍 060720 종속회사투자 0 0
KH바텍 060720 관계회사투자 0 0
KH바텍 060720 렌탈자산 0 0
KH바텍 060720 유형자산 71,030,816,414 74,390,022,919
KH바텍 060720 무형자산 2,818,526,436 2,974,838,695
KH바텍 060720 기타비유동금융자산 17,540,580,648 16,292,415,614
KH바텍 060720 기타비유동자산 0 0
KH바텍 060720 사용권자산 0 0
KH바텍 060720 이연법인세자산 578,003,749 221,771,716
KH바텍 060720 자산총계 216,823,857,621 241,234,064,454
KH바텍 060720 유동부채 10,885,136,068 17,765,252,829
KH바텍 060720 단기매입채무 0 0
KH바텍 060720 단기차입금 5,000,000,000 5,000,000,000
KH바텍 060720 유동성장기차입금 0 0
KH바텍 060720 유동성사채 0 0
KH바텍 060720 기타유동금융부채 0 0
KH바텍 060720 기타유동부채 88,121,675 131,562,535
KH바텍 060720 당기법인세부채 0 0
KH바텍 060720 유동리스부채 0 0
KH바텍 060720 비유동부채 15,334,163,679 14,190,777,494
KH바텍 060720 사채 0 0
KH바텍 060720 장기차입금 0 0
KH바텍 060720 기타비유동금융부채 4,452,323,200 3,265,555,000
KH바텍 060720 이연법인세부채 0 0
KH바텍 060720 비유동리스부채 0 0
KH바텍 060720 부채총계 26,219,299,747 31,956,030,323
KH바텍 060720 자본금 10,099,689,000 10,000,000,000
KH바텍 060720 자본잉여금 27,432,065,729 25,769,524,419
KH바텍 060720 자본조정 0 0
KH바텍 060720 기타포괄손익누계액 0 0
KH바텍 060720 이익잉여금(결손금) 159,527,061,826 181,508,184,455
KH바텍 060720 자본총계 190,604,557,874 209,278,034,131
KH바텍 060720 자본과부채총계 216,823,857,621 241,234,064,454
date : 2018-09-30
KH바텍 060720 유동자산 118,145,089,218 93,900,563,145
KH바텍 060720 현금및현금성자산 4,410,800,083 32,282,131,305
KH바텍 060720 매출채권 및 기타유동채권
KH바텍 060720 재고자산 2,595,303,029 6,535,164,165
KH바텍 060720 기타유동금융자산 30,080,140,000 23,282,500,000
KH바텍 060720 기타유동자산 1,592,955,327 695,293,270
KH바텍 060720 매각예정비유동자산 46,122,165,490 21,059,459,974
KH바텍 060720 비유동자산 89,429,527,649 147,333,501,309
KH바텍 060720 장기금융상품 0 0
KH바텍 060720 기타포괄손익-공정가치 0 0
KH바텍 060720 당기손익인식공정가치측정금융자산 0 0
KH바텍 060720 종속회사투자 0 0
KH바텍 060720 관계회사투자 0 0
KH바텍 060720 렌탈자산 0 0
KH바텍 060720 유형자산 32,420,307,377 74,390,022,919
KH바텍 060720 무형자산 2,776,850,118 2,974,838,695
KH바텍 060720 기타비유동금융자산 15,872,580,391 16,292,415,614
KH바텍 060720 기타비유동자산 0 0
KH바텍 060720 사용권자산 0 0
KH바텍 060720 이연법인세자산 1,019,134,408 221,771,716
KH바텍 060720 자산총계 207,574,616,867 241,234,064,454
KH바텍 060720 유동부채 8,990,127,926 17,765,252,829
KH바텍 060720 단기매입채무 0 0
KH바텍 060720 단기차입금 5,000,000,000 5,000,000,000
KH바텍 060720 유동성장기차입금 0 0
KH바텍 060720 유동성사채 0 0
KH바텍 060720 기타유동금융부채 0 0
KH바텍 060720 기타유동부채 104,563,103 131,562,535
KH바텍 060720 당기법인세부채 0 0
KH바텍 060720 유동리스부채 0 0
KH바텍 060720 비유동부채 14,925,601,749 14,190,777,494
KH바텍 060720 사채 0 0
KH바텍 060720 장기차입금 0 0
KH바텍 060720 기타비유동금융부채 4,221,624,640 3,265,555,000
KH바텍 060720 이연법인세부채 0 0
KH바텍 060720 비유동리스부채 0 0
KH바텍 060720 부채총계 23,915,729,675 31,956,030,323
KH바텍 060720 자본금 10,130,702,500 10,000,000,000
KH바텍 060720 자본잉여금 28,024,101,658 25,769,524,419
KH바텍 060720 자본조정 0 0
KH바텍 060720 기타포괄손익누계액 0 0
KH바텍 060720 이익잉여금(결손금) 154,084,253,653 181,508,184,455
KH바텍 060720 자본총계 183,658,887,192 209,278,034,131
KH바텍 060720 자본과부채총계 207,574,616,867 241,234,064,454
date : 2018-12-31
KH바텍 060720 유동자산 148,460,898,327 93,900,563,145
KH바텍 060720 현금및현금성자산 19,556,546,443 32,282,131,305
KH바텍 060720 매출채권 및 기타유동채권
KH바텍 060720 재고자산 2,850,805,934 6,535,164,165
KH바텍 060720 기타유동금융자산 41,959,404,979 23,282,500,000
KH바텍 060720 기타유동자산 1,112,305,070 695,293,270
KH바텍 060720 매각예정비유동자산 40,443,817,464 21,059,459,974
KH바텍 060720 비유동자산 74,737,062,098 147,333,501,309
KH바텍 060720 장기금융상품 0 0
KH바텍 060720 기타포괄손익-공정가치 0 0
KH바텍 060720 당기손익인식공정가치측정금융자산 0 0
KH바텍 060720 종속회사투자 0 0
KH바텍 060720 관계회사투자 0 0
KH바텍 060720 렌탈자산 0 0
KH바텍 060720 유형자산 29,893,782,042 74,390,022,919
KH바텍 060720 무형자산 2,735,744,019 2,974,838,695
KH바텍 060720 기타비유동금융자산 2,283,104,297 15,292,415,614
KH바텍 060720 기타비유동자산 0 0
KH바텍 060720 사용권자산 0 0
KH바텍 060720 이연법인세자산 224,029,129 221,771,716
KH바텍 060720 자산총계 223,197,960,425 241,234,064,454
KH바텍 060720 유동부채 17,754,015,406 17,765,252,829
KH바텍 060720 단기매입채무 0 0
KH바텍 060720 단기차입금 13,500,000,000 5,000,000,000
KH바텍 060720 유동성장기차입금 1,666,696,000 0
KH바텍 060720 유동성사채 0 0
KH바텍 060720 기타유동금융부채 0 0
KH바텍 060720 기타유동부채 76,184,444 131,562,535
KH바텍 060720 당기법인세부채 0 0
KH바텍 060720 유동리스부채 0 0
KH바텍 060720 비유동부채 30,186,909,313 14,190,777,494
KH바텍 060720 사채 0 0
KH바텍 060720 장기차입금 3,333,304,000 0
KH바텍 060720 기타비유동금융부채 193,000,000 280,000,000
KH바텍 060720 이연법인세부채 0 0
KH바텍 060720 비유동리스부채 0 0
KH바텍 060720 부채총계 47,940,924,719 31,956,030,323
KH바텍 060720 자본금 10,175,008,500 10,000,000,000
KH바텍 060720 자본잉여금 28,747,853,471 25,769,524,419
KH바텍 060720 자본조정 0 0
KH바텍 060720 기타포괄손익누계액 0 0
KH바텍 060720 이익잉여금(결손금) 143,176,481,312 181,508,184,455
KH바텍 060720 자본총계 175,257,035,706 209,278,034,131
KH바텍 060720 자본과부채총계 223,197,960,425 241,234,064,454
date : 2019-03-31
KH바텍 060720 유동자산 146,619,584,644 148,460,898,327
KH바텍 060720 현금및현금성자산 12,855,978,838 19,556,546,443
KH바텍 060720 매출채권 및 기타유동채권
KH바텍 060720 재고자산 2,966,837,541 2,850,805,934
KH바텍 060720 기타유동금융자산 43,807,237,983 41,959,404,979
KH바텍 060720 기타유동자산 1,204,435,915 1,112,305,070
KH바텍 060720 매각예정비유동자산 40,411,440,122 40,443,817,464
KH바텍 060720 비유동자산 74,806,697,972 74,737,062,098
KH바텍 060720 장기금융상품 0 0
KH바텍 060720 기타포괄손익-공정가치 0 0
KH바텍 060720 당기손익인식공정가치측정금융자산 0 0
KH바텍 060720 종속회사투자 0 0
KH바텍 060720 관계회사투자 0 0
KH바텍 060720 렌탈자산 0 0
KH바텍 060720 유형자산 29,737,879,472 29,893,782,042
KH바텍 060720 무형자산 2,726,665,578 2,735,744,019
KH바텍 060720 기타비유동금융자산 2,490,338,066 2,283,104,297
KH바텍 060720 기타비유동자산 0 0
KH바텍 060720 사용권자산 0 0
KH바텍 060720 이연법인세자산 361,066,491 224,029,129
KH바텍 060720 자산총계 221,426,282,616 223,197,960,425
KH바텍 060720 유동부채 17,031,952,855 17,754,015,406
KH바텍 060720 단기매입채무 0 0
KH바텍 060720 단기차입금 13,500,000,000 13,500,000,000
KH바텍 060720 유동성장기차입금 1,666,696,000 1,666,696,000
KH바텍 060720 유동성사채 0 0
KH바텍 060720 기타유동금융부채 0 0
KH바텍 060720 기타유동부채 61,072,946 76,184,444
KH바텍 060720 당기법인세부채 0 0
KH바텍 060720 유동리스부채 0 0
KH바텍 060720 비유동부채 28,904,022,650 30,186,909,313
KH바텍 060720 사채 0 0
KH바텍 060720 장기차입금 2,916,630,000 3,333,304,000
KH바텍 060720 기타비유동금융부채 133,000,000 193,000,000
KH바텍 060720 이연법인세부채 0 0
KH바텍 060720 비유동리스부채 0 0
KH바텍 060720 부채총계 45,935,975,505 47,940,924,719
KH바텍 060720 자본금 10,305,970,500 10,175,008,500
KH바텍 060720 자본잉여금 30,850,607,919 28,747,853,471
KH바텍 060720 자본조정 0 0
KH바텍 060720 기타포괄손익누계액 0 0
KH바텍 060720 이익잉여금(결손금) 140,392,548,746 143,176,481,312
KH바텍 060720 자본총계 175,490,307,111 175,257,035,706
KH바텍 060720 자본과부채총계 221,426,282,616 223,197,960,425
