date : 2015-12-31
프리젠 060910 유동자산 2,315,826,088 1,622,291,655
프리젠 060910 현금및현금성자산 2,149,570 7,756,919
프리젠 060910 매출채권 1,858,757,245 1,286,010,329
프리젠 060910 재고자산 452,643,573 321,268,907
프리젠 060910 기타유동금융자산 0 0
프리젠 060910 기타유동자산 0 0
프리젠 060910 매각예정비유동자산 0 0
프리젠 060910 비유동자산 2,961,696,305 3,346,071,879
프리젠 060910 장기금융상품 0 0
프리젠 060910 기타포괄손익-공정가치 0 0
프리젠 060910 당기손익인식공정가치측정금융자산 0 0
프리젠 060910 종속회사투자 0 0
프리젠 060910 관계회사투자 0 0
프리젠 060910 렌탈자산 0 0
프리젠 060910 유형자산 2,931,530,106 3,312,980,804
프리젠 060910 무형자산 2,123,399 5,048,275
프리젠 060910 기타비유동금융자산 0 0
프리젠 060910 기타비유동자산 0 0
프리젠 060910 사용권자산 0 0
프리젠 060910 이연법인세자산 0 0
프리젠 060910 자산총계 5,277,522,393 4,968,363,534
프리젠 060910 유동부채 2,347,334,148 1,809,557,037
프리젠 060910 단기매입채무 0 0
프리젠 060910 단기차입금 1,181,062,801 1,182,712,801
프리젠 060910 유동성장기차입금 0 0
프리젠 060910 유동성사채 0 0
프리젠 060910 기타유동금융부채 0 0
프리젠 060910 기타유동부채 52,863,785 10,315,945
프리젠 060910 당기법인세부채 0 0
프리젠 060910 유동리스부채 0 0
프리젠 060910 비유동부채 42,298,545 40,489,026
프리젠 060910 사채 0 0
프리젠 060910 장기차입금 0 0
프리젠 060910 기타비유동금융부채 0 0
프리젠 060910 이연법인세부채 0 0
프리젠 060910 비유동리스부채 0 0
프리젠 060910 부채총계 2,389,632,693 1,850,046,063
프리젠 060910 자본금 2,665,234,500 2,665,234,500
프리젠 060910 자본잉여금 0 8,016,694,564
프리젠 060910 자본조정 0 0
프리젠 060910 기타포괄손익누계액 0 0
프리젠 060910 이익잉여금(결손금) -915,151,801 -8,701,619,531
프리젠 060910 자본총계 2,887,889,700 3,118,317,471
프리젠 060910 자본과부채총계 5,277,522,393 4,968,363,534
date : 2016-03-31
프리젠 060910 유동자산 1,832,647,716 2,315,826,088
프리젠 060910 현금및현금성자산 19,205,333 2,149,570
프리젠 060910 매출채권 1,322,131,857 1,858,757,245
프리젠 060910 재고자산 487,013,716 452,643,573
프리젠 060910 기타유동금융자산 0 0
프리젠 060910 기타유동자산 0 0
프리젠 060910 매각예정비유동자산 0 0
프리젠 060910 비유동자산 2,848,309,426 2,961,696,305
프리젠 060910 장기금융상품 0 0
프리젠 060910 기타포괄손익-공정가치 0 0
프리젠 060910 당기손익인식공정가치측정금융자산 0 0
프리젠 060910 종속회사투자 0 0
프리젠 060910 관계회사투자 0 0
프리젠 060910 렌탈자산 0 0
프리젠 060910 유형자산 2,843,301,151 2,931,530,106
프리젠 060910 무형자산 1,665,475 2,123,399
프리젠 060910 기타비유동금융자산 0 0
프리젠 060910 기타비유동자산 0 0
프리젠 060910 사용권자산 0 0
프리젠 060910 이연법인세자산 0 0
프리젠 060910 자산총계 4,680,957,142 5,277,522,393
프리젠 060910 유동부채 1,743,925,971 2,347,334,148
프리젠 060910 단기매입채무 0 0
프리젠 060910 단기차입금 1,166,412,801 1,181,062,801
프리젠 060910 유동성장기차입금 0 0
프리젠 060910 유동성사채 0 0
프리젠 060910 기타유동금융부채 0 0
프리젠 060910 기타유동부채 11,433,055 52,863,785
프리젠 060910 당기법인세부채 0 0
프리젠 060910 유동리스부채 0 0
프리젠 060910 비유동부채 40,797,110 42,298,545
프리젠 060910 사채 0 0
프리젠 060910 장기차입금 0 0
프리젠 060910 기타비유동금융부채 0 0
프리젠 060910 이연법인세부채 0 0
프리젠 060910 비유동리스부채 0 0
프리젠 060910 부채총계 1,784,723,081 2,389,632,693
프리젠 060910 자본금 2,665,234,500 2,665,234,500
프리젠 060910 자본잉여금 0 0
프리젠 060910 자본조정 0 0
프리젠 060910 기타포괄손익누계액 0 0
프리젠 060910 이익잉여금(결손금) -906,807,440 -915,151,801
프리젠 060910 자본총계 2,896,234,061 2,887,889,700
프리젠 060910 자본과부채총계 4,680,957,142 5,277,522,393
date : 2016-06-30
프리젠 060910 유동자산 2,737,851,800 2,315,826,088
프리젠 060910 현금및현금성자산 10,225,091 2,149,570
프리젠 060910 매출채권 2,275,872,219 1,858,757,245
프리젠 060910 재고자산 450,360,790 452,643,573
프리젠 060910 기타유동금융자산 0 0
프리젠 060910 기타유동자산 1,393,700 1,735,700
프리젠 060910 매각예정비유동자산 0 0
프리젠 060910 비유동자산 2,764,211,213 2,961,696,305
프리젠 060910 장기금융상품 0 0
프리젠 060910 기타포괄손익-공정가치 0 0
프리젠 060910 당기손익인식공정가치측정금융자산 0 0
프리젠 060910 종속회사투자 0 0
프리젠 060910 관계회사투자 0 0
프리젠 060910 렌탈자산 0 0
프리젠 060910 유형자산 2,760,123,362 2,931,530,106
프리젠 060910 무형자산 1,345,051 2,123,399
프리젠 060910 기타비유동금융자산 0 0
프리젠 060910 기타비유동자산 0 0
프리젠 060910 사용권자산 0 0
프리젠 060910 이연법인세자산 0 0
프리젠 060910 자산총계 5,502,063,013 5,277,522,393
프리젠 060910 유동부채 1,670,869,946 2,347,334,148
프리젠 060910 단기매입채무 0 0
프리젠 060910 단기차입금 0 1,181,062,801
프리젠 060910 유동성장기차입금 0 0
프리젠 060910 유동성사채 0 0
프리젠 060910 기타유동금융부채 0 0
프리젠 060910 기타유동부채 0 48,121,145
프리젠 060910 당기법인세부채 0 0
프리젠 060910 유동리스부채 0 0
프리젠 060910 비유동부채 939,393,784 42,298,545
프리젠 060910 사채 0 0
프리젠 060910 장기차입금 873,112,801 0
프리젠 060910 기타비유동금융부채 0 0
프리젠 060910 이연법인세부채 0 0
프리젠 060910 비유동리스부채 0 0
프리젠 060910 부채총계 2,610,263,730 2,389,632,693
프리젠 060910 자본금 2,665,234,500 2,665,234,500
프리젠 060910 자본잉여금 0 0
프리젠 060910 자본조정 0 0
프리젠 060910 기타포괄손익누계액 1,139,181,372 1,139,181,372
프리젠 060910 이익잉여금(결손금) -911,242,218 -915,151,801
프리젠 060910 자본총계 2,891,799,283 2,887,889,700
프리젠 060910 자본과부채총계 5,502,063,013 5,277,522,393
date : 2016-09-30
프리젠 060910 유동자산 3,263,199,729 2,315,826,088
프리젠 060910 현금및현금성자산 13,043,716 2,149,570
프리젠 060910 매출채권 2,792,239,508 1,858,757,245
프리젠 060910 재고자산 451,898,405 452,643,573
프리젠 060910 기타유동금융자산 0 0
프리젠 060910 기타유동자산 1,096,700 1,735,700
프리젠 060910 매각예정비유동자산 0 0
프리젠 060910 비유동자산 2,645,865,534 2,961,696,305
프리젠 060910 장기금융상품 0 0
프리젠 060910 기타포괄손익-공정가치 0 0
프리젠 060910 당기손익인식공정가치측정금융자산 0 0
프리젠 060910 종속회사투자 0 0
프리젠 060910 관계회사투자 0 0
프리젠 060910 렌탈자산 0 0
프리젠 060910 유형자산 2,642,163,407 2,931,530,106
프리젠 060910 무형자산 1,102,127 2,123,399
프리젠 060910 기타비유동금융자산 0 0
프리젠 060910 기타비유동자산 0 0
프리젠 060910 사용권자산 0 0
프리젠 060910 이연법인세자산 0 0
프리젠 060910 자산총계 5,909,065,263 5,277,522,393
프리젠 060910 유동부채 2,072,337,654 2,347,334,148
프리젠 060910 단기매입채무 0 0
프리젠 060910 단기차입금 0 1,181,062,801
프리젠 060910 유동성장기차입금 0 0
프리젠 060910 유동성사채 0 0
프리젠 060910 기타유동금융부채 0 0
프리젠 060910 기타유동부채 0 48,121,145
프리젠 060910 당기법인세부채 0 0
프리젠 060910 유동리스부채 0 0
프리젠 060910 비유동부채 926,308,168 42,298,545
프리젠 060910 사채 0 0
프리젠 060910 장기차입금 840,412,801 0
프리젠 060910 기타비유동금융부채 0 0
프리젠 060910 이연법인세부채 0 0
프리젠 060910 비유동리스부채 0 0
프리젠 060910 부채총계 2,998,645,822 2,389,632,693
프리젠 060910 자본금 2,665,234,500 2,665,234,500
프리젠 060910 자본잉여금 0 0
프리젠 060910 자본조정 0 0
프리젠 060910 기타포괄손익누계액 698,579,315 1,139,181,372
프리젠 060910 이익잉여금(결손금) -452,020,003 -915,151,801
프리젠 060910 자본총계 2,910,419,441 2,887,889,700
프리젠 060910 자본과부채총계 5,909,065,263 5,277,522,393
