date : 2019-03-31
게임빌 063080 유동자산 20,600,551,865 15,099,291,727
게임빌 063080 현금및현금성자산 5,691,411,112 5,314,843,376
게임빌 063080 매출채권 6,674,023,356 5,855,909,040
게임빌 063080 기타유동자산 2,809,061,212 2,699,447,206
게임빌 063080 비유동자산 166,453,404,897 167,277,988,864
게임빌 063080 유형자산 22,146,848,123 22,251,425,588
게임빌 063080 무형자산 6,482,398,002 7,200,396,938
게임빌 063080 자산총계 187,053,956,762 182,377,280,591
게임빌 063080 유동부채 63,458,766,713 56,930,618,551
게임빌 063080 단기차입금 14,000,000,000 5,000,000,000
게임빌 063080 유동성장기차입금 38,000,000,000 39,666,660,000
게임빌 063080 기타유동금융부채 2,151,853 3,189,805
게임빌 063080 기타유동부채 2,931,338,209 3,582,508,024
게임빌 063080 비유동부채 18,393,300,000 20,060,000,000
게임빌 063080 장기차입금 18,333,300,000 20,000,000,000
게임빌 063080 부채총계 81,852,066,713 76,990,618,551
게임빌 063080 자본금 3,297,596,000 3,297,596,000
게임빌 063080 이익잉여금(결손금) 35,782,472,464 35,997,041,112
게임빌 063080 자본총계 105,201,890,049 105,386,662,040
게임빌 063080 자본과부채총계 187,053,956,762 182,377,280,591
