date : 2019-03-31
종근당바이오 063160 유동자산 81,051,106,822 78,263,899,605
종근당바이오 063160 현금및현금성자산 12,521,139,604 11,950,452,837
종근당바이오 063160 재고자산 29,571,302,737 28,402,449,104
종근당바이오 063160 비유동자산 118,846,727,163 106,255,629,045
종근당바이오 063160 장기금융상품 6,000,000 6,000,000
종근당바이오 063160 유형자산 116,736,056,647 104,101,439,729
종근당바이오 063160 무형자산 1,876,750,516 1,920,269,316
종근당바이오 063160 자산총계 199,897,833,985 184,519,528,650
종근당바이오 063160 유동부채 30,086,384,587 23,635,809,434
종근당바이오 063160 단기차입금 4,301,554,556 2,856,614,364
종근당바이오 063160 유동리스부채 284,991,756 0
종근당바이오 063160 당기법인세부채 1,527,825,614 696,836,103
종근당바이오 063160 비유동부채 20,877,271,517 13,222,059,337
종근당바이오 063160 장기차입금 8,056,400,000 2,056,400,000
종근당바이오 063160 비유동리스부채 1,530,408,807 0
종근당바이오 063160 이연법인세부채 7,260,086,761 7,659,443,501
종근당바이오 063160 부채총계 50,963,656,104 36,857,868,771
종근당바이오 063160 자본금 13,073,722,500 13,073,722,500
종근당바이오 063160 기타포괄손익누계액 -399,999,000 -399,999,000
종근당바이오 063160 자본총계 148,934,177,881 147,661,659,879
종근당바이오 063160 자본과부채총계 199,897,833,985 184,519,528,650
