date : 2019-03-31
에프앤리퍼블릭 064090 유동자산 79,980,199,997 85,615,673,273
에프앤리퍼블릭 064090 현금및현금성자산 784,017,745 715,015,596
에프앤리퍼블릭 064090 매출채권 및 기타유동채권
에프앤리퍼블릭 064090 기타유동금융자산 1,050,000,000 700,000,000
에프앤리퍼블릭 064090 재고자산 36,032,551,652 38,654,752,188
에프앤리퍼블릭 064090 기타유동자산 886,383,637 857,899,656
에프앤리퍼블릭 064090 비유동자산 70,802,658,074 68,506,909,614
에프앤리퍼블릭 064090 유형자산 2,630,553,537 550,304,261
에프앤리퍼블릭 064090 무형자산 320,998,033 326,888,733
에프앤리퍼블릭 064090 기타비유동금융자산 951,760,884 730,371,000
에프앤리퍼블릭 064090 자산총계 150,782,858,071 154,122,582,887
에프앤리퍼블릭 064090 유동부채 84,373,332,821 89,445,218,336
에프앤리퍼블릭 064090 단기차입금 9,400,000,000 3,500,000,000
에프앤리퍼블릭 064090 기타유동금융부채 422,483,383 269,461,613
에프앤리퍼블릭 064090 기타유동부채 122,279,110 124,540,183
에프앤리퍼블릭 064090 비유동부채 2,126,330,025 38,000,000
에프앤리퍼블릭 064090 기타비유동금융부채 2,126,330,025 38,000,000
에프앤리퍼블릭 064090 부채총계 86,499,662,846 89,483,218,336
에프앤리퍼블릭 064090 자본금 30,223,822,500 29,881,718,500
에프앤리퍼블릭 064090 기타포괄손익누계액 -2,330,000,000 -2,330,000,000
에프앤리퍼블릭 064090 이익잉여금(결손금) -6,836,169,114 -5,141,027,423
에프앤리퍼블릭 064090 자본총계 64,283,195,225 64,639,364,551
에프앤리퍼블릭 064090 자본과부채총계 150,782,858,071 154,122,582,887
