date : 2019-03-31
현대로템 064350 유동자산 2,669,749,752,000 2,551,587,031,000
현대로템 064350 현금및현금성자산 373,965,924,000 346,913,223,000
현대로템 064350 매출채권 413,919,284,000 425,615,620,000
현대로템 064350 재고자산 263,771,936,000 196,405,249,000
현대로템 064350 기타유동자산 407,300,883,000 418,272,147,000
현대로템 064350 매각예정비유동자산 11,572,841,000 0
현대로템 064350 비유동자산 1,182,368,956,000 1,189,861,934,000
현대로템 064350 유형자산 858,441,422,000 863,612,324,000
현대로템 064350 사용권자산 3,655,638,000 0
현대로템 064350 무형자산 111,549,495,000 117,533,169,000
현대로템 064350 기타비유동자산 1,092,719,000 1,143,376,000
현대로템 064350 자산총계 3,852,118,708,000 3,741,448,965,000
현대로템 064350 유동부채 2,009,664,568,000 1,634,297,352,000
현대로템 064350 단기차입금 390,106,243,000 109,610,459,000
현대로템 064350 유동리스부채 1,312,033,000 0
현대로템 064350 당기법인세부채 0 0
현대로템 064350 기타유동부채 76,257,995,000 105,969,226,000
현대로템 064350 비유동부채 783,319,202,000 1,059,723,433,000
현대로템 064350 사채 479,140,001,000 698,757,375,000
현대로템 064350 장기차입금 77,231,630,000 127,308,840,000
현대로템 064350 비유동리스부채 1,814,271,000 0
현대로템 064350 이연법인세부채 17,225,898,000 33,504,463,000
현대로템 064350 부채총계 2,792,983,770,000 2,694,020,785,000
현대로템 064350 자본금 425,000,000,000 425,000,000,000
현대로템 064350 자본총계 1,059,134,938,000 1,047,428,180,000
현대로템 064350 자본과부채총계 3,852,118,708,000 3,741,448,965,000
