date : 2019-03-31
브리지텍 064480 유동자산 26,121,934,704 34,410,477,612
브리지텍 064480 현금및현금성자산 9,640,261,878 15,978,984,029
브리지텍 064480 매출채권 및 기타채권
브리지텍 064480 재고자산 115,351,923 147,577,923
브리지텍 064480 비유동자산 21,846,364,866 21,712,220,768
브리지텍 064480 유형자산 693,459,078 705,567,209
브리지텍 064480 무형자산 5,856,832,470 6,035,087,653
브리지텍 064480 이연법인세자산 4,071,480,016 3,772,286,134
브리지텍 064480 자산총계 47,968,299,570 56,122,698,380
브리지텍 064480 유동부채 10,736,514,408 16,139,355,048
브리지텍 064480 당기법인세부채 0 0
브리지텍 064480 비유동부채 452,877,176 539,338,112
브리지텍 064480 이연법인세부채 0 0
브리지텍 064480 부채총계 11,189,391,584 16,678,693,160
브리지텍 064480 자본금 9,953,470,340 9,953,470,340
브리지텍 064480 기타포괄손익누계액 -4,917,572,429 -4,917,572,429
브리지텍 064480 이익잉여금(결손금) 30,132,337,223 32,797,434,457
브리지텍 064480 자본총계 36,778,907,986 39,444,005,220
브리지텍 064480 자본과부채총계 47,968,299,570 56,122,698,380
