date : 2019-03-31
케이프 064820 비유동자산 149,619,228,127 150,498,497,702
케이프 064820 유형자산 90,117,400,713 90,215,545,774
케이프 064820 무형자산 355,385,328 392,627,605
케이프 064820 유동자산 71,370,558,610 69,846,133,932
케이프 064820 재고자산 10,695,464,519 10,090,642,204
케이프 064820 현금및현금성자산 10,046,411,375 9,499,171,904
케이프 064820 기타유동자산 46,474,401 60,833,339
케이프 064820 자산총계 220,989,786,737 220,344,631,634
케이프 064820 자본금 12,764,286,500 12,764,286,500
케이프 064820 자본총계 143,572,724,015 143,467,281,813
케이프 064820 비유동부채 43,733,226,537 37,752,665,460
케이프 064820 장기차입금 36,486,038,286 30,227,001,493
케이프 064820 이연법인세부채 6,631,023,166 6,631,023,166
케이프 064820 유동부채 33,683,836,185 39,124,684,361
케이프 064820 유동성장기차입금 0 0
케이프 064820 단기차입금 26,000,000,000 32,000,000,000
케이프 064820 기타유동부채 1,277,524,510 1,257,685,630
케이프 064820 부채총계 77,417,062,722 76,877,349,821
케이프 064820 자본과부채총계 220,989,786,737 220,344,631,634
