date : 2015-12-31
에프티이앤이 065160 유동자산 44,806,607,649 61,564,077,450
에프티이앤이 065160 현금및현금성자산 350,538,524 2,798,907,498
에프티이앤이 065160 매출채권 및 기타유동채권
에프티이앤이 065160 재고자산 6,392,244,124 10,693,662,859
에프티이앤이 065160 기타유동금융자산 5,000,000,000 9,618,750,000
에프티이앤이 065160 기타유동자산 0 0
에프티이앤이 065160 매각예정비유동자산 0 0
에프티이앤이 065160 비유동자산 39,117,766,016 48,593,689,812
에프티이앤이 065160 장기금융상품 50,578,950 0
에프티이앤이 065160 기타포괄손익-공정가치 0 0
에프티이앤이 065160 당기손익인식공정가치측정금융자산 0 0
에프티이앤이 065160 종속회사투자 0 0
에프티이앤이 065160 관계회사투자 0 0
에프티이앤이 065160 렌탈자산 0 0
에프티이앤이 065160 유형자산 12,105,317,649 12,401,898,816
에프티이앤이 065160 무형자산 6,387,372,849 5,882,120,666
에프티이앤이 065160 기타비유동금융자산 0 0
에프티이앤이 065160 기타비유동자산 0 0
에프티이앤이 065160 사용권자산 0 0
에프티이앤이 065160 이연법인세자산 0 0
에프티이앤이 065160 자산총계 83,924,373,665 110,157,767,262
에프티이앤이 065160 유동부채 37,050,505,012 45,331,984,937
에프티이앤이 065160 단기매입채무 0 0
에프티이앤이 065160 단기차입금 15,999,200,000 22,801,842,668
에프티이앤이 065160 유동성장기차입금 250,000,000 250,000,000
에프티이앤이 065160 유동성사채 0 0
에프티이앤이 065160 기타유동금융부채 0 0
에프티이앤이 065160 기타유동부채 0 0
에프티이앤이 065160 당기법인세부채 0 0
에프티이앤이 065160 유동리스부채 0 0
에프티이앤이 065160 비유동부채 841,486,233 4,770,618,406
에프티이앤이 065160 사채 0 0
에프티이앤이 065160 장기차입금 0 750,000,000
에프티이앤이 065160 기타비유동금융부채 0 0
에프티이앤이 065160 이연법인세부채 0 0
에프티이앤이 065160 비유동리스부채 0 0
에프티이앤이 065160 부채총계 37,891,991,245 50,102,603,343
에프티이앤이 065160 자본금 25,332,055,500 21,489,636,000
에프티이앤이 065160 자본잉여금 0 0
에프티이앤이 065160 자본조정 0 0
에프티이앤이 065160 기타포괄손익누계액 0 0
에프티이앤이 065160 이익잉여금(결손금) -49,757,581,580 -16,898,412,435
에프티이앤이 065160 자본총계 46,032,382,420 60,055,163,919
에프티이앤이 065160 자본과부채총계 83,924,373,665 110,157,767,262
date : 2016-03-31
에프티이앤이 065160 유동자산 44,574,864,517 44,806,607,649
에프티이앤이 065160 현금및현금성자산 509,755,646 350,538,524
에프티이앤이 065160 매출채권 및 기타유동채권
에프티이앤이 065160 재고자산 6,885,431,257 6,392,244,124
에프티이앤이 065160 기타유동금융자산 5,000,000,000 5,000,000,000
에프티이앤이 065160 기타유동자산 0 0
에프티이앤이 065160 매각예정비유동자산 0 0
에프티이앤이 065160 비유동자산 39,306,157,672 39,117,766,016
에프티이앤이 065160 장기금융상품 147,215,950 50,578,950
에프티이앤이 065160 기타포괄손익-공정가치 0 0
에프티이앤이 065160 당기손익인식공정가치측정금융자산 0 0
에프티이앤이 065160 종속회사투자 0 0
에프티이앤이 065160 관계회사투자 0 0
에프티이앤이 065160 렌탈자산 0 0
에프티이앤이 065160 유형자산 12,376,489,353 12,105,317,649
에프티이앤이 065160 무형자산 6,243,719,591 6,387,372,849
에프티이앤이 065160 기타비유동금융자산 0 0
에프티이앤이 065160 기타비유동자산 0 0
에프티이앤이 065160 사용권자산 0 0
에프티이앤이 065160 이연법인세자산 0 0
에프티이앤이 065160 자산총계 83,881,022,189 83,924,373,665
에프티이앤이 065160 유동부채 32,729,888,762 37,050,505,012
에프티이앤이 065160 단기매입채무 0 0
에프티이앤이 065160 단기차입금 16,018,200,000 15,999,200,000
에프티이앤이 065160 유동성장기차입금 8,473,199,139 250,000,000
에프티이앤이 065160 유동성사채 0 0
에프티이앤이 065160 기타유동금융부채 0 0
에프티이앤이 065160 기타유동부채 0 0
에프티이앤이 065160 당기법인세부채 0 0
에프티이앤이 065160 유동리스부채 0 0
에프티이앤이 065160 비유동부채 838,486,233 841,486,233
에프티이앤이 065160 사채 0 0
에프티이앤이 065160 장기차입금 0 0
에프티이앤이 065160 기타비유동금융부채 0 0
에프티이앤이 065160 이연법인세부채 0 0
에프티이앤이 065160 비유동리스부채 0 0
에프티이앤이 065160 부채총계 33,568,374,995 37,891,991,245
에프티이앤이 065160 자본금 26,585,553,000 25,332,055,500
에프티이앤이 065160 자본잉여금 0 0
에프티이앤이 065160 자본조정 0 0
에프티이앤이 065160 기타포괄손익누계액 0 0
에프티이앤이 065160 이익잉여금(결손금) -3,320,928,429 -49,757,581,580
에프티이앤이 065160 자본총계 50,312,647,194 46,032,382,420
에프티이앤이 065160 자본과부채총계 83,881,022,189 83,924,373,665
date : 2016-06-30
에프티이앤이 065160 유동자산 71,456,049,071 44,806,607,649
에프티이앤이 065160 현금및현금성자산 2,656,497,194 350,538,524
에프티이앤이 065160 매출채권 및 기타유동채권
에프티이앤이 065160 재고자산 6,961,026,195 6,392,244,124
에프티이앤이 065160 기타유동금융자산 28,000,000,000 5,000,000,000
에프티이앤이 065160 기타유동자산 0 0
에프티이앤이 065160 매각예정비유동자산 0 0
에프티이앤이 065160 비유동자산 41,447,856,233 39,117,766,016
에프티이앤이 065160 장기금융상품 726,557,593 50,578,950
에프티이앤이 065160 기타포괄손익-공정가치 0 0
에프티이앤이 065160 당기손익인식공정가치측정금융자산 0 0
에프티이앤이 065160 종속회사투자 0 0
에프티이앤이 065160 관계회사투자 0 0
에프티이앤이 065160 렌탈자산 0 0
에프티이앤이 065160 유형자산 12,497,584,133 12,105,317,649
에프티이앤이 065160 무형자산 6,182,781,923 6,387,372,849
에프티이앤이 065160 기타비유동금융자산 0 0
에프티이앤이 065160 기타비유동자산 0 0
에프티이앤이 065160 사용권자산 0 0
에프티이앤이 065160 이연법인세자산 0 0
에프티이앤이 065160 자산총계 112,903,905,304 83,924,373,665
에프티이앤이 065160 유동부채 29,948,893,576 37,050,505,012
에프티이앤이 065160 단기매입채무 0 0
에프티이앤이 065160 단기차입금 13,017,000,000 15,999,200,000
에프티이앤이 065160 유동성장기차입금 0 250,000,000
에프티이앤이 065160 유동성사채 0 0
에프티이앤이 065160 기타유동금융부채 0 0
에프티이앤이 065160 기타유동부채 0 0
에프티이앤이 065160 당기법인세부채 0 0
에프티이앤이 065160 유동리스부채 0 0
에프티이앤이 065160 비유동부채 25,502,466,063 841,486,233
에프티이앤이 065160 사채 0 0
에프티이앤이 065160 장기차입금 0 0
에프티이앤이 065160 기타비유동금융부채 0 0
에프티이앤이 065160 이연법인세부채 0 0
에프티이앤이 065160 비유동리스부채 0 0
에프티이앤이 065160 부채총계 55,451,359,639 37,891,991,245
에프티이앤이 065160 자본금 27,093,175,000 25,332,055,500
에프티이앤이 065160 자본잉여금 0 0
에프티이앤이 065160 자본조정 0 0
에프티이앤이 065160 기타포괄손익누계액 0 0
에프티이앤이 065160 이익잉여금(결손금) -3,087,777,426 -49,757,581,580
에프티이앤이 065160 자본총계 57,452,545,665 46,032,382,420
에프티이앤이 065160 자본과부채총계 112,903,905,304 83,924,373,665
date : 2016-09-30
에프티이앤이 065160 유동자산 54,106,442,023 44,806,607,649
에프티이앤이 065160 현금및현금성자산 2,497,616,555 350,538,524
에프티이앤이 065160 매출채권 및 기타유동채권
에프티이앤이 065160 재고자산 7,157,183,578 6,392,244,124
에프티이앤이 065160 기타유동금융자산 10,728,789,519 5,000,000,000
에프티이앤이 065160 기타유동자산 0 0
에프티이앤이 065160 매각예정비유동자산 0 0
에프티이앤이 065160 비유동자산 48,618,698,202 39,117,766,016
에프티이앤이 065160 장기금융상품 830,329,928 50,578,950
에프티이앤이 065160 기타포괄손익-공정가치 0 0
에프티이앤이 065160 당기손익인식공정가치측정금융자산 0 0
에프티이앤이 065160 종속회사투자 0 0
에프티이앤이 065160 관계회사투자 0 0
에프티이앤이 065160 렌탈자산 0 0
에프티이앤이 065160 유형자산 14,916,226,424 12,105,317,649
에프티이앤이 065160 무형자산 6,042,139,067 6,387,372,849
에프티이앤이 065160 기타비유동금융자산 0 0
에프티이앤이 065160 기타비유동자산 0 0
에프티이앤이 065160 사용권자산 0 0
에프티이앤이 065160 이연법인세자산 0 0
에프티이앤이 065160 자산총계 102,725,140,225 83,924,373,665
에프티이앤이 065160 유동부채 20,176,199,908 37,050,505,012
에프티이앤이 065160 단기매입채무 0 0
에프티이앤이 065160 단기차입금 3,617,000,000 15,999,200,000
에프티이앤이 065160 유동성장기차입금 0 250,000,000
에프티이앤이 065160 유동성사채 0 0
에프티이앤이 065160 기타유동금융부채 0 0
에프티이앤이 065160 기타유동부채 0 0
에프티이앤이 065160 당기법인세부채 0 0
에프티이앤이 065160 유동리스부채 0 0
에프티이앤이 065160 비유동부채 26,145,560,474 841,486,233
에프티이앤이 065160 사채 0 0
에프티이앤이 065160 장기차입금 0 0
에프티이앤이 065160 기타비유동금융부채 0 0
에프티이앤이 065160 이연법인세부채 0 0
에프티이앤이 065160 비유동리스부채 0 0
에프티이앤이 065160 부채총계 46,321,760,382 37,891,991,245
에프티이앤이 065160 자본금 27,097,685,500 25,332,055,500
에프티이앤이 065160 자본잉여금 0 0
에프티이앤이 065160 자본조정 0 0
에프티이앤이 065160 기타포괄손익누계액 0 0
에프티이앤이 065160 이익잉여금(결손금) -4,161,789,264 -49,757,581,580
에프티이앤이 065160 자본총계 56,403,379,843 46,032,382,420
에프티이앤이 065160 자본과부채총계 102,725,140,225 83,924,373,665
date : 2016-12-31
에프티이앤이 065160 유동자산 55,532,606,001 44,806,607,649
에프티이앤이 065160 현금및현금성자산 4,100,623,472 350,538,524
에프티이앤이 065160 매출채권 및 기타유동채권
에프티이앤이 065160 재고자산 7,229,605,207 6,392,244,124
에프티이앤이 065160 기타유동금융자산 8,950,059,958 5,000,000,000
에프티이앤이 065160 기타유동자산 0 0
에프티이앤이 065160 매각예정비유동자산 0 0
에프티이앤이 065160 비유동자산 44,744,390,201 39,117,766,016
에프티이앤이 065160 장기금융상품 943,074,153 50,578,950
에프티이앤이 065160 기타포괄손익-공정가치 0 0
에프티이앤이 065160 당기손익인식공정가치측정금융자산 0 0
에프티이앤이 065160 종속회사투자 0 0
에프티이앤이 065160 관계회사투자 0 0
에프티이앤이 065160 렌탈자산 0 0
에프티이앤이 065160 유형자산 14,989,978,831 12,105,317,649
에프티이앤이 065160 무형자산 6,048,402,438 6,387,372,849
에프티이앤이 065160 기타비유동금융자산 0 0
에프티이앤이 065160 기타비유동자산 0 0
에프티이앤이 065160 사용권자산 0 0
에프티이앤이 065160 이연법인세자산 0 0
에프티이앤이 065160 자산총계 100,276,996,202 83,924,373,665
에프티이앤이 065160 유동부채 46,028,795,967 37,050,505,012
에프티이앤이 065160 단기매입채무 0 0
에프티이앤이 065160 단기차입금 3,617,000,000 15,999,200,000
에프티이앤이 065160 유동성장기차입금 0 250,000,000
에프티이앤이 065160 유동성사채 0 0
에프티이앤이 065160 기타유동금융부채 0 0
에프티이앤이 065160 기타유동부채 0 0
에프티이앤이 065160 당기법인세부채 0 0
에프티이앤이 065160 유동리스부채 0 0
에프티이앤이 065160 비유동부채 1,001,189,101 841,486,233
에프티이앤이 065160 사채 0 0
에프티이앤이 065160 장기차입금 0 0
에프티이앤이 065160 기타비유동금융부채 0 0
에프티이앤이 065160 이연법인세부채 0 0
에프티이앤이 065160 비유동리스부채 0 0
에프티이앤이 065160 부채총계 47,029,985,068 37,891,991,245
에프티이앤이 065160 자본금 27,098,886,000 25,332,055,500
에프티이앤이 065160 자본잉여금 0 0
에프티이앤이 065160 자본조정 0 0
에프티이앤이 065160 기타포괄손익누계액 0 0
에프티이앤이 065160 이익잉여금(결손금) -7,332,587,983 -49,757,581,580
에프티이앤이 065160 자본총계 53,247,011,134 46,032,382,420
에프티이앤이 065160 자본과부채총계 100,276,996,202 83,924,373,665
date : 2017-03-31
에프티이앤이 065160 유동자산 52,028,878,630 55,532,606,001
에프티이앤이 065160 현금및현금성자산 4,592,303,863 4,100,623,472
에프티이앤이 065160 매출채권 및 기타유동채권
에프티이앤이 065160 재고자산 6,587,368,600 7,229,605,207
에프티이앤이 065160 기타유동금융자산 5,000,000,000 8,950,059,958
에프티이앤이 065160 기타유동자산 0 0
에프티이앤이 065160 매각예정비유동자산 0 0
에프티이앤이 065160 비유동자산 45,068,106,543 44,744,390,201
에프티이앤이 065160 장기금융상품 920,658,083 943,074,153
에프티이앤이 065160 기타포괄손익-공정가치 0 0
에프티이앤이 065160 당기손익인식공정가치측정금융자산 0 0
에프티이앤이 065160 종속회사투자 0 0
에프티이앤이 065160 관계회사투자 0 0
에프티이앤이 065160 렌탈자산 0 0
에프티이앤이 065160 유형자산 15,630,040,352 14,989,978,831
에프티이앤이 065160 무형자산 5,987,646,938 6,048,402,438
에프티이앤이 065160 기타비유동금융자산 0 0
에프티이앤이 065160 기타비유동자산 0 0
에프티이앤이 065160 사용권자산 0 0
에프티이앤이 065160 이연법인세자산 0 0
에프티이앤이 065160 자산총계 97,096,985,173 100,276,996,202
에프티이앤이 065160 유동부채 47,208,691,673 46,028,795,967
에프티이앤이 065160 단기매입채무 0 0
에프티이앤이 065160 단기차입금 7,187,000,000 3,617,000,000
에프티이앤이 065160 유동성장기차입금 0 0
에프티이앤이 065160 유동성사채 0 0
에프티이앤이 065160 기타유동금융부채 0 0
에프티이앤이 065160 기타유동부채 0 0
에프티이앤이 065160 당기법인세부채 0 0
에프티이앤이 065160 유동리스부채 0 0
에프티이앤이 065160 비유동부채 998,589,101 1,001,189,101
에프티이앤이 065160 사채 0 0
에프티이앤이 065160 장기차입금 0 0
에프티이앤이 065160 기타비유동금융부채 0 0
에프티이앤이 065160 이연법인세부채 0 0
에프티이앤이 065160 비유동리스부채 0 0
에프티이앤이 065160 부채총계 48,207,280,774 47,029,985,068
에프티이앤이 065160 자본금 27,099,427,000 27,098,886,000
에프티이앤이 065160 자본잉여금 0 0
에프티이앤이 065160 자본조정 0 0
에프티이앤이 065160 기타포괄손익누계액 0 0
에프티이앤이 065160 이익잉여금(결손금) -11,693,068,939 -7,332,587,983
에프티이앤이 065160 자본총계 48,889,704,399 53,247,011,134
에프티이앤이 065160 자본과부채총계 97,096,985,173 100,276,996,202
date : 2017-06-30
에프티이앤이 065160 유동자산 43,501,605,170 55,532,606,001
에프티이앤이 065160 현금및현금성자산 1,438,061,879 4,100,623,472
에프티이앤이 065160 매출채권 및 기타유동채권
에프티이앤이 065160 재고자산 6,732,872,400 7,229,605,207
에프티이앤이 065160 기타유동금융자산 5,000,000,000 8,950,059,958
에프티이앤이 065160 기타유동자산 0 0
에프티이앤이 065160 매각예정비유동자산 0 0
에프티이앤이 065160 비유동자산 53,964,752,284 44,744,390,201
에프티이앤이 065160 장기금융상품 922,658,083 943,074,153
에프티이앤이 065160 기타포괄손익-공정가치 0 0
에프티이앤이 065160 당기손익인식공정가치측정금융자산 0 0
에프티이앤이 065160 종속회사투자 0 0
에프티이앤이 065160 관계회사투자 0 0
에프티이앤이 065160 렌탈자산 0 0
에프티이앤이 065160 유형자산 24,535,310,514 14,989,978,831
에프티이앤이 065160 무형자산 5,837,978,049 6,048,402,438
에프티이앤이 065160 기타비유동금융자산 0 0
에프티이앤이 065160 기타비유동자산 0 0
에프티이앤이 065160 사용권자산 0 0
에프티이앤이 065160 이연법인세자산 0 0
에프티이앤이 065160 자산총계 97,466,357,454 100,276,996,202
에프티이앤이 065160 유동부채 50,047,421,527 46,028,795,967
에프티이앤이 065160 단기매입채무 0 0
에프티이앤이 065160 단기차입금 8,844,920,000 3,617,000,000
에프티이앤이 065160 유동성장기차입금 0 0
에프티이앤이 065160 유동성사채 0 0
에프티이앤이 065160 기타유동금융부채 0 0
에프티이앤이 065160 기타유동부채 0 0
에프티이앤이 065160 당기법인세부채 0 0
에프티이앤이 065160 유동리스부채 0 0
에프티이앤이 065160 비유동부채 1,328,976,067 1,001,189,101
에프티이앤이 065160 사채 0 0
에프티이앤이 065160 장기차입금 0 0
에프티이앤이 065160 기타비유동금융부채 0 0
에프티이앤이 065160 이연법인세부채 0 0
에프티이앤이 065160 비유동리스부채 0 0
에프티이앤이 065160 부채총계 51,376,397,594 47,029,985,068
에프티이앤이 065160 자본금 27,099,892,500 27,098,886,000
에프티이앤이 065160 자본잉여금 0 0
에프티이앤이 065160 자본조정 0 0
에프티이앤이 065160 기타포괄손익누계액 0 0
에프티이앤이 065160 이익잉여금(결손금) -14,495,392,784 -7,332,587,983
에프티이앤이 065160 자본총계 46,089,959,860 53,247,011,134
에프티이앤이 065160 자본과부채총계 97,466,357,454 100,276,996,202
date : 2017-09-30
에프티이앤이 065160 유동자산 44,763,764,209 55,532,606,001
에프티이앤이 065160 현금및현금성자산 1,628,903,332 4,100,623,472
에프티이앤이 065160 매출채권 및 기타유동채권
에프티이앤이 065160 재고자산 7,594,274,924 7,229,605,207
에프티이앤이 065160 기타유동금융자산 0 0
에프티이앤이 065160 기타유동자산 1,909,880,675 1,966,116,906
에프티이앤이 065160 매각예정비유동자산 0 0
에프티이앤이 065160 비유동자산 56,946,710,238 44,744,390,201
에프티이앤이 065160 장기금융상품 880,859,666 943,074,153
에프티이앤이 065160 기타포괄손익-공정가치 0 0
에프티이앤이 065160 당기손익인식공정가치측정금융자산 0 0
에프티이앤이 065160 종속회사투자 0 0
에프티이앤이 065160 관계회사투자 0 0
에프티이앤이 065160 렌탈자산 0 0
에프티이앤이 065160 유형자산 27,578,421,686 14,989,978,831
에프티이앤이 065160 무형자산 5,788,108,080 6,048,402,438
에프티이앤이 065160 기타비유동금융자산 958,682,908 958,682,908
에프티이앤이 065160 기타비유동자산 0 0
에프티이앤이 065160 사용권자산 0 0
에프티이앤이 065160 이연법인세자산 0 0
에프티이앤이 065160 자산총계 101,710,474,447 100,276,996,202
에프티이앤이 065160 유동부채 56,457,505,867 46,028,795,967
에프티이앤이 065160 단기매입채무 8,981,892,592 5,757,183,170
에프티이앤이 065160 단기차입금 9,717,000,000 3,617,000,000
에프티이앤이 065160 유동성장기차입금 0 0
에프티이앤이 065160 유동성사채 0 0
에프티이앤이 065160 기타유동금융부채 0 0
에프티이앤이 065160 기타유동부채 1,473,555,746 2,415,331,514
에프티이앤이 065160 당기법인세부채 0 0
에프티이앤이 065160 유동리스부채 0 0
에프티이앤이 065160 비유동부채 1,326,373,075 1,001,189,101
에프티이앤이 065160 사채 0 0
에프티이앤이 065160 장기차입금 0 0
에프티이앤이 065160 기타비유동금융부채 0 0
에프티이앤이 065160 이연법인세부채 0 0
에프티이앤이 065160 비유동리스부채 0 0
에프티이앤이 065160 부채총계 57,783,878,942 47,029,985,068
에프티이앤이 065160 자본금 27,099,892,500 27,098,886,000
에프티이앤이 065160 자본잉여금 33,485,460,144 33,480,713,117
에프티이앤이 065160 자본조정 0 0
에프티이앤이 065160 기타포괄손익누계액 0 0
에프티이앤이 065160 이익잉여금(결손금) -16,658,757,139 -7,332,587,983
에프티이앤이 065160 자본총계 43,926,595,505 53,247,011,134
에프티이앤이 065160 자본과부채총계 101,710,474,447 100,276,996,202
date : 2017-12-31
에프티이앤이 065160 유동자산 39,684,426,868 55,532,606,001
에프티이앤이 065160 현금및현금성자산 6,650,839,909 4,100,623,472
에프티이앤이 065160 매출채권 및 기타유동채권
에프티이앤이 065160 재고자산 6,766,871,048 7,229,605,207
에프티이앤이 065160 기타유동금융자산 0 0
에프티이앤이 065160 기타유동자산 1,263,971,774 1,966,116,906
에프티이앤이 065160 매각예정비유동자산 0 0
에프티이앤이 065160 비유동자산 61,482,499,900 44,744,390,201
에프티이앤이 065160 장기금융상품 380,859,666 943,074,153
에프티이앤이 065160 기타포괄손익-공정가치 0 0
에프티이앤이 065160 당기손익인식공정가치측정금융자산 0 0
에프티이앤이 065160 종속회사투자 0 0
에프티이앤이 065160 관계회사투자 0 0
에프티이앤이 065160 렌탈자산 0 0
에프티이앤이 065160 유형자산 32,883,943,954 14,989,978,831
에프티이앤이 065160 무형자산 5,694,216,433 6,048,402,438
에프티이앤이 065160 기타비유동금융자산 958,682,908 958,682,908
에프티이앤이 065160 기타비유동자산 0 0
에프티이앤이 065160 사용권자산 0 0
에프티이앤이 065160 이연법인세자산 0 0
에프티이앤이 065160 자산총계 101,166,926,768 100,276,996,202
에프티이앤이 065160 유동부채 28,483,209,355 46,028,795,967
에프티이앤이 065160 단기매입채무 8,568,196,985 5,757,183,170
에프티이앤이 065160 단기차입금 8,617,000,000 3,617,000,000
에프티이앤이 065160 유동성장기차입금 0 0
에프티이앤이 065160 유동성사채 0 0
에프티이앤이 065160 기타유동금융부채 0 0
에프티이앤이 065160 기타유동부채 2,025,354,481 2,415,331,514
에프티이앤이 065160 당기법인세부채 0 0
에프티이앤이 065160 유동리스부채 0 0
에프티이앤이 065160 비유동부채 1,618,357,881 1,001,189,101
에프티이앤이 065160 사채 0 0
에프티이앤이 065160 장기차입금 0 0
에프티이앤이 065160 기타비유동금융부채 0 0
에프티이앤이 065160 이연법인세부채 0 0
에프티이앤이 065160 비유동리스부채 0 0
에프티이앤이 065160 부채총계 30,101,567,236 47,029,985,068
에프티이앤이 065160 자본금 33,899,892,500 27,098,886,000
에프티이앤이 065160 자본잉여금 63,971,704,704 33,480,713,117
에프티이앤이 065160 자본조정 0 0
에프티이앤이 065160 기타포괄손익누계액 0 0
에프티이앤이 065160 이익잉여금(결손금) -26,806,237,672 -7,332,587,983
에프티이앤이 065160 자본총계 71,065,359,532 53,247,011,134
에프티이앤이 065160 자본과부채총계 101,166,926,768 100,276,996,202
date : 2018-03-31
에프티이앤이 065160 유동자산 47,500,055,386 40,916,970,231
에프티이앤이 065160 현금및현금성자산 534,310,124 6,650,839,909
에프티이앤이 065160 매출채권 및 기타유동채권
에프티이앤이 065160 재고자산 5,440,279,386 4,790,317,743
에프티이앤이 065160 기타유동금융자산 0 0
에프티이앤이 065160 기타유동자산 5,128,110,808 5,338,020,199
에프티이앤이 065160 매각예정비유동자산 0 0
에프티이앤이 065160 비유동자산 62,945,572,013 61,612,147,622
에프티이앤이 065160 장기금융상품 380,859,666 380,859,666
에프티이앤이 065160 기타포괄손익-공정가치 0 0
에프티이앤이 065160 당기손익인식공정가치측정금융자산 0 0
에프티이앤이 065160 종속회사투자 0 0
에프티이앤이 065160 관계회사투자 0 0
에프티이앤이 065160 렌탈자산 0 0
에프티이앤이 065160 유형자산 29,407,382,910 30,015,352,654
에프티이앤이 065160 무형자산 5,540,490,237 5,694,216,433
에프티이앤이 065160 기타비유동금융자산 958,682,908 958,682,908
에프티이앤이 065160 기타비유동자산 0 0
에프티이앤이 065160 사용권자산 0 0
에프티이앤이 065160 이연법인세자산 0 5,694,216,433
에프티이앤이 065160 자산총계 110,445,627,399 102,529,117,853
에프티이앤이 065160 유동부채 44,971,143,253 33,192,844,874
에프티이앤이 065160 단기매입채무 10,365,841,362 9,205,152,985
에프티이앤이 065160 단기차입금 18,117,000,000 8,617,000,000
에프티이앤이 065160 유동성장기차입금 0 0
에프티이앤이 065160 유동성사채 0 0
에프티이앤이 065160 기타유동금융부채 0 0
에프티이앤이 065160 기타유동부채 7,078,732,095 6,098,034,000
에프티이앤이 065160 당기법인세부채 0 6,098,034,000
에프티이앤이 065160 유동리스부채 0 0
에프티이앤이 065160 비유동부채 1,592,940,090 1,618,357,881
에프티이앤이 065160 사채 0 0
에프티이앤이 065160 장기차입금 0 0
에프티이앤이 065160 기타비유동금융부채 0 0
에프티이앤이 065160 이연법인세부채 0 0
에프티이앤이 065160 비유동리스부채 0 0
에프티이앤이 065160 부채총계 46,564,083,343 34,811,202,755
에프티이앤이 065160 자본금 33,899,892,500 33,899,892,500
에프티이앤이 065160 자본잉여금 63,334,747,267 63,334,748,704
에프티이앤이 065160 자본조정 0 0
에프티이앤이 065160 기타포괄손익누계액 0 63,334,748,704
에프티이앤이 065160 이익잉여금(결손금) -33,353,095,711 -29,516,726,106
에프티이앤이 065160 자본총계 63,881,544,056 67,717,915,098
에프티이앤이 065160 자본과부채총계 110,445,627,399 102,529,117,853
date : 2018-06-30
에프티이앤이 065160 유동자산 50,180,966,948 40,916,970,231
에프티이앤이 065160 현금및현금성자산 4,219,965,662 6,650,839,909
에프티이앤이 065160 매출채권 및 기타유동채권
에프티이앤이 065160 재고자산 5,420,556,799 4,790,317,743
에프티이앤이 065160 기타유동금융자산 0 0
에프티이앤이 065160 기타유동자산 3,280,647,630 5,338,020,199
에프티이앤이 065160 매각예정비유동자산 0 0
에프티이앤이 065160 비유동자산 59,489,256,983 61,612,147,622
에프티이앤이 065160 장기금융상품 289,524,116 380,859,666
에프티이앤이 065160 기타포괄손익-공정가치 0 0
에프티이앤이 065160 당기손익인식공정가치측정금융자산 0 0
에프티이앤이 065160 종속회사투자 0 0
에프티이앤이 065160 관계회사투자 0 0
에프티이앤이 065160 렌탈자산 0 0
에프티이앤이 065160 유형자산 28,776,177,794 30,015,352,654
에프티이앤이 065160 무형자산 5,386,766,079 5,694,216,433
에프티이앤이 065160 기타비유동금융자산 458,682,908 958,682,908
에프티이앤이 065160 기타비유동자산 0 0
에프티이앤이 065160 사용권자산 0 0
에프티이앤이 065160 이연법인세자산 0 5,694,216,433
에프티이앤이 065160 자산총계 109,670,223,931 102,529,117,853
에프티이앤이 065160 유동부채 45,570,828,001 33,192,844,874
에프티이앤이 065160 단기매입채무 21,098,687,409 9,205,152,985
에프티이앤이 065160 단기차입금 17,617,000,000 8,617,000,000
에프티이앤이 065160 유동성장기차입금 0 0
에프티이앤이 065160 유동성사채 0 0
에프티이앤이 065160 기타유동금융부채 0 0
에프티이앤이 065160 기타유동부채 6,725,971,514 6,098,034,000
에프티이앤이 065160 당기법인세부채 0 6,098,034,000
에프티이앤이 065160 유동리스부채 0 0
에프티이앤이 065160 비유동부채 1,586,890,090 1,618,357,881
에프티이앤이 065160 사채 0 0
에프티이앤이 065160 장기차입금 0 0
에프티이앤이 065160 기타비유동금융부채 0 0
에프티이앤이 065160 이연법인세부채 0 0
에프티이앤이 065160 비유동리스부채 0 0
에프티이앤이 065160 부채총계 47,157,718,091 34,811,202,755
에프티이앤이 065160 자본금 33,995,475,500 33,899,892,500
에프티이앤이 065160 자본잉여금 63,994,338,816 63,334,748,704
에프티이앤이 065160 자본조정 0 0
에프티이앤이 065160 기타포괄손익누계액 0 63,334,748,704
에프티이앤이 065160 이익잉여금(결손금) -35,477,308,476 -29,516,726,106
에프티이앤이 065160 자본총계 62,512,505,840 67,717,915,098
에프티이앤이 065160 자본과부채총계 109,670,223,931 102,529,117,853
date : 2018-09-30
에프티이앤이 065160 유동자산 39,229,359,518 40,916,970,231
에프티이앤이 065160 현금및현금성자산 2,662,074,024 6,650,839,909
에프티이앤이 065160 매출채권 및 기타유동채권
에프티이앤이 065160 재고자산 4,647,229,443 4,790,317,743
에프티이앤이 065160 기타유동금융자산 0 0
에프티이앤이 065160 기타유동자산 2,553,695,732 5,338,020,199
에프티이앤이 065160 매각예정비유동자산 0 0
에프티이앤이 065160 비유동자산 59,439,988,886 61,612,147,622
에프티이앤이 065160 장기금융상품 733,432,307 380,859,666
에프티이앤이 065160 기타포괄손익-공정가치 0 0
에프티이앤이 065160 당기손익인식공정가치측정금융자산 0 0
에프티이앤이 065160 종속회사투자 0 0
에프티이앤이 065160 관계회사투자 0 0
에프티이앤이 065160 렌탈자산 0 0
에프티이앤이 065160 유형자산 27,996,174,151 30,015,352,654
에프티이앤이 065160 무형자산 5,235,440,523 5,694,216,433
에프티이앤이 065160 기타비유동금융자산 522,819,008 958,682,908
에프티이앤이 065160 기타비유동자산 0 0
에프티이앤이 065160 사용권자산 0 0
에프티이앤이 065160 이연법인세자산 0 0
에프티이앤이 065160 자산총계 98,669,348,404 102,529,117,853
에프티이앤이 065160 유동부채 36,819,080,627 33,192,844,874
에프티이앤이 065160 단기매입채무 14,257,724,539 9,205,152,985
에프티이앤이 065160 단기차입금 12,517,000,000 8,617,000,000
에프티이앤이 065160 유동성장기차입금 0 0
에프티이앤이 065160 유동성사채 0 0
에프티이앤이 065160 기타유동금융부채 0 0
에프티이앤이 065160 기타유동부채 9,913,787,826 6,098,034,000
에프티이앤이 065160 당기법인세부채 0 0
에프티이앤이 065160 유동리스부채 0 0
에프티이앤이 065160 비유동부채 1,573,731,149 1,618,357,881
에프티이앤이 065160 사채 0 0
에프티이앤이 065160 장기차입금 0 0
에프티이앤이 065160 기타비유동금융부채 0 0
에프티이앤이 065160 이연법인세부채 0 0
에프티이앤이 065160 비유동리스부채 0 0
에프티이앤이 065160 부채총계 38,392,811,776 34,811,202,755
에프티이앤이 065160 자본금 33,995,475,500 33,899,892,500
에프티이앤이 065160 자본잉여금 63,994,338,816 63,334,748,704
에프티이앤이 065160 자본조정 0 0
에프티이앤이 065160 기타포괄손익누계액 0 63,334,748,704
에프티이앤이 065160 이익잉여금(결손금) -37,713,277,688 -29,516,726,106
에프티이앤이 065160 자본총계 60,276,536,628 67,717,915,098
에프티이앤이 065160 자본과부채총계 98,669,348,404 102,529,117,853
date : 2018-12-31
에프티이앤이 065160 유동자산 31,769,901,192 33,778,230,231
에프티이앤이 065160 현금및현금성자산 1,274,250,372 6,650,839,909
에프티이앤이 065160 매출채권 및 기타유동채권
에프티이앤이 065160 재고자산 3,995,330,474 3,237,375,226
에프티이앤이 065160 기타유동금융자산 0 0
에프티이앤이 065160 기타유동자산 10,616,885,827 5,193,268,098
에프티이앤이 065160 매각예정비유동자산 0 0
에프티이앤이 065160 비유동자산 18,684,635,962 30,447,047,812
에프티이앤이 065160 장기금융상품 794,292,557 380,859,666
에프티이앤이 065160 기타포괄손익-공정가치 0 0
에프티이앤이 065160 당기손익인식공정가치측정금융자산 0 0
에프티이앤이 065160 종속회사투자 0 0
에프티이앤이 065160 관계회사투자 0 0
에프티이앤이 065160 렌탈자산 0 0
에프티이앤이 065160 유형자산 6,106,236,029 15,110,157,254
에프티이앤이 065160 무형자산 1,047,310,796 1,135,678,137
에프티이앤이 065160 기타비유동금융자산 522,819,008 958,682,908
에프티이앤이 065160 기타비유동자산 0 0
에프티이앤이 065160 사용권자산 0 0
에프티이앤이 065160 이연법인세자산 0 0
에프티이앤이 065160 자산총계 50,454,537,154 64,225,278,043
에프티이앤이 065160 유동부채 29,916,307,580 34,735,739,575
에프티이앤이 065160 단기매입채무 12,522,646,824 10,802,808,869
에프티이앤이 065160 단기차입금 5,199,000,000 8,617,000,000
에프티이앤이 065160 유동성장기차입금 0 0
에프티이앤이 065160 유동성사채 0 0
에프티이앤이 065160 기타유동금융부채 0 0
에프티이앤이 065160 기타유동부채 12,086,696,210 6,033,272,817
에프티이앤이 065160 당기법인세부채 0 0
에프티이앤이 065160 유동리스부채 0 0
에프티이앤이 065160 비유동부채 2,548,702,731 2,605,098,940
에프티이앤이 065160 사채 0 0
에프티이앤이 065160 장기차입금 0 0
에프티이앤이 065160 기타비유동금융부채 527,303,040 527,303,040
에프티이앤이 065160 이연법인세부채 0 0
에프티이앤이 065160 비유동리스부채 0 0
에프티이앤이 065160 부채총계 32,465,010,311 37,340,838,515
에프티이앤이 065160 자본금 33,995,475,500 33,899,892,500
에프티이앤이 065160 자본잉여금 63,993,497,907 63,334,748,704
에프티이앤이 065160 자본조정 0 0
에프티이앤이 065160 기타포괄손익누계액 0 0
에프티이앤이 065160 이익잉여금(결손금) -79,999,446,564 -70,350,201,676
에프티이앤이 065160 자본총계 17,989,526,843 26,884,439,528
에프티이앤이 065160 자본과부채총계 50,454,537,154 64,225,278,043
