date : 2015-12-31
전파기지국 065530 유동자산 72,095,236,315 86,871,006,628
전파기지국 065530 현금및현금성자산 37,320,421,054 38,222,995,786
전파기지국 065530 매출채권 및 기타채권
전파기지국 065530 재고자산 0 0
전파기지국 065530 기타유동금융자산 0 0
전파기지국 065530 기타유동자산 2,398,990,508 2,738,151,668
전파기지국 065530 매각예정비유동자산 0 0
전파기지국 065530 비유동자산 128,426,198,474 142,661,206,647
전파기지국 065530 장기금융상품 0 0
전파기지국 065530 기타포괄손익-공정가치 0 0
전파기지국 065530 당기손익인식공정가치측정금융자산 0 0
전파기지국 065530 종속회사투자 0 0
전파기지국 065530 관계회사투자 0 0
전파기지국 065530 렌탈자산 0 0
전파기지국 065530 유형자산 115,072,952,062 127,940,917,184
전파기지국 065530 무형자산 468,368,934 268,751,234
전파기지국 065530 기타비유동금융자산 0 0
전파기지국 065530 기타비유동자산 10,561,274,345 11,408,987,451
전파기지국 065530 사용권자산 0 0
전파기지국 065530 이연법인세자산 0 0
전파기지국 065530 자산총계 200,521,434,789 229,532,213,275
전파기지국 065530 유동부채 90,215,756,644 123,591,712,486
전파기지국 065530 단기매입채무 0 0
전파기지국 065530 단기차입금 36,725,000,000 51,000,000,000
전파기지국 065530 유동성장기차입금 0 0
전파기지국 065530 유동성사채 0 0
전파기지국 065530 기타유동금융부채 0 0
전파기지국 065530 기타유동부채 25,195,071,545 27,769,780,345
전파기지국 065530 당기법인세부채 1,377,752,700 1,919,580,203
전파기지국 065530 유동리스부채 0 0
전파기지국 065530 비유동부채 31,943,160,577 33,106,048,605
전파기지국 065530 사채 0 0
전파기지국 065530 장기차입금 6,166,640,000 6,625,000,000
전파기지국 065530 기타비유동금융부채 0 0
전파기지국 065530 이연법인세부채 0 0
전파기지국 065530 비유동리스부채 0 0
전파기지국 065530 부채총계 122,158,917,221 156,697,761,091
전파기지국 065530 자본금 26,430,000,000 26,430,000,000
전파기지국 065530 자본잉여금 3,297,384,220 3,297,384,220
전파기지국 065530 자본조정 0 0
전파기지국 065530 기타포괄손익누계액 193,439,416 185,002,624
전파기지국 065530 이익잉여금(결손금) 48,441,693,932 42,922,065,340
전파기지국 065530 자본총계 78,362,517,568 72,834,452,184
전파기지국 065530 자본과부채총계 200,521,434,789 229,532,213,275
date : 2016-03-31
전파기지국 065530 유동자산 60,388,341,201 71,087,449,885
전파기지국 065530 현금및현금성자산 34,320,143,006 37,320,421,054
전파기지국 065530 매출채권 및 기타채권
전파기지국 065530 재고자산 0 0
전파기지국 065530 기타유동금융자산 0 0
전파기지국 065530 기타유동자산 1,867,780,624 1,391,204,078
전파기지국 065530 매각예정비유동자산 0 0
전파기지국 065530 비유동자산 113,633,925,126 117,864,924,129
전파기지국 065530 장기금융상품 0 0
전파기지국 065530 기타포괄손익-공정가치 0 0
전파기지국 065530 당기손익인식공정가치측정금융자산 0 0
전파기지국 065530 종속회사투자 0 0
전파기지국 065530 관계회사투자 0 0
전파기지국 065530 렌탈자산 0 0
전파기지국 065530 유형자산 110,869,734,927 115,072,952,062
전파기지국 065530 무형자산 445,028,734 468,368,934
전파기지국 065530 기타비유동금융자산 0 0
전파기지국 065530 기타비유동자산 0 0
전파기지국 065530 사용권자산 0 0
전파기지국 065530 이연법인세자산 0 0
전파기지국 065530 자산총계 174,022,266,327 188,952,374,014
전파기지국 065530 유동부채 74,942,396,667 89,207,970,214
전파기지국 065530 단기매입채무 0 0
전파기지국 065530 단기차입금 35,850,000,000 36,725,000,000
전파기지국 065530 유동성장기차입금 0 0
전파기지국 065530 유동성사채 0 0
전파기지국 065530 기타유동금융부채 0 0
전파기지국 065530 기타유동부채 16,129,000,197 24,187,285,115
전파기지국 065530 당기법인세부채 1,451,384,013 1,377,752,700
전파기지국 065530 유동리스부채 0 0
전파기지국 065530 비유동부채 21,043,483,670 21,381,886,232
전파기지국 065530 사채 0 0
전파기지국 065530 장기차입금 5,833,310,000 6,166,640,000
전파기지국 065530 기타비유동금융부채 0 0
전파기지국 065530 이연법인세부채 0 0
전파기지국 065530 비유동리스부채 0 0
전파기지국 065530 부채총계 95,985,880,337 110,589,856,446
전파기지국 065530 자본금 26,430,000,000 26,430,000,000
전파기지국 065530 자본잉여금 3,297,384,220 3,297,384,220
전파기지국 065530 자본조정 0 0
전파기지국 065530 기타포괄손익누계액 200,625,088 193,439,416
전파기지국 065530 이익잉여금(결손금) 48,108,376,682 48,441,693,932
전파기지국 065530 자본총계 78,036,385,990 78,362,517,568
전파기지국 065530 자본과부채총계 174,022,266,327 188,952,374,014
date : 2016-06-30
전파기지국 065530 유동자산 66,956,395,697 71,087,449,885
전파기지국 065530 현금및현금성자산 37,844,101,470 37,320,421,054
전파기지국 065530 매출채권 및 기타채권
전파기지국 065530 재고자산 0 0
전파기지국 065530 기타유동금융자산 0 0
전파기지국 065530 기타유동자산 1,295,080,533 1,391,204,078
전파기지국 065530 매각예정비유동자산 0 0
전파기지국 065530 비유동자산 109,578,185,558 117,864,924,129
전파기지국 065530 장기금융상품 0 0
전파기지국 065530 기타포괄손익-공정가치 0 0
전파기지국 065530 당기손익인식공정가치측정금융자산 0 0
전파기지국 065530 종속회사투자 0 0
전파기지국 065530 관계회사투자 0 0
전파기지국 065530 렌탈자산 0 0
전파기지국 065530 유형자산 106,685,541,230 115,072,952,062
전파기지국 065530 무형자산 515,192,534 468,368,934
전파기지국 065530 기타비유동금융자산 0 0
전파기지국 065530 기타비유동자산 0 0
전파기지국 065530 사용권자산 0 0
전파기지국 065530 이연법인세자산 0 0
전파기지국 065530 자산총계 176,534,581,255 188,952,374,014
전파기지국 065530 유동부채 76,622,462,122 89,207,970,214
전파기지국 065530 단기매입채무 0 0
전파기지국 065530 단기차입금 34,975,000,000 36,725,000,000
전파기지국 065530 유동성장기차입금 0 0
전파기지국 065530 유동성사채 0 0
전파기지국 065530 기타유동금융부채 0 0
전파기지국 065530 기타유동부채 22,564,480,641 24,187,285,115
전파기지국 065530 당기법인세부채 1,313,157,096 1,377,752,700
전파기지국 065530 유동리스부채 0 0
전파기지국 065530 비유동부채 20,705,081,107 21,381,886,232
전파기지국 065530 사채 0 0
전파기지국 065530 장기차입금 5,499,980,000 6,166,640,000
전파기지국 065530 기타비유동금융부채 0 0
전파기지국 065530 이연법인세부채 0 0
전파기지국 065530 비유동리스부채 0 0
전파기지국 065530 부채총계 97,327,543,229 110,589,856,446
전파기지국 065530 자본금 26,430,000,000 26,430,000,000
전파기지국 065530 자본잉여금 3,297,384,220 3,297,384,220
전파기지국 065530 자본조정 1,036,204,200 0
전파기지국 065530 기타포괄손익누계액 203,103,148 193,439,416
전파기지국 065530 이익잉여금(결손금) 50,312,754,858 48,441,693,932
전파기지국 065530 자본총계 79,207,038,026 78,362,517,568
전파기지국 065530 자본과부채총계 176,534,581,255 188,952,374,014
date : 2016-09-30
전파기지국 065530 유동자산 61,814,315,030 71,087,449,885
전파기지국 065530 현금및현금성자산 37,410,388,129 37,320,421,054
전파기지국 065530 매출채권 및 기타채권
전파기지국 065530 재고자산 0 0
전파기지국 065530 기타유동금융자산 0 0
전파기지국 065530 기타유동자산 2,206,000,527 1,391,204,078
전파기지국 065530 매각예정비유동자산 0 0
전파기지국 065530 비유동자산 105,168,306,317 117,864,924,129
전파기지국 065530 장기금융상품 0 0
전파기지국 065530 기타포괄손익-공정가치 0 0
전파기지국 065530 당기손익인식공정가치측정금융자산 0 0
전파기지국 065530 종속회사투자 0 0
전파기지국 065530 관계회사투자 0 0
전파기지국 065530 렌탈자산 0 0
전파기지국 065530 유형자산 102,268,243,305 115,072,952,062
전파기지국 065530 무형자산 497,177,657 468,368,934
전파기지국 065530 기타비유동금융자산 0 0
전파기지국 065530 기타비유동자산 0 0
전파기지국 065530 사용권자산 0 0
전파기지국 065530 이연법인세자산 0 0
전파기지국 065530 자산총계 166,982,621,347 188,952,374,014
전파기지국 065530 유동부채 67,920,889,916 89,207,970,214
전파기지국 065530 단기매입채무 0 0
전파기지국 065530 단기차입금 29,000,000,000 36,725,000,000
전파기지국 065530 유동성장기차입금 0 0
전파기지국 065530 유동성사채 0 0
전파기지국 065530 기타유동금융부채 0 0
전파기지국 065530 기타유동부채 21,042,883,223 24,187,285,115
전파기지국 065530 당기법인세부채 607,020,337 1,377,752,700
전파기지국 065530 유동리스부채 0 0
전파기지국 065530 비유동부채 19,866,678,544 21,381,886,232
전파기지국 065530 사채 0 0
전파기지국 065530 장기차입금 4,666,650,000 6,166,640,000
전파기지국 065530 기타비유동금융부채 0 0
전파기지국 065530 이연법인세부채 0 0
전파기지국 065530 비유동리스부채 0 0
전파기지국 065530 부채총계 87,787,568,460 110,589,856,446
전파기지국 065530 자본금 26,430,000,000 26,430,000,000
전파기지국 065530 자본잉여금 3,297,384,220 3,297,384,220
전파기지국 065530 자본조정 1,126,749,850 0
전파기지국 065530 기타포괄손익누계액 203,246,200 193,439,416
전파기지국 065530 이익잉여금(결손금) 50,391,172,317 48,441,693,932
전파기지국 065530 자본총계 79,195,052,887 78,362,517,568
전파기지국 065530 자본과부채총계 166,982,621,347 188,952,374,014
date : 2016-12-31
전파기지국 065530 유동자산 43,039,954,955 72,095,236,315
전파기지국 065530 현금및현금성자산 20,471,004,010 37,320,421,054
전파기지국 065530 매출채권 및 기타채권
전파기지국 065530 재고자산 0 0
전파기지국 065530 기타유동금융자산 0 0
전파기지국 065530 기타유동자산 2,133,487,818 2,398,990,508
전파기지국 065530 매각예정비유동자산 0 0
전파기지국 065530 비유동자산 110,764,112,447 128,426,198,474
전파기지국 065530 장기금융상품 0 0
전파기지국 065530 기타포괄손익-공정가치 0 0
전파기지국 065530 당기손익인식공정가치측정금융자산 0 0
전파기지국 065530 종속회사투자 0 0
전파기지국 065530 관계회사투자 0 0
전파기지국 065530 렌탈자산 0 0
전파기지국 065530 유형자산 99,228,865,053 115,072,952,062
전파기지국 065530 무형자산 1,097,037,457 468,368,934
전파기지국 065530 기타비유동금융자산 0 0
전파기지국 065530 기타비유동자산 8,145,336,513 10,561,274,345
전파기지국 065530 사용권자산 0 0
전파기지국 065530 이연법인세자산 0 0
전파기지국 065530 자산총계 153,804,067,402 200,521,434,789
전파기지국 065530 유동부채 46,224,435,472 90,215,756,644
전파기지국 065530 단기매입채무 0 0
전파기지국 065530 단기차입금 17,001,320,177 36,725,000,000
전파기지국 065530 유동성장기차입금 0 0
전파기지국 065530 유동성사채 0 0
전파기지국 065530 기타유동금융부채 0 0
전파기지국 065530 기타유동부채 12,615,184,286 25,195,071,545
전파기지국 065530 당기법인세부채 1,163,489,148 1,377,752,700
전파기지국 065530 유동리스부채 0 0
전파기지국 065530 비유동부채 27,950,363,642 31,943,160,577
전파기지국 065530 사채 0 0
전파기지국 065530 장기차입금 4,833,320,000 6,166,640,000
전파기지국 065530 기타비유동금융부채 0 0
전파기지국 065530 이연법인세부채 0 0
전파기지국 065530 비유동리스부채 0 0
전파기지국 065530 부채총계 74,174,799,114 122,158,917,221
전파기지국 065530 자본금 26,430,000,000 26,430,000,000
전파기지국 065530 자본잉여금 3,297,384,220 3,297,384,220
전파기지국 065530 자본조정 2,954,478,000 0
전파기지국 065530 기타포괄손익누계액 203,246,200 193,439,416
전파기지국 065530 이익잉여금(결손금) 52,653,115,868 48,441,693,932
전파기지국 065530 자본총계 79,629,268,288 78,362,517,568
전파기지국 065530 자본과부채총계 153,804,067,402 200,521,434,789
date : 2017-03-31
전파기지국 065530 유동자산 44,843,347,194 43,039,954,955
전파기지국 065530 현금및현금성자산 21,594,879,935 20,471,004,010
전파기지국 065530 매출채권 및 기타채권
전파기지국 065530 재고자산 0 0
전파기지국 065530 기타유동금융자산 0 0
전파기지국 065530 기타유동자산 2,389,543,247 2,133,487,818
전파기지국 065530 매각예정비유동자산 0 0
전파기지국 065530 비유동자산 106,686,403,736 110,764,112,447
전파기지국 065530 장기금융상품 0 0
전파기지국 065530 기타포괄손익-공정가치 0 0
전파기지국 065530 당기손익인식공정가치측정금융자산 0 0
전파기지국 065530 종속회사투자 0 0
전파기지국 065530 관계회사투자 0 0
전파기지국 065530 렌탈자산 0 0
전파기지국 065530 유형자산 95,854,581,145 99,228,865,053
전파기지국 065530 무형자산 1,083,697,257 1,097,037,457
전파기지국 065530 기타비유동금융자산 0 0
전파기지국 065530 기타비유동자산 7,473,913,493 8,145,336,513
전파기지국 065530 사용권자산 0 0
전파기지국 065530 이연법인세자산 0 0
전파기지국 065530 자산총계 151,529,750,930 153,804,067,402
전파기지국 065530 유동부채 45,564,014,500 46,224,435,472
전파기지국 065530 단기매입채무 0 0
전파기지국 065530 단기차입금 17,500,000,000 17,001,320,177
전파기지국 065530 유동성장기차입금 0 0
전파기지국 065530 유동성사채 0 0
전파기지국 065530 기타유동금융부채 0 0
전파기지국 065530 기타유동부채 9,878,527,125 12,615,184,286
전파기지국 065530 당기법인세부채 1,226,665,997 1,163,489,148
전파기지국 065530 유동리스부채 0 0
전파기지국 065530 비유동부채 26,943,342,829 27,950,363,642
전파기지국 065530 사채 0 0
전파기지국 065530 장기차입금 4,499,990,000 4,833,320,000
전파기지국 065530 기타비유동금융부채 0 0
전파기지국 065530 이연법인세부채 0 0
전파기지국 065530 비유동리스부채 0 0
전파기지국 065530 부채총계 72,507,357,329 74,174,799,114
전파기지국 065530 자본금 26,430,000,000 26,430,000,000
전파기지국 065530 자본잉여금 3,297,384,220 3,297,384,220
전파기지국 065530 자본조정 2,989,594,600 2,954,478,000
전파기지국 065530 기타포괄손익누계액 212,692,936 203,246,200
전파기지국 065530 이익잉여금(결손금) 52,071,911,045 52,653,115,868
전파기지국 065530 자본총계 79,022,393,601 79,629,268,288
전파기지국 065530 자본과부채총계 151,529,750,930 153,804,067,402
date : 2017-06-30
전파기지국 065530 유동자산 44,281,840,011 43,039,954,955
전파기지국 065530 현금및현금성자산 19,396,150,063 20,471,004,010
전파기지국 065530 매출채권 및 기타채권
전파기지국 065530 재고자산 0 0
전파기지국 065530 기타유동금융자산 0 0
전파기지국 065530 기타유동자산 2,609,719,768 2,133,487,818
전파기지국 065530 매각예정비유동자산 0 0
전파기지국 065530 비유동자산 100,791,500,836 110,764,112,447
전파기지국 065530 장기금융상품 0 0
전파기지국 065530 기타포괄손익-공정가치 0 0
전파기지국 065530 당기손익인식공정가치측정금융자산 0 0
전파기지국 065530 종속회사투자 0 0
전파기지국 065530 관계회사투자 0 0
전파기지국 065530 렌탈자산 0 0
전파기지국 065530 유형자산 90,375,653,600 99,228,865,053
전파기지국 065530 무형자산 1,070,357,057 1,097,037,457
전파기지국 065530 기타비유동금융자산 0 0
전파기지국 065530 기타비유동자산 7,079,758,122 8,145,336,513
전파기지국 065530 사용권자산 0 0
전파기지국 065530 이연법인세자산 0 0
전파기지국 065530 자산총계 145,073,340,847 153,804,067,402
전파기지국 065530 유동부채 40,677,791,657 46,224,435,472
전파기지국 065530 단기매입채무 0 0
전파기지국 065530 단기차입금 12,800,000,000 17,001,320,177
전파기지국 065530 유동성장기차입금 0 0
전파기지국 065530 유동성사채 0 0
전파기지국 065530 기타유동금융부채 0 0
전파기지국 065530 기타유동부채 9,990,434,340 12,615,184,286
전파기지국 065530 당기법인세부채 839,949,518 1,163,489,148
전파기지국 065530 유동리스부채 0 0
전파기지국 065530 비유동부채 25,551,339,664 27,950,363,642
전파기지국 065530 사채 0 0
전파기지국 065530 장기차입금 3,500,000,000 4,833,320,000
전파기지국 065530 기타비유동금융부채 0 0
전파기지국 065530 이연법인세부채 0 0
전파기지국 065530 비유동리스부채 0 0
전파기지국 065530 부채총계 66,229,131,321 74,174,799,114
전파기지국 065530 자본금 26,430,000,000 26,430,000,000
전파기지국 065530 자본잉여금 3,297,384,220 3,297,384,220
전파기지국 065530 자본조정 4,366,840,750 2,954,478,000
전파기지국 065530 기타포괄손익누계액 214,653,544 203,246,200
전파기지국 065530 이익잉여금(결손금) 53,269,012,512 52,653,115,868
전파기지국 065530 자본총계 78,844,209,526 79,629,268,288
전파기지국 065530 자본과부채총계 145,073,340,847 153,804,067,402
date : 2017-09-30
전파기지국 065530 유동자산 42,247,209,001 43,039,954,955
전파기지국 065530 현금및현금성자산 19,505,133,506 20,471,004,010
전파기지국 065530 매출채권 및 기타유동채권
전파기지국 065530 재고자산 0 0
전파기지국 065530 기타유동금융자산 0 0
전파기지국 065530 기타유동자산 1,682,751,622 2,133,487,818
전파기지국 065530 매각예정비유동자산 0 0
전파기지국 065530 비유동자산 97,561,862,389 110,764,112,447
전파기지국 065530 장기금융상품 0 0
전파기지국 065530 기타포괄손익-공정가치 0 0
전파기지국 065530 당기손익인식공정가치측정금융자산 0 0
전파기지국 065530 종속회사투자 0 0
전파기지국 065530 관계회사투자 0 0
전파기지국 065530 렌탈자산 0 0
전파기지국 065530 유형자산 87,502,496,170 99,228,865,053
전파기지국 065530 무형자산 1,057,016,857 1,097,037,457
전파기지국 065530 기타비유동금융자산 21,510,000 52,025,000
전파기지국 065530 기타비유동자산 6,759,209,877 8,145,336,513
전파기지국 065530 사용권자산 0 0
전파기지국 065530 이연법인세자산 0 0
전파기지국 065530 자산총계 139,809,071,390 153,804,067,402
전파기지국 065530 유동부채 36,384,788,367 46,224,435,472
전파기지국 065530 단기매입채무 0 0
전파기지국 065530 단기차입금 12,000,000,000 17,001,320,177
전파기지국 065530 유동성장기차입금 0 0
전파기지국 065530 유동성사채 0 0
전파기지국 065530 기타유동금융부채 0 0
전파기지국 065530 기타유동부채 11,436,185,596 12,615,184,286
전파기지국 065530 당기법인세부채 132,153,498 1,163,489,148
전파기지국 065530 유동리스부채 0 0
전파기지국 065530 비유동부채 24,732,933,626 27,950,363,642
전파기지국 065530 사채 0 0
전파기지국 065530 장기차입금 3,000,000,000 4,833,320,000
전파기지국 065530 기타비유동금융부채 0 0
전파기지국 065530 이연법인세부채 0 0
전파기지국 065530 비유동리스부채 0 0
전파기지국 065530 부채총계 61,117,721,993 74,174,799,114
전파기지국 065530 자본금 26,430,000,000 26,430,000,000
전파기지국 065530 자본잉여금 3,297,384,220 3,297,384,220
전파기지국 065530 자본조정 0 0
전파기지국 065530 기타포괄손익누계액 214,810,168 203,246,200
전파기지국 065530 이익잉여금(결손금) 53,729,988,759 52,653,115,868
전파기지국 065530 자본총계 78,691,349,397 79,629,268,288
전파기지국 065530 자본과부채총계 139,809,071,390 153,804,067,402
date : 2017-12-31
전파기지국 065530 유동자산 40,274,890,779 43,039,954,955
전파기지국 065530 현금및현금성자산 14,944,439,255 20,471,004,010
전파기지국 065530 매출채권 및 기타유동채권
전파기지국 065530 재고자산 0 0
전파기지국 065530 기타유동금융자산 0 0
전파기지국 065530 기타유동자산 2,154,080,542 2,133,487,818
전파기지국 065530 매각예정비유동자산 0 0
전파기지국 065530 비유동자산 95,319,058,067 110,764,112,447
전파기지국 065530 장기금융상품 0 0
전파기지국 065530 기타포괄손익-공정가치 0 0
전파기지국 065530 당기손익인식공정가치측정금융자산 0 0
전파기지국 065530 종속회사투자 0 0
전파기지국 065530 관계회사투자 0 0
전파기지국 065530 렌탈자산 0 0
전파기지국 065530 유형자산 85,538,274,755 99,228,865,053
전파기지국 065530 무형자산 1,043,676,657 1,097,037,457
전파기지국 065530 기타비유동금융자산 39,555,000 52,025,000
전파기지국 065530 기타비유동자산 6,448,803,181 8,145,336,513
전파기지국 065530 사용권자산 0 0
전파기지국 065530 이연법인세자산 0 0
전파기지국 065530 자산총계 135,593,948,846 153,804,067,402
전파기지국 065530 유동부채 45,328,724,103 46,224,435,472
전파기지국 065530 단기매입채무 0 0
전파기지국 065530 단기차입금 19,800,000,000 17,001,320,177
전파기지국 065530 유동성장기차입금 0 0
전파기지국 065530 유동성사채 0 0
전파기지국 065530 기타유동금융부채 0 0
전파기지국 065530 기타유동부채 7,280,752,720 12,615,184,286
전파기지국 065530 당기법인세부채 312,659,168 1,163,489,148
전파기지국 065530 유동리스부채 0 0
전파기지국 065530 비유동부채 14,019,109,406 27,950,363,642
전파기지국 065530 사채 0 0
전파기지국 065530 장기차입금 4,833,320,000 6,166,640,000
전파기지국 065530 기타비유동금융부채 0 0
전파기지국 065530 이연법인세부채 0 0
전파기지국 065530 비유동리스부채 0 0
전파기지국 065530 부채총계 59,347,833,509 74,174,799,114
전파기지국 065530 자본금 26,430,000,000 26,430,000,000
전파기지국 065530 자본잉여금 3,297,384,220 3,297,384,220
전파기지국 065530 자본조정 0 0
전파기지국 065530 기타포괄손익누계액 214,810,168 203,246,200
전파기지국 065530 이익잉여금(결손금) 54,216,076,149 52,653,115,868
전파기지국 065530 자본총계 76,246,115,337 79,629,268,288
전파기지국 065530 자본과부채총계 135,593,948,846 153,804,067,402
date : 2018-03-31
전파기지국 065530 유동자산 36,285,945,974 40,274,890,779
전파기지국 065530 현금및현금성자산 20,836,648,236 14,944,439,255
전파기지국 065530 매출채권 및 기타유동채권
전파기지국 065530 재고자산 0 0
전파기지국 065530 기타유동금융자산 0 0
전파기지국 065530 기타유동자산 2,304,090,079 2,154,080,542
전파기지국 065530 매각예정비유동자산 0 0
전파기지국 065530 비유동자산 91,059,682,236 95,319,058,067
전파기지국 065530 장기금융상품 0 0
전파기지국 065530 기타포괄손익-공정가치 0 0
전파기지국 065530 당기손익인식공정가치측정금융자산 0 0
전파기지국 065530 종속회사투자 0 0
전파기지국 065530 관계회사투자 0 0
전파기지국 065530 렌탈자산 0 0
전파기지국 065530 유형자산 81,548,524,722 85,538,274,755
전파기지국 065530 무형자산 1,030,336,457 1,043,676,657
전파기지국 065530 기타비유동금융자산 39,140,000 39,555,000
전파기지국 065530 기타비유동자산 6,228,096,855 6,448,803,181
전파기지국 065530 사용권자산 0 0
전파기지국 065530 이연법인세자산 0 0
전파기지국 065530 자산총계 127,345,628,210 135,593,948,846
전파기지국 065530 유동부채 34,366,741,171 45,328,724,103
전파기지국 065530 단기매입채무 0 0
전파기지국 065530 단기차입금 15,000,000,000 19,800,000,000
전파기지국 065530 유동성장기차입금 0 0
전파기지국 065530 유동성사채 0 0
전파기지국 065530 기타유동금융부채 0 0
전파기지국 065530 기타유동부채 3,300,360,644 7,280,752,720
전파기지국 065530 당기법인세부채 330,163,162 312,659,168
전파기지국 065530 유동리스부채 0 0
전파기지국 065530 비유동부채 18,932,027,500 14,019,109,406
전파기지국 065530 사채 0 0
전파기지국 065530 장기차입금 5,000,000,000 14,019,109,406
전파기지국 065530 기타비유동금융부채 0 0
전파기지국 065530 이연법인세부채 0 0
전파기지국 065530 비유동리스부채 0 0
전파기지국 065530 부채총계 53,298,768,671 59,347,833,509
전파기지국 065530 자본금 26,430,000,000 26,430,000,000
전파기지국 065530 자본잉여금 3,297,384,220 3,297,384,220
전파기지국 065530 자본조정 0 0
전파기지국 065530 기타포괄손익누계액 223,264,276 214,810,168
전파기지국 065530 이익잉여금(결손금) 52,062,186,243 54,216,076,149
전파기지국 065530 자본총계 74,046,859,539 76,246,115,337
전파기지국 065530 자본과부채총계 127,345,628,210 135,593,948,846
date : 2018-06-30
전파기지국 065530 유동자산 31,047,050,882 40,274,890,779
전파기지국 065530 현금및현금성자산 14,103,481,807 14,944,439,255
전파기지국 065530 매출채권 및 기타유동채권
전파기지국 065530 재고자산 0 0
전파기지국 065530 기타유동금융자산 14,815,000 37,200,000
전파기지국 065530 기타유동자산 3,536,967,764 2,154,080,542
전파기지국 065530 매각예정비유동자산 0 0
전파기지국 065530 비유동자산 87,329,293,378 95,319,058,067
전파기지국 065530 장기금융상품 0 0
전파기지국 065530 기타포괄손익-공정가치 0 0
전파기지국 065530 당기손익인식공정가치측정금융자산 0 0
전파기지국 065530 종속회사투자 0 0
전파기지국 065530 관계회사투자 0 0
전파기지국 065530 렌탈자산 0 0
전파기지국 065530 유형자산 79,089,420,127 85,538,274,755
전파기지국 065530 무형자산 1,337,192,990 1,043,676,657
전파기지국 065530 기타비유동금융자산 38,760,000 39,555,000
전파기지국 065530 기타비유동자산 4,566,374,276 6,448,803,181
전파기지국 065530 사용권자산 0 0
전파기지국 065530 이연법인세자산 0 0
전파기지국 065530 자산총계 118,376,344,260 135,593,948,846
전파기지국 065530 유동부채 31,935,856,388 45,328,724,103
전파기지국 065530 단기매입채무 0 0
전파기지국 065530 단기차입금 15,000,000,000 19,800,000,000
전파기지국 065530 유동성장기차입금 0 0
전파기지국 065530 유동성사채 0 0
전파기지국 065530 기타유동금융부채 0 0
전파기지국 065530 기타유동부채 4,248,345,512 7,280,752,720
전파기지국 065530 당기법인세부채 180,968,479 312,659,168
전파기지국 065530 유동리스부채 0 0
전파기지국 065530 비유동부채 17,244,300,702 14,019,109,406
전파기지국 065530 사채 0 0
전파기지국 065530 장기차입금 5,000,000,000 14,019,109,406
전파기지국 065530 기타비유동금융부채 0 0
전파기지국 065530 이연법인세부채 0 0
전파기지국 065530 비유동리스부채 0 0
전파기지국 065530 부채총계 49,180,157,090 59,347,833,509
전파기지국 065530 자본금 26,430,000,000 26,430,000,000
전파기지국 065530 자본잉여금 3,297,384,220 3,297,384,220
전파기지국 065530 자본조정 0 0
전파기지국 065530 기타포괄손익누계액 223,413,412 214,810,168
전파기지국 065530 이익잉여금(결손금) 52,174,168,608 54,216,076,149
전파기지국 065530 자본총계 69,196,187,170 76,246,115,337
전파기지국 065530 자본과부채총계 118,376,344,260 135,593,948,846
date : 2018-09-30
전파기지국 065530 유동자산 30,229,503,159 40,274,890,779
전파기지국 065530 현금및현금성자산 12,058,274,261 14,944,439,255
전파기지국 065530 매출채권 및 기타유동채권
전파기지국 065530 재고자산 0 0
전파기지국 065530 기타유동금융자산 18,825,000 37,200,000
전파기지국 065530 기타유동자산 3,511,599,072 2,154,080,542
전파기지국 065530 매각예정비유동자산 0 0
전파기지국 065530 비유동자산 88,725,542,304 95,319,058,067
전파기지국 065530 장기금융상품 0 0
전파기지국 065530 기타포괄손익-공정가치 0 0
전파기지국 065530 당기손익인식공정가치측정금융자산 0 0
전파기지국 065530 종속회사투자 0 0
전파기지국 065530 관계회사투자 0 0
전파기지국 065530 렌탈자산 0 0
전파기지국 065530 유형자산 80,577,310,167 85,538,274,755
전파기지국 065530 무형자산 1,313,603,990 1,043,676,657
전파기지국 065530 기타비유동금융자산 34,820,000 39,555,000
전파기지국 065530 기타비유동자산 4,481,763,144 6,448,803,181
전파기지국 065530 사용권자산 0 0
전파기지국 065530 이연법인세자산 0 0
전파기지국 065530 자산총계 118,955,045,463 135,593,948,846
전파기지국 065530 유동부채 32,320,007,537 45,328,724,103
전파기지국 065530 단기매입채무 0 0
전파기지국 065530 단기차입금 15,000,000,000 19,800,000,000
전파기지국 065530 유동성장기차입금 0 0
전파기지국 065530 유동성사채 0 0
전파기지국 065530 기타유동금융부채 0 0
전파기지국 065530 기타유동부채 4,258,154,651 7,280,752,720
전파기지국 065530 당기법인세부채 13,574,694 312,659,168
전파기지국 065530 유동리스부채 0 0
전파기지국 065530 비유동부채 17,216,728,811 14,019,109,406
전파기지국 065530 사채 0 0
전파기지국 065530 장기차입금 5,000,000,000 14,019,109,406
전파기지국 065530 기타비유동금융부채 0 0
전파기지국 065530 이연법인세부채 0 0
전파기지국 065530 비유동리스부채 0 0
전파기지국 065530 부채총계 49,536,736,348 59,347,833,509
전파기지국 065530 자본금 26,430,000,000 26,430,000,000
전파기지국 065530 자본잉여금 3,297,384,220 3,297,384,220
전파기지국 065530 자본조정 0 0
전파기지국 065530 기타포괄손익누계액 223,550,224 214,810,168
전파기지국 065530 이익잉여금(결손금) 52,396,153,741 54,216,076,149
전파기지국 065530 자본총계 69,418,309,115 76,246,115,337
전파기지국 065530 자본과부채총계 118,955,045,463 135,593,948,846
date : 2018-12-31
전파기지국 065530 유동자산 36,698,044,446 40,274,890,779
전파기지국 065530 현금및현금성자산 6,564,660,301 14,944,439,255
전파기지국 065530 매출채권 및 기타유동채권
전파기지국 065530 재고자산 0 0
전파기지국 065530 기타유동금융자산 5,265,000 37,200,000
전파기지국 065530 기타유동자산 3,198,995,789 2,154,080,542
전파기지국 065530 매각예정비유동자산 0 0
전파기지국 065530 비유동자산 94,113,413,190 95,319,058,067
전파기지국 065530 장기금융상품 0 0
전파기지국 065530 기타포괄손익-공정가치 0 0
전파기지국 065530 당기손익인식공정가치측정금융자산 0 0
전파기지국 065530 종속회사투자 0 0
전파기지국 065530 관계회사투자 0 0
전파기지국 065530 렌탈자산 0 0
전파기지국 065530 유형자산 86,184,766,250 85,538,274,755
전파기지국 065530 무형자산 1,288,853,990 1,043,676,657
전파기지국 065530 기타비유동금융자산 54,000,000 39,555,000
전파기지국 065530 기타비유동자산 4,301,534,329 6,448,803,181
전파기지국 065530 사용권자산 0 0
전파기지국 065530 이연법인세자산 0 0
전파기지국 065530 자산총계 130,811,457,636 135,593,948,846
전파기지국 065530 유동부채 45,925,311,370 45,328,724,103
전파기지국 065530 단기매입채무 0 0
전파기지국 065530 단기차입금 19,000,000,000 19,800,000,000
전파기지국 065530 유동성장기차입금 0 0
전파기지국 065530 유동성사채 0 0
전파기지국 065530 기타유동금융부채 0 0
전파기지국 065530 기타유동부채 4,642,622,304 7,280,752,720
전파기지국 065530 당기법인세부채 312,659,168 1,163,489,148
전파기지국 065530 유동리스부채 0 0
전파기지국 065530 비유동부채 15,042,045,667 14,019,109,406
전파기지국 065530 사채 0 0
전파기지국 065530 장기차입금 8,000,000,000 4,833,320,000
전파기지국 065530 기타비유동금융부채 0 0
전파기지국 065530 이연법인세부채 0 0
전파기지국 065530 비유동리스부채 0 0
전파기지국 065530 부채총계 60,967,357,037 59,347,833,509
전파기지국 065530 자본금 26,430,000,000 26,430,000,000
전파기지국 065530 자본잉여금 3,297,384,220 3,297,384,220
전파기지국 065530 자본조정 0 0
전파기지국 065530 기타포괄손익누계액 223,550,224 214,810,168
전파기지국 065530 이익잉여금(결손금) 52,821,945,225 54,216,076,149
전파기지국 065530 자본총계 69,844,100,599 76,246,115,337
전파기지국 065530 자본과부채총계 130,811,457,636 135,593,948,846
date : 2019-03-31
전파기지국 065530 유동자산 41,367,170,242 36,698,044,446
전파기지국 065530 현금및현금성자산 6,477,736,930 6,564,660,301
전파기지국 065530 매출채권 및 기타유동채권
전파기지국 065530 재고자산 0 0
전파기지국 065530 기타유동금융자산 5,510,000 5,265,000
전파기지국 065530 기타유동자산 2,907,001,170 3,198,995,789
전파기지국 065530 매각예정비유동자산 0 0
전파기지국 065530 비유동자산 93,902,934,627 94,113,413,190
전파기지국 065530 장기금융상품 0 0
전파기지국 065530 기타포괄손익-공정가치 0 0
전파기지국 065530 당기손익인식공정가치측정금융자산 0 0
전파기지국 065530 종속회사투자 0 0
전파기지국 065530 관계회사투자 0 0
전파기지국 065530 렌탈자산 0 0
전파기지국 065530 유형자산 82,126,137,068 86,184,766,250
전파기지국 065530 무형자산 1,264,103,990 1,288,853,990
전파기지국 065530 기타비유동금융자산 50,755,000 54,000,000
전파기지국 065530 기타비유동자산 4,114,473,693 4,301,534,329
전파기지국 065530 사용권자산 4,072,115,658 86,184,766,250
전파기지국 065530 이연법인세자산 0 0
전파기지국 065530 자산총계 135,270,104,869 130,811,457,636
전파기지국 065530 유동부채 51,371,652,305 45,925,311,370
전파기지국 065530 단기매입채무 0 0
전파기지국 065530 단기차입금 15,000,000,000 19,000,000,000
전파기지국 065530 유동성장기차입금 0 0
전파기지국 065530 유동성사채 0 0
전파기지국 065530 기타유동금융부채 0 0
전파기지국 065530 기타유동부채 4,629,879,170 4,642,622,304
전파기지국 065530 당기법인세부채 0 0
전파기지국 065530 유동리스부채 2,597,936,355 4,642,622,304
전파기지국 065530 비유동부채 15,944,503,051 15,042,045,667
전파기지국 065530 사채 0 0
전파기지국 065530 장기차입금 8,000,000,000 8,000,000,000
전파기지국 065530 기타비유동금융부채 0 0
전파기지국 065530 이연법인세부채 0 0
전파기지국 065530 비유동리스부채 1,040,501,811 8,000,000,000
전파기지국 065530 부채총계 67,316,155,356 60,967,357,037
전파기지국 065530 자본금 26,430,000,000 26,430,000,000
전파기지국 065530 자본잉여금 3,297,384,220 3,297,384,220
전파기지국 065530 자본조정 0 0
전파기지국 065530 기타포괄손익누계액 252,658,732 223,550,224
전파기지국 065530 이익잉여금(결손금) 50,902,685,631 52,821,945,225
전파기지국 065530 자본총계 67,953,949,513 69,844,100,599
전파기지국 065530 자본과부채총계 135,270,104,869 130,811,457,636
