date : 2019-03-31
녹원씨엔아이 065560 유동자산 45,566,141,292 45,093,431,799
녹원씨엔아이 065560 현금및현금성자산 1,317,934,176 6,836,580,288
녹원씨엔아이 065560 매출채권 및 기타유동채권
녹원씨엔아이 065560 기타유동금융자산 18,640,872,368 19,188,845,578
녹원씨엔아이 065560 기타유동자산 2,455,380,183 420,518,373
녹원씨엔아이 065560 재고자산 3,677,394,226 3,751,906,034
녹원씨엔아이 065560 비유동자산 62,372,157,748 62,028,611,200
녹원씨엔아이 065560 기타비유동금융자산 7,106,319,915 6,993,704,560
녹원씨엔아이 065560 유형자산 12,071,729,311 11,825,899,830
녹원씨엔아이 065560 무형자산 29,408,371,099 29,423,427,387
녹원씨엔아이 065560 자산총계 107,938,299,040 107,122,042,999
녹원씨엔아이 065560 유동부채 34,615,929,360 35,175,368,250
녹원씨엔아이 065560 단기차입금 4,617,486,237 7,429,366,538
녹원씨엔아이 065560 유동성사채 23,958,436,416 23,738,473,522
녹원씨엔아이 065560 당기법인세부채 2,485,040,397 1,803,560,168
녹원씨엔아이 065560 기타유동부채 762,500 38,157,500
녹원씨엔아이 065560 비유동부채 -134,778,600 -161,742,449
녹원씨엔아이 065560 이연법인세부채 38,334,320 38,334,320
녹원씨엔아이 065560 부채총계 34,481,150,760 35,013,625,801
녹원씨엔아이 065560 자본금 7,471,908,000 7,433,775,000
녹원씨엔아이 065560 자본잉여금 56,274,434,617 55,875,443,652
녹원씨엔아이 065560 이익잉여금(결손금) 10,255,341,458 9,343,734,341
녹원씨엔아이 065560 자본총계 73,457,148,280 72,108,417,198
녹원씨엔아이 065560 자본과부채총계 107,938,299,040 107,122,042,999
