date : 2019-03-31
큐에스아이 066310 유동자산 20,039,505,623 20,553,619,164
큐에스아이 066310 현금및현금성자산 5,612,905,838 4,284,936,327
큐에스아이 066310 매출채권 4,408,968,982 4,191,866,793
큐에스아이 066310 재고자산 5,469,255,190 4,989,938,656
큐에스아이 066310 기타유동자산 158,198,810 143,085,915
큐에스아이 066310 비유동자산 34,944,171,507 34,011,035,307
큐에스아이 066310 기타비유동금융자산 14,261,638,194 13,152,233,154
큐에스아이 066310 유형자산 11,723,427,107 11,817,283,677
큐에스아이 066310 무형자산 3,973,240,668 3,953,376,365
큐에스아이 066310 이연법인세자산 338,465,349 405,194,355
큐에스아이 066310 자산총계 54,983,677,130 54,564,654,471
큐에스아이 066310 유동부채 2,728,159,880 2,459,607,379
큐에스아이 066310 기타유동부채 158,004,783 156,412,492
큐에스아이 066310 당기법인세부채 53,659,755 0
큐에스아이 066310 비유동부채 511,758,362 378,601,289
큐에스아이 066310 부채총계 3,239,918,242 2,838,208,668
큐에스아이 066310 자본금 4,139,115,000 4,139,115,000
큐에스아이 066310 기타포괄손익누계액 -6,470,507 79,048,600
큐에스아이 066310 자본총계 51,743,758,888 51,726,445,803
큐에스아이 066310 자본과부채총계 54,983,677,130 54,564,654,471
