date : 2015-12-31
신후 066430 유동자산 11,909,990,842 2,224,240,114
신후 066430 현금및현금성자산 362,550,273 119,857,967
신후 066430 매출채권 1,390,259,025 1,739,651,781
신후 066430 재고자산 1,052,306,172 72,750,000
신후 066430 기타유동금융자산 0 0
신후 066430 기타유동자산 8,002,022,347 280,028,618
신후 066430 매각예정비유동자산 0 0
신후 066430 비유동자산 12,455,261,522 9,348,521,397
신후 066430 장기금융상품 0 0
신후 066430 기타포괄손익-공정가치 0 0
신후 066430 당기손익인식공정가치측정금융자산 0 0
신후 066430 종속회사투자 0 0
신후 066430 관계회사투자 0 0
신후 066430 렌탈자산 0 0
신후 066430 유형자산 572,880,645 7,055,435,628
신후 066430 무형자산 2,713,559,840 3,986,000
신후 066430 기타비유동금융자산 0 0
신후 066430 기타비유동자산 2,483,280,503 161,097,098
신후 066430 사용권자산 0 0
신후 066430 이연법인세자산 0 0
신후 066430 자산총계 24,365,252,364 11,572,761,511
신후 066430 유동부채 8,789,995,093 4,886,518,354
신후 066430 단기매입채무 0 0
신후 066430 단기차입금 1,448,960,629 143,400,000
신후 066430 유동성장기차입금 246,320,000 1,958,537,479
신후 066430 유동성사채 0 0
신후 066430 기타유동금융부채 0 0
신후 066430 기타유동부채 1,739,562,823 1,958,537,479
신후 066430 당기법인세부채 0 0
신후 066430 유동리스부채 0 0
신후 066430 비유동부채 1,786,182,439 470,409,651
신후 066430 사채 0 0
신후 066430 장기차입금 1,667,000,000 470,409,651
신후 066430 기타비유동금융부채 0 0
신후 066430 이연법인세부채 0 0
신후 066430 비유동리스부채 0 0
신후 066430 부채총계 10,576,177,532 5,356,928,005
신후 066430 자본금 36,475,989,477 22,254,578,359
신후 066430 자본잉여금 23,406,686,477 15,799,976,359
신후 066430 자본조정 0 0
신후 066430 기타포괄손익누계액 0 0
신후 066430 이익잉여금(결손금) -21,876,679,378 -15,123,101,389
신후 066430 자본총계 13,789,074,832 6,215,833,506
신후 066430 자본과부채총계 24,365,252,364 11,572,761,511
date : 2016-03-31
신후 066430 유동자산 12,650,306,475 11,909,990,842
신후 066430 현금및현금성자산 956,031,852 362,550,273
신후 066430 매출채권 663,476,764 1,390,259,025
신후 066430 재고자산 1,008,710,912 1,052,306,172
신후 066430 기타유동금융자산 0 0
신후 066430 기타유동자산 8,875,349,402 8,002,022,347
신후 066430 매각예정비유동자산 0 0
신후 066430 비유동자산 7,666,831,014 12,455,261,522
신후 066430 장기금융상품 0 0
신후 066430 기타포괄손익-공정가치 0 0
신후 066430 당기손익인식공정가치측정금융자산 0 0
신후 066430 종속회사투자 0 0
신후 066430 관계회사투자 0 0
신후 066430 렌탈자산 0 0
신후 066430 유형자산 539,501,271 572,880,645
신후 066430 무형자산 2,633,823,226 2,713,559,840
신후 066430 기타비유동금융자산 0 0
신후 066430 기타비유동자산 2,604,015,503 2,483,280,503
신후 066430 사용권자산 0 0
신후 066430 이연법인세자산 0 0
신후 066430 자산총계 20,317,137,489 24,365,252,364
신후 066430 유동부채 5,480,334,425 8,789,995,093
신후 066430 단기매입채무 0 0
신후 066430 단기차입금 940,577,067 1,448,960,629
신후 066430 유동성장기차입금 221,330,000 246,320,000
신후 066430 유동성사채 0 0
신후 066430 기타유동금융부채 0 0
신후 066430 기타유동부채 2,519,277,211 1,739,562,823
신후 066430 당기법인세부채 0 0
신후 066430 유동리스부채 0 0
신후 066430 비유동부채 1,773,556,231 1,786,182,439
신후 066430 사채 0 0
신후 066430 장기차입금 1,667,000,000 1,667,000,000
신후 066430 기타비유동금융부채 0 0
신후 066430 이연법인세부채 0 1,667,000,000
신후 066430 비유동리스부채 0 0
신후 066430 부채총계 7,253,890,656 10,576,177,532
신후 066430 자본금 36,637,007,494 36,475,989,477
신후 066430 자본잉여금 22,831,327,494 23,406,686,477
신후 066430 자본조정 0 0
신후 066430 기타포괄손익누계액 0 0
신후 066430 이익잉여금(결손금) -22,763,525,394 -21,876,679,378
신후 066430 자본총계 13,063,246,833 13,789,074,832
신후 066430 자본과부채총계 20,317,137,489 24,365,252,364
date : 2016-06-30
와이오엠 066430 유동자산 13,551,542,017 11,909,990,842
와이오엠 066430 현금및현금성자산 889,442,879 362,550,273
와이오엠 066430 매출채권 74,815,348 1,390,259,025
와이오엠 066430 재고자산 1,120,879,938 1,052,306,172
와이오엠 066430 기타유동금융자산 0 0
와이오엠 066430 기타유동자산 5,344,854,462 8,002,022,347
와이오엠 066430 매각예정비유동자산 0 0
와이오엠 066430 비유동자산 7,576,197,503 12,455,261,522
와이오엠 066430 장기금융상품 0 0
와이오엠 066430 기타포괄손익-공정가치 0 0
와이오엠 066430 당기손익인식공정가치측정금융자산 0 0
와이오엠 066430 종속회사투자 0 0
와이오엠 066430 관계회사투자 0 0
와이오엠 066430 렌탈자산 0 0
와이오엠 066430 유형자산 203,326,117 572,880,645
와이오엠 066430 무형자산 2,554,086,613 2,713,559,840
와이오엠 066430 기타비유동금융자산 0 0
와이오엠 066430 기타비유동자산 337,764,098 2,483,280,503
와이오엠 066430 사용권자산 0 0
와이오엠 066430 이연법인세자산 0 0
와이오엠 066430 자산총계 22,628,104,759 24,365,252,364
와이오엠 066430 유동부채 3,700,218,007 8,789,995,093
와이오엠 066430 단기매입채무 0 0
와이오엠 066430 단기차입금 940,577,067 1,448,960,629
와이오엠 066430 유동성장기차입금 188,000,000 246,320,000
와이오엠 066430 유동성사채 0 0
와이오엠 066430 기타유동금융부채 0 0
와이오엠 066430 기타유동부채 1,345,019,073 1,739,562,823
와이오엠 066430 당기법인세부채 0 0
와이오엠 066430 유동리스부채 0 0
와이오엠 066430 비유동부채 1,791,439,616 1,786,182,439
와이오엠 066430 사채 0 0
와이오엠 066430 장기차입금 1,667,000,000 1,667,000,000
와이오엠 066430 기타비유동금융부채 0 0
와이오엠 066430 이연법인세부채 0 0
와이오엠 066430 비유동리스부채 0 0
와이오엠 066430 부채총계 5,491,657,623 10,576,177,532
와이오엠 066430 자본금 42,208,624,101 36,475,989,477
와이오엠 066430 자본잉여금 26,519,178,601 23,406,686,477
와이오엠 066430 자본조정 0 0
와이오엠 066430 기타포괄손익누계액 0 0
와이오엠 066430 이익잉여금(결손금) -24,328,043,313 -21,876,679,378
와이오엠 066430 자본총계 17,136,447,136 13,789,074,832
와이오엠 066430 자본과부채총계 22,628,104,759 24,365,252,364
date : 2016-09-30
와이오엠 066430 유동자산 13,049,785,800 11,909,990,842
와이오엠 066430 현금및현금성자산 172,911,071 362,550,273
와이오엠 066430 매출채권 180,818,465 1,390,259,025
와이오엠 066430 재고자산 1,123,263,620 1,052,306,172
와이오엠 066430 기타유동금융자산 0 0
와이오엠 066430 기타유동자산 5,457,308,394 8,002,022,347
와이오엠 066430 매각예정비유동자산 0 0
와이오엠 066430 비유동자산 7,392,330,169 12,455,261,522
와이오엠 066430 장기금융상품 0 0
와이오엠 066430 기타포괄손익-공정가치 0 0
와이오엠 066430 당기손익인식공정가치측정금융자산 0 0
와이오엠 066430 종속회사투자 0 0
와이오엠 066430 관계회사투자 0 0
와이오엠 066430 렌탈자산 0 0
와이오엠 066430 유형자산 99,194,397 572,880,645
와이오엠 066430 무형자산 2,474,350,999 2,713,559,840
와이오엠 066430 기타비유동금융자산 0 0
와이오엠 066430 기타비유동자산 337,764,098 2,483,280,503
와이오엠 066430 사용권자산 0 0
와이오엠 066430 이연법인세자산 0 0
와이오엠 066430 자산총계 21,942,481,208 24,365,252,364
와이오엠 066430 유동부채 3,581,703,221 8,789,995,093
와이오엠 066430 단기매입채무 0 0
와이오엠 066430 단기차입금 1,109,090,427 1,448,960,629
와이오엠 066430 유동성장기차입금 163,000,000 246,320,000
와이오엠 066430 유동성사채 0 0
와이오엠 066430 기타유동금융부채 0 0
와이오엠 066430 기타유동부채 1,183,223,334 1,739,562,823
와이오엠 066430 당기법인세부채 0 0
와이오엠 066430 유동리스부채 0 0
와이오엠 066430 비유동부채 1,805,625,536 1,786,182,439
와이오엠 066430 사채 0 0
와이오엠 066430 장기차입금 1,667,000,000 1,667,000,000
와이오엠 066430 기타비유동금융부채 0 0
와이오엠 066430 이연법인세부채 0 0
와이오엠 066430 비유동리스부채 0 0
와이오엠 066430 부채총계 5,387,328,757 10,576,177,532
와이오엠 066430 자본금 42,208,624,101 36,475,989,477
와이오엠 066430 자본잉여금 26,519,178,601 23,406,686,477
와이오엠 066430 자본조정 0 0
와이오엠 066430 기타포괄손익누계액 0 0
와이오엠 066430 이익잉여금(결손금) -24,942,910,131 -21,876,679,378
와이오엠 066430 자본총계 16,555,152,451 13,789,074,832
와이오엠 066430 자본과부채총계 21,942,481,208 24,365,252,364
date : 2016-12-31
와이오엠 066430 유동자산 12,185,872,816 11,909,990,842
와이오엠 066430 현금및현금성자산 319,534,769 362,550,273
와이오엠 066430 매출채권 3,826,929,971 1,390,259,025
와이오엠 066430 재고자산 513,813,115 1,052,306,172
와이오엠 066430 기타유동금융자산 0 0
와이오엠 066430 기타유동자산 2,988,451,726 8,002,022,347
와이오엠 066430 매각예정비유동자산 0 0
와이오엠 066430 비유동자산 2,557,144,675 12,455,261,522
와이오엠 066430 장기금융상품 0 0
와이오엠 066430 기타포괄손익-공정가치 0 0
와이오엠 066430 당기손익인식공정가치측정금융자산 0 0
와이오엠 066430 종속회사투자 0 0
와이오엠 066430 관계회사투자 0 0
와이오엠 066430 렌탈자산 0 0
와이오엠 066430 유형자산 1,619,104,565 572,880,645
와이오엠 066430 무형자산 11,000 2,713,559,840
와이오엠 066430 기타비유동금융자산 0 0
와이오엠 066430 기타비유동자산 250,423,208 2,483,280,503
와이오엠 066430 사용권자산 0 0
와이오엠 066430 이연법인세자산 207,787,095 2,483,280,503
와이오엠 066430 자산총계 14,743,017,491 24,365,252,364
와이오엠 066430 유동부채 5,374,362,161 8,789,995,093
와이오엠 066430 단기매입채무 0 0
와이오엠 066430 단기차입금 3,063,455,771 1,448,960,629
와이오엠 066430 유동성장기차입금 246,320,000 1,739,562,823
와이오엠 066430 유동성사채 0 0
와이오엠 066430 기타유동금융부채 0 0
와이오엠 066430 기타유동부채 1,079,168,605 1,739,562,823
와이오엠 066430 당기법인세부채 0 0
와이오엠 066430 유동리스부채 0 0
와이오엠 066430 비유동부채 19,804,360 1,786,182,439
와이오엠 066430 사채 0 0
와이오엠 066430 장기차입금 1,667,000,000 1,786,182,439
와이오엠 066430 기타비유동금융부채 0 0
와이오엠 066430 이연법인세부채 0 0
와이오엠 066430 비유동리스부채 0 0
와이오엠 066430 부채총계 5,394,166,521 10,576,177,532
와이오엠 066430 자본금 43,077,691,980 36,475,989,477
와이오엠 066430 자본잉여금 27,388,246,480 23,406,686,477
와이오엠 066430 자본조정 0 0
와이오엠 066430 기타포괄손익누계액 0 0
와이오엠 066430 이익잉여금(결손금) -33,051,851,625 -21,876,679,378
와이오엠 066430 자본총계 9,348,850,970 13,789,074,832
와이오엠 066430 자본과부채총계 14,743,017,491 24,365,252,364
date : 2017-03-31
와이오엠 066430 유동자산 10,974,922,728 12,185,872,816
와이오엠 066430 현금및현금성자산 712,923,650 319,534,769
와이오엠 066430 매출채권 4,794,302,458 3,826,929,971
와이오엠 066430 재고자산 603,756,259 513,813,115
와이오엠 066430 기타유동금융자산 0 0
와이오엠 066430 기타유동자산 3,039,094,056 2,988,451,726
와이오엠 066430 매각예정비유동자산 0 0
와이오엠 066430 비유동자산 2,354,263,224 2,557,144,675
와이오엠 066430 장기금융상품 0 0
와이오엠 066430 기타포괄손익-공정가치 0 0
와이오엠 066430 당기손익인식공정가치측정금융자산 0 0
와이오엠 066430 종속회사투자 0 0
와이오엠 066430 관계회사투자 0 0
와이오엠 066430 렌탈자산 0 0
와이오엠 066430 유형자산 1,554,222,180 1,619,104,565
와이오엠 066430 무형자산 11,000 11,000
와이오엠 066430 기타비유동금융자산 0 0
와이오엠 066430 기타비유동자산 250,423,208 250,423,208
와이오엠 066430 사용권자산 0 0
와이오엠 066430 이연법인세자산 207,787,095 207,787,095
와이오엠 066430 자산총계 13,329,185,952 14,743,017,491
와이오엠 066430 유동부채 3,803,072,485 5,374,362,161
와이오엠 066430 단기매입채무 0 0
와이오엠 066430 단기차입금 1,508,695,933 3,063,455,771
와이오엠 066430 유동성장기차입금 246,320,000 1,079,168,605
와이오엠 066430 유동성사채 0 0
와이오엠 066430 기타유동금융부채 0 0
와이오엠 066430 기타유동부채 855,900,128 1,079,168,605
와이오엠 066430 당기법인세부채 0 0
와이오엠 066430 유동리스부채 0 0
와이오엠 066430 비유동부채 19,804,360 19,804,360
와이오엠 066430 사채 0 0
와이오엠 066430 장기차입금 1,667,000,000 19,804,360
와이오엠 066430 기타비유동금융부채 0 0
와이오엠 066430 이연법인세부채 0 0
와이오엠 066430 비유동리스부채 0 0
와이오엠 066430 부채총계 3,822,876,845 5,394,166,521
와이오엠 066430 자본금 43,344,079,560 43,077,691,980
와이오엠 066430 자본잉여금 27,654,634,060 27,388,246,480
와이오엠 066430 자본조정 0 0
와이오엠 066430 기타포괄손익누계액 0 0
와이오엠 066430 이익잉여금(결손금) -32,922,126,989 -33,051,851,625
와이오엠 066430 자본총계 9,506,309,107 9,348,850,970
와이오엠 066430 자본과부채총계 13,329,185,952 14,743,017,491
date : 2017-06-30
와이오엠 066430 유동자산 11,323,437,752 12,185,872,816
와이오엠 066430 현금및현금성자산 671,121,478 319,534,769
와이오엠 066430 매출채권 5,334,982,197 3,826,929,971
와이오엠 066430 재고자산 727,009,223 513,813,115
와이오엠 066430 기타유동금융자산 0 0
와이오엠 066430 기타유동자산 239,114,450 261,657,284
와이오엠 066430 매각예정비유동자산 0 0
와이오엠 066430 비유동자산 2,267,725,814 2,557,144,675
와이오엠 066430 장기금융상품 0 0
와이오엠 066430 기타포괄손익-공정가치 0 0
와이오엠 066430 당기손익인식공정가치측정금융자산 0 0
와이오엠 066430 종속회사투자 0 0
와이오엠 066430 관계회사투자 0 0
와이오엠 066430 렌탈자산 0 0
와이오엠 066430 유형자산 1,504,512,621 1,619,104,565
와이오엠 066430 무형자산 0 11,000
와이오엠 066430 기타비유동금융자산 0 0
와이오엠 066430 기타비유동자산 0 0
와이오엠 066430 사용권자산 0 0
와이오엠 066430 이연법인세자산 207,787,095 207,787,095
와이오엠 066430 자산총계 13,591,163,566 14,743,017,491
와이오엠 066430 유동부채 2,461,265,718 5,495,299,819
와이오엠 066430 단기매입채무 0 0
와이오엠 066430 단기차입금 6,000,000 3,063,455,771
와이오엠 066430 유동성장기차입금 0 0
와이오엠 066430 유동성사채 0 0
와이오엠 066430 기타유동금융부채 0 0
와이오엠 066430 기타유동부채 18,729,560 106,634,756
와이오엠 066430 당기법인세부채 62,225,838 0
와이오엠 066430 유동리스부채 0 0
와이오엠 066430 비유동부채 193,622,021 19,804,360
와이오엠 066430 사채 0 0
와이오엠 066430 장기차입금 0 0
와이오엠 066430 기타비유동금융부채 0 0
와이오엠 066430 이연법인세부채 0 0
와이오엠 066430 비유동리스부채 0 0
와이오엠 066430 부채총계 2,654,887,739 5,515,104,179
와이오엠 066430 자본금 43,998,472,351 42,208,624,101
와이오엠 066430 자본잉여금 38,551,528,351 26,519,178,601
와이오엠 066430 자본조정 0 0
와이오엠 066430 기타포괄손익누계액 0 0
와이오엠 066430 이익잉여금(결손금) 0 0
와이오엠 066430 자본총계 0 0
와이오엠 066430 자본과부채총계 0 0
date : 2017-09-30
와이오엠 066430 유동자산 10,452,507,465 12,185,872,816
와이오엠 066430 현금및현금성자산 2,673,033,544 319,534,769
와이오엠 066430 매출채권 5,745,182,845 3,826,929,971
와이오엠 066430 재고자산 1,031,927,149 513,813,115
와이오엠 066430 기타유동금융자산 0 0
와이오엠 066430 기타유동자산 173,580,790 261,657,284
와이오엠 066430 매각예정비유동자산 0 0
와이오엠 066430 비유동자산 2,069,072,708 2,557,144,675
와이오엠 066430 장기금융상품 0 0
와이오엠 066430 기타포괄손익-공정가치 0 0
와이오엠 066430 당기손익인식공정가치측정금융자산 0 0
와이오엠 066430 종속회사투자 0 0
와이오엠 066430 관계회사투자 0 0
와이오엠 066430 렌탈자산 0 0
와이오엠 066430 유형자산 1,455,007,912 1,619,104,565
와이오엠 066430 무형자산 0 11,000
와이오엠 066430 기타비유동금융자산 0 0
와이오엠 066430 기타비유동자산 0 0
와이오엠 066430 사용권자산 0 0
와이오엠 066430 이연법인세자산 207,787,095 207,787,095
와이오엠 066430 자산총계 12,521,580,173 14,743,017,491
와이오엠 066430 유동부채 3,478,282,636 5,495,299,819
와이오엠 066430 단기매입채무 0 0
와이오엠 066430 단기차입금 12,276,000 3,063,455,771
와이오엠 066430 유동성장기차입금 0 0
와이오엠 066430 유동성사채 0 0
와이오엠 066430 기타유동금융부채 0 0
와이오엠 066430 기타유동부채 26,554,367 106,634,756
와이오엠 066430 당기법인세부채 5,662,048 0
와이오엠 066430 유동리스부채 0 0
와이오엠 066430 비유동부채 173,380,420 19,804,360
와이오엠 066430 사채 0 0
와이오엠 066430 장기차입금 0 0
와이오엠 066430 기타비유동금융부채 0 0
와이오엠 066430 이연법인세부채 0 0
와이오엠 066430 비유동리스부채 0 0
와이오엠 066430 부채총계 3,651,663,056 5,515,104,179
와이오엠 066430 자본금 5,446,944,000 15,689,445,500
와이오엠 066430 자본잉여금 38,551,528,351 26,519,178,601
와이오엠 066430 자본조정 0 0
와이오엠 066430 기타포괄손익누계액 0 0
와이오엠 066430 이익잉여금(결손금) 0 0
와이오엠 066430 자본총계 8,869,917,117 9,227,913,312
와이오엠 066430 자본과부채총계 0 0
date : 2017-12-31
와이오엠 066430 유동자산 10,669,973,892 12,185,872,816
와이오엠 066430 현금및현금성자산 2,337,944,335 319,534,769
와이오엠 066430 매출채권 6,157,577,457 3,826,929,971
와이오엠 066430 재고자산 1,185,720,102 513,813,115
와이오엠 066430 기타유동금융자산 0 0
와이오엠 066430 기타유동자산 145,013,181 261,657,284
와이오엠 066430 매각예정비유동자산 0 0
와이오엠 066430 비유동자산 3,504,416,691 2,557,144,675
와이오엠 066430 장기금융상품 0 0
와이오엠 066430 기타포괄손익-공정가치 0 0
와이오엠 066430 당기손익인식공정가치측정금융자산 0 0
와이오엠 066430 종속회사투자 0 0
와이오엠 066430 관계회사투자 0 0
와이오엠 066430 렌탈자산 0 0
와이오엠 066430 유형자산 2,930,868,352 1,619,104,565
와이오엠 066430 무형자산 0 11,000
와이오엠 066430 기타비유동금융자산 0 0
와이오엠 066430 기타비유동자산 0 0
와이오엠 066430 사용권자산 0 0
와이오엠 066430 이연법인세자산 210,091,051 207,787,095
와이오엠 066430 자산총계 14,174,390,583 14,743,017,491
와이오엠 066430 유동부채 4,799,615,172 5,495,299,819
와이오엠 066430 단기매입채무 0 0
와이오엠 066430 단기차입금 6,000,000 3,063,455,771
와이오엠 066430 유동성장기차입금 246,320,000 3,063,455,771
와이오엠 066430 유동성사채 0 0
와이오엠 066430 기타유동금융부채 0 0
와이오엠 066430 기타유동부채 26,699,117 106,634,756
와이오엠 066430 당기법인세부채 150,496,153 0
와이오엠 066430 유동리스부채 0 0
와이오엠 066430 비유동부채 15,130,420 19,804,360
와이오엠 066430 사채 0 0
와이오엠 066430 장기차입금 1,667,000,000 19,804,360
와이오엠 066430 기타비유동금융부채 0 0
와이오엠 066430 이연법인세부채 0 0
와이오엠 066430 비유동리스부채 0 0
와이오엠 066430 부채총계 4,814,745,592 5,515,104,179
와이오엠 066430 자본금 5,781,767,000 15,689,445,500
와이오엠 066430 자본잉여금 39,349,255,847 26,519,178,601
와이오엠 066430 자본조정 0 0
와이오엠 066430 기타포괄손익누계액 0 0
와이오엠 066430 이익잉여금(결손금) 0 0
와이오엠 066430 자본총계 9,359,644,991 9,227,913,312
와이오엠 066430 자본과부채총계 0 0
date : 2018-03-31
와이오엠 066430 유동자산 10,251,562,962 10,669,973,892
와이오엠 066430 현금및현금성자산 1,640,996,206 2,337,944,335
와이오엠 066430 매출채권 6,818,542,012 6,157,577,457
와이오엠 066430 재고자산 794,631,913 1,185,720,102
와이오엠 066430 기타유동금융자산 0 0
와이오엠 066430 기타유동자산 166,325,384 145,013,181
와이오엠 066430 매각예정비유동자산 0 0
와이오엠 066430 비유동자산 3,754,690,878 3,504,416,691
와이오엠 066430 장기금융상품 0 0
와이오엠 066430 기타포괄손익-공정가치 0 0
와이오엠 066430 당기손익인식공정가치측정금융자산 0 0
와이오엠 066430 종속회사투자 0 0
와이오엠 066430 관계회사투자 0 0
와이오엠 066430 렌탈자산 0 0
와이오엠 066430 유형자산 3,159,390,543 2,930,868,352
와이오엠 066430 무형자산 0 0
와이오엠 066430 기타비유동금융자산 0 0
와이오엠 066430 기타비유동자산 0 0
와이오엠 066430 사용권자산 0 0
와이오엠 066430 이연법인세자산 210,091,051 210,091,051
와이오엠 066430 자산총계 14,006,253,840 14,174,390,583
와이오엠 066430 유동부채 4,474,251,693 4,799,615,172
와이오엠 066430 단기매입채무 0 0
와이오엠 066430 단기차입금 6,000,000 6,000,000
와이오엠 066430 유동성장기차입금 0 0
와이오엠 066430 유동성사채 0 0
와이오엠 066430 기타유동금융부채 0 0
와이오엠 066430 기타유동부채 21,808,570 26,699,117
와이오엠 066430 당기법인세부채 150,496,153 150,496,153
와이오엠 066430 유동리스부채 0 0
와이오엠 066430 비유동부채 5,000,000 15,130,420
와이오엠 066430 사채 0 0
와이오엠 066430 장기차입금 0 0
와이오엠 066430 기타비유동금융부채 0 0
와이오엠 066430 이연법인세부채 0 0
와이오엠 066430 비유동리스부채 0 0
와이오엠 066430 부채총계 4,479,251,693 4,814,745,592
와이오엠 066430 자본금 5,781,767,000 5,781,767,000
와이오엠 066430 자본잉여금 4,238,180,228 39,349,255,847
와이오엠 066430 자본조정 0 0
와이오엠 066430 기타포괄손익누계액 0 0
와이오엠 066430 이익잉여금(결손금) 0 0
와이오엠 066430 자본총계 0 0
와이오엠 066430 자본과부채총계 0 0
date : 2018-06-30
와이오엠 066430 유동자산 24,596,817,105 10,669,973,892
와이오엠 066430 현금및현금성자산 2,987,718,279 2,337,944,335
와이오엠 066430 매출채권 6,324,261,145 6,157,577,457
와이오엠 066430 재고자산 964,873,289 1,185,720,102
와이오엠 066430 기타유동금융자산 0 0
와이오엠 066430 기타유동자산 37,716,642 145,013,181
와이오엠 066430 매각예정비유동자산 0 0
와이오엠 066430 비유동자산 17,173,351,875 3,504,416,691
와이오엠 066430 장기금융상품 0 0
와이오엠 066430 기타포괄손익-공정가치 0 0
와이오엠 066430 당기손익인식공정가치측정금융자산 0 0
와이오엠 066430 종속회사투자 0 0
와이오엠 066430 관계회사투자 0 0
와이오엠 066430 렌탈자산 0 0
와이오엠 066430 유형자산 6,010,316,414 2,930,868,352
와이오엠 066430 무형자산 126,500,000 0
와이오엠 066430 기타비유동금융자산 0 0
와이오엠 066430 기타비유동자산 0 0
와이오엠 066430 사용권자산 0 0
와이오엠 066430 이연법인세자산 5,794,865,850 210,091,051
와이오엠 066430 자산총계 41,770,168,980 14,174,390,583
와이오엠 066430 유동부채 52,687,444,069 4,799,615,172
와이오엠 066430 단기매입채무 0 0
와이오엠 066430 단기차입금 7,980,000 6,000,000
와이오엠 066430 유동성장기차입금 0 0
와이오엠 066430 유동성사채 0 0
와이오엠 066430 기타유동금융부채 0 0
와이오엠 066430 기타유동부채 22,338,197 26,699,117
와이오엠 066430 당기법인세부채 84,573,075 150,496,153
와이오엠 066430 유동리스부채 0 0
와이오엠 066430 비유동부채 38,300,000 15,130,420
와이오엠 066430 사채 0 0
와이오엠 066430 장기차입금 0 0
와이오엠 066430 기타비유동금융부채 0 0
와이오엠 066430 이연법인세부채 0 0
와이오엠 066430 비유동리스부채 0 0
와이오엠 066430 부채총계 52,725,744,069 4,814,745,592
와이오엠 066430 자본금 5,781,767,000 5,781,767,000
와이오엠 066430 자본잉여금 4,504,567,808 39,349,255,847
와이오엠 066430 자본조정 0 0
와이오엠 066430 기타포괄손익누계액 0 0
와이오엠 066430 이익잉여금(결손금) -20,315,220,080 -35,111,075,619
와이오엠 066430 자본총계 0 0
와이오엠 066430 자본과부채총계 0 0
date : 2018-09-30
와이오엠 066430 유동자산 22,902,742,532 10,669,973,892
와이오엠 066430 현금및현금성자산 2,446,506,500 2,337,944,335
와이오엠 066430 매출채권 6,165,537,660 6,157,577,457
와이오엠 066430 재고자산 1,023,152,493 1,185,720,102
와이오엠 066430 기타유동금융자산 0 0
와이오엠 066430 기타유동자산 225,897,248 145,013,181
와이오엠 066430 매각예정비유동자산 0 0
와이오엠 066430 비유동자산 13,183,518,837 3,504,416,691
와이오엠 066430 장기금융상품 0 0
와이오엠 066430 기타포괄손익-공정가치 0 0
와이오엠 066430 당기손익인식공정가치측정금융자산 0 0
와이오엠 066430 종속회사투자 0 0
와이오엠 066430 관계회사투자 0 0
와이오엠 066430 렌탈자산 0 0
와이오엠 066430 유형자산 6,948,598,313 2,930,868,352
와이오엠 066430 무형자산 129,026,990 0
와이오엠 066430 기타비유동금융자산 0 0
와이오엠 066430 기타비유동자산 0 0
와이오엠 066430 사용권자산 0 0
와이오엠 066430 이연법인세자산 791,124,521 210,091,051
와이오엠 066430 자산총계 36,086,261,369 14,174,390,583
와이오엠 066430 유동부채 29,158,049,055 4,799,615,172
와이오엠 066430 단기매입채무 0 0
와이오엠 066430 단기차입금 6,000,000 6,000,000
와이오엠 066430 유동성장기차입금 0 0
와이오엠 066430 유동성사채 0 0
와이오엠 066430 기타유동금융부채 0 0
와이오엠 066430 기타유동부채 44,742,407 26,699,117
와이오엠 066430 당기법인세부채 38,137,504 150,496,153
와이오엠 066430 유동리스부채 0 0
와이오엠 066430 비유동부채 38,300,000 15,130,420
와이오엠 066430 사채 0 0
와이오엠 066430 장기차입금 0 0
와이오엠 066430 기타비유동금융부채 0 0
와이오엠 066430 이연법인세부채 0 0
와이오엠 066430 비유동리스부채 0 0
와이오엠 066430 부채총계 29,196,349,055 4,814,745,592
와이오엠 066430 자본금 5,781,767,000 5,781,767,000
와이오엠 066430 자본잉여금 4,504,567,808 39,349,255,847
와이오엠 066430 자본조정 0 0
와이오엠 066430 기타포괄손익누계액 0 0
와이오엠 066430 이익잉여금(결손금) -2,469,732,677 -35,111,075,619
와이오엠 066430 자본총계 0 0
와이오엠 066430 자본과부채총계 0 0
date : 2018-12-31
와이오엠 066430 유동자산 17,700,061,574 10,669,973,892
와이오엠 066430 현금및현금성자산 517,894,718 2,337,944,335
와이오엠 066430 매출채권 4,955,510,626 6,157,577,457
와이오엠 066430 재고자산 996,598,189 1,185,720,102
와이오엠 066430 기타유동금융자산 0 0
와이오엠 066430 기타유동자산 320,590,410 145,013,181
와이오엠 066430 매각예정비유동자산 0 0
와이오엠 066430 비유동자산 21,099,667,262 3,504,416,691
와이오엠 066430 장기금융상품 0 0
와이오엠 066430 기타포괄손익-공정가치 0 0
와이오엠 066430 당기손익인식공정가치측정금융자산 0 0
와이오엠 066430 종속회사투자 0 0
와이오엠 066430 관계회사투자 0 0
와이오엠 066430 렌탈자산 0 0
와이오엠 066430 유형자산 15,002,345,548 2,930,868,352
와이오엠 066430 무형자산 129,026,990 0
와이오엠 066430 기타비유동금융자산 0 0
와이오엠 066430 기타비유동자산 0 0
와이오엠 066430 사용권자산 0 0
와이오엠 066430 이연법인세자산 808,534,597 210,091,051
와이오엠 066430 자산총계 38,799,728,836 14,174,390,583
와이오엠 066430 유동부채 32,424,026,683 4,799,615,172
와이오엠 066430 단기매입채무 0 0
와이오엠 066430 단기차입금 5,236,617,000 6,000,000
와이오엠 066430 유동성장기차입금 0 0
와이오엠 066430 유동성사채 0 0
와이오엠 066430 기타유동금융부채 0 0
와이오엠 066430 기타유동부채 37,119,520 26,699,117
와이오엠 066430 당기법인세부채 79,256,990 150,496,153
와이오엠 066430 유동리스부채 0 0
와이오엠 066430 비유동부채 109,321,160 15,130,420
와이오엠 066430 사채 0 0
와이오엠 066430 장기차입금 0 0
와이오엠 066430 기타비유동금융부채 0 0
와이오엠 066430 이연법인세부채 0 0
와이오엠 066430 비유동리스부채 0 0
와이오엠 066430 부채총계 32,533,347,843 4,814,745,592
와이오엠 066430 자본금 5,781,767,000 5,781,767,000
와이오엠 066430 자본잉여금 4,504,567,808 39,349,255,847
와이오엠 066430 자본조정 0 0
와이오엠 066430 기타포괄손익누계액 0 0
와이오엠 066430 이익잉여금(결손금) -3,093,263,998 -35,111,075,619
와이오엠 066430 자본총계 6,266,380,993 9,359,644,991
와이오엠 066430 자본과부채총계 0 0
date : 2019-03-31
와이오엠 066430 유동자산 20,175,026,113 17,700,061,574
와이오엠 066430 현금및현금성자산 1,068,896,433 517,894,718
와이오엠 066430 매출채권 6,328,457,037 4,955,510,626
와이오엠 066430 재고자산 1,697,102,385 996,598,189
와이오엠 066430 기타유동금융자산 0 0
와이오엠 066430 기타유동자산 82,973,753 320,590,410
와이오엠 066430 매각예정비유동자산 0 0
와이오엠 066430 비유동자산 21,813,269,532 21,099,667,262
와이오엠 066430 장기금융상품 0 0
와이오엠 066430 기타포괄손익-공정가치 0 0
와이오엠 066430 당기손익인식공정가치측정금융자산 0 0
와이오엠 066430 종속회사투자 0 0
와이오엠 066430 관계회사투자 0 0
와이오엠 066430 렌탈자산 0 0
와이오엠 066430 유형자산 15,273,112,242 15,002,345,548
와이오엠 066430 무형자산 129,026,990 129,026,990
와이오엠 066430 기타비유동금융자산 0 0
와이오엠 066430 기타비유동자산 0 0
와이오엠 066430 사용권자산 330,468,862 0
와이오엠 066430 이연법인세자산 785,951,236 808,534,597
와이오엠 066430 자산총계 41,988,295,645 38,799,728,836
와이오엠 066430 유동부채 35,155,148,106 32,424,026,683
와이오엠 066430 단기매입채무 0 0
와이오엠 066430 단기차입금 7,904,871,240 5,236,617,000
와이오엠 066430 유동성장기차입금 0 0
와이오엠 066430 유동성사채 0 0
와이오엠 066430 기타유동금융부채 0 0
와이오엠 066430 기타유동부채 21,095,817 37,119,520
와이오엠 066430 당기법인세부채 91,438,219 79,256,990
와이오엠 066430 유동리스부채 87,712,785 0
와이오엠 066430 비유동부채 412,338,498 109,321,160
와이오엠 066430 사채 0 0
와이오엠 066430 장기차입금 0 0
와이오엠 066430 기타비유동금융부채 0 0
와이오엠 066430 이연법인세부채 0 0
와이오엠 066430 비유동리스부채 243,113,915 0
와이오엠 066430 부채총계 35,567,486,604 32,533,347,843
와이오엠 066430 자본금 5,781,767,000 5,781,767,000
와이오엠 066430 자본잉여금 4,504,567,808 4,504,567,808
와이오엠 066430 자본조정 0 0
와이오엠 066430 기타포괄손익누계액 0 0
와이오엠 066430 이익잉여금(결손금) -2,938,835,950 -3,093,263,998
와이오엠 066430 자본총계 6,420,809,041 6,266,380,993
와이오엠 066430 자본과부채총계 0 0
