date : 2019-03-31
손오공 066910 유동자산 26,089,681,748 31,353,173,529
손오공 066910 현금및현금성자산 742,762,511 783,160,771
손오공 066910 매출채권 및 기타채권
손오공 066910 재고자산 13,702,710,392 14,801,259,561
손오공 066910 기타유동자산 423,470,441 472,473,448
손오공 066910 비유동자산 4,708,426,154 2,539,858,406
손오공 066910 유형자산 2,321,847,233 327,780,838
손오공 066910 무형자산 166,404,073 147,477,281
손오공 066910 자산총계 30,798,107,902 33,893,031,935
손오공 066910 유동부채 12,312,233,668 17,889,273,449
손오공 066910 기타유동부채 12,605,278 26,781,209
손오공 066910 비유동부채 2,025,910,126 0
손오공 066910 부채총계 14,338,143,794 17,889,273,449
손오공 066910 자본금 10,948,080,500 10,948,080,500
손오공 066910 자본잉여금 56,736,738,970 56,736,738,970
손오공 066910 이익잉여금(결손금) -50,978,240,312 -51,434,445,934
손오공 066910 자본총계 16,459,964,108 16,003,758,486
손오공 066910 자본과부채총계 30,798,107,902 33,893,031,935
