date : 2019-03-31
아프리카TV 067160 유동자산 99,958,572,731 90,756,750,028
아프리카TV 067160 현금및현금성자산 34,489,316,382 29,590,903,231
아프리카TV 067160 매출채권 및 기타채권
아프리카TV 067160 기타유동자산 1,020,428,003 1,249,031,161
아프리카TV 067160 비유동자산 68,724,783,523 65,790,538,120
아프리카TV 067160 기타포괄손익-공정가치 금융자산 3,806,217,462
아프리카TV 067160 유형자산 17,000,797,719 17,607,934,364
아프리카TV 067160 사용권자산 3,202,986,450 0
아프리카TV 067160 무형자산 1,923,487,689 1,955,702,645
아프리카TV 067160 기타비유동자산 0 55,762,742
아프리카TV 067160 이연법인세자산 1,707,333,173 1,707,333,173
아프리카TV 067160 자산총계 168,683,356,254 156,547,288,148
아프리카TV 067160 유동부채 64,322,618,517 58,976,257,389
아프리카TV 067160 기타유동부채 8,519,620,049 7,989,210,888
아프리카TV 067160 당기법인세부채 6,560,299,423 4,502,267,572
아프리카TV 067160 비유동부채 3,206,562,660 0
아프리카TV 067160 비유동리스부채 3,018,649,340 0
아프리카TV 067160 부채총계 67,529,181,177 58,976,257,389
아프리카TV 067160 자본금 5,747,383,500 5,747,383,500
아프리카TV 067160 자본잉여금 48,008,003,643 48,008,003,643
아프리카TV 067160 기타포괄손익누계액 -2,337,479,235 -2,337,479,235
아프리카TV 067160 이익잉여금(결손금) 54,939,802,656 51,695,743,595
아프리카TV 067160 자본총계 101,154,175,077 97,571,030,759
아프리카TV 067160 자본과부채총계 168,683,356,254 156,547,288,148
