date : 2019-03-31
엔브이에이치코리아 067570 유동자산 65,434,047,289 71,446,408,875
엔브이에이치코리아 067570 현금및현금성자산 3,742,915,025 184,479,894
엔브이에이치코리아 067570 매출채권 35,370,991,918 37,340,952,678
엔브이에이치코리아 067570 재고자산 868,855,044 1,014,144,851
엔브이에이치코리아 067570 기타유동자산 15,483,399,339 13,568,403,452
엔브이에이치코리아 067570 비유동자산 278,196,693,556 273,779,522,350
엔브이에이치코리아 067570 유형자산 49,288,613,474 52,511,120,918
엔브이에이치코리아 067570 사용권자산 194,803,492 0
엔브이에이치코리아 067570 무형자산 4,406,044,501 4,314,799,409
엔브이에이치코리아 067570 이연법인세자산 1,159,100,561 887,477,176
엔브이에이치코리아 067570 기타비유동자산 111,162,559 114,672,956
엔브이에이치코리아 067570 기타포괄손익-공정가치 측정 금융자산
엔브이에이치코리아 067570 기타비유동금융자산 130,000,000 130,000,000
엔브이에이치코리아 067570 자산총계 343,630,740,845 345,225,931,225
엔브이에이치코리아 067570 유동부채 157,886,865,090 164,036,787,474
엔브이에이치코리아 067570 단기차입금 60,935,520,000 42,395,890,000
엔브이에이치코리아 067570 유동성장기차입금 7,613,400,000 6,554,300,000
엔브이에이치코리아 067570 유동리스부채 99,552,134 0
엔브이에이치코리아 067570 기타유동부채 25,844,321 485,379,676
엔브이에이치코리아 067570 당기법인세부채 262,489,905 262,489,905
엔브이에이치코리아 067570 비유동부채 46,052,444,365 42,725,772,776
엔브이에이치코리아 067570 장기차입금 25,900,000,000 22,200,000,000
엔브이에이치코리아 067570 비유동리스부채 95,268,974 0
엔브이에이치코리아 067570 부채총계 203,939,309,455 206,762,560,250
엔브이에이치코리아 067570 자본금 14,361,111,000 14,361,111,000
엔브이에이치코리아 067570 기타포괄손익누계액 18,227,325,402 16,455,286,246
엔브이에이치코리아 067570 이익잉여금(결손금) 81,772,254,360 82,316,233,101
엔브이에이치코리아 067570 자본총계 139,691,431,390 138,463,370,975
엔브이에이치코리아 067570 자본과부채총계 343,630,740,845 345,225,931,225
