date : 2019-03-31
세진티에스 067770 유동자산 21,614,370,968 21,447,174,877
세진티에스 067770 현금및현금성자산 290,133,878 657,404,002
세진티에스 067770 매출채권 및 기타유동채권
세진티에스 067770 매출채권 2,631,279,142 1,438,619,134
세진티에스 067770 재고자산 116,157,290 137,660,337
세진티에스 067770 기타유동자산 8,419,237 16,969,580
세진티에스 067770 비유동자산 19,034,641,649 19,210,121,280
세진티에스 067770 장기금융상품 0 0
세진티에스 067770 기타비유동금융자산 9,488,755 9,404,931
세진티에스 067770 유형자산 9,138,850,381 9,314,413,836
세진티에스 067770 무형자산 493,875,810 493,875,810
세진티에스 067770 자산총계 40,649,012,617 40,657,296,157
세진티에스 067770 유동부채 1,281,284,403 1,527,751,132
세진티에스 067770 단기매입채무 399,090,700 515,366,175
세진티에스 067770 단기차입금 0 0
세진티에스 067770 기타유동부채 17,044,900 32,934,422
세진티에스 067770 비유동부채 0 0
세진티에스 067770 부채총계 1,281,284,403 1,527,751,132
세진티에스 067770 자본금 4,198,296,500 4,198,296,500
세진티에스 067770 자본잉여금 13,062,874,375 13,062,874,375
세진티에스 067770 이익잉여금(결손금) 22,418,631,172 22,180,513,366
세진티에스 067770 기타포괄손익누계액 92,629 27,246
세진티에스 067770 자본총계 39,367,728,214 39,129,545,025
세진티에스 067770 자본과부채총계 40,649,012,617 40,657,296,157
