date : 2019-03-31
로지시스 067730 유동자산 16,225,994,876 18,875,053,027
로지시스 067730 현금및현금성자산 8,348,406,097 12,322,354,661
로지시스 067730 매출채권 4,783,210,422 4,367,170,039
로지시스 067730 재고자산 1,027,672,867 619,836,904
로지시스 067730 기타유동자산 689,845,907 641,741,682
로지시스 067730 비유동자산 8,590,604,058 7,071,247,707
로지시스 067730 기타포괄손익-공정가치 측정 금융자산
로지시스 067730 기타포괄손익-공정가치 측정 지정
로지시스 067730 유형자산 1,142,267,693 1,198,274,551
로지시스 067730 사용권자산 1,309,485,785 0
로지시스 067730 무형자산 188,902,900 189,907,600
로지시스 067730 이연법인세자산 332,014,049 358,961,843
로지시스 067730 자산총계 24,816,598,934 25,946,300,734
로지시스 067730 유동부채 6,816,387,212 8,155,623,893
로지시스 067730 단기매입채무 610,031,250 2,370,034,469
로지시스 067730 당기법인세부채 164,531,377 136,892,867
로지시스 067730 유동리스부채 533,781,070 0
로지시스 067730 비유동부채 1,955,702,318 1,011,230,277
로지시스 067730 비유동리스부채 780,561,896 0
로지시스 067730 부채총계 8,772,089,530 9,166,854,170
로지시스 067730 자본금 4,670,461,000 4,670,461,000
로지시스 067730 자본잉여금 4,117,027,076 4,117,027,076
로지시스 067730 기타포괄손익누계액 -159,172,833 -345,741,033
로지시스 067730 이익잉여금(결손금) 6,874,889,161 7,837,424,947
로지시스 067730 자본총계 16,044,509,404 16,779,446,564
로지시스 067730 자본과부채총계 24,816,598,934 25,946,300,734
