date : 2015-12-31
도이치모터스 067990 유동자산 100,796,153,179 67,450,534,623
도이치모터스 067990 현금및현금성자산 15,532,720,254 10,213,977,927
도이치모터스 067990 매출채권 및 기타유동채권
도이치모터스 067990 재고자산 42,096,306,879 25,291,545,679
도이치모터스 067990 기타유동금융자산 10,840,030,841 200,000,000
도이치모터스 067990 기타유동자산 0 0
도이치모터스 067990 매각예정비유동자산 0 0
도이치모터스 067990 비유동자산 122,572,565,307 129,711,971,596
도이치모터스 067990 장기금융상품 0 0
도이치모터스 067990 기타포괄손익-공정가치 0 0
도이치모터스 067990 당기손익인식공정가치측정금융자산 0 0
도이치모터스 067990 종속회사투자 0 0
도이치모터스 067990 관계회사투자 0 0
도이치모터스 067990 렌탈자산 0 0
도이치모터스 067990 유형자산 75,575,705,023 76,715,312,774
도이치모터스 067990 무형자산 3,694,612,719 3,619,239,176
도이치모터스 067990 기타비유동금융자산 8,108,665,804 16,397,526,260
도이치모터스 067990 기타비유동자산 0 0
도이치모터스 067990 사용권자산 0 0
도이치모터스 067990 이연법인세자산 2,221,443,183 3,035,019,264
도이치모터스 067990 자산총계 223,368,718,486 197,162,506,219
도이치모터스 067990 유동부채 140,431,059,277 67,404,329,313
도이치모터스 067990 단기매입채무 0 0
도이치모터스 067990 단기차입금 120,499,254,771 50,360,766,916
도이치모터스 067990 유동성장기차입금 0 0
도이치모터스 067990 유동성사채 0 0
도이치모터스 067990 기타유동금융부채 54,500,000 124,500,000
도이치모터스 067990 기타유동부채 0 0
도이치모터스 067990 당기법인세부채 608,496,273 571,131,785
도이치모터스 067990 유동리스부채 0 0
도이치모터스 067990 비유동부채 19,939,450,417 70,666,020,092
도이치모터스 067990 사채 0 0
도이치모터스 067990 장기차입금 4,800,000,000 50,500,000,000
도이치모터스 067990 기타비유동금융부채 40,000,000 0
도이치모터스 067990 이연법인세부채 0 0
도이치모터스 067990 비유동리스부채 0 0
도이치모터스 067990 부채총계 160,370,509,694 138,070,349,405
도이치모터스 067990 자본금 13,131,654,000 13,131,654,000
도이치모터스 067990 자본잉여금 0 0
도이치모터스 067990 자본조정 0 0
도이치모터스 067990 기타포괄손익누계액 0 0
도이치모터스 067990 이익잉여금(결손금) 33,081,710,574 27,305,570,199
도이치모터스 067990 자본총계 62,998,208,792 59,092,156,814
도이치모터스 067990 자본과부채총계 223,368,718,486 197,162,506,219
date : 2016-03-31
도이치모터스 067990 유동자산 110,601,321,432 100,796,153,179
도이치모터스 067990 현금및현금성자산 8,379,208,376 15,532,720,254
도이치모터스 067990 매출채권 및 기타유동채권
도이치모터스 067990 재고자산 53,403,393,474 42,096,306,879
도이치모터스 067990 기타유동금융자산 11,709,233,990 10,840,030,841
도이치모터스 067990 기타유동자산 0 0
도이치모터스 067990 매각예정비유동자산 0 0
도이치모터스 067990 비유동자산 125,989,628,634 122,572,565,307
도이치모터스 067990 장기금융상품 0 0
도이치모터스 067990 기타포괄손익-공정가치 0 0
도이치모터스 067990 당기손익인식공정가치측정금융자산 0 0
도이치모터스 067990 종속회사투자 0 0
도이치모터스 067990 관계회사투자 0 0
도이치모터스 067990 렌탈자산 0 0
도이치모터스 067990 유형자산 81,181,826,375 75,575,705,023
도이치모터스 067990 무형자산 3,529,751,392 3,694,612,719
도이치모터스 067990 기타비유동금융자산 6,463,011,261 8,108,665,804
도이치모터스 067990 기타비유동자산 0 0
도이치모터스 067990 사용권자산 0 0
도이치모터스 067990 이연법인세자산 2,072,777,985 2,221,443,183
도이치모터스 067990 자산총계 236,590,950,066 223,368,718,486
도이치모터스 067990 유동부채 158,002,191,191 140,431,059,277
도이치모터스 067990 단기매입채무 0 0
도이치모터스 067990 단기차입금 138,353,312,562 120,499,254,771
도이치모터스 067990 유동성장기차입금 0 0
도이치모터스 067990 유동성사채 0 0
도이치모터스 067990 기타유동금융부채 54,500,000 54,500,000
도이치모터스 067990 기타유동부채 0 0
도이치모터스 067990 당기법인세부채 261,173,643 608,496,273
도이치모터스 067990 유동리스부채 0 0
도이치모터스 067990 비유동부채 18,317,441,983 19,939,450,417
도이치모터스 067990 사채 0 0
도이치모터스 067990 장기차입금 4,800,000,000 4,800,000,000
도이치모터스 067990 기타비유동금융부채 40,000,000 40,000,000
도이치모터스 067990 이연법인세부채 0 0
도이치모터스 067990 비유동리스부채 0 0
도이치모터스 067990 부채총계 176,319,633,174 160,370,509,694
도이치모터스 067990 자본금 13,131,654,000 13,131,654,000
도이치모터스 067990 자본잉여금 0 0
도이치모터스 067990 자본조정 0 0
도이치모터스 067990 기타포괄손익누계액 0 0
도이치모터스 067990 이익잉여금(결손금) 30,501,337,975 33,081,710,574
도이치모터스 067990 자본총계 60,271,316,892 62,998,208,792
도이치모터스 067990 자본과부채총계 236,590,950,066 223,368,718,486
date : 2016-06-30
도이치모터스 067990 유동자산 102,666,378,854 100,796,153,179
도이치모터스 067990 현금및현금성자산 13,674,841,295 15,532,720,254
도이치모터스 067990 매출채권 및 기타유동채권
도이치모터스 067990 재고자산 51,634,367,501 42,096,306,879
도이치모터스 067990 기타유동금융자산 11,709,597,680 10,840,030,841
도이치모터스 067990 기타유동자산 0 0
도이치모터스 067990 매각예정비유동자산 0 0
도이치모터스 067990 비유동자산 139,099,748,972 122,572,565,307
도이치모터스 067990 장기금융상품 0 0
도이치모터스 067990 기타포괄손익-공정가치 0 0
도이치모터스 067990 당기손익인식공정가치측정금융자산 0 0
도이치모터스 067990 종속회사투자 0 0
도이치모터스 067990 관계회사투자 0 0
도이치모터스 067990 렌탈자산 0 0
도이치모터스 067990 유형자산 92,609,184,728 75,575,705,023
도이치모터스 067990 무형자산 3,608,347,593 3,694,612,719
도이치모터스 067990 기타비유동금융자산 7,096,114,450 8,108,665,804
도이치모터스 067990 기타비유동자산 0 0
도이치모터스 067990 사용권자산 0 0
도이치모터스 067990 이연법인세자산 3,085,848,919 2,221,443,183
도이치모터스 067990 자산총계 241,766,127,826 223,368,718,486
도이치모터스 067990 유동부채 163,324,575,828 140,431,059,277
도이치모터스 067990 단기매입채무 0 0
도이치모터스 067990 단기차입금 144,267,457,219 120,499,254,771
도이치모터스 067990 유동성장기차입금 0 0
도이치모터스 067990 유동성사채 0 0
도이치모터스 067990 기타유동금융부채 54,500,000 54,500,000
도이치모터스 067990 기타유동부채 0 0
도이치모터스 067990 당기법인세부채 0 608,496,273
도이치모터스 067990 유동리스부채 0 0
도이치모터스 067990 비유동부채 17,597,078,297 19,939,450,417
도이치모터스 067990 사채 0 0
도이치모터스 067990 장기차입금 5,683,148,759 4,800,000,000
도이치모터스 067990 기타비유동금융부채 40,000,000 40,000,000
도이치모터스 067990 이연법인세부채 0 0
도이치모터스 067990 비유동리스부채 0 0
도이치모터스 067990 부채총계 180,921,654,125 160,370,509,694
도이치모터스 067990 자본금 13,131,654,000 13,131,654,000
도이치모터스 067990 자본잉여금 0 0
도이치모터스 067990 자본조정 0 0
도이치모터스 067990 기타포괄손익누계액 0 0
도이치모터스 067990 이익잉여금(결손금) 31,083,174,437 33,081,710,574
도이치모터스 067990 자본총계 60,844,473,701 62,998,208,792
도이치모터스 067990 자본과부채총계 241,766,127,826 223,368,718,486
date : 2016-09-30
도이치모터스 067990 유동자산 151,051,765,280 100,796,153,179
도이치모터스 067990 현금및현금성자산 11,242,919,026 15,532,720,254
도이치모터스 067990 매출채권 및 기타유동채권
도이치모터스 067990 재고자산 91,850,221,451 42,096,306,879
도이치모터스 067990 기타유동금융자산 11,392,471,362 10,840,030,841
도이치모터스 067990 기타유동자산 0 0
도이치모터스 067990 매각예정비유동자산 0 0
도이치모터스 067990 비유동자산 151,720,783,766 122,572,565,307
도이치모터스 067990 장기금융상품 0 0
도이치모터스 067990 기타포괄손익-공정가치 0 0
도이치모터스 067990 당기손익인식공정가치측정금융자산 0 0
도이치모터스 067990 종속회사투자 0 0
도이치모터스 067990 관계회사투자 0 0
도이치모터스 067990 렌탈자산 0 0
도이치모터스 067990 유형자산 104,703,879,478 75,575,705,023
도이치모터스 067990 무형자산 3,557,585,549 3,694,612,719
도이치모터스 067990 기타비유동금융자산 7,300,922,765 8,108,665,804
도이치모터스 067990 기타비유동자산 0 0
도이치모터스 067990 사용권자산 0 0
도이치모터스 067990 이연법인세자산 2,929,302,507 2,221,443,183
도이치모터스 067990 자산총계 302,772,549,046 223,368,718,486
도이치모터스 067990 유동부채 224,793,289,207 140,431,059,277
도이치모터스 067990 단기매입채무 0 0
도이치모터스 067990 단기차입금 200,953,949,138 120,499,254,771
도이치모터스 067990 유동성장기차입금 0 0
도이치모터스 067990 유동성사채 0 0
도이치모터스 067990 기타유동금융부채 54,500,000 54,500,000
도이치모터스 067990 기타유동부채 0 0
도이치모터스 067990 당기법인세부채 0 608,496,273
도이치모터스 067990 유동리스부채 0 0
도이치모터스 067990 비유동부채 16,746,041,966 19,939,450,417
도이치모터스 067990 사채 0 0
도이치모터스 067990 장기차입금 5,843,862,409 4,800,000,000
도이치모터스 067990 기타비유동금융부채 60,000,000 40,000,000
도이치모터스 067990 이연법인세부채 0 0
도이치모터스 067990 비유동리스부채 0 0
도이치모터스 067990 부채총계 241,539,331,173 160,370,509,694
도이치모터스 067990 자본금 13,131,654,000 13,131,654,000
도이치모터스 067990 자본잉여금 0 0
도이치모터스 067990 자본조정 0 0
도이치모터스 067990 기타포괄손익누계액 0 0
도이치모터스 067990 이익잉여금(결손금) 31,620,387,867 33,081,710,574
도이치모터스 067990 자본총계 61,233,217,873 62,998,208,792
도이치모터스 067990 자본과부채총계 302,772,549,046 223,368,718,486
date : 2016-12-31
도이치모터스 067990 유동자산 166,684,159,372 100,796,153,179
도이치모터스 067990 현금및현금성자산 29,002,887,652 15,532,720,254
도이치모터스 067990 매출채권 및 기타유동채권
도이치모터스 067990 재고자산 76,786,341,064 42,096,306,879
도이치모터스 067990 기타유동금융자산 14,768,469,847 10,840,030,841
도이치모터스 067990 기타유동자산 0 0
도이치모터스 067990 매각예정비유동자산 0 0
도이치모터스 067990 비유동자산 135,497,367,514 122,572,565,307
도이치모터스 067990 장기금융상품 0 0
도이치모터스 067990 기타포괄손익-공정가치 0 0
도이치모터스 067990 당기손익인식공정가치측정금융자산 0 0
도이치모터스 067990 종속회사투자 0 0
도이치모터스 067990 관계회사투자 0 0
도이치모터스 067990 렌탈자산 0 0
도이치모터스 067990 유형자산 88,290,222,270 75,575,705,023
도이치모터스 067990 무형자산 3,610,473,341 3,694,612,719
도이치모터스 067990 기타비유동금융자산 7,223,794,034 8,108,665,804
도이치모터스 067990 기타비유동자산 0 0
도이치모터스 067990 사용권자산 0 0
도이치모터스 067990 이연법인세자산 2,184,007,171 2,221,443,183
도이치모터스 067990 자산총계 302,181,526,886 223,368,718,486
도이치모터스 067990 유동부채 216,453,297,568 140,431,059,277
도이치모터스 067990 단기매입채무 0 0
도이치모터스 067990 단기차입금 186,983,264,267 120,499,254,771
도이치모터스 067990 유동성장기차입금 0 0
도이치모터스 067990 유동성사채 0 0
도이치모터스 067990 기타유동금융부채 74,500,000 54,500,000
도이치모터스 067990 기타유동부채 0 0
도이치모터스 067990 당기법인세부채 0 608,496,273
도이치모터스 067990 유동리스부채 0 0
도이치모터스 067990 비유동부채 22,684,408,129 19,939,450,417
도이치모터스 067990 사채 0 0
도이치모터스 067990 장기차입금 12,078,148,551 4,800,000,000
도이치모터스 067990 기타비유동금융부채 60,000,000 40,000,000
도이치모터스 067990 이연법인세부채 0 0
도이치모터스 067990 비유동리스부채 0 0
도이치모터스 067990 부채총계 239,137,705,697 160,370,509,694
도이치모터스 067990 자본금 13,131,654,000 13,131,654,000
도이치모터스 067990 자본잉여금 0 0
도이치모터스 067990 자본조정 0 0
도이치모터스 067990 기타포괄손익누계액 0 0
도이치모터스 067990 이익잉여금(결손금) 33,703,464,849 33,081,710,574
도이치모터스 067990 자본총계 63,043,821,189 62,998,208,792
도이치모터스 067990 자본과부채총계 302,181,526,886 223,368,718,486
date : 2017-03-31
도이치모터스 067990 유동자산 158,853,288,428 166,684,159,372
도이치모터스 067990 현금및현금성자산 22,141,679,699 29,002,887,652
도이치모터스 067990 매출채권 및 기타유동채권
도이치모터스 067990 재고자산 67,204,800,768 76,786,341,064
도이치모터스 067990 기타유동금융자산 13,900,360,062 14,768,469,847
도이치모터스 067990 기타유동자산 0 0
도이치모터스 067990 매각예정비유동자산 0 0
도이치모터스 067990 비유동자산 149,885,695,113 135,497,367,514
도이치모터스 067990 장기금융상품 0 0
도이치모터스 067990 기타포괄손익-공정가치 0 0
도이치모터스 067990 당기손익인식공정가치측정금융자산 0 0
도이치모터스 067990 종속회사투자 0 0
도이치모터스 067990 관계회사투자 0 0
도이치모터스 067990 렌탈자산 0 0
도이치모터스 067990 유형자산 102,795,818,276 88,290,222,270
도이치모터스 067990 무형자산 3,442,556,434 3,610,473,341
도이치모터스 067990 기타비유동금융자산 7,348,428,282 7,223,794,034
도이치모터스 067990 기타비유동자산 0 0
도이치모터스 067990 사용권자산 0 0
도이치모터스 067990 이연법인세자산 2,184,007,171 2,184,007,171
도이치모터스 067990 자산총계 308,738,983,541 302,181,526,886
도이치모터스 067990 유동부채 208,038,248,921 216,453,297,568
도이치모터스 067990 단기매입채무 0 0
도이치모터스 067990 단기차입금 185,829,807,517 186,983,264,267
도이치모터스 067990 유동성장기차입금 0 0
도이치모터스 067990 유동성사채 0 0
도이치모터스 067990 기타유동금융부채 74,500,000 74,500,000
도이치모터스 067990 기타유동부채 0 0
도이치모터스 067990 당기법인세부채 224,433,418 0
도이치모터스 067990 유동리스부채 0 0
도이치모터스 067990 비유동부채 29,060,245,286 22,684,408,129
도이치모터스 067990 사채 0 0
도이치모터스 067990 장기차입금 17,663,182,792 12,078,148,551
도이치모터스 067990 기타비유동금융부채 60,000,000 60,000,000
도이치모터스 067990 이연법인세부채 2,219,966,857 0
도이치모터스 067990 비유동리스부채 0 0
도이치모터스 067990 부채총계 237,098,494,207 239,137,705,697
도이치모터스 067990 자본금 13,131,654,000 13,131,654,000
도이치모터스 067990 자본잉여금 0 0
도이치모터스 067990 자본조정 0 0
도이치모터스 067990 기타포괄손익누계액 0 0
도이치모터스 067990 이익잉여금(결손금) 34,449,521,983 33,703,464,849
도이치모터스 067990 자본총계 71,640,489,334 63,043,821,189
도이치모터스 067990 자본과부채총계 308,738,983,541 302,181,526,886
date : 2017-06-30
도이치모터스 067990 유동자산 138,728,784,009 166,684,159,372
도이치모터스 067990 현금및현금성자산 31,433,272,400 29,002,887,652
도이치모터스 067990 매출채권 및 기타유동채권
도이치모터스 067990 재고자산 40,394,236,577 76,786,341,064
도이치모터스 067990 기타유동금융자산 19,619,525,976 14,768,469,847
도이치모터스 067990 기타유동자산 0 0
도이치모터스 067990 매각예정비유동자산 0 0
도이치모터스 067990 비유동자산 156,358,342,291 135,497,367,514
도이치모터스 067990 장기금융상품 0 0
도이치모터스 067990 기타포괄손익-공정가치 0 0
도이치모터스 067990 당기손익인식공정가치측정금융자산 0 0
도이치모터스 067990 종속회사투자 0 0
도이치모터스 067990 관계회사투자 0 0
도이치모터스 067990 렌탈자산 0 0
도이치모터스 067990 유형자산 112,405,289,619 88,290,222,270
도이치모터스 067990 무형자산 3,407,447,887 3,610,473,341
도이치모터스 067990 기타비유동금융자산 5,403,510,492 7,223,794,034
도이치모터스 067990 기타비유동자산 0 0
도이치모터스 067990 사용권자산 0 0
도이치모터스 067990 이연법인세자산 0 2,184,007,171
도이치모터스 067990 자산총계 295,087,126,300 302,181,526,886
도이치모터스 067990 유동부채 190,078,634,966 216,453,297,568
도이치모터스 067990 단기매입채무 0 0
도이치모터스 067990 단기차입금 167,540,772,256 186,983,264,267
도이치모터스 067990 유동성장기차입금 0 0
도이치모터스 067990 유동성사채 0 0
도이치모터스 067990 기타유동금융부채 374,500,000 74,500,000
도이치모터스 067990 기타유동부채 0 0
도이치모터스 067990 당기법인세부채 188,480,708 0
도이치모터스 067990 유동리스부채 0 0
도이치모터스 067990 비유동부채 31,478,332,349 22,684,408,129
도이치모터스 067990 사채 0 0
도이치모터스 067990 장기차입금 21,654,929,749 12,078,148,551
도이치모터스 067990 기타비유동금융부채 60,000,000 60,000,000
도이치모터스 067990 이연법인세부채 741,671,706 0
도이치모터스 067990 비유동리스부채 0 0
도이치모터스 067990 부채총계 221,556,967,315 239,137,705,697
도이치모터스 067990 자본금 13,131,654,000 13,131,654,000
도이치모터스 067990 자본잉여금 0 0
도이치모터스 067990 자본조정 0 0
도이치모터스 067990 기타포괄손익누계액 0 0
도이치모터스 067990 이익잉여금(결손금) 36,770,522,746 33,703,464,849
도이치모터스 067990 자본총계 73,530,158,985 63,043,821,189
도이치모터스 067990 자본과부채총계 295,087,126,300 302,181,526,886
date : 2017-09-30
도이치모터스 067990 유동자산 141,846,041,052 166,684,159,372
도이치모터스 067990 현금및현금성자산 16,685,241,159 29,002,887,652
도이치모터스 067990 매출채권 및 기타유동채권
도이치모터스 067990 재고자산 43,742,364,688 76,786,341,064
도이치모터스 067990 기타유동금융자산 22,580,175,623 14,768,469,847
도이치모터스 067990 기타유동자산 1,411,970,236 868,778,161
도이치모터스 067990 매각예정비유동자산 0 0
도이치모터스 067990 비유동자산 164,549,746,542 135,497,367,514
도이치모터스 067990 장기금융상품 0 0
도이치모터스 067990 기타포괄손익-공정가치 0 0
도이치모터스 067990 당기손익인식공정가치측정금융자산 0 0
도이치모터스 067990 종속회사투자 0 0
도이치모터스 067990 관계회사투자 0 0
도이치모터스 067990 렌탈자산 0 0
도이치모터스 067990 유형자산 120,330,773,654 88,290,222,270
도이치모터스 067990 무형자산 3,383,719,603 3,610,473,341
도이치모터스 067990 기타비유동금융자산 5,708,040,198 7,223,794,034
도이치모터스 067990 기타비유동자산 1,492,879,202 1,606,965,366
도이치모터스 067990 사용권자산 0 0
도이치모터스 067990 이연법인세자산 0 2,184,007,171
도이치모터스 067990 자산총계 306,395,787,594 302,181,526,886
도이치모터스 067990 유동부채 198,392,403,861 216,453,297,568
도이치모터스 067990 단기매입채무 0 0
도이치모터스 067990 단기차입금 172,908,822,662 186,983,264,267
도이치모터스 067990 유동성장기차입금 0 0
도이치모터스 067990 유동성사채 0 0
도이치모터스 067990 기타유동금융부채 3,119,500,000 74,500,000
도이치모터스 067990 기타유동부채 7,030,947,269 5,447,505,851
도이치모터스 067990 당기법인세부채 509,957,948 0
도이치모터스 067990 유동리스부채 0 0
도이치모터스 067990 비유동부채 32,112,515,519 22,684,408,129
도이치모터스 067990 사채 0 0
도이치모터스 067990 장기차입금 23,012,240,071 12,078,148,551
도이치모터스 067990 기타비유동금융부채 30,000,000 60,000,000
도이치모터스 067990 이연법인세부채 880,421,081 0
도이치모터스 067990 비유동리스부채 0 0
도이치모터스 067990 부채총계 230,504,919,380 239,137,705,697
도이치모터스 067990 자본금 13,131,654,000 13,131,654,000
도이치모터스 067990 자본잉여금 37,937,399,492 37,937,399,492
도이치모터스 067990 자본조정 0 0
도이치모터스 067990 기타포괄손익누계액 4,983,213,663 -2,482,964,984
도이치모터스 067990 이익잉여금(결손금) 39,084,333,227 33,703,464,849
도이치모터스 067990 자본총계 75,890,868,214 63,043,821,189
도이치모터스 067990 자본과부채총계 306,395,787,594 302,181,526,886
date : 2017-12-31
도이치모터스 067990 유동자산 180,181,348,636 166,684,159,372
도이치모터스 067990 현금및현금성자산 41,176,292,488 29,002,887,652
도이치모터스 067990 매출채권 및 기타유동채권
도이치모터스 067990 재고자산 62,765,126,437 76,786,341,064
도이치모터스 067990 기타유동금융자산 19,711,153,683 14,768,469,847
도이치모터스 067990 기타유동자산 1,099,517,338 868,778,161
도이치모터스 067990 매각예정비유동자산 0 0
도이치모터스 067990 비유동자산 175,029,692,380 135,497,367,514
도이치모터스 067990 장기금융상품 0 0
도이치모터스 067990 기타포괄손익-공정가치 0 0
도이치모터스 067990 당기손익인식공정가치측정금융자산 0 0
도이치모터스 067990 종속회사투자 0 0
도이치모터스 067990 관계회사투자 0 0
도이치모터스 067990 렌탈자산 0 0
도이치모터스 067990 유형자산 123,709,215,027 88,290,222,270
도이치모터스 067990 무형자산 4,701,993,159 3,610,473,341
도이치모터스 067990 기타비유동금융자산 9,819,299,985 7,223,794,034
도이치모터스 067990 기타비유동자산 2,523,199,644 1,606,965,366
도이치모터스 067990 사용권자산 0 0
도이치모터스 067990 이연법인세자산 0 2,184,007,171
도이치모터스 067990 자산총계 355,211,041,016 302,181,526,886
도이치모터스 067990 유동부채 250,011,886,959 216,453,297,568
도이치모터스 067990 단기매입채무 0 0
도이치모터스 067990 단기차입금 224,507,095,130 186,983,264,267
도이치모터스 067990 유동성장기차입금 0 0
도이치모터스 067990 유동성사채 0 0
도이치모터스 067990 기타유동금융부채 3,115,000,000 74,500,000
도이치모터스 067990 기타유동부채 9,842,534,761 5,447,505,851
도이치모터스 067990 당기법인세부채 566,341,777 0
도이치모터스 067990 유동리스부채 0 0
도이치모터스 067990 비유동부채 28,577,417,409 22,684,408,129
도이치모터스 067990 사채 0 0
도이치모터스 067990 장기차입금 20,831,502,819 12,078,148,551
도이치모터스 067990 기타비유동금융부채 379,120,000 60,000,000
도이치모터스 067990 이연법인세부채 902,455,214 0
도이치모터스 067990 비유동리스부채 0 0
도이치모터스 067990 부채총계 278,589,304,368 239,137,705,697
도이치모터스 067990 자본금 13,131,654,000 13,131,654,000
도이치모터스 067990 자본잉여금 37,937,399,492 37,937,399,492
도이치모터스 067990 자본조정 0 0
도이치모터스 067990 기타포괄손익누계액 5,674,562,699 -2,482,964,984
도이치모터스 067990 이익잉여금(결손금) 39,123,852,625 33,703,464,849
도이치모터스 067990 자본총계 76,621,736,648 63,043,821,189
도이치모터스 067990 자본과부채총계 355,211,041,016 302,181,526,886
date : 2018-03-31
도이치모터스 067990 유동자산 158,286,613,858 180,181,348,636
도이치모터스 067990 현금및현금성자산 43,310,793,012 41,176,292,488
도이치모터스 067990 매출채권 및 기타유동채권
도이치모터스 067990 재고자산 40,534,238,868 62,765,126,437
도이치모터스 067990 기타유동금융자산 23,621,438,132 19,711,153,683
도이치모터스 067990 기타유동자산 1,758,621,541 1,099,517,338
도이치모터스 067990 매각예정비유동자산 0 0
도이치모터스 067990 비유동자산 177,189,441,607 175,029,692,380
도이치모터스 067990 장기금융상품 0 0
도이치모터스 067990 기타포괄손익-공정가치 0 0
도이치모터스 067990 당기손익인식공정가치측정금융자산 0 0
도이치모터스 067990 종속회사투자 0 0
도이치모터스 067990 관계회사투자 0 0
도이치모터스 067990 렌탈자산 0 0
도이치모터스 067990 유형자산 125,200,283,185 123,709,215,027
도이치모터스 067990 무형자산 4,641,025,728 4,701,993,159
도이치모터스 067990 기타비유동금융자산 10,137,996,721 9,819,299,985
도이치모터스 067990 기타비유동자산 2,944,502,908 2,523,199,644
도이치모터스 067990 사용권자산 0 0
도이치모터스 067990 이연법인세자산 0 0
도이치모터스 067990 자산총계 335,476,055,465 355,211,041,016
도이치모터스 067990 유동부채 231,698,144,813 250,011,886,959
도이치모터스 067990 단기매입채무 0 0
도이치모터스 067990 단기차입금 194,054,355,831 224,507,095,130
도이치모터스 067990 유동성장기차입금 0 0
도이치모터스 067990 유동성사채 0 0
도이치모터스 067990 기타유동금융부채 3,125,000,000 3,115,000,000
도이치모터스 067990 기타유동부채 14,936,259,299 9,842,534,761
도이치모터스 067990 당기법인세부채 953,380,254 566,341,777
도이치모터스 067990 유동리스부채 0 0
도이치모터스 067990 비유동부채 23,334,386,556 28,577,417,409
도이치모터스 067990 사채 0 0
도이치모터스 067990 장기차입금 15,459,706,573 20,831,502,819
도이치모터스 067990 기타비유동금융부채 379,120,000 379,120,000
도이치모터스 067990 이연법인세부채 991,755,430 902,455,214
도이치모터스 067990 비유동리스부채 0 0
도이치모터스 067990 부채총계 255,032,531,369 278,589,304,368
도이치모터스 067990 자본금 13,131,654,000 13,131,654,000
도이치모터스 067990 자본잉여금 37,937,399,492 37,937,399,492
도이치모터스 067990 자본조정 0 0
도이치모터스 067990 기타포괄손익누계액 5,281,650,140 5,674,562,699
도이치모터스 067990 이익잉여금(결손금) 43,338,552,632 39,123,852,625
도이치모터스 067990 자본총계 80,443,524,096 76,621,736,648
도이치모터스 067990 자본과부채총계 335,476,055,465 355,211,041,016
date : 2018-06-30
도이치모터스 067990 유동자산 137,568,304,252 180,181,348,636
도이치모터스 067990 현금및현금성자산 27,751,719,321 41,176,292,488
도이치모터스 067990 매출채권 및 기타유동채권
도이치모터스 067990 재고자산 39,219,374,410 62,765,126,437
도이치모터스 067990 기타유동금융자산 20,444,162,446 19,711,153,683
도이치모터스 067990 기타유동자산 1,571,266,444 1,099,517,338
도이치모터스 067990 매각예정비유동자산 0 0
도이치모터스 067990 비유동자산 184,299,674,795 175,029,692,380
도이치모터스 067990 장기금융상품 0 0
도이치모터스 067990 기타포괄손익-공정가치 0 0
도이치모터스 067990 당기손익인식공정가치측정금융자산 0 0
도이치모터스 067990 종속회사투자 0 0
도이치모터스 067990 관계회사투자 0 0
도이치모터스 067990 렌탈자산 0 0
도이치모터스 067990 유형자산 126,195,757,342 123,709,215,027
도이치모터스 067990 무형자산 4,545,526,259 4,701,993,159
도이치모터스 067990 기타비유동금융자산 11,184,783,151 9,819,299,985
도이치모터스 067990 기타비유동자산 2,877,686,478 2,523,199,644
도이치모터스 067990 사용권자산 0 0
도이치모터스 067990 이연법인세자산 0 0
도이치모터스 067990 자산총계 321,867,979,047 355,211,041,016
도이치모터스 067990 유동부채 200,200,401,737 250,011,886,959
도이치모터스 067990 단기매입채무 0 0
도이치모터스 067990 단기차입금 173,080,222,025 224,507,095,130
도이치모터스 067990 유동성장기차입금 0 0
도이치모터스 067990 유동성사채 0 0
도이치모터스 067990 기타유동금융부채 3,075,000,000 3,115,000,000
도이치모터스 067990 기타유동부채 5,653,928,288 9,842,534,761
도이치모터스 067990 당기법인세부채 1,916,535,240 566,341,777
도이치모터스 067990 유동리스부채 0 0
도이치모터스 067990 비유동부채 32,475,099,216 28,577,417,409
도이치모터스 067990 사채 0 0
도이치모터스 067990 장기차입금 24,984,515,122 20,831,502,819
도이치모터스 067990 기타비유동금융부채 459,120,000 379,120,000
도이치모터스 067990 이연법인세부채 906,697,460 902,455,214
도이치모터스 067990 비유동리스부채 0 0
도이치모터스 067990 부채총계 232,675,500,953 278,589,304,368
도이치모터스 067990 자본금 13,131,654,000 13,131,654,000
도이치모터스 067990 자본잉여금 24,304,322,068 18,691,667,324
도이치모터스 067990 자본조정 0 0
도이치모터스 067990 기타포괄손익누계액 5,275,488,693 5,674,562,699
도이치모터스 067990 이익잉여금(결손금) 46,481,013,333 39,123,852,625
도이치모터스 067990 자본총계 89,192,478,094 76,621,736,648
도이치모터스 067990 자본과부채총계 321,867,979,047 355,211,041,016
date : 2018-09-30
도이치모터스 067990 유동자산 130,523,811,542 180,181,348,636
도이치모터스 067990 현금및현금성자산 20,959,666,994 41,176,292,488
도이치모터스 067990 매출채권 및 기타유동채권
도이치모터스 067990 재고자산 39,816,178,421 62,765,126,437
도이치모터스 067990 기타유동금융자산 19,509,531,847 19,711,153,683
도이치모터스 067990 기타유동자산 2,194,388,599 1,099,517,338
도이치모터스 067990 매각예정비유동자산 0 0
도이치모터스 067990 비유동자산 183,028,785,621 175,029,692,380
도이치모터스 067990 장기금융상품 0 0
도이치모터스 067990 기타포괄손익-공정가치 0 0
도이치모터스 067990 당기손익인식공정가치측정금융자산 0 0
도이치모터스 067990 종속회사투자 0 0
도이치모터스 067990 관계회사투자 0 0
도이치모터스 067990 렌탈자산 0 0
도이치모터스 067990 유형자산 125,090,194,351 123,709,215,027
도이치모터스 067990 무형자산 4,476,819,280 4,701,993,159
도이치모터스 067990 기타비유동금융자산 10,885,345,602 9,819,299,985
도이치모터스 067990 기타비유동자산 2,987,124,027 2,523,199,644
도이치모터스 067990 사용권자산 0 0
도이치모터스 067990 이연법인세자산 0 0
도이치모터스 067990 자산총계 313,552,597,163 355,211,041,016
도이치모터스 067990 유동부채 190,595,798,813 250,011,886,959
도이치모터스 067990 단기매입채무 0 0
도이치모터스 067990 단기차입금 159,973,057,174 224,507,095,130
도이치모터스 067990 유동성장기차입금 0 0
도이치모터스 067990 유동성사채 0 0
도이치모터스 067990 기타유동금융부채 3,105,000,000 3,115,000,000
도이치모터스 067990 기타유동부채 6,237,027,937 9,842,534,761
도이치모터스 067990 당기법인세부채 2,481,279,309 566,341,777
도이치모터스 067990 유동리스부채 0 0
도이치모터스 067990 비유동부채 32,214,028,949 28,577,417,409
도이치모터스 067990 사채 0 0
도이치모터스 067990 장기차입금 23,803,725,685 20,831,502,819
도이치모터스 067990 기타비유동금융부채 429,120,000 379,120,000
도이치모터스 067990 이연법인세부채 2,062,078,557 902,455,214
도이치모터스 067990 비유동리스부채 0 0
도이치모터스 067990 부채총계 222,809,827,762 278,589,304,368
도이치모터스 067990 자본금 13,131,654,000 13,131,654,000
도이치모터스 067990 자본잉여금 0 0
도이치모터스 067990 자본조정 0 0
도이치모터스 067990 기타포괄손익누계액 0 0
도이치모터스 067990 이익잉여금(결손금) 48,217,570,121 39,123,852,625
도이치모터스 067990 자본총계 90,742,769,401 76,621,736,648
도이치모터스 067990 자본과부채총계 313,552,597,163 355,211,041,016
date : 2018-12-31
도이치모터스 067990 유동자산 121,849,201,540 180,181,348,636
도이치모터스 067990 현금및현금성자산 24,043,479,515 41,176,292,488
도이치모터스 067990 매출채권 및 기타유동채권
도이치모터스 067990 재고자산 31,680,823,823 62,765,126,437
도이치모터스 067990 기타유동금융자산 18,009,694,130 19,711,153,683
도이치모터스 067990 기타유동자산 2,328,648,875 1,099,517,338
도이치모터스 067990 매각예정비유동자산 0 0
도이치모터스 067990 비유동자산 188,048,038,098 175,029,692,380
도이치모터스 067990 장기금융상품 0 0
도이치모터스 067990 기타포괄손익-공정가치 0 0
도이치모터스 067990 당기손익인식공정가치측정금융자산 0 0
도이치모터스 067990 종속회사투자 0 0
도이치모터스 067990 관계회사투자 0 0
도이치모터스 067990 렌탈자산 0 0
도이치모터스 067990 유형자산 127,944,302,225 123,709,215,027
도이치모터스 067990 무형자산 4,441,945,868 4,701,993,159
도이치모터스 067990 기타비유동금융자산 11,773,190,177 9,819,299,985
도이치모터스 067990 기타비유동자산 2,881,664,169 2,523,199,644
도이치모터스 067990 사용권자산 0 0
도이치모터스 067990 이연법인세자산 0 0
도이치모터스 067990 자산총계 309,897,239,638 355,211,041,016
도이치모터스 067990 유동부채 159,706,259,210 250,011,886,959
도이치모터스 067990 단기매입채무 0 0
도이치모터스 067990 단기차입금 132,861,577,047 224,507,095,130
도이치모터스 067990 유동성장기차입금 0 0
도이치모터스 067990 유동성사채 0 0
도이치모터스 067990 기타유동금융부채 3,115,000,000 3,115,000,000
도이치모터스 067990 기타유동부채 6,743,236,060 9,842,534,761
도이치모터스 067990 당기법인세부채 2,903,068,186 566,341,777
도이치모터스 067990 유동리스부채 0 0
도이치모터스 067990 비유동부채 61,640,007,011 28,577,417,409
도이치모터스 067990 사채 0 0
도이치모터스 067990 장기차입금 55,083,336,493 20,831,502,819
도이치모터스 067990 기타비유동금융부채 50,000,000 379,120,000
도이치모터스 067990 이연법인세부채 1,286,857,646 902,455,214
도이치모터스 067990 비유동리스부채 0 0
도이치모터스 067990 부채총계 221,346,266,221 278,589,304,368
도이치모터스 067990 자본금 13,131,654,000 13,131,654,000
도이치모터스 067990 자본잉여금 0 0
도이치모터스 067990 자본조정 0 0
도이치모터스 067990 기타포괄손익누계액 5,210,988,570 5,674,562,699
도이치모터스 067990 이익잉여금(결손금) 50,185,394,446 39,123,852,625
도이치모터스 067990 자본총계 88,550,973,417 76,621,736,648
도이치모터스 067990 자본과부채총계 309,897,239,638 355,211,041,016
date : 2019-03-31
도이치모터스 067990 유동자산 129,910,225,365 121,849,201,540
도이치모터스 067990 현금및현금성자산 46,089,920,357 24,043,479,515
도이치모터스 067990 매출채권 및 기타유동채권
도이치모터스 067990 재고자산 30,894,664,333 31,680,823,823
도이치모터스 067990 기타유동금융자산 16,622,420,132 18,009,694,130
도이치모터스 067990 기타유동자산 1,075,521,123 2,328,648,875
도이치모터스 067990 매각예정비유동자산 0 0
도이치모터스 067990 비유동자산 234,714,339,381 188,048,038,098
도이치모터스 067990 장기금융상품 0 0
도이치모터스 067990 기타포괄손익-공정가치 0 0
도이치모터스 067990 당기손익인식공정가치측정금융자산 0 0
도이치모터스 067990 종속회사투자 0 0
도이치모터스 067990 관계회사투자 0 0
도이치모터스 067990 렌탈자산 0 0
도이치모터스 067990 유형자산 175,815,771,516 127,944,302,225
도이치모터스 067990 무형자산 4,357,923,295 4,441,945,868
도이치모터스 067990 기타비유동금융자산 13,544,060,411 11,773,190,177
도이치모터스 067990 기타비유동자산 0 2,881,664,169
도이치모터스 067990 사용권자산 0 0
도이치모터스 067990 이연법인세자산 0 0
도이치모터스 067990 자산총계 364,624,564,746 309,897,239,638
도이치모터스 067990 유동부채 166,773,602,864 159,706,259,210
도이치모터스 067990 단기매입채무 0 0
도이치모터스 067990 단기차입금 123,642,606,461 132,861,577,047
도이치모터스 067990 유동성장기차입금 0 0
도이치모터스 067990 유동성사채 0 0
도이치모터스 067990 기타유동금융부채 3,135,000,000 3,115,000,000
도이치모터스 067990 기타유동부채 8,091,151,458 6,743,236,060
도이치모터스 067990 당기법인세부채 3,317,948,027 2,903,068,186
도이치모터스 067990 유동리스부채 0 0
도이치모터스 067990 비유동부채 105,012,124,951 61,640,007,011
도이치모터스 067990 사채 0 0
도이치모터스 067990 장기차입금 67,757,116,449 55,083,336,493
도이치모터스 067990 기타비유동금융부채 30,000,000 50,000,000
도이치모터스 067990 이연법인세부채 1,044,801,167 1,286,857,646
도이치모터스 067990 비유동리스부채 0 0
도이치모터스 067990 부채총계 271,785,727,815 221,346,266,221
도이치모터스 067990 자본금 13,131,654,000 13,131,654,000
도이치모터스 067990 자본잉여금 0 0
도이치모터스 067990 자본조정 0 0
도이치모터스 067990 기타포괄손익누계액 4,824,846,465 5,210,988,570
도이치모터스 067990 이익잉여금(결손금) 54,859,400,065 50,185,394,446
도이치모터스 067990 자본총계 92,838,836,931 88,550,973,417
도이치모터스 067990 자본과부채총계 364,624,564,746 309,897,239,638
