date : 2019-03-31
삼성출판사 068290 유동자산 38,028,812,462 34,312,449,693
삼성출판사 068290 현금및현금성자산 14,262,050,047 9,880,409,336
삼성출판사 068290 매출채권 8,407,136,403 9,915,963,790
삼성출판사 068290 기타유동자산 1,143,773,818 2,068,188,491
삼성출판사 068290 재고자산 13,926,429,157 12,140,228,936
삼성출판사 068290 비유동자산 43,517,394,611 43,029,096,581
삼성출판사 068290 기타비유동금융자산 700,000,000 660,000,000
삼성출판사 068290 기타포괄손익-공정가치 측정 금융자산
삼성출판사 068290 유형자산 18,924,044,027 18,528,823,177
삼성출판사 068290 사용권자산 662,525,316 0
삼성출판사 068290 무형자산 745,937,103 233,924,144
삼성출판사 068290 자산총계 81,546,207,073 77,341,546,274
삼성출판사 068290 유동부채 6,461,609,993 4,771,599,918
삼성출판사 068290 기타유동부채 2,087,249,990 791,864,964
삼성출판사 068290 유동리스부채 312,452,158 0
삼성출판사 068290 당기법인세부채 79,194,404 0
삼성출판사 068290 비유동부채 4,125,039,444 3,834,056,311
삼성출판사 068290 비유동리스부채 321,396,871 0
삼성출판사 068290 이연법인세부채 1,361,742,573 1,131,663,906
삼성출판사 068290 부채총계 10,586,649,437 8,605,656,229
삼성출판사 068290 자본금 5,000,000,000 5,000,000,000
삼성출판사 068290 자본잉여금 26,299,721,397 26,299,721,397
삼성출판사 068290 기타포괄손익누계액 123,835,220 122,723,720
삼성출판사 068290 자본총계 70,959,557,636 68,735,890,045
삼성출판사 068290 자본과부채총계 81,546,207,073 77,341,546,274
