date : 2019-03-31
다원시스 068240 유동자산 197,584,927,918 139,568,034,430
다원시스 068240 현금및현금성자산 8,410,472,398 11,842,286,579
다원시스 068240 매출채권 및 기타유동채권
다원시스 068240 매출채권 43,877,754,040 48,116,797,812
다원시스 068240 재고자산 38,924,757,459 42,762,748,098
다원시스 068240 비유동자산 201,275,051,899 197,836,690,504
다원시스 068240 유형자산 119,030,843,124 114,845,148,097
다원시스 068240 사용권자산 1,178,521,744 0
다원시스 068240 무형자산 34,511,292,649 35,692,482,750
다원시스 068240 무형자산 41,105,114,067 41,539,195,823
다원시스 068240 기타비유동금융자산 13,670,875,962 13,670,875,962
다원시스 068240 기타포괄손익-공정가치 측정 금융자산
다원시스 068240 이연법인세자산 0 0
다원시스 068240 기타비유동자산 1,006,422,162 836,760,155
다원시스 068240 자산총계 398,859,979,817 337,404,724,934
다원시스 068240 유동부채 143,098,279,619 85,981,522,352
다원시스 068240 단기매입채무 11,711,984,371 6,657,733,907
다원시스 068240 단기차입금 38,300,000,000 43,300,000,000
다원시스 068240 유동성장기차입금 10,937,500,000 11,175,000,000
다원시스 068240 유동리스부채 544,958,061 0
다원시스 068240 당기법인세부채 606,172,056 440,494,301
다원시스 068240 비유동부채 55,037,269,990 52,865,108,843
다원시스 068240 장기차입금 40,691,145,081 38,691,145,081
다원시스 068240 비유동리스부채 526,459,312 0
다원시스 068240 이연법인세부채 3,260,862,489 3,990,200,209
다원시스 068240 부채총계 198,135,549,609 138,846,631,195
다원시스 068240 자본금 13,078,862,000 13,050,528,500
다원시스 068240 자본잉여금 104,861,138,289 104,351,720,339
다원시스 068240 기타포괄손익누계액 21,706,634,424 21,706,634,424
다원시스 068240 기타포괄손익-공정가치 측정 금융자산
다원시스 068240 기타포괄손익-공정가치 측정 금융자산
다원시스 068240 이익잉여금(결손금) 64,948,169,497 63,319,584,478
다원시스 068240 자본총계 200,724,430,208 198,558,093,739
다원시스 068240 자본과부채총계 398,859,979,817 337,404,724,934
