date : 2015-12-31
LG생명과학 068870 유동자산 248,503,918,082 253,802,130,007
LG생명과학 068870 현금및현금성자산 18,776,083,395 45,405,500,769
LG생명과학 068870 매출채권 107,192,067,407 103,400,597,474
LG생명과학 068870 재고자산 114,341,553,026 100,382,678,766
LG생명과학 068870 기타유동금융자산 0 0
LG생명과학 068870 기타유동자산 3,189,235,305 1,581,135,858
LG생명과학 068870 매각예정비유동자산 0 0
LG생명과학 068870 비유동자산 455,201,686,160 394,854,024,964
LG생명과학 068870 장기금융상품 0 0
LG생명과학 068870 기타포괄손익-공정가치 0 0
LG생명과학 068870 당기손익인식공정가치측정금융자산 0 0
LG생명과학 068870 종속회사투자 0 0
LG생명과학 068870 관계회사투자 0 0
LG생명과학 068870 렌탈자산 0 0
LG생명과학 068870 유형자산 353,608,740,335 304,147,451,435
LG생명과학 068870 무형자산 60,973,325,918 47,763,085,975
LG생명과학 068870 기타비유동금융자산 0 0
LG생명과학 068870 기타비유동자산 0 0
LG생명과학 068870 사용권자산 0 0
LG생명과학 068870 이연법인세자산 28,871,955,456 29,063,869,684
LG생명과학 068870 자산총계 703,705,604,242 648,656,154,971
LG생명과학 068870 유동부채 157,286,060,286 93,391,234,822
LG생명과학 068870 단기매입채무 0 0
LG생명과학 068870 단기차입금 0 0
LG생명과학 068870 유동성장기차입금 0 0
LG생명과학 068870 유동성사채 0 0
LG생명과학 068870 기타유동금융부채 0 0
LG생명과학 068870 기타유동부채 3,258,298,025 4,935,543,892
LG생명과학 068870 당기법인세부채 156,114,250 4,935,543,892
LG생명과학 068870 유동리스부채 0 0
LG생명과학 068870 비유동부채 288,098,014,568 306,128,023,363
LG생명과학 068870 사채 0 0
LG생명과학 068870 장기차입금 0 0
LG생명과학 068870 기타비유동금융부채 0 0
LG생명과학 068870 이연법인세부채 0 0
LG생명과학 068870 비유동리스부채 0 0
LG생명과학 068870 부채총계 445,384,074,854 399,519,258,185
LG생명과학 068870 자본금 84,066,030,000 84,066,030,000
LG생명과학 068870 자본잉여금 147,045,545,174 147,045,545,174
LG생명과학 068870 자본조정 0 0
LG생명과학 068870 기타포괄손익누계액 -1,490,945,989 18,025,606,412
LG생명과학 068870 이익잉여금(결손금) 28,701,185,003 18,025,606,412
LG생명과학 068870 자본총계 258,321,529,388 249,136,896,786
LG생명과학 068870 자본과부채총계 703,705,604,242 648,656,154,971
date : 2016-03-31
LG생명과학 068870 유동자산 269,106,465,048 248,503,918,082
LG생명과학 068870 현금및현금성자산 0 0
LG생명과학 068870 매출채권 92,689,017,091 107,192,067,407
LG생명과학 068870 재고자산 127,562,897,661 114,341,553,026
LG생명과학 068870 기타유동금융자산 0 0
LG생명과학 068870 기타유동자산 2,460,003,795 3,189,235,305
LG생명과학 068870 매각예정비유동자산 0 0
LG생명과학 068870 비유동자산 474,814,763,556 455,201,686,160
LG생명과학 068870 장기금융상품 0 0
LG생명과학 068870 기타포괄손익-공정가치 0 0
LG생명과학 068870 당기손익인식공정가치측정금융자산 0 0
LG생명과학 068870 종속회사투자 0 0
LG생명과학 068870 관계회사투자 0 0
LG생명과학 068870 렌탈자산 0 0
LG생명과학 068870 유형자산 371,548,653,010 353,608,740,335
LG생명과학 068870 무형자산 64,514,175,785 60,973,325,918
LG생명과학 068870 기타비유동금융자산 0 0
LG생명과학 068870 기타비유동자산 0 0
LG생명과학 068870 사용권자산 0 0
LG생명과학 068870 이연법인세자산 26,970,166,830 28,871,955,456
LG생명과학 068870 자산총계 743,921,228,604 703,705,604,242
LG생명과학 068870 유동부채 229,816,209,298 157,286,060,286
LG생명과학 068870 단기매입채무 0 0
LG생명과학 068870 단기차입금 0 0
LG생명과학 068870 유동성장기차입금 0 0
LG생명과학 068870 유동성사채 0 0
LG생명과학 068870 기타유동금융부채 0 0
LG생명과학 068870 기타유동부채 3,710,589,702 3,258,298,025
LG생명과학 068870 당기법인세부채 743,035,320 156,114,250
LG생명과학 068870 유동리스부채 0 0
LG생명과학 068870 비유동부채 244,790,325,218 288,098,014,568
LG생명과학 068870 사채 212,626,456,110 259,538,206,505
LG생명과학 068870 장기차입금 0 0
LG생명과학 068870 기타비유동금융부채 0 0
LG생명과학 068870 이연법인세부채 0 0
LG생명과학 068870 비유동리스부채 0 0
LG생명과학 068870 부채총계 474,606,534,516 445,384,074,854
LG생명과학 068870 자본금 84,066,030,000 84,066,030,000
LG생명과학 068870 자본잉여금 147,045,545,174 147,045,545,174
LG생명과학 068870 자본조정 0 0
LG생명과학 068870 기타포괄손익누계액 -2,470,686,581 -1,490,945,989
LG생명과학 068870 이익잉여금(결손금) 0 0
LG생명과학 068870 자본총계 743,921,228,604 703,705,604,242
LG생명과학 068870 자본과부채총계 0 0
date : 2016-06-30
LG생명과학 068870 유동자산 279,364,264,287 248,503,918,082
LG생명과학 068870 현금및현금성자산 0 0
LG생명과학 068870 매출채권 100,300,174,763 107,192,067,407
LG생명과학 068870 재고자산 130,252,098,810 114,341,553,026
LG생명과학 068870 기타유동금융자산 0 0
LG생명과학 068870 기타유동자산 4,892,336,910 3,189,235,305
LG생명과학 068870 매각예정비유동자산 0 0
LG생명과학 068870 비유동자산 504,910,081,164 455,201,686,160
LG생명과학 068870 장기금융상품 0 0
LG생명과학 068870 기타포괄손익-공정가치 0 0
LG생명과학 068870 당기손익인식공정가치측정금융자산 0 0
LG생명과학 068870 종속회사투자 0 0
LG생명과학 068870 관계회사투자 0 0
LG생명과학 068870 렌탈자산 0 0
LG생명과학 068870 유형자산 396,180,550,201 353,608,740,335
LG생명과학 068870 무형자산 67,366,855,961 60,973,325,918
LG생명과학 068870 기타비유동금융자산 0 0
LG생명과학 068870 기타비유동자산 0 0
LG생명과학 068870 사용권자산 0 0
LG생명과학 068870 이연법인세자산 29,277,223,686 28,871,955,456
LG생명과학 068870 자산총계 784,274,345,451 703,705,604,242
LG생명과학 068870 유동부채 252,439,307,607 157,286,060,286
LG생명과학 068870 단기매입채무 0 0
LG생명과학 068870 단기차입금 0 0
LG생명과학 068870 유동성장기차입금 0 0
LG생명과학 068870 유동성사채 0 0
LG생명과학 068870 기타유동금융부채 0 0
LG생명과학 068870 기타유동부채 3,232,319,849 3,258,298,025
LG생명과학 068870 당기법인세부채 3,300,233,837 156,114,250
LG생명과학 068870 유동리스부채 0 0
LG생명과학 068870 비유동부채 255,622,658,978 288,098,014,568
LG생명과학 068870 사채 219,655,498,081 259,538,206,505
LG생명과학 068870 장기차입금 0 0
LG생명과학 068870 기타비유동금융부채 0 0
LG생명과학 068870 이연법인세부채 0 0
LG생명과학 068870 비유동리스부채 0 0
LG생명과학 068870 부채총계 508,061,966,585 445,384,074,854
LG생명과학 068870 자본금 84,066,030,000 84,066,030,000
LG생명과학 068870 자본잉여금 147,045,545,174 147,045,545,174
LG생명과학 068870 자본조정 0 0
LG생명과학 068870 기타포괄손익누계액 -3,260,308,861 -1,490,945,989
LG생명과학 068870 이익잉여금(결손금) 0 0
LG생명과학 068870 자본총계 784,274,345,451 703,705,604,242
LG생명과학 068870 자본과부채총계 0 0
date : 2016-09-30
LG생명과학 068870 유동자산 292,036,916,501 248,503,918,082
LG생명과학 068870 현금및현금성자산 0 0
LG생명과학 068870 매출채권 108,020,301,256 107,192,067,407
LG생명과학 068870 재고자산 135,065,596,472 114,341,553,026
LG생명과학 068870 기타유동금융자산 0 0
LG생명과학 068870 기타유동자산 4,858,042,923 3,189,235,305
LG생명과학 068870 매각예정비유동자산 0 0
LG생명과학 068870 비유동자산 552,501,967,639 455,201,686,160
LG생명과학 068870 장기금융상품 0 0
LG생명과학 068870 기타포괄손익-공정가치 0 0
LG생명과학 068870 당기손익인식공정가치측정금융자산 0 0
LG생명과학 068870 종속회사투자 0 0
LG생명과학 068870 관계회사투자 0 0
LG생명과학 068870 렌탈자산 0 0
LG생명과학 068870 유형자산 432,762,540,995 353,608,740,335
LG생명과학 068870 무형자산 73,385,859,901 60,973,325,918
LG생명과학 068870 기타비유동금융자산 0 0
LG생명과학 068870 기타비유동자산 0 0
LG생명과학 068870 사용권자산 0 0
LG생명과학 068870 이연법인세자산 32,258,391,806 28,871,955,456
LG생명과학 068870 자산총계 844,538,884,140 703,705,604,242
LG생명과학 068870 유동부채 300,561,579,846 157,286,060,286
LG생명과학 068870 단기매입채무 0 0
LG생명과학 068870 단기차입금 0 0
LG생명과학 068870 유동성장기차입금 0 0
LG생명과학 068870 유동성사채 0 0
LG생명과학 068870 기타유동금융부채 0 0
LG생명과학 068870 기타유동부채 4,117,043,026 3,258,298,025
LG생명과학 068870 당기법인세부채 5,128,919,043 156,114,250
LG생명과학 068870 유동리스부채 0 0
LG생명과학 068870 비유동부채 262,020,234,212 288,098,014,568
LG생명과학 068870 사채 223,189,038,501 259,538,206,505
LG생명과학 068870 장기차입금 0 0
LG생명과학 068870 기타비유동금융부채 0 0
LG생명과학 068870 이연법인세부채 0 0
LG생명과학 068870 비유동리스부채 0 0
LG생명과학 068870 부채총계 562,581,814,058 445,384,074,854
LG생명과학 068870 자본금 84,066,030,000 84,066,030,000
LG생명과학 068870 자본잉여금 147,045,545,174 147,045,545,174
LG생명과학 068870 자본조정 0 0
LG생명과학 068870 기타포괄손익누계액 -3,078,081,188 -1,490,945,989
LG생명과학 068870 이익잉여금(결손금) 0 0
LG생명과학 068870 자본총계 844,538,884,140 703,705,604,242
LG생명과학 068870 자본과부채총계 0 0
