date : 2015-12-31
누리플랜 069140 유동자산 20,905,252,513 15,748,539,018
누리플랜 069140 현금및현금성자산 2,723,239,367 2,249,583,081
누리플랜 069140 매출채권 및 기타유동채권
누리플랜 069140 재고자산 1,432,408,810 1,337,252,060
누리플랜 069140 기타유동금융자산 1,189,313,327 4,325,563,255
누리플랜 069140 기타유동자산 0 0
누리플랜 069140 매각예정비유동자산 6,698,970,989 4,325,563,255
누리플랜 069140 비유동자산 11,655,184,639 17,827,439,334
누리플랜 069140 장기금융상품 0 0
누리플랜 069140 기타포괄손익-공정가치 0 0
누리플랜 069140 당기손익인식공정가치측정금융자산 0 0
누리플랜 069140 종속회사투자 0 0
누리플랜 069140 관계회사투자 0 0
누리플랜 069140 렌탈자산 0 0
누리플랜 069140 유형자산 8,170,704,841 14,917,546,459
누리플랜 069140 무형자산 1,006,534,042 488,318,397
누리플랜 069140 기타비유동금융자산 825,757,637 790,028,500
누리플랜 069140 기타비유동자산 0 0
누리플랜 069140 사용권자산 0 0
누리플랜 069140 이연법인세자산 141,602,998 790,028,500
누리플랜 069140 자산총계 32,560,437,152 33,575,978,352
누리플랜 069140 유동부채 13,026,834,239 16,454,131,465
누리플랜 069140 단기매입채무 0 0
누리플랜 069140 단기차입금 5,612,870,469 9,276,634,513
누리플랜 069140 유동성장기차입금 0 0
누리플랜 069140 유동성사채 0 0
누리플랜 069140 기타유동금융부채 0 0
누리플랜 069140 기타유동부채 0 0
누리플랜 069140 당기법인세부채 0 0
누리플랜 069140 유동리스부채 0 0
누리플랜 069140 비유동부채 2,269,470,655 449,730,857
누리플랜 069140 사채 0 0
누리플랜 069140 장기차입금 1,800,000,000 449,730,857
누리플랜 069140 기타비유동금융부채 0 0
누리플랜 069140 이연법인세부채 0 0
누리플랜 069140 비유동리스부채 0 0
누리플랜 069140 부채총계 15,296,304,894 16,903,862,322
누리플랜 069140 자본금 2,270,041,500 2,270,041,500
누리플랜 069140 자본잉여금 0 0
누리플랜 069140 자본조정 0 0
누리플랜 069140 기타포괄손익누계액 0 0
누리플랜 069140 이익잉여금(결손금) 0 0
누리플랜 069140 자본총계 17,264,132,258 16,672,116,030
누리플랜 069140 자본과부채총계 32,560,437,152 33,575,978,352
date : 2016-03-31
누리플랜 069140 유동자산 20,469,214,944 20,905,252,513
누리플랜 069140 현금및현금성자산 4,105,289,816 2,723,239,367
누리플랜 069140 매출채권 및 기타유동채권
누리플랜 069140 재고자산 1,515,645,415 1,432,408,810
누리플랜 069140 기타유동금융자산 3,392,759,232 1,189,313,327
누리플랜 069140 기타유동자산 0 0
누리플랜 069140 매각예정비유동자산 6,698,970,989 1,189,313,327
누리플랜 069140 비유동자산 15,137,094,030 12,155,184,639
누리플랜 069140 장기금융상품 0 0
누리플랜 069140 기타포괄손익-공정가치 0 0
누리플랜 069140 당기손익인식공정가치측정금융자산 0 0
누리플랜 069140 종속회사투자 0 0
누리플랜 069140 관계회사투자 0 0
누리플랜 069140 렌탈자산 0 0
누리플랜 069140 유형자산 8,193,183,928 8,170,704,841
누리플랜 069140 무형자산 1,485,736,524 1,506,534,042
누리플랜 069140 기타비유동금융자산 3,837,757,637 825,757,637
누리플랜 069140 기타비유동자산 0 0
누리플랜 069140 사용권자산 0 0
누리플랜 069140 이연법인세자산 0 0
누리플랜 069140 자산총계 35,606,308,974 33,060,437,152
누리플랜 069140 유동부채 11,848,319,467 13,026,834,239
누리플랜 069140 단기매입채무 0 0
누리플랜 069140 단기차입금 7,059,736,493 5,612,870,469
누리플랜 069140 유동성장기차입금 0 0
누리플랜 069140 유동성사채 0 0
누리플랜 069140 기타유동금융부채 0 0
누리플랜 069140 기타유동부채 0 0
누리플랜 069140 당기법인세부채 0 0
누리플랜 069140 유동리스부채 0 0
누리플랜 069140 비유동부채 2,260,109,681 2,269,470,655
누리플랜 069140 사채 0 0
누리플랜 069140 장기차입금 1,800,000,000 1,800,000,000
누리플랜 069140 기타비유동금융부채 0 0
누리플랜 069140 이연법인세부채 0 0
누리플랜 069140 비유동리스부채 0 0
누리플랜 069140 부채총계 14,108,429,148 15,296,304,894
누리플랜 069140 자본금 2,270,041,500 2,270,041,500
누리플랜 069140 자본잉여금 0 0
누리플랜 069140 자본조정 0 0
누리플랜 069140 기타포괄손익누계액 0 0
누리플랜 069140 이익잉여금(결손금) 0 0
누리플랜 069140 자본총계 21,497,879,826 17,764,132,258
누리플랜 069140 자본과부채총계 35,606,308,974 33,060,437,152
date : 2016-06-30
누리플랜 069140 유동자산 16,923,794,135 20,905,252,513
누리플랜 069140 현금및현금성자산 3,158,902,722 2,723,239,367
누리플랜 069140 매출채권 및 기타유동채권
누리플랜 069140 재고자산 1,470,617,887 1,432,408,810
누리플랜 069140 기타유동금융자산 1,436,212,698 1,189,313,327
누리플랜 069140 기타유동자산 0 0
누리플랜 069140 매각예정비유동자산 6,698,970,989 1,189,313,327
누리플랜 069140 비유동자산 19,128,580,482 12,155,184,639
누리플랜 069140 장기금융상품 0 0
누리플랜 069140 기타포괄손익-공정가치 0 0
누리플랜 069140 당기손익인식공정가치측정금융자산 0 0
누리플랜 069140 종속회사투자 0 0
누리플랜 069140 관계회사투자 0 0
누리플랜 069140 렌탈자산 0 0
누리플랜 069140 유형자산 12,170,195,789 8,170,704,841
누리플랜 069140 무형자산 1,455,446,767 1,506,534,042
누리플랜 069140 기타비유동금융자산 3,845,386,222 825,757,637
누리플랜 069140 기타비유동자산 0 0
누리플랜 069140 사용권자산 0 0
누리플랜 069140 이연법인세자산 0 0
누리플랜 069140 자산총계 36,052,374,617 33,060,437,152
누리플랜 069140 유동부채 11,873,129,528 13,026,834,239
누리플랜 069140 단기매입채무 0 0
누리플랜 069140 단기차입금 5,218,188,979 5,612,870,469
누리플랜 069140 유동성장기차입금 0 0
누리플랜 069140 유동성사채 0 0
누리플랜 069140 기타유동금융부채 0 0
누리플랜 069140 기타유동부채 0 0
누리플랜 069140 당기법인세부채 0 0
누리플랜 069140 유동리스부채 0 0
누리플랜 069140 비유동부채 2,710,118,634 2,269,470,655
누리플랜 069140 사채 0 0
누리플랜 069140 장기차입금 1,800,000,000 1,800,000,000
누리플랜 069140 기타비유동금융부채 0 0
누리플랜 069140 이연법인세부채 130,191,109 1,800,000,000
누리플랜 069140 비유동리스부채 0 0
누리플랜 069140 부채총계 14,583,248,162 15,296,304,894
누리플랜 069140 자본금 2,270,041,500 2,270,041,500
누리플랜 069140 자본잉여금 0 0
누리플랜 069140 자본조정 0 0
누리플랜 069140 기타포괄손익누계액 0 0
누리플랜 069140 이익잉여금(결손금) 0 0
누리플랜 069140 자본총계 21,469,126,455 17,764,132,258
누리플랜 069140 자본과부채총계 36,052,374,617 33,060,437,152
date : 2016-09-30
누리플랜 069140 유동자산 15,909,424,005 20,905,252,513
누리플랜 069140 현금및현금성자산 3,055,619,622 2,723,239,367
누리플랜 069140 매출채권 및 기타유동채권
누리플랜 069140 재고자산 1,591,886,913 1,432,408,810
누리플랜 069140 기타유동금융자산 2,862,591,659 1,189,313,327
누리플랜 069140 기타유동자산 0 0
누리플랜 069140 매각예정비유동자산 6,698,970,989 1,189,313,327
누리플랜 069140 비유동자산 19,056,710,322 12,155,184,639
누리플랜 069140 장기금융상품 0 0
누리플랜 069140 기타포괄손익-공정가치 0 0
누리플랜 069140 당기손익인식공정가치측정금융자산 0 0
누리플랜 069140 종속회사투자 0 0
누리플랜 069140 관계회사투자 0 0
누리플랜 069140 렌탈자산 0 0
누리플랜 069140 유형자산 12,112,072,730 8,170,704,841
누리플랜 069140 무형자산 1,431,167,596 1,506,534,042
누리플랜 069140 기타비유동금융자산 3,867,201,222 825,757,637
누리플랜 069140 기타비유동자산 0 0
누리플랜 069140 사용권자산 0 0
누리플랜 069140 이연법인세자산 0 0
누리플랜 069140 자산총계 34,966,134,327 33,060,437,152
누리플랜 069140 유동부채 12,139,546,538 13,026,834,239
누리플랜 069140 단기매입채무 0 0
누리플랜 069140 단기차입금 5,784,041,241 5,612,870,469
누리플랜 069140 유동성장기차입금 0 0
누리플랜 069140 유동성사채 0 0
누리플랜 069140 기타유동금융부채 0 0
누리플랜 069140 기타유동부채 0 0
누리플랜 069140 당기법인세부채 0 0
누리플랜 069140 유동리스부채 0 0
누리플랜 069140 비유동부채 2,756,467,940 2,269,470,655
누리플랜 069140 사채 0 0
누리플랜 069140 장기차입금 1,800,000,000 1,800,000,000
누리플랜 069140 기타비유동금융부채 0 0
누리플랜 069140 이연법인세부채 130,191,109 1,800,000,000
누리플랜 069140 비유동리스부채 0 0
누리플랜 069140 부채총계 14,896,014,478 15,296,304,894
누리플랜 069140 자본금 2,270,041,500 2,270,041,500
누리플랜 069140 자본잉여금 0 0
누리플랜 069140 자본조정 0 0
누리플랜 069140 기타포괄손익누계액 0 0
누리플랜 069140 이익잉여금(결손금) 0 0
누리플랜 069140 자본총계 20,070,119,849 17,764,132,258
누리플랜 069140 자본과부채총계 34,966,134,327 33,060,437,152
date : 2016-12-31
누리플랜 069140 유동자산 17,712,827,353 20,905,252,513
누리플랜 069140 현금및현금성자산 4,326,249,016 2,723,239,367
누리플랜 069140 매출채권 및 기타유동채권
누리플랜 069140 재고자산 1,186,660,941 1,432,408,810
누리플랜 069140 기타유동금융자산 2,364,556,659 1,189,313,327
누리플랜 069140 기타유동자산 0 0
누리플랜 069140 매각예정비유동자산 6,698,970,989 1,189,313,327
누리플랜 069140 비유동자산 17,677,185,486 11,655,184,639
누리플랜 069140 장기금융상품 0 0
누리플랜 069140 기타포괄손익-공정가치 0 0
누리플랜 069140 당기손익인식공정가치측정금융자산 0 0
누리플랜 069140 종속회사투자 0 0
누리플랜 069140 관계회사투자 0 0
누리플랜 069140 렌탈자산 0 0
누리플랜 069140 유형자산 12,586,060,068 8,170,704,841
누리플랜 069140 무형자산 914,408,150 1,006,534,042
누리플랜 069140 기타비유동금융자산 1,968,020,914 825,757,637
누리플랜 069140 기타비유동자산 0 0
누리플랜 069140 사용권자산 0 0
누리플랜 069140 이연법인세자산 594,680,878 825,757,637
누리플랜 069140 자산총계 35,390,012,839 32,560,437,152
누리플랜 069140 유동부채 13,420,066,083 13,026,834,239
누리플랜 069140 단기매입채무 0 0
누리플랜 069140 단기차입금 6,919,325,981 5,612,870,469
누리플랜 069140 유동성장기차입금 0 0
누리플랜 069140 유동성사채 0 0
누리플랜 069140 기타유동금융부채 0 0
누리플랜 069140 기타유동부채 0 0
누리플랜 069140 당기법인세부채 15,194,291 5,612,870,469
누리플랜 069140 유동리스부채 0 0
누리플랜 069140 비유동부채 2,576,936,306 2,269,470,655
누리플랜 069140 사채 0 0
누리플랜 069140 장기차입금 1,800,000,000 1,800,000,000
누리플랜 069140 기타비유동금융부채 0 0
누리플랜 069140 이연법인세부채 0 0
누리플랜 069140 비유동리스부채 0 0
누리플랜 069140 부채총계 15,997,002,389 15,296,304,894
누리플랜 069140 자본금 2,270,041,500 2,270,041,500
누리플랜 069140 자본잉여금 0 0
누리플랜 069140 자본조정 0 0
누리플랜 069140 기타포괄손익누계액 0 0
누리플랜 069140 이익잉여금(결손금) 0 0
누리플랜 069140 자본총계 19,393,010,450 17,264,132,258
누리플랜 069140 자본과부채총계 35,390,012,839 32,560,437,152
date : 2017-03-31
누리플랜 069140 유동자산 16,022,928,044 17,712,827,353
누리플랜 069140 현금및현금성자산 4,009,874,229 4,326,249,016
누리플랜 069140 매출채권 및 기타유동채권
누리플랜 069140 재고자산 1,329,480,228 1,186,660,941
누리플랜 069140 기타유동금융자산 2,027,340,935 2,364,556,659
누리플랜 069140 기타유동자산 0 0
누리플랜 069140 매각예정비유동자산 6,698,970,989 2,364,556,659
누리플랜 069140 비유동자산 17,941,156,445 17,677,185,486
누리플랜 069140 장기금융상품 0 0
누리플랜 069140 기타포괄손익-공정가치 0 0
누리플랜 069140 당기손익인식공정가치측정금융자산 0 0
누리플랜 069140 종속회사투자 0 0
누리플랜 069140 관계회사투자 0 0
누리플랜 069140 렌탈자산 0 0
누리플랜 069140 유형자산 12,160,210,387 12,586,060,068
누리플랜 069140 무형자산 1,247,963,710 914,408,150
누리플랜 069140 기타비유동금융자산 1,975,718,835 1,968,020,914
누리플랜 069140 기타비유동자산 0 0
누리플랜 069140 사용권자산 0 0
누리플랜 069140 이연법인세자산 594,680,878 594,680,878
누리플랜 069140 자산총계 33,964,084,489 35,390,012,839
누리플랜 069140 유동부채 12,141,202,619 13,420,066,083
누리플랜 069140 단기매입채무 0 0
누리플랜 069140 단기차입금 7,216,800,957 6,919,325,981
누리플랜 069140 유동성장기차입금 0 0
누리플랜 069140 유동성사채 0 0
누리플랜 069140 기타유동금융부채 0 0
누리플랜 069140 기타유동부채 0 0
누리플랜 069140 당기법인세부채 15,194,291 15,194,291
누리플랜 069140 유동리스부채 0 0
누리플랜 069140 비유동부채 2,608,757,931 2,576,936,306
누리플랜 069140 사채 0 0
누리플랜 069140 장기차입금 1,800,000,000 1,800,000,000
누리플랜 069140 기타비유동금융부채 0 0
누리플랜 069140 이연법인세부채 0 0
누리플랜 069140 비유동리스부채 0 0
누리플랜 069140 부채총계 14,749,960,550 15,997,002,389
누리플랜 069140 자본금 2,270,041,500 2,270,041,500
누리플랜 069140 자본잉여금 0 0
누리플랜 069140 자본조정 0 0
누리플랜 069140 기타포괄손익누계액 0 0
누리플랜 069140 이익잉여금(결손금) 0 0
누리플랜 069140 자본총계 19,210,949,419 19,393,010,450
누리플랜 069140 자본과부채총계 33,960,909,969 35,390,012,839
date : 2017-06-30
누리플랜 069140 유동자산 17,668,579,167 17,712,827,353
누리플랜 069140 현금및현금성자산 6,617,723,494 4,326,249,016
누리플랜 069140 매출채권 및 기타유동채권
누리플랜 069140 재고자산 1,141,325,689 1,186,660,941
누리플랜 069140 기타유동금융자산 1,566,418,329 2,364,556,659
누리플랜 069140 기타유동자산 0 0
누리플랜 069140 매각예정비유동자산 0 0
누리플랜 069140 비유동자산 17,947,731,243 17,677,185,486
누리플랜 069140 장기금융상품 0 0
누리플랜 069140 기타포괄손익-공정가치 0 0
누리플랜 069140 당기손익인식공정가치측정금융자산 0 0
누리플랜 069140 종속회사투자 0 0
누리플랜 069140 관계회사투자 0 0
누리플랜 069140 렌탈자산 0 0
누리플랜 069140 유형자산 12,122,454,416 12,586,060,068
누리플랜 069140 무형자산 1,601,383,209 914,408,150
누리플랜 069140 기타비유동금융자산 1,651,883,985 1,968,020,914
누리플랜 069140 기타비유동자산 0 0
누리플랜 069140 사용권자산 0 0
누리플랜 069140 이연법인세자산 644,969,813 594,680,878
누리플랜 069140 자산총계 35,616,310,410 35,390,012,839
누리플랜 069140 유동부채 15,364,659,838 13,420,066,083
누리플랜 069140 단기매입채무 0 0
누리플랜 069140 단기차입금 6,939,508,855 6,919,325,981
누리플랜 069140 유동성장기차입금 1,800,000,000 6,919,325,981
누리플랜 069140 유동성사채 0 0
누리플랜 069140 기타유동금융부채 0 0
누리플랜 069140 기타유동부채 0 0
누리플랜 069140 당기법인세부채 15,194,291 6,919,325,981
누리플랜 069140 유동리스부채 0 0
누리플랜 069140 비유동부채 823,078,032 2,576,936,306
누리플랜 069140 사채 0 0
누리플랜 069140 장기차입금 1,800,000,000 2,576,936,306
누리플랜 069140 기타비유동금융부채 0 0
누리플랜 069140 이연법인세부채 0 0
누리플랜 069140 비유동리스부채 0 0
누리플랜 069140 부채총계 16,187,737,870 15,997,002,389
누리플랜 069140 자본금 2,375,700,500 2,270,041,500
누리플랜 069140 자본잉여금 0 0
누리플랜 069140 자본조정 0 0
누리플랜 069140 기타포괄손익누계액 0 0
누리플랜 069140 이익잉여금(결손금) 0 0
누리플랜 069140 자본총계 19,428,572,540 19,393,010,450
누리플랜 069140 자본과부채총계 35,616,310,410 35,390,012,839
date : 2017-09-30
누리플랜 069140 유동자산 16,073,251,663 17,712,827,353
누리플랜 069140 현금및현금성자산 6,139,404,680 4,326,249,016
누리플랜 069140 매출채권 및 기타유동채권
누리플랜 069140 재고자산 1,122,670,874 1,186,660,941
누리플랜 069140 기타유동금융자산 1,485,641,161 2,364,556,659
누리플랜 069140 기타유동자산 0 0
누리플랜 069140 매각예정비유동자산 0 0
누리플랜 069140 비유동자산 17,923,576,642 17,677,185,486
누리플랜 069140 장기금융상품 0 0
누리플랜 069140 기타포괄손익-공정가치 0 0
누리플랜 069140 당기손익인식공정가치측정금융자산 0 0
누리플랜 069140 종속회사투자 0 0
누리플랜 069140 관계회사투자 0 0
누리플랜 069140 렌탈자산 0 0
누리플랜 069140 유형자산 12,452,532,517 12,586,060,068
누리플랜 069140 무형자산 1,611,062,385 914,408,150
누리플랜 069140 기타비유동금융자산 1,657,656,700 1,968,020,914
누리플랜 069140 기타비유동자산 0 0
누리플랜 069140 사용권자산 0 0
누리플랜 069140 이연법인세자산 594,680,878 594,680,878
누리플랜 069140 자산총계 33,996,828,305 35,390,012,839
누리플랜 069140 유동부채 13,537,816,887 13,420,066,083
누리플랜 069140 단기매입채무 0 0
누리플랜 069140 단기차입금 6,401,445,411 6,919,325,981
누리플랜 069140 유동성장기차입금 0 0
누리플랜 069140 유동성사채 0 0
누리플랜 069140 기타유동금융부채 0 0
누리플랜 069140 기타유동부채 0 0
누리플랜 069140 당기법인세부채 15,194,291 6,919,325,981
누리플랜 069140 유동리스부채 0 0
누리플랜 069140 비유동부채 1,131,159,280 2,576,936,306
누리플랜 069140 사채 0 0
누리플랜 069140 장기차입금 250,000,000 1,800,000,000
누리플랜 069140 기타비유동금융부채 0 0
누리플랜 069140 이연법인세부채 0 0
누리플랜 069140 비유동리스부채 0 0
누리플랜 069140 부채총계 14,668,976,167 15,997,002,389
누리플랜 069140 자본금 2,375,700,500 2,270,041,500
누리플랜 069140 자본잉여금 0 0
누리플랜 069140 자본조정 0 0
누리플랜 069140 기타포괄손익누계액 0 0
누리플랜 069140 이익잉여금(결손금) 0 0
누리플랜 069140 자본총계 19,327,852,138 19,393,010,450
누리플랜 069140 자본과부채총계 33,996,828,305 35,390,012,839
date : 2017-12-31
누리플랜 069140 유동자산 21,091,280,409 17,712,827,353
누리플랜 069140 현금및현금성자산 4,964,255,235 4,326,249,016
누리플랜 069140 매출채권 및 기타유동채권
누리플랜 069140 재고자산 686,544,574 1,186,660,941
누리플랜 069140 기타유동금융자산 1,725,641,161 2,364,556,659
누리플랜 069140 기타유동자산 0 0
누리플랜 069140 매각예정비유동자산 6,698,970,989 2,364,556,659
누리플랜 069140 비유동자산 17,693,446,217 17,677,185,486
누리플랜 069140 장기금융상품 0 0
누리플랜 069140 기타포괄손익-공정가치 0 0
누리플랜 069140 당기손익인식공정가치측정금융자산 0 0
누리플랜 069140 종속회사투자 0 0
누리플랜 069140 관계회사투자 0 0
누리플랜 069140 렌탈자산 0 0
누리플랜 069140 유형자산 12,369,966,340 12,586,060,068
누리플랜 069140 무형자산 1,564,859,969 914,408,150
누리플랜 069140 기타비유동금융자산 1,370,109,003 1,968,020,914
누리플랜 069140 기타비유동자산 0 0
누리플랜 069140 사용권자산 0 0
누리플랜 069140 이연법인세자산 705,121,307 594,680,878
누리플랜 069140 자산총계 38,784,726,626 35,390,012,839
누리플랜 069140 유동부채 17,003,814,070 13,420,066,083
누리플랜 069140 단기매입채무 0 0
누리플랜 069140 단기차입금 5,111,469,137 6,919,325,981
누리플랜 069140 유동성장기차입금 0 0
누리플랜 069140 유동성사채 0 0
누리플랜 069140 기타유동금융부채 0 0
누리플랜 069140 기타유동부채 0 0
누리플랜 069140 당기법인세부채 4,835,411 15,194,291
누리플랜 069140 유동리스부채 0 0
누리플랜 069140 비유동부채 925,732,581 2,576,936,306
누리플랜 069140 사채 0 0
누리플랜 069140 장기차입금 250,000,000 1,800,000,000
누리플랜 069140 기타비유동금융부채 0 0
누리플랜 069140 이연법인세부채 0 0
누리플랜 069140 비유동리스부채 0 0
누리플랜 069140 부채총계 17,929,546,651 15,997,002,389
누리플랜 069140 자본금 2,375,700,500 2,270,041,500
누리플랜 069140 자본잉여금 0 0
누리플랜 069140 자본조정 0 0
누리플랜 069140 기타포괄손익누계액 0 0
누리플랜 069140 이익잉여금(결손금) 0 0
누리플랜 069140 자본총계 20,855,179,975 19,393,010,450
누리플랜 069140 자본과부채총계 38,784,726,626 35,390,012,839
date : 2018-03-31
누리플랜 069140 유동자산 21,838,485,140 21,091,280,409
누리플랜 069140 현금및현금성자산 9,602,177,454 4,964,255,235
누리플랜 069140 매출채권 및 기타유동채권
누리플랜 069140 재고자산 628,724,475 686,544,574
누리플랜 069140 기타유동금융자산 1,404,009,161 1,725,641,161
누리플랜 069140 기타유동자산 0 0
누리플랜 069140 매각예정비유동자산 0 0
누리플랜 069140 비유동자산 17,954,600,666 17,693,446,217
누리플랜 069140 장기금융상품 0 0
누리플랜 069140 기타포괄손익-공정가치 0 0
누리플랜 069140 당기손익인식공정가치측정금융자산 0 0
누리플랜 069140 종속회사투자 0 0
누리플랜 069140 관계회사투자 0 0
누리플랜 069140 렌탈자산 0 0
누리플랜 069140 유형자산 12,324,150,040 12,369,966,340
누리플랜 069140 무형자산 1,542,710,611 1,564,859,969
누리플랜 069140 기타비유동금융자산 1,420,891,097 1,370,109,003
누리플랜 069140 기타비유동자산 0 0
누리플랜 069140 사용권자산 0 0
누리플랜 069140 이연법인세자산 705,121,307 705,121,307
누리플랜 069140 자산총계 39,793,085,806 38,784,726,626
누리플랜 069140 유동부채 13,628,048,442 17,003,814,070
누리플랜 069140 단기매입채무 0 0
누리플랜 069140 단기차입금 5,004,435,527 5,111,469,137
누리플랜 069140 유동성장기차입금 0 0
누리플랜 069140 유동성사채 0 0
누리플랜 069140 기타유동금융부채 0 0
누리플랜 069140 기타유동부채 0 0
누리플랜 069140 당기법인세부채 4,835,411 4,835,411
누리플랜 069140 유동리스부채 0 0
누리플랜 069140 비유동부채 5,578,201,958 925,732,581
누리플랜 069140 사채 0 0
누리플랜 069140 장기차입금 4,806,335,604 250,000,000
누리플랜 069140 기타비유동금융부채 0 0
누리플랜 069140 이연법인세부채 23,400,825 250,000,000
누리플랜 069140 비유동리스부채 0 0
누리플랜 069140 부채총계 19,206,250,400 17,929,546,651
누리플랜 069140 자본금 2,375,700,500 2,375,700,500
누리플랜 069140 자본잉여금 0 0
누리플랜 069140 자본조정 0 0
누리플랜 069140 기타포괄손익누계액 0 0
누리플랜 069140 이익잉여금(결손금) 0 0
누리플랜 069140 자본총계 20,586,835,406 20,855,179,975
누리플랜 069140 자본과부채총계 39,793,085,806 38,784,726,626
date : 2018-06-30
누리플랜 069140 유동자산 16,684,744,686 21,091,280,409
누리플랜 069140 현금및현금성자산 2,701,020,188 4,964,255,235
누리플랜 069140 매출채권 4,412,024,967 8,645,016,734
누리플랜 069140 재고자산 629,477,454 686,544,574
누리플랜 069140 기타유동금융자산 0 0
누리플랜 069140 기타유동자산 1,239,765,081 4,995,074,743
누리플랜 069140 매각예정비유동자산 0 0
누리플랜 069140 비유동자산 27,532,309,760 17,693,446,217
누리플랜 069140 장기금융상품 0 0
누리플랜 069140 기타포괄손익-공정가치 0 0
누리플랜 069140 당기손익인식공정가치측정금융자산 0 0
누리플랜 069140 종속회사투자 0 0
누리플랜 069140 관계회사투자 0 0
누리플랜 069140 렌탈자산 0 0
누리플랜 069140 유형자산 12,456,439,362 12,369,966,340
누리플랜 069140 무형자산 1,552,884,539 1,564,859,969
누리플랜 069140 기타비유동금융자산 430,497,388 1,665,812,404
누리플랜 069140 기타비유동자산 58,019,357 69,525,567
누리플랜 069140 사용권자산 0 0
누리플랜 069140 이연법인세자산 705,121,307 1,665,812,404
누리플랜 069140 자산총계 44,217,054,446 38,784,726,626
누리플랜 069140 유동부채 14,557,583,870 17,003,814,070
누리플랜 069140 단기매입채무 0 0
누리플랜 069140 단기차입금 0 0
누리플랜 069140 유동성장기차입금 0 0
누리플랜 069140 유동성사채 0 0
누리플랜 069140 기타유동금융부채 0 0
누리플랜 069140 기타유동부채 307,348,794 242,209,594
누리플랜 069140 당기법인세부채 4,835,411 242,209,594
누리플랜 069140 유동리스부채 0 0
누리플랜 069140 비유동부채 5,827,698,837 925,732,581
누리플랜 069140 사채 0 0
누리플랜 069140 장기차입금 250,000,000 250,000,000
누리플랜 069140 기타비유동금융부채 170,000,000 170,000,000
누리플랜 069140 이연법인세부채 340,469,443 250,000,000
누리플랜 069140 비유동리스부채 0 0
누리플랜 069140 부채총계 20,385,282,707 17,929,546,651
누리플랜 069140 자본금 2,375,700,500 2,375,700,500
누리플랜 069140 자본잉여금 0 0
누리플랜 069140 자본조정 0 0
누리플랜 069140 기타포괄손익누계액 0 0
누리플랜 069140 이익잉여금(결손금) 0 0
누리플랜 069140 자본총계 23,831,771,739 20,855,179,975
누리플랜 069140 자본과부채총계 44,217,054,446 38,784,726,626
date : 2018-09-30
누리플랜 069140 유동자산 14,228,799,378 21,091,280,409
누리플랜 069140 현금및현금성자산 1,541,256,512 4,964,255,235
누리플랜 069140 매출채권 3,786,417,445 8,645,016,734
누리플랜 069140 재고자산 614,481,955 686,544,574
누리플랜 069140 기타유동금융자산 0 0
누리플랜 069140 기타유동자산 1,431,427,799 4,995,074,743
누리플랜 069140 매각예정비유동자산 0 0
누리플랜 069140 비유동자산 27,551,423,628 17,693,446,217
누리플랜 069140 장기금융상품 0 0
누리플랜 069140 기타포괄손익-공정가치 0 0
누리플랜 069140 당기손익인식공정가치측정금융자산 0 0
누리플랜 069140 종속회사투자 0 0
누리플랜 069140 관계회사투자 0 0
누리플랜 069140 렌탈자산 0 0
누리플랜 069140 유형자산 12,550,808,938 12,369,966,340
누리플랜 069140 무형자산 1,526,330,874 1,564,859,969
누리플랜 069140 기타비유동금융자산 451,486,866 1,665,812,404
누리플랜 069140 기타비유동자산 50,875,698 69,525,567
누리플랜 069140 사용권자산 0 0
누리플랜 069140 이연법인세자산 705,121,307 1,665,812,404
누리플랜 069140 자산총계 41,780,223,006 38,784,726,626
누리플랜 069140 유동부채 9,422,687,185 17,003,814,070
누리플랜 069140 단기매입채무 0 0
누리플랜 069140 단기차입금 0 0
누리플랜 069140 유동성장기차입금 0 0
누리플랜 069140 유동성사채 0 0
누리플랜 069140 기타유동금융부채 0 0
누리플랜 069140 기타유동부채 183,436,188 242,209,594
누리플랜 069140 당기법인세부채 4,835,411 242,209,594
누리플랜 069140 유동리스부채 0 0
누리플랜 069140 비유동부채 9,929,362,486 925,732,581
누리플랜 069140 사채 0 0
누리플랜 069140 장기차입금 4,050,000,000 250,000,000
누리플랜 069140 기타비유동금융부채 170,000,000 170,000,000
누리플랜 069140 이연법인세부채 340,469,443 250,000,000
누리플랜 069140 비유동리스부채 0 0
누리플랜 069140 부채총계 19,352,049,671 17,929,546,651
누리플랜 069140 자본금 2,375,700,500 2,375,700,500
누리플랜 069140 자본잉여금 0 0
누리플랜 069140 자본조정 0 0
누리플랜 069140 기타포괄손익누계액 0 0
누리플랜 069140 이익잉여금(결손금) 0 0
누리플랜 069140 자본총계 22,428,173,335 20,855,179,975
누리플랜 069140 자본과부채총계 41,780,223,006 38,784,726,626
date : 2018-12-31
누리플랜 069140 유동자산 12,560,744,050 21,091,280,409
누리플랜 069140 현금및현금성자산 913,466,155 4,964,255,235
누리플랜 069140 매출채권 3,571,885,499 8,645,016,734
누리플랜 069140 재고자산 326,382,677 686,544,574
누리플랜 069140 기타유동금융자산 1,158,815,666 1,800,389,123
누리플랜 069140 기타유동자산 901,733,199 4,995,074,743
누리플랜 069140 매각예정비유동자산 0 0
누리플랜 069140 비유동자산 28,874,960,874 17,693,446,217
누리플랜 069140 장기금융상품 0 0
누리플랜 069140 기타포괄손익-공정가치 0 0
누리플랜 069140 당기손익인식공정가치측정금융자산 0 0
누리플랜 069140 종속회사투자 0 0
누리플랜 069140 관계회사투자 0 0
누리플랜 069140 렌탈자산 0 0
누리플랜 069140 유형자산 12,494,677,526 12,369,966,340
누리플랜 069140 무형자산 1,291,729,308 1,564,859,969
누리플랜 069140 기타비유동금융자산 658,473,020 1,665,812,404
누리플랜 069140 기타비유동자산 54,726,664 69,525,567
누리플랜 069140 사용권자산 0 0
누리플랜 069140 이연법인세자산 705,121,307 594,680,878
누리플랜 069140 자산총계 41,435,704,924 38,784,726,626
누리플랜 069140 유동부채 14,446,504,721 17,003,814,070
누리플랜 069140 단기매입채무 0 0
누리플랜 069140 단기차입금 2,786,735,592 5,111,469,137
누리플랜 069140 유동성장기차입금 0 0
누리플랜 069140 유동성사채 0 0
누리플랜 069140 기타유동금융부채 4,366,354,146 6,305,197,932
누리플랜 069140 기타유동부채 122,712,751 242,209,594
누리플랜 069140 당기법인세부채 4,835,411 15,194,291
누리플랜 069140 유동리스부채 0 0
누리플랜 069140 비유동부채 4,907,985,836 925,732,581
누리플랜 069140 사채 0 0
누리플랜 069140 장기차입금 4,050,000,000 250,000,000
누리플랜 069140 기타비유동금융부채 170,000,000 170,000,000
누리플랜 069140 이연법인세부채 110,152,305 250,000,000
누리플랜 069140 비유동리스부채 0 0
누리플랜 069140 부채총계 19,354,490,557 17,929,546,651
누리플랜 069140 자본금 2,375,700,500 2,375,700,500
누리플랜 069140 자본잉여금 0 0
누리플랜 069140 자본조정 0 0
누리플랜 069140 기타포괄손익누계액 0 0
누리플랜 069140 이익잉여금(결손금) 9,279,224,006 9,120,313,987
누리플랜 069140 자본총계 22,081,214,367 20,855,179,975
누리플랜 069140 자본과부채총계 41,435,704,924 38,784,726,626
date : 2019-03-31
누리플랜 069140 유동자산 14,287,107,758 12,560,744,050
누리플랜 069140 현금및현금성자산 3,093,811,196 913,466,155
누리플랜 069140 매출채권 3,260,674,051 3,571,885,499
누리플랜 069140 재고자산 736,148,020 326,382,677
누리플랜 069140 기타유동금융자산 827,544,609 1,158,815,666
누리플랜 069140 기타유동자산 1,037,131,118 901,733,199
누리플랜 069140 매각예정비유동자산 0 0
누리플랜 069140 비유동자산 29,082,723,424 28,874,960,874
누리플랜 069140 장기금융상품 0 0
누리플랜 069140 기타포괄손익-공정가치 0 0
누리플랜 069140 당기손익인식공정가치측정금융자산 0 0
누리플랜 069140 종속회사투자 0 0
누리플랜 069140 관계회사투자 0 0
누리플랜 069140 렌탈자산 0 0
누리플랜 069140 유형자산 12,480,147,545 12,494,677,526
누리플랜 069140 무형자산 1,703,723,975 1,291,729,308
누리플랜 069140 기타비유동금융자산 646,137,885 658,473,020
누리플랜 069140 기타비유동자산 49,510,998 54,726,664
누리플랜 069140 사용권자산 0 0
누리플랜 069140 이연법인세자산 0 0
누리플랜 069140 자산총계 43,369,831,182 41,435,704,924
누리플랜 069140 유동부채 11,982,345,216 14,446,504,721
누리플랜 069140 단기매입채무 0 0
누리플랜 069140 단기차입금 3,019,517,018 2,786,735,592
누리플랜 069140 유동성장기차입금 0 0
누리플랜 069140 유동성사채 0 0
누리플랜 069140 기타유동금융부채 3,955,069,774 4,366,354,146
누리플랜 069140 기타유동부채 104,241,788 122,712,751
누리플랜 069140 당기법인세부채 0 0
누리플랜 069140 유동리스부채 0 0
누리플랜 069140 비유동부채 5,353,697,476 4,907,985,836
누리플랜 069140 사채 0 0
누리플랜 069140 장기차입금 4,050,000,000 4,050,000,000
누리플랜 069140 기타비유동금융부채 170,000,000 170,000,000
누리플랜 069140 이연법인세부채 110,152,305 110,152,305
누리플랜 069140 비유동리스부채 0 0
누리플랜 069140 부채총계 17,336,042,692 19,354,490,557
누리플랜 069140 자본금 2,695,067,000 2,375,700,500
누리플랜 069140 자본잉여금 0 0
누리플랜 069140 자본조정 0 0
누리플랜 069140 기타포괄손익누계액 0 0
누리플랜 069140 이익잉여금(결손금) 9,838,471,862 9,279,224,006
누리플랜 069140 자본총계 26,033,788,490 22,081,214,367
누리플랜 069140 자본과부채총계 43,369,831,182 41,435,704,924
