date : 2015-12-31
하이스틸 071090 유동자산 65,298,221,799 86,656,278,349
하이스틸 071090 현금및현금성자산 8,716,901,814 1,358,175,248
하이스틸 071090 매출채권 및 기타채권
하이스틸 071090 재고자산 26,421,395,059 36,357,712,344
하이스틸 071090 기타유동금융자산 0 0
하이스틸 071090 기타유동자산 419,987,837 380,758,994
하이스틸 071090 매각예정비유동자산 0 0
하이스틸 071090 비유동자산 161,878,931,906 161,964,067,670
하이스틸 071090 장기금융상품 11,000,000 12,000,000
하이스틸 071090 기타포괄손익-공정가치 0 0
하이스틸 071090 당기손익인식공정가치측정금융자산 0 0
하이스틸 071090 종속회사투자 0 0
하이스틸 071090 관계회사투자 0 0
하이스틸 071090 렌탈자산 0 0
하이스틸 071090 유형자산 155,204,664,903 154,487,293,939
하이스틸 071090 무형자산 301,137,899 301,137,899
하이스틸 071090 기타비유동금융자산 0 0
하이스틸 071090 기타비유동자산 0 0
하이스틸 071090 사용권자산 0 0
하이스틸 071090 이연법인세자산 0 0
하이스틸 071090 자산총계 227,177,153,705 248,620,346,019
하이스틸 071090 유동부채 83,452,732,710 83,880,086,199
하이스틸 071090 단기매입채무 0 0
하이스틸 071090 단기차입금 51,595,268,175 53,533,008,000
하이스틸 071090 유동성장기차입금 0 0
하이스틸 071090 유동성사채 0 0
하이스틸 071090 기타유동금융부채 0 0
하이스틸 071090 기타유동부채 1,049,605,269 89,875,854
하이스틸 071090 당기법인세부채 0 0
하이스틸 071090 유동리스부채 0 0
하이스틸 071090 비유동부채 21,638,233,065 33,445,128,325
하이스틸 071090 사채 0 0
하이스틸 071090 장기차입금 3,291,480,000 13,999,980,000
하이스틸 071090 기타비유동금융부채 0 0
하이스틸 071090 이연법인세부채 16,354,156,312 17,789,032,709
하이스틸 071090 비유동리스부채 0 0
하이스틸 071090 부채총계 105,090,965,775 117,325,214,524
하이스틸 071090 자본금 9,999,720,000 9,999,720,000
하이스틸 071090 자본잉여금 0 0
하이스틸 071090 자본조정 0 0
하이스틸 071090 기타포괄손익누계액 0 0
하이스틸 071090 이익잉여금(결손금) 64,144,651,695 72,979,527,371
하이스틸 071090 자본총계 122,086,187,930 131,295,131,495
하이스틸 071090 자본과부채총계 227,177,153,705 248,620,346,019
date : 2016-03-31
하이스틸 071090 유동자산 66,080,051,111 65,298,221,799
하이스틸 071090 현금및현금성자산 12,721,448,838 8,716,901,814
하이스틸 071090 매출채권 및 기타채권
하이스틸 071090 재고자산 21,667,628,847 26,421,395,059
하이스틸 071090 기타유동금융자산 0 0
하이스틸 071090 기타유동자산 41,470,862 419,987,837
하이스틸 071090 매각예정비유동자산 0 0
하이스틸 071090 비유동자산 160,862,645,604 161,878,931,906
하이스틸 071090 장기금융상품 11,000,000 11,000,000
하이스틸 071090 기타포괄손익-공정가치 0 0
하이스틸 071090 당기손익인식공정가치측정금융자산 0 0
하이스틸 071090 종속회사투자 0 0
하이스틸 071090 관계회사투자 0 0
하이스틸 071090 렌탈자산 0 0
하이스틸 071090 유형자산 154,176,464,357 155,204,664,903
하이스틸 071090 무형자산 301,137,899 301,137,899
하이스틸 071090 기타비유동금융자산 0 0
하이스틸 071090 기타비유동자산 0 0
하이스틸 071090 사용권자산 0 0
하이스틸 071090 이연법인세자산 0 0
하이스틸 071090 자산총계 226,942,696,715 227,177,153,705
하이스틸 071090 유동부채 82,712,353,105 83,452,732,710
하이스틸 071090 단기매입채무 0 0
하이스틸 071090 단기차입금 59,350,000,000 51,595,268,175
하이스틸 071090 유동성장기차입금 0 0
하이스틸 071090 유동성사채 0 0
하이스틸 071090 기타유동금융부채 0 0
하이스틸 071090 기타유동부채 428,034,133 1,049,605,269
하이스틸 071090 당기법인세부채 0 0
하이스틸 071090 유동리스부채 0 0
하이스틸 071090 비유동부채 21,071,464,579 21,638,233,065
하이스틸 071090 사채 0 0
하이스틸 071090 장기차입금 2,400,000,000 3,291,480,000
하이스틸 071090 기타비유동금융부채 0 0
하이스틸 071090 이연법인세부채 16,584,299,149 16,354,156,312
하이스틸 071090 비유동리스부채 0 0
하이스틸 071090 부채총계 103,783,817,684 105,090,965,775
하이스틸 071090 자본금 9,999,720,000 9,999,720,000
하이스틸 071090 자본잉여금 0 0
하이스틸 071090 자본조정 0 0
하이스틸 071090 기타포괄손익누계액 0 0
하이스틸 071090 이익잉여금(결손금) 65,220,356,585 64,144,651,695
하이스틸 071090 자본총계 123,158,879,031 122,086,187,930
하이스틸 071090 자본과부채총계 226,942,696,715 227,177,153,705
date : 2016-06-30
하이스틸 071090 유동자산 70,834,936,482 65,298,221,799
하이스틸 071090 현금및현금성자산 19,609,690,175 8,716,901,814
하이스틸 071090 매출채권 및 기타채권
하이스틸 071090 재고자산 23,106,319,435 26,421,395,059
하이스틸 071090 기타유동금융자산 0 0
하이스틸 071090 기타유동자산 122,918,622 419,987,837
하이스틸 071090 매각예정비유동자산 0 0
하이스틸 071090 비유동자산 161,099,047,462 161,878,931,906
하이스틸 071090 장기금융상품 11,000,000 11,000,000
하이스틸 071090 기타포괄손익-공정가치 0 0
하이스틸 071090 당기손익인식공정가치측정금융자산 0 0
하이스틸 071090 종속회사투자 0 0
하이스틸 071090 관계회사투자 0 0
하이스틸 071090 렌탈자산 0 0
하이스틸 071090 유형자산 154,824,158,097 155,204,664,903
하이스틸 071090 무형자산 301,137,899 301,137,899
하이스틸 071090 기타비유동금융자산 0 0
하이스틸 071090 기타비유동자산 0 0
하이스틸 071090 사용권자산 0 0
하이스틸 071090 이연법인세자산 0 0
하이스틸 071090 자산총계 231,933,983,944 227,177,153,705
하이스틸 071090 유동부채 76,947,007,455 83,452,732,710
하이스틸 071090 단기매입채무 0 0
하이스틸 071090 단기차입금 54,500,000,000 51,595,268,175
하이스틸 071090 유동성장기차입금 0 0
하이스틸 071090 유동성사채 0 0
하이스틸 071090 기타유동금융부채 0 0
하이스틸 071090 기타유동부채 190,079,635 1,049,605,269
하이스틸 071090 당기법인세부채 0 0
하이스틸 071090 유동리스부채 0 0
하이스틸 071090 비유동부채 30,425,855,573 21,638,233,065
하이스틸 071090 사채 0 0
하이스틸 071090 장기차입금 11,200,000,000 3,291,480,000
하이스틸 071090 기타비유동금융부채 0 0
하이스틸 071090 이연법인세부채 16,798,158,087 16,354,156,312
하이스틸 071090 비유동리스부채 0 0
하이스틸 071090 부채총계 107,372,863,028 105,090,965,775
하이스틸 071090 자본금 9,999,720,000 9,999,720,000
하이스틸 071090 자본잉여금 0 0
하이스틸 071090 자본조정 0 0
하이스틸 071090 기타포괄손익누계액 0 0
하이스틸 071090 이익잉여금(결손금) 66,679,218,716 64,144,651,695
하이스틸 071090 자본총계 124,561,120,916 122,086,187,930
하이스틸 071090 자본과부채총계 231,933,983,944 227,177,153,705
date : 2016-09-30
하이스틸 071090 유동자산 87,602,325,726 65,298,221,799
하이스틸 071090 현금및현금성자산 8,686,959,778 8,716,901,814
하이스틸 071090 매출채권 및 기타채권
하이스틸 071090 재고자산 34,983,113,456 26,421,395,059
하이스틸 071090 기타유동금융자산 0 0
하이스틸 071090 기타유동자산 2,124,076,892 419,987,837
하이스틸 071090 매각예정비유동자산 0 0
하이스틸 071090 비유동자산 153,308,356,795 161,878,931,906
하이스틸 071090 장기금융상품 11,000,000 11,000,000
하이스틸 071090 기타포괄손익-공정가치 0 0
하이스틸 071090 당기손익인식공정가치측정금융자산 0 0
하이스틸 071090 종속회사투자 0 0
하이스틸 071090 관계회사투자 0 0
하이스틸 071090 렌탈자산 0 0
하이스틸 071090 유형자산 147,285,425,827 155,204,664,903
하이스틸 071090 무형자산 301,137,899 301,137,899
하이스틸 071090 기타비유동금융자산 0 0
하이스틸 071090 기타비유동자산 0 0
하이스틸 071090 사용권자산 0 0
하이스틸 071090 이연법인세자산 0 0
하이스틸 071090 자산총계 240,910,682,521 227,177,153,705
하이스틸 071090 유동부채 81,676,253,287 83,452,732,710
하이스틸 071090 단기매입채무 0 0
하이스틸 071090 단기차입금 56,600,000,000 51,595,268,175
하이스틸 071090 유동성장기차입금 0 0
하이스틸 071090 유동성사채 0 0
하이스틸 071090 기타유동금융부채 0 0
하이스틸 071090 기타유동부채 1,794,477,628 1,049,605,269
하이스틸 071090 당기법인세부채 0 0
하이스틸 071090 유동리스부채 0 0
하이스틸 071090 비유동부채 34,684,482,337 21,638,233,065
하이스틸 071090 사채 0 0
하이스틸 071090 장기차입금 15,210,000,000 3,291,480,000
하이스틸 071090 기타비유동금융부채 0 0
하이스틸 071090 이연법인세부채 16,941,835,823 16,354,156,312
하이스틸 071090 비유동리스부채 0 0
하이스틸 071090 부채총계 116,360,735,624 105,090,965,775
하이스틸 071090 자본금 9,999,720,000 9,999,720,000
하이스틸 071090 자본잉여금 0 0
하이스틸 071090 자본조정 0 0
하이스틸 071090 기타포괄손익누계액 0 0
하이스틸 071090 이익잉여금(결손금) 66,819,680,906 64,144,651,695
하이스틸 071090 자본총계 124,549,946,897 122,086,187,930
하이스틸 071090 자본과부채총계 240,910,682,521 227,177,153,705
date : 2016-12-31
하이스틸 071090 유동자산 84,690,802,485 65,298,221,799
하이스틸 071090 현금및현금성자산 10,331,129,341 8,716,901,814
하이스틸 071090 매출채권 및 기타채권
하이스틸 071090 재고자산 28,121,336,898 26,421,395,059
하이스틸 071090 기타유동금융자산 0 0
하이스틸 071090 기타유동자산 419,585,280 419,987,837
하이스틸 071090 매각예정비유동자산 12,626,541,381 0
하이스틸 071090 비유동자산 158,265,822,601 161,878,931,906
하이스틸 071090 장기금융상품 0 0
하이스틸 071090 기타포괄손익-공정가치 0 0
하이스틸 071090 당기손익인식공정가치측정금융자산 0 0
하이스틸 071090 종속회사투자 0 0
하이스틸 071090 관계회사투자 0 0
하이스틸 071090 렌탈자산 0 0
하이스틸 071090 유형자산 153,061,914,568 155,204,664,903
하이스틸 071090 무형자산 301,137,899 301,137,899
하이스틸 071090 기타비유동금융자산 0 0
하이스틸 071090 기타비유동자산 0 0
하이스틸 071090 사용권자산 0 0
하이스틸 071090 이연법인세자산 0 0
하이스틸 071090 자산총계 242,956,625,086 227,177,153,705
하이스틸 071090 유동부채 79,218,338,843 83,452,732,710
하이스틸 071090 단기매입채무 0 0
하이스틸 071090 단기차입금 57,204,250,000 51,595,268,175
하이스틸 071090 유동성장기차입금 0 0
하이스틸 071090 유동성사채 0 0
하이스틸 071090 기타유동금융부채 0 0
하이스틸 071090 기타유동부채 1,871,551,905 1,049,605,269
하이스틸 071090 당기법인세부채 44,454,745 0
하이스틸 071090 유동리스부채 0 0
하이스틸 071090 비유동부채 37,793,686,233 21,638,233,065
하이스틸 071090 사채 0 0
하이스틸 071090 장기차입금 18,410,000,000 3,291,480,000
하이스틸 071090 기타비유동금융부채 0 0
하이스틸 071090 이연법인세부채 17,422,518,399 16,354,156,312
하이스틸 071090 비유동리스부채 0 0
하이스틸 071090 부채총계 117,012,025,076 105,090,965,775
하이스틸 071090 자본금 9,999,720,000 9,999,720,000
하이스틸 071090 자본잉여금 0 0
하이스틸 071090 자본조정 0 0
하이스틸 071090 기타포괄손익누계액 0 0
하이스틸 071090 이익잉여금(결손금) 67,968,237,410 64,144,651,695
하이스틸 071090 자본총계 125,944,600,010 122,086,187,930
하이스틸 071090 자본과부채총계 242,956,625,086 227,177,153,705
date : 2017-03-31
하이스틸 071090 유동자산 86,650,884,673 84,690,802,485
하이스틸 071090 현금및현금성자산 16,953,549,859 10,331,129,341
하이스틸 071090 매출채권 및 기타채권
하이스틸 071090 재고자산 33,898,095,780 28,121,336,898
하이스틸 071090 기타유동금융자산 0 0
하이스틸 071090 기타유동자산 1,234,986,218 419,585,280
하이스틸 071090 매각예정비유동자산 0 12,626,541,381
하이스틸 071090 비유동자산 156,887,058,286 158,265,822,601
하이스틸 071090 장기금융상품 0 0
하이스틸 071090 기타포괄손익-공정가치 0 0
하이스틸 071090 당기손익인식공정가치측정금융자산 0 0
하이스틸 071090 종속회사투자 0 0
하이스틸 071090 관계회사투자 0 0
하이스틸 071090 렌탈자산 0 0
하이스틸 071090 유형자산 152,310,644,056 153,061,914,568
하이스틸 071090 무형자산 301,137,899 301,137,899
하이스틸 071090 기타비유동금융자산 0 0
하이스틸 071090 기타비유동자산 0 0
하이스틸 071090 사용권자산 0 0
하이스틸 071090 이연법인세자산 0 0
하이스틸 071090 자산총계 243,537,942,959 242,956,625,086
하이스틸 071090 유동부채 76,409,303,743 79,218,338,843
하이스틸 071090 단기매입채무 0 0
하이스틸 071090 단기차입금 56,600,000,000 57,204,250,000
하이스틸 071090 유동성장기차입금 0 0
하이스틸 071090 유동성사채 0 0
하이스틸 071090 기타유동금융부채 0 0
하이스틸 071090 기타유동부채 282,161,774 1,871,551,905
하이스틸 071090 당기법인세부채 556,707,982 44,454,745
하이스틸 071090 유동리스부채 0 0
하이스틸 071090 비유동부채 35,153,283,876 37,793,686,233
하이스틸 071090 사채 0 0
하이스틸 071090 장기차입금 18,010,000,000 18,410,000,000
하이스틸 071090 기타비유동금융부채 0 0
하이스틸 071090 이연법인세부채 15,049,576,496 17,422,518,399
하이스틸 071090 비유동리스부채 0 0
하이스틸 071090 부채총계 111,562,587,619 117,012,025,076
하이스틸 071090 자본금 9,999,720,000 9,999,720,000
하이스틸 071090 자본잉여금 0 0
하이스틸 071090 자본조정 0 0
하이스틸 071090 기타포괄손익누계액 0 0
하이스틸 071090 이익잉여금(결손금) 74,285,235,159 67,968,237,410
하이스틸 071090 자본총계 131,975,355,340 125,944,600,010
하이스틸 071090 자본과부채총계 243,537,942,959 242,956,625,086
date : 2017-06-30
하이스틸 071090 유동자산 114,942,407,307 84,690,802,485
하이스틸 071090 현금및현금성자산 15,132,258,121 10,331,129,341
하이스틸 071090 매출채권 및 기타채권
하이스틸 071090 재고자산 42,454,512,345 28,121,336,898
하이스틸 071090 기타유동금융자산 0 0
하이스틸 071090 기타유동자산 10,471,276,209 419,585,280
하이스틸 071090 매각예정비유동자산 0 12,626,541,381
하이스틸 071090 비유동자산 156,023,481,504 158,265,822,601
하이스틸 071090 장기금융상품 0 0
하이스틸 071090 기타포괄손익-공정가치 0 0
하이스틸 071090 당기손익인식공정가치측정금융자산 0 0
하이스틸 071090 종속회사투자 0 0
하이스틸 071090 관계회사투자 0 0
하이스틸 071090 렌탈자산 0 0
하이스틸 071090 유형자산 151,166,285,953 153,061,914,568
하이스틸 071090 무형자산 301,137,899 301,137,899
하이스틸 071090 기타비유동금융자산 0 0
하이스틸 071090 기타비유동자산 0 0
하이스틸 071090 사용권자산 0 0
하이스틸 071090 이연법인세자산 0 0
하이스틸 071090 자산총계 270,965,888,811 242,956,625,086
하이스틸 071090 유동부채 103,213,731,787 79,218,338,843
하이스틸 071090 단기매입채무 0 0
하이스틸 071090 단기차입금 58,100,000,000 57,204,250,000
하이스틸 071090 유동성장기차입금 0 0
하이스틸 071090 유동성사채 0 0
하이스틸 071090 기타유동금융부채 0 0
하이스틸 071090 기타유동부채 25,381,520,788 1,871,551,905
하이스틸 071090 당기법인세부채 436,310,989 44,454,745
하이스틸 071090 유동리스부채 0 0
하이스틸 071090 비유동부채 35,001,682,041 37,793,686,233
하이스틸 071090 사채 0 0
하이스틸 071090 장기차입금 17,610,000,000 18,410,000,000
하이스틸 071090 기타비유동금융부채 0 0
하이스틸 071090 이연법인세부채 15,181,459,145 17,422,518,399
하이스틸 071090 비유동리스부채 0 0
하이스틸 071090 부채총계 138,215,413,828 117,012,025,076
하이스틸 071090 자본금 9,999,720,000 9,999,720,000
하이스틸 071090 자본잉여금 0 0
하이스틸 071090 자본조정 0 0
하이스틸 071090 기타포괄손익누계액 0 0
하이스틸 071090 이익잉여금(결손금) 74,892,702,669 67,968,237,410
하이스틸 071090 자본총계 132,750,474,983 125,944,600,010
하이스틸 071090 자본과부채총계 270,965,888,811 242,956,625,086
date : 2017-09-30
하이스틸 071090 유동자산 110,703,457,858 84,690,802,485
하이스틸 071090 현금및현금성자산 19,642,624,515 10,331,129,341
하이스틸 071090 매출채권 및 기타유동채권
하이스틸 071090 재고자산 36,022,665,022 28,121,336,898
하이스틸 071090 기타유동금융자산 0 0
하이스틸 071090 기타유동자산 2,725,521,164 419,585,280
하이스틸 071090 매각예정비유동자산 0 0
하이스틸 071090 비유동자산 155,294,941,705 158,265,822,601
하이스틸 071090 장기금융상품 11,000,000 11,000,000
하이스틸 071090 기타포괄손익-공정가치 0 0
하이스틸 071090 당기손익인식공정가치측정금융자산 0 0
하이스틸 071090 종속회사투자 0 0
하이스틸 071090 관계회사투자 0 0
하이스틸 071090 렌탈자산 0 0
하이스틸 071090 유형자산 150,388,688,438 153,061,914,568
하이스틸 071090 무형자산 301,137,899 301,137,899
하이스틸 071090 기타비유동금융자산 456,202,060 347,989,468
하이스틸 071090 기타비유동자산 0 0
하이스틸 071090 사용권자산 0 0
하이스틸 071090 이연법인세자산 0 0
하이스틸 071090 자산총계 265,998,399,563 242,956,625,086
하이스틸 071090 유동부채 93,916,507,697 79,218,338,843
하이스틸 071090 단기매입채무 0 0
하이스틸 071090 단기차입금 56,300,000,000 57,204,250,000
하이스틸 071090 유동성장기차입금 1,600,000,000 2,313,015,000
하이스틸 071090 유동성사채 0 0
하이스틸 071090 기타유동금융부채 285,800,582 275,352,095
하이스틸 071090 기타유동부채 9,359,607,585 1,871,551,905
하이스틸 071090 당기법인세부채 617,680,079 44,454,745
하이스틸 071090 유동리스부채 0 0
하이스틸 071090 비유동부채 34,679,702,120 37,793,686,233
하이스틸 071090 사채 0 0
하이스틸 071090 장기차입금 17,210,000,000 18,410,000,000
하이스틸 071090 기타비유동금융부채 0 0
하이스틸 071090 이연법인세부채 15,272,252,850 17,422,518,399
하이스틸 071090 비유동리스부채 0 0
하이스틸 071090 부채총계 128,596,209,817 117,012,025,076
하이스틸 071090 자본금 9,999,720,000 9,999,720,000
하이스틸 071090 자본잉여금 0 0
하이스틸 071090 자본조정 0 0
하이스틸 071090 기타포괄손익누계액 0 0
하이스틸 071090 이익잉여금(결손금) 79,433,189,012 67,968,237,410
하이스틸 071090 자본총계 137,402,189,746 125,944,600,010
하이스틸 071090 자본과부채총계 265,998,399,563 242,956,625,086
date : 2017-12-31
하이스틸 071090 유동자산 89,387,683,488 84,690,802,485
하이스틸 071090 현금및현금성자산 12,356,990,085 10,331,129,341
하이스틸 071090 매출채권 및 기타유동채권
하이스틸 071090 재고자산 32,123,540,606 28,121,336,898
하이스틸 071090 기타유동금융자산 0 0
하이스틸 071090 기타유동자산 1,904,282,110 419,585,280
하이스틸 071090 매각예정비유동자산 0 0
하이스틸 071090 비유동자산 155,732,801,416 158,265,822,601
하이스틸 071090 장기금융상품 11,000,000 11,000,000
하이스틸 071090 기타포괄손익-공정가치 0 0
하이스틸 071090 당기손익인식공정가치측정금융자산 0 0
하이스틸 071090 종속회사투자 0 0
하이스틸 071090 관계회사투자 0 0
하이스틸 071090 렌탈자산 0 0
하이스틸 071090 유형자산 149,675,063,967 153,061,914,568
하이스틸 071090 무형자산 301,137,899 301,137,899
하이스틸 071090 기타비유동금융자산 460,902,060 347,989,468
하이스틸 071090 기타비유동자산 0 0
하이스틸 071090 사용권자산 0 0
하이스틸 071090 이연법인세자산 0 0
하이스틸 071090 자산총계 245,120,484,904 242,956,625,086
하이스틸 071090 유동부채 75,438,750,698 79,218,338,843
하이스틸 071090 단기매입채무 0 0
하이스틸 071090 단기차입금 57,250,000,000 57,204,250,000
하이스틸 071090 유동성장기차입금 1,600,000,000 2,313,015,000
하이스틸 071090 유동성사채 0 0
하이스틸 071090 기타유동금융부채 269,618,910 275,352,095
하이스틸 071090 기타유동부채 1,243,775,714 1,871,551,905
하이스틸 071090 당기법인세부채 577,556,002 44,454,745
하이스틸 071090 유동리스부채 0 0
하이스틸 071090 비유동부채 33,419,927,232 37,793,686,233
하이스틸 071090 사채 0 0
하이스틸 071090 장기차입금 16,810,000,000 18,410,000,000
하이스틸 071090 기타비유동금융부채 0 0
하이스틸 071090 이연법인세부채 15,101,513,039 17,422,518,399
하이스틸 071090 비유동리스부채 0 0
하이스틸 071090 부채총계 108,858,677,930 117,012,025,076
하이스틸 071090 자본금 9,999,720,000 9,999,720,000
하이스틸 071090 자본잉여금 0 0
하이스틸 071090 자본조정 0 0
하이스틸 071090 기타포괄손익누계액 0 0
하이스틸 071090 이익잉여금(결손금) 78,333,061,662 67,968,237,410
하이스틸 071090 자본총계 136,261,806,974 125,944,600,010
하이스틸 071090 자본과부채총계 245,120,484,904 242,956,625,086
date : 2018-03-31
하이스틸 071090 유동자산 92,651,962,303 89,387,683,488
하이스틸 071090 현금및현금성자산 26,258,712,724 12,356,990,085
하이스틸 071090 매출채권 및 기타유동채권
하이스틸 071090 재고자산 32,242,116,120 32,123,540,606
하이스틸 071090 기타유동금융자산 0 0
하이스틸 071090 기타유동자산 1,214,365,498 1,904,282,110
하이스틸 071090 매각예정비유동자산 0 0
하이스틸 071090 비유동자산 157,051,248,964 155,732,801,416
하이스틸 071090 장기금융상품 11,000,000 11,000,000
하이스틸 071090 기타포괄손익-공정가치 0 0
하이스틸 071090 당기손익인식공정가치측정금융자산 0 0
하이스틸 071090 종속회사투자 0 0
하이스틸 071090 관계회사투자 0 0
하이스틸 071090 렌탈자산 0 0
하이스틸 071090 유형자산 149,255,640,190 149,675,063,967
하이스틸 071090 무형자산 546,137,899 301,137,899
하이스틸 071090 기타비유동금융자산 1,466,462,060 460,902,060
하이스틸 071090 기타비유동자산 0 0
하이스틸 071090 사용권자산 0 0
하이스틸 071090 이연법인세자산 0 0
하이스틸 071090 자산총계 249,703,211,267 245,120,484,904
하이스틸 071090 유동부채 83,035,771,449 75,438,750,698
하이스틸 071090 단기매입채무 0 0
하이스틸 071090 단기차입금 60,880,000,000 57,250,000,000
하이스틸 071090 유동성장기차입금 1,600,000,000 1,600,000,000
하이스틸 071090 유동성사채 0 0
하이스틸 071090 기타유동금융부채 262,433,757 269,618,910
하이스틸 071090 기타유동부채 491,434,256 1,243,775,714
하이스틸 071090 당기법인세부채 577,556,002 577,556,002
하이스틸 071090 유동리스부채 0 0
하이스틸 071090 비유동부채 33,124,006,101 33,419,927,232
하이스틸 071090 사채 0 0
하이스틸 071090 장기차입금 16,410,000,000 16,810,000,000
하이스틸 071090 기타비유동금융부채 0 0
하이스틸 071090 이연법인세부채 14,953,216,168 15,101,513,039
하이스틸 071090 비유동리스부채 0 0
하이스틸 071090 부채총계 116,159,777,550 108,858,677,930
하이스틸 071090 자본금 9,999,720,000 9,999,720,000
하이스틸 071090 자본잉여금 0 0
하이스틸 071090 자본조정 0 0
하이스틸 071090 기타포괄손익누계액 0 0
하이스틸 071090 이익잉여금(결손금) 75,232,075,420 78,333,061,662
하이스틸 071090 자본총계 133,543,433,717 136,261,806,974
하이스틸 071090 자본과부채총계 249,703,211,267 245,120,484,904
date : 2018-06-30
하이스틸 071090 유동자산 93,177,810,487 89,387,683,488
하이스틸 071090 현금및현금성자산 14,981,267,746 12,356,990,085
하이스틸 071090 매출채권 및 기타유동채권
하이스틸 071090 재고자산 46,227,338,116 32,123,540,606
하이스틸 071090 기타유동금융자산 0 0
하이스틸 071090 기타유동자산 2,424,090,956 1,904,282,110
하이스틸 071090 매각예정비유동자산 0 0
하이스틸 071090 비유동자산 156,539,984,192 155,732,801,416
하이스틸 071090 장기금융상품 11,000,000 11,000,000
하이스틸 071090 기타포괄손익-공정가치 0 0
하이스틸 071090 당기손익인식공정가치측정금융자산 0 0
하이스틸 071090 종속회사투자 0 0
하이스틸 071090 관계회사투자 0 0
하이스틸 071090 렌탈자산 0 0
하이스틸 071090 유형자산 148,925,096,955 149,675,063,967
하이스틸 071090 무형자산 546,137,899 301,137,899
하이스틸 071090 기타비유동금융자산 1,466,462,060 460,902,060
하이스틸 071090 기타비유동자산 0 0
하이스틸 071090 사용권자산 0 0
하이스틸 071090 이연법인세자산 0 0
하이스틸 071090 자산총계 249,717,794,679 245,120,484,904
하이스틸 071090 유동부채 93,914,529,728 75,438,750,698
하이스틸 071090 단기매입채무 0 0
하이스틸 071090 단기차입금 59,730,000,000 57,250,000,000
하이스틸 071090 유동성장기차입금 10,600,000,000 1,600,000,000
하이스틸 071090 유동성사채 0 0
하이스틸 071090 기타유동금융부채 335,497,554 269,618,910
하이스틸 071090 기타유동부채 513,212,954 1,243,775,714
하이스틸 071090 당기법인세부채 0 577,556,002
하이스틸 071090 유동리스부채 0 0
하이스틸 071090 비유동부채 23,048,527,102 33,419,927,232
하이스틸 071090 사채 0 0
하이스틸 071090 장기차입금 7,089,000,000 16,810,000,000
하이스틸 071090 기타비유동금융부채 0 0
하이스틸 071090 이연법인세부채 14,007,192,091 15,101,513,039
하이스틸 071090 비유동리스부채 0 0
하이스틸 071090 부채총계 116,963,056,830 108,858,677,930
하이스틸 071090 자본금 9,999,720,000 9,999,720,000
하이스틸 071090 자본잉여금 0 0
하이스틸 071090 자본조정 0 0
하이스틸 071090 기타포괄손익누계액 0 0
하이스틸 071090 이익잉여금(결손금) 74,183,446,337 78,333,061,662
하이스틸 071090 자본총계 132,754,737,849 136,261,806,974
하이스틸 071090 자본과부채총계 249,717,794,679 245,120,484,904
date : 2018-09-30
하이스틸 071090 유동자산 82,806,722,319 89,387,683,488
하이스틸 071090 현금및현금성자산 24,776,483,603 12,356,990,085
하이스틸 071090 매출채권 및 기타유동채권
하이스틸 071090 재고자산 34,931,800,543 32,123,540,606
하이스틸 071090 기타유동금융자산 0 0
하이스틸 071090 기타유동자산 661,584,313 1,904,282,110
하이스틸 071090 매각예정비유동자산 0 0
하이스틸 071090 비유동자산 155,202,099,496 155,732,801,416
하이스틸 071090 장기금융상품 11,000,000 11,000,000
하이스틸 071090 기타포괄손익-공정가치 0 0
하이스틸 071090 당기손익인식공정가치측정금융자산 0 0
하이스틸 071090 종속회사투자 0 0
하이스틸 071090 관계회사투자 0 0
하이스틸 071090 렌탈자산 0 0
하이스틸 071090 유형자산 147,878,503,320 149,675,063,967
하이스틸 071090 무형자산 546,137,899 301,137,899
하이스틸 071090 기타비유동금융자산 1,544,795,517 460,902,060
하이스틸 071090 기타비유동자산 0 0
하이스틸 071090 사용권자산 0 0
하이스틸 071090 이연법인세자산 0 0
하이스틸 071090 자산총계 238,008,821,815 245,120,484,904
하이스틸 071090 유동부채 81,047,923,452 75,438,750,698
하이스틸 071090 단기매입채무 0 0
하이스틸 071090 단기차입금 53,713,701,000 57,250,000,000
하이스틸 071090 유동성장기차입금 10,600,000,000 1,600,000,000
하이스틸 071090 유동성사채 0 0
하이스틸 071090 기타유동금융부채 255,948,936 269,618,910
하이스틸 071090 기타유동부채 343,848,576 1,243,775,714
하이스틸 071090 당기법인세부채 0 577,556,002
하이스틸 071090 유동리스부채 0 0
하이스틸 071090 비유동부채 24,996,662,596 33,419,927,232
하이스틸 071090 사채 0 0
하이스틸 071090 장기차입금 9,064,000,000 16,810,000,000
하이스틸 071090 기타비유동금융부채 0 0
하이스틸 071090 이연법인세부채 13,952,006,941 15,101,513,039
하이스틸 071090 비유동리스부채 0 0
하이스틸 071090 부채총계 106,044,586,048 108,858,677,930
하이스틸 071090 자본금 9,999,720,000 9,999,720,000
하이스틸 071090 자본잉여금 0 0
하이스틸 071090 자본조정 0 0
하이스틸 071090 기타포괄손익누계액 0 0
하이스틸 071090 이익잉여금(결손금) 73,585,942,069 78,333,061,662
하이스틸 071090 자본총계 131,964,235,767 136,261,806,974
하이스틸 071090 자본과부채총계 238,008,821,815 245,120,484,904
date : 2018-12-31
하이스틸 071090 유동자산 80,439,095,505 89,387,683,488
하이스틸 071090 현금및현금성자산 17,396,593,318 12,356,990,085
하이스틸 071090 매출채권 및 기타채권
하이스틸 071090 재고자산 30,745,825,542 32,123,540,606
하이스틸 071090 기타유동금융자산 0 0
하이스틸 071090 기타유동자산 395,289,163 1,904,282,110
하이스틸 071090 매각예정비유동자산 0 0
하이스틸 071090 비유동자산 152,758,231,276 155,732,801,416
하이스틸 071090 장기금융상품 0 0
하이스틸 071090 기타포괄손익-공정가치 0 0
하이스틸 071090 당기손익인식공정가치측정금융자산 0 0
하이스틸 071090 종속회사투자 0 0
하이스틸 071090 관계회사투자 0 0
하이스틸 071090 렌탈자산 0 0
하이스틸 071090 유형자산 146,783,172,685 149,675,063,967
하이스틸 071090 무형자산 505,304,566 301,137,899
하이스틸 071090 기타비유동금융자산 0 0
하이스틸 071090 기타비유동자산 0 0
하이스틸 071090 사용권자산 0 0
하이스틸 071090 이연법인세자산 0 0
하이스틸 071090 자산총계 233,197,326,781 245,120,484,904
하이스틸 071090 유동부채 57,850,468,050 75,438,750,698
하이스틸 071090 단기매입채무 0 0
하이스틸 071090 단기차입금 35,398,100,000 57,250,000,000
하이스틸 071090 유동성장기차입금 0 0
하이스틸 071090 유동성사채 0 0
하이스틸 071090 기타유동금융부채 0 0
하이스틸 071090 기타유동부채 0 0
하이스틸 071090 당기법인세부채 0 577,556,002
하이스틸 071090 유동리스부채 0 0
하이스틸 071090 비유동부채 46,124,222,176 33,419,927,232
하이스틸 071090 사채 21,956,041,030 0
하이스틸 071090 장기차입금 8,264,000,000 16,810,000,000
하이스틸 071090 기타비유동금융부채 0 0
하이스틸 071090 이연법인세부채 14,168,871,786 15,101,513,039
하이스틸 071090 비유동리스부채 0 0
하이스틸 071090 부채총계 103,974,690,226 108,858,677,930
하이스틸 071090 자본금 9,999,720,000 9,999,720,000
하이스틸 071090 자본잉여금 0 0
하이스틸 071090 자본조정 0 0
하이스틸 071090 기타포괄손익누계액 0 0
하이스틸 071090 이익잉여금(결손금) 70,877,435,622 78,333,061,662
하이스틸 071090 자본총계 129,222,636,555 136,261,806,974
하이스틸 071090 자본과부채총계 233,197,326,781 245,120,484,904
date : 2019-03-31
하이스틸 071090 유동자산 114,142,276,823 80,439,095,505
하이스틸 071090 현금및현금성자산 11,868,128,074 17,396,593,318
하이스틸 071090 매출채권 및 기타채권
하이스틸 071090 재고자산 40,915,314,737 30,745,825,542
하이스틸 071090 기타유동금융자산 0 0
하이스틸 071090 기타유동자산 3,057,930,451 395,289,163
하이스틸 071090 매각예정비유동자산 0 0
하이스틸 071090 비유동자산 152,597,219,324 152,758,231,276
하이스틸 071090 장기금융상품 0 0
하이스틸 071090 기타포괄손익-공정가치 0 0
하이스틸 071090 당기손익인식공정가치측정금융자산 0 0
하이스틸 071090 종속회사투자 0 0
하이스틸 071090 관계회사투자 0 0
하이스틸 071090 렌탈자산 0 0
하이스틸 071090 유형자산 145,874,928,953 146,783,172,685
하이스틸 071090 무형자산 493,054,566 505,304,566
하이스틸 071090 기타비유동금융자산 0 0
하이스틸 071090 기타비유동자산 0 0
하이스틸 071090 사용권자산 0 0
하이스틸 071090 이연법인세자산 0 0
하이스틸 071090 자산총계 266,739,496,147 233,197,326,781
하이스틸 071090 유동부채 89,991,791,998 57,850,468,050
하이스틸 071090 단기매입채무 0 0
하이스틸 071090 단기차입금 47,680,000,000 35,398,100,000
하이스틸 071090 유동성장기차입금 0 0
하이스틸 071090 유동성사채 0 0
하이스틸 071090 기타유동금융부채 0 0
하이스틸 071090 기타유동부채 0 0
하이스틸 071090 당기법인세부채 0 0
하이스틸 071090 유동리스부채 0 0
하이스틸 071090 비유동부채 46,689,813,430 46,124,222,176
하이스틸 071090 사채 22,384,574,401 21,956,041,030
하이스틸 071090 장기차입금 7,464,000,000 8,264,000,000
하이스틸 071090 기타비유동금융부채 0 0
하이스틸 071090 이연법인세부채 14,334,689,250 14,168,871,786
하이스틸 071090 비유동리스부채 0 0
하이스틸 071090 부채총계 136,681,605,428 103,974,690,226
하이스틸 071090 자본금 9,999,720,000 9,999,720,000
하이스틸 071090 자본잉여금 0 0
하이스틸 071090 자본조정 0 0
하이스틸 071090 기타포괄손익누계액 0 0
하이스틸 071090 이익잉여금(결손금) 71,127,689,205 70,877,435,622
하이스틸 071090 자본총계 130,057,890,719 129,222,636,555
하이스틸 071090 자본과부채총계 266,739,496,147 233,197,326,781
