date : 2019-03-31
로체시스템즈 071280 유동자산 49,603,657,333 51,706,099,262
로체시스템즈 071280 현금및현금성자산 20,670,746,771 23,051,211,957
로체시스템즈 071280 재고자산 13,998,590,041 14,581,363,559
로체시스템즈 071280 기타유동자산 301,880,985 1,889,403,997
로체시스템즈 071280 비유동자산 45,539,268,591 42,835,804,719
로체시스템즈 071280 유형자산 39,778,622,280 37,113,867,038
로체시스템즈 071280 무형자산 547,007,824 564,303,207
로체시스템즈 071280 이연법인세자산 139,550,607 243,535,929
로체시스템즈 071280 자산총계 95,142,925,924 94,541,903,981
로체시스템즈 071280 유동부채 12,796,710,653 13,006,880,828
로체시스템즈 071280 기타유동부채 854,720,800 2,278,823,490
로체시스템즈 071280 단기차입금 3,800,000,000 3,800,000,000
로체시스템즈 071280 비유동부채 17,369,025,536 16,915,758,391
로체시스템즈 071280 장기차입금 15,423,600,000 15,197,700,000
로체시스템즈 071280 부채총계 30,165,736,189 29,922,639,219
로체시스템즈 071280 자본금 7,648,301,500 7,648,301,500
로체시스템즈 071280 이익잉여금(결손금) 38,149,551,680 37,791,626,707
로체시스템즈 071280 자본총계 64,977,189,735 64,619,264,762
로체시스템즈 071280 자본과부채총계 95,142,925,924 94,541,903,981
