date : 2015-12-31
STX중공업 071970 유동자산 538,639,005,947 603,445,732,426
STX중공업 071970 현금및현금성자산 76,726,876,147 31,612,232,692
STX중공업 071970 매출채권 155,388,141,292 181,324,098,295
STX중공업 071970 재고자산 129,909,106,528 140,179,307,503
STX중공업 071970 기타유동금융자산 0 0
STX중공업 071970 기타유동자산 1,687,633 578,875,073
STX중공업 071970 매각예정비유동자산 31,121,074,400 34,000,000,000
STX중공업 071970 비유동자산 846,570,264,191 845,411,795,617
STX중공업 071970 장기금융상품 0 0
STX중공업 071970 기타포괄손익-공정가치 0 0
STX중공업 071970 당기손익인식공정가치측정금융자산 0 0
STX중공업 071970 종속회사투자 0 0
STX중공업 071970 관계회사투자 0 0
STX중공업 071970 렌탈자산 0 0
STX중공업 071970 유형자산 676,185,829,357 664,794,663,060
STX중공업 071970 무형자산 19,955,727,170 22,939,837,713
STX중공업 071970 기타비유동금융자산 10,155,011,014 11,734,559,396
STX중공업 071970 기타비유동자산 2,484,924,610 11,734,559,396
STX중공업 071970 사용권자산 0 0
STX중공업 071970 이연법인세자산 0 0
STX중공업 071970 자산총계 1,416,330,344,538 1,482,857,528,043
STX중공업 071970 유동부채 548,085,720,206 642,068,351,788
STX중공업 071970 단기매입채무 0 0
STX중공업 071970 단기차입금 121,593,624,368 86,867,990,403
STX중공업 071970 유동성장기차입금 914,160,000 857,376,000
STX중공업 071970 유동성사채 10,000,000,000 44,926,871,114
STX중공업 071970 기타유동금융부채 0 0
STX중공업 071970 기타유동부채 4,137,196,552 3,055,991,716
STX중공업 071970 당기법인세부채 0 0
STX중공업 071970 유동리스부채 0 0
STX중공업 071970 비유동부채 762,322,701,483 843,790,668,953
STX중공업 071970 사채 10,000,000,000 764,102,602,854
STX중공업 071970 장기차입금 722,067,744,131 764,102,602,854
STX중공업 071970 기타비유동금융부채 0 0
STX중공업 071970 이연법인세부채 25,963,961,455 26,354,513,880
STX중공업 071970 비유동리스부채 0 0
STX중공업 071970 부채총계 1,310,408,421,689 1,485,859,020,741
STX중공업 071970 자본금 64,918,067,500 285,772,542,500
STX중공업 071970 자본잉여금 303,669,601,880 250,652,452,325
STX중공업 071970 자본조정 -41,284,800 -669,002,076
STX중공업 071970 기타포괄손익누계액 57,685,908,057 25,306,205,190
STX중공업 071970 이익잉여금(결손금) -320,310,369,788 -564,063,690,637
STX중공업 071970 자본총계 105,921,922,849 -3,001,492,698
STX중공업 071970 자본과부채총계 1,416,330,344,538 1,482,857,528,043
date : 2016-03-31
STX중공업 071970 유동자산 458,711,306,385 538,639,005,947
STX중공업 071970 현금및현금성자산 52,713,621,766 76,726,876,147
STX중공업 071970 매출채권 105,333,345,159 155,388,141,292
STX중공업 071970 재고자산 143,841,473,148 129,909,106,528
STX중공업 071970 기타유동금융자산 0 0
STX중공업 071970 기타유동자산 3,937,633 1,687,633
STX중공업 071970 매각예정비유동자산 3,245,000,000 31,121,074,400
STX중공업 071970 비유동자산 840,444,480,161 846,570,264,191
STX중공업 071970 장기금융상품 0 0
STX중공업 071970 기타포괄손익-공정가치 0 0
STX중공업 071970 당기손익인식공정가치측정금융자산 0 0
STX중공업 071970 종속회사투자 0 0
STX중공업 071970 관계회사투자 0 0
STX중공업 071970 렌탈자산 0 0
STX중공업 071970 유형자산 670,898,866,994 676,185,829,357
STX중공업 071970 무형자산 19,418,597,398 19,955,727,170
STX중공업 071970 기타비유동금융자산 10,155,011,014 10,155,011,014
STX중공업 071970 기타비유동자산 0 0
STX중공업 071970 사용권자산 0 0
STX중공업 071970 이연법인세자산 0 0
STX중공업 071970 자산총계 1,302,400,786,546 1,416,330,344,538
STX중공업 071970 유동부채 474,216,905,683 548,085,720,206
STX중공업 071970 단기매입채무 0 0
STX중공업 071970 단기차입금 112,264,384,108 121,593,624,368
STX중공업 071970 유동성장기차입금 899,730,000 914,160,000
STX중공업 071970 유동성사채 10,000,000,000 914,160,000
STX중공업 071970 기타유동금융부채 0 0
STX중공업 071970 기타유동부채 3,584,618,835 4,137,196,552
STX중공업 071970 당기법인세부채 0 0
STX중공업 071970 유동리스부채 0 0
STX중공업 071970 비유동부채 763,404,658,862 762,322,701,483
STX중공업 071970 사채 0 0
STX중공업 071970 장기차입금 723,994,199,541 722,067,744,131
STX중공업 071970 기타비유동금융부채 0 0
STX중공업 071970 이연법인세부채 25,938,346,071 25,963,961,455
STX중공업 071970 비유동리스부채 0 0
STX중공업 071970 부채총계 1,237,621,564,545 1,310,408,421,689
STX중공업 071970 자본금 64,918,067,500 64,918,067,500
STX중공업 071970 자본잉여금 303,669,601,880 303,669,601,880
STX중공업 071970 자본조정 -41,284,800 -41,284,800
STX중공업 071970 기타포괄손익누계액 57,685,908,057 57,685,908,057
STX중공업 071970 이익잉여금(결손금) -361,453,070,636 -320,310,369,788
STX중공업 071970 자본총계 64,779,222,001 105,921,922,849
STX중공업 071970 자본과부채총계 1,302,400,786,546 1,416,330,344,538
date : 2016-06-30
STX중공업 071970 유동자산 391,586,494,957 538,639,005,947
STX중공업 071970 현금및현금성자산 45,302,276,363 76,726,876,147
STX중공업 071970 매출채권 68,352,982,649 155,388,141,292
STX중공업 071970 재고자산 135,423,486,450 129,909,106,528
STX중공업 071970 기타유동금융자산 0 0
STX중공업 071970 기타유동자산 3,937,633 1,687,633
STX중공업 071970 매각예정비유동자산 3,245,000,000 31,121,074,400
STX중공업 071970 비유동자산 824,960,766,930 846,570,264,191
STX중공업 071970 장기금융상품 0 0
STX중공업 071970 기타포괄손익-공정가치 0 0
STX중공업 071970 당기손익인식공정가치측정금융자산 0 0
STX중공업 071970 종속회사투자 0 0
STX중공업 071970 관계회사투자 0 0
STX중공업 071970 렌탈자산 0 0
STX중공업 071970 유형자산 666,515,703,895 676,185,829,357
STX중공업 071970 무형자산 18,785,010,850 19,955,727,170
STX중공업 071970 기타비유동금융자산 32,101,800 10,155,011,014
STX중공업 071970 기타비유동자산 0 0
STX중공업 071970 사용권자산 0 0
STX중공업 071970 이연법인세자산 0 0
STX중공업 071970 자산총계 1,219,792,261,887 1,416,330,344,538
STX중공업 071970 유동부채 455,946,769,533 548,085,720,206
STX중공업 071970 단기매입채무 0 0
STX중공업 071970 단기차입금 115,001,603,014 121,593,624,368
STX중공업 071970 유동성장기차입금 908,466,000 914,160,000
STX중공업 071970 유동성사채 0 10,000,000,000
STX중공업 071970 기타유동금융부채 0 0
STX중공업 071970 기타유동부채 3,179,242,639 4,137,196,552
STX중공업 071970 당기법인세부채 0 0
STX중공업 071970 유동리스부채 0 0
STX중공업 071970 비유동부채 765,521,513,986 762,322,701,483
STX중공업 071970 사채 0 0
STX중공업 071970 장기차입금 721,609,551,108 722,067,744,131
STX중공업 071970 기타비유동금융부채 0 0
STX중공업 071970 이연법인세부채 25,938,346,071 25,963,961,455
STX중공업 071970 비유동리스부채 0 0
STX중공업 071970 부채총계 1,221,468,283,519 1,310,408,421,689
STX중공업 071970 자본금 64,918,067,500 64,918,067,500
STX중공업 071970 자본잉여금 303,669,601,880 303,669,601,880
STX중공업 071970 자본조정 -41,284,800 -41,284,800
STX중공업 071970 기타포괄손익누계액 57,685,908,057 57,685,908,057
STX중공업 071970 이익잉여금(결손금) -427,908,314,269 -320,310,369,788
STX중공업 071970 자본총계 -1,676,021,632 105,921,922,849
STX중공업 071970 자본과부채총계 1,219,792,261,887 1,416,330,344,538
date : 2016-09-30
STX중공업 071970 유동자산 341,073,256,106 538,639,005,947
STX중공업 071970 현금및현금성자산 42,374,415,618 76,726,876,147
STX중공업 071970 매출채권 85,125,145,900 155,388,141,292
STX중공업 071970 재고자산 138,672,870,015 129,909,106,528
STX중공업 071970 기타유동금융자산 0 0
STX중공업 071970 기타유동자산 3,937,633 1,687,633
STX중공업 071970 매각예정비유동자산 1,190,280,000 31,121,074,400
STX중공업 071970 비유동자산 692,608,125,686 846,570,264,191
STX중공업 071970 장기금융상품 0 0
STX중공업 071970 기타포괄손익-공정가치 0 0
STX중공업 071970 당기손익인식공정가치측정금융자산 0 0
STX중공업 071970 종속회사투자 0 0
STX중공업 071970 관계회사투자 0 0
STX중공업 071970 렌탈자산 0 0
STX중공업 071970 유형자산 545,037,660,780 676,185,829,357
STX중공업 071970 무형자산 18,062,672,432 19,955,727,170
STX중공업 071970 기타비유동금융자산 8,500,000 10,155,011,014
STX중공업 071970 기타비유동자산 0 0
STX중공업 071970 사용권자산 0 0
STX중공업 071970 이연법인세자산 0 0
STX중공업 071970 자산총계 1,034,871,661,792 1,416,330,344,538
STX중공업 071970 유동부채 1,241,236,935,188 548,085,720,206
STX중공업 071970 단기매입채무 0 0
STX중공업 071970 단기차입금 115,575,026,239 121,593,624,368
STX중공업 071970 유동성장기차입금 670,508,129,840 914,160,000
STX중공업 071970 유동성사채 1,479,163,041 10,000,000,000
STX중공업 071970 기타유동금융부채 0 0
STX중공업 071970 기타유동부채 3,967,308,388 4,137,196,552
STX중공업 071970 당기법인세부채 0 0
STX중공업 071970 유동리스부채 0 0
STX중공업 071970 비유동부채 44,543,768,407 762,322,701,483
STX중공업 071970 사채 0 0
STX중공업 071970 장기차입금 722,067,744,131 764,102,602,854
STX중공업 071970 기타비유동금융부채 0 0
STX중공업 071970 이연법인세부채 25,938,346,071 25,963,961,455
STX중공업 071970 비유동리스부채 0 0
STX중공업 071970 부채총계 1,285,780,703,595 1,310,408,421,689
STX중공업 071970 자본금 64,918,067,500 64,918,067,500
STX중공업 071970 자본잉여금 303,669,601,880 303,669,601,880
STX중공업 071970 자본조정 -41,284,800 -41,284,800
STX중공업 071970 기타포괄손익누계액 57,685,908,057 57,685,908,057
STX중공업 071970 이익잉여금(결손금) -677,141,334,440 -320,310,369,788
STX중공업 071970 자본총계 -250,909,041,803 105,921,922,849
STX중공업 071970 자본과부채총계 1,034,871,661,792 1,416,330,344,538
date : 2016-12-31
STX중공업 071970 유동자산 284,040,901,296 538,639,005,947
STX중공업 071970 현금및현금성자산 68,340,894,715 76,726,876,147
STX중공업 071970 매출채권 66,014,999,116 155,388,141,292
STX중공업 071970 재고자산 105,965,225,651 129,909,106,528
STX중공업 071970 기타유동금융자산 0 0
STX중공업 071970 기타유동자산 3,937,633 1,687,633
STX중공업 071970 매각예정비유동자산 1,190,280,000 31,121,074,400
STX중공업 071970 비유동자산 561,131,134,177 846,570,264,191
STX중공업 071970 장기금융상품 0 0
STX중공업 071970 기타포괄손익-공정가치 0 0
STX중공업 071970 당기손익인식공정가치측정금융자산 0 0
STX중공업 071970 종속회사투자 0 0
STX중공업 071970 관계회사투자 0 0
STX중공업 071970 렌탈자산 0 0
STX중공업 071970 유형자산 424,342,298,478 676,185,829,357
STX중공업 071970 무형자산 7,735,485,670 19,955,727,170
STX중공업 071970 기타비유동금융자산 443,560,000 10,155,011,014
STX중공업 071970 기타비유동자산 0 0
STX중공업 071970 사용권자산 0 0
STX중공업 071970 이연법인세자산 0 0
STX중공업 071970 자산총계 846,362,315,473 1,416,330,344,538
STX중공업 071970 유동부채 1,420,327,697,383 548,085,720,206
STX중공업 071970 단기매입채무 0 0
STX중공업 071970 단기차입금 116,607,446,703 121,593,624,368
STX중공업 071970 유동성장기차입금 671,942,045,840 914,160,000
STX중공업 071970 유동성사채 1,479,163,041 10,000,000,000
STX중공업 071970 기타유동금융부채 0 0
STX중공업 071970 기타유동부채 3,278,230,101 4,137,196,552
STX중공업 071970 당기법인세부채 0 0
STX중공업 071970 유동리스부채 0 0
STX중공업 071970 비유동부채 38,354,218,169 762,322,701,483
STX중공업 071970 사채 0 0
STX중공업 071970 장기차입금 722,067,744,131 764,102,602,854
STX중공업 071970 기타비유동금융부채 0 0
STX중공업 071970 이연법인세부채 29,539,033,406 25,963,961,455
STX중공업 071970 비유동리스부채 0 0
STX중공업 071970 부채총계 1,458,681,915,552 1,310,408,421,689
STX중공업 071970 자본금 64,918,067,500 64,918,067,500
STX중공업 071970 자본잉여금 303,669,601,880 303,669,601,880
STX중공업 071970 자본조정 -41,284,800 -41,284,800
STX중공업 071970 기타포괄손익누계액 57,685,908,057 57,685,908,057
STX중공업 071970 이익잉여금(결손금) -1,038,551,892,716 -320,310,369,788
STX중공업 071970 자본총계 -612,319,600,079 105,921,922,849
STX중공업 071970 자본과부채총계 846,362,315,473 1,416,330,344,538
date : 2017-03-31
STX중공업 071970 유동자산 209,330,814,542 284,040,901,296
STX중공업 071970 현금및현금성자산 55,524,656,042 68,340,894,715
STX중공업 071970 매출채권 42,099,192,360 66,014,999,116
STX중공업 071970 재고자산 73,016,681,061 105,965,225,651
STX중공업 071970 기타유동금융자산 0 0
STX중공업 071970 기타유동자산 3,937,633 3,937,633
STX중공업 071970 매각예정비유동자산 1,190,280,000 1,190,280,000
STX중공업 071970 비유동자산 559,510,097,023 561,131,134,177
STX중공업 071970 장기금융상품 0 0
STX중공업 071970 기타포괄손익-공정가치 0 0
STX중공업 071970 당기손익인식공정가치측정금융자산 0 0
STX중공업 071970 종속회사투자 0 0
STX중공업 071970 관계회사투자 0 0
STX중공업 071970 렌탈자산 0 0
STX중공업 071970 유형자산 422,837,351,262 424,342,298,478
STX중공업 071970 무형자산 7,466,953,007 7,735,485,670
STX중공업 071970 기타비유동금융자산 695,236,330 443,560,000
STX중공업 071970 기타비유동자산 0 0
STX중공업 071970 사용권자산 0 0
STX중공업 071970 이연법인세자산 0 0
STX중공업 071970 자산총계 770,031,191,565 846,362,315,473
STX중공업 071970 유동부채 246,456,902,100 1,420,327,697,383
STX중공업 071970 단기매입채무 0 0
STX중공업 071970 단기차입금 116,607,446,703 121,593,624,368
STX중공업 071970 유동성장기차입금 671,942,045,840 914,160,000
STX중공업 071970 유동성사채 1,479,163,041 914,160,000
STX중공업 071970 기타유동금융부채 0 0
STX중공업 071970 기타유동부채 2,363,797,201 3,278,230,101
STX중공업 071970 당기법인세부채 0 0
STX중공업 071970 유동리스부채 0 0
STX중공업 071970 비유동부채 410,677,340,582 38,354,218,169
STX중공업 071970 사채 0 0
STX중공업 071970 장기차입금 722,067,744,131 38,354,218,169
STX중공업 071970 기타비유동금융부채 0 0
STX중공업 071970 이연법인세부채 29,539,033,406 29,539,033,406
STX중공업 071970 비유동리스부채 0 0
STX중공업 071970 부채총계 657,134,242,682 1,458,681,915,552
STX중공업 071970 자본금 61,663,377,500 64,918,067,500
STX중공업 071970 자본잉여금 629,522,690,734 303,669,601,880
STX중공업 071970 자본조정 -269,748,979,259 -41,284,800
STX중공업 071970 기타포괄손익누계액 57,685,908,057 57,685,908,057
STX중공업 071970 이익잉여금(결손금) -366,226,048,149 -1,038,551,892,716
STX중공업 071970 자본총계 112,896,948,883 -612,319,600,079
STX중공업 071970 자본과부채총계 770,031,191,565 846,362,315,473
date : 2017-06-30
STX중공업 071970 유동자산 224,083,966,655 284,040,901,296
STX중공업 071970 현금및현금성자산 32,073,989,976 68,340,894,715
STX중공업 071970 매출채권 49,656,194,791 66,014,999,116
STX중공업 071970 재고자산 59,169,551,849 105,965,225,651
STX중공업 071970 기타유동금융자산 0 0
STX중공업 071970 기타유동자산 3,937,633 3,937,633
STX중공업 071970 매각예정비유동자산 1,190,280,000 1,190,280,000
STX중공업 071970 비유동자산 557,873,086,761 561,131,134,177
STX중공업 071970 장기금융상품 0 0
STX중공업 071970 기타포괄손익-공정가치 0 0
STX중공업 071970 당기손익인식공정가치측정금융자산 0 0
STX중공업 071970 종속회사투자 0 0
STX중공업 071970 관계회사투자 0 0
STX중공업 071970 렌탈자산 0 0
STX중공업 071970 유형자산 421,268,834,000 424,342,298,478
STX중공업 071970 무형자산 7,087,733,387 7,735,485,670
STX중공업 071970 기타비유동금융자산 808,695,880 443,560,000
STX중공업 071970 기타비유동자산 0 0
STX중공업 071970 사용권자산 0 0
STX중공업 071970 이연법인세자산 0 0
STX중공업 071970 자산총계 783,147,333,416 846,362,315,473
STX중공업 071970 유동부채 234,860,929,329 1,420,327,697,383
STX중공업 071970 단기매입채무 0 0
STX중공업 071970 단기차입금 116,607,446,703 1,420,327,697,383
STX중공업 071970 유동성장기차입금 671,942,045,840 1,420,327,697,383
STX중공업 071970 유동성사채 1,479,163,041 1,420,327,697,383
STX중공업 071970 기타유동금융부채 0 0
STX중공업 071970 기타유동부채 13,261,968,468 3,278,230,101
STX중공업 071970 당기법인세부채 0 0
STX중공업 071970 유동리스부채 0 0
STX중공업 071970 비유동부채 383,370,028,789 38,354,218,169
STX중공업 071970 사채 0 0
STX중공업 071970 장기차입금 0 38,354,218,169
STX중공업 071970 기타비유동금융부채 0 0
STX중공업 071970 이연법인세부채 29,364,156,721 29,539,033,406
STX중공업 071970 비유동리스부채 0 0
STX중공업 071970 부채총계 618,230,958,118 1,458,681,915,552
STX중공업 071970 자본금 61,663,377,500 64,918,067,500
STX중공업 071970 자본잉여금 629,522,690,734 303,669,601,880
STX중공업 071970 자본조정 -267,994,494,202 -41,284,800
STX중공업 071970 기타포괄손익누계액 57,685,908,057 57,685,908,057
STX중공업 071970 이익잉여금(결손금) -315,961,106,791 -1,038,551,892,716
STX중공업 071970 자본총계 164,916,375,298 -612,319,600,079
STX중공업 071970 자본과부채총계 783,147,333,416 846,362,315,473
date : 2017-09-30
STX중공업 071970 유동자산 215,716,796,875 284,040,901,296
STX중공업 071970 현금및현금성자산 41,892,872,935 68,340,894,715
STX중공업 071970 매출채권 37,531,504,664 66,014,999,116
STX중공업 071970 재고자산 57,139,668,570 105,965,225,651
STX중공업 071970 기타유동금융자산 0 0
STX중공업 071970 기타유동자산 1,687,633 3,937,633
STX중공업 071970 매각예정비유동자산 5,822,581,224 1,190,280,000
STX중공업 071970 비유동자산 551,399,238,068 561,131,134,177
STX중공업 071970 장기금융상품 0 0
STX중공업 071970 기타포괄손익-공정가치 0 0
STX중공업 071970 당기손익인식공정가치측정금융자산 0 0
STX중공업 071970 종속회사투자 0 0
STX중공업 071970 관계회사투자 0 0
STX중공업 071970 렌탈자산 0 0
STX중공업 071970 유형자산 419,864,598,470 424,342,298,478
STX중공업 071970 무형자산 6,682,739,888 7,735,485,670
STX중공업 071970 기타비유동금융자산 1,070,071,510 443,560,000
STX중공업 071970 기타비유동자산 0 0
STX중공업 071970 사용권자산 0 0
STX중공업 071970 이연법인세자산 0 0
STX중공업 071970 자산총계 772,938,616,167 846,362,315,473
STX중공업 071970 유동부채 215,438,143,196 1,420,327,697,383
STX중공업 071970 단기매입채무 0 0
STX중공업 071970 단기차입금 116,607,446,703 1,420,327,697,383
STX중공업 071970 유동성장기차입금 671,942,045,840 1,420,327,697,383
STX중공업 071970 유동성사채 1,479,163,041 1,420,327,697,383
STX중공업 071970 기타유동금융부채 0 0
STX중공업 071970 기타유동부채 14,312,761,755 3,278,230,101
STX중공업 071970 당기법인세부채 0 0
STX중공업 071970 유동리스부채 0 0
STX중공업 071970 비유동부채 388,492,038,888 38,354,218,169
STX중공업 071970 사채 0 0
STX중공업 071970 장기차입금 0 0
STX중공업 071970 기타비유동금융부채 0 0
STX중공업 071970 이연법인세부채 29,364,156,721 29,539,033,406
STX중공업 071970 비유동리스부채 0 0
STX중공업 071970 부채총계 603,930,182,084 1,458,681,915,552
STX중공업 071970 자본금 61,663,377,500 64,918,067,500
STX중공업 071970 자본잉여금 0 0
STX중공업 071970 자본조정 0 0
STX중공업 071970 기타포괄손익누계액 57,685,908,057 57,685,908,057
STX중공업 071970 이익잉여금(결손금) -312,100,444,721 -1,038,551,892,716
STX중공업 071970 자본총계 169,008,434,083 -612,319,600,079
STX중공업 071970 자본과부채총계 772,938,616,167 846,362,315,473
date : 2017-12-31
STX중공업 071970 유동자산 222,720,861,592 284,040,901,296
STX중공업 071970 현금및현금성자산 32,036,211,909 68,340,894,715
STX중공업 071970 매출채권 48,451,650,595 66,014,999,116
STX중공업 071970 재고자산 69,475,756,758 105,965,225,651
STX중공업 071970 기타유동금융자산 0 0
STX중공업 071970 기타유동자산 3,937,633 1,687,633
STX중공업 071970 매각예정비유동자산 1,043,896,679 1,190,280,000
STX중공업 071970 비유동자산 520,567,903,630 561,131,134,177
STX중공업 071970 장기금융상품 0 0
STX중공업 071970 기타포괄손익-공정가치 0 0
STX중공업 071970 당기손익인식공정가치측정금융자산 0 0
STX중공업 071970 종속회사투자 0 0
STX중공업 071970 관계회사투자 0 0
STX중공업 071970 렌탈자산 0 0
STX중공업 071970 유형자산 388,409,136,226 424,342,298,478
STX중공업 071970 무형자산 6,162,151,345 7,735,485,670
STX중공업 071970 기타비유동금융자산 2,447,888,020 443,560,000
STX중공업 071970 기타비유동자산 0 0
STX중공업 071970 사용권자산 0 0
STX중공업 071970 이연법인세자산 0 0
STX중공업 071970 자산총계 744,332,661,901 846,362,315,473
STX중공업 071970 유동부채 315,388,936,688 1,420,327,697,383
STX중공업 071970 단기매입채무 0 0
STX중공업 071970 단기차입금 19,251,000,000 116,607,446,703
STX중공업 071970 유동성장기차입금 671,942,045,840 914,160,000
STX중공업 071970 유동성사채 1,479,163,041 914,160,000
STX중공업 071970 기타유동금융부채 0 0
STX중공업 071970 기타유동부채 13,121,510,622 3,278,230,101
STX중공업 071970 당기법인세부채 0 0
STX중공업 071970 유동리스부채 0 0
STX중공업 071970 비유동부채 282,607,190,510 38,354,218,169
STX중공업 071970 사채 0 0
STX중공업 071970 장기차입금 722,067,744,131 38,354,218,169
STX중공업 071970 기타비유동금융부채 0 0
STX중공업 071970 이연법인세부채 29,590,782,656 29,539,033,406
STX중공업 071970 비유동리스부채 0 0
STX중공업 071970 부채총계 597,996,127,198 1,458,681,915,552
STX중공업 071970 자본금 61,663,377,500 64,918,067,500
STX중공업 071970 자본잉여금 0 0
STX중공업 071970 자본조정 0 0
STX중공업 071970 기타포괄손익누계액 57,685,908,057 57,685,908,057
STX중공업 071970 이익잉여금(결손금) -300,507,091,434 -1,038,551,892,716
STX중공업 071970 자본총계 146,336,534,703 -612,319,600,079
STX중공업 071970 자본과부채총계 744,332,661,901 846,362,315,473
date : 2018-03-31
STX중공업 071970 유동자산 164,926,130,094 222,720,861,592
STX중공업 071970 현금및현금성자산 34,957,755,406 32,036,211,909
STX중공업 071970 매출채권 24,592,069,427 48,451,650,595
STX중공업 071970 재고자산 84,092,452,664 69,475,756,758
STX중공업 071970 기타유동금융자산 0 0
STX중공업 071970 기타유동자산 0 0
STX중공업 071970 매각예정비유동자산 219,800,470,475 1,043,896,679
STX중공업 071970 비유동자산 338,152,141,404 520,567,903,630
STX중공업 071970 장기금융상품 0 0
STX중공업 071970 기타포괄손익-공정가치 0 0
STX중공업 071970 당기손익인식공정가치측정금융자산 0 0
STX중공업 071970 종속회사투자 0 0
STX중공업 071970 관계회사투자 0 0
STX중공업 071970 렌탈자산 0 0
STX중공업 071970 유형자산 315,994,899,588 388,409,136,226
STX중공업 071970 무형자산 3,396,022,774 6,162,151,345
STX중공업 071970 기타비유동금융자산 2,969,015,350 2,447,888,020
STX중공업 071970 기타비유동자산 0 0
STX중공업 071970 사용권자산 0 0
STX중공업 071970 이연법인세자산 0 0
STX중공업 071970 자산총계 722,878,741,973 744,332,661,901
STX중공업 071970 유동부채 209,095,969,055 315,388,936,688
STX중공업 071970 단기매입채무 0 0
STX중공업 071970 단기차입금 19,251,000,000 315,388,936,688
STX중공업 071970 유동성장기차입금 0 0
STX중공업 071970 유동성사채 0 0
STX중공업 071970 기타유동금융부채 0 0
STX중공업 071970 기타유동부채 13,124,083,276 13,121,510,622
STX중공업 071970 당기법인세부채 0 0
STX중공업 071970 유동리스부채 0 0
STX중공업 071970 비유동부채 285,197,241,803 282,607,190,510
STX중공업 071970 사채 0 0
STX중공업 071970 장기차입금 0 0
STX중공업 071970 기타비유동금융부채 0 0
STX중공업 071970 이연법인세부채 29,590,782,656 29,590,782,656
STX중공업 071970 비유동리스부채 0 0
STX중공업 071970 부채총계 584,408,387,903 597,996,127,198
STX중공업 071970 자본금 62,092,115,000 61,663,377,500
STX중공업 071970 자본잉여금 0 0
STX중공업 071970 자본조정 0 0
STX중공업 071970 기타포괄손익누계액 57,685,908,057 57,685,908,057
STX중공업 071970 이익잉여금(결손금) -308,343,082,439 -300,507,091,434
STX중공업 071970 자본총계 138,470,354,070 146,336,534,703
STX중공업 071970 자본과부채총계 722,878,741,973 744,332,661,901
date : 2018-06-30
STX중공업 071970 유동자산 158,052,678,536 222,720,861,592
STX중공업 071970 현금및현금성자산 28,485,918,658 32,036,211,909
STX중공업 071970 매출채권 25,846,611,620 48,451,650,595
STX중공업 071970 재고자산 77,739,643,451 69,475,756,758
STX중공업 071970 기타유동금융자산 0 0
STX중공업 071970 기타유동자산 0 0
STX중공업 071970 매각예정비유동자산 229,191,546,173 1,043,896,679
STX중공업 071970 비유동자산 339,898,973,735 520,567,903,630
STX중공업 071970 장기금융상품 0 0
STX중공업 071970 기타포괄손익-공정가치 0 0
STX중공업 071970 당기손익인식공정가치측정금융자산 0 0
STX중공업 071970 종속회사투자 0 0
STX중공업 071970 관계회사투자 0 0
STX중공업 071970 렌탈자산 0 0
STX중공업 071970 유형자산 314,312,808,774 388,409,136,226
STX중공업 071970 무형자산 3,080,941,052 6,162,151,345
STX중공업 071970 기타비유동금융자산 0 0
STX중공업 071970 기타비유동자산 0 0
STX중공업 071970 사용권자산 0 0
STX중공업 071970 이연법인세자산 0 0
STX중공업 071970 자산총계 727,143,198,444 744,332,661,901
STX중공업 071970 유동부채 225,892,768,853 315,388,936,688
STX중공업 071970 단기매입채무 0 0
STX중공업 071970 단기차입금 19,251,000,000 315,388,936,688
STX중공업 071970 유동성장기차입금 0 0
STX중공업 071970 유동성사채 0 0
STX중공업 071970 기타유동금융부채 0 0
STX중공업 071970 기타유동부채 13,322,495,549 13,121,510,622
STX중공업 071970 당기법인세부채 0 0
STX중공업 071970 유동리스부채 0 0
STX중공업 071970 비유동부채 288,967,257,473 282,607,190,510
STX중공업 071970 사채 0 0
STX중공업 071970 장기차입금 0 0
STX중공업 071970 기타비유동금융부채 0 0
STX중공업 071970 이연법인세부채 29,590,782,656 29,590,782,656
STX중공업 071970 비유동리스부채 0 0
STX중공업 071970 부채총계 554,494,737,359 597,996,127,198
STX중공업 071970 자본금 62,092,115,000 61,663,377,500
STX중공업 071970 자본잉여금 0 0
STX중공업 071970 자본조정 0 0
STX중공업 071970 기타포괄손익누계액 57,685,908,057 57,685,908,057
STX중공업 071970 이익잉여금(결손금) -274,164,975,424 -300,507,091,434
STX중공업 071970 자본총계 172,648,461,085 146,336,534,703
STX중공업 071970 자본과부채총계 727,143,198,444 744,332,661,901
date : 2018-09-30
STX중공업 071970 유동자산 265,810,102,409 222,720,861,592
STX중공업 071970 현금및현금성자산 122,428,348,076 32,036,211,909
STX중공업 071970 매출채권 30,279,757,801 48,451,650,595
STX중공업 071970 재고자산 80,632,201,025 69,475,756,758
STX중공업 071970 기타유동금융자산 0 0
STX중공업 071970 기타유동자산 0 0
STX중공업 071970 매각예정비유동자산 177,255,342,566 1,043,896,679
STX중공업 071970 비유동자산 338,212,850,359 520,567,903,630
STX중공업 071970 장기금융상품 0 0
STX중공업 071970 기타포괄손익-공정가치 0 0
STX중공업 071970 당기손익인식공정가치측정금융자산 0 0
STX중공업 071970 종속회사투자 0 0
STX중공업 071970 관계회사투자 0 0
STX중공업 071970 렌탈자산 0 0
STX중공업 071970 유형자산 313,689,549,573 388,409,136,226
STX중공업 071970 무형자산 2,945,597,799 6,162,151,345
STX중공업 071970 기타비유동금융자산 0 0
STX중공업 071970 기타비유동자산 0 0
STX중공업 071970 사용권자산 0 0
STX중공업 071970 이연법인세자산 0 0
STX중공업 071970 자산총계 781,278,295,334 744,332,661,901
STX중공업 071970 유동부채 320,308,737,703 315,388,936,688
STX중공업 071970 단기매입채무 0 0
STX중공업 071970 단기차입금 19,251,000,000 315,388,936,688
STX중공업 071970 유동성장기차입금 0 0
STX중공업 071970 유동성사채 0 0
STX중공업 071970 기타유동금융부채 0 0
STX중공업 071970 기타유동부채 95,978,960,030 13,121,510,622
STX중공업 071970 당기법인세부채 0 0
STX중공업 071970 유동리스부채 0 0
STX중공업 071970 비유동부채 292,795,557,085 282,607,190,510
STX중공업 071970 사채 0 0
STX중공업 071970 장기차입금 0 0
STX중공업 071970 기타비유동금융부채 0 0
STX중공업 071970 이연법인세부채 29,590,782,656 29,590,782,656
STX중공업 071970 비유동리스부채 0 0
STX중공업 071970 부채총계 613,104,294,788 597,996,127,198
STX중공업 071970 자본금 62,092,115,000 61,663,377,500
STX중공업 071970 자본잉여금 0 0
STX중공업 071970 자본조정 0 0
STX중공업 071970 기타포괄손익누계액 57,628,578,057 57,685,908,057
STX중공업 071970 이익잉여금(결손금) -278,582,105,963 -300,507,091,434
STX중공업 071970 자본총계 168,174,000,546 146,336,534,703
STX중공업 071970 자본과부채총계 781,278,295,334 744,332,661,901
date : 2018-12-31
STX중공업 071970 유동자산 207,569,871,158 222,720,861,592
STX중공업 071970 현금및현금성자산 77,333,114,782 32,036,211,909
STX중공업 071970 매출채권 24,892,015,279 48,451,650,595
STX중공업 071970 재고자산 74,766,621,130 69,475,756,758
STX중공업 071970 기타유동금융자산 0 0
STX중공업 071970 기타유동자산 3,937,633 69,475,756,758
STX중공업 071970 매각예정비유동자산 113,338,195,894 1,043,896,679
STX중공업 071970 비유동자산 246,129,723,735 520,567,903,630
STX중공업 071970 장기금융상품 0 0
STX중공업 071970 기타포괄손익-공정가치 0 0
STX중공업 071970 당기손익인식공정가치측정금융자산 0 0
STX중공업 071970 종속회사투자 0 0
STX중공업 071970 관계회사투자 0 0
STX중공업 071970 렌탈자산 0 0
STX중공업 071970 유형자산 230,764,529,450 388,409,136,226
STX중공업 071970 무형자산 3,266,505,347 6,162,151,345
STX중공업 071970 기타비유동금융자산 0 0
STX중공업 071970 기타비유동자산 0 0
STX중공업 071970 사용권자산 0 0
STX중공업 071970 이연법인세자산 0 0
STX중공업 071970 자산총계 567,037,790,787 744,332,661,901
STX중공업 071970 유동부채 294,807,004,594 315,388,936,688
STX중공업 071970 단기매입채무 0 0
STX중공업 071970 단기차입금 19,251,000,000 116,607,446,703
STX중공업 071970 유동성장기차입금 671,942,045,840 116,607,446,703
STX중공업 071970 유동성사채 1,479,163,041 116,607,446,703
STX중공업 071970 기타유동금융부채 0 0
STX중공업 071970 기타유동부채 45,803,018,925 13,121,510,622
STX중공업 071970 당기법인세부채 0 0
STX중공업 071970 유동리스부채 0 0
STX중공업 071970 비유동부채 118,543,465,340 282,607,190,510
STX중공업 071970 사채 84,913,757,033 282,607,190,510
STX중공업 071970 장기차입금 0 0
STX중공업 071970 기타비유동금융부채 0 0
STX중공업 071970 이연법인세부채 29,266,661,841 29,590,782,656
STX중공업 071970 비유동리스부채 0 0
STX중공업 071970 부채총계 413,350,469,934 597,996,127,198
STX중공업 071970 자본금 70,204,327,500 61,663,377,500
STX중공업 071970 자본잉여금 0 0
STX중공업 071970 자본조정 0 0
STX중공업 071970 기타포괄손익누계액 24,461,613,701 57,685,908,057
STX중공업 071970 이익잉여금(결손금) -417,699,504,109 -300,507,091,434
STX중공업 071970 자본총계 153,687,320,853 146,336,534,703
STX중공업 071970 자본과부채총계 567,037,790,787 744,332,661,901
date : 2019-03-31
STX중공업 071970 유동자산 175,517,221,511 207,569,871,158
STX중공업 071970 현금및현금성자산 37,628,575,283 77,333,114,782
STX중공업 071970 매출채권 29,739,785,987 24,892,015,279
STX중공업 071970 재고자산 74,998,412,930 74,766,621,130
STX중공업 071970 기타유동금융자산 0 0
STX중공업 071970 기타유동자산 0 0
STX중공업 071970 매각예정비유동자산 46,838,195,894 113,338,195,894
STX중공업 071970 비유동자산 248,769,635,966 246,129,723,735
STX중공업 071970 장기금융상품 0 0
STX중공업 071970 기타포괄손익-공정가치 0 0
STX중공업 071970 당기손익인식공정가치측정금융자산 0 0
STX중공업 071970 종속회사투자 0 0
STX중공업 071970 관계회사투자 0 0
STX중공업 071970 렌탈자산 0 0
STX중공업 071970 유형자산 233,535,455,587 230,764,529,450
STX중공업 071970 무형자산 3,669,766,110 3,266,505,347
STX중공업 071970 기타비유동금융자산 0 0
STX중공업 071970 기타비유동자산 0 0
STX중공업 071970 사용권자산 0 0
STX중공업 071970 이연법인세자산 0 0
STX중공업 071970 자산총계 471,125,053,371 567,037,790,787
STX중공업 071970 유동부채 201,389,716,190 294,807,004,594
STX중공업 071970 단기매입채무 0 0
STX중공업 071970 단기차입금 0 0
STX중공업 071970 유동성장기차입금 0 0
STX중공업 071970 유동성사채 11,000,000,000 294,807,004,594
STX중공업 071970 기타유동금융부채 0 0
STX중공업 071970 기타유동부채 6,326,805,157 45,803,018,925
STX중공업 071970 당기법인세부채 0 0
STX중공업 071970 유동리스부채 2,549,636,121 294,807,004,594
STX중공업 071970 비유동부채 119,433,623,244 118,543,465,340
STX중공업 071970 사채 84,965,318,206 84,913,757,033
STX중공업 071970 장기차입금 0 0
STX중공업 071970 기타비유동금융부채 0 0
STX중공업 071970 이연법인세부채 29,266,661,841 29,266,661,841
STX중공업 071970 비유동리스부채 359,599,651 84,913,757,033
STX중공업 071970 부채총계 320,823,339,434 413,350,469,934
STX중공업 071970 자본금 70,204,327,500 70,204,327,500
STX중공업 071970 자본잉여금 0 0
STX중공업 071970 자본조정 0 0
STX중공업 071970 기타포괄손익누계액 24,461,613,701 24,461,613,701
STX중공업 071970 이익잉여금(결손금) -421,082,395,945 -417,699,504,109
STX중공업 071970 자본총계 150,301,713,937 153,687,320,853
STX중공업 071970 자본과부채총계 471,125,053,371 567,037,790,787
