date : 2019-03-31
에스모 073070 유동자산 64,919,688,172 63,395,725,702
에스모 073070 현금및현금성자산 9,423,824,267 16,083,706,096
에스모 073070 매출채권 및 기타유동채권
에스모 073070 기타유동금융자산 7,001,050,000 7,000,000,000
에스모 073070 재고자산 11,386,884,284 11,316,290,396
에스모 073070 기타유동자산 1,656,027,581 1,971,772,035
에스모 073070 비유동자산 72,938,195,797 72,820,899,274
에스모 073070 장기금융상품 4,000,000 4,000,000
에스모 073070 유형자산 10,890,841,802 10,909,861,191
에스모 073070 무형자산 565,839,935 583,211,750
에스모 073070 이연법인세자산 684,940,519 323,708,292
에스모 073070 자산총계 137,857,883,969 136,216,624,976
에스모 073070 유동부채 57,667,026,031 55,966,183,519
에스모 073070 단기차입금 3,070,000,000 0
에스모 073070 기타유동부채 832,198,613 945,328,528
에스모 073070 비유동부채 1,489,758,563 1,468,352,745
에스모 073070 부채총계 59,156,784,594 57,434,536,264
에스모 073070 자본금 8,766,676,900 8,750,837,500
에스모 073070 자본잉여금 24,672,000,358 24,387,186,624
에스모 073070 이익잉여금(결손금) 44,074,845,830 44,692,984,889
에스모 073070 자본총계 78,701,099,375 78,782,088,712
에스모 073070 자본과부채총계 137,857,883,969 136,216,624,976
