date : 2016-09-30
우리손에프앤지 073560 유동자산 36,565,744,662 25,943,648,885
우리손에프앤지 073560 현금및현금성자산 10,852,736,185 2,663,335,936
우리손에프앤지 073560 매출채권 0 0
우리손에프앤지 073560 재고자산 683,811,383 747,632,635
우리손에프앤지 073560 기타유동금융자산 0 0
우리손에프앤지 073560 기타유동자산 1,095,361,676 920,231,934
우리손에프앤지 073560 매각예정비유동자산 0 0
우리손에프앤지 073560 비유동자산 115,257,016,647 113,462,599,545
우리손에프앤지 073560 장기금융상품 0 0
우리손에프앤지 073560 기타포괄손익-공정가치 0 0
우리손에프앤지 073560 당기손익인식공정가치측정금융자산 0 0
우리손에프앤지 073560 종속회사투자 0 0
우리손에프앤지 073560 관계회사투자 0 0
우리손에프앤지 073560 렌탈자산 0 0
우리손에프앤지 073560 유형자산 44,960,152,180 45,735,781,218
우리손에프앤지 073560 무형자산 8,883,410 13,963,100
우리손에프앤지 073560 기타비유동금융자산 0 0
우리손에프앤지 073560 기타비유동자산 0 0
우리손에프앤지 073560 사용권자산 0 0
우리손에프앤지 073560 이연법인세자산 99,718,061 148,570,834
우리손에프앤지 073560 자산총계 151,822,761,309 139,406,248,430
우리손에프앤지 073560 유동부채 25,622,633,029 40,615,104,367
우리손에프앤지 073560 단기매입채무 0 0
우리손에프앤지 073560 단기차입금 15,646,000,000 25,996,000,000
우리손에프앤지 073560 유동성장기차입금 0 0
우리손에프앤지 073560 유동성사채 0 0
우리손에프앤지 073560 기타유동금융부채 0 0
우리손에프앤지 073560 기타유동부채 957,317,480 705,026,664
우리손에프앤지 073560 당기법인세부채 911,419,741 1,056,636,375
우리손에프앤지 073560 유동리스부채 0 0
우리손에프앤지 073560 비유동부채 12,637,451,749 20,725,281,702
우리손에프앤지 073560 사채 0 0
우리손에프앤지 073560 장기차입금 6,555,740,228 4,567,465,792
우리손에프앤지 073560 기타비유동금융부채 0 0
우리손에프앤지 073560 이연법인세부채 130,012,382 4,567,465,792
우리손에프앤지 073560 비유동리스부채 0 0
우리손에프앤지 073560 부채총계 38,260,084,778 61,340,386,069
우리손에프앤지 073560 자본금 34,618,821,500 25,799,610,000
우리손에프앤지 073560 자본잉여금 45,725,379,111 23,344,860,370
우리손에프앤지 073560 자본조정 0 0
우리손에프앤지 073560 기타포괄손익누계액 0 0
우리손에프앤지 073560 이익잉여금(결손금) 0 0
우리손에프앤지 073560 자본총계 113,562,676,531 78,065,862,361
우리손에프앤지 073560 자본과부채총계 151,822,761,309 139,406,248,430
date : 2016-12-31
우리손에프앤지 073560 유동자산 31,254,216,978 25,943,648,885
우리손에프앤지 073560 현금및현금성자산 2,513,424,343 2,663,335,936
우리손에프앤지 073560 매출채권 0 0
우리손에프앤지 073560 재고자산 647,723,703 747,632,635
우리손에프앤지 073560 기타유동금융자산 0 0
우리손에프앤지 073560 기타유동자산 996,129,228 920,231,934
우리손에프앤지 073560 매각예정비유동자산 0 0
우리손에프앤지 073560 비유동자산 115,337,241,994 113,462,599,545
우리손에프앤지 073560 장기금융상품 0 0
우리손에프앤지 073560 기타포괄손익-공정가치 0 0
우리손에프앤지 073560 당기손익인식공정가치측정금융자산 0 0
우리손에프앤지 073560 종속회사투자 0 0
우리손에프앤지 073560 관계회사투자 0 0
우리손에프앤지 073560 렌탈자산 0 0
우리손에프앤지 073560 유형자산 44,856,943,029 45,735,781,218
우리손에프앤지 073560 무형자산 24,797,055 13,963,100
우리손에프앤지 073560 기타비유동금융자산 0 0
우리손에프앤지 073560 기타비유동자산 0 0
우리손에프앤지 073560 사용권자산 0 0
우리손에프앤지 073560 이연법인세자산 784,233,196 99,718,061
우리손에프앤지 073560 자산총계 146,591,458,972 139,406,248,430
우리손에프앤지 073560 유동부채 22,945,315,121 40,615,104,367
우리손에프앤지 073560 단기매입채무 0 0
우리손에프앤지 073560 단기차입금 14,646,000,000 25,996,000,000
우리손에프앤지 073560 유동성장기차입금 0 0
우리손에프앤지 073560 유동성사채 0 0
우리손에프앤지 073560 기타유동금융부채 0 0
우리손에프앤지 073560 기타유동부채 712,495,188 705,026,664
우리손에프앤지 073560 당기법인세부채 1,152,145,128 1,056,636,375
우리손에프앤지 073560 유동리스부채 0 0
우리손에프앤지 073560 비유동부채 11,559,026,959 20,725,281,702
우리손에프앤지 073560 사채 0 0
우리손에프앤지 073560 장기차입금 5,573,870,292 4,567,465,792
우리손에프앤지 073560 기타비유동금융부채 0 0
우리손에프앤지 073560 이연법인세부채 0 4,567,465,792
우리손에프앤지 073560 비유동리스부채 0 0
우리손에프앤지 073560 부채총계 34,504,342,080 61,340,386,069
우리손에프앤지 073560 자본금 34,618,821,500 25,799,610,000
우리손에프앤지 073560 자본잉여금 45,600,892,915 23,344,860,370
우리손에프앤지 073560 자본조정 0 0
우리손에프앤지 073560 기타포괄손익누계액 0 0
우리손에프앤지 073560 이익잉여금(결손금) 0 0
우리손에프앤지 073560 자본총계 112,087,116,892 78,065,862,361
우리손에프앤지 073560 자본과부채총계 146,591,458,972 139,406,248,430
date : 2017-03-31
우리손에프앤지 073560 유동자산 35,668,779,269 31,254,216,978
우리손에프앤지 073560 현금및현금성자산 9,771,300,712 2,513,424,343
우리손에프앤지 073560 매출채권 0 0
우리손에프앤지 073560 재고자산 673,817,473 647,723,703
우리손에프앤지 073560 기타유동금융자산 0 0
우리손에프앤지 073560 기타유동자산 1,009,209,581 996,129,228
우리손에프앤지 073560 매각예정비유동자산 0 0
우리손에프앤지 073560 비유동자산 114,124,582,521 115,337,241,994
우리손에프앤지 073560 장기금융상품 0 0
우리손에프앤지 073560 기타포괄손익-공정가치 0 0
우리손에프앤지 073560 당기손익인식공정가치측정금융자산 0 0
우리손에프앤지 073560 종속회사투자 0 0
우리손에프앤지 073560 관계회사투자 0 0
우리손에프앤지 073560 렌탈자산 0 0
우리손에프앤지 073560 유형자산 44,447,729,558 44,856,943,029
우리손에프앤지 073560 무형자산 15,676,905 24,797,055
우리손에프앤지 073560 기타비유동금융자산 0 0
우리손에프앤지 073560 기타비유동자산 0 0
우리손에프앤지 073560 사용권자산 0 0
우리손에프앤지 073560 이연법인세자산 784,233,196 784,233,196
우리손에프앤지 073560 자산총계 149,793,361,790 146,591,458,972
우리손에프앤지 073560 유동부채 24,185,306,080 22,945,315,121
우리손에프앤지 073560 단기매입채무 0 0
우리손에프앤지 073560 단기차입금 14,646,000,000 14,646,000,000
우리손에프앤지 073560 유동성장기차입금 0 0
우리손에프앤지 073560 유동성사채 0 0
우리손에프앤지 073560 기타유동금융부채 0 0
우리손에프앤지 073560 기타유동부채 850,200,160 712,495,188
우리손에프앤지 073560 당기법인세부채 1,257,556,332 1,152,145,128
우리손에프앤지 073560 유동리스부채 0 0
우리손에프앤지 073560 비유동부채 11,459,660,245 11,559,026,959
우리손에프앤지 073560 사채 0 0
우리손에프앤지 073560 장기차입금 5,586,799,678 5,573,870,292
우리손에프앤지 073560 기타비유동금융부채 0 0
우리손에프앤지 073560 이연법인세부채 0 5,573,870,292
우리손에프앤지 073560 비유동리스부채 0 0
우리손에프앤지 073560 부채총계 35,644,966,325 34,504,342,080
우리손에프앤지 073560 자본금 34,618,821,500 34,618,821,500
우리손에프앤지 073560 자본잉여금 45,600,892,915 45,600,892,915
우리손에프앤지 073560 자본조정 0 0
우리손에프앤지 073560 기타포괄손익누계액 0 0
우리손에프앤지 073560 이익잉여금(결손금) 0 0
우리손에프앤지 073560 자본총계 114,148,395,465 112,087,116,892
우리손에프앤지 073560 자본과부채총계 149,793,361,790 146,591,458,972
date : 2017-06-30
우리손에프앤지 073560 유동자산 41,722,957,407 31,254,216,978
우리손에프앤지 073560 현금및현금성자산 10,422,141,646 2,513,424,343
우리손에프앤지 073560 매출채권 0 0
우리손에프앤지 073560 재고자산 634,441,900 647,723,703
우리손에프앤지 073560 기타유동금융자산 0 0
우리손에프앤지 073560 기타유동자산 855,852,264 996,129,228
우리손에프앤지 073560 매각예정비유동자산 0 0
우리손에프앤지 073560 비유동자산 113,470,600,702 115,337,241,994
우리손에프앤지 073560 장기금융상품 0 0
우리손에프앤지 073560 기타포괄손익-공정가치 0 0
우리손에프앤지 073560 당기손익인식공정가치측정금융자산 0 0
우리손에프앤지 073560 종속회사투자 0 0
우리손에프앤지 073560 관계회사투자 0 0
우리손에프앤지 073560 렌탈자산 0 0
우리손에프앤지 073560 유형자산 44,400,467,308 44,856,943,029
우리손에프앤지 073560 무형자산 14,207,475 24,797,055
우리손에프앤지 073560 기타비유동금융자산 0 0
우리손에프앤지 073560 기타비유동자산 0 0
우리손에프앤지 073560 사용권자산 0 0
우리손에프앤지 073560 이연법인세자산 784,233,196 24,797,055
우리손에프앤지 073560 자산총계 155,193,558,109 146,591,458,972
우리손에프앤지 073560 유동부채 25,509,575,026 22,945,315,121
우리손에프앤지 073560 단기매입채무 0 0
우리손에프앤지 073560 단기차입금 14,646,000,000 14,646,000,000
우리손에프앤지 073560 유동성장기차입금 0 0
우리손에프앤지 073560 유동성사채 0 0
우리손에프앤지 073560 기타유동금융부채 0 0
우리손에프앤지 073560 기타유동부채 673,652,929 712,495,188
우리손에프앤지 073560 당기법인세부채 904,304,451 1,152,145,128
우리손에프앤지 073560 유동리스부채 0 0
우리손에프앤지 073560 비유동부채 11,030,796,724 11,559,026,959
우리손에프앤지 073560 사채 0 0
우리손에프앤지 073560 장기차입금 4,933,827,602 5,573,870,292
우리손에프앤지 073560 기타비유동금융부채 0 0
우리손에프앤지 073560 이연법인세부채 184,541,202 5,573,870,292
우리손에프앤지 073560 비유동리스부채 0 0
우리손에프앤지 073560 부채총계 36,540,371,750 34,504,342,080
우리손에프앤지 073560 자본금 34,618,821,500 34,618,821,500
우리손에프앤지 073560 자본잉여금 45,600,892,915 45,600,892,915
우리손에프앤지 073560 자본조정 0 0
우리손에프앤지 073560 기타포괄손익누계액 0 0
우리손에프앤지 073560 이익잉여금(결손금) 0 0
우리손에프앤지 073560 자본총계 118,653,186,359 112,087,116,892
우리손에프앤지 073560 자본과부채총계 155,193,558,109 146,591,458,972
date : 2017-09-30
우리손에프앤지 073560 유동자산 43,065,728,078 31,254,216,978
우리손에프앤지 073560 현금및현금성자산 9,328,973,031 2,513,424,343
우리손에프앤지 073560 매출채권 0 0
우리손에프앤지 073560 재고자산 688,011,289 647,723,703
우리손에프앤지 073560 기타유동금융자산 0 0
우리손에프앤지 073560 기타유동자산 993,402,425 996,129,228
우리손에프앤지 073560 매각예정비유동자산 0 0
우리손에프앤지 073560 비유동자산 114,437,927,405 115,337,241,994
우리손에프앤지 073560 장기금융상품 0 0
우리손에프앤지 073560 기타포괄손익-공정가치 0 0
우리손에프앤지 073560 당기손익인식공정가치측정금융자산 0 0
우리손에프앤지 073560 종속회사투자 0 0
우리손에프앤지 073560 관계회사투자 0 0
우리손에프앤지 073560 렌탈자산 0 0
우리손에프앤지 073560 유형자산 44,880,257,934 44,856,943,029
우리손에프앤지 073560 무형자산 12,842,487 24,797,055
우리손에프앤지 073560 기타비유동금융자산 0 0
우리손에프앤지 073560 기타비유동자산 0 0
우리손에프앤지 073560 사용권자산 0 0
우리손에프앤지 073560 이연법인세자산 784,233,196 24,797,055
우리손에프앤지 073560 자산총계 157,503,655,483 146,591,458,972
우리손에프앤지 073560 유동부채 25,453,903,687 22,945,315,121
우리손에프앤지 073560 단기매입채무 0 0
우리손에프앤지 073560 단기차입금 14,646,000,000 14,646,000,000
우리손에프앤지 073560 유동성장기차입금 3,939,609,150 3,307,613,893
우리손에프앤지 073560 유동성사채 0 0
우리손에프앤지 073560 기타유동금융부채 51,555,716 134,960,834
우리손에프앤지 073560 기타유동부채 872,102,018 712,495,188
우리손에프앤지 073560 당기법인세부채 1,478,207,593 1,152,145,128
우리손에프앤지 073560 유동리스부채 0 0
우리손에프앤지 073560 비유동부채 10,904,208,615 11,559,026,959
우리손에프앤지 073560 사채 0 0
우리손에프앤지 073560 장기차입금 4,945,870,554 5,573,870,292
우리손에프앤지 073560 기타비유동금융부채 0 0
우리손에프앤지 073560 이연법인세부채 184,541,202 5,573,870,292
우리손에프앤지 073560 비유동리스부채 0 0
우리손에프앤지 073560 부채총계 36,358,112,302 34,504,342,080
우리손에프앤지 073560 자본금 34,618,821,500 34,618,821,500
우리손에프앤지 073560 자본잉여금 45,600,892,915 45,600,892,915
우리손에프앤지 073560 자본조정 0 0
우리손에프앤지 073560 기타포괄손익누계액 0 0
우리손에프앤지 073560 이익잉여금(결손금) 44,738,553,559 35,680,127,270
우리손에프앤지 073560 자본총계 121,145,543,181 112,087,116,892
우리손에프앤지 073560 자본과부채총계 157,503,655,483 146,591,458,972
date : 2017-12-31
우리손에프앤지 073560 유동자산 43,715,463,193 31,254,216,978
우리손에프앤지 073560 현금및현금성자산 7,779,149,588 2,513,424,343
우리손에프앤지 073560 매출채권 0 0
우리손에프앤지 073560 재고자산 790,325,818 647,723,703
우리손에프앤지 073560 기타유동금융자산 0 0
우리손에프앤지 073560 기타유동자산 1,011,017,085 996,129,228
우리손에프앤지 073560 매각예정비유동자산 0 0
우리손에프앤지 073560 비유동자산 114,953,408,445 115,337,241,994
우리손에프앤지 073560 장기금융상품 0 0
우리손에프앤지 073560 기타포괄손익-공정가치 0 0
우리손에프앤지 073560 당기손익인식공정가치측정금융자산 0 0
우리손에프앤지 073560 종속회사투자 0 0
우리손에프앤지 073560 관계회사투자 0 0
우리손에프앤지 073560 렌탈자산 0 0
우리손에프앤지 073560 유형자산 45,538,164,558 44,856,943,029
우리손에프앤지 073560 무형자산 11,352,168 24,797,055
우리손에프앤지 073560 기타비유동금융자산 0 0
우리손에프앤지 073560 기타비유동자산 0 0
우리손에프앤지 073560 사용권자산 0 0
우리손에프앤지 073560 이연법인세자산 273,268,945 784,233,196
우리손에프앤지 073560 자산총계 158,668,871,638 146,591,458,972
우리손에프앤지 073560 유동부채 27,445,321,401 22,945,315,121
우리손에프앤지 073560 단기매입채무 0 0
우리손에프앤지 073560 단기차입금 17,946,000,000 14,646,000,000
우리손에프앤지 073560 유동성장기차입금 4,213,560,000 3,307,613,893
우리손에프앤지 073560 유동성사채 0 0
우리손에프앤지 073560 기타유동금융부채 76,877,488 134,960,834
우리손에프앤지 073560 기타유동부채 215,361,173 712,495,188
우리손에프앤지 073560 당기법인세부채 1,575,134,156 1,152,145,128
우리손에프앤지 073560 유동리스부채 0 0
우리손에프앤지 073560 비유동부채 10,147,167,730 11,559,026,959
우리손에프앤지 073560 사채 0 0
우리손에프앤지 073560 장기차입금 3,646,442,824 5,573,870,292
우리손에프앤지 073560 기타비유동금융부채 0 0
우리손에프앤지 073560 이연법인세부채 0 5,573,870,292
우리손에프앤지 073560 비유동리스부채 0 0
우리손에프앤지 073560 부채총계 37,592,489,131 34,504,342,080
우리손에프앤지 073560 자본금 34,618,821,500 34,618,821,500
우리손에프앤지 073560 자본잉여금 45,600,892,915 45,600,892,915
우리손에프앤지 073560 자본조정 0 0
우리손에프앤지 073560 기타포괄손익누계액 0 0
우리손에프앤지 073560 이익잉여금(결손금) 44,669,392,885 35,680,127,270
우리손에프앤지 073560 자본총계 121,076,382,507 112,087,116,892
우리손에프앤지 073560 자본과부채총계 158,668,871,638 146,591,458,972
date : 2018-03-31
우리손에프앤지 073560 유동자산 48,394,148,414 43,715,463,193
우리손에프앤지 073560 현금및현금성자산 8,412,202,061 7,779,149,588
우리손에프앤지 073560 매출채권 0 0
우리손에프앤지 073560 재고자산 778,141,465 790,325,818
우리손에프앤지 073560 기타유동금융자산 0 0
우리손에프앤지 073560 기타유동자산 1,528,738,308 1,011,017,085
우리손에프앤지 073560 매각예정비유동자산 0 0
우리손에프앤지 073560 비유동자산 118,708,858,183 114,953,408,445
우리손에프앤지 073560 장기금융상품 0 0
우리손에프앤지 073560 기타포괄손익-공정가치 0 0
우리손에프앤지 073560 당기손익인식공정가치측정금융자산 0 0
우리손에프앤지 073560 종속회사투자 0 0
우리손에프앤지 073560 관계회사투자 0 0
우리손에프앤지 073560 렌탈자산 0 0
우리손에프앤지 073560 유형자산 45,299,053,507 45,538,164,558
우리손에프앤지 073560 무형자산 9,861,849 11,352,168
우리손에프앤지 073560 기타비유동금융자산 0 0
우리손에프앤지 073560 기타비유동자산 0 0
우리손에프앤지 073560 사용권자산 0 0
우리손에프앤지 073560 이연법인세자산 273,268,945 273,268,945
우리손에프앤지 073560 자산총계 167,103,006,597 158,668,871,638
우리손에프앤지 073560 유동부채 33,328,033,917 27,445,321,401
우리손에프앤지 073560 단기매입채무 0 0
우리손에프앤지 073560 단기차입금 20,646,000,000 17,946,000,000
우리손에프앤지 073560 유동성장기차입금 4,174,110,000 4,213,560,000
우리손에프앤지 073560 유동성사채 0 0
우리손에프앤지 073560 기타유동금융부채 107,052,652 76,877,488
우리손에프앤지 073560 기타유동부채 357,218,472 215,361,173
우리손에프앤지 073560 당기법인세부채 2,286,844,310 1,575,134,156
우리손에프앤지 073560 유동리스부채 0 0
우리손에프앤지 073560 비유동부채 10,175,254,174 10,147,167,730
우리손에프앤지 073560 사채 0 0
우리손에프앤지 073560 장기차입금 3,657,020,870 3,646,442,824
우리손에프앤지 073560 기타비유동금융부채 0 0
우리손에프앤지 073560 이연법인세부채 0 0
우리손에프앤지 073560 비유동리스부채 0 0
우리손에프앤지 073560 부채총계 43,503,288,091 37,592,489,131
우리손에프앤지 073560 자본금 34,618,821,500 34,618,821,500
우리손에프앤지 073560 자본잉여금 45,600,892,915 45,600,892,915
우리손에프앤지 073560 자본조정 0 0
우리손에프앤지 073560 기타포괄손익누계액 0 0
우리손에프앤지 073560 이익잉여금(결손금) 47,192,728,884 44,669,392,885
우리손에프앤지 073560 자본총계 123,599,718,506 121,076,382,507
우리손에프앤지 073560 자본과부채총계 167,103,006,597 158,668,871,638
date : 2018-06-30
우리손에프앤지 073560 유동자산 38,879,861,457 43,715,463,193
우리손에프앤지 073560 현금및현금성자산 14,056,312,605 7,779,149,588
우리손에프앤지 073560 매출채권 0 0
우리손에프앤지 073560 재고자산 708,452,942 790,325,818
우리손에프앤지 073560 기타유동금융자산 0 0
우리손에프앤지 073560 기타유동자산 1,095,210,279 1,011,017,085
우리손에프앤지 073560 매각예정비유동자산 0 0
우리손에프앤지 073560 비유동자산 124,419,524,953 114,953,408,445
우리손에프앤지 073560 장기금융상품 0 0
우리손에프앤지 073560 기타포괄손익-공정가치 0 0
우리손에프앤지 073560 당기손익인식공정가치측정금융자산 0 0
우리손에프앤지 073560 종속회사투자 0 0
우리손에프앤지 073560 관계회사투자 0 0
우리손에프앤지 073560 렌탈자산 0 0
우리손에프앤지 073560 유형자산 44,162,414,301 45,538,164,558
우리손에프앤지 073560 무형자산 8,371,530 11,352,168
우리손에프앤지 073560 기타비유동금융자산 0 0
우리손에프앤지 073560 기타비유동자산 0 0
우리손에프앤지 073560 사용권자산 0 0
우리손에프앤지 073560 이연법인세자산 1,460,826,407 273,268,945
우리손에프앤지 073560 자산총계 163,299,386,410 158,668,871,638
우리손에프앤지 073560 유동부채 32,584,143,746 27,445,321,401
우리손에프앤지 073560 단기매입채무 0 0
우리손에프앤지 073560 단기차입금 23,400,000,000 17,946,000,000
우리손에프앤지 073560 유동성장기차입금 4,663,560,000 4,213,560,000
우리손에프앤지 073560 유동성사채 0 0
우리손에프앤지 073560 기타유동금융부채 0 0
우리손에프앤지 073560 기타유동부채 237,020,660 215,361,173
우리손에프앤지 073560 당기법인세부채 1,168,814,932 1,575,134,156
우리손에프앤지 073560 유동리스부채 0 0
우리손에프앤지 073560 비유동부채 10,202,015,508 10,147,167,730
우리손에프앤지 073560 사채 0 0
우리손에프앤지 073560 장기차입금 3,540,232,635 3,646,442,824
우리손에프앤지 073560 기타비유동금융부채 0 0
우리손에프앤지 073560 이연법인세부채 0 0
우리손에프앤지 073560 비유동리스부채 0 0
우리손에프앤지 073560 부채총계 42,786,159,254 37,592,489,131
우리손에프앤지 073560 자본금 34,618,821,500 34,618,821,500
우리손에프앤지 073560 자본잉여금 43,598,458,285 45,600,892,915
우리손에프앤지 073560 자본조정 0 0
우리손에프앤지 073560 기타포괄손익누계액 0 0
우리손에프앤지 073560 이익잉여금(결손금) 50,448,903,785 44,669,392,885
우리손에프앤지 073560 자본총계 120,513,227,156 121,076,382,507
우리손에프앤지 073560 자본과부채총계 163,299,386,410 158,668,871,638
date : 2018-09-30
우리손에프앤지 073560 유동자산 40,744,916,759 43,715,463,193
우리손에프앤지 073560 현금및현금성자산 9,288,075,798 7,779,149,588
우리손에프앤지 073560 매출채권 0 0
우리손에프앤지 073560 재고자산 702,853,409 790,325,818
우리손에프앤지 073560 기타유동금융자산 0 0
우리손에프앤지 073560 기타유동자산 1,061,382,734 1,011,017,085
우리손에프앤지 073560 매각예정비유동자산 0 0
우리손에프앤지 073560 비유동자산 126,710,787,544 114,953,408,445
우리손에프앤지 073560 장기금융상품 0 0
우리손에프앤지 073560 기타포괄손익-공정가치 0 0
우리손에프앤지 073560 당기손익인식공정가치측정금융자산 0 0
우리손에프앤지 073560 종속회사투자 0 0
우리손에프앤지 073560 관계회사투자 0 0
우리손에프앤지 073560 렌탈자산 0 0
우리손에프앤지 073560 유형자산 43,873,100,952 45,538,164,558
우리손에프앤지 073560 무형자산 6,881,211 11,352,168
우리손에프앤지 073560 기타비유동금융자산 0 0
우리손에프앤지 073560 기타비유동자산 0 0
우리손에프앤지 073560 사용권자산 0 0
우리손에프앤지 073560 이연법인세자산 1,460,826,407 273,268,945
우리손에프앤지 073560 자산총계 167,455,704,303 158,668,871,638
우리손에프앤지 073560 유동부채 35,605,118,179 27,445,321,401
우리손에프앤지 073560 단기매입채무 0 0
우리손에프앤지 073560 단기차입금 26,400,000,000 17,946,000,000
우리손에프앤지 073560 유동성장기차입금 4,659,290,000 4,213,560,000
우리손에프앤지 073560 유동성사채 0 0
우리손에프앤지 073560 기타유동금융부채 0 0
우리손에프앤지 073560 기타유동부채 347,157,099 215,361,173
우리손에프앤지 073560 당기법인세부채 882,950,829 1,575,134,156
우리손에프앤지 073560 유동리스부채 0 0
우리손에프앤지 073560 비유동부채 10,298,541,639 10,147,167,730
우리손에프앤지 073560 사채 0 0
우리손에프앤지 073560 장기차입금 3,541,428,789 3,646,442,824
우리손에프앤지 073560 기타비유동금융부채 0 0
우리손에프앤지 073560 이연법인세부채 0 0
우리손에프앤지 073560 비유동리스부채 0 0
우리손에프앤지 073560 부채총계 45,903,659,818 37,592,489,131
우리손에프앤지 073560 자본금 34,618,821,500 34,618,821,500
우리손에프앤지 073560 자본잉여금 43,598,458,285 45,600,892,915
우리손에프앤지 073560 자본조정 0 0
우리손에프앤지 073560 기타포괄손익누계액 0 0
우리손에프앤지 073560 이익잉여금(결손금) 50,995,711,174 44,669,392,885
우리손에프앤지 073560 자본총계 121,552,044,485 121,076,382,507
우리손에프앤지 073560 자본과부채총계 167,455,704,303 158,668,871,638
date : 2018-12-31
우리손에프앤지 073560 유동자산 37,040,175,742 43,715,463,193
우리손에프앤지 073560 현금및현금성자산 2,155,622,848 7,779,149,588
우리손에프앤지 073560 매출채권 0 0
우리손에프앤지 073560 재고자산 689,520,264 790,325,818
우리손에프앤지 073560 기타유동금융자산 0 0
우리손에프앤지 073560 기타유동자산 1,317,585,629 1,011,017,085
우리손에프앤지 073560 매각예정비유동자산 0 0
우리손에프앤지 073560 비유동자산 127,096,021,868 114,953,408,445
우리손에프앤지 073560 장기금융상품 0 0
우리손에프앤지 073560 기타포괄손익-공정가치 0 0
우리손에프앤지 073560 당기손익인식공정가치측정금융자산 0 0
우리손에프앤지 073560 종속회사투자 0 0
우리손에프앤지 073560 관계회사투자 0 0
우리손에프앤지 073560 렌탈자산 0 0
우리손에프앤지 073560 유형자산 44,525,776,321 45,538,164,558
우리손에프앤지 073560 무형자산 5,390,895 11,352,168
우리손에프앤지 073560 기타비유동금융자산 0 0
우리손에프앤지 073560 기타비유동자산 0 0
우리손에프앤지 073560 사용권자산 0 0
우리손에프앤지 073560 이연법인세자산 1,573,802,188 273,268,945
우리손에프앤지 073560 자산총계 164,136,197,610 158,668,871,638
우리손에프앤지 073560 유동부채 36,422,830,287 27,445,321,401
우리손에프앤지 073560 단기매입채무 0 0
우리손에프앤지 073560 단기차입금 25,400,000,000 17,946,000,000
우리손에프앤지 073560 유동성장기차입금 5,416,382,000 4,213,560,000
우리손에프앤지 073560 유동성사채 0 0
우리손에프앤지 073560 기타유동금융부채 0 0
우리손에프앤지 073560 기타유동부채 236,846,497 215,361,173
우리손에프앤지 073560 당기법인세부채 998,953,776 1,575,134,156
우리손에프앤지 073560 유동리스부채 0 0
우리손에프앤지 073560 비유동부채 9,921,554,848 10,147,167,730
우리손에프앤지 073560 사채 0 0
우리손에프앤지 073560 장기차입금 2,550,152,656 3,646,442,824
우리손에프앤지 073560 기타비유동금융부채 0 0
우리손에프앤지 073560 이연법인세부채 0 0
우리손에프앤지 073560 비유동리스부채 0 0
우리손에프앤지 073560 부채총계 46,344,385,135 37,592,489,131
우리손에프앤지 073560 자본금 34,618,821,500 34,618,821,500
우리손에프앤지 073560 자본잉여금 43,598,458,285 45,600,892,915
우리손에프앤지 073560 자본조정 0 0
우리손에프앤지 073560 기타포괄손익누계액 0 0
우리손에프앤지 073560 이익잉여금(결손금) 48,881,723,502 44,669,392,885
우리손에프앤지 073560 자본총계 117,791,812,475 121,076,382,507
우리손에프앤지 073560 자본과부채총계 164,136,197,610 158,668,871,638
date : 2019-03-31
우리손에프앤지 073560 유동자산 38,765,075,229 37,040,175,742
우리손에프앤지 073560 현금및현금성자산 2,034,202,954 2,155,622,848
우리손에프앤지 073560 매출채권 0 0
우리손에프앤지 073560 재고자산 763,470,694 689,520,264
우리손에프앤지 073560 기타유동금융자산 0 0
우리손에프앤지 073560 기타유동자산 1,813,885,302 1,317,585,629
우리손에프앤지 073560 매각예정비유동자산 0 0
우리손에프앤지 073560 비유동자산 127,360,058,789 127,096,021,868
우리손에프앤지 073560 장기금융상품 0 0
우리손에프앤지 073560 기타포괄손익-공정가치 0 0
우리손에프앤지 073560 당기손익인식공정가치측정금융자산 0 0
우리손에프앤지 073560 종속회사투자 0 0
우리손에프앤지 073560 관계회사투자 0 0
우리손에프앤지 073560 렌탈자산 0 0
우리손에프앤지 073560 유형자산 45,203,517,230 44,525,776,321
우리손에프앤지 073560 무형자산 3,921,468 5,390,895
우리손에프앤지 073560 기타비유동금융자산 0 0
우리손에프앤지 073560 기타비유동자산 0 0
우리손에프앤지 073560 사용권자산 0 0
우리손에프앤지 073560 이연법인세자산 1,022,936,330 1,573,802,188
우리손에프앤지 073560 자산총계 166,125,134,018 164,136,197,610
우리손에프앤지 073560 유동부채 37,444,976,741 36,422,830,287
우리손에프앤지 073560 단기매입채무 0 0
우리손에프앤지 073560 단기차입금 25,400,000,000 25,400,000,000
우리손에프앤지 073560 유동성장기차입금 5,376,932,000 5,416,382,000
우리손에프앤지 073560 유동성사채 0 0
우리손에프앤지 073560 기타유동금융부채 0 0
우리손에프앤지 073560 기타유동부채 138,757,685 236,846,497
우리손에프앤지 073560 당기법인세부채 1,009,519,062 998,953,776
우리손에프앤지 073560 유동리스부채 0 0
우리손에프앤지 073560 비유동부채 10,624,597,864 9,921,554,848
우리손에프앤지 073560 사채 0 0
우리손에프앤지 073560 장기차입금 2,561,477,136 2,550,152,656
우리손에프앤지 073560 기타비유동금융부채 0 0
우리손에프앤지 073560 이연법인세부채 0 0
우리손에프앤지 073560 비유동리스부채 0 0
우리손에프앤지 073560 부채총계 48,069,574,605 46,344,385,135
우리손에프앤지 073560 자본금 34,618,821,500 34,618,821,500
우리손에프앤지 073560 자본잉여금 43,598,458,285 43,598,458,285
우리손에프앤지 073560 자본조정 0 0
우리손에프앤지 073560 기타포괄손익누계액 0 0
우리손에프앤지 073560 이익잉여금(결손금) 49,145,470,440 48,881,723,502
우리손에프앤지 073560 자본총계 118,055,559,413 117,791,812,475
우리손에프앤지 073560 자본과부채총계 166,125,134,018 164,136,197,610
