date : 2015-12-31
에프알텍 073540 유동자산 30,438,110,633 29,190,746,784
에프알텍 073540 현금및현금성자산 5,816,004,142 6,877,315,308
에프알텍 073540 매출채권 및 기타유동채권
에프알텍 073540 재고자산 1,094,446,266 1,064,310,977
에프알텍 073540 기타유동금융자산 0 0
에프알텍 073540 기타유동자산 233,945,369 38,987,900
에프알텍 073540 매각예정비유동자산 0 0
에프알텍 073540 비유동자산 33,001,197,242 23,146,958,106
에프알텍 073540 장기금융상품 0 0
에프알텍 073540 기타포괄손익-공정가치 0 0
에프알텍 073540 당기손익인식공정가치측정금융자산 0 0
에프알텍 073540 종속회사투자 0 0
에프알텍 073540 관계회사투자 0 0
에프알텍 073540 렌탈자산 0 0
에프알텍 073540 유형자산 27,759,404,479 17,926,718,211
에프알텍 073540 무형자산 763,950,826 873,674,384
에프알텍 073540 기타비유동금융자산 0 0
에프알텍 073540 기타비유동자산 0 0
에프알텍 073540 사용권자산 0 0
에프알텍 073540 이연법인세자산 178,597,682 196,795,056
에프알텍 073540 자산총계 63,439,307,875 52,337,704,890
에프알텍 073540 유동부채 15,324,116,940 7,019,944,683
에프알텍 073540 단기매입채무 0 0
에프알텍 073540 단기차입금 500,000,000 7,019,944,683
에프알텍 073540 유동성장기차입금 203,666,666 7,019,944,683
에프알텍 073540 유동성사채 0 0
에프알텍 073540 기타유동금융부채 0 0
에프알텍 073540 기타유동부채 193,630,119 135,739,966
에프알텍 073540 당기법인세부채 0 0
에프알텍 073540 유동리스부채 0 0
에프알텍 073540 비유동부채 5,462,586,123 3,709,447,035
에프알텍 073540 사채 0 0
에프알텍 073540 장기차입금 4,440,333,334 2,444,000,000
에프알텍 073540 기타비유동금융부채 0 0
에프알텍 073540 이연법인세부채 0 173,058,366
에프알텍 073540 비유동리스부채 0 0
에프알텍 073540 부채총계 20,786,703,063 10,729,391,718
에프알텍 073540 자본금 5,700,000,000 5,700,000,000
에프알텍 073540 자본잉여금 1,342,006,191 1,342,006,191
에프알텍 073540 자본조정 -210,927,502 1,342,006,191
에프알텍 073540 기타포괄손익누계액 0 0
에프알텍 073540 이익잉여금(결손금) 0 0
에프알텍 073540 자본총계 42,652,604,812 41,608,313,172
에프알텍 073540 자본과부채총계 63,439,307,875 52,337,704,890
date : 2016-03-31
에프알텍 073540 유동자산 14,364,353,240 30,438,110,633
에프알텍 073540 현금및현금성자산 3,930,044,674 5,816,004,142
에프알텍 073540 매출채권 및 기타유동채권
에프알텍 073540 재고자산 1,172,210,340 1,094,446,266
에프알텍 073540 기타유동금융자산 0 0
에프알텍 073540 기타유동자산 123,363,624 233,945,369
에프알텍 073540 매각예정비유동자산 0 0
에프알텍 073540 비유동자산 38,152,729,468 33,001,197,242
에프알텍 073540 장기금융상품 0 0
에프알텍 073540 기타포괄손익-공정가치 0 0
에프알텍 073540 당기손익인식공정가치측정금융자산 0 0
에프알텍 073540 종속회사투자 0 0
에프알텍 073540 관계회사투자 0 0
에프알텍 073540 렌탈자산 0 0
에프알텍 073540 유형자산 31,871,041,986 27,759,404,479
에프알텍 073540 무형자산 759,840,545 763,950,826
에프알텍 073540 기타비유동금융자산 0 0
에프알텍 073540 기타비유동자산 0 0
에프알텍 073540 사용권자산 0 0
에프알텍 073540 이연법인세자산 178,597,682 178,597,682
에프알텍 073540 자산총계 52,517,082,708 63,439,307,875
에프알텍 073540 유동부채 5,252,047,731 15,324,116,940
에프알텍 073540 단기매입채무 0 0
에프알텍 073540 단기차입금 500,000,000 500,000,000
에프알텍 073540 유동성장기차입금 203,666,666 203,666,666
에프알텍 073540 유동성사채 0 0
에프알텍 073540 기타유동금융부채 0 0
에프알텍 073540 기타유동부채 156,644,033 193,630,119
에프알텍 073540 당기법인세부채 0 0
에프알텍 073540 유동리스부채 0 0
에프알텍 073540 비유동부채 5,459,108,666 5,462,586,123
에프알텍 073540 사채 0 0
에프알텍 073540 장기차입금 4,440,333,334 4,440,333,334
에프알텍 073540 기타비유동금융부채 0 0
에프알텍 073540 이연법인세부채 0 173,058,366
에프알텍 073540 비유동리스부채 0 0
에프알텍 073540 부채총계 10,711,156,397 20,786,703,063
에프알텍 073540 자본금 5,700,000,000 5,700,000,000
에프알텍 073540 자본잉여금 1,342,006,191 1,342,006,191
에프알텍 073540 자본조정 0 1,342,006,191
에프알텍 073540 기타포괄손익누계액 0 0
에프알텍 073540 이익잉여금(결손금) 0 0
에프알텍 073540 자본총계 41,805,926,311 42,652,604,812
에프알텍 073540 자본과부채총계 52,517,082,708 63,439,307,875
date : 2016-06-30
에프알텍 073540 유동자산 11,885,233,251 30,438,110,633
에프알텍 073540 현금및현금성자산 6,503,459,098 5,816,004,142
에프알텍 073540 매출채권 및 기타유동채권
에프알텍 073540 재고자산 1,081,017,839 1,094,446,266
에프알텍 073540 기타유동금융자산 0 0
에프알텍 073540 기타유동자산 201,527,049 233,945,369
에프알텍 073540 매각예정비유동자산 0 0
에프알텍 073540 비유동자산 38,538,086,503 33,001,197,242
에프알텍 073540 장기금융상품 0 0
에프알텍 073540 기타포괄손익-공정가치 0 0
에프알텍 073540 당기손익인식공정가치측정금융자산 0 0
에프알텍 073540 종속회사투자 0 0
에프알텍 073540 관계회사투자 0 0
에프알텍 073540 렌탈자산 0 0
에프알텍 073540 유형자산 32,134,551,783 27,759,404,479
에프알텍 073540 무형자산 756,689,992 763,950,826
에프알텍 073540 기타비유동금융자산 0 0
에프알텍 073540 기타비유동자산 0 0
에프알텍 073540 사용권자산 0 0
에프알텍 073540 이연법인세자산 482,675,473 178,597,682
에프알텍 073540 자산총계 50,423,319,754 63,439,307,875
에프알텍 073540 유동부채 3,159,880,695 15,324,116,940
에프알텍 073540 단기매입채무 0 0
에프알텍 073540 단기차입금 500,000,000 500,000,000
에프알텍 073540 유동성장기차입금 814,666,666 203,666,666
에프알텍 073540 유동성사채 0 0
에프알텍 073540 기타유동금융부채 0 0
에프알텍 073540 기타유동부채 116,378,013 193,630,119
에프알텍 073540 당기법인세부채 0 0
에프알텍 073540 유동리스부채 0 0
에프알텍 073540 비유동부채 6,756,698,805 5,462,586,123
에프알텍 073540 사채 0 0
에프알텍 073540 장기차입금 5,729,333,334 4,440,333,334
에프알텍 073540 기타비유동금융부채 0 0
에프알텍 073540 이연법인세부채 0 173,058,366
에프알텍 073540 비유동리스부채 0 0
에프알텍 073540 부채총계 9,916,579,500 20,786,703,063
에프알텍 073540 자본금 5,700,000,000 5,700,000,000
에프알텍 073540 자본잉여금 1,342,006,191 1,342,006,191
에프알텍 073540 자본조정 0 1,342,006,191
에프알텍 073540 기타포괄손익누계액 0 0
에프알텍 073540 이익잉여금(결손금) 0 0
에프알텍 073540 자본총계 40,506,740,254 42,652,604,812
에프알텍 073540 자본과부채총계 50,423,319,754 63,439,307,875
date : 2016-09-30
에프알텍 073540 유동자산 13,728,037,808 30,438,110,633
에프알텍 073540 현금및현금성자산 5,364,403,651 5,816,004,142
에프알텍 073540 매출채권 및 기타유동채권
에프알텍 073540 재고자산 2,724,980,884 1,094,446,266
에프알텍 073540 기타유동금융자산 0 0
에프알텍 073540 기타유동자산 270,654,461 233,945,369
에프알텍 073540 매각예정비유동자산 0 0
에프알텍 073540 비유동자산 38,868,671,323 33,001,197,242
에프알텍 073540 장기금융상품 0 0
에프알텍 073540 기타포괄손익-공정가치 0 0
에프알텍 073540 당기손익인식공정가치측정금융자산 0 0
에프알텍 073540 종속회사투자 0 0
에프알텍 073540 관계회사투자 0 0
에프알텍 073540 렌탈자산 0 0
에프알텍 073540 유형자산 32,256,336,303 27,759,404,479
에프알텍 073540 무형자산 453,229,813 763,950,826
에프알텍 073540 기타비유동금융자산 0 0
에프알텍 073540 기타비유동자산 0 0
에프알텍 073540 사용권자산 0 0
에프알텍 073540 이연법인세자산 1,007,211,952 178,597,682
에프알텍 073540 자산총계 52,596,709,131 63,439,307,875
에프알텍 073540 유동부채 6,398,134,171 15,324,116,940
에프알텍 073540 단기매입채무 0 0
에프알텍 073540 단기차입금 500,000,000 500,000,000
에프알텍 073540 유동성장기차입금 1,411,066,667 203,666,666
에프알텍 073540 유동성사채 0 0
에프알텍 073540 기타유동금융부채 0 0
에프알텍 073540 기타유동부채 464,296,842 193,630,119
에프알텍 073540 당기법인세부채 0 0
에프알텍 073540 유동리스부채 0 0
에프알텍 073540 비유동부채 6,581,859,158 5,462,586,123
에프알텍 073540 사채 0 0
에프알텍 073540 장기차입금 5,132,933,333 4,440,333,334
에프알텍 073540 기타비유동금융부채 0 0
에프알텍 073540 이연법인세부채 0 173,058,366
에프알텍 073540 비유동리스부채 0 0
에프알텍 073540 부채총계 12,979,993,329 20,786,703,063
에프알텍 073540 자본금 5,700,000,000 5,700,000,000
에프알텍 073540 자본잉여금 1,342,006,191 1,342,006,191
에프알텍 073540 자본조정 0 1,342,006,191
에프알텍 073540 기타포괄손익누계액 0 0
에프알텍 073540 이익잉여금(결손금) 0 0
에프알텍 073540 자본총계 39,616,715,802 42,652,604,812
에프알텍 073540 자본과부채총계 52,596,709,131 63,439,307,875
date : 2016-12-31
에프알텍 073540 유동자산 13,090,899,946 30,438,110,633
에프알텍 073540 현금및현금성자산 1,234,619,678 5,816,004,142
에프알텍 073540 매출채권 및 기타유동채권
에프알텍 073540 재고자산 1,946,372,175 1,094,446,266
에프알텍 073540 기타유동금융자산 0 0
에프알텍 073540 기타유동자산 234,723,286 233,945,369
에프알텍 073540 매각예정비유동자산 0 0
에프알텍 073540 비유동자산 42,196,227,943 33,001,197,242
에프알텍 073540 장기금융상품 0 0
에프알텍 073540 기타포괄손익-공정가치 0 0
에프알텍 073540 당기손익인식공정가치측정금융자산 0 0
에프알텍 073540 종속회사투자 0 0
에프알텍 073540 관계회사투자 0 0
에프알텍 073540 렌탈자산 0 0
에프알텍 073540 유형자산 22,794,360,921 27,759,404,479
에프알텍 073540 무형자산 450,313,786 763,950,826
에프알텍 073540 기타비유동금융자산 0 0
에프알텍 073540 기타비유동자산 0 0
에프알텍 073540 사용권자산 0 0
에프알텍 073540 이연법인세자산 1,605,982,787 178,597,682
에프알텍 073540 자산총계 55,287,127,889 63,439,307,875
에프알텍 073540 유동부채 9,432,552,259 15,324,116,940
에프알텍 073540 단기매입채무 0 0
에프알텍 073540 단기차입금 724,304,907 500,000,000
에프알텍 073540 유동성장기차입금 1,806,100,000 203,666,666
에프알텍 073540 유동성사채 0 0
에프알텍 073540 기타유동금융부채 0 0
에프알텍 073540 기타유동부채 459,632,795 193,630,119
에프알텍 073540 당기법인세부채 0 0
에프알텍 073540 유동리스부채 0 0
에프알텍 073540 비유동부채 6,132,823,342 5,462,586,123
에프알텍 073540 사채 0 0
에프알텍 073540 장기차입금 4,737,900,000 4,440,333,334
에프알텍 073540 기타비유동금융부채 0 0
에프알텍 073540 이연법인세부채 0 173,058,366
에프알텍 073540 비유동리스부채 0 0
에프알텍 073540 부채총계 15,565,375,601 20,786,703,063
에프알텍 073540 자본금 5,700,000,000 5,700,000,000
에프알텍 073540 자본잉여금 1,342,006,191 1,342,006,191
에프알텍 073540 자본조정 0 0
에프알텍 073540 기타포괄손익누계액 0 0
에프알텍 073540 이익잉여금(결손금) 0 0
에프알텍 073540 자본총계 39,721,752,288 42,652,604,812
에프알텍 073540 자본과부채총계 55,287,127,889 63,439,307,875
date : 2017-03-31
에프알텍 073540 유동자산 17,899,643,273 13,090,899,946
에프알텍 073540 현금및현금성자산 2,259,328,805 1,234,619,678
에프알텍 073540 매출채권 및 기타유동채권
에프알텍 073540 재고자산 3,945,749,569 1,946,372,175
에프알텍 073540 기타유동금융자산 0 0
에프알텍 073540 기타유동자산 1,151,002,298 234,723,286
에프알텍 073540 매각예정비유동자산 0 0
에프알텍 073540 비유동자산 42,288,734,150 42,196,227,943
에프알텍 073540 장기금융상품 0 0
에프알텍 073540 기타포괄손익-공정가치 0 0
에프알텍 073540 당기손익인식공정가치측정금융자산 0 0
에프알텍 073540 종속회사투자 0 0
에프알텍 073540 관계회사투자 0 0
에프알텍 073540 렌탈자산 0 0
에프알텍 073540 유형자산 22,619,972,137 22,794,360,921
에프알텍 073540 무형자산 445,867,060 450,313,786
에프알텍 073540 기타비유동금융자산 0 0
에프알텍 073540 기타비유동자산 0 0
에프알텍 073540 사용권자산 0 0
에프알텍 073540 이연법인세자산 1,963,746,853 1,605,982,787
에프알텍 073540 자산총계 60,188,377,423 55,287,127,889
에프알텍 073540 유동부채 10,056,832,479 9,432,552,259
에프알텍 073540 단기매입채무 0 0
에프알텍 073540 단기차입금 724,304,907 724,304,907
에프알텍 073540 유동성장기차입금 3,365,140,000 1,806,100,000
에프알텍 073540 유동성사채 0 0
에프알텍 073540 기타유동금융부채 0 0
에프알텍 073540 기타유동부채 397,181,233 459,632,795
에프알텍 073540 당기법인세부채 0 0
에프알텍 073540 유동리스부채 0 0
에프알텍 073540 비유동부채 10,576,382,415 6,132,823,342
에프알텍 073540 사채 0 0
에프알텍 073540 장기차입금 9,078,860,000 4,737,900,000
에프알텍 073540 기타비유동금융부채 0 0
에프알텍 073540 이연법인세부채 0 0
에프알텍 073540 비유동리스부채 0 0
에프알텍 073540 부채총계 20,633,214,894 15,565,375,601
에프알텍 073540 자본금 5,700,000,000 5,700,000,000
에프알텍 073540 자본잉여금 1,342,006,191 1,342,006,191
에프알텍 073540 자본조정 0 0
에프알텍 073540 기타포괄손익누계액 0 0
에프알텍 073540 이익잉여금(결손금) 0 0
에프알텍 073540 자본총계 39,555,162,529 39,721,752,288
에프알텍 073540 자본과부채총계 60,188,377,423 55,287,127,889
date : 2017-06-30
에프알텍 073540 유동자산 13,553,194,602 13,090,899,946
에프알텍 073540 현금및현금성자산 1,435,223,606 1,234,619,678
에프알텍 073540 매출채권 및 기타유동채권
에프알텍 073540 재고자산 3,381,907,610 1,946,372,175
에프알텍 073540 기타유동금융자산 0 0
에프알텍 073540 기타유동자산 227,136,518 234,723,286
에프알텍 073540 매각예정비유동자산 0 0
에프알텍 073540 비유동자산 52,257,404,582 42,196,227,943
에프알텍 073540 장기금융상품 0 0
에프알텍 073540 기타포괄손익-공정가치 0 0
에프알텍 073540 당기손익인식공정가치측정금융자산 0 0
에프알텍 073540 종속회사투자 0 0
에프알텍 073540 관계회사투자 0 0
에프알텍 073540 렌탈자산 0 0
에프알텍 073540 유형자산 31,575,383,943 22,794,360,921
에프알텍 073540 무형자산 442,978,366 450,313,786
에프알텍 073540 기타비유동금융자산 0 0
에프알텍 073540 기타비유동자산 0 0
에프알텍 073540 사용권자산 0 0
에프알텍 073540 이연법인세자산 2,115,155,522 1,605,982,787
에프알텍 073540 자산총계 65,810,599,184 55,287,127,889
에프알텍 073540 유동부채 10,482,508,100 9,432,552,259
에프알텍 073540 단기매입채무 0 0
에프알텍 073540 단기차입금 606,150,237 724,304,907
에프알텍 073540 유동성장기차입금 4,079,400,000 1,806,100,000
에프알텍 073540 유동성사채 0 0
에프알텍 073540 기타유동금융부채 0 0
에프알텍 073540 기타유동부채 497,311,404 459,632,795
에프알텍 073540 당기법인세부채 0 0
에프알텍 073540 유동리스부채 0 0
에프알텍 073540 비유동부채 17,182,933,686 6,132,823,342
에프알텍 073540 사채 0 0
에프알텍 073540 장기차입금 15,788,832,000 4,737,900,000
에프알텍 073540 기타비유동금융부채 0 0
에프알텍 073540 이연법인세부채 0 0
에프알텍 073540 비유동리스부채 0 0
에프알텍 073540 부채총계 27,665,441,786 15,565,375,601
에프알텍 073540 자본금 5,700,000,000 5,700,000,000
에프알텍 073540 자본잉여금 1,342,006,191 1,342,006,191
에프알텍 073540 자본조정 0 0
에프알텍 073540 기타포괄손익누계액 0 0
에프알텍 073540 이익잉여금(결손금) 0 0
에프알텍 073540 자본총계 38,145,157,398 39,721,752,288
에프알텍 073540 자본과부채총계 65,810,599,184 55,287,127,889
date : 2017-09-30
에프알텍 073540 유동자산 14,116,324,315 13,090,899,946
에프알텍 073540 현금및현금성자산 4,351,048,498 1,234,619,678
에프알텍 073540 매출채권 및 기타유동채권
에프알텍 073540 재고자산 3,403,152,386 1,946,372,175
에프알텍 073540 기타유동금융자산 0 0
에프알텍 073540 기타유동자산 560,064,713 234,723,286
에프알텍 073540 매각예정비유동자산 0 0
에프알텍 073540 비유동자산 49,030,647,855 42,196,227,943
에프알텍 073540 장기금융상품 0 0
에프알텍 073540 기타포괄손익-공정가치 0 0
에프알텍 073540 당기손익인식공정가치측정금융자산 0 0
에프알텍 073540 종속회사투자 0 0
에프알텍 073540 관계회사투자 0 0
에프알텍 073540 렌탈자산 0 0
에프알텍 073540 유형자산 27,762,969,911 22,794,360,921
에프알텍 073540 무형자산 438,712,652 450,313,786
에프알텍 073540 기타비유동금융자산 0 0
에프알텍 073540 기타비유동자산 0 0
에프알텍 073540 사용권자산 0 0
에프알텍 073540 이연법인세자산 2,369,741,890 1,605,982,787
에프알텍 073540 자산총계 63,146,972,170 55,287,127,889
에프알텍 073540 유동부채 8,031,380,345 9,432,552,259
에프알텍 073540 단기매입채무 0 0
에프알텍 073540 단기차입금 594,043,896 724,304,907
에프알텍 073540 유동성장기차입금 4,079,040,000 1,806,100,000
에프알텍 073540 유동성사채 0 0
에프알텍 073540 기타유동금융부채 0 0
에프알텍 073540 기타유동부채 433,764,694 459,632,795
에프알텍 073540 당기법인세부채 0 0
에프알텍 073540 유동리스부채 0 0
에프알텍 073540 비유동부채 16,493,925,294 6,132,823,342
에프알텍 073540 사채 0 0
에프알텍 073540 장기차입금 15,074,572,000 4,737,900,000
에프알텍 073540 기타비유동금융부채 0 0
에프알텍 073540 이연법인세부채 0 0
에프알텍 073540 비유동리스부채 0 0
에프알텍 073540 부채총계 24,525,305,639 15,565,375,601
에프알텍 073540 자본금 5,700,000,000 5,700,000,000
에프알텍 073540 자본잉여금 1,342,006,191 1,342,006,191
에프알텍 073540 자본조정 0 0
에프알텍 073540 기타포괄손익누계액 0 0
에프알텍 073540 이익잉여금(결손금) 0 0
에프알텍 073540 자본총계 38,621,666,531 39,721,752,288
에프알텍 073540 자본과부채총계 63,146,972,170 55,287,127,889
date : 2017-12-31
에프알텍 073540 유동자산 15,259,471,090 13,090,899,946
에프알텍 073540 현금및현금성자산 5,484,130,684 1,234,619,678
에프알텍 073540 매출채권 및 기타유동채권
에프알텍 073540 재고자산 5,105,409,564 1,946,372,175
에프알텍 073540 기타유동금융자산 0 0
에프알텍 073540 기타유동자산 758,009,171 234,723,286
에프알텍 073540 매각예정비유동자산 0 0
에프알텍 073540 비유동자산 48,705,280,726 42,196,227,943
에프알텍 073540 장기금융상품 0 0
에프알텍 073540 기타포괄손익-공정가치 0 0
에프알텍 073540 당기손익인식공정가치측정금융자산 0 0
에프알텍 073540 종속회사투자 0 0
에프알텍 073540 관계회사투자 0 0
에프알텍 073540 렌탈자산 0 0
에프알텍 073540 유형자산 27,116,832,133 22,794,360,921
에프알텍 073540 무형자산 434,809,146 450,313,786
에프알텍 073540 기타비유동금융자산 0 0
에프알텍 073540 기타비유동자산 0 0
에프알텍 073540 사용권자산 0 0
에프알텍 073540 이연법인세자산 2,523,835,937 1,605,982,787
에프알텍 073540 자산총계 63,964,751,816 55,287,127,889
에프알텍 073540 유동부채 11,144,097,161 9,432,552,259
에프알텍 073540 단기매입채무 0 0
에프알텍 073540 단기차입금 686,733,913 724,304,907
에프알텍 073540 유동성장기차입금 4,793,300,000 1,806,100,000
에프알텍 073540 유동성사채 0 0
에프알텍 073540 기타유동금융부채 0 0
에프알텍 073540 기타유동부채 954,149,815 459,632,795
에프알텍 073540 당기법인세부채 0 0
에프알텍 073540 유동리스부채 0 0
에프알텍 073540 비유동부채 15,177,679,763 6,132,823,342
에프알텍 073540 사채 0 0
에프알텍 073540 장기차입금 13,749,312,000 4,737,900,000
에프알텍 073540 기타비유동금융부채 0 0
에프알텍 073540 이연법인세부채 0 0
에프알텍 073540 비유동리스부채 0 0
에프알텍 073540 부채총계 26,321,776,924 15,565,375,601
에프알텍 073540 자본금 5,700,000,000 5,700,000,000
에프알텍 073540 자본잉여금 1,342,006,191 1,342,006,191
에프알텍 073540 자본조정 0 0
에프알텍 073540 기타포괄손익누계액 0 0
에프알텍 073540 이익잉여금(결손금) 0 0
에프알텍 073540 자본총계 37,642,974,892 39,721,752,288
에프알텍 073540 자본과부채총계 63,964,751,816 55,287,127,889
date : 2018-03-31
에프알텍 073540 유동자산 12,955,774,131 15,259,471,090
에프알텍 073540 현금및현금성자산 1,917,745,117 5,484,130,684
에프알텍 073540 매출채권 및 기타유동채권
에프알텍 073540 재고자산 4,854,576,718 5,105,409,564
에프알텍 073540 기타유동금융자산 0 0
에프알텍 073540 기타유동자산 909,013,903 758,009,171
에프알텍 073540 매각예정비유동자산 0 0
에프알텍 073540 비유동자산 49,156,534,954 48,705,280,726
에프알텍 073540 장기금융상품 0 0
에프알텍 073540 기타포괄손익-공정가치 0 0
에프알텍 073540 당기손익인식공정가치측정금융자산 0 0
에프알텍 073540 종속회사투자 0 0
에프알텍 073540 관계회사투자 0 0
에프알텍 073540 렌탈자산 0 0
에프알텍 073540 유형자산 26,970,078,465 27,116,832,133
에프알텍 073540 무형자산 432,316,112 434,809,146
에프알텍 073540 기타비유동금융자산 0 0
에프알텍 073540 기타비유동자산 0 0
에프알텍 073540 사용권자산 0 0
에프알텍 073540 이연법인세자산 2,753,723,715 2,523,835,937
에프알텍 073540 자산총계 62,112,309,085 63,964,751,816
에프알텍 073540 유동부채 10,070,169,054 11,144,097,161
에프알텍 073540 단기매입채무 0 0
에프알텍 073540 단기차입금 500,000,000 686,733,913
에프알텍 073540 유동성장기차입금 4,793,300,000 4,793,300,000
에프알텍 073540 유동성사채 0 0
에프알텍 073540 기타유동금융부채 0 0
에프알텍 073540 기타유동부채 400,890,835 954,149,815
에프알텍 073540 당기법인세부채 0 0
에프알텍 073540 유동리스부채 0 0
에프알텍 073540 비유동부채 15,162,527,706 15,177,679,763
에프알텍 073540 사채 0 0
에프알텍 073540 장기차입금 13,749,312,000 13,749,312,000
에프알텍 073540 기타비유동금융부채 0 0
에프알텍 073540 이연법인세부채 0 0
에프알텍 073540 비유동리스부채 0 0
에프알텍 073540 부채총계 25,232,696,760 26,321,776,924
에프알텍 073540 자본금 5,700,000,000 5,700,000,000
에프알텍 073540 자본잉여금 1,342,006,191 1,342,006,191
에프알텍 073540 자본조정 0 0
에프알텍 073540 기타포괄손익누계액 0 0
에프알텍 073540 이익잉여금(결손금) 0 0
에프알텍 073540 자본총계 36,879,612,325 37,642,974,892
에프알텍 073540 자본과부채총계 62,112,309,085 63,964,751,816
date : 2018-06-30
에프알텍 073540 유동자산 14,196,101,489 15,259,471,090
에프알텍 073540 현금및현금성자산 2,422,049,724 5,484,130,684
에프알텍 073540 매출채권 및 기타유동채권
에프알텍 073540 재고자산 3,165,159,487 5,105,409,564
에프알텍 073540 기타유동금융자산 0 0
에프알텍 073540 기타유동자산 190,923,247 758,009,171
에프알텍 073540 매각예정비유동자산 0 0
에프알텍 073540 비유동자산 49,125,214,494 48,705,280,726
에프알텍 073540 장기금융상품 0 0
에프알텍 073540 기타포괄손익-공정가치 0 0
에프알텍 073540 당기손익인식공정가치측정금융자산 0 0
에프알텍 073540 종속회사투자 0 0
에프알텍 073540 관계회사투자 0 0
에프알텍 073540 렌탈자산 0 0
에프알텍 073540 유형자산 26,584,148,686 27,116,832,133
에프알텍 073540 무형자산 427,823,078 434,809,146
에프알텍 073540 기타비유동금융자산 0 0
에프알텍 073540 기타비유동자산 0 0
에프알텍 073540 사용권자산 0 0
에프알텍 073540 이연법인세자산 2,506,205,616 2,523,835,937
에프알텍 073540 자산총계 63,321,315,983 63,964,751,816
에프알텍 073540 유동부채 8,827,697,815 11,144,097,161
에프알텍 073540 단기매입채무 0 0
에프알텍 073540 단기차입금 640,000,000 686,733,913
에프알텍 073540 유동성장기차입금 4,079,040,000 4,793,300,000
에프알텍 073540 유동성사채 0 0
에프알텍 073540 기타유동금융부채 0 0
에프알텍 073540 기타유동부채 84,696,926 954,149,815
에프알텍 073540 당기법인세부채 0 0
에프알텍 073540 유동리스부채 0 0
에프알텍 073540 비유동부채 15,857,274,714 15,177,679,763
에프알텍 073540 사채 0 0
에프알텍 073540 장기차입금 14,320,792,000 13,749,312,000
에프알텍 073540 기타비유동금융부채 0 0
에프알텍 073540 이연법인세부채 0 0
에프알텍 073540 비유동리스부채 0 0
에프알텍 073540 부채총계 24,684,972,529 26,321,776,924
에프알텍 073540 자본금 5,700,000,000 5,700,000,000
에프알텍 073540 자본잉여금 1,342,006,191 1,342,006,191
에프알텍 073540 자본조정 0 0
에프알텍 073540 기타포괄손익누계액 0 0
에프알텍 073540 이익잉여금(결손금) 0 0
에프알텍 073540 자본총계 38,636,343,454 37,642,974,892
에프알텍 073540 자본과부채총계 63,321,315,983 63,964,751,816
date : 2018-09-30
에프알텍 073540 유동자산 14,269,982,605 15,259,471,090
에프알텍 073540 현금및현금성자산 2,193,706,955 5,484,130,684
에프알텍 073540 매출채권 및 기타유동채권
에프알텍 073540 재고자산 2,887,085,471 5,105,409,564
에프알텍 073540 기타유동금융자산 0 0
에프알텍 073540 기타유동자산 160,286,755 758,009,171
에프알텍 073540 매각예정비유동자산 0 0
에프알텍 073540 비유동자산 49,766,863,747 48,705,280,726
에프알텍 073540 장기금융상품 0 0
에프알텍 073540 기타포괄손익-공정가치 0 0
에프알텍 073540 당기손익인식공정가치측정금융자산 0 0
에프알텍 073540 종속회사투자 0 0
에프알텍 073540 관계회사투자 0 0
에프알텍 073540 렌탈자산 0 0
에프알텍 073540 유형자산 26,431,811,140 27,116,832,133
에프알텍 073540 무형자산 422,227,962 434,809,146
에프알텍 073540 기타비유동금융자산 0 0
에프알텍 073540 기타비유동자산 0 0
에프알텍 073540 사용권자산 0 0
에프알텍 073540 이연법인세자산 2,506,205,616 2,523,835,937
에프알텍 073540 자산총계 64,036,846,352 63,964,751,816
에프알텍 073540 유동부채 9,704,168,283 11,144,097,161
에프알텍 073540 단기매입채무 0 0
에프알텍 073540 단기차입금 640,000,000 686,733,913
에프알텍 073540 유동성장기차입금 4,079,040,000 4,793,300,000
에프알텍 073540 유동성사채 0 0
에프알텍 073540 기타유동금융부채 0 0
에프알텍 073540 기타유동부채 210,629,436 954,149,815
에프알텍 073540 당기법인세부채 0 0
에프알텍 073540 유동리스부채 0 0
에프알텍 073540 비유동부채 15,812,128,985 15,177,679,763
에프알텍 073540 사채 0 0
에프알텍 073540 장기차입금 14,320,792,000 13,749,312,000
에프알텍 073540 기타비유동금융부채 0 0
에프알텍 073540 이연법인세부채 0 0
에프알텍 073540 비유동리스부채 0 0
에프알텍 073540 부채총계 25,516,297,268 26,321,776,924
에프알텍 073540 자본금 5,700,000,000 5,700,000,000
에프알텍 073540 자본잉여금 1,342,006,191 1,342,006,191
에프알텍 073540 자본조정 0 0
에프알텍 073540 기타포괄손익누계액 0 0
에프알텍 073540 이익잉여금(결손금) 0 0
에프알텍 073540 자본총계 38,520,549,084 37,642,974,892
에프알텍 073540 자본과부채총계 64,036,846,352 63,964,751,816
date : 2018-12-31
에프알텍 073540 유동자산 12,302,164,942 15,259,471,090
에프알텍 073540 현금및현금성자산 4,191,011,777 5,484,130,684
에프알텍 073540 매출채권 및 기타유동채권
에프알텍 073540 재고자산 1,805,652,930 5,105,409,564
에프알텍 073540 기타유동금융자산 0 0
에프알텍 073540 기타유동자산 411,161,348 758,009,171
에프알텍 073540 매각예정비유동자산 0 0
에프알텍 073540 비유동자산 47,444,727,576 48,705,280,726
에프알텍 073540 장기금융상품 0 0
에프알텍 073540 기타포괄손익-공정가치 0 0
에프알텍 073540 당기손익인식공정가치측정금융자산 0 0
에프알텍 073540 종속회사투자 0 0
에프알텍 073540 관계회사투자 0 0
에프알텍 073540 렌탈자산 0 0
에프알텍 073540 유형자산 24,857,128,910 27,116,832,133
에프알텍 073540 무형자산 418,854,490 434,809,146
에프알텍 073540 기타비유동금융자산 0 0
에프알텍 073540 기타비유동자산 0 0
에프알텍 073540 사용권자산 0 0
에프알텍 073540 이연법인세자산 3,135,186,689 2,523,835,937
에프알텍 073540 자산총계 59,746,892,518 63,964,751,816
에프알텍 073540 유동부채 8,991,925,574 11,144,097,161
에프알텍 073540 단기매입채무 0 0
에프알텍 073540 단기차입금 1,730,000,000 686,733,913
에프알텍 073540 유동성장기차입금 4,285,560,000 4,793,300,000
에프알텍 073540 유동성사채 0 0
에프알텍 073540 기타유동금융부채 0 0
에프알텍 073540 기타유동부채 598,109,331 954,149,815
에프알텍 073540 당기법인세부채 0 0
에프알텍 073540 유동리스부채 0 0
에프알텍 073540 비유동부채 14,145,424,242 15,177,679,763
에프알텍 073540 사채 0 0
에프알텍 073540 장기차입금 12,892,272,000 13,749,312,000
에프알텍 073540 기타비유동금융부채 0 0
에프알텍 073540 이연법인세부채 0 0
에프알텍 073540 비유동리스부채 0 0
에프알텍 073540 부채총계 23,137,349,816 26,321,776,924
에프알텍 073540 자본금 5,700,000,000 5,700,000,000
에프알텍 073540 자본잉여금 1,342,006,191 1,342,006,191
에프알텍 073540 자본조정 0 0
에프알텍 073540 기타포괄손익누계액 0 0
에프알텍 073540 이익잉여금(결손금) 0 0
에프알텍 073540 자본총계 36,609,542,702 37,642,974,892
에프알텍 073540 자본과부채총계 59,746,892,518 63,964,751,816
date : 2019-03-31
에프알텍 073540 유동자산 11,152,134,763 12,302,164,942
에프알텍 073540 현금및현금성자산 1,000,209,684 4,191,011,777
에프알텍 073540 매출채권 및 기타유동채권
에프알텍 073540 재고자산 2,651,795,633 1,805,652,930
에프알텍 073540 기타유동금융자산 0 0
에프알텍 073540 기타유동자산 499,945,468 411,161,348
에프알텍 073540 매각예정비유동자산 0 0
에프알텍 073540 비유동자산 47,989,708,439 47,444,727,576
에프알텍 073540 장기금융상품 0 0
에프알텍 073540 기타포괄손익-공정가치 0 0
에프알텍 073540 당기손익인식공정가치측정금융자산 0 0
에프알텍 073540 종속회사투자 0 0
에프알텍 073540 관계회사투자 0 0
에프알텍 073540 렌탈자산 0 0
에프알텍 073540 유형자산 24,881,744,280 24,857,128,910
에프알텍 073540 무형자산 412,748,466 418,854,490
에프알텍 073540 기타비유동금융자산 0 0
에프알텍 073540 기타비유동자산 0 0
에프알텍 073540 사용권자산 0 0
에프알텍 073540 이연법인세자산 3,135,186,689 3,135,186,689
에프알텍 073540 자산총계 59,141,843,202 59,746,892,518
에프알텍 073540 유동부채 10,191,501,329 8,991,925,574
에프알텍 073540 단기매입채무 0 0
에프알텍 073540 단기차입금 1,730,000,000 1,730,000,000
에프알텍 073540 유동성장기차입금 4,999,820,000 4,285,560,000
에프알텍 073540 유동성사채 0 0
에프알텍 073540 기타유동금융부채 0 0
에프알텍 073540 기타유동부채 550,646,490 598,109,331
에프알텍 073540 당기법인세부채 0 0
에프알텍 073540 유동리스부채 0 0
에프알텍 073540 비유동부채 13,439,561,573 14,145,424,242
에프알텍 073540 사채 0 0
에프알텍 073540 장기차입금 12,178,012,000 12,892,272,000
에프알텍 073540 기타비유동금융부채 0 0
에프알텍 073540 이연법인세부채 0 0
에프알텍 073540 비유동리스부채 0 0
에프알텍 073540 부채총계 23,631,062,902 23,137,349,816
에프알텍 073540 자본금 5,700,000,000 5,700,000,000
에프알텍 073540 자본잉여금 1,342,006,191 1,342,006,191
에프알텍 073540 자본조정 0 0
에프알텍 073540 기타포괄손익누계액 0 0
에프알텍 073540 이익잉여금(결손금) 0 0
에프알텍 073540 자본총계 35,510,780,300 36,609,542,702
에프알텍 073540 자본과부채총계 59,141,843,202 59,746,892,518
