date : 2019-03-31
삼원테크 073640 유동자산 10,650,395,535 9,993,174,155
삼원테크 073640 현금및현금성자산 2,442,341,575 1,754,790,880
삼원테크 073640 매출채권 및 기타유동채권
삼원테크 073640 재고자산 3,899,920,932 4,169,581,996
삼원테크 073640 기타유동금융자산 243,040,442 313,372,437
삼원테크 073640 기타유동자산 185,193,246 296,398,042
삼원테크 073640 비유동자산 25,889,458,160 21,037,987,801
삼원테크 073640 유형자산 20,203,320,179 20,017,968,004
삼원테크 073640 무형자산 4,881,741 5,035,194
삼원테크 073640 기타비유동금융자산 73,217,500 81,614,500
삼원테크 073640 자산총계 53,251,452,173 47,742,760,434
삼원테크 073640 유동부채 24,474,471,343 22,696,058,399
삼원테크 073640 기타유동금융부채 345,592,827 341,034,739
삼원테크 073640 기타유동부채 666,000 16,910,571
삼원테크 073640 비유동부채 610,043,922 497,724,231
삼원테크 073640 장기차입금 등 0
삼원테크 073640 기타비유동금융부채 108,000,000 108,000,000
삼원테크 073640 이연법인세부채 233,093,839 151,208,791
삼원테크 073640 부채총계 25,084,515,265 23,193,782,630
삼원테크 073640 자본금 5,359,426,900 5,218,184,000
삼원테크 073640 이익잉여금(결손금) -2,691,542,195 -3,522,671,567
삼원테크 073640 자본총계 28,166,936,908 24,548,977,804
삼원테크 073640 자본과부채총계 53,251,452,173 47,742,760,434
