date : 2019-03-31
플랜티넷 075130 유동자산 18,925,486,779 18,433,244,390
플랜티넷 075130 현금및현금성자산 4,032,476,439 4,946,188,593
플랜티넷 075130 매출채권 3,164,810,595 2,714,947,207
플랜티넷 075130 기타유동자산 235,021,337 521,208,332
플랜티넷 075130 재고자산 85,165,918 54,724,235
플랜티넷 075130 비유동자산 49,454,341,021 49,170,857,071
플랜티넷 075130 기타포괄손익-공정가치 측정 금융자산
플랜티넷 075130 유형자산 11,379,473,325 10,947,080,003
플랜티넷 075130 무형자산 3,100,029,455 3,106,345,503
플랜티넷 075130 이연법인세자산 1,816,994,127 1,898,196,249
플랜티넷 075130 자산총계 68,379,827,800 67,604,101,461
플랜티넷 075130 유동부채 6,325,394,616 4,688,357,642
플랜티넷 075130 유동리스부채 36,096,208 0
플랜티넷 075130 기타유동부채 306,018,524 332,445,035
플랜티넷 075130 비유동부채 587,381,879 439,600,000
플랜티넷 075130 비유동리스부채 70,881,879 0
플랜티넷 075130 부채총계 6,912,776,495 5,127,957,642
플랜티넷 075130 자본금 4,480,000,000 4,480,000,000
플랜티넷 075130 자본잉여금 24,634,006,919 24,634,006,919
플랜티넷 075130 기타포괄손익누계액 -298,076,458 -298,076,458
플랜티넷 075130 이익잉여금(결손금) 39,278,075,266 40,290,169,632
플랜티넷 075130 자본총계 61,467,051,305 62,476,143,819
플랜티넷 075130 자본과부채총계 68,379,827,800 67,604,101,461
