date : 2019-03-31
해성옵틱스 076610 유동자산 99,897,358,986 102,215,573,575
해성옵틱스 076610 현금및현금성자산 681,077,261 976,247,250
해성옵틱스 076610 재고자산 644,227,030 361,092,285
해성옵틱스 076610 기타유동자산 1,160,988,721 1,191,319,701
해성옵틱스 076610 비유동자산 38,185,392,410 35,840,987,977
해성옵틱스 076610 장기금융상품 14,559,927 11,074,984
해성옵틱스 076610 유형자산 14,791,722,593 15,782,798,502
해성옵틱스 076610 무형자산 681,401,673 841,057,312
해성옵틱스 076610 기타비유동자산 196,654,826 196,654,826
해성옵틱스 076610 자산총계 138,082,751,396 138,056,561,552
해성옵틱스 076610 유동부채 73,701,405,118 74,171,675,578
해성옵틱스 076610 단기차입금 등 35,764,983,710
해성옵틱스 076610 당기법인세부채 0 0
해성옵틱스 076610 기타유동부채 301,977,277 346,228,111
해성옵틱스 076610 비유동부채 6,652,007,230 7,081,908,924
해성옵틱스 076610 장기차입금 등 4,484,260,000
해성옵틱스 076610 기타비유동금융부채 165,535,007 0
해성옵틱스 076610 이연법인세부채 0 0
해성옵틱스 076610 부채총계 80,353,412,348 81,253,584,502
해성옵틱스 076610 자본금 8,337,500,000 8,337,500,000
해성옵틱스 076610 자본총계 57,729,339,048 56,802,977,050
해성옵틱스 076610 자본과부채총계 138,082,751,396 138,056,561,552
