date : 2019-03-31
덕산하이메탈 077360 유동자산 57,686,402,620 58,271,412,263
덕산하이메탈 077360 현금및현금성자산 39,879,745,864 40,463,561,863
덕산하이메탈 077360 기타유동금융자산 0 0
덕산하이메탈 077360 매출채권 9,023,278,514 9,021,232,917
덕산하이메탈 077360 기타유동자산 555,908,332 96,018,724
덕산하이메탈 077360 재고자산 6,368,526,628 6,858,146,599
덕산하이메탈 077360 비유동자산 125,777,446,873 124,640,952,267
덕산하이메탈 077360 장기금융상품 1,290,201,242 1,290,201,242
덕산하이메탈 077360 기타비유동자산 53,675,540 89,183,421
덕산하이메탈 077360 유형자산 23,947,160,353 22,839,843,814
덕산하이메탈 077360 무형자산 1,346,666,420 1,352,760,230
덕산하이메탈 077360 이연법인세자산 4,017,802,756 4,017,802,756
덕산하이메탈 077360 자산총계 183,463,849,493 182,912,364,530
덕산하이메탈 077360 유동부채 5,505,615,228 6,118,850,773
덕산하이메탈 077360 단기차입금 1,499,173,920 1,477,216,440
덕산하이메탈 077360 기타유동금융부채 1,309,094,772 1,764,029,722
덕산하이메탈 077360 기타유동부채 300,711,782 1,347,200,112
덕산하이메탈 077360 당기법인세부채 0 0
덕산하이메탈 077360 비유동부채 1,147,196,482 930,924,756
덕산하이메탈 077360 기타비유동금융부채 533,825,342 548,713,951
덕산하이메탈 077360 이연법인세부채 0 0
덕산하이메탈 077360 부채총계 6,652,811,710 7,049,775,529
덕산하이메탈 077360 자본금 4,543,700,200 4,543,700,200
덕산하이메탈 077360 기타포괄손익누계액 0 0
덕산하이메탈 077360 이익잉여금(결손금) 168,908,385,766 168,031,792,747
덕산하이메탈 077360 자본총계 176,811,037,783 175,862,589,001
덕산하이메탈 077360 자본과부채총계 183,463,849,493 182,912,364,530
