date : 2019-03-31
STX엔진 077970 유동자산 488,185,000,000 496,991,000,000
STX엔진 077970 현금및현금성자산 42,947,000,000 49,368,000,000
STX엔진 077970 매출채권 142,486,000,000 162,673,000,000
STX엔진 077970 재고자산 228,807,000,000 196,100,000,000
STX엔진 077970 기타유동자산 2,761,000,000 1,397,000,000
STX엔진 077970 비유동자산 368,613,000,000 370,041,000,000
STX엔진 077970 유형자산 278,383,000,000 279,051,000,000
STX엔진 077970 무형자산 8,942,000,000 9,194,000,000
STX엔진 077970 기타비유동자산 819,000,000 892,000,000
STX엔진 077970 자산총계 856,798,000,000 867,032,000,000
STX엔진 077970 유동부채 333,223,000,000 349,275,000,000
STX엔진 077970 단기차입금 125,194,000,000 123,410,000,000
STX엔진 077970 기타유동부채 5,784,000,000 10,929,000,000
STX엔진 077970 비유동부채 293,773,000,000 293,062,000,000
STX엔진 077970 장기차입금 223,315,000,000 222,729,000,000
STX엔진 077970 이연법인세부채 25,982,000,000 25,984,000,000
STX엔진 077970 부채총계 626,996,000,000 642,337,000,000
STX엔진 077970 자본금 69,141,000,000 69,141,000,000
STX엔진 077970 자본잉여금 460,456,000,000 460,461,000,000
STX엔진 077970 기타포괄손익누계액 28,730,000,000 28,735,000,000
STX엔진 077970 자본총계 229,802,000,000 224,695,000,000
STX엔진 077970 자본과부채총계 856,798,000,000 867,032,000,000
