date : 2015-12-31
국일제지 078130 유동자산 39,475,965,865 51,468,516,333
국일제지 078130 현금및현금성자산 6,550,705,625 1,179,481,978
국일제지 078130 매출채권 및 기타유동채권
국일제지 078130 재고자산 14,605,929,499 26,525,107,118
국일제지 078130 기타유동금융자산 169,000,000 2,135,826,000
국일제지 078130 기타유동자산 0 0
국일제지 078130 매각예정비유동자산 0 0
국일제지 078130 비유동자산 61,438,022,279 63,931,081,887
국일제지 078130 장기금융상품 0 0
국일제지 078130 기타포괄손익-공정가치 0 0
국일제지 078130 당기손익인식공정가치측정금융자산 0 0
국일제지 078130 종속회사투자 0 0
국일제지 078130 관계회사투자 0 0
국일제지 078130 렌탈자산 0 0
국일제지 078130 유형자산 18,782,720,000 58,722,596,258
국일제지 078130 무형자산 55,675,600 55,675,600
국일제지 078130 기타비유동금융자산 223,852,262 157,440,390
국일제지 078130 기타비유동자산 0 0
국일제지 078130 사용권자산 0 0
국일제지 078130 이연법인세자산 770,167,999 544,775,351
국일제지 078130 자산총계 100,913,988,144 115,399,598,220
국일제지 078130 유동부채 47,105,142,901 76,339,957,931
국일제지 078130 단기매입채무 0 0
국일제지 078130 단기차입금 34,800,335,328 45,256,208,549
국일제지 078130 유동성장기차입금 0 0
국일제지 078130 유동성사채 0 0
국일제지 078130 기타유동금융부채 0 0
국일제지 078130 기타유동부채 0 0
국일제지 078130 당기법인세부채 1,630,905,565 45,256,208,549
국일제지 078130 유동리스부채 0 0
국일제지 078130 비유동부채 3,588,147,280 8,302,935,899
국일제지 078130 사채 0 0
국일제지 078130 장기차입금 472,221,715 16,653,540,000
국일제지 078130 기타비유동금융부채 0 0
국일제지 078130 이연법인세부채 0 0
국일제지 078130 비유동리스부채 0 0
국일제지 078130 부채총계 50,693,290,181 84,642,893,830
국일제지 078130 자본금 0 0
국일제지 078130 자본잉여금 0 0
국일제지 078130 자본조정 0 0
국일제지 078130 기타포괄손익누계액 0 0
국일제지 078130 이익잉여금(결손금) 32,311,288,441 14,433,712,099
국일제지 078130 자본총계 50,220,697,963 30,756,704,390
국일제지 078130 자본과부채총계 100,913,988,144 115,399,598,220
date : 2016-03-31
국일제지 078130 유동자산 39,900,150,220 39,475,965,865
국일제지 078130 현금및현금성자산 3,724,601,021 6,550,705,625
국일제지 078130 매출채권 및 기타유동채권
국일제지 078130 재고자산 14,297,102,119 14,605,929,499
국일제지 078130 기타유동금융자산 220,000,000 169,000,000
국일제지 078130 기타유동자산 0 0
국일제지 078130 매각예정비유동자산 0 0
국일제지 078130 비유동자산 61,559,727,895 61,438,022,279
국일제지 078130 장기금융상품 0 0
국일제지 078130 기타포괄손익-공정가치 0 0
국일제지 078130 당기손익인식공정가치측정금융자산 0 0
국일제지 078130 종속회사투자 0 0
국일제지 078130 관계회사투자 0 0
국일제지 078130 렌탈자산 0 0
국일제지 078130 유형자산 18,923,916,655 18,782,720,000
국일제지 078130 무형자산 55,675,600 55,675,600
국일제지 078130 기타비유동금융자산 241,455,230 223,852,262
국일제지 078130 기타비유동자산 0 0
국일제지 078130 사용권자산 0 0
국일제지 078130 이연법인세자산 770,167,999 770,167,999
국일제지 078130 자산총계 101,459,878,115 100,913,988,144
국일제지 078130 유동부채 47,259,130,496 47,105,142,901
국일제지 078130 단기매입채무 0 0
국일제지 078130 단기차입금 36,545,420,109 34,800,335,328
국일제지 078130 유동성장기차입금 0 0
국일제지 078130 유동성사채 0 0
국일제지 078130 기타유동금융부채 0 0
국일제지 078130 기타유동부채 0 0
국일제지 078130 당기법인세부채 977,270,185 1,630,905,565
국일제지 078130 유동리스부채 0 0
국일제지 078130 비유동부채 3,782,029,638 3,588,147,280
국일제지 078130 사채 0 0
국일제지 078130 장기차입금 345,823,015 472,221,715
국일제지 078130 기타비유동금융부채 0 0
국일제지 078130 이연법인세부채 0 0
국일제지 078130 비유동리스부채 0 0
국일제지 078130 부채총계 51,041,160,134 50,693,290,181
국일제지 078130 자본금 0 0
국일제지 078130 자본잉여금 0 0
국일제지 078130 자본조정 0 0
국일제지 078130 기타포괄손익누계액 0 0
국일제지 078130 이익잉여금(결손금) 32,501,586,169 32,311,288,441
국일제지 078130 자본총계 50,418,717,981 50,220,697,963
국일제지 078130 자본과부채총계 101,459,878,115 100,913,988,144
date : 2016-06-30
국일제지 078130 유동자산 38,584,377,275 39,475,965,865
국일제지 078130 현금및현금성자산 2,885,905,052 6,550,705,625
국일제지 078130 매출채권 및 기타유동채권
국일제지 078130 재고자산 14,552,162,168 14,605,929,499
국일제지 078130 기타유동금융자산 295,000,000 169,000,000
국일제지 078130 기타유동자산 0 0
국일제지 078130 매각예정비유동자산 0 0
국일제지 078130 비유동자산 63,867,421,648 61,438,022,279
국일제지 078130 장기금융상품 0 0
국일제지 078130 기타포괄손익-공정가치 0 0
국일제지 078130 당기손익인식공정가치측정금융자산 0 0
국일제지 078130 종속회사투자 0 0
국일제지 078130 관계회사투자 0 0
국일제지 078130 렌탈자산 0 0
국일제지 078130 유형자산 19,113,046,732 18,782,720,000
국일제지 078130 무형자산 55,675,600 55,675,600
국일제지 078130 기타비유동금융자산 259,058,198 223,852,262
국일제지 078130 기타비유동자산 0 0
국일제지 078130 사용권자산 0 0
국일제지 078130 이연법인세자산 898,028,552 770,167,999
국일제지 078130 자산총계 102,451,798,923 100,913,988,144
국일제지 078130 유동부채 48,142,774,328 47,105,142,901
국일제지 078130 단기매입채무 0 0
국일제지 078130 단기차입금 34,916,825,346 34,800,335,328
국일제지 078130 유동성장기차입금 502,267,227 488,304,360
국일제지 078130 유동성사채 0 0
국일제지 078130 기타유동금융부채 0 0
국일제지 078130 기타유동부채 0 0
국일제지 078130 당기법인세부채 13,452,555 1,630,905,565
국일제지 078130 유동리스부채 0 0
국일제지 078130 비유동부채 3,743,747,010 3,588,147,280
국일제지 078130 사채 0 0
국일제지 078130 장기차입금 217,479,629 472,221,715
국일제지 078130 기타비유동금융부채 0 0
국일제지 078130 이연법인세부채 0 0
국일제지 078130 비유동리스부채 0 0
국일제지 078130 부채총계 51,886,521,338 50,693,290,181
국일제지 078130 자본금 0 0
국일제지 078130 자본잉여금 0 0
국일제지 078130 자본조정 0 0
국일제지 078130 기타포괄손익누계액 0 0
국일제지 078130 이익잉여금(결손금) 32,462,186,363 32,311,288,441
국일제지 078130 자본총계 50,565,277,585 50,220,697,963
국일제지 078130 자본과부채총계 102,451,798,923 100,913,988,144
date : 2016-09-30
국일제지 078130 유동자산 40,917,016,893 39,475,965,865
국일제지 078130 현금및현금성자산 1,633,234,312 6,550,705,625
국일제지 078130 매출채권 및 기타유동채권
국일제지 078130 재고자산 13,483,145,210 14,605,929,499
국일제지 078130 기타유동금융자산 145,000,000 169,000,000
국일제지 078130 기타유동자산 0 0
국일제지 078130 매각예정비유동자산 0 0
국일제지 078130 비유동자산 58,813,851,383 61,438,022,279
국일제지 078130 장기금융상품 0 0
국일제지 078130 기타포괄손익-공정가치 0 0
국일제지 078130 당기손익인식공정가치측정금융자산 0 0
국일제지 078130 종속회사투자 0 0
국일제지 078130 관계회사투자 0 0
국일제지 078130 렌탈자산 0 0
국일제지 078130 유형자산 19,205,383,849 18,782,720,000
국일제지 078130 무형자산 55,675,600 55,675,600
국일제지 078130 기타비유동금융자산 276,661,166 223,852,262
국일제지 078130 기타비유동자산 0 0
국일제지 078130 사용권자산 0 0
국일제지 078130 이연법인세자산 898,028,552 770,167,999
국일제지 078130 자산총계 99,730,868,276 100,913,988,144
국일제지 078130 유동부채 41,016,113,623 47,105,142,901
국일제지 078130 단기매입채무 0 0
국일제지 078130 단기차입금 31,510,139,015 34,800,335,328
국일제지 078130 유동성장기차입금 509,179,759 488,304,360
국일제지 078130 유동성사채 0 0
국일제지 078130 기타유동금융부채 533,125,137 1,630,905,565
국일제지 078130 기타유동부채 0 0
국일제지 078130 당기법인세부채 6,785,545 1,630,905,565
국일제지 078130 유동리스부채 0 0
국일제지 078130 비유동부채 3,278,323,095 3,588,147,280
국일제지 078130 사채 0 0
국일제지 078130 장기차입금 87,562,964 472,221,715
국일제지 078130 기타비유동금융부채 0 0
국일제지 078130 이연법인세부채 0 0
국일제지 078130 비유동리스부채 0 0
국일제지 078130 부채총계 44,294,436,718 50,693,290,181
국일제지 078130 자본금 0 0
국일제지 078130 자본잉여금 0 0
국일제지 078130 자본조정 0 0
국일제지 078130 기타포괄손익누계액 0 0
국일제지 078130 이익잉여금(결손금) 33,073,087,468 32,311,288,441
국일제지 078130 자본총계 55,436,431,558 50,220,697,963
국일제지 078130 자본과부채총계 99,730,868,276 100,913,988,144
date : 2016-12-31
국일제지 078130 유동자산 41,300,967,221 39,475,965,865
국일제지 078130 현금및현금성자산 1,626,720,971 6,550,705,625
국일제지 078130 매출채권 및 기타유동채권
국일제지 078130 재고자산 12,573,397,160 14,605,929,499
국일제지 078130 기타유동금융자산 275,000,000 169,000,000
국일제지 078130 기타유동자산 0 0
국일제지 078130 매각예정비유동자산 0 0
국일제지 078130 비유동자산 60,688,464,937 61,438,022,279
국일제지 078130 장기금융상품 0 0
국일제지 078130 기타포괄손익-공정가치 0 0
국일제지 078130 당기손익인식공정가치측정금융자산 0 0
국일제지 078130 종속회사투자 0 0
국일제지 078130 관계회사투자 0 0
국일제지 078130 렌탈자산 0 0
국일제지 078130 유형자산 19,030,779,598 18,782,720,000
국일제지 078130 무형자산 19,125,078,503 55,675,600
국일제지 078130 기타비유동금융자산 294,264,134 223,852,262
국일제지 078130 기타비유동자산 0 0
국일제지 078130 사용권자산 0 0
국일제지 078130 이연법인세자산 1,179,937,641 770,167,999
국일제지 078130 자산총계 101,989,432,158 100,913,988,144
국일제지 078130 유동부채 44,815,328,855 47,105,142,901
국일제지 078130 단기매입채무 0 0
국일제지 078130 단기차입금 34,228,373,870 34,800,335,328
국일제지 078130 유동성장기차입금 472,081,667 488,304,360
국일제지 078130 유동성사채 0 0
국일제지 078130 기타유동금융부채 0 0
국일제지 078130 기타유동부채 0 0
국일제지 078130 당기법인세부채 219,074,278 1,630,905,565
국일제지 078130 유동리스부채 0 0
국일제지 078130 비유동부채 1,951,104,125 3,588,147,280
국일제지 078130 사채 0 0
국일제지 078130 장기차입금 472,221,715 3,588,147,280
국일제지 078130 기타비유동금융부채 0 0
국일제지 078130 이연법인세부채 0 0
국일제지 078130 비유동리스부채 0 0
국일제지 078130 부채총계 46,766,432,980 50,693,290,181
국일제지 078130 자본금 0 0
국일제지 078130 자본잉여금 0 0
국일제지 078130 자본조정 0 0
국일제지 078130 기타포괄손익누계액 0 0
국일제지 078130 이익잉여금(결손금) 32,113,775,797 32,311,288,441
국일제지 078130 자본총계 55,222,999,178 50,220,697,963
국일제지 078130 자본과부채총계 101,989,432,158 100,913,988,144
date : 2017-03-31
국일제지 078130 유동자산 46,495,440,413 41,300,967,221
국일제지 078130 현금및현금성자산 3,342,432,182 1,626,720,971
국일제지 078130 매출채권 및 기타유동채권
국일제지 078130 재고자산 13,373,780,309 12,573,397,160
국일제지 078130 기타유동금융자산 425,000,000 275,000,000
국일제지 078130 기타유동자산 0 0
국일제지 078130 매각예정비유동자산 0 0
국일제지 078130 비유동자산 60,268,167,348 60,688,464,937
국일제지 078130 장기금융상품 0 0
국일제지 078130 기타포괄손익-공정가치 0 0
국일제지 078130 당기손익인식공정가치측정금융자산 0 0
국일제지 078130 종속회사투자 0 0
국일제지 078130 관계회사투자 0 0
국일제지 078130 렌탈자산 0 0
국일제지 078130 유형자산 18,912,079,284 19,125,078,503
국일제지 078130 무형자산 174,280,600 174,280,600
국일제지 078130 기타비유동금융자산 309,367,102 294,264,134
국일제지 078130 기타비유동자산 0 0
국일제지 078130 사용권자산 0 0
국일제지 078130 이연법인세자산 1,179,937,641 1,179,937,641
국일제지 078130 자산총계 106,763,607,761 101,989,432,158
국일제지 078130 유동부채 48,494,680,568 44,815,328,855
국일제지 078130 단기매입채무 0 0
국일제지 078130 단기차입금 38,351,380,850 34,228,373,870
국일제지 078130 유동성장기차입금 345,741,636 472,081,667
국일제지 078130 유동성사채 0 0
국일제지 078130 기타유동금융부채 0 0
국일제지 078130 기타유동부채 0 0
국일제지 078130 당기법인세부채 92,106,198 219,074,278
국일제지 078130 유동리스부채 0 0
국일제지 078130 비유동부채 2,379,384,267 1,951,104,125
국일제지 078130 사채 0 0
국일제지 078130 장기차입금 472,221,715 1,951,104,125
국일제지 078130 기타비유동금융부채 0 0
국일제지 078130 이연법인세부채 0 0
국일제지 078130 비유동리스부채 0 0
국일제지 078130 부채총계 50,874,064,835 46,766,432,980
국일제지 078130 자본금 0 0
국일제지 078130 자본잉여금 0 0
국일제지 078130 자본조정 0 0
국일제지 078130 기타포괄손익누계액 0 0
국일제지 078130 이익잉여금(결손금) 32,655,424,458 32,113,775,797
국일제지 078130 자본총계 55,889,542,926 55,222,999,178
국일제지 078130 자본과부채총계 106,763,607,761 101,989,432,158
date : 2017-06-30
국일제지 078130 유동자산 48,612,233,076 41,300,967,221
국일제지 078130 현금및현금성자산 1,715,909,413 1,626,720,971
국일제지 078130 매출채권 및 기타유동채권
국일제지 078130 재고자산 12,638,499,464 12,573,397,160
국일제지 078130 기타유동금융자산 575,000,000 275,000,000
국일제지 078130 기타유동자산 0 0
국일제지 078130 매각예정비유동자산 0 0
국일제지 078130 비유동자산 61,432,772,760 60,688,464,937
국일제지 078130 장기금융상품 0 0
국일제지 078130 기타포괄손익-공정가치 0 0
국일제지 078130 당기손익인식공정가치측정금융자산 0 0
국일제지 078130 종속회사투자 0 0
국일제지 078130 관계회사투자 0 0
국일제지 078130 렌탈자산 0 0
국일제지 078130 유형자산 18,711,060,499 19,125,078,503
국일제지 078130 무형자산 174,280,600 174,280,600
국일제지 078130 기타비유동금융자산 326,970,070 294,264,134
국일제지 078130 기타비유동자산 0 0
국일제지 078130 사용권자산 0 0
국일제지 078130 이연법인세자산 751,081,910 1,179,937,641
국일제지 078130 자산총계 110,045,005,836 101,989,432,158
국일제지 078130 유동부채 51,145,236,623 44,815,328,855
국일제지 078130 단기매입채무 0 0
국일제지 078130 단기차입금 38,998,972,614 34,228,373,870
국일제지 078130 유동성장기차입금 217,579,999 472,081,667
국일제지 078130 유동성사채 0 0
국일제지 078130 기타유동금융부채 0 0
국일제지 078130 기타유동부채 0 0
국일제지 078130 당기법인세부채 78,742,378 219,074,278
국일제지 078130 유동리스부채 0 0
국일제지 078130 비유동부채 2,469,806,121 1,951,104,125
국일제지 078130 사채 0 0
국일제지 078130 장기차입금 0 0
국일제지 078130 기타비유동금융부채 0 0
국일제지 078130 이연법인세부채 0 0
국일제지 078130 비유동리스부채 0 0
국일제지 078130 부채총계 53,615,042,744 46,766,432,980
국일제지 078130 자본금 21,524,021,681 21,524,021,681
국일제지 078130 자본잉여금 0 0
국일제지 078130 자본조정 0 0
국일제지 078130 기타포괄손익누계액 0 0
국일제지 078130 이익잉여금(결손금) 33,038,630,273 32,113,775,797
국일제지 078130 자본총계 56,429,963,092 55,222,999,178
국일제지 078130 자본과부채총계 110,045,005,836 101,989,432,158
date : 2017-09-30
국일제지 078130 유동자산 45,031,744,563 41,300,967,221
국일제지 078130 현금및현금성자산 499,648,650 1,626,720,971
국일제지 078130 매출채권 및 기타유동채권
국일제지 078130 재고자산 11,976,190,685 12,573,397,160
국일제지 078130 기타유동금융자산 125,000,000 275,000,000
국일제지 078130 기타유동자산 0 0
국일제지 078130 매각예정비유동자산 0 0
국일제지 078130 비유동자산 63,073,176,015 60,688,464,937
국일제지 078130 장기금융상품 0 0
국일제지 078130 기타포괄손익-공정가치 0 0
국일제지 078130 당기손익인식공정가치측정금융자산 0 0
국일제지 078130 종속회사투자 0 0
국일제지 078130 관계회사투자 0 0
국일제지 078130 렌탈자산 0 0
국일제지 078130 유형자산 18,609,069,318 19,125,078,503
국일제지 078130 무형자산 0 0
국일제지 078130 기타비유동금융자산 344,573,038 294,264,134
국일제지 078130 기타비유동자산 0 0
국일제지 078130 사용권자산 0 0
국일제지 078130 이연법인세자산 751,081,910 1,179,937,641
국일제지 078130 자산총계 108,104,920,578 101,989,432,158
국일제지 078130 유동부채 48,860,786,444 44,815,328,855
국일제지 078130 단기매입채무 0 0
국일제지 078130 단기차입금 41,156,401,687 34,228,373,870
국일제지 078130 유동성장기차입금 131,126,131 472,081,667
국일제지 078130 유동성사채 0 0
국일제지 078130 기타유동금융부채 0 0
국일제지 078130 기타유동부채 0 0
국일제지 078130 당기법인세부채 219,074,278 34,228,373,870
국일제지 078130 유동리스부채 0 0
국일제지 078130 비유동부채 2,535,996,334 1,951,104,125
국일제지 078130 사채 0 0
국일제지 078130 장기차입금 0 0
국일제지 078130 기타비유동금융부채 0 0
국일제지 078130 이연법인세부채 0 0
국일제지 078130 비유동리스부채 0 0
국일제지 078130 부채총계 51,396,782,778 46,766,432,980
국일제지 078130 자본금 0 0
국일제지 078130 자본잉여금 0 0
국일제지 078130 자본조정 0 0
국일제지 078130 기타포괄손익누계액 0 0
국일제지 078130 이익잉여금(결손금) 33,292,248,562 32,113,775,797
국일제지 078130 자본총계 56,708,137,800 55,222,999,178
국일제지 078130 자본과부채총계 108,104,920,578 101,989,432,158
date : 2017-12-31
국일제지 078130 유동자산 46,483,660,090 41,300,967,221
국일제지 078130 현금및현금성자산 3,872,432,164 1,626,720,971
국일제지 078130 매출채권 및 기타유동채권
국일제지 078130 재고자산 11,858,674,332 12,573,397,160
국일제지 078130 기타유동금융자산 275,000,000 275,000,000
국일제지 078130 기타유동자산 0 0
국일제지 078130 매각예정비유동자산 0 0
국일제지 078130 비유동자산 60,228,648,213 60,688,464,937
국일제지 078130 장기금융상품 0 0
국일제지 078130 기타포괄손익-공정가치 0 0
국일제지 078130 당기손익인식공정가치측정금융자산 0 0
국일제지 078130 종속회사투자 0 0
국일제지 078130 관계회사투자 0 0
국일제지 078130 렌탈자산 0 0
국일제지 078130 유형자산 18,965,214,823 19,125,078,503
국일제지 078130 무형자산 0 0
국일제지 078130 기타비유동금융자산 5,000,000 294,264,134
국일제지 078130 기타비유동자산 0 0
국일제지 078130 사용권자산 0 0
국일제지 078130 이연법인세자산 221,402,956 1,179,937,641
국일제지 078130 자산총계 106,712,308,303 101,989,432,158
국일제지 078130 유동부채 47,064,188,688 44,815,328,855
국일제지 078130 단기매입채무 0 0
국일제지 078130 단기차입금 38,995,478,638 34,228,373,870
국일제지 078130 유동성장기차입금 0 0
국일제지 078130 유동성사채 0 0
국일제지 078130 기타유동금융부채 0 0
국일제지 078130 기타유동부채 0 0
국일제지 078130 당기법인세부채 248,771,941 219,074,278
국일제지 078130 유동리스부채 0 0
국일제지 078130 비유동부채 1,932,575,763 1,951,104,125
국일제지 078130 사채 0 0
국일제지 078130 장기차입금 472,221,715 1,951,104,125
국일제지 078130 기타비유동금융부채 0 0
국일제지 078130 이연법인세부채 0 0
국일제지 078130 비유동리스부채 0 0
국일제지 078130 부채총계 48,996,764,451 46,766,432,980
국일제지 078130 자본금 0 0
국일제지 078130 자본잉여금 0 0
국일제지 078130 자본조정 0 0
국일제지 078130 기타포괄손익누계액 0 0
국일제지 078130 이익잉여금(결손금) 33,971,448,484 32,113,775,797
국일제지 078130 자본총계 57,715,543,852 55,222,999,178
국일제지 078130 자본과부채총계 106,712,308,303 101,989,432,158
date : 2018-03-31
국일제지 078130 유동자산 51,413,753,999 46,483,660,090
국일제지 078130 현금및현금성자산 776,766,450 3,872,432,164
국일제지 078130 매출채권 및 기타유동채권
국일제지 078130 재고자산 13,359,612,209 11,858,674,332
국일제지 078130 기타유동금융자산 425,000,000 275,000,000
국일제지 078130 기타유동자산 0 0
국일제지 078130 매각예정비유동자산 0 0
국일제지 078130 비유동자산 55,646,849,999 60,228,648,213
국일제지 078130 장기금융상품 0 0
국일제지 078130 기타포괄손익-공정가치 0 0
국일제지 078130 당기손익인식공정가치측정금융자산 0 0
국일제지 078130 종속회사투자 0 0
국일제지 078130 관계회사투자 0 0
국일제지 078130 렌탈자산 0 0
국일제지 078130 유형자산 18,771,882,946 18,965,214,823
국일제지 078130 무형자산 0 0
국일제지 078130 기타비유동금융자산 5,000,000 5,000,000
국일제지 078130 기타비유동자산 0 0
국일제지 078130 사용권자산 0 0
국일제지 078130 이연법인세자산 221,402,956 221,402,956
국일제지 078130 자산총계 107,060,603,998 106,712,308,303
국일제지 078130 유동부채 46,132,530,951 47,064,188,688
국일제지 078130 단기매입채무 0 0
국일제지 078130 단기차입금 38,251,520,933 38,995,478,638
국일제지 078130 유동성장기차입금 0 0
국일제지 078130 유동성사채 0 0
국일제지 078130 기타유동금융부채 0 0
국일제지 078130 기타유동부채 0 0
국일제지 078130 당기법인세부채 248,771,941 248,771,941
국일제지 078130 유동리스부채 0 0
국일제지 078130 비유동부채 2,290,060,903 1,932,575,763
국일제지 078130 사채 0 0
국일제지 078130 장기차입금 0 1,932,575,763
국일제지 078130 기타비유동금융부채 0 0
국일제지 078130 이연법인세부채 0 0
국일제지 078130 비유동리스부채 0 0
국일제지 078130 부채총계 48,422,591,854 48,996,764,451
국일제지 078130 자본금 0 0
국일제지 078130 자본잉여금 0 0
국일제지 078130 자본조정 0 0
국일제지 078130 기타포괄손익누계액 0 0
국일제지 078130 이익잉여금(결손금) 34,617,100,928 33,971,448,484
국일제지 078130 자본총계 58,638,012,144 57,715,543,852
국일제지 078130 자본과부채총계 107,060,603,998 106,712,308,303
date : 2018-06-30
국일제지 078130 유동자산 50,806,731,888 46,483,660,090
국일제지 078130 현금및현금성자산 2,246,086,171 3,872,432,164
국일제지 078130 매출채권 및 기타유동채권
국일제지 078130 재고자산 13,527,729,871 11,858,674,332
국일제지 078130 기타유동금융자산 575,000,000 275,000,000
국일제지 078130 기타유동자산 0 0
국일제지 078130 매각예정비유동자산 0 0
국일제지 078130 비유동자산 58,261,347,873 60,228,648,213
국일제지 078130 장기금융상품 0 0
국일제지 078130 기타포괄손익-공정가치 측정 금융자산
국일제지 078130 당기손익인식공정가치측정금융자산 0 0
국일제지 078130 종속회사투자 0 0
국일제지 078130 관계회사투자 0 0
국일제지 078130 렌탈자산 0 0
국일제지 078130 유형자산 24,830,997,219 18,965,214,823
국일제지 078130 무형자산 0 0
국일제지 078130 기타비유동금융자산 5,000,000 5,000,000
국일제지 078130 기타비유동자산 0 0
국일제지 078130 사용권자산 0 0
국일제지 078130 이연법인세자산 1,345,434,299 221,402,956
국일제지 078130 자산총계 109,068,079,761 106,712,308,303
국일제지 078130 유동부채 50,720,913,672 47,064,188,688
국일제지 078130 단기매입채무 0 0
국일제지 078130 단기차입금 39,750,857,945 38,995,478,638
국일제지 078130 유동성장기차입금 0 0
국일제지 078130 유동성사채 0 0
국일제지 078130 기타유동금융부채 0 0
국일제지 078130 기타유동부채 0 0
국일제지 078130 당기법인세부채 296,993,032 248,771,941
국일제지 078130 유동리스부채 0 0
국일제지 078130 비유동부채 2,653,261,913 1,932,575,763
국일제지 078130 사채 0 0
국일제지 078130 장기차입금 0 0
국일제지 078130 기타비유동금융부채 0 0
국일제지 078130 이연법인세부채 0 0
국일제지 078130 비유동리스부채 0 0
국일제지 078130 부채총계 53,374,175,585 48,996,764,451
국일제지 078130 자본금 0 0
국일제지 078130 자본잉여금 0 0
국일제지 078130 자본조정 0 0
국일제지 078130 기타포괄손익누계액 -169,686,457 -174,307,506
국일제지 078130 이익잉여금(결손금) 31,951,292,774 33,971,448,484
국일제지 078130 자본총계 55,693,904,176 57,715,543,852
국일제지 078130 자본과부채총계 109,068,079,761 106,712,308,303
date : 2018-09-30
국일제지 078130 유동자산 52,830,880,492 46,483,660,090
국일제지 078130 현금및현금성자산 251,325,076 3,872,432,164
국일제지 078130 매출채권 및 기타유동채권
국일제지 078130 재고자산 13,578,410,766 11,858,674,332
국일제지 078130 기타유동금융자산 125,000,000 275,000,000
국일제지 078130 기타유동자산 0 0
국일제지 078130 매각예정비유동자산 0 0
국일제지 078130 비유동자산 58,072,704,026 60,228,648,213
국일제지 078130 장기금융상품 0 0
국일제지 078130 기타포괄손익-공정가치 측정 금융자산
국일제지 078130 당기손익인식공정가치측정금융자산 0 0
국일제지 078130 종속회사투자 0 0
국일제지 078130 관계회사투자 0 0
국일제지 078130 렌탈자산 0 0
국일제지 078130 유형자산 24,727,418,852 18,965,214,823
국일제지 078130 무형자산 0 0
국일제지 078130 기타비유동금융자산 5,000,000 5,000,000
국일제지 078130 기타비유동자산 0 0
국일제지 078130 사용권자산 0 0
국일제지 078130 이연법인세자산 1,345,434,299 221,402,956
국일제지 078130 자산총계 110,903,584,518 106,712,308,303
국일제지 078130 유동부채 51,816,768,436 47,064,188,688
국일제지 078130 단기매입채무 0 0
국일제지 078130 단기차입금 40,876,720,989 38,995,478,638
국일제지 078130 유동성장기차입금 0 0
국일제지 078130 유동성사채 0 0
국일제지 078130 기타유동금융부채 0 0
국일제지 078130 기타유동부채 0 0
국일제지 078130 당기법인세부채 210,518,832 248,771,941
국일제지 078130 유동리스부채 0 0
국일제지 078130 비유동부채 2,605,111,513 1,932,575,763
국일제지 078130 사채 0 0
국일제지 078130 장기차입금 0 0
국일제지 078130 기타비유동금융부채 0 0
국일제지 078130 이연법인세부채 0 0
국일제지 078130 비유동리스부채 0 0
국일제지 078130 부채총계 54,421,879,949 48,996,764,451
국일제지 078130 자본금 0 0
국일제지 078130 자본잉여금 0 0
국일제지 078130 자본조정 0 0
국일제지 078130 기타포괄손익누계액 -271,466,357 -174,307,506
국일제지 078130 이익잉여금(결손금) 32,791,714,137 33,971,448,484
국일제지 078130 자본총계 56,481,704,569 57,715,543,852
국일제지 078130 자본과부채총계 110,903,584,518 106,712,308,303
date : 2018-12-31
국일제지 078130 유동자산 46,699,653,424 46,483,660,090
국일제지 078130 현금및현금성자산 2,223,063,410 3,872,432,164
국일제지 078130 매출채권 및 기타유동채권
국일제지 078130 재고자산 12,922,340,133 11,858,674,332
국일제지 078130 기타유동금융자산 315,000,000 275,000,000
국일제지 078130 기타유동자산 0 0
국일제지 078130 매각예정비유동자산 0 0
국일제지 078130 비유동자산 67,019,345,494 60,228,648,213
국일제지 078130 장기금융상품 0 0
국일제지 078130 기타포괄손익-공정가치 0 0
국일제지 078130 당기손익인식공정가치측정금융자산 0 0
국일제지 078130 종속회사투자 0 0
국일제지 078130 관계회사투자 0 0
국일제지 078130 렌탈자산 0 0
국일제지 078130 유형자산 26,035,161,046 18,965,214,823
국일제지 078130 무형자산 0 0
국일제지 078130 기타비유동금융자산 2,602,587,720 10,906,566,515
국일제지 078130 기타비유동자산 0 0
국일제지 078130 사용권자산 0 0
국일제지 078130 이연법인세자산 1,211,173,880 221,402,956
국일제지 078130 자산총계 113,718,998,918 106,712,308,303
국일제지 078130 유동부채 55,623,899,374 47,064,188,688
국일제지 078130 단기매입채무 0 0
국일제지 078130 단기차입금 40,454,764,758 38,995,478,638
국일제지 078130 유동성장기차입금 0 0
국일제지 078130 유동성사채 0 0
국일제지 078130 기타유동금융부채 0 0
국일제지 078130 기타유동부채 0 0
국일제지 078130 당기법인세부채 48,156,192 248,771,941
국일제지 078130 유동리스부채 0 0
국일제지 078130 비유동부채 2,365,370,974 1,932,575,763
국일제지 078130 사채 0 0
국일제지 078130 장기차입금 0 0
국일제지 078130 기타비유동금융부채 0 0
국일제지 078130 이연법인세부채 0 0
국일제지 078130 비유동리스부채 0 0
국일제지 078130 부채총계 57,989,270,348 48,996,764,451
국일제지 078130 자본금 0 0
국일제지 078130 자본잉여금 0 0
국일제지 078130 자본조정 0 0
국일제지 078130 기타포괄손익누계액 0 0
국일제지 078130 이익잉여금(결손금) 31,808,862,783 33,971,448,484
국일제지 078130 자본총계 55,729,728,570 57,715,543,852
국일제지 078130 자본과부채총계 113,718,998,918 106,712,308,303
date : 2019-03-31
국일제지 078130 유동자산 47,532,911,213 46,699,653,424
국일제지 078130 현금및현금성자산 675,693,840 2,223,063,410
국일제지 078130 매출채권 및 기타유동채권
국일제지 078130 재고자산 15,495,150,690 12,922,340,133
국일제지 078130 기타유동금융자산 585,000,000 315,000,000
국일제지 078130 기타유동자산 0 0
국일제지 078130 매각예정비유동자산 0 0
국일제지 078130 비유동자산 67,442,438,718 67,019,345,494
국일제지 078130 장기금융상품 0 0
국일제지 078130 기타포괄손익-공정가치 0 0
국일제지 078130 당기손익인식공정가치측정금융자산 0 0
국일제지 078130 종속회사투자 0 0
국일제지 078130 관계회사투자 0 0
국일제지 078130 렌탈자산 0 0
국일제지 078130 유형자산 26,234,854,130 26,035,161,046
국일제지 078130 무형자산 0 0
국일제지 078130 기타비유동금융자산 5,000,000 5,000,000
국일제지 078130 기타비유동자산 0 0
국일제지 078130 사용권자산 0 0
국일제지 078130 이연법인세자산 1,211,173,880 1,211,173,880
국일제지 078130 자산총계 114,975,349,931 113,718,998,918
국일제지 078130 유동부채 56,532,805,825 55,623,899,374
국일제지 078130 단기매입채무 0 0
국일제지 078130 단기차입금 40,090,850,423 40,454,764,758
국일제지 078130 유동성장기차입금 0 0
국일제지 078130 유동성사채 0 0
국일제지 078130 기타유동금융부채 0 0
국일제지 078130 기타유동부채 0 0
국일제지 078130 당기법인세부채 48,156,192 48,156,192
국일제지 078130 유동리스부채 246,479,369 40,454,764,758
국일제지 078130 비유동부채 3,074,353,447 2,365,370,974
국일제지 078130 사채 0 0
국일제지 078130 장기차입금 0 0
국일제지 078130 기타비유동금융부채 0 0
국일제지 078130 이연법인세부채 0 0
국일제지 078130 비유동리스부채 0 0
국일제지 078130 부채총계 59,607,159,272 57,989,270,348
국일제지 078130 자본금 0 0
국일제지 078130 자본잉여금 0 0
국일제지 078130 자본조정 0 0
국일제지 078130 기타포괄손익누계액 0 0
국일제지 078130 이익잉여금(결손금) 31,233,587,082 31,808,862,783
국일제지 078130 자본총계 55,368,190,659 55,729,728,570
국일제지 078130 자본과부채총계 114,975,349,931 113,718,998,918
