date : 2019-03-31
대봉엘에스 078140 유동자산 45,043,232,200 45,037,083,157
대봉엘에스 078140 현금및현금성자산 3,894,389,708 6,951,667,259
대봉엘에스 078140 매출채권 및 기타유동채권
대봉엘에스 078140 재고자산 11,457,776,635 12,581,847,590
대봉엘에스 078140 기타유동금융자산 6,073,428,406 4,061,235,898
대봉엘에스 078140 기타유동자산 498,560,888 256,008,150
대봉엘에스 078140 비유동자산 22,251,014,648 22,235,871,689
대봉엘에스 078140 유형자산 17,711,871,204 17,664,480,384
대봉엘에스 078140 무형자산 378,347,663 410,595,524
대봉엘에스 078140 기타비유동금융자산 2,012,795,781 2,012,795,781
대봉엘에스 078140 자산총계 67,294,246,848 67,272,954,846
대봉엘에스 078140 유동부채 6,129,829,254 5,931,162,455
대봉엘에스 078140 유동성장기차입금 133,333,333 133,333,333
대봉엘에스 078140 비유동부채 981,316,121 974,660,240
대봉엘에스 078140 장기차입금 100,000,002 133,333,334
대봉엘에스 078140 이연법인세부채 878,746,844 838,963,567
대봉엘에스 078140 부채총계 7,111,145,375 6,905,822,695
대봉엘에스 078140 자본금 5,543,289,500 5,543,289,500
대봉엘에스 078140 자본잉여금 6,103,582,743 6,103,582,743
대봉엘에스 078140 이익잉여금(결손금) 48,536,229,230 48,720,259,908
대봉엘에스 078140 자본총계 60,183,101,473 60,367,132,151
대봉엘에스 078140 자본과부채총계 67,294,246,848 67,272,954,846
