date : 2015-12-31
EMW 079190 유동자산 36,612,169,383 30,810,857,143
EMW 079190 현금및현금성자산 9,227,467,594 3,358,093,969
EMW 079190 매출채권 8,563,461,970 8,861,308,510
EMW 079190 재고자산 13,881,075,206 15,818,571,580
EMW 079190 기타유동금융자산 0 0
EMW 079190 기타유동자산 315,395,464 745,539,815
EMW 079190 매각예정비유동자산 0 0
EMW 079190 비유동자산 59,992,562,866 67,278,334,313
EMW 079190 장기금융상품 0 0
EMW 079190 기타포괄손익-공정가치 0 0
EMW 079190 당기손익인식공정가치측정금융자산 0 0
EMW 079190 종속회사투자 0 0
EMW 079190 관계회사투자 0 0
EMW 079190 렌탈자산 0 0
EMW 079190 유형자산 50,444,212,591 56,040,609,515
EMW 079190 무형자산 4,536,752,870 5,132,992,666
EMW 079190 기타비유동금융자산 1,258,296,700 2,610,503,262
EMW 079190 기타비유동자산 0 0
EMW 079190 사용권자산 0 0
EMW 079190 이연법인세자산 2,113,315,719 1,449,344,386
EMW 079190 자산총계 96,604,732,249 98,089,191,456
EMW 079190 유동부채 30,929,676,853 45,629,435,978
EMW 079190 단기매입채무 0 0
EMW 079190 단기차입금 0 0
EMW 079190 유동성장기차입금 0 0
EMW 079190 유동성사채 0 0
EMW 079190 기타유동금융부채 0 0
EMW 079190 기타유동부채 146,232,700 167,458,897
EMW 079190 당기법인세부채 0 0
EMW 079190 유동리스부채 0 0
EMW 079190 비유동부채 23,862,711,236 14,930,287,234
EMW 079190 사채 0 0
EMW 079190 장기차입금 0 0
EMW 079190 기타비유동금융부채 0 0
EMW 079190 이연법인세부채 0 0
EMW 079190 비유동리스부채 0 0
EMW 079190 부채총계 54,792,388,089 60,559,723,212
EMW 079190 자본금 13,660,349,500 9,124,181,500
EMW 079190 자본잉여금 26,369,755,928 17,518,967,150
EMW 079190 자본조정 0 0
EMW 079190 기타포괄손익누계액 0 0
EMW 079190 이익잉여금(결손금) -7,598,543,910 1,558,639,497
EMW 079190 자본총계 41,812,344,160 37,529,468,244
EMW 079190 자본과부채총계 96,604,732,249 98,089,191,456
date : 2016-03-31
EMW 079190 유동자산 47,460,043,942 36,612,169,383
EMW 079190 현금및현금성자산 7,076,012,439 9,227,467,594
EMW 079190 매출채권 17,746,538,420 8,563,461,970
EMW 079190 재고자산 13,612,107,252 13,881,075,206
EMW 079190 기타유동금융자산 0 0
EMW 079190 기타유동자산 639,556,444 315,395,464
EMW 079190 매각예정비유동자산 0 0
EMW 079190 비유동자산 57,742,299,653 59,992,562,866
EMW 079190 장기금융상품 0 0
EMW 079190 기타포괄손익-공정가치 0 0
EMW 079190 당기손익인식공정가치측정금융자산 0 0
EMW 079190 종속회사투자 0 0
EMW 079190 관계회사투자 0 0
EMW 079190 렌탈자산 0 0
EMW 079190 유형자산 48,237,041,608 50,444,212,591
EMW 079190 무형자산 4,436,740,640 4,536,752,870
EMW 079190 기타비유동금융자산 1,315,216,700 1,258,296,700
EMW 079190 기타비유동자산 0 0
EMW 079190 사용권자산 0 0
EMW 079190 이연법인세자산 2,113,315,719 2,113,315,719
EMW 079190 자산총계 105,202,343,595 96,604,732,249
EMW 079190 유동부채 33,937,468,171 30,929,676,853
EMW 079190 단기매입채무 0 0
EMW 079190 단기차입금 0 0
EMW 079190 유동성장기차입금 0 0
EMW 079190 유동성사채 0 0
EMW 079190 기타유동금융부채 0 0
EMW 079190 기타유동부채 1,208,807,727 146,232,700
EMW 079190 당기법인세부채 0 0
EMW 079190 유동리스부채 0 0
EMW 079190 비유동부채 27,858,512,728 23,862,711,236
EMW 079190 사채 0 0
EMW 079190 장기차입금 0 0
EMW 079190 기타비유동금융부채 0 0
EMW 079190 이연법인세부채 0 0
EMW 079190 비유동리스부채 0 0
EMW 079190 부채총계 61,795,980,899 54,792,388,089
EMW 079190 자본금 13,660,349,500 13,660,349,500
EMW 079190 자본잉여금 26,369,755,928 26,369,755,928
EMW 079190 자본조정 0 0
EMW 079190 기타포괄손익누계액 0 0
EMW 079190 이익잉여금(결손금) -6,031,843,250 -7,598,543,910
EMW 079190 자본총계 43,406,362,696 41,812,344,160
EMW 079190 자본과부채총계 105,202,343,595 96,604,732,249
date : 2016-06-30
EMW 079190 유동자산 44,519,610,343 36,612,169,383
EMW 079190 현금및현금성자산 6,643,338,677 9,227,467,594
EMW 079190 매출채권 14,661,510,147 8,563,461,970
EMW 079190 재고자산 13,326,061,730 13,881,075,206
EMW 079190 기타유동금융자산 0 0
EMW 079190 기타유동자산 618,945,443 315,395,464
EMW 079190 매각예정비유동자산 0 0
EMW 079190 비유동자산 56,112,555,278 59,992,562,866
EMW 079190 장기금융상품 0 0
EMW 079190 기타포괄손익-공정가치 0 0
EMW 079190 당기손익인식공정가치측정금융자산 0 0
EMW 079190 종속회사투자 0 0
EMW 079190 관계회사투자 0 0
EMW 079190 렌탈자산 0 0
EMW 079190 유형자산 46,939,739,313 50,444,212,591
EMW 079190 무형자산 4,222,285,562 4,536,752,870
EMW 079190 기타비유동금융자산 1,032,821,287 1,258,296,700
EMW 079190 기타비유동자산 0 0
EMW 079190 사용권자산 0 0
EMW 079190 이연법인세자산 2,277,724,130 2,113,315,719
EMW 079190 자산총계 100,632,165,621 96,604,732,249
EMW 079190 유동부채 29,616,232,519 30,929,676,853
EMW 079190 단기매입채무 0 0
EMW 079190 단기차입금 0 0
EMW 079190 유동성장기차입금 0 0
EMW 079190 유동성사채 0 0
EMW 079190 기타유동금융부채 0 0
EMW 079190 기타유동부채 220,446,216 146,232,700
EMW 079190 당기법인세부채 0 0
EMW 079190 유동리스부채 0 0
EMW 079190 비유동부채 27,365,783,099 23,862,711,236
EMW 079190 사채 0 0
EMW 079190 장기차입금 0 0
EMW 079190 기타비유동금융부채 0 0
EMW 079190 이연법인세부채 0 0
EMW 079190 비유동리스부채 0 0
EMW 079190 부채총계 56,982,015,618 54,792,388,089
EMW 079190 자본금 13,660,349,500 13,660,349,500
EMW 079190 자본잉여금 26,621,661,362 26,369,755,928
EMW 079190 자본조정 0 0
EMW 079190 기타포괄손익누계액 0 0
EMW 079190 이익잉여금(결손금) -4,066,609,905 -7,598,543,910
EMW 079190 자본총계 43,650,150,003 41,812,344,160
EMW 079190 자본과부채총계 100,632,165,621 96,604,732,249
date : 2016-09-30
EMW 079190 유동자산 49,172,098,358 36,612,169,383
EMW 079190 현금및현금성자산 9,004,876,428 9,227,467,594
EMW 079190 매출채권 및 기타유동채권
EMW 079190 재고자산 12,947,930,244 13,881,075,206
EMW 079190 기타유동금융자산 0 0
EMW 079190 기타유동자산 603,464,011 315,395,464
EMW 079190 매각예정비유동자산 0 0
EMW 079190 비유동자산 54,896,198,478 59,992,562,866
EMW 079190 장기금융상품 0 0
EMW 079190 기타포괄손익-공정가치 0 0
EMW 079190 당기손익인식공정가치측정금융자산 0 0
EMW 079190 종속회사투자 0 0
EMW 079190 관계회사투자 0 0
EMW 079190 렌탈자산 0 0
EMW 079190 유형자산 45,687,505,688 50,444,212,591
EMW 079190 무형자산 4,177,776,974 4,536,752,870
EMW 079190 기타비유동금융자산 1,113,206,700 1,258,296,700
EMW 079190 기타비유동자산 0 0
EMW 079190 사용권자산 0 0
EMW 079190 이연법인세자산 2,277,724,130 2,113,315,719
EMW 079190 자산총계 104,068,296,836 96,604,732,249
EMW 079190 유동부채 31,144,333,255 30,929,676,853
EMW 079190 단기매입채무 0 0
EMW 079190 단기차입금 0 0
EMW 079190 유동성장기차입금 0 0
EMW 079190 유동성사채 0 0
EMW 079190 기타유동금융부채 0 0
EMW 079190 기타유동부채 204,096,048 146,232,700
EMW 079190 당기법인세부채 0 0
EMW 079190 유동리스부채 0 0
EMW 079190 비유동부채 27,900,137,709 23,862,711,236
EMW 079190 사채 0 0
EMW 079190 장기차입금 0 0
EMW 079190 기타비유동금융부채 0 0
EMW 079190 이연법인세부채 0 0
EMW 079190 비유동리스부채 0 0
EMW 079190 부채총계 59,044,470,964 54,792,388,089
EMW 079190 자본금 13,935,074,500 13,660,349,500
EMW 079190 자본잉여금 27,546,935,162 26,369,755,928
EMW 079190 자본조정 0 0
EMW 079190 기타포괄손익누계액 0 0
EMW 079190 이익잉여금(결손금) -3,892,932,836 -7,598,543,910
EMW 079190 자본총계 45,023,825,872 41,812,344,160
EMW 079190 자본과부채총계 104,068,296,836 96,604,732,249
date : 2016-12-31
EMW 079190 유동자산 44,549,689,332 36,612,169,383
EMW 079190 현금및현금성자산 5,382,023,964 9,227,467,594
EMW 079190 매출채권 14,497,453,221 8,563,461,970
EMW 079190 재고자산 11,679,544,940 13,881,075,206
EMW 079190 기타유동금융자산 0 0
EMW 079190 기타유동자산 367,846,904 315,395,464
EMW 079190 매각예정비유동자산 0 0
EMW 079190 비유동자산 53,210,718,630 59,992,562,866
EMW 079190 장기금융상품 0 0
EMW 079190 기타포괄손익-공정가치 0 0
EMW 079190 당기손익인식공정가치측정금융자산 0 0
EMW 079190 종속회사투자 0 0
EMW 079190 관계회사투자 0 0
EMW 079190 렌탈자산 0 0
EMW 079190 유형자산 43,942,906,100 50,444,212,591
EMW 079190 무형자산 3,585,722,624 4,536,752,870
EMW 079190 기타비유동금융자산 1,039,330,700 1,258,296,700
EMW 079190 기타비유동자산 0 0
EMW 079190 사용권자산 0 0
EMW 079190 이연법인세자산 2,908,043,472 2,113,315,719
EMW 079190 자산총계 97,760,407,962 96,604,732,249
EMW 079190 유동부채 33,094,825,712 30,929,676,853
EMW 079190 단기매입채무 0 0
EMW 079190 단기차입금 0 0
EMW 079190 유동성장기차입금 0 0
EMW 079190 유동성사채 0 0
EMW 079190 기타유동금융부채 0 0
EMW 079190 기타유동부채 208,086,809 146,232,700
EMW 079190 당기법인세부채 0 0
EMW 079190 유동리스부채 0 0
EMW 079190 비유동부채 20,005,707,174 23,862,711,236
EMW 079190 사채 0 0
EMW 079190 장기차입금 0 0
EMW 079190 기타비유동금융부채 0 0
EMW 079190 이연법인세부채 0 0
EMW 079190 비유동리스부채 0 0
EMW 079190 부채총계 53,100,532,886 54,792,388,089
EMW 079190 자본금 13,935,074,500 13,660,349,500
EMW 079190 자본잉여금 27,546,935,162 26,369,755,928
EMW 079190 자본조정 0 0
EMW 079190 기타포괄손익누계액 0 0
EMW 079190 이익잉여금(결손금) -3,077,913,227 -7,598,543,910
EMW 079190 자본총계 44,659,875,076 41,812,344,160
EMW 079190 자본과부채총계 97,760,407,962 96,604,732,249
date : 2017-03-31
EMW 079190 유동자산 41,152,913,418 44,549,689,332
EMW 079190 현금및현금성자산 6,789,886,941 5,382,023,964
EMW 079190 매출채권 11,178,131,063 14,497,453,221
EMW 079190 재고자산 11,920,648,869 11,679,544,940
EMW 079190 기타유동금융자산 0 0
EMW 079190 기타유동자산 743,666,325 367,846,904
EMW 079190 매각예정비유동자산 0 0
EMW 079190 비유동자산 54,394,689,730 53,210,718,630
EMW 079190 장기금융상품 0 0
EMW 079190 기타포괄손익-공정가치 0 0
EMW 079190 당기손익인식공정가치측정금융자산 0 0
EMW 079190 종속회사투자 0 0
EMW 079190 관계회사투자 0 0
EMW 079190 렌탈자산 0 0
EMW 079190 유형자산 43,615,647,237 43,942,906,100
EMW 079190 무형자산 3,579,142,587 3,585,722,624
EMW 079190 기타비유동금융자산 1,057,236,700 1,039,330,700
EMW 079190 기타비유동자산 0 0
EMW 079190 사용권자산 0 0
EMW 079190 이연법인세자산 2,908,043,472 2,908,043,472
EMW 079190 자산총계 95,547,603,148 97,760,407,962
EMW 079190 유동부채 32,723,936,071 33,094,825,712
EMW 079190 단기매입채무 0 0
EMW 079190 단기차입금 0 0
EMW 079190 유동성장기차입금 0 0
EMW 079190 유동성사채 0 0
EMW 079190 기타유동금융부채 0 0
EMW 079190 기타유동부채 123,940,464 208,086,809
EMW 079190 당기법인세부채 0 0
EMW 079190 유동리스부채 0 0
EMW 079190 비유동부채 19,507,018,988 20,005,707,174
EMW 079190 사채 0 0
EMW 079190 장기차입금 0 0
EMW 079190 기타비유동금융부채 0 0
EMW 079190 이연법인세부채 0 0
EMW 079190 비유동리스부채 0 0
EMW 079190 부채총계 52,230,955,059 53,100,532,886
EMW 079190 자본금 13,935,074,500 13,935,074,500
EMW 079190 자본잉여금 27,546,935,162 27,546,935,162
EMW 079190 자본조정 0 0
EMW 079190 기타포괄손익누계액 0 0
EMW 079190 이익잉여금(결손금) -4,421,140,214 -3,077,913,227
EMW 079190 자본총계 43,316,648,089 44,659,875,076
EMW 079190 자본과부채총계 95,547,603,148 97,760,407,962
date : 2017-06-30
EMW 079190 유동자산 46,835,568,030 44,549,689,332
EMW 079190 현금및현금성자산 5,548,565,810 5,382,023,964
EMW 079190 매출채권 17,439,241,308 14,497,453,221
EMW 079190 재고자산 11,409,167,175 11,679,544,940
EMW 079190 기타유동금융자산 0 0
EMW 079190 기타유동자산 500,056,929 367,846,904
EMW 079190 매각예정비유동자산 0 0
EMW 079190 비유동자산 55,764,097,086 53,210,718,630
EMW 079190 장기금융상품 0 0
EMW 079190 기타포괄손익-공정가치 0 0
EMW 079190 당기손익인식공정가치측정금융자산 0 0
EMW 079190 종속회사투자 0 0
EMW 079190 관계회사투자 0 0
EMW 079190 렌탈자산 0 0
EMW 079190 유형자산 43,142,345,411 43,942,906,100
EMW 079190 무형자산 4,252,448,777 3,585,722,624
EMW 079190 기타비유동금융자산 1,122,756,700 1,039,330,700
EMW 079190 기타비유동자산 0 0
EMW 079190 사용권자산 0 0
EMW 079190 이연법인세자산 3,666,926,464 2,908,043,472
EMW 079190 자산총계 102,599,665,116 97,760,407,962
EMW 079190 유동부채 34,657,433,841 33,094,825,712
EMW 079190 단기매입채무 0 0
EMW 079190 단기차입금 0 0
EMW 079190 유동성장기차입금 0 0
EMW 079190 유동성사채 0 0
EMW 079190 기타유동금융부채 0 0
EMW 079190 기타유동부채 206,929,079 208,086,809
EMW 079190 당기법인세부채 0 0
EMW 079190 유동리스부채 0 0
EMW 079190 비유동부채 16,412,145,488 20,005,707,174
EMW 079190 사채 0 0
EMW 079190 장기차입금 0 0
EMW 079190 기타비유동금융부채 0 0
EMW 079190 이연법인세부채 0 0
EMW 079190 비유동리스부채 0 0
EMW 079190 부채총계 51,069,579,329 53,100,532,886
EMW 079190 자본금 15,036,672,500 13,935,074,500
EMW 079190 자본잉여금 31,443,036,947 27,546,935,162
EMW 079190 자본조정 0 0
EMW 079190 기타포괄손익누계액 0 0
EMW 079190 이익잉여금(결손금) -1,184,970,956 -3,077,913,227
EMW 079190 자본총계 51,530,085,787 44,659,875,076
EMW 079190 자본과부채총계 102,599,665,116 97,760,407,962
date : 2017-09-30
EMW 079190 유동자산 47,636,625,856 44,549,689,332
EMW 079190 현금및현금성자산 8,282,186,015 5,382,023,964
EMW 079190 매출채권 18,038,480,226 14,497,453,221
EMW 079190 재고자산 11,850,668,888 11,679,544,940
EMW 079190 기타유동금융자산 0 0
EMW 079190 기타유동자산 1,829,154,932 367,846,904
EMW 079190 매각예정비유동자산 0 0
EMW 079190 비유동자산 56,033,637,911 53,210,718,630
EMW 079190 장기금융상품 0 0
EMW 079190 기타포괄손익-공정가치 0 0
EMW 079190 당기손익인식공정가치측정금융자산 0 0
EMW 079190 종속회사투자 0 0
EMW 079190 관계회사투자 0 0
EMW 079190 렌탈자산 0 0
EMW 079190 유형자산 42,667,341,402 43,942,906,100
EMW 079190 무형자산 4,719,823,611 3,585,722,624
EMW 079190 기타비유동금융자산 1,399,926,700 1,039,330,700
EMW 079190 기타비유동자산 0 0
EMW 079190 사용권자산 0 0
EMW 079190 이연법인세자산 3,666,926,464 2,908,043,472
EMW 079190 자산총계 103,670,263,767 97,760,407,962
EMW 079190 유동부채 38,135,232,928 33,094,825,712
EMW 079190 단기매입채무 0 0
EMW 079190 단기차입금 0 0
EMW 079190 유동성장기차입금 0 0
EMW 079190 유동성사채 0 0
EMW 079190 기타유동금융부채 0 0
EMW 079190 기타유동부채 160,073,157 208,086,809
EMW 079190 당기법인세부채 0 0
EMW 079190 유동리스부채 0 0
EMW 079190 비유동부채 13,820,372,864 20,005,707,174
EMW 079190 사채 0 0
EMW 079190 장기차입금 0 0
EMW 079190 기타비유동금융부채 0 0
EMW 079190 이연법인세부채 0 0
EMW 079190 비유동리스부채 0 0
EMW 079190 부채총계 51,955,605,792 53,100,532,886
EMW 079190 자본금 15,136,672,500 13,935,074,500
EMW 079190 자본잉여금 32,141,112,947 27,546,935,162
EMW 079190 자본조정 0 0
EMW 079190 기타포괄손익누계액 0 0
EMW 079190 이익잉여금(결손금) -1,427,998,768 -3,077,913,227
EMW 079190 자본총계 51,714,657,975 44,659,875,076
EMW 079190 자본과부채총계 103,670,263,767 97,760,407,962
date : 2017-12-31
EMW 079190 유동자산 46,711,036,159 44,549,689,332
EMW 079190 현금및현금성자산 5,247,261,704 5,382,023,964
EMW 079190 매출채권 19,217,261,712 14,497,453,221
EMW 079190 재고자산 11,495,233,785 11,679,544,940
EMW 079190 기타유동금융자산 0 0
EMW 079190 기타유동자산 986,443,984 367,846,904
EMW 079190 매각예정비유동자산 0 0
EMW 079190 비유동자산 60,420,201,631 53,210,718,630
EMW 079190 장기금융상품 0 0
EMW 079190 기타포괄손익-공정가치 0 0
EMW 079190 당기손익인식공정가치측정금융자산 0 0
EMW 079190 종속회사투자 0 0
EMW 079190 관계회사투자 0 0
EMW 079190 렌탈자산 0 0
EMW 079190 유형자산 45,724,558,211 43,942,906,100
EMW 079190 무형자산 4,220,118,181 3,585,722,624
EMW 079190 기타비유동금융자산 1,340,456,700 1,039,330,700
EMW 079190 기타비유동자산 0 0
EMW 079190 사용권자산 0 0
EMW 079190 이연법인세자산 1,904,159,245 2,908,043,472
EMW 079190 자산총계 107,131,237,790 97,760,407,962
EMW 079190 유동부채 37,660,175,622 33,094,825,712
EMW 079190 단기매입채무 0 0
EMW 079190 단기차입금 0 0
EMW 079190 유동성장기차입금 0 0
EMW 079190 유동성사채 0 0
EMW 079190 기타유동금융부채 0 0
EMW 079190 기타유동부채 142,288,658 208,086,809
EMW 079190 당기법인세부채 0 0
EMW 079190 유동리스부채 0 0
EMW 079190 비유동부채 13,110,293,642 20,005,707,174
EMW 079190 사채 0 0
EMW 079190 장기차입금 0 0
EMW 079190 기타비유동금융부채 0 0
EMW 079190 이연법인세부채 0 0
EMW 079190 비유동리스부채 0 0
EMW 079190 부채총계 50,770,469,264 53,100,532,886
EMW 079190 자본금 15,136,672,500 13,935,074,500
EMW 079190 자본잉여금 32,175,290,199 27,546,935,162
EMW 079190 자본조정 0 0
EMW 079190 기타포괄손익누계액 0 0
EMW 079190 이익잉여금(결손금) 0 0
EMW 079190 자본총계 0 0
EMW 079190 자본과부채총계 107,131,237,790 97,760,407,962
date : 2018-03-31
EMW 079190 유동자산 43,394,461,451 46,711,036,159
EMW 079190 현금및현금성자산 2,513,574,310 5,247,261,704
EMW 079190 매출채권 20,821,417,418 19,217,261,712
EMW 079190 재고자산 11,991,078,317 11,495,233,785
EMW 079190 기타유동금융자산 0 0
EMW 079190 기타유동자산 1,025,787,806 986,443,984
EMW 079190 매각예정비유동자산 0 0
EMW 079190 비유동자산 61,273,275,177 60,420,201,631
EMW 079190 장기금융상품 0 0
EMW 079190 기타포괄손익-공정가치 0 0
EMW 079190 당기손익인식공정가치측정금융자산 0 0
EMW 079190 종속회사투자 0 0
EMW 079190 관계회사투자 0 0
EMW 079190 렌탈자산 0 0
EMW 079190 유형자산 45,068,114,179 45,724,558,211
EMW 079190 무형자산 4,361,740,859 4,220,118,181
EMW 079190 기타비유동금융자산 1,408,264,700 1,340,456,700
EMW 079190 기타비유동자산 0 0
EMW 079190 사용권자산 0 0
EMW 079190 이연법인세자산 1,904,159,245 1,904,159,245
EMW 079190 자산총계 104,667,736,628 107,131,237,790
EMW 079190 유동부채 33,177,114,651 37,660,175,622
EMW 079190 단기매입채무 0 0
EMW 079190 단기차입금 0 0
EMW 079190 유동성장기차입금 0 0
EMW 079190 유동성사채 0 0
EMW 079190 기타유동금융부채 0 0
EMW 079190 기타유동부채 150,807,721 142,288,658
EMW 079190 당기법인세부채 0 0
EMW 079190 유동리스부채 0 0
EMW 079190 비유동부채 12,569,621,058 13,110,293,642
EMW 079190 사채 0 0
EMW 079190 장기차입금 0 0
EMW 079190 기타비유동금융부채 0 0
EMW 079190 이연법인세부채 0 0
EMW 079190 비유동리스부채 0 0
EMW 079190 부채총계 45,746,735,709 50,770,469,264
EMW 079190 자본금 15,892,098,500 15,136,672,500
EMW 079190 자본잉여금 35,329,054,147 32,175,290,199
EMW 079190 자본조정 0 0
EMW 079190 기타포괄손익누계액 0 0
EMW 079190 이익잉여금(결손금) -3,774,862,834 -2,425,905,279
EMW 079190 자본총계 58,921,000,919 56,360,768,526
EMW 079190 자본과부채총계 104,667,736,628 107,131,237,790
date : 2018-06-30
EMW 079190 유동자산 31,931,982,859 46,711,036,159
EMW 079190 현금및현금성자산 3,197,562,423 5,247,261,704
EMW 079190 매출채권 20,384,074,358 19,217,261,712
EMW 079190 재고자산 2,540,114,750 11,495,233,785
EMW 079190 기타유동금융자산 0 0
EMW 079190 기타유동자산 1,228,823,339 986,443,984
EMW 079190 매각예정비유동자산 0 0
EMW 079190 비유동자산 56,500,409,229 60,420,201,631
EMW 079190 장기금융상품 0 0
EMW 079190 기타포괄손익-공정가치 0 0
EMW 079190 당기손익인식공정가치측정금융자산 0 0
EMW 079190 종속회사투자 0 0
EMW 079190 관계회사투자 0 0
EMW 079190 렌탈자산 0 0
EMW 079190 유형자산 44,402,857,687 45,724,558,211
EMW 079190 무형자산 2,193,123,262 4,220,118,181
EMW 079190 기타비유동금융자산 0 0
EMW 079190 기타비유동자산 0 0
EMW 079190 사용권자산 0 0
EMW 079190 이연법인세자산 1,904,159,245 4,220,118,181
EMW 079190 자산총계 88,432,392,088 107,131,237,790
EMW 079190 유동부채 32,680,225,848 37,660,175,622
EMW 079190 단기매입채무 0 0
EMW 079190 단기차입금 0 0
EMW 079190 유동성장기차입금 0 0
EMW 079190 유동성사채 0 0
EMW 079190 기타유동금융부채 0 0
EMW 079190 기타유동부채 325,381,005 142,288,658
EMW 079190 당기법인세부채 0 0
EMW 079190 유동리스부채 0 0
EMW 079190 비유동부채 15,334,408,280 13,110,293,642
EMW 079190 사채 0 0
EMW 079190 장기차입금 0 0
EMW 079190 기타비유동금융부채 0 0
EMW 079190 이연법인세부채 3,195,112,119 13,110,293,642
EMW 079190 비유동리스부채 0 0
EMW 079190 부채총계 48,014,634,128 50,770,469,264
EMW 079190 자본금 15,892,098,500 15,136,672,500
EMW 079190 자본잉여금 35,605,806,002 32,175,290,199
EMW 079190 자본조정 0 0
EMW 079190 기타포괄손익누계액 0 0
EMW 079190 이익잉여금(결손금) -22,278,105,793 -2,425,905,279
EMW 079190 자본총계 40,417,757,960 56,360,768,526
EMW 079190 자본과부채총계 88,432,392,088 107,131,237,790
date : 2018-09-30
EMW 079190 유동자산 37,909,662,547 46,711,036,159
EMW 079190 현금및현금성자산 3,215,381,576 5,247,261,704
EMW 079190 매출채권 25,091,332,761 19,217,261,712
EMW 079190 재고자산 2,032,735,348 11,495,233,785
EMW 079190 기타유동금융자산 0 0
EMW 079190 기타유동자산 0 0
EMW 079190 매각예정비유동자산 0 0
EMW 079190 비유동자산 55,773,596,769 60,420,201,631
EMW 079190 장기금융상품 0 0
EMW 079190 기타포괄손익-공정가치 0 0
EMW 079190 당기손익인식공정가치측정금융자산 0 0
EMW 079190 종속회사투자 0 0
EMW 079190 관계회사투자 0 0
EMW 079190 렌탈자산 0 0
EMW 079190 유형자산 44,101,907,960 45,724,558,211
EMW 079190 무형자산 2,234,683,750 4,220,118,181
EMW 079190 기타비유동금융자산 0 0
EMW 079190 기타비유동자산 0 0
EMW 079190 사용권자산 0 0
EMW 079190 이연법인세자산 1,904,159,245 4,220,118,181
EMW 079190 자산총계 93,683,259,316 107,131,237,790
EMW 079190 유동부채 36,487,229,496 37,660,175,622
EMW 079190 단기매입채무 0 0
EMW 079190 단기차입금 0 0
EMW 079190 유동성장기차입금 0 0
EMW 079190 유동성사채 0 0
EMW 079190 기타유동금융부채 0 0
EMW 079190 기타유동부채 0 0
EMW 079190 당기법인세부채 0 0
EMW 079190 유동리스부채 0 0
EMW 079190 비유동부채 15,654,855,839 13,110,293,642
EMW 079190 사채 0 0
EMW 079190 장기차입금 0 0
EMW 079190 기타비유동금융부채 0 0
EMW 079190 이연법인세부채 3,195,112,119 13,110,293,642
EMW 079190 비유동리스부채 0 0
EMW 079190 부채총계 52,142,085,335 50,770,469,264
EMW 079190 자본금 15,892,098,500 15,136,672,500
EMW 079190 자본잉여금 35,605,806,002 32,175,290,199
EMW 079190 자본조정 0 0
EMW 079190 기타포괄손익누계액 -24,940,043 32,175,290,199
EMW 079190 이익잉여금(결손금) -21,129,749,729 -2,425,905,279
EMW 079190 자본총계 41,541,173,981 56,360,768,526
EMW 079190 자본과부채총계 93,683,259,316 107,131,237,790
date : 2018-12-31
EMW 079190 유동자산 45,810,402,630 40,881,110,193
EMW 079190 현금및현금성자산 6,368,994,468 5,247,261,704
EMW 079190 매출채권 19,825,067,669 19,217,261,712
EMW 079190 재고자산 539,730,318 5,316,861,164
EMW 079190 기타유동금융자산 0 0
EMW 079190 기타유동자산 362,745,757 983,510,164
EMW 079190 매각예정비유동자산 0 0
EMW 079190 비유동자산 31,053,060,931 59,036,253,735
EMW 079190 장기금융상품 0 0
EMW 079190 기타포괄손익-공정가치 금융자산 312,437,108
EMW 079190 당기손익인식공정가치측정금융자산 0 0
EMW 079190 종속회사투자 0 0
EMW 079190 관계회사투자 0 0
EMW 079190 렌탈자산 0 0
EMW 079190 유형자산 25,142,240,184 45,971,967,458
EMW 079190 무형자산 2,363,265,466 2,825,761,038
EMW 079190 기타비유동금융자산 922,559,430 1,103,456,700
EMW 079190 기타비유동자산 121,139,728 2,908,043,472
EMW 079190 사용권자산 0 0
EMW 079190 이연법인세자산 1,904,159,245 2,908,043,472
EMW 079190 자산총계 76,863,463,561 99,917,363,928
EMW 079190 유동부채 33,184,845,803 38,466,832,848
EMW 079190 단기매입채무 0 0
EMW 079190 단기차입금 0 0
EMW 079190 유동성장기차입금 0 0
EMW 079190 유동성사채 0 0
EMW 079190 기타유동금융부채 0 0
EMW 079190 기타유동부채 1,230,227,099 524,669,133
EMW 079190 당기법인세부채 0 0
EMW 079190 유동리스부채 0 0
EMW 079190 비유동부채 10,846,136,495 12,950,293,642
EMW 079190 사채 0 0
EMW 079190 장기차입금 0 0
EMW 079190 기타비유동금융부채 0 0
EMW 079190 이연법인세부채 3,195,112,119 12,950,293,642
EMW 079190 비유동리스부채 0 0
EMW 079190 부채총계 44,030,982,298 51,417,126,490
EMW 079190 자본금 15,892,098,500 15,136,672,500
EMW 079190 자본잉여금 34,981,733,069 31,687,071,458
EMW 079190 자본조정 0 0
EMW 079190 기타포괄손익누계액 0 0
EMW 079190 이익잉여금(결손금) -28,920,102,647 -9,431,418,417
EMW 079190 자본총계 32,832,481,263 48,500,237,438
EMW 079190 자본과부채총계 76,863,463,561 99,917,363,928
date : 2019-03-31
EMW 079190 유동자산 47,600,000,745 45,810,402,630
EMW 079190 현금및현금성자산 9,957,623,512 6,368,994,468
EMW 079190 매출채권 18,512,705,165 19,825,067,669
EMW 079190 재고자산 522,609,209 539,730,318
EMW 079190 기타유동금융자산 0 0
EMW 079190 기타유동자산 612,536,427 362,745,757
EMW 079190 매각예정비유동자산 0 0
EMW 079190 비유동자산 30,697,750,589 31,053,060,931
EMW 079190 장기금융상품 0 0
EMW 079190 기타포괄손익-공정가치 금융자산 312,437,108
EMW 079190 당기손익인식공정가치측정금융자산 0 0
EMW 079190 종속회사투자 0 0
EMW 079190 관계회사투자 0 0
EMW 079190 렌탈자산 0 0
EMW 079190 유형자산 25,099,750,625 25,142,240,184
EMW 079190 무형자산 2,053,570,501 2,363,265,466
EMW 079190 기타비유동금융자산 881,451,897 922,559,430
EMW 079190 기타비유동자산 121,139,728 121,139,728
EMW 079190 사용권자산 0 0
EMW 079190 이연법인세자산 0 0
EMW 079190 자산총계 78,297,751,334 76,863,463,561
EMW 079190 유동부채 32,023,178,500 33,184,845,803
EMW 079190 단기매입채무 0 0
EMW 079190 단기차입금 0 0
EMW 079190 유동성장기차입금 0 0
EMW 079190 유동성사채 0 0
EMW 079190 기타유동금융부채 0 0
EMW 079190 기타유동부채 1,958,136,324 1,230,227,099
EMW 079190 당기법인세부채 0 0
EMW 079190 유동리스부채 0 0
EMW 079190 비유동부채 11,073,953,735 10,846,136,495
EMW 079190 사채 0 0
EMW 079190 장기차입금 0 0
EMW 079190 기타비유동금융부채 0 0
EMW 079190 이연법인세부채 3,195,112,119 3,195,112,119
EMW 079190 비유동리스부채 0 0
EMW 079190 부채총계 43,097,132,235 44,030,982,298
EMW 079190 자본금 15,892,098,500 15,892,098,500
EMW 079190 자본잉여금 34,981,733,069 34,981,733,069
EMW 079190 자본조정 0 0
EMW 079190 기타포괄손익누계액 0 0
EMW 079190 이익잉여금(결손금) -26,551,964,811 -28,920,102,647
EMW 079190 자본총계 35,200,619,099 32,832,481,263
EMW 079190 자본과부채총계 78,297,751,334 76,863,463,561
