date : 2019-03-31
CJ 079160 유동자산 229,103,052,522 215,885,458,699
CJ 079160 현금및현금성자산 124,982,769,864 103,590,749,384
CJ 079160 매출채권 및 기타유동채권
CJ 079160 재고자산 4,317,489,081 4,727,351,818
CJ 079160 기타유동금융자산 12,936,288,492 12,830,742,861
CJ 079160 기타유동자산 12,888,133,915 16,845,081,101
CJ 079160 비유동자산 2,190,274,404,445 1,136,228,246,091
CJ 079160 유형자산 1,399,550,155,762 317,610,726,126
CJ 079160 이연법인세자산 58,867,613,052 59,058,410,003
CJ 079160 기타비유동금융자산 39,859,351,491 31,806,878,301
CJ 079160 기타비유동자산 13,979,507,256 68,379,553,705
CJ 079160 자산총계 2,419,377,456,967 1,352,113,704,790
CJ 079160 유동부채 508,684,019,822 425,746,385,643
CJ 079160 단기매입채무 91,746,031,464 68,957,415,666
CJ 079160 단기차입금 40,000,000,000 40,000,000,000
CJ 079160 유동성사채 49,981,235,685 49,973,871,531
CJ 079160 유동성장기차입금 71,371,740,887 78,160,161,722
CJ 079160 기타유동금융부채 65,696,239,267 4,715,798,175
CJ 079160 기타유동부채 96,367,781,440 84,129,213,723
CJ 079160 비유동부채 1,575,881,468,583 584,820,291,977
CJ 079160 사채 139,813,710,475 139,794,120,143
CJ 079160 장기차입금 154,144,250,742 155,456,923,438
CJ 079160 기타비유동금융부채 1,233,666,003,401 242,396,022,953
CJ 079160 부채총계 2,084,565,488,405 1,010,566,677,620
CJ 079160 자본금 10,580,656,500 10,580,656,500
CJ 079160 자본잉여금 89,157,245,168 89,157,245,168
CJ 079160 이익잉여금(결손금) 91,810,752,275 98,545,810,883
CJ 079160 자본총계 334,811,968,562 341,547,027,170
CJ 079160 자본과부채총계 2,419,377,456,967 1,352,113,704,790
