date : 2019-03-31
현대리바트 079430 유동자산 428,415,753,541 432,374,833,259
현대리바트 079430 현금및현금성자산 21,151,819,368 22,980,471,906
현대리바트 079430 매출채권 및 기타채권
현대리바트 079430 재고자산 133,087,625,723 136,130,589,942
현대리바트 079430 기타유동자산 8,355,643,071 9,211,618,502
현대리바트 079430 비유동자산 265,399,954,100 237,874,945,799
현대리바트 079430 유형자산 206,721,044,811 177,310,103,588
현대리바트 079430 무형자산 31,725,863,401 31,983,367,247
현대리바트 079430 기타비유동자산 50,419,955 707,960,106
현대리바트 079430 자산총계 693,815,707,641 670,249,779,058
현대리바트 079430 유동부채 206,646,273,257 204,602,046,531
현대리바트 079430 기타유동부채 2,614,720,419 1,734,141,085
현대리바트 079430 비유동부채 38,507,103,612 18,586,879,830
현대리바트 079430 이연법인세부채 10,462,438,289 11,685,524,623
현대리바트 079430 부채총계 245,153,376,869 223,188,926,361
현대리바트 079430 자본금 20,535,282,000 20,535,282,000
현대리바트 079430 자본잉여금 102,586,868,929 102,586,868,929
현대리바트 079430 자본조정 -3,428,118,992 -3,428,118,992
현대리바트 079430 기타포괄손익누계액 70,914,690 62,451,620
현대리바트 079430 이익잉여금(결손금) 328,897,384,145 327,304,369,140
현대리바트 079430 자본과부채총계 693,815,707,641 670,249,779,058
