date : 2019-03-31
제주반도체 080220 유동자산 131,321,819,926 118,252,556,297
제주반도체 080220 현금및현금성자산 14,711,755,760 2,986,067,973
제주반도체 080220 매출채권 및 기타유동채권
제주반도체 080220 재고자산 84,073,331,088 81,141,337,051
제주반도체 080220 기타유동자산 1,976,136,408 2,564,738,819
제주반도체 080220 비유동자산 37,437,065,251 39,031,506,010
제주반도체 080220 기타비유동자산 2,500,000,000 2,500,000,000
제주반도체 080220 유형자산 3,486,337,130 3,360,958,588
제주반도체 080220 무형자산 744,007,475 743,823,674
제주반도체 080220 이연법인세자산 3,933,575,938 3,823,801,106
제주반도체 080220 자산총계 168,758,885,177 157,284,062,307
제주반도체 080220 유동부채 58,186,154,446 64,986,734,884
제주반도체 080220 단기차입금 33,100,000,000 32,100,000,000
제주반도체 080220 기타유동부채 3,272,736,149 3,855,028,682
제주반도체 080220 비유동부채 26,240,314,674 9,434,533,017
제주반도체 080220 장기차입금 600,000,000 600,000,000
제주반도체 080220 부채총계 84,426,469,120 74,421,267,901
제주반도체 080220 자본금 14,430,269,000 14,430,269,000
제주반도체 080220 자본잉여금 51,830,371,567 51,830,371,567
제주반도체 080220 기타포괄손익누계액 0 0
제주반도체 080220 이익잉여금(결손금) 23,258,982,554 21,789,360,903
제주반도체 080220 자본총계 84,332,416,057 82,862,794,406
제주반도체 080220 자본과부채총계 168,758,885,177 157,284,062,307
