date : 2019-03-31
코디 080530 유동자산 7,155,599,154 8,674,251,934
코디 080530 현금및현금성자산 396,841,660 2,497,682,719
코디 080530 재고자산 1,847,579,600 1,422,870,765
코디 080530 기타유동자산 96,659,225 80,454,202
코디 080530 비유동자산 67,142,296,351 67,420,375,349
코디 080530 장기금융상품 18,441,347 18,063,653
코디 080530 기타포괄손익-공정가치 측정 금융자산
코디 080530 유형자산 29,469,154,392 38,355,397,346
코디 080530 무형자산 1,293,582,220 1,295,363,296
코디 080530 자산총계 74,297,895,505 76,094,627,283
코디 080530 유동부채 21,755,275,359 22,986,259,068
코디 080530 단기차입금 6,000,000,000 6,000,000,000
코디 080530 기타유동부채 101,923,266 200,424,827
코디 080530 유동성장기차입금 2,298,611,110 3,327,737,776
코디 080530 비유동부채 22,393,001,912 22,336,214,677
코디 080530 장기차입금 2,700,000,000 2,874,970,000
코디 080530 기타비유동금융부채 0 0
코디 080530 이연법인세부채 4,645,338,722 4,849,461,769
코디 080530 부채총계 44,148,277,271 45,322,473,745
코디 080530 자본금 5,931,065,000 5,931,065,000
코디 080530 이익잉여금(결손금) -33,462,515,286 -37,043,910,067
코디 080530 자본총계 30,149,618,234 30,772,153,538
코디 080530 자본과부채총계 74,297,895,505 76,094,627,283
