date : 2019-03-31
일진다이아 081000 유동자산 73,443,680,644 74,835,504,061
일진다이아 081000 현금및현금성자산 12,629,613,179 12,665,639,169
일진다이아 081000 매출채권 21,062,299,297 21,731,330,829
일진다이아 081000 재고자산 22,690,344,379 24,199,588,072
일진다이아 081000 기타유동자산 1,990,119,258 1,746,348,683
일진다이아 081000 비유동자산 62,197,102,223 62,053,271,687
일진다이아 081000 이연법인세자산 2,682,264,200 2,703,175,051
일진다이아 081000 유형자산 36,497,967,236 36,579,477,900
일진다이아 081000 무형자산 262,381,800 262,448,515
일진다이아 081000 사용권자산 336,363,568 0
일진다이아 081000 자산총계 135,640,782,867 136,888,775,748
일진다이아 081000 유동부채 23,059,635,211 23,800,799,366
일진다이아 081000 단기차입금 5,000,000,000 8,500,000,000
일진다이아 081000 당기법인세부채 869,377,145 1,615,081,883
일진다이아 081000 기타유동부채 563,282,454 661,412,612
일진다이아 081000 비유동부채 10,546,936,920 10,712,417,101
일진다이아 081000 부채총계 33,606,572,131 34,513,216,467
일진다이아 081000 자본금 11,277,975,000 11,277,975,000
일진다이아 081000 기타포괄손익누계액 -390,000,000 -390,000,000
일진다이아 081000 자본총계 102,034,210,736 102,375,559,281
일진다이아 081000 자본과부채총계 135,640,782,867 136,888,775,748
