date : 2019-03-31
비츠로셀 082920 유동자산 54,239,861,859 52,400,031,299
비츠로셀 082920 현금및현금성자산 3,805,801,600 3,362,632,224
비츠로셀 082920 매출채권 및 기타유동채권
비츠로셀 082920 재고자산 25,253,631,336 23,823,614,647
비츠로셀 082920 기타유동자산 1,304,429,982 1,296,939,724
비츠로셀 082920 비유동자산 94,678,987,669 93,609,130,673
비츠로셀 082920 장기금융상품 3,000,000 3,000,000
비츠로셀 082920 유형자산 85,667,512,569 84,511,252,925
비츠로셀 082920 무형자산 3,699,568,028 3,884,533,372
비츠로셀 082920 비유동자산 0 0
비츠로셀 082920 이연법인세자산 2,601,183,236 2,499,638,398
비츠로셀 082920 자산총계 148,918,849,528 146,009,161,972
비츠로셀 082920 유동부채 20,346,894,532 21,794,905,300
비츠로셀 082920 단기차입금 620,493,020 389,861,785
비츠로셀 082920 당기법인세부채 3,092,700,557 2,114,237,700
비츠로셀 082920 기타유동부채 4,788,791,706 4,518,632,718
비츠로셀 082920 비유동부채 3,015,229,883 3,029,509,029
비츠로셀 082920 장기차입금 500,000,000 625,000,000
비츠로셀 082920 부채총계 23,362,124,415 24,824,414,329
비츠로셀 082920 자본금 10,769,576,000 9,795,215,500
비츠로셀 082920 자본잉여금 1,849,400,400 1,849,400,400
비츠로셀 082920 이익잉여금(결손금) 99,183,786,176 95,670,254,686
비츠로셀 082920 자본총계 125,556,725,113 121,184,747,643
비츠로셀 082920 자본과부채총계 148,918,849,528 146,009,161,972
