date : 2019-03-31
동북아12호선박투자 083370 유동자산 161,687,559 178,426,721
동북아12호선박투자 083370 현금및현금성자산 145,325,522 161,656,672
동북아12호선박투자 083370 매출채권 및 기타유동채권
동북아12호선박투자 083370 비유동자산 7,928,310,332 7,928,310,332
동북아12호선박투자 083370 기타비유동금융자산 10,332 10,332
동북아12호선박투자 083370 자산총계 8,089,997,891 8,106,737,053
동북아12호선박투자 083370 유동부채 158,387,917 175,127,079
동북아12호선박투자 083370 비유동부채 0 0
동북아12호선박투자 083370 부채총계 158,387,917 175,127,079
동북아12호선박투자 083370 자본금 7,928,300,000 7,928,300,000
동북아12호선박투자 083370 자본잉여금 18,120,939 18,120,939
동북아12호선박투자 083370 이익잉여금(결손금) -14,810,965 -14,810,965
동북아12호선박투자 083370 자본총계 7,931,609,974 7,931,609,974
동북아12호선박투자 083370 자본과부채총계 8,089,997,891 8,106,737,053
