date : 2019-03-31
아바코 083930 유동자산 195,309,675,329 168,077,765,028
아바코 083930 현금및현금성자산 34,049,559,147 8,959,854,474
아바코 083930 매출채권 및 기타유동채권
아바코 083930 재고자산 82,716,418,907 104,903,309,497
아바코 083930 기타유동자산 1,041,326,716 1,126,346,345
아바코 083930 비유동자산 42,811,146,570 42,984,056,543
아바코 083930 기타포괄손익-공정가치 측정 금융자산
아바코 083930 기타비유동금융자산 242,937,515 256,990,562
아바코 083930 유형자산 30,102,346,096 30,357,519,479
아바코 083930 무형자산 597,788,995 614,307,588
아바코 083930 이연법인세자산 5,265,529,756 5,192,294,706
아바코 083930 자산총계 238,120,821,899 211,061,821,571
아바코 083930 유동부채 111,481,643,559 90,871,898,694
아바코 083930 단기차입금 5,000,000,000 5,000,000,000
아바코 083930 당기법인세부채 8,820,031,762 6,119,717,631
아바코 083930 기타유동부채 7,532,153,867 2,979,006,055
아바코 083930 비유동부채 3,253,040,549 2,800,636,938
아바코 083930 부채총계 114,734,684,108 93,672,535,632
아바코 083930 자본금 7,998,252,500 7,998,252,500
아바코 083930 자본잉여금 46,159,401,867 46,157,641,579
아바코 083930 이익잉여금(결손금) 77,991,887,015 72,122,078,212
아바코 083930 자본총계 123,386,137,791 117,389,285,939
아바코 083930 자본과부채총계 238,120,821,899 211,061,821,571
