date : 2015-12-31
수성 084180 유동자산 15,838,663,592 16,280,026,862
수성 084180 현금및현금성자산 4,142,566,516 1,862,588,534
수성 084180 매출채권 0 0
수성 084180 재고자산 5,548,463,404 6,392,077,077
수성 084180 기타유동금융자산 0 0
수성 084180 기타유동자산 175,266,550 22,802,284
수성 084180 매각예정비유동자산 0 0
수성 084180 비유동자산 26,107,817,876 30,333,706,953
수성 084180 장기금융상품 3,000,000 3,000,000
수성 084180 기타포괄손익-공정가치 0 0
수성 084180 당기손익인식공정가치측정금융자산 0 0
수성 084180 종속회사투자 0 0
수성 084180 관계회사투자 0 0
수성 084180 렌탈자산 0 0
수성 084180 유형자산 24,360,359,274 24,512,882,568
수성 084180 무형자산 3,009,592 18,584,116
수성 084180 기타비유동금융자산 0 0
수성 084180 기타비유동자산 703,884,000 724,684,000
수성 084180 사용권자산 0 0
수성 084180 이연법인세자산 0 626,184,501
수성 084180 자산총계 41,946,481,468 46,613,733,815
수성 084180 유동부채 14,006,487,501 14,692,001,703
수성 084180 단기매입채무 0 0
수성 084180 단기차입금 7,500,000,000 10,685,255,758
수성 084180 유동성장기차입금 0 0
수성 084180 유동성사채 0 0
수성 084180 기타유동금융부채 0 0
수성 084180 기타유동부채 2,510,597,703 215,601,946
수성 084180 당기법인세부채 162,500,000 0
수성 084180 유동리스부채 0 0
수성 084180 비유동부채 1,527,074,850 6,434,341,954
수성 084180 사채 0 0
수성 084180 장기차입금 833,300,000 5,600,000,000
수성 084180 기타비유동금융부채 0 0
수성 084180 이연법인세부채 52,766,326 0
수성 084180 비유동리스부채 0 0
수성 084180 부채총계 15,533,562,351 21,126,343,657
수성 084180 자본금 0 4,100,000,000
수성 084180 자본잉여금 0 0
수성 084180 자본조정 0 0
수성 084180 기타포괄손익누계액 0 0
수성 084180 이익잉여금(결손금) 13,637,710,789 10,669,336,203
수성 084180 자본총계 26,412,919,117 25,487,390,158
수성 084180 자본과부채총계 41,946,481,468 46,613,733,815
date : 2016-03-31
수성 084180 유동자산 15,138,265,368 15,838,663,592
수성 084180 현금및현금성자산 1,421,918,079 4,142,566,516
수성 084180 매출채권 0 0
수성 084180 재고자산 7,162,078,398 5,548,463,404
수성 084180 기타유동금융자산 0 0
수성 084180 기타유동자산 275,568,184 175,266,550
수성 084180 매각예정비유동자산 0 0
수성 084180 비유동자산 25,266,894,133 26,107,817,876
수성 084180 장기금융상품 2,000,000 3,000,000
수성 084180 기타포괄손익-공정가치 0 0
수성 084180 당기손익인식공정가치측정금융자산 0 0
수성 084180 종속회사투자 0 0
수성 084180 관계회사투자 0 0
수성 084180 렌탈자산 0 0
수성 084180 유형자산 24,262,403,801 24,360,359,274
수성 084180 무형자산 2,506,711 3,009,592
수성 084180 기타비유동금융자산 0 0
수성 084180 기타비유동자산 703,884,000 703,884,000
수성 084180 사용권자산 0 0
수성 084180 이연법인세자산 0 0
수성 084180 자산총계 40,405,159,501 41,946,481,468
수성 084180 유동부채 12,498,800,201 14,006,487,501
수성 084180 단기매입채무 0 0
수성 084180 단기차입금 5,000,000,000 7,500,000,000
수성 084180 유동성장기차입금 2,300,000,000 2,300,000,000
수성 084180 유동성사채 0 0
수성 084180 기타유동금융부채 0 0
수성 084180 기타유동부채 871,295,504 373,097,703
수성 084180 당기법인세부채 159,164,136 7,500,000,000
수성 084180 유동리스부채 0 0
수성 084180 비유동부채 1,411,585,174 1,527,074,850
수성 084180 사채 0 0
수성 084180 장기차입금 666,640,000 833,300,000
수성 084180 기타비유동금융부채 0 0
수성 084180 이연법인세부채 52,766,326 52,766,326
수성 084180 비유동리스부채 0 0
수성 084180 부채총계 13,910,385,375 15,533,562,351
수성 084180 자본금 4,100,000,000 4,100,000,000
수성 084180 자본잉여금 0 0
수성 084180 자본조정 0 0
수성 084180 기타포괄손익누계액 0 0
수성 084180 이익잉여금(결손금) 23,447,388,531 23,365,533,522
수성 084180 자본총계 26,494,774,126 26,412,919,117
수성 084180 자본과부채총계 40,405,159,501 41,946,481,468
date : 2016-06-30
수성 084180 유동자산 15,435,241,711 15,838,663,592
수성 084180 현금및현금성자산 1,205,179,486 4,142,566,516
수성 084180 매출채권 및 기타유동채권
수성 084180 재고자산 6,133,647,497 5,548,463,404
수성 084180 기타유동금융자산 0 0
수성 084180 기타유동자산 0 0
수성 084180 매각예정비유동자산 0 0
수성 084180 비유동자산 25,243,085,209 26,107,817,876
수성 084180 장기금융상품 2,000,000 3,000,000
수성 084180 기타포괄손익-공정가치 0 0
수성 084180 당기손익인식공정가치측정금융자산 0 0
수성 084180 종속회사투자 0 0
수성 084180 관계회사투자 0 0
수성 084180 렌탈자산 0 0
수성 084180 유형자산 24,263,161,007 24,360,359,274
수성 084180 무형자산 2,003,830 3,009,592
수성 084180 기타비유동금융자산 0 0
수성 084180 기타비유동자산 0 0
수성 084180 사용권자산 0 0
수성 084180 이연법인세자산 0 0
수성 084180 자산총계 40,678,326,920 41,946,481,468
수성 084180 유동부채 11,196,865,410 14,006,487,501
수성 084180 단기매입채무 0 0
수성 084180 단기차입금 5,600,000,000 7,500,000,000
수성 084180 유동성장기차입금 0 0
수성 084180 유동성사채 0 0
수성 084180 기타유동금융부채 0 0
수성 084180 기타유동부채 0 0
수성 084180 당기법인세부채 0 0
수성 084180 유동리스부채 0 0
수성 084180 비유동부채 1,966,855,768 1,527,074,850
수성 084180 사채 0 0
수성 084180 장기차입금 666,640,000 833,300,000
수성 084180 기타비유동금융부채 0 0
수성 084180 이연법인세부채 467,308,325 52,766,326
수성 084180 비유동리스부채 0 0
수성 084180 부채총계 13,163,721,178 15,533,562,351
수성 084180 자본금 4,100,000,000 4,100,000,000
수성 084180 자본잉여금 0 0
수성 084180 자본조정 0 0
수성 084180 기타포괄손익누계액 0 0
수성 084180 이익잉여금(결손금) 24,466,885,398 23,365,533,522
수성 084180 자본총계 27,514,605,742 26,412,919,117
수성 084180 자본과부채총계 40,678,326,920 41,946,481,468
date : 2016-09-30
수성 084180 유동자산 14,490,093,279 15,838,663,592
수성 084180 현금및현금성자산 2,120,752,891 4,142,566,516
수성 084180 매출채권 및 기타유동채권
수성 084180 재고자산 5,289,576,314 5,548,463,404
수성 084180 기타유동금융자산 0 0
수성 084180 기타유동자산 0 0
수성 084180 매각예정비유동자산 0 0
수성 084180 비유동자산 25,143,895,418 26,107,817,876
수성 084180 장기금융상품 2,000,000 3,000,000
수성 084180 기타포괄손익-공정가치 0 0
수성 084180 당기손익인식공정가치측정금융자산 0 0
수성 084180 종속회사투자 0 0
수성 084180 관계회사투자 0 0
수성 084180 렌탈자산 0 0
수성 084180 유형자산 24,191,455,011 24,360,359,274
수성 084180 무형자산 1,796,449 3,009,592
수성 084180 기타비유동금융자산 0 0
수성 084180 기타비유동자산 0 0
수성 084180 사용권자산 0 0
수성 084180 이연법인세자산 0 0
수성 084180 자산총계 39,633,988,697 41,946,481,468
수성 084180 유동부채 9,970,816,308 14,006,487,501
수성 084180 단기매입채무 0 0
수성 084180 단기차입금 5,600,000,000 7,500,000,000
수성 084180 유동성장기차입금 0 0
수성 084180 유동성사채 0 0
수성 084180 기타유동금융부채 0 0
수성 084180 기타유동부채 0 0
수성 084180 당기법인세부채 0 0
수성 084180 유동리스부채 0 0
수성 084180 비유동부채 1,863,216,359 1,527,074,850
수성 084180 사채 0 0
수성 084180 장기차입금 499,980,000 833,300,000
수성 084180 기타비유동금융부채 0 0
수성 084180 이연법인세부채 467,308,325 52,766,326
수성 084180 비유동리스부채 0 0
수성 084180 부채총계 11,834,032,667 15,533,562,351
수성 084180 자본금 4,100,000,000 4,100,000,000
수성 084180 자본잉여금 0 0
수성 084180 자본조정 0 0
수성 084180 기타포괄손익누계액 0 0
수성 084180 이익잉여금(결손금) 24,752,235,686 23,365,533,522
수성 084180 자본총계 27,799,956,030 26,412,919,117
수성 084180 자본과부채총계 39,633,988,697 41,946,481,468
date : 2016-12-31
수성 084180 유동자산 15,125,897,366 15,838,663,592
수성 084180 현금및현금성자산 4,906,960,299 4,142,566,516
수성 084180 매출채권 0 0
수성 084180 재고자산 4,107,814,576 5,548,463,404
수성 084180 기타유동금융자산 0 0
수성 084180 기타유동자산 98,852,272 175,266,550
수성 084180 매각예정비유동자산 0 0
수성 084180 비유동자산 25,069,496,740 26,107,817,876
수성 084180 장기금융상품 2,000,000 3,000,000
수성 084180 기타포괄손익-공정가치 0 0
수성 084180 당기손익인식공정가치측정금융자산 0 0
수성 084180 종속회사투자 0 0
수성 084180 관계회사투자 0 0
수성 084180 렌탈자산 0 0
수성 084180 유형자산 24,118,136,818 24,360,359,274
수성 084180 무형자산 1,636,873 3,009,592
수성 084180 기타비유동금융자산 0 0
수성 084180 기타비유동자산 654,100,000 703,884,000
수성 084180 사용권자산 0 0
수성 084180 이연법인세자산 0 0
수성 084180 자산총계 40,195,394,106 41,946,481,468
수성 084180 유동부채 10,616,891,400 14,006,487,501
수성 084180 단기매입채무 0 0
수성 084180 단기차입금 5,600,000,000 7,500,000,000
수성 084180 유동성장기차입금 333,320,000 0
수성 084180 유동성사채 0 0
수성 084180 기타유동금융부채 0 0
수성 084180 기타유동부채 725,670,120 2,510,597,703
수성 084180 당기법인세부채 0 0
수성 084180 유동리스부채 0 0
수성 084180 비유동부채 1,340,118,240 1,527,074,850
수성 084180 사채 0 0
수성 084180 장기차입금 166,660,000 833,300,000
수성 084180 기타비유동금융부채 0 0
수성 084180 이연법인세부채 617,845,095 52,766,326
수성 084180 비유동리스부채 0 0
수성 084180 부채총계 11,957,009,640 15,533,562,351
수성 084180 자본금 0 4,100,000,000
수성 084180 자본잉여금 0 0
수성 084180 자본조정 0 0
수성 084180 기타포괄손익누계액 0 0
수성 084180 이익잉여금(결손금) 25,190,608,348 23,365,533,522
수성 084180 자본총계 28,238,384,466 26,412,919,117
수성 084180 자본과부채총계 40,195,394,106 41,946,481,468
date : 2017-03-31
수성 084180 유동자산 19,904,704,109 15,125,897,366
수성 084180 현금및현금성자산 8,344,437,167 4,906,960,299
수성 084180 매출채권 0 0
수성 084180 재고자산 5,325,286,492 4,107,814,576
수성 084180 기타유동금융자산 0 0
수성 084180 기타유동자산 408,221,225 98,852,272
수성 084180 매각예정비유동자산 0 0
수성 084180 비유동자산 24,461,595,238 25,069,496,740
수성 084180 장기금융상품 0 2,000,000
수성 084180 기타포괄손익-공정가치 0 0
수성 084180 당기손익인식공정가치측정금융자산 0 0
수성 084180 종속회사투자 0 0
수성 084180 관계회사투자 0 0
수성 084180 렌탈자산 0 0
수성 084180 유형자산 24,140,101,173 24,118,136,818
수성 084180 무형자산 1,515,430 1,636,873
수성 084180 기타비유동금융자산 0 0
수성 084180 기타비유동자산 27,348,000 654,100,000
수성 084180 사용권자산 0 0
수성 084180 이연법인세자산 0 0
수성 084180 자산총계 44,366,299,347 40,195,394,106
수성 084180 유동부채 10,551,289,882 10,616,891,400
수성 084180 단기매입채무 0 0
수성 084180 단기차입금 5,600,000,000 5,600,000,000
수성 084180 유동성장기차입금 166,660,000 333,320,000
수성 084180 유동성사채 0 0
수성 084180 기타유동금융부채 0 0
수성 084180 기타유동부채 815,791,665 725,670,120
수성 084180 당기법인세부채 0 0
수성 084180 유동리스부채 0 0
수성 084180 비유동부채 1,392,935,136 1,340,118,240
수성 084180 사채 0 0
수성 084180 장기차입금 166,660,000 166,660,000
수성 084180 기타비유동금융부채 0 0
수성 084180 이연법인세부채 617,845,095 617,845,095
수성 084180 비유동리스부채 0 0
수성 084180 부채총계 11,944,225,018 11,957,009,640
수성 084180 자본금 0 4,100,000,000
수성 084180 자본잉여금 0 0
수성 084180 자본조정 0 0
수성 084180 기타포괄손익누계액 0 0
수성 084180 이익잉여금(결손금) 25,156,298,211 25,190,608,348
수성 084180 자본총계 32,422,074,329 28,238,384,466
수성 084180 자본과부채총계 44,366,299,347 40,195,394,106
date : 2017-06-30
수성 084180 유동자산 25,904,529,010 15,125,897,366
수성 084180 현금및현금성자산 0 0
수성 084180 매출채권 0 0
수성 084180 재고자산 5,530,016,906 4,107,814,576
수성 084180 기타유동금융자산 0 0
수성 084180 기타유동자산 0 0
수성 084180 매각예정비유동자산 0 0
수성 084180 비유동자산 40,669,891,203 25,069,496,740
수성 084180 장기금융상품 0 0
수성 084180 기타포괄손익-공정가치 0 0
수성 084180 당기손익인식공정가치측정금융자산 0 0
수성 084180 종속회사투자 0 0
수성 084180 관계회사투자 0 0
수성 084180 렌탈자산 70,794,609 70,794,609
수성 084180 유형자산 24,379,638,921 24,319,788,822
수성 084180 무형자산 57,071,760 1,636,873
수성 084180 기타비유동금융자산 2,579,299,600 654,100,000
수성 084180 기타비유동자산 0 0
수성 084180 사용권자산 0 0
수성 084180 이연법인세자산 0 0
수성 084180 자산총계 66,574,420,213 40,195,394,106
수성 084180 유동부채 21,900,422,686 10,616,891,400
수성 084180 단기매입채무 0 0
수성 084180 단기차입금 2,500,000,000 5,600,000,000
수성 084180 유동성장기차입금 0 333,320,000
수성 084180 유동성사채 0 0
수성 084180 기타유동금융부채 0 0
수성 084180 기타유동부채 0 0
수성 084180 당기법인세부채 0 0
수성 084180 유동리스부채 0 0
수성 084180 비유동부채 14,826,616,135 1,340,118,240
수성 084180 사채 0 0
수성 084180 장기차입금 0 166,660,000
수성 084180 기타비유동금융부채 0 0
수성 084180 이연법인세부채 0 0
수성 084180 비유동리스부채 0 0
수성 084180 부채총계 36,727,038,821 11,957,009,640
수성 084180 자본금 4,100,000,000 4,100,000,000
수성 084180 자본잉여금 8,563,356,316 75,594,321
수성 084180 자본조정 0 -1,141,024,000
수성 084180 기타포괄손익누계액 -7,891,996,701 13,205,797
수성 084180 이익잉여금(결손금) 25,076,021,777 25,190,608,348
수성 084180 자본총계 29,847,381,392 28,238,384,466
수성 084180 자본과부채총계 66,574,420,213 40,195,394,106
date : 2017-09-30
수성 084180 유동자산 25,214,246,238 15,125,897,366
수성 084180 현금및현금성자산 0 0
수성 084180 매출채권 0 0
수성 084180 재고자산 4,427,351,030 4,107,814,576
수성 084180 기타유동금융자산 0 0
수성 084180 기타유동자산 0 0
수성 084180 매각예정비유동자산 0 0
수성 084180 비유동자산 42,247,426,249 25,069,496,740
수성 084180 장기금융상품 0 0
수성 084180 기타포괄손익-공정가치 0 0
수성 084180 당기손익인식공정가치측정금융자산 0 0
수성 084180 종속회사투자 0 0
수성 084180 관계회사투자 0 0
수성 084180 렌탈자산 70,794,609 70,794,609
수성 084180 유형자산 24,104,094,646 24,319,788,822
수성 084180 무형자산 60,669,908 1,636,873
수성 084180 기타비유동금융자산 0 0
수성 084180 기타비유동자산 2,579,299,600 654,100,000
수성 084180 사용권자산 0 0
수성 084180 이연법인세자산 0 0
수성 084180 자산총계 67,461,672,487 40,195,394,106
수성 084180 유동부채 23,699,882,570 10,616,891,400
수성 084180 단기매입채무 0 0
수성 084180 단기차입금 1,000,000,000 5,600,000,000
수성 084180 유동성장기차입금 0 333,320,000
수성 084180 유동성사채 0 0
수성 084180 기타유동금융부채 0 0
수성 084180 기타유동부채 0 0
수성 084180 당기법인세부채 0 0
수성 084180 유동리스부채 0 0
수성 084180 비유동부채 15,764,834,868 1,340,118,240
수성 084180 사채 0 0
수성 084180 장기차입금 0 166,660,000
수성 084180 기타비유동금융부채 0 0
수성 084180 이연법인세부채 0 0
수성 084180 비유동리스부채 0 0
수성 084180 부채총계 39,464,717,438 11,957,009,640
수성 084180 자본금 4,100,000,000 4,100,000,000
수성 084180 자본잉여금 8,563,356,316 75,594,321
수성 084180 자본조정 80,760,625 -1,141,024,000
수성 084180 기타포괄손익누계액 -7,891,996,701 13,205,797
수성 084180 이익잉여금(결손금) 23,144,834,809 25,190,608,348
수성 084180 자본총계 27,996,955,049 28,238,384,466
수성 084180 자본과부채총계 67,461,672,487 40,195,394,106
date : 2017-12-31
수성 084180 유동자산 37,323,073,878 15,125,897,366
수성 084180 현금및현금성자산 2,338,328,699 4,906,960,299
수성 084180 매출채권 및 기타유동채권
수성 084180 재고자산 3,562,335,150 4,107,814,576
수성 084180 기타유동금융자산 562,889,400 0
수성 084180 기타유동자산 6,718,334,791 98,852,272
수성 084180 매각예정비유동자산 0 0
수성 084180 비유동자산 28,424,749,742 25,069,496,740
수성 084180 장기금융상품 2,000,000 2,000,000
수성 084180 기타포괄손익-공정가치 0 0
수성 084180 당기손익인식공정가치측정금융자산 0 0
수성 084180 종속회사투자 0 0
수성 084180 관계회사투자 0 0
수성 084180 렌탈자산 0 0
수성 084180 유형자산 23,551,287,221 24,118,136,818
수성 084180 무형자산 57,268,056 1,636,873
수성 084180 기타비유동금융자산 196,321,000 654,100,000
수성 084180 기타비유동자산 0 0
수성 084180 사용권자산 0 0
수성 084180 이연법인세자산 0 0
수성 084180 자산총계 65,747,823,620 40,195,394,106
수성 084180 유동부채 48,042,829,155 10,616,891,400
수성 084180 단기매입채무 0 0
수성 084180 단기차입금 1,000,000,000 5,600,000,000
수성 084180 유동성장기차입금 0 333,320,000
수성 084180 유동성사채 0 0
수성 084180 기타유동금융부채 152,000,000 172,000,000
수성 084180 기타유동부채 2,355,671,627 725,670,120
수성 084180 당기법인세부채 0 0
수성 084180 유동리스부채 0 0
수성 084180 비유동부채 630,000,000 1,340,118,240
수성 084180 사채 1,954,916,299 0
수성 084180 장기차입금 0 166,660,000
수성 084180 기타비유동금융부채 630,000,000 130,000,000
수성 084180 이연법인세부채 0 617,845,095
수성 084180 비유동리스부채 0 0
수성 084180 부채총계 48,672,829,155 11,957,009,640
수성 084180 자본금 4,712,380,000 4,100,000,000
수성 084180 자본잉여금 0 0
수성 084180 자본조정 0 0
수성 084180 기타포괄손익누계액 13,634,474 13,205,797
수성 084180 이익잉여금(결손금) 2,721,105,481 25,190,608,348
수성 084180 자본총계 17,074,994,465 28,238,384,466
수성 084180 자본과부채총계 65,747,823,620 40,195,394,106
date : 2018-03-31
수성 084180 유동자산 33,365,974,756 38,916,034,695
수성 084180 현금및현금성자산 6,306,018,970 2,338,328,699
수성 084180 매출채권 및 기타유동채권
수성 084180 재고자산 7,779,015,823 7,596,471,949
수성 084180 기타유동금융자산 7,225,000,000 6,455,000,000
수성 084180 기타유동자산 3,783,045,145 4,864,745,334
수성 084180 매각예정비유동자산 0 0
수성 084180 비유동자산 38,926,934,128 35,026,727,261
수성 084180 장기금융상품 2,000,000 2,000,000
수성 084180 기타포괄손익-공정가치 0 0
수성 084180 당기손익인식공정가치측정금융자산 0 0
수성 084180 종속회사투자 0 0
수성 084180 관계회사투자 0 0
수성 084180 렌탈자산 0 0
수성 084180 유형자산 23,927,635,738 24,051,122,458
수성 084180 무형자산 60,991,204 57,268,056
수성 084180 기타비유동금융자산 2,632,823,400 2,509,150,400
수성 084180 기타비유동자산 0 0
수성 084180 사용권자산 0 0
수성 084180 이연법인세자산 2,432,253,716 1,904,482,007
수성 084180 자산총계 72,292,908,884 73,942,761,956
수성 084180 유동부채 44,661,067,857 42,168,559,850
수성 084180 단기매입채무 0 0
수성 084180 단기차입금 2,895,964,500 1,300,000,000
수성 084180 유동성장기차입금 0 0
수성 084180 유동성사채 41,130,000,000 2,000,000,000
수성 084180 기타유동금융부채 0 2,000,000,000
수성 084180 기타유동부채 1,729,257,333 1,080,241,400
수성 084180 당기법인세부채 0 0
수성 084180 유동리스부채 0 0
수성 084180 비유동부채 907,021,060 782,000,000
수성 084180 사채 0 0
수성 084180 장기차입금 0 0
수성 084180 기타비유동금융부채 782,000,000 782,000,000
수성 084180 이연법인세부채 0 0
수성 084180 비유동리스부채 0 0
수성 084180 부채총계 45,568,088,917 42,950,559,850
수성 084180 자본금 4,712,380,000 4,712,380,000
수성 084180 자본잉여금 16,636,538,279 15,200,925,868
수성 084180 자본조정 0 0
수성 084180 기타포괄손익누계액 523,528,336 523,528,336
수성 084180 이익잉여금(결손금) 4,494,100,198 10,327,014,388
수성 084180 자본총계 26,724,819,967 30,992,202,106
수성 084180 자본과부채총계 72,292,908,884 73,942,761,956
date : 2018-06-30
수성 084180 유동자산 19,084,049,786 37,323,073,878
수성 084180 현금및현금성자산 3,912,825,578 2,338,328,699
수성 084180 매출채권 및 기타채권
수성 084180 재고자산 4,809,366,341 3,562,335,150
수성 084180 기타유동금융자산 0 0
수성 084180 기타유동자산 0 0
수성 084180 매각예정비유동자산 0 0
수성 084180 비유동자산 34,357,131,338 28,424,749,742
수성 084180 장기금융상품 2,000,000 2,000,000
수성 084180 기타포괄손익-공정가치 0 0
수성 084180 당기손익인식공정가치측정금융자산 0 0
수성 084180 종속회사투자 0 0
수성 084180 관계회사투자 0 0
수성 084180 렌탈자산 0 0
수성 084180 유형자산 23,523,432,648 23,551,287,221
수성 084180 무형자산 57,214,352 57,268,056
수성 084180 기타비유동금융자산 0 0
수성 084180 기타비유동자산 0 0
수성 084180 사용권자산 0 0
수성 084180 이연법인세자산 0 0
수성 084180 자산총계 53,441,181,124 65,747,823,620
수성 084180 유동부채 45,414,522,816 48,042,829,155
수성 084180 단기매입채무 0 0
수성 084180 단기차입금 2,614,560,628 1,000,000,000
수성 084180 유동성장기차입금 0 0
수성 084180 유동성사채 0 0
수성 084180 기타유동금융부채 0 0
수성 084180 기타유동부채 0 0
수성 084180 당기법인세부채 0 0
수성 084180 유동리스부채 0 0
수성 084180 비유동부채 204,988,984 630,000,000
수성 084180 사채 1,300,000,000 1,954,916,299
수성 084180 장기차입금 0 0
수성 084180 기타비유동금융부채 130,000,000 630,000,000
수성 084180 이연법인세부채 0 0
수성 084180 비유동리스부채 0 0
수성 084180 부채총계 45,619,511,800 48,672,829,155
수성 084180 자본금 4,712,380,000 4,712,380,000
수성 084180 자본잉여금 0 0
수성 084180 자본조정 0 0
수성 084180 기타포괄손익누계액 -489,750,696 13,634,474
수성 084180 이익잉여금(결손금) -6,313,123,443 2,721,105,481
수성 084180 자본총계 7,821,669,324 17,074,994,465
수성 084180 자본과부채총계 53,441,181,124 65,747,823,620
date : 2018-09-30
수성 084180 유동자산 22,333,820,182 37,323,073,878
수성 084180 현금및현금성자산 6,818,489,307 2,338,328,699
수성 084180 매출채권 및 기타채권
수성 084180 재고자산 4,213,188,134 3,562,335,150
수성 084180 기타유동금융자산 0 0
수성 084180 기타유동자산 0 0
수성 084180 매각예정비유동자산 0 0
수성 084180 비유동자산 32,905,296,134 28,424,749,742
수성 084180 장기금융상품 2,000,000 2,000,000
수성 084180 기타포괄손익-공정가치 0 0
수성 084180 당기손익인식공정가치측정금융자산 0 0
수성 084180 종속회사투자 0 0
수성 084180 관계회사투자 0 0
수성 084180 렌탈자산 0 0
수성 084180 유형자산 23,460,862,431 23,551,287,221
수성 084180 무형자산 53,437,500 57,268,056
수성 084180 기타비유동금융자산 0 0
수성 084180 기타비유동자산 0 0
수성 084180 사용권자산 0 0
수성 084180 이연법인세자산 0 0
수성 084180 자산총계 55,239,116,316 65,747,823,620
수성 084180 유동부채 41,682,354,625 48,042,829,155
수성 084180 단기매입채무 0 0
수성 084180 단기차입금 1,145,000,000 1,000,000,000
수성 084180 유동성장기차입금 0 0
수성 084180 유동성사채 700,000,000 1,954,916,299
수성 084180 기타유동금융부채 0 0
수성 084180 기타유동부채 0 0
수성 084180 당기법인세부채 0 0
수성 084180 유동리스부채 0 0
수성 084180 비유동부채 266,478,081 630,000,000
수성 084180 사채 0 0
수성 084180 장기차입금 0 0
수성 084180 기타비유동금융부채 130,000,000 630,000,000
수성 084180 이연법인세부채 0 0
수성 084180 비유동리스부채 0 0
수성 084180 부채총계 41,948,832,706 48,672,829,155
수성 084180 자본금 5,435,520,000 4,712,380,000
수성 084180 자본잉여금 0 0
수성 084180 자본조정 0 0
수성 084180 기타포괄손익누계액 -317,218,110 13,634,474
수성 084180 이익잉여금(결손금) -8,140,369,854 2,721,105,481
수성 084180 자본총계 13,290,283,610 17,074,994,465
수성 084180 자본과부채총계 55,239,116,316 65,747,823,620
date : 2018-12-31
수성 084180 유동자산 19,583,596,736 37,323,073,878
수성 084180 현금및현금성자산 992,404,161 2,338,328,699
수성 084180 매출채권 및 기타유동채권
수성 084180 재고자산 4,570,764,227 3,562,335,150
수성 084180 기타유동금융자산 10,000,000 562,889,400
수성 084180 기타유동자산 359,712,319 6,718,334,791
수성 084180 매각예정비유동자산 0 0
수성 084180 비유동자산 27,179,048,524 28,424,749,742
수성 084180 장기금융상품 49,640,000 2,000,000
수성 084180 기타포괄손익-공정가치 측정 금융자산
수성 084180 당기손익인식공정가치측정금융자산 0 0
수성 084180 종속회사투자 0 0
수성 084180 관계회사투자 0 0
수성 084180 렌탈자산 0 0
수성 084180 유형자산 23,269,270,301 23,551,287,221
수성 084180 무형자산 228,417,378 57,268,056
수성 084180 기타비유동금융자산 195,121,000 196,321,000
수성 084180 기타비유동자산 0 0
수성 084180 사용권자산 0 0
수성 084180 이연법인세자산 0 0
수성 084180 자산총계 46,762,645,260 65,747,823,620
수성 084180 유동부채 30,443,958,566 48,042,829,155
수성 084180 단기매입채무 0 0
수성 084180 단기차입금 900,000,000 1,000,000,000
수성 084180 유동성장기차입금 0 333,320,000
수성 084180 유동성사채 1,954,916,299 0
수성 084180 기타유동금융부채 162,413,800 152,000,000
수성 084180 기타유동부채 917,381,877 2,355,671,627
수성 084180 당기법인세부채 0 0
수성 084180 유동리스부채 0 0
수성 084180 비유동부채 357,303,923 630,000,000
수성 084180 사채 0 0
수성 084180 장기차입금 0 166,660,000
수성 084180 기타비유동금융부채 130,000,000 630,000,000
수성 084180 이연법인세부채 0 617,845,095
수성 084180 비유동리스부채 0 0
수성 084180 부채총계 30,801,262,489 48,672,829,155
수성 084180 자본금 6,097,145,000 4,712,380,000
수성 084180 자본잉여금 0 0
수성 084180 자본조정 0 0
수성 084180 기타포괄손익누계액 -1,785,102,606 13,634,474
수성 084180 이익잉여금(결손금) -10,753,517,905 2,721,105,481
수성 084180 자본총계 15,961,382,771 17,074,994,465
수성 084180 자본과부채총계 46,762,645,260 65,747,823,620
date : 2019-03-31
수성 084180 유동자산 18,012,460,252 19,583,596,736
수성 084180 현금및현금성자산 287,285,609 992,404,161
수성 084180 매출채권 및 기타유동채권
수성 084180 재고자산 4,928,769,708 4,570,764,227
수성 084180 기타유동금융자산 10,000,000 10,000,000
수성 084180 기타유동자산 332,684,245 359,712,319
수성 084180 매각예정비유동자산 0 0
수성 084180 비유동자산 26,410,133,123 27,179,048,524
수성 084180 장기금융상품 149,640,000 49,640,000
수성 084180 기타포괄손익-공정가치 측정 금융자산
수성 084180 당기손익인식공정가치측정금융자산 0 0
수성 084180 종속회사투자 0 0
수성 084180 관계회사투자 0 0
수성 084180 렌탈자산 0 0
수성 084180 유형자산 23,378,045,932 23,269,270,301
수성 084180 무형자산 216,033,071 228,417,378
수성 084180 기타비유동금융자산 2,948,000 195,121,000
수성 084180 기타비유동자산 0 0
수성 084180 사용권자산 0 0
수성 084180 이연법인세자산 0 0
수성 084180 자산총계 44,422,593,375 46,762,645,260
수성 084180 유동부채 28,970,623,106 30,443,958,566
수성 084180 단기매입채무 0 0
수성 084180 단기차입금 968,381,700 900,000,000
수성 084180 유동성장기차입금 0 30,443,958,566
수성 084180 유동성사채 0 30,443,958,566
수성 084180 기타유동금융부채 180,018,059 162,413,800
수성 084180 기타유동부채 411,632,655 917,381,877
수성 084180 당기법인세부채 0 0
수성 084180 유동리스부채 0 0
수성 084180 비유동부채 209,170,022 357,303,923
수성 084180 사채 0 0
수성 084180 장기차입금 0 357,303,923
수성 084180 기타비유동금융부채 130,000,000 130,000,000
수성 084180 이연법인세부채 0 130,000,000
수성 084180 비유동리스부채 0 0
수성 084180 부채총계 29,179,793,128 30,801,262,489
수성 084180 자본금 6,097,145,000 6,097,145,000
수성 084180 자본잉여금 0 0
수성 084180 자본조정 0 0
수성 084180 기타포괄손익누계액 15,293,772 -1,785,102,606
수성 084180 이익잉여금(결손금) -13,317,171,920 -10,753,517,905
수성 084180 자본총계 15,242,800,247 15,961,382,771
수성 084180 자본과부채총계 44,422,593,375 46,762,645,260
