date : 2019-03-31
휴온스글로벌 084110 유동자산 17,775,838,829 17,226,866,400
휴온스글로벌 084110 현금및현금성자산 7,381,421,330 6,303,024,155
휴온스글로벌 084110 매출채권 1,852,925,330 3,424,598,188
휴온스글로벌 084110 재고자산 2,019,236,219 1,406,875,597
휴온스글로벌 084110 기타유동자산 356,551,139 499,639,922
휴온스글로벌 084110 비유동자산 335,516,571,740 329,038,471,598
휴온스글로벌 084110 유형자산 49,266,420,008 47,431,146,928
휴온스글로벌 084110 무형자산 5,005,825,364 900,911,267
휴온스글로벌 084110 사용권자산 304,434,357 0
휴온스글로벌 084110 기타비유동자산 1,162,019,792 1,081,855,792
휴온스글로벌 084110 이연법인세자산 620,583,364 386,099,566
휴온스글로벌 084110 자산총계 353,292,410,569 346,265,337,998
휴온스글로벌 084110 유동부채 23,696,346,121 17,574,478,919
휴온스글로벌 084110 단기차입금 12,000,000,000 12,000,000,000
휴온스글로벌 084110 당기법인세부채 974,739,377 843,247,674
휴온스글로벌 084110 유동성장기차입금 1,029,737,200 0
휴온스글로벌 084110 유동리스부채 166,125,233 0
휴온스글로벌 084110 기타유동부채 8,044,807,727 3,313,110,303
휴온스글로벌 084110 비유동부채 14,438,483,077 14,299,130,000
휴온스글로벌 084110 장기차입금 14,000,000,000 14,000,000,000
휴온스글로벌 084110 부채총계 38,134,829,198 31,873,608,919
휴온스글로벌 084110 자본금 5,460,681,000 5,202,149,500
휴온스글로벌 084110 자본잉여금 242,472,286,564 242,472,286,564
휴온스글로벌 084110 자본조정 -5,421,465,946 -5,421,465,946
휴온스글로벌 084110 자본총계 315,157,581,371 314,391,729,079
휴온스글로벌 084110 자본총계 353,292,410,569 346,265,337,998
