date : 2015-12-31
더베이직하우스 084870 유동자산 84,596,576,331 96,807,178,901
더베이직하우스 084870 현금및현금성자산 233,904,700 211,355,024
더베이직하우스 084870 매출채권 15,833,463,628 18,018,333,649
더베이직하우스 084870 재고자산 66,106,019,970 65,454,452,094
더베이직하우스 084870 기타유동금융자산 0 0
더베이직하우스 084870 기타유동자산 1,792,182,025 2,406,694,796
더베이직하우스 084870 매각예정비유동자산 0 0
더베이직하우스 084870 비유동자산 168,041,603,236 178,240,663,591
더베이직하우스 084870 장기금융상품 0 0
더베이직하우스 084870 기타포괄손익-공정가치 0 0
더베이직하우스 084870 당기손익인식공정가치측정금융자산 0 0
더베이직하우스 084870 종속회사투자 50,525,357,294 50,525,357,294
더베이직하우스 084870 관계회사투자 0 0
더베이직하우스 084870 렌탈자산 0 0
더베이직하우스 084870 유형자산 66,285,914,545 78,276,236,040
더베이직하우스 084870 무형자산 2,225,600,188 2,689,436,010
더베이직하우스 084870 기타비유동금융자산 0 0
더베이직하우스 084870 기타비유동자산 0 0
더베이직하우스 084870 사용권자산 0 0
더베이직하우스 084870 이연법인세자산 23,226,620,737 22,340,939,187
더베이직하우스 084870 자산총계 252,638,179,567 275,047,842,492
더베이직하우스 084870 유동부채 49,377,209,508 54,741,290,635
더베이직하우스 084870 단기매입채무 0 0
더베이직하우스 084870 단기차입금 32,262,351,563 19,446,801,116
더베이직하우스 084870 유동성장기차입금 111,305,627 10,435,502,605
더베이직하우스 084870 유동성사채 0 0
더베이직하우스 084870 기타유동금융부채 0 0
더베이직하우스 084870 기타유동부채 1,698,869,463 876,160,655
더베이직하우스 084870 당기법인세부채 6,078,200,898 4,018,840,442
더베이직하우스 084870 유동리스부채 0 0
더베이직하우스 084870 비유동부채 105,417,939,886 86,899,429,405
더베이직하우스 084870 사채 0 0
더베이직하우스 084870 장기차입금 20,000,000,000 5,111,530,347
더베이직하우스 084870 기타비유동금융부채 0 0
더베이직하우스 084870 이연법인세부채 0 0
더베이직하우스 084870 비유동리스부채 0 0
더베이직하우스 084870 부채총계 154,795,149,394 141,640,720,040
더베이직하우스 084870 자본금 0 0
더베이직하우스 084870 자본잉여금 0 0
더베이직하우스 084870 자본조정 0 0
더베이직하우스 084870 기타포괄손익누계액 0 0
더베이직하우스 084870 이익잉여금(결손금) 31,550,516,283 67,114,608,562
더베이직하우스 084870 자본총계 97,843,030,173 133,407,122,452
더베이직하우스 084870 자본과부채총계 252,638,179,567 275,047,842,492
date : 2016-03-31
티비에이치글로벌 084870 유동자산 87,985,901,241 84,596,576,331
티비에이치글로벌 084870 현금및현금성자산 110,499,826 233,904,700
티비에이치글로벌 084870 매출채권 16,163,622,694 15,833,463,628
티비에이치글로벌 084870 재고자산 68,286,708,628 66,106,019,970
티비에이치글로벌 084870 기타유동금융자산 0 0
티비에이치글로벌 084870 기타유동자산 2,535,608,416 1,792,182,025
티비에이치글로벌 084870 매각예정비유동자산 0 0
티비에이치글로벌 084870 비유동자산 166,216,455,222 168,041,603,236
티비에이치글로벌 084870 장기금융상품 0 0
티비에이치글로벌 084870 기타포괄손익-공정가치 0 0
티비에이치글로벌 084870 당기손익인식공정가치측정금융자산 0 0
티비에이치글로벌 084870 종속회사투자 50,525,357,294 50,525,357,294
티비에이치글로벌 084870 관계회사투자 0 0
티비에이치글로벌 084870 렌탈자산 0 0
티비에이치글로벌 084870 유형자산 66,262,552,114 66,285,914,545
티비에이치글로벌 084870 무형자산 2,109,764,121 2,225,600,188
티비에이치글로벌 084870 기타비유동금융자산 0 0
티비에이치글로벌 084870 기타비유동자산 0 0
티비에이치글로벌 084870 사용권자산 0 0
티비에이치글로벌 084870 이연법인세자산 23,987,967,783 23,226,620,737
티비에이치글로벌 084870 자산총계 254,202,356,463 252,638,179,567
티비에이치글로벌 084870 유동부채 60,542,136,618 49,377,209,508
티비에이치글로벌 084870 단기매입채무 0 0
티비에이치글로벌 084870 단기차입금 39,020,286,328 32,262,351,563
티비에이치글로벌 084870 유동성장기차입금 5,000,000,000 111,305,627
티비에이치글로벌 084870 유동성사채 0 0
티비에이치글로벌 084870 기타유동금융부채 0 0
티비에이치글로벌 084870 기타유동부채 568,502,255 1,698,869,463
티비에이치글로벌 084870 당기법인세부채 6,078,200,898 111,305,627
티비에이치글로벌 084870 유동리스부채 0 0
티비에이치글로벌 084870 비유동부채 101,460,835,132 105,417,939,886
티비에이치글로벌 084870 사채 0 0
티비에이치글로벌 084870 장기차입금 15,000,000,000 20,000,000,000
티비에이치글로벌 084870 기타비유동금융부채 0 0
티비에이치글로벌 084870 이연법인세부채 0 0
티비에이치글로벌 084870 비유동리스부채 0 0
티비에이치글로벌 084870 부채총계 162,002,971,750 154,795,149,394
티비에이치글로벌 084870 자본금 0 0
티비에이치글로벌 084870 자본잉여금 0 0
티비에이치글로벌 084870 자본조정 0 0
티비에이치글로벌 084870 기타포괄손익누계액 0 0
티비에이치글로벌 084870 이익잉여금(결손금) 25,906,870,823 31,550,516,283
티비에이치글로벌 084870 자본총계 92,199,384,713 97,843,030,173
티비에이치글로벌 084870 자본과부채총계 254,202,356,463 252,638,179,567
date : 2016-06-30
티비에이치글로벌 084870 유동자산 81,584,969,333 84,596,576,331
티비에이치글로벌 084870 현금및현금성자산 77,578,769 233,904,700
티비에이치글로벌 084870 매출채권 12,622,111,462 15,833,463,628
티비에이치글로벌 084870 재고자산 66,600,985,273 66,106,019,970
티비에이치글로벌 084870 기타유동금융자산 0 0
티비에이치글로벌 084870 기타유동자산 1,619,607,903 1,792,182,025
티비에이치글로벌 084870 매각예정비유동자산 0 0
티비에이치글로벌 084870 비유동자산 164,842,284,238 168,041,603,236
티비에이치글로벌 084870 장기금융상품 0 0
티비에이치글로벌 084870 기타포괄손익-공정가치 0 0
티비에이치글로벌 084870 당기손익인식공정가치측정금융자산 0 0
티비에이치글로벌 084870 종속회사투자 50,525,357,294 50,525,357,294
티비에이치글로벌 084870 관계회사투자 0 0
티비에이치글로벌 084870 렌탈자산 0 0
티비에이치글로벌 084870 유형자산 65,455,557,280 66,285,914,545
티비에이치글로벌 084870 무형자산 2,408,276,722 2,225,600,188
티비에이치글로벌 084870 기타비유동금융자산 0 0
티비에이치글로벌 084870 기타비유동자산 0 0
티비에이치글로벌 084870 사용권자산 0 0
티비에이치글로벌 084870 이연법인세자산 23,891,157,930 23,226,620,737
티비에이치글로벌 084870 자산총계 246,427,253,571 252,638,179,567
티비에이치글로벌 084870 유동부채 55,038,811,621 49,377,209,508
티비에이치글로벌 084870 단기매입채무 0 0
티비에이치글로벌 084870 단기차입금 34,836,481,711 32,262,351,563
티비에이치글로벌 084870 유동성장기차입금 5,000,000,000 111,305,627
티비에이치글로벌 084870 유동성사채 0 0
티비에이치글로벌 084870 기타유동금융부채 0 0
티비에이치글로벌 084870 기타유동부채 589,241,509 1,698,869,463
티비에이치글로벌 084870 당기법인세부채 6,078,200,898 111,305,627
티비에이치글로벌 084870 유동리스부채 0 0
티비에이치글로벌 084870 비유동부채 102,412,537,973 105,417,939,886
티비에이치글로벌 084870 사채 0 0
티비에이치글로벌 084870 장기차입금 15,000,000,000 20,000,000,000
티비에이치글로벌 084870 기타비유동금융부채 0 0
티비에이치글로벌 084870 이연법인세부채 0 0
티비에이치글로벌 084870 비유동리스부채 0 0
티비에이치글로벌 084870 부채총계 157,451,349,594 154,795,149,394
티비에이치글로벌 084870 자본금 0 0
티비에이치글로벌 084870 자본잉여금 0 0
티비에이치글로벌 084870 자본조정 0 0
티비에이치글로벌 084870 기타포괄손익누계액 0 0
티비에이치글로벌 084870 이익잉여금(결손금) 22,683,390,087 31,550,516,283
티비에이치글로벌 084870 자본총계 88,975,903,977 97,843,030,173
티비에이치글로벌 084870 자본과부채총계 246,427,253,571 252,638,179,567
date : 2016-09-30
티비에이치글로벌 084870 유동자산 88,790,705,958 84,596,576,331
티비에이치글로벌 084870 현금및현금성자산 540,234,656 233,904,700
티비에이치글로벌 084870 매출채권 12,723,346,218 15,833,463,628
티비에이치글로벌 084870 재고자산 72,848,069,226 66,106,019,970
티비에이치글로벌 084870 기타유동금융자산 0 0
티비에이치글로벌 084870 기타유동자산 2,410,486,144 1,792,182,025
티비에이치글로벌 084870 매각예정비유동자산 0 0
티비에이치글로벌 084870 비유동자산 164,698,912,592 168,041,603,236
티비에이치글로벌 084870 장기금융상품 0 0
티비에이치글로벌 084870 기타포괄손익-공정가치 0 0
티비에이치글로벌 084870 당기손익인식공정가치측정금융자산 0 0
티비에이치글로벌 084870 종속회사투자 50,525,357,294 50,525,357,294
티비에이치글로벌 084870 관계회사투자 0 0
티비에이치글로벌 084870 렌탈자산 0 0
티비에이치글로벌 084870 유형자산 66,259,775,829 66,285,914,545
티비에이치글로벌 084870 무형자산 2,346,308,775 2,225,600,188
티비에이치글로벌 084870 기타비유동금융자산 0 0
티비에이치글로벌 084870 기타비유동자산 0 0
티비에이치글로벌 084870 사용권자산 0 0
티비에이치글로벌 084870 이연법인세자산 25,636,301,263 23,226,620,737
티비에이치글로벌 084870 자산총계 253,489,618,550 252,638,179,567
티비에이치글로벌 084870 유동부채 63,508,403,848 49,377,209,508
티비에이치글로벌 084870 단기매입채무 0 0
티비에이치글로벌 084870 단기차입금 36,660,129,645 32,262,351,563
티비에이치글로벌 084870 유동성장기차입금 5,367,333,191 111,305,627
티비에이치글로벌 084870 유동성사채 0 0
티비에이치글로벌 084870 기타유동금융부채 0 0
티비에이치글로벌 084870 기타유동부채 716,789,701 1,698,869,463
티비에이치글로벌 084870 당기법인세부채 6,078,200,898 111,305,627
티비에이치글로벌 084870 유동리스부채 0 0
티비에이치글로벌 084870 비유동부채 105,415,551,373 105,417,939,886
티비에이치글로벌 084870 사채 0 0
티비에이치글로벌 084870 장기차입금 16,632,666,809 20,000,000,000
티비에이치글로벌 084870 기타비유동금융부채 0 0
티비에이치글로벌 084870 이연법인세부채 0 0
티비에이치글로벌 084870 비유동리스부채 0 0
티비에이치글로벌 084870 부채총계 168,923,955,221 154,795,149,394
티비에이치글로벌 084870 자본금 0 0
티비에이치글로벌 084870 자본잉여금 0 0
티비에이치글로벌 084870 자본조정 0 0
티비에이치글로벌 084870 기타포괄손익누계액 0 0
티비에이치글로벌 084870 이익잉여금(결손금) 18,273,149,439 31,550,516,283
티비에이치글로벌 084870 자본총계 84,565,663,329 97,843,030,173
티비에이치글로벌 084870 자본과부채총계 253,489,618,550 252,638,179,567
date : 2016-12-31
티비에이치글로벌 084870 유동자산 88,437,589,974 84,596,576,331
티비에이치글로벌 084870 현금및현금성자산 144,656,839 233,904,700
티비에이치글로벌 084870 매출채권 16,993,959,369 15,833,463,628
티비에이치글로벌 084870 재고자산 65,876,221,688 66,106,019,970
티비에이치글로벌 084870 기타유동금융자산 0 0
티비에이치글로벌 084870 기타유동자산 1,456,791,664 1,792,182,025
티비에이치글로벌 084870 매각예정비유동자산 2,689,268,350 1,792,182,025
티비에이치글로벌 084870 비유동자산 152,232,579,154 168,041,603,236
티비에이치글로벌 084870 장기금융상품 0 0
티비에이치글로벌 084870 기타포괄손익-공정가치 0 0
티비에이치글로벌 084870 당기손익인식공정가치측정금융자산 0 0
티비에이치글로벌 084870 종속회사투자 50,525,357,294 50,525,357,294
티비에이치글로벌 084870 관계회사투자 0 0
티비에이치글로벌 084870 렌탈자산 0 0
티비에이치글로벌 084870 유형자산 61,792,094,064 66,285,914,545
티비에이치글로벌 084870 무형자산 2,284,976,353 2,225,600,188
티비에이치글로벌 084870 기타비유동금융자산 0 0
티비에이치글로벌 084870 기타비유동자산 0 0
티비에이치글로벌 084870 사용권자산 0 0
티비에이치글로벌 084870 이연법인세자산 18,065,059,873 23,226,620,737
티비에이치글로벌 084870 자산총계 240,670,169,128 252,638,179,567
티비에이치글로벌 084870 유동부채 72,248,431,818 49,377,209,508
티비에이치글로벌 084870 단기매입채무 0 0
티비에이치글로벌 084870 단기차입금 36,082,610,880 32,262,351,563
티비에이치글로벌 084870 유동성장기차입금 15,401,423,836 111,305,627
티비에이치글로벌 084870 유동성사채 0 0
티비에이치글로벌 084870 기타유동금융부채 0 0
티비에이치글로벌 084870 기타유동부채 1,571,595,422 1,698,869,463
티비에이치글로벌 084870 당기법인세부채 6,078,200,898 111,305,627
티비에이치글로벌 084870 유동리스부채 0 0
티비에이치글로벌 084870 비유동부채 94,885,961,498 105,417,939,886
티비에이치글로벌 084870 사채 0 0
티비에이치글로벌 084870 장기차입금 6,538,413,443 20,000,000,000
티비에이치글로벌 084870 기타비유동금융부채 0 0
티비에이치글로벌 084870 이연법인세부채 0 0
티비에이치글로벌 084870 비유동리스부채 0 0
티비에이치글로벌 084870 부채총계 167,134,393,316 154,795,149,394
티비에이치글로벌 084870 자본금 0 0
티비에이치글로벌 084870 자본잉여금 0 0
티비에이치글로벌 084870 자본조정 0 0
티비에이치글로벌 084870 기타포괄손익누계액 0 0
티비에이치글로벌 084870 이익잉여금(결손금) 7,243,261,922 31,550,516,283
티비에이치글로벌 084870 자본총계 73,535,775,812 97,843,030,173
티비에이치글로벌 084870 자본과부채총계 240,670,169,128 252,638,179,567
date : 2017-03-31
티비에이치글로벌 084870 유동자산 88,640,446,079 88,437,589,974
티비에이치글로벌 084870 현금및현금성자산 1,330,718,110 144,656,839
티비에이치글로벌 084870 매출채권 15,236,091,496 16,993,959,369
티비에이치글로벌 084870 재고자산 66,395,717,294 65,876,221,688
티비에이치글로벌 084870 기타유동금융자산 0 0
티비에이치글로벌 084870 기타유동자산 1,900,325,448 1,456,791,664
티비에이치글로벌 084870 매각예정비유동자산 2,689,268,350 2,689,268,350
티비에이치글로벌 084870 비유동자산 152,093,447,153 152,232,579,154
티비에이치글로벌 084870 장기금융상품 0 0
티비에이치글로벌 084870 기타포괄손익-공정가치 0 0
티비에이치글로벌 084870 당기손익인식공정가치측정금융자산 0 0
티비에이치글로벌 084870 종속회사투자 50,525,357,294 50,525,357,294
티비에이치글로벌 084870 관계회사투자 0 0
티비에이치글로벌 084870 렌탈자산 0 0
티비에이치글로벌 084870 유형자산 62,402,533,034 61,792,094,064
티비에이치글로벌 084870 무형자산 1,722,971,664 2,284,976,353
티비에이치글로벌 084870 기타비유동금융자산 0 0
티비에이치글로벌 084870 기타비유동자산 0 0
티비에이치글로벌 084870 사용권자산 0 0
티비에이치글로벌 084870 이연법인세자산 18,430,814,233 18,065,059,873
티비에이치글로벌 084870 자산총계 240,733,893,232 240,670,169,128
티비에이치글로벌 084870 유동부채 62,583,259,436 72,248,431,818
티비에이치글로벌 084870 단기매입채무 0 0
티비에이치글로벌 084870 단기차입금 34,475,956,366 36,082,610,880
티비에이치글로벌 084870 유동성장기차입금 10,375,077,622 15,401,423,836
티비에이치글로벌 084870 유동성사채 0 0
티비에이치글로벌 084870 기타유동금융부채 0 0
티비에이치글로벌 084870 기타유동부채 514,146,555 1,571,595,422
티비에이치글로벌 084870 당기법인세부채 0 15,401,423,836
티비에이치글로벌 084870 유동리스부채 0 0
티비에이치글로벌 084870 비유동부채 106,362,710,356 94,885,961,498
티비에이치글로벌 084870 사채 0 0
티비에이치글로벌 084870 장기차입금 6,443,171,694 6,538,413,443
티비에이치글로벌 084870 기타비유동금융부채 0 0
티비에이치글로벌 084870 이연법인세부채 0 0
티비에이치글로벌 084870 비유동리스부채 0 0
티비에이치글로벌 084870 부채총계 168,945,969,792 167,134,393,316
티비에이치글로벌 084870 자본금 0 0
티비에이치글로벌 084870 자본잉여금 0 0
티비에이치글로벌 084870 자본조정 0 0
티비에이치글로벌 084870 기타포괄손익누계액 0 0
티비에이치글로벌 084870 이익잉여금(결손금) 5,495,409,550 7,243,261,922
티비에이치글로벌 084870 자본총계 71,787,923,440 73,535,775,812
티비에이치글로벌 084870 자본과부채총계 240,733,893,232 240,670,169,128
date : 2017-06-30
티비에이치글로벌 084870 유동자산 86,438,843,576 88,437,589,974
티비에이치글로벌 084870 현금및현금성자산 1,505,379,713 144,656,839
티비에이치글로벌 084870 매출채권 14,197,511,598 16,993,959,369
티비에이치글로벌 084870 재고자산 66,150,276,280 65,876,221,688
티비에이치글로벌 084870 기타유동금융자산 0 0
티비에이치글로벌 084870 기타유동자산 1,136,508,741 1,456,791,664
티비에이치글로벌 084870 매각예정비유동자산 2,689,268,350 2,689,268,350
티비에이치글로벌 084870 비유동자산 151,452,848,951 152,232,579,154
티비에이치글로벌 084870 장기금융상품 0 0
티비에이치글로벌 084870 기타포괄손익-공정가치 0 0
티비에이치글로벌 084870 당기손익인식공정가치측정금융자산 0 0
티비에이치글로벌 084870 종속회사투자 50,525,357,294 50,525,357,294
티비에이치글로벌 084870 관계회사투자 0 0
티비에이치글로벌 084870 렌탈자산 0 0
티비에이치글로벌 084870 유형자산 61,553,488,491 61,792,094,064
티비에이치글로벌 084870 무형자산 1,667,089,238 2,284,976,353
티비에이치글로벌 084870 기타비유동금융자산 0 0
티비에이치글로벌 084870 기타비유동자산 0 0
티비에이치글로벌 084870 사용권자산 0 0
티비에이치글로벌 084870 이연법인세자산 18,868,664,407 18,065,059,873
티비에이치글로벌 084870 자산총계 237,891,692,527 240,670,169,128
티비에이치글로벌 084870 유동부채 150,997,485,995 72,248,431,818
티비에이치글로벌 084870 단기매입채무 0 0
티비에이치글로벌 084870 단기차입금 29,783,006,975 36,082,610,880
티비에이치글로벌 084870 유동성장기차입금 15,377,709,767 15,401,423,836
티비에이치글로벌 084870 유동성사채 0 0
티비에이치글로벌 084870 기타유동금융부채 0 0
티비에이치글로벌 084870 기타유동부채 1,281,001,157 1,571,595,422
티비에이치글로벌 084870 당기법인세부채 0 0
티비에이치글로벌 084870 유동리스부채 0 0
티비에이치글로벌 084870 비유동부채 14,737,710,741 94,885,961,498
티비에이치글로벌 084870 사채 0 0
티비에이치글로벌 084870 장기차입금 1,348,675,783 6,538,413,443
티비에이치글로벌 084870 기타비유동금융부채 0 0
티비에이치글로벌 084870 이연법인세부채 0 0
티비에이치글로벌 084870 비유동리스부채 0 0
티비에이치글로벌 084870 부채총계 165,735,196,736 167,134,393,316
티비에이치글로벌 084870 자본금 0 0
티비에이치글로벌 084870 자본잉여금 0 0
티비에이치글로벌 084870 자본조정 0 0
티비에이치글로벌 084870 기타포괄손익누계액 0 0
티비에이치글로벌 084870 이익잉여금(결손금) 5,863,981,901 7,243,261,922
티비에이치글로벌 084870 자본총계 72,156,495,791 73,535,775,812
티비에이치글로벌 084870 자본과부채총계 237,891,692,527 240,670,169,128
date : 2017-09-30
티비에이치글로벌 084870 유동자산 93,013,328,673 88,437,589,974
티비에이치글로벌 084870 현금및현금성자산 774,963,381 144,656,839
티비에이치글로벌 084870 매출채권 13,993,414,701 16,993,959,369
티비에이치글로벌 084870 재고자산 72,984,832,778 65,876,221,688
티비에이치글로벌 084870 기타유동금융자산 0 0
티비에이치글로벌 084870 기타유동자산 1,876,582,699 1,456,791,664
티비에이치글로벌 084870 매각예정비유동자산 2,689,268,350 2,689,268,350
티비에이치글로벌 084870 비유동자산 149,712,514,426 152,232,579,154
티비에이치글로벌 084870 장기금융상품 0 0
티비에이치글로벌 084870 기타포괄손익-공정가치 0 0
티비에이치글로벌 084870 당기손익인식공정가치측정금융자산 0 0
티비에이치글로벌 084870 종속회사투자 0 0
티비에이치글로벌 084870 관계회사투자 0 0
티비에이치글로벌 084870 렌탈자산 0 0
티비에이치글로벌 084870 유형자산 60,724,492,156 61,792,094,064
티비에이치글로벌 084870 무형자산 1,611,206,811 2,284,976,353
티비에이치글로벌 084870 기타비유동금융자산 0 0
티비에이치글로벌 084870 기타비유동자산 0 0
티비에이치글로벌 084870 사용권자산 0 0
티비에이치글로벌 084870 이연법인세자산 19,174,876,898 18,065,059,873
티비에이치글로벌 084870 자산총계 242,725,843,099 240,670,169,128
티비에이치글로벌 084870 유동부채 160,552,787,821 72,248,431,818
티비에이치글로벌 084870 단기매입채무 0 0
티비에이치글로벌 084870 단기차입금 35,507,314,243 36,082,610,880
티비에이치글로벌 084870 유동성장기차입금 15,411,534,103 15,401,423,836
티비에이치글로벌 084870 유동성사채 0 0
티비에이치글로벌 084870 기타유동금융부채 0 0
티비에이치글로벌 084870 기타유동부채 1,018,111,059 1,571,595,422
티비에이치글로벌 084870 당기법인세부채 0 0
티비에이치글로벌 084870 유동리스부채 0 0
티비에이치글로벌 084870 비유동부채 15,300,524,398 94,885,961,498
티비에이치글로벌 084870 사채 0 0
티비에이치글로벌 084870 장기차입금 1,253,046,175 6,538,413,443
티비에이치글로벌 084870 기타비유동금융부채 0 0
티비에이치글로벌 084870 이연법인세부채 0 0
티비에이치글로벌 084870 비유동리스부채 0 0
티비에이치글로벌 084870 부채총계 175,853,312,219 167,134,393,316
티비에이치글로벌 084870 자본금 0 0
티비에이치글로벌 084870 자본잉여금 0 0
티비에이치글로벌 084870 자본조정 0 0
티비에이치글로벌 084870 기타포괄손익누계액 0 0
티비에이치글로벌 084870 이익잉여금(결손금) 580,016,990 7,243,261,922
티비에이치글로벌 084870 자본총계 66,872,530,880 73,535,775,812
티비에이치글로벌 084870 자본과부채총계 242,725,843,099 240,670,169,128
date : 2017-12-31
티비에이치글로벌 084870 유동자산 93,126,320,322 88,437,589,974
티비에이치글로벌 084870 현금및현금성자산 153,059,746 144,656,839
티비에이치글로벌 084870 매출채권 22,381,362,701 16,993,959,369
티비에이치글로벌 084870 재고자산 64,924,550,154 65,876,221,688
티비에이치글로벌 084870 기타유동금융자산 0 0
티비에이치글로벌 084870 기타유동자산 1,364,447,541 1,456,791,664
티비에이치글로벌 084870 매각예정비유동자산 2,689,268,350 2,689,268,350
티비에이치글로벌 084870 비유동자산 137,897,421,555 152,232,579,154
티비에이치글로벌 084870 장기금융상품 0 0
티비에이치글로벌 084870 기타포괄손익-공정가치 0 0
티비에이치글로벌 084870 당기손익인식공정가치측정금융자산 0 0
티비에이치글로벌 084870 종속회사투자 0 0
티비에이치글로벌 084870 관계회사투자 0 0
티비에이치글로벌 084870 렌탈자산 0 0
티비에이치글로벌 084870 유형자산 60,572,161,974 61,792,094,064
티비에이치글로벌 084870 무형자산 1,556,476,625 2,284,976,353
티비에이치글로벌 084870 기타비유동금융자산 0 0
티비에이치글로벌 084870 기타비유동자산 0 0
티비에이치글로벌 084870 사용권자산 0 0
티비에이치글로벌 084870 이연법인세자산 9,722,564,768 18,065,059,873
티비에이치글로벌 084870 자산총계 231,023,741,877 240,670,169,128
티비에이치글로벌 084870 유동부채 145,984,534,778 72,248,431,818
티비에이치글로벌 084870 단기매입채무 0 0
티비에이치글로벌 084870 단기차입금 32,056,525,865 36,082,610,880
티비에이치글로벌 084870 유동성장기차입금 5,416,168,811 15,401,423,836
티비에이치글로벌 084870 유동성사채 0 0
티비에이치글로벌 084870 기타유동금융부채 0 0
티비에이치글로벌 084870 기타유동부채 1,355,702,141 1,571,595,422
티비에이치글로벌 084870 당기법인세부채 3,944,720 1,571,595,422
티비에이치글로벌 084870 유동리스부채 0 0
티비에이치글로벌 084870 비유동부채 24,044,663,856 94,885,961,498
티비에이치글로벌 084870 사채 0 0
티비에이치글로벌 084870 장기차입금 11,065,595,771 6,538,413,443
티비에이치글로벌 084870 기타비유동금융부채 0 0
티비에이치글로벌 084870 이연법인세부채 0 0
티비에이치글로벌 084870 비유동리스부채 0 0
티비에이치글로벌 084870 부채총계 170,029,198,634 167,134,393,316
티비에이치글로벌 084870 자본금 0 0
티비에이치글로벌 084870 자본잉여금 0 0
티비에이치글로벌 084870 자본조정 0 0
티비에이치글로벌 084870 기타포괄손익누계액 0 0
티비에이치글로벌 084870 이익잉여금(결손금) -5,297,970,647 7,243,261,922
티비에이치글로벌 084870 자본총계 60,994,543,243 73,535,775,812
티비에이치글로벌 084870 자본과부채총계 231,023,741,877 240,670,169,128
date : 2018-03-31
티비에이치글로벌 084870 유동자산 90,705,397,652 93,126,320,322
티비에이치글로벌 084870 현금및현금성자산 2,656,987,518 153,059,746
티비에이치글로벌 084870 매출채권 19,202,601,842 22,381,362,701
티비에이치글로벌 084870 재고자산 63,001,117,256 64,924,550,154
티비에이치글로벌 084870 기타유동금융자산 0 0
티비에이치글로벌 084870 기타유동자산 2,155,280,882 1,364,447,541
티비에이치글로벌 084870 매각예정비유동자산 2,689,268,350 2,689,268,350
티비에이치글로벌 084870 비유동자산 137,783,196,974 137,897,421,555
티비에이치글로벌 084870 장기금융상품 0 0
티비에이치글로벌 084870 기타포괄손익-공정가치 0 0
티비에이치글로벌 084870 당기손익인식공정가치측정금융자산 0 0
티비에이치글로벌 084870 종속회사투자 0 0
티비에이치글로벌 084870 관계회사투자 0 0
티비에이치글로벌 084870 렌탈자산 0 0
티비에이치글로벌 084870 유형자산 60,664,317,437 60,572,161,974
티비에이치글로벌 084870 무형자산 1,503,760,861 1,556,476,625
티비에이치글로벌 084870 기타비유동금융자산 0 0
티비에이치글로벌 084870 기타비유동자산 0 0
티비에이치글로벌 084870 사용권자산 0 0
티비에이치글로벌 084870 이연법인세자산 9,931,935,181 9,722,564,768
티비에이치글로벌 084870 자산총계 228,488,594,626 231,023,741,877
티비에이치글로벌 084870 유동부채 146,874,323,817 145,984,534,778
티비에이치글로벌 084870 단기매입채무 0 0
티비에이치글로벌 084870 단기차입금 30,618,652,169 32,056,525,865
티비에이치글로벌 084870 유동성장기차입금 5,420,212,789 5,416,168,811
티비에이치글로벌 084870 유동성사채 0 0
티비에이치글로벌 084870 기타유동금융부채 0 0
티비에이치글로벌 084870 기타유동부채 529,482,877 1,355,702,141
티비에이치글로벌 084870 당기법인세부채 3,944,720 1,355,702,141
티비에이치글로벌 084870 유동리스부채 0 0
티비에이치글로벌 084870 비유동부채 24,105,461,825 24,044,663,856
티비에이치글로벌 084870 사채 0 0
티비에이치글로벌 084870 장기차입금 10,922,032,597 11,065,595,771
티비에이치글로벌 084870 기타비유동금융부채 0 0
티비에이치글로벌 084870 이연법인세부채 0 0
티비에이치글로벌 084870 비유동리스부채 0 0
티비에이치글로벌 084870 부채총계 170,979,785,642 170,029,198,634
티비에이치글로벌 084870 자본금 0 0
티비에이치글로벌 084870 자본잉여금 0 0
티비에이치글로벌 084870 자본조정 0 0
티비에이치글로벌 084870 기타포괄손익누계액 0 0
티비에이치글로벌 084870 이익잉여금(결손금) -8,783,704,906 -5,297,970,647
티비에이치글로벌 084870 자본총계 57,508,808,984 60,994,543,243
티비에이치글로벌 084870 자본과부채총계 228,488,594,626 231,023,741,877
date : 2018-06-30
티비에이치글로벌 084870 유동자산 91,990,224,898 93,126,320,322
티비에이치글로벌 084870 현금및현금성자산 3,938,769,671 153,059,746
티비에이치글로벌 084870 매출채권 20,708,639,008 22,381,362,701
티비에이치글로벌 084870 재고자산 61,032,212,830 64,924,550,154
티비에이치글로벌 084870 기타유동금융자산 0 0
티비에이치글로벌 084870 기타유동자산 2,407,003,354 1,364,447,541
티비에이치글로벌 084870 매각예정비유동자산 2,689,268,350 2,689,268,350
티비에이치글로벌 084870 비유동자산 126,768,301,472 137,897,421,555
티비에이치글로벌 084870 장기금융상품 0 0
티비에이치글로벌 084870 기타포괄손익-공정가치 0 0
티비에이치글로벌 084870 당기손익인식공정가치측정금융자산 0 0
티비에이치글로벌 084870 종속회사투자 0 0
티비에이치글로벌 084870 관계회사투자 0 0
티비에이치글로벌 084870 렌탈자산 0 0
티비에이치글로벌 084870 유형자산 59,447,131,427 60,572,161,974
티비에이치글로벌 084870 무형자산 1,461,038,093 1,556,476,625
티비에이치글로벌 084870 기타비유동금융자산 0 0
티비에이치글로벌 084870 기타비유동자산 0 0
티비에이치글로벌 084870 사용권자산 0 0
티비에이치글로벌 084870 이연법인세자산 385,587,080 9,722,564,768
티비에이치글로벌 084870 자산총계 218,758,526,370 231,023,741,877
티비에이치글로벌 084870 유동부채 140,689,078,257 145,984,534,778
티비에이치글로벌 084870 단기매입채무 7,582,865,499 7,721,263,265
티비에이치글로벌 084870 단기차입금 29,577,588,059 32,056,525,865
티비에이치글로벌 084870 유동성장기차입금 425,181,786 5,416,168,811
티비에이치글로벌 084870 유동성사채 0 0
티비에이치글로벌 084870 기타유동금융부채 0 0
티비에이치글로벌 084870 기타유동부채 1,325,371,114 1,355,702,141
티비에이치글로벌 084870 당기법인세부채 3,944,720 1,355,702,141
티비에이치글로벌 084870 유동리스부채 0 0
티비에이치글로벌 084870 비유동부채 28,589,675,902 24,044,663,856
티비에이치글로벌 084870 사채 0 0
티비에이치글로벌 084870 장기차입금 16,332,546,218 11,065,595,771
티비에이치글로벌 084870 기타비유동금융부채 0 0
티비에이치글로벌 084870 이연법인세부채 0 0
티비에이치글로벌 084870 비유동리스부채 0 0
티비에이치글로벌 084870 부채총계 169,278,754,159 170,029,198,634
티비에이치글로벌 084870 자본금 0 0
티비에이치글로벌 084870 자본잉여금 0 0
티비에이치글로벌 084870 자본조정 0 0
티비에이치글로벌 084870 기타포괄손익누계액 0 0
티비에이치글로벌 084870 이익잉여금(결손금) -16,812,741,679 -5,297,970,647
티비에이치글로벌 084870 자본총계 49,479,772,211 60,994,543,243
티비에이치글로벌 084870 자본과부채총계 218,758,526,370 231,023,741,877
date : 2018-09-30
티비에이치글로벌 084870 유동자산 97,052,734,537 93,126,320,322
티비에이치글로벌 084870 현금및현금성자산 315,429,699 153,059,746
티비에이치글로벌 084870 매출채권 18,715,721,587 22,381,362,701
티비에이치글로벌 084870 재고자산 71,390,742,198 64,924,550,154
티비에이치글로벌 084870 기타유동금융자산 0 0
티비에이치글로벌 084870 기타유동자산 3,077,067,920 1,364,447,541
티비에이치글로벌 084870 매각예정비유동자산 2,689,268,350 2,689,268,350
티비에이치글로벌 084870 비유동자산 126,310,916,634 137,897,421,555
티비에이치글로벌 084870 장기금융상품 0 0
티비에이치글로벌 084870 기타포괄손익-공정가치 0 0
티비에이치글로벌 084870 당기손익인식공정가치측정금융자산 0 0
티비에이치글로벌 084870 종속회사투자 0 0
티비에이치글로벌 084870 관계회사투자 0 0
티비에이치글로벌 084870 렌탈자산 0 0
티비에이치글로벌 084870 유형자산 59,355,114,822 60,572,161,974
티비에이치글로벌 084870 무형자산 1,384,135,790 1,556,476,625
티비에이치글로벌 084870 기타비유동금융자산 0 0
티비에이치글로벌 084870 기타비유동자산 0 0
티비에이치글로벌 084870 사용권자산 0 0
티비에이치글로벌 084870 이연법인세자산 476,967,698 9,722,564,768
티비에이치글로벌 084870 자산총계 223,363,651,171 231,023,741,877
티비에이치글로벌 084870 유동부채 149,015,178,388 145,984,534,778
티비에이치글로벌 084870 단기매입채무 14,749,654,570 7,721,263,265
티비에이치글로벌 084870 단기차입금 29,537,572,757 32,056,525,865
티비에이치글로벌 084870 유동성장기차입금 431,736,046 5,416,168,811
티비에이치글로벌 084870 유동성사채 0 0
티비에이치글로벌 084870 기타유동금융부채 0 0
티비에이치글로벌 084870 기타유동부채 508,049,923 1,355,702,141
티비에이치글로벌 084870 당기법인세부채 3,944,720 1,355,702,141
티비에이치글로벌 084870 유동리스부채 0 0
티비에이치글로벌 084870 비유동부채 28,772,009,935 24,044,663,856
티비에이치글로벌 084870 사채 0 0
티비에이치글로벌 084870 장기차입금 16,146,166,116 11,065,595,771
티비에이치글로벌 084870 기타비유동금융부채 0 0
티비에이치글로벌 084870 이연법인세부채 0 0
티비에이치글로벌 084870 비유동리스부채 0 0
티비에이치글로벌 084870 부채총계 177,787,188,323 170,029,198,634
티비에이치글로벌 084870 자본금 0 0
티비에이치글로벌 084870 자본잉여금 0 0
티비에이치글로벌 084870 자본조정 0 0
티비에이치글로벌 084870 기타포괄손익누계액 0 0
티비에이치글로벌 084870 이익잉여금(결손금) -20,716,051,042 -5,297,970,647
티비에이치글로벌 084870 자본총계 45,576,462,848 60,994,543,243
티비에이치글로벌 084870 자본과부채총계 223,363,651,171 231,023,741,877
date : 2018-12-31
티비에이치글로벌 084870 유동자산 88,731,785,830 397,819,814,634
티비에이치글로벌 084870 현금및현금성자산 2,071,644,322 59,656,131,696
티비에이치글로벌 084870 매출채권 21,445,571,822 106,123,590,532
티비에이치글로벌 084870 재고자산 62,522,850,012 198,649,379,161
티비에이치글로벌 084870 기타유동금융자산 0 0
티비에이치글로벌 084870 기타유동자산 1,544,217,688 16,258,998,239
티비에이치글로벌 084870 매각예정비유동자산 2,689,268,350 2,689,268,350
티비에이치글로벌 084870 비유동자산 177,514,081,888 155,963,136,308
티비에이치글로벌 084870 장기금융상품 0 0
티비에이치글로벌 084870 기타포괄손익-공정가치 0 0
티비에이치글로벌 084870 당기손익인식공정가치측정금융자산 0 0
티비에이치글로벌 084870 종속회사투자 0 0
티비에이치글로벌 084870 관계회사투자 0 0
티비에이치글로벌 084870 렌탈자산 0 0
티비에이치글로벌 084870 유형자산 59,400,555,024 119,056,548,045
티비에이치글로벌 084870 무형자산 1,176,002,167 3,089,102,015
티비에이치글로벌 084870 기타비유동금융자산 0 0
티비에이치글로벌 084870 기타비유동자산 0 0
티비에이치글로벌 084870 사용권자산 0 0
티비에이치글로벌 084870 이연법인세자산 16,244,483,093 18,065,059,873
티비에이치글로벌 084870 자산총계 266,245,867,718 553,782,950,942
티비에이치글로벌 084870 유동부채 61,058,409,022 293,848,522,060
티비에이치글로벌 084870 단기매입채무 6,245,291,460 35,601,092,204
티비에이치글로벌 084870 단기차입금 32,265,291,399 32,056,525,865
티비에이치글로벌 084870 유동성장기차입금 403,692,537 5,416,168,811
티비에이치글로벌 084870 유동성사채 0 0
티비에이치글로벌 084870 기타유동금융부채 0 0
티비에이치글로벌 084870 기타유동부채 771,574,704 15,153,107,044
티비에이치글로벌 084870 당기법인세부채 2,136,735,150 15,153,107,044
티비에이치글로벌 084870 유동리스부채 0 0
티비에이치글로벌 084870 비유동부채 21,741,576,195 31,067,737,969
티비에이치글로벌 084870 사채 0 0
티비에이치글로벌 084870 장기차입금 16,093,505,772 11,065,595,771
티비에이치글로벌 084870 기타비유동금융부채 0 0
티비에이치글로벌 084870 이연법인세부채 2,580,577,696 7,033,074,113
티비에이치글로벌 084870 비유동리스부채 0 0
티비에이치글로벌 084870 부채총계 82,799,985,217 324,916,260,029
티비에이치글로벌 084870 자본금 0 0
티비에이치글로벌 084870 자본잉여금 0 0
티비에이치글로벌 084870 자본조정 0 0
티비에이치글로벌 084870 기타포괄손익누계액 0 0
티비에이치글로벌 084870 이익잉여금(결손금) 96,478,518,455 150,094,639,414
티비에이치글로벌 084870 자본총계 183,445,882,501 228,866,690,913
티비에이치글로벌 084870 자본과부채총계 266,245,867,718 553,782,950,942
date : 2019-03-31
티비에이치글로벌 084870 유동자산 87,633,746,145 88,731,785,830
티비에이치글로벌 084870 현금및현금성자산 639,570,794 2,071,644,322
티비에이치글로벌 084870 매출채권 19,898,500,416 21,445,571,822
티비에이치글로벌 084870 재고자산 62,831,395,882 62,522,850,012
티비에이치글로벌 084870 기타유동금융자산 0 0
티비에이치글로벌 084870 기타유동자산 2,744,693,719 1,544,217,688
티비에이치글로벌 084870 매각예정비유동자산 0 0
티비에이치글로벌 084870 비유동자산 172,991,625,796 177,514,081,888
티비에이치글로벌 084870 장기금융상품 0 0
티비에이치글로벌 084870 기타포괄손익-공정가치 0 0
티비에이치글로벌 084870 당기손익인식공정가치측정금융자산 0 0
티비에이치글로벌 084870 종속회사투자 0 0
티비에이치글로벌 084870 관계회사투자 0 0
티비에이치글로벌 084870 렌탈자산 0 0
티비에이치글로벌 084870 유형자산 59,416,343,319 59,400,555,024
티비에이치글로벌 084870 무형자산 1,142,064,647 1,176,002,167
티비에이치글로벌 084870 기타비유동금융자산 0 0
티비에이치글로벌 084870 기타비유동자산 0 0
티비에이치글로벌 084870 사용권자산 0 0
티비에이치글로벌 084870 이연법인세자산 0 0
티비에이치글로벌 084870 자산총계 260,625,371,941 266,245,867,718
티비에이치글로벌 084870 유동부채 52,945,396,277 61,058,409,022
티비에이치글로벌 084870 단기매입채무 8,004,836,841 6,245,291,460
티비에이치글로벌 084870 단기차입금 29,642,116,431 32,265,291,399
티비에이치글로벌 084870 유동성장기차입금 609,062,655 403,692,537
티비에이치글로벌 084870 유동성사채 0 0
티비에이치글로벌 084870 기타유동금융부채 0 0
티비에이치글로벌 084870 기타유동부채 489,342,844 771,574,704
티비에이치글로벌 084870 당기법인세부채 0 0
티비에이치글로벌 084870 유동리스부채 0 0
티비에이치글로벌 084870 비유동부채 24,976,726,637 21,741,576,195
티비에이치글로벌 084870 사채 0 0
티비에이치글로벌 084870 장기차입금 16,989,473,750 16,093,505,772
티비에이치글로벌 084870 기타비유동금융부채 0 0
티비에이치글로벌 084870 이연법인세부채 2,580,577,696 2,580,577,696
티비에이치글로벌 084870 비유동리스부채 0 0
티비에이치글로벌 084870 부채총계 77,922,122,914 82,799,985,217
티비에이치글로벌 084870 자본금 0 0
티비에이치글로벌 084870 자본잉여금 0 0
티비에이치글로벌 084870 자본조정 0 0
티비에이치글로벌 084870 기타포괄손익누계액 0 0
티비에이치글로벌 084870 이익잉여금(결손금) 95,735,884,981 96,478,518,455
티비에이치글로벌 084870 자본총계 182,703,249,027 183,445,882,501
티비에이치글로벌 084870 자본과부채총계 260,625,371,941 266,245,867,718
