date : 2015-12-31
루트로닉 085370 유동자산 55,601,334,662 31,006,796,514
루트로닉 085370 현금및현금성자산 2,308,559,237 1,337,477,831
루트로닉 085370 매출채권 17,133,943,781 11,843,592,882
루트로닉 085370 재고자산 16,979,079,646 14,328,405,507
루트로닉 085370 기타유동금융자산 0 0
루트로닉 085370 기타유동자산 2,757,043,875 2,209,791,016
루트로닉 085370 매각예정비유동자산 0 0
루트로닉 085370 비유동자산 84,040,418,206 59,534,080,278
루트로닉 085370 장기금융상품 411,000,000 403,000,000
루트로닉 085370 기타포괄손익-공정가치 0 0
루트로닉 085370 당기손익인식공정가치측정금융자산 0 0
루트로닉 085370 종속회사투자 0 0
루트로닉 085370 관계회사투자 0 0
루트로닉 085370 렌탈자산 0 0
루트로닉 085370 유형자산 23,736,622,559 22,772,365,621
루트로닉 085370 무형자산 29,275,103,053 21,385,530,023
루트로닉 085370 기타비유동금융자산 0 0
루트로닉 085370 기타비유동자산 2,941,692,807 3,391,984,847
루트로닉 085370 사용권자산 0 0
루트로닉 085370 이연법인세자산 0 0
루트로닉 085370 자산총계 139,641,752,868 90,540,876,792
루트로닉 085370 유동부채 29,646,819,073 26,614,947,904
루트로닉 085370 단기매입채무 0 0
루트로닉 085370 단기차입금 14,200,000,000 17,900,000,000
루트로닉 085370 유동성장기차입금 1,244,444,444 577,750,000
루트로닉 085370 유동성사채 0 0
루트로닉 085370 기타유동금융부채 0 0
루트로닉 085370 기타유동부채 2,341,630,727 1,177,130,161
루트로닉 085370 당기법인세부채 0 0
루트로닉 085370 유동리스부채 0 0
루트로닉 085370 비유동부채 17,768,736,688 15,279,529,652
루트로닉 085370 사채 0 0
루트로닉 085370 장기차입금 9,644,444,445 10,855,600,000
루트로닉 085370 기타비유동금융부채 0 0
루트로닉 085370 이연법인세부채 3,608,176,000 0
루트로닉 085370 비유동리스부채 0 0
루트로닉 085370 부채총계 47,415,555,761 41,894,477,556
루트로닉 085370 자본금 5,408,187,000 5,203,520,500
루트로닉 085370 자본잉여금 0 0
루트로닉 085370 자본조정 0 0
루트로닉 085370 기타포괄손익누계액 0 0
루트로닉 085370 이익잉여금(결손금) 33,158,535,455 24,872,292,608
루트로닉 085370 자본총계 92,226,197,107 48,646,399,236
루트로닉 085370 자본과부채총계 139,641,752,868 90,540,876,792
date : 2016-03-31
루트로닉 085370 유동자산 55,614,073,117 55,601,334,662
루트로닉 085370 현금및현금성자산 2,725,404,584 2,308,559,237
루트로닉 085370 매출채권 19,412,162,704 17,133,943,781
루트로닉 085370 재고자산 17,948,813,466 16,979,079,646
루트로닉 085370 기타유동금융자산 0 0
루트로닉 085370 기타유동자산 2,600,023,739 2,757,043,875
루트로닉 085370 매각예정비유동자산 0 0
루트로닉 085370 비유동자산 91,241,636,125 84,040,418,206
루트로닉 085370 장기금융상품 453,000,000 411,000,000
루트로닉 085370 기타포괄손익-공정가치 0 0
루트로닉 085370 당기손익인식공정가치측정금융자산 0 0
루트로닉 085370 종속회사투자 0 0
루트로닉 085370 관계회사투자 0 0
루트로닉 085370 렌탈자산 0 0
루트로닉 085370 유형자산 24,695,911,066 23,736,622,559
루트로닉 085370 무형자산 30,727,929,465 29,275,103,053
루트로닉 085370 기타비유동금융자산 0 0
루트로닉 085370 기타비유동자산 2,535,945,807 2,941,692,807
루트로닉 085370 사용권자산 0 0
루트로닉 085370 이연법인세자산 0 0
루트로닉 085370 자산총계 146,855,709,242 139,641,752,868
루트로닉 085370 유동부채 30,597,942,608 29,646,819,073
루트로닉 085370 단기매입채무 0 0
루트로닉 085370 단기차입금 16,800,000,000 14,200,000,000
루트로닉 085370 유동성장기차입금 311,111,111 1,244,444,444
루트로닉 085370 유동성사채 0 0
루트로닉 085370 기타유동금융부채 0 0
루트로닉 085370 기타유동부채 1,935,145,681 2,341,630,727
루트로닉 085370 당기법인세부채 0 0
루트로닉 085370 유동리스부채 0 0
루트로닉 085370 비유동부채 18,798,132,792 17,768,736,688
루트로닉 085370 사채 0 0
루트로닉 085370 장기차입금 9,333,333,334 9,644,444,445
루트로닉 085370 기타비유동금융부채 0 0
루트로닉 085370 이연법인세부채 4,502,916,000 3,608,176,000
루트로닉 085370 비유동리스부채 0 0
루트로닉 085370 부채총계 49,396,075,400 47,415,555,761
루트로닉 085370 자본금 5,416,987,000 5,408,187,000
루트로닉 085370 자본잉여금 0 0
루트로닉 085370 자본조정 0 0
루트로닉 085370 기타포괄손익누계액 0 0
루트로닉 085370 이익잉여금(결손금) 34,905,736,945 33,158,535,455
루트로닉 085370 자본총계 97,459,633,842 92,226,197,107
루트로닉 085370 자본과부채총계 146,855,709,242 139,641,752,868
date : 2016-06-30
루트로닉 085370 유동자산 57,535,397,717 55,601,334,662
루트로닉 085370 현금및현금성자산 2,058,001,855 2,308,559,237
루트로닉 085370 매출채권 19,471,259,834 17,133,943,781
루트로닉 085370 재고자산 17,847,797,190 16,979,079,646
루트로닉 085370 기타유동금융자산 0 0
루트로닉 085370 기타유동자산 3,878,088,111 2,757,043,875
루트로닉 085370 매각예정비유동자산 0 0
루트로닉 085370 비유동자산 98,194,343,896 84,040,418,206
루트로닉 085370 장기금융상품 495,000,000 411,000,000
루트로닉 085370 기타포괄손익-공정가치 0 0
루트로닉 085370 당기손익인식공정가치측정금융자산 0 0
루트로닉 085370 종속회사투자 0 0
루트로닉 085370 관계회사투자 0 0
루트로닉 085370 렌탈자산 0 0
루트로닉 085370 유형자산 25,205,719,497 23,736,622,559
루트로닉 085370 무형자산 30,339,915,805 29,275,103,053
루트로닉 085370 기타비유동금융자산 0 0
루트로닉 085370 기타비유동자산 4,883,978,807 2,941,692,807
루트로닉 085370 사용권자산 0 0
루트로닉 085370 이연법인세자산 0 0
루트로닉 085370 자산총계 155,729,741,613 139,641,752,868
루트로닉 085370 유동부채 29,777,546,918 29,646,819,073
루트로닉 085370 단기매입채무 0 0
루트로닉 085370 단기차입금 17,800,304,587 14,200,000,000
루트로닉 085370 유동성장기차입금 622,222,222 1,244,444,444
루트로닉 085370 유동성사채 0 0
루트로닉 085370 기타유동금융부채 0 0
루트로닉 085370 기타유동부채 1,005,917,273 2,341,630,727
루트로닉 085370 당기법인세부채 0 0
루트로닉 085370 유동리스부채 0 0
루트로닉 085370 비유동부채 19,832,882,484 17,768,736,688
루트로닉 085370 사채 0 0
루트로닉 085370 장기차입금 9,022,222,223 9,644,444,445
루트로닉 085370 기타비유동금융부채 0 0
루트로닉 085370 이연법인세부채 5,210,715,400 3,608,176,000
루트로닉 085370 비유동리스부채 0 0
루트로닉 085370 부채총계 49,610,429,402 47,415,555,761
루트로닉 085370 자본금 5,416,987,000 5,408,187,000
루트로닉 085370 자본잉여금 0 0
루트로닉 085370 자본조정 0 0
루트로닉 085370 기타포괄손익누계액 0 0
루트로닉 085370 이익잉여금(결손금) 40,801,632,124 33,158,535,455
루트로닉 085370 자본총계 106,119,312,211 92,226,197,107
루트로닉 085370 자본과부채총계 155,729,741,613 139,641,752,868
date : 2016-09-30
루트로닉 085370 유동자산 60,091,538,709 55,601,334,662
루트로닉 085370 현금및현금성자산 1,697,765,207 2,308,559,237
루트로닉 085370 매출채권 19,250,388,454 17,133,943,781
루트로닉 085370 재고자산 19,246,247,456 16,979,079,646
루트로닉 085370 기타유동금융자산 0 0
루트로닉 085370 기타유동자산 5,193,272,660 2,757,043,875
루트로닉 085370 매각예정비유동자산 0 0
루트로닉 085370 비유동자산 91,134,380,831 84,040,418,206
루트로닉 085370 장기금융상품 534,000,000 411,000,000
루트로닉 085370 기타포괄손익-공정가치 0 0
루트로닉 085370 당기손익인식공정가치측정금융자산 0 0
루트로닉 085370 종속회사투자 0 0
루트로닉 085370 관계회사투자 0 0
루트로닉 085370 렌탈자산 0 0
루트로닉 085370 유형자산 25,230,996,630 23,736,622,559
루트로닉 085370 무형자산 29,271,485,751 29,275,103,053
루트로닉 085370 기타비유동금융자산 0 0
루트로닉 085370 기타비유동자산 4,895,980,807 2,941,692,807
루트로닉 085370 사용권자산 0 0
루트로닉 085370 이연법인세자산 0 0
루트로닉 085370 자산총계 151,225,919,540 139,641,752,868
루트로닉 085370 유동부채 29,451,336,276 29,646,819,073
루트로닉 085370 단기매입채무 0 0
루트로닉 085370 단기차입금 17,958,455,674 14,200,000,000
루트로닉 085370 유동성장기차입금 933,333,333 1,244,444,444
루트로닉 085370 유동성사채 0 0
루트로닉 085370 기타유동금융부채 0 0
루트로닉 085370 기타유동부채 1,056,961,623 2,341,630,727
루트로닉 085370 당기법인세부채 0 0
루트로닉 085370 유동리스부채 0 0
루트로닉 085370 비유동부채 17,979,571,198 17,768,736,688
루트로닉 085370 사채 0 0
루트로닉 085370 장기차입금 8,711,111,112 9,644,444,445
루트로닉 085370 기타비유동금융부채 0 0
루트로닉 085370 이연법인세부채 3,628,488,600 3,608,176,000
루트로닉 085370 비유동리스부채 0 0
루트로닉 085370 부채총계 47,430,907,474 47,415,555,761
루트로닉 085370 자본금 5,416,987,000 5,408,187,000
루트로닉 085370 자본잉여금 0 0
루트로닉 085370 자본조정 0 0
루트로닉 085370 기타포괄손익누계액 0 0
루트로닉 085370 이익잉여금(결손금) 43,828,117,374 33,158,535,455
루트로닉 085370 자본총계 103,795,012,066 92,226,197,107
루트로닉 085370 자본과부채총계 151,225,919,540 139,641,752,868
date : 2016-12-31
루트로닉 085370 유동자산 113,236,512,026 55,601,334,662
루트로닉 085370 현금및현금성자산 2,678,901,407 2,308,559,237
루트로닉 085370 매출채권 17,607,858,268 17,133,943,781
루트로닉 085370 재고자산 20,492,380,766 16,979,079,646
루트로닉 085370 기타유동금융자산 0 0
루트로닉 085370 기타유동자산 5,318,362,072 2,757,043,875
루트로닉 085370 매각예정비유동자산 0 0
루트로닉 085370 비유동자산 95,211,908,290 84,040,418,206
루트로닉 085370 장기금융상품 512,197,823 411,000,000
루트로닉 085370 기타포괄손익-공정가치 0 0
루트로닉 085370 당기손익인식공정가치측정금융자산 0 0
루트로닉 085370 종속회사투자 0 0
루트로닉 085370 관계회사투자 0 0
루트로닉 085370 렌탈자산 0 0
루트로닉 085370 유형자산 25,893,043,185 23,736,622,559
루트로닉 085370 무형자산 30,940,138,832 29,275,103,053
루트로닉 085370 기타비유동금융자산 0 0
루트로닉 085370 기타비유동자산 8,875,780,807 2,941,692,807
루트로닉 085370 사용권자산 0 0
루트로닉 085370 이연법인세자산 0 0
루트로닉 085370 자산총계 208,448,420,316 139,641,752,868
루트로닉 085370 유동부채 31,023,273,126 29,646,819,073
루트로닉 085370 단기매입채무 0 0
루트로닉 085370 단기차입금 17,545,471,630 14,200,000,000
루트로닉 085370 유동성장기차입금 1,244,444,444 1,244,444,444
루트로닉 085370 유동성사채 0 0
루트로닉 085370 기타유동금융부채 0 0
루트로닉 085370 기타유동부채 3,632,275,224 2,341,630,727
루트로닉 085370 당기법인세부채 0 0
루트로닉 085370 유동리스부채 0 0
루트로닉 085370 비유동부채 17,095,028,331 17,768,736,688
루트로닉 085370 사채 0 0
루트로닉 085370 장기차입금 8,400,000,001 9,644,444,445
루트로닉 085370 기타비유동금융부채 0 0
루트로닉 085370 이연법인세부채 2,949,843,600 3,608,176,000
루트로닉 085370 비유동리스부채 0 0
루트로닉 085370 부채총계 48,118,301,457 47,415,555,761
루트로닉 085370 자본금 6,451,520,500 5,408,187,000
루트로닉 085370 자본잉여금 0 0
루트로닉 085370 자본조정 0 0
루트로닉 085370 기타포괄손익누계액 0 0
루트로닉 085370 이익잉여금(결손금) 45,551,874,688 33,158,535,455
루트로닉 085370 자본총계 160,330,118,859 92,226,197,107
루트로닉 085370 자본과부채총계 208,448,420,316 139,641,752,868
date : 2017-03-31
루트로닉 085370 유동자산 113,512,737,876 113,236,512,026
루트로닉 085370 현금및현금성자산 1,585,695,006 2,678,901,407
루트로닉 085370 매출채권 17,641,906,194 17,607,858,268
루트로닉 085370 재고자산 21,549,115,039 20,492,380,766
루트로닉 085370 기타유동금융자산 0 0
루트로닉 085370 기타유동자산 5,848,075,572 5,318,362,072
루트로닉 085370 매각예정비유동자산 0 0
루트로닉 085370 비유동자산 94,059,768,465 95,211,908,290
루트로닉 085370 장기금융상품 549,870,381 512,197,823
루트로닉 085370 기타포괄손익-공정가치 0 0
루트로닉 085370 당기손익인식공정가치측정금융자산 0 0
루트로닉 085370 종속회사투자 0 0
루트로닉 085370 관계회사투자 0 0
루트로닉 085370 렌탈자산 0 0
루트로닉 085370 유형자산 25,553,127,435 25,893,043,185
루트로닉 085370 무형자산 19,884,484,023 30,940,138,832
루트로닉 085370 기타비유동금융자산 0 0
루트로닉 085370 기타비유동자산 8,900,120,807 8,875,780,807
루트로닉 085370 사용권자산 0 0
루트로닉 085370 이연법인세자산 0 0
루트로닉 085370 자산총계 207,572,506,341 208,448,420,316
루트로닉 085370 유동부채 31,303,901,716 31,023,273,126
루트로닉 085370 단기매입채무 0 0
루트로닉 085370 단기차입금 19,532,602,446 17,545,471,630
루트로닉 085370 유동성장기차입금 1,244,444,444 1,244,444,444
루트로닉 085370 유동성사채 0 0
루트로닉 085370 기타유동금융부채 0 0
루트로닉 085370 기타유동부채 3,188,731,209 3,632,275,224
루트로닉 085370 당기법인세부채 0 0
루트로닉 085370 유동리스부채 0 0
루트로닉 085370 비유동부채 16,488,667,085 17,095,028,331
루트로닉 085370 사채 0 0
루트로닉 085370 장기차입금 8,088,888,890 8,400,000,001
루트로닉 085370 기타비유동금융부채 0 0
루트로닉 085370 이연법인세부채 2,578,851,000 2,949,843,600
루트로닉 085370 비유동리스부채 0 0
루트로닉 085370 부채총계 47,792,568,801 48,118,301,457
루트로닉 085370 자본금 12,740,321,500 6,451,520,500
루트로닉 085370 자본잉여금 0 0
루트로닉 085370 자본조정 0 0
루트로닉 085370 기타포괄손익누계액 0 0
루트로닉 085370 이익잉여금(결손금) 45,905,809,853 45,551,874,688
루트로닉 085370 자본총계 159,779,937,540 160,330,118,859
루트로닉 085370 자본과부채총계 207,572,506,341 208,448,420,316
date : 2017-06-30
루트로닉 085370 유동자산 114,742,837,800 113,236,512,026
루트로닉 085370 현금및현금성자산 1,231,213,118 2,678,901,407
루트로닉 085370 매출채권 21,179,911,403 17,607,858,268
루트로닉 085370 재고자산 21,243,807,346 20,492,380,766
루트로닉 085370 기타유동금융자산 0 0
루트로닉 085370 기타유동자산 6,344,925,905 5,318,362,072
루트로닉 085370 매각예정비유동자산 0 0
루트로닉 085370 비유동자산 96,250,166,481 95,211,908,290
루트로닉 085370 장기금융상품 559,546,144 512,197,823
루트로닉 085370 기타포괄손익-공정가치 0 0
루트로닉 085370 당기손익인식공정가치측정금융자산 0 0
루트로닉 085370 종속회사투자 0 0
루트로닉 085370 관계회사투자 0 0
루트로닉 085370 렌탈자산 0 0
루트로닉 085370 유형자산 25,148,606,702 25,893,043,185
루트로닉 085370 무형자산 20,914,919,009 30,940,138,832
루트로닉 085370 기타비유동금융자산 0 0
루트로닉 085370 기타비유동자산 8,894,620,807 8,875,780,807
루트로닉 085370 사용권자산 0 0
루트로닉 085370 이연법인세자산 0 0
루트로닉 085370 자산총계 210,993,004,281 208,448,420,316
루트로닉 085370 유동부채 32,333,813,944 31,023,273,126
루트로닉 085370 단기매입채무 0 0
루트로닉 085370 단기차입금 21,270,607,122 17,545,471,630
루트로닉 085370 유동성장기차입금 1,244,444,444 1,244,444,444
루트로닉 085370 유동성사채 0 0
루트로닉 085370 기타유동금융부채 0 0
루트로닉 085370 기타유동부채 1,153,828,213 3,632,275,224
루트로닉 085370 당기법인세부채 0 0
루트로닉 085370 유동리스부채 0 0
루트로닉 085370 비유동부채 16,473,002,584 17,095,028,331
루트로닉 085370 사채 0 0
루트로닉 085370 장기차입금 7,777,777,779 8,400,000,001
루트로닉 085370 기타비유동금융부채 0 0
루트로닉 085370 이연법인세부채 2,814,114,600 2,949,843,600
루트로닉 085370 비유동리스부채 0 0
루트로닉 085370 부채총계 48,806,816,528 48,118,301,457
루트로닉 085370 자본금 12,756,336,000 6,451,520,500
루트로닉 085370 자본잉여금 0 0
루트로닉 085370 자본조정 0 0
루트로닉 085370 기타포괄손익누계액 0 0
루트로닉 085370 이익잉여금(결손금) 47,222,493,462 45,551,874,688
루트로닉 085370 자본총계 162,186,187,753 160,330,118,859
루트로닉 085370 자본과부채총계 210,993,004,281 208,448,420,316
date : 2017-09-30
루트로닉 085370 유동자산 117,274,471,559 113,236,512,026
루트로닉 085370 현금및현금성자산 1,535,005,688 2,678,901,407
루트로닉 085370 매출채권 22,201,552,702 17,607,858,268
루트로닉 085370 재고자산 22,153,542,682 20,492,380,766
루트로닉 085370 기타유동금융자산 0 0
루트로닉 085370 기타유동자산 7,494,497,319 5,318,362,072
루트로닉 085370 매각예정비유동자산 0 0
루트로닉 085370 비유동자산 96,457,259,569 95,211,908,290
루트로닉 085370 장기금융상품 601,557,062 512,197,823
루트로닉 085370 기타포괄손익-공정가치 0 0
루트로닉 085370 당기손익인식공정가치측정금융자산 0 0
루트로닉 085370 종속회사투자 0 0
루트로닉 085370 관계회사투자 0 0
루트로닉 085370 렌탈자산 0 0
루트로닉 085370 유형자산 25,466,413,403 25,893,043,185
루트로닉 085370 무형자산 21,513,924,997 30,940,138,832
루트로닉 085370 기타비유동금융자산 0 0
루트로닉 085370 기타비유동자산 8,896,940,288 8,875,780,807
루트로닉 085370 사용권자산 0 0
루트로닉 085370 이연법인세자산 0 0
루트로닉 085370 자산총계 213,731,731,128 208,448,420,316
루트로닉 085370 유동부채 34,475,445,907 31,023,273,126
루트로닉 085370 단기매입채무 3,573,158,468 2,608,596,188
루트로닉 085370 단기차입금 24,352,442,338 17,545,471,630
루트로닉 085370 유동성장기차입금 1,244,444,444 1,244,444,444
루트로닉 085370 유동성사채 0 0
루트로닉 085370 기타유동금융부채 0 0
루트로닉 085370 기타유동부채 1,724,794,961 3,632,275,224
루트로닉 085370 당기법인세부채 0 0
루트로닉 085370 유동리스부채 0 0
루트로닉 085370 비유동부채 16,083,793,058 17,095,028,331
루트로닉 085370 사채 0 0
루트로닉 085370 장기차입금 7,466,666,668 8,400,000,001
루트로닉 085370 기타비유동금융부채 0 0
루트로닉 085370 이연법인세부채 2,648,223,600 2,949,843,600
루트로닉 085370 비유동리스부채 0 0
루트로닉 085370 부채총계 50,559,238,965 48,118,301,457
루트로닉 085370 자본금 12,814,631,000 6,451,520,500
루트로닉 085370 자본잉여금 0 0
루트로닉 085370 자본조정 0 0
루트로닉 085370 기타포괄손익누계액 0 0
루트로닉 085370 이익잉여금(결손금) 48,822,138,832 45,551,874,688
루트로닉 085370 자본총계 163,172,492,163 160,330,118,859
루트로닉 085370 자본과부채총계 213,731,731,128 208,448,420,316
date : 2017-12-31
루트로닉 085370 유동자산 118,400,077,560 113,236,512,026
루트로닉 085370 현금및현금성자산 687,517,438 2,678,901,407
루트로닉 085370 매출채권 23,386,266,921 17,607,858,268
루트로닉 085370 재고자산 23,957,624,856 20,492,380,766
루트로닉 085370 기타유동금융자산 66,927,146,024 69,609,750,305
루트로닉 085370 기타유동자산 4,061,873,771 2,961,686,891
루트로닉 085370 매각예정비유동자산 0 0
루트로닉 085370 비유동자산 105,789,209,290 95,211,908,290
루트로닉 085370 장기금융상품 0 0
루트로닉 085370 기타포괄손익-공정가치 0 0
루트로닉 085370 당기손익인식공정가치측정금융자산 0 0
루트로닉 085370 종속회사투자 0 0
루트로닉 085370 관계회사투자 0 0
루트로닉 085370 렌탈자산 0 0
루트로닉 085370 유형자산 25,260,262,101 25,893,043,185
루트로닉 085370 무형자산 22,920,864,241 30,940,138,832
루트로닉 085370 기타비유동금융자산 27,412,716,697 25,057,895,679
루트로닉 085370 기타비유동자산 457,230,288 394,570,807
루트로닉 085370 사용권자산 0 0
루트로닉 085370 이연법인세자산 0 0
루트로닉 085370 자산총계 224,189,286,850 208,448,420,316
루트로닉 085370 유동부채 40,632,175,944 31,023,273,126
루트로닉 085370 단기매입채무 0 0
루트로닉 085370 단기차입금 0 0
루트로닉 085370 유동성장기차입금 0 0
루트로닉 085370 유동성사채 0 0
루트로닉 085370 기타유동금융부채 29,565,900,292 18,789,916,074
루트로닉 085370 기타유동부채 1,816,527,554 1,160,239,391
루트로닉 085370 당기법인세부채 404,954,573 2,398,433,996
루트로닉 085370 유동리스부채 0 0
루트로닉 085370 비유동부채 16,598,540,617 17,095,028,331
루트로닉 085370 사채 0 0
루트로닉 085370 장기차입금 0 0
루트로닉 085370 기타비유동금융부채 7,812,455,557 9,275,200,001
루트로닉 085370 이연법인세부채 3,462,597,600 2,949,843,600
루트로닉 085370 비유동리스부채 0 0
루트로닉 085370 부채총계 57,230,716,561 48,118,301,457
루트로닉 085370 자본금 12,872,296,500 6,451,520,500
루트로닉 085370 자본잉여금 0 0
루트로닉 085370 자본조정 0 0
루트로닉 085370 기타포괄손익누계액 0 0
루트로닉 085370 이익잉여금(결손금) 49,432,662,199 45,551,874,688
루트로닉 085370 자본총계 166,958,570,289 160,330,118,859
루트로닉 085370 자본과부채총계 224,189,286,850 208,448,420,316
date : 2018-03-31
루트로닉 085370 유동자산 120,594,546,992 118,400,077,560
루트로닉 085370 현금및현금성자산 512,016,746 687,517,438
루트로닉 085370 매출채권 24,010,074,169 23,386,266,921
루트로닉 085370 재고자산 26,338,696,946 23,957,624,856
루트로닉 085370 기타유동금융자산 66,504,285,859 66,927,146,024
루트로닉 085370 기타유동자산 4,627,455,371 4,061,873,771
루트로닉 085370 매각예정비유동자산 0 0
루트로닉 085370 비유동자산 110,287,950,747 105,789,209,290
루트로닉 085370 장기금융상품 0 0
루트로닉 085370 기타포괄손익-공정가치 0 0
루트로닉 085370 당기손익인식공정가치측정금융자산 0 0
루트로닉 085370 종속회사투자 0 0
루트로닉 085370 관계회사투자 0 0
루트로닉 085370 렌탈자산 0 0
루트로닉 085370 유형자산 25,440,256,259 25,260,262,101
루트로닉 085370 무형자산 23,710,744,332 22,920,864,241
루트로닉 085370 기타비유동금융자산 30,942,480,143 27,412,716,697
루트로닉 085370 기타비유동자산 456,334,050 457,230,288
루트로닉 085370 사용권자산 0 0
루트로닉 085370 이연법인세자산 0 0
루트로닉 085370 자산총계 230,882,497,739 224,189,286,850
루트로닉 085370 유동부채 45,640,940,632 40,632,175,944
루트로닉 085370 단기매입채무 0 0
루트로닉 085370 단기차입금 0 0
루트로닉 085370 유동성장기차입금 0 0
루트로닉 085370 유동성사채 0 0
루트로닉 085370 기타유동금융부채 32,764,624,757 29,565,900,292
루트로닉 085370 기타유동부채 1,141,500,578 1,816,527,554
루트로닉 085370 당기법인세부채 543,312,417 404,954,573
루트로닉 085370 유동리스부채 0 0
루트로닉 085370 비유동부채 15,667,539,179 16,598,540,617
루트로닉 085370 사채 0 0
루트로닉 085370 장기차입금 0 0
루트로닉 085370 기타비유동금융부채 7,441,344,446 7,812,455,557
루트로닉 085370 이연법인세부채 4,216,647,600 3,462,597,600
루트로닉 085370 비유동리스부채 0 0
루트로닉 085370 부채총계 61,308,479,811 57,230,716,561
루트로닉 085370 자본금 13,072,269,000 12,872,296,500
루트로닉 085370 자본잉여금 0 0
루트로닉 085370 자본조정 0 0
루트로닉 085370 기타포괄손익누계액 0 0
루트로닉 085370 이익잉여금(결손금) 49,200,883,724 49,432,662,199
루트로닉 085370 자본총계 169,574,017,928 166,958,570,289
루트로닉 085370 자본과부채총계 230,882,497,739 224,189,286,850
date : 2018-06-30
루트로닉 085370 유동자산 125,584,270,546 118,400,077,560
루트로닉 085370 현금및현금성자산 554,611,647 687,517,438
루트로닉 085370 매출채권 29,352,482,534 23,386,266,921
루트로닉 085370 재고자산 27,153,460,151 23,957,624,856
루트로닉 085370 기타유동금융자산 65,534,586,513 66,927,146,024
루트로닉 085370 기타유동자산 5,326,502,195 4,061,873,771
루트로닉 085370 매각예정비유동자산 0 0
루트로닉 085370 비유동자산 106,996,491,786 105,789,209,290
루트로닉 085370 장기금융상품 0 0
루트로닉 085370 기타포괄손익-공정가치 0 0
루트로닉 085370 당기손익인식공정가치측정금융자산 0 0
루트로닉 085370 종속회사투자 0 0
루트로닉 085370 관계회사투자 0 0
루트로닉 085370 렌탈자산 0 0
루트로닉 085370 유형자산 25,216,764,297 25,260,262,101
루트로닉 085370 무형자산 24,014,853,968 22,920,864,241
루트로닉 085370 기타비유동금융자산 27,570,403,508 27,412,716,697
루트로닉 085370 기타비유동자산 456,334,050 457,230,288
루트로닉 085370 사용권자산 0 0
루트로닉 085370 이연법인세자산 0 0
루트로닉 085370 자산총계 232,580,762,332 224,189,286,850
루트로닉 085370 유동부채 47,788,327,791 40,632,175,944
루트로닉 085370 단기매입채무 0 0
루트로닉 085370 단기차입금 0 0
루트로닉 085370 유동성장기차입금 0 0
루트로닉 085370 유동성사채 0 0
루트로닉 085370 기타유동금융부채 36,866,923,902 29,565,900,292
루트로닉 085370 기타유동부채 1,406,256,392 1,816,527,554
루트로닉 085370 당기법인세부채 196,037,157 404,954,573
루트로닉 085370 유동리스부채 0 0
루트로닉 085370 비유동부채 15,571,393,922 16,598,540,617
루트로닉 085370 사채 0 0
루트로닉 085370 장기차입금 0 0
루트로닉 085370 기타비유동금융부채 7,166,233,335 7,812,455,557
루트로닉 085370 이연법인세부채 3,236,382,600 3,462,597,600
루트로닉 085370 비유동리스부채 0 0
루트로닉 085370 부채총계 63,359,721,713 57,230,716,561
루트로닉 085370 자본금 13,104,668,500 12,872,296,500
루트로닉 085370 자본잉여금 0 0
루트로닉 085370 자본조정 0 0
루트로닉 085370 기타포괄손익누계액 0 0
루트로닉 085370 이익잉여금(결손금) 51,995,264,776 49,432,662,199
루트로닉 085370 자본총계 169,221,040,619 166,958,570,289
루트로닉 085370 자본과부채총계 232,580,762,332 224,189,286,850
date : 2018-09-30
루트로닉 085370 유동자산 124,552,002,012 118,400,077,560
루트로닉 085370 현금및현금성자산 783,855,492 687,517,438
루트로닉 085370 매출채권 28,273,932,710 23,386,266,921
루트로닉 085370 재고자산 28,129,597,186 23,957,624,856
루트로닉 085370 기타유동금융자산 65,454,641,249 66,927,146,024
루트로닉 085370 기타유동자산 5,647,128,559 4,061,873,771
루트로닉 085370 매각예정비유동자산 0 0
루트로닉 085370 비유동자산 124,814,761,191 105,789,209,290
루트로닉 085370 장기금융상품 0 0
루트로닉 085370 기타포괄손익-공정가치 0 0
루트로닉 085370 당기손익인식공정가치측정금융자산 0 0
루트로닉 085370 종속회사투자 0 0
루트로닉 085370 관계회사투자 0 0
루트로닉 085370 렌탈자산 0 0
루트로닉 085370 유형자산 26,015,103,517 25,260,262,101
루트로닉 085370 무형자산 24,834,036,646 22,920,864,241
루트로닉 085370 기타비유동금융자산 43,762,817,077 27,412,716,697
루트로닉 085370 기타비유동자산 464,667,988 457,230,288
루트로닉 085370 사용권자산 0 0
루트로닉 085370 이연법인세자산 0 0
루트로닉 085370 자산총계 249,366,763,203 224,189,286,850
루트로닉 085370 유동부채 51,240,491,562 40,632,175,944
루트로닉 085370 단기매입채무 0 0
루트로닉 085370 단기차입금 0 0
루트로닉 085370 유동성장기차입금 0 0
루트로닉 085370 유동성사채 0 0
루트로닉 085370 기타유동금융부채 41,115,117,487 29,565,900,292
루트로닉 085370 기타유동부채 968,553,774 1,816,527,554
루트로닉 085370 당기법인세부채 69,950,667 404,954,573
루트로닉 085370 유동리스부채 0 0
루트로닉 085370 비유동부채 18,947,871,183 16,598,540,617
루트로닉 085370 사채 0 0
루트로닉 085370 장기차입금 0 0
루트로닉 085370 기타비유동금융부채 6,859,622,224 7,812,455,557
루트로닉 085370 이연법인세부채 6,569,645,931 3,462,597,600
루트로닉 085370 비유동리스부채 0 0
루트로닉 085370 부채총계 70,188,362,745 57,230,716,561
루트로닉 085370 자본금 13,112,732,000 12,872,296,500
루트로닉 085370 자본잉여금 0 0
루트로닉 085370 자본조정 0 0
루트로닉 085370 기타포괄손익누계액 0 0
루트로닉 085370 이익잉여금(결손금) 50,044,390,731 49,432,662,199
루트로닉 085370 자본총계 179,178,400,458 166,958,570,289
루트로닉 085370 자본과부채총계 249,366,763,203 224,189,286,850
date : 2018-12-31
루트로닉 085370 유동자산 129,633,168,287 118,400,077,560
루트로닉 085370 현금및현금성자산 1,740,662,953 687,517,438
루트로닉 085370 매출채권 36,587,934,514 23,386,266,921
루트로닉 085370 재고자산 27,496,785,434 23,957,624,856
루트로닉 085370 기타유동금융자산 62,072,198,519 66,927,146,024
루트로닉 085370 기타유동자산 5,832,660,272 4,061,873,771
루트로닉 085370 매각예정비유동자산 0 0
루트로닉 085370 비유동자산 125,620,683,375 105,789,209,290
루트로닉 085370 장기금융상품 0 0
루트로닉 085370 기타포괄손익-공정가치 0 0
루트로닉 085370 당기손익인식공정가치측정금융자산 0 0
루트로닉 085370 종속회사투자 0 0
루트로닉 085370 관계회사투자 0 0
루트로닉 085370 렌탈자산 0 0
루트로닉 085370 유형자산 25,606,916,301 25,260,262,101
루트로닉 085370 무형자산 24,904,229,597 22,920,864,241
루트로닉 085370 기타비유동금융자산 44,493,941,171 27,412,716,697
루트로닉 085370 기타비유동자산 812,628,843 457,230,288
루트로닉 085370 사용권자산 0 0
루트로닉 085370 이연법인세자산 0 0
루트로닉 085370 자산총계 255,253,851,662 224,189,286,850
루트로닉 085370 유동부채 53,252,420,530 40,632,175,944
루트로닉 085370 단기매입채무 0 0
루트로닉 085370 단기차입금 0 0
루트로닉 085370 유동성장기차입금 0 0
루트로닉 085370 유동성사채 0 0
루트로닉 085370 기타유동금융부채 39,125,990,812 29,565,900,292
루트로닉 085370 기타유동부채 3,262,241,215 1,816,527,554
루트로닉 085370 당기법인세부채 467,650,902 404,954,573
루트로닉 085370 유동리스부채 0 0
루트로닉 085370 비유동부채 23,460,702,261 16,598,540,617
루트로닉 085370 사채 0 0
루트로닉 085370 장기차입금 0 0
루트로닉 085370 기타비유동금융부채 10,947,149,646 7,812,455,557
루트로닉 085370 이연법인세부채 6,522,752,931 3,462,597,600
루트로닉 085370 비유동리스부채 0 0
루트로닉 085370 부채총계 76,713,122,791 57,230,716,561
루트로닉 085370 자본금 13,113,619,500 12,872,296,500
루트로닉 085370 자본잉여금 0 0
루트로닉 085370 자본조정 0 0
루트로닉 085370 기타포괄손익누계액 0 0
루트로닉 085370 이익잉여금(결손금) 49,479,786,299 49,432,662,199
루트로닉 085370 자본총계 178,540,728,871 166,958,570,289
루트로닉 085370 자본과부채총계 255,253,851,662 224,189,286,850
date : 2019-03-31
루트로닉 085370 유동자산 133,533,152,688 129,633,168,287
루트로닉 085370 현금및현금성자산 623,692,490 1,740,662,953
루트로닉 085370 매출채권 41,313,235,587 36,587,934,514
루트로닉 085370 재고자산 28,311,110,483 27,496,785,434
루트로닉 085370 기타유동금융자산 61,826,884,225 62,072,198,519
루트로닉 085370 기타유동자산 6,528,083,737 5,832,660,272
루트로닉 085370 매각예정비유동자산 0 0
루트로닉 085370 비유동자산 126,329,731,344 125,620,683,375
루트로닉 085370 장기금융상품 0 0
루트로닉 085370 기타포괄손익-공정가치 0 0
루트로닉 085370 당기손익인식공정가치측정금융자산 0 0
루트로닉 085370 종속회사투자 0 0
루트로닉 085370 관계회사투자 0 0
루트로닉 085370 렌탈자산 0 0
루트로닉 085370 유형자산 25,415,580,342 25,606,916,301
루트로닉 085370 무형자산 25,976,423,985 24,904,229,597
루트로닉 085370 기타비유동금융자산 41,812,827,689 44,493,941,171
루트로닉 085370 기타비유동자산 785,452,470 812,628,843
루트로닉 085370 사용권자산 0 0
루트로닉 085370 이연법인세자산 0 0
루트로닉 085370 자산총계 259,862,884,032 255,253,851,662
루트로닉 085370 유동부채 61,100,139,649 53,252,420,530
루트로닉 085370 단기매입채무 0 0
루트로닉 085370 단기차입금 0 0
루트로닉 085370 유동성장기차입금 0 0
루트로닉 085370 유동성사채 0 0
루트로닉 085370 기타유동금융부채 47,871,353,845 39,125,990,812
루트로닉 085370 기타유동부채 1,985,505,859 3,262,241,215
루트로닉 085370 당기법인세부채 467,650,902 467,650,902
루트로닉 085370 유동리스부채 0 0
루트로닉 085370 비유동부채 22,702,812,927 23,460,702,261
루트로닉 085370 사채 0 0
루트로닉 085370 장기차입금 0 0
루트로닉 085370 기타비유동금융부채 10,615,759,252 10,947,149,646
루트로닉 085370 이연법인세부채 6,147,608,931 6,522,752,931
루트로닉 085370 비유동리스부채 0 0
루트로닉 085370 부채총계 83,802,952,576 76,713,122,791
루트로닉 085370 자본금 13,133,222,500 13,113,619,500
루트로닉 085370 자본잉여금 0 0
루트로닉 085370 자본조정 0 0
루트로닉 085370 기타포괄손익누계액 0 0
루트로닉 085370 이익잉여금(결손금) 48,288,257,626 49,479,786,299
루트로닉 085370 자본총계 176,059,931,456 178,540,728,871
루트로닉 085370 자본과부채총계 259,862,884,032 255,253,851,662
