date : 2019-03-31
뉴프렉스 085670 유동자산 62,789,766,698 59,284,227,781
뉴프렉스 085670 현금및현금성자산 3,724,143,927 4,672,346,846
뉴프렉스 085670 매출채권 26,296,937,310 23,009,947,999
뉴프렉스 085670 기타유동자산 237,121,277 196,639,994
뉴프렉스 085670 재고자산 22,461,963,868 22,386,256,923
뉴프렉스 085670 비유동자산 66,127,738,282 67,596,283,043
뉴프렉스 085670 장기금융상품 560,000,000 660,000,000
뉴프렉스 085670 유형자산 55,311,732,816 56,655,290,651
뉴프렉스 085670 무형자산 990,222,761 1,075,769,983
뉴프렉스 085670 자산총계 128,917,504,980 126,880,510,824
뉴프렉스 085670 유동부채 46,136,235,413 42,531,945,817
뉴프렉스 085670 단기차입금 15,576,648,370 17,344,780,085
뉴프렉스 085670 기타유동부채 378,729,866 375,186,815
뉴프렉스 085670 비유동부채 25,195,754,323 24,874,395,961
뉴프렉스 085670 장기차입금 12,428,943,333 12,353,623,333
뉴프렉스 085670 기타비유동금융부채 398,300,000 398,300,000
뉴프렉스 085670 이연법인세부채 3,667,744,954 3,805,762,337
뉴프렉스 085670 부채총계 71,331,989,736 67,406,341,778
뉴프렉스 085670 자본잉여금 13,979,541,872 13,979,541,872
뉴프렉스 085670 기타포괄손익누계액 8,178,534,000 8,178,534,000
뉴프렉스 085670 자본총계 57,585,515,244 59,474,169,046
뉴프렉스 085670 자본과부채총계 128,917,504,980 126,880,510,824
