date : 2015-12-31
알티캐스트 085810 유동자산 78,489,398,623 90,401,801,080
알티캐스트 085810 현금및현금성자산 13,217,701,522 24,557,657,422
알티캐스트 085810 매출채권 및 기타채권
알티캐스트 085810 재고자산 0 0
알티캐스트 085810 기타유동금융자산 19,000,000,000 13,600,000,000
알티캐스트 085810 기타유동자산 3,114,685,700 2,817,397,611
알티캐스트 085810 매각예정비유동자산 0 0
알티캐스트 085810 비유동자산 30,267,564,574 19,338,849,746
알티캐스트 085810 장기금융상품 0 0
알티캐스트 085810 기타포괄손익-공정가치 0 0
알티캐스트 085810 당기손익인식공정가치측정금융자산 0 0
알티캐스트 085810 종속회사투자 0 0
알티캐스트 085810 관계회사투자 0 0
알티캐스트 085810 렌탈자산 0 0
알티캐스트 085810 유형자산 2,421,027,653 992,328,877
알티캐스트 085810 무형자산 8,775,757,139 8,240,378,175
알티캐스트 085810 기타비유동금융자산 700,924,348 578,200,000
알티캐스트 085810 기타비유동자산 0 0
알티캐스트 085810 사용권자산 0 0
알티캐스트 085810 이연법인세자산 9,011,263,315 5,323,169,893
알티캐스트 085810 자산총계 108,756,963,197 109,740,650,826
알티캐스트 085810 유동부채 9,242,600,246 8,000,673,627
알티캐스트 085810 단기매입채무 0 0
알티캐스트 085810 단기차입금 2,572,561,116 465,212,811
알티캐스트 085810 유동성장기차입금 0 0
알티캐스트 085810 유동성사채 0 0
알티캐스트 085810 기타유동금융부채 0 0
알티캐스트 085810 기타유동부채 997,051,771 650,964,251
알티캐스트 085810 당기법인세부채 533,975,606 177,396,559
알티캐스트 085810 유동리스부채 0 0
알티캐스트 085810 비유동부채 3,917,611,953 5,037,970,561
알티캐스트 085810 사채 0 0
알티캐스트 085810 장기차입금 0 0
알티캐스트 085810 기타비유동금융부채 0 0
알티캐스트 085810 이연법인세부채 0 0
알티캐스트 085810 비유동리스부채 0 0
알티캐스트 085810 부채총계 13,160,212,199 13,038,644,188
알티캐스트 085810 자본금 0 0
알티캐스트 085810 자본잉여금 0 0
알티캐스트 085810 자본조정 0 0
알티캐스트 085810 기타포괄손익누계액 0 0
알티캐스트 085810 이익잉여금(결손금) 44,083,804,703 46,395,219,060
알티캐스트 085810 자본총계 95,596,750,998 96,702,006,638
알티캐스트 085810 자본과부채총계 108,756,963,197 109,740,650,826
date : 2016-03-31
알티캐스트 085810 유동자산 58,360,850,769 78,489,398,623
알티캐스트 085810 현금및현금성자산 11,039,584,421 13,217,701,522
알티캐스트 085810 매출채권 및 기타채권
알티캐스트 085810 재고자산 0 0
알티캐스트 085810 기타유동금융자산 23,000,000,000 19,000,000,000
알티캐스트 085810 기타유동자산 2,761,032,950 3,114,685,700
알티캐스트 085810 매각예정비유동자산 0 0
알티캐스트 085810 비유동자산 43,265,533,387 30,267,564,574
알티캐스트 085810 장기금융상품 0 0
알티캐스트 085810 기타포괄손익-공정가치 0 0
알티캐스트 085810 당기손익인식공정가치측정금융자산 0 0
알티캐스트 085810 종속회사투자 0 0
알티캐스트 085810 관계회사투자 0 0
알티캐스트 085810 렌탈자산 0 0
알티캐스트 085810 유형자산 2,257,305,573 2,421,027,653
알티캐스트 085810 무형자산 9,395,608,470 8,775,757,139
알티캐스트 085810 기타비유동금융자산 730,324,348 700,924,348
알티캐스트 085810 기타비유동자산 0 0
알티캐스트 085810 사용권자산 0 0
알티캐스트 085810 이연법인세자산 9,474,343,590 9,011,263,315
알티캐스트 085810 자산총계 101,626,384,156 108,756,963,197
알티캐스트 085810 유동부채 3,068,278,819 9,242,600,246
알티캐스트 085810 단기매입채무 0 0
알티캐스트 085810 단기차입금 2,572,561,116 465,212,811
알티캐스트 085810 유동성장기차입금 0 0
알티캐스트 085810 유동성사채 0 0
알티캐스트 085810 기타유동금융부채 0 0
알티캐스트 085810 기타유동부채 635,750,164 997,051,771
알티캐스트 085810 당기법인세부채 533,975,606 177,396,559
알티캐스트 085810 유동리스부채 0 0
알티캐스트 085810 비유동부채 4,584,047,996 3,917,611,953
알티캐스트 085810 사채 0 0
알티캐스트 085810 장기차입금 0 0
알티캐스트 085810 기타비유동금융부채 0 0
알티캐스트 085810 이연법인세부채 0 0
알티캐스트 085810 비유동리스부채 0 0
알티캐스트 085810 부채총계 7,652,326,815 13,160,212,199
알티캐스트 085810 자본금 0 0
알티캐스트 085810 자본잉여금 0 0
알티캐스트 085810 자본조정 0 0
알티캐스트 085810 기타포괄손익누계액 0 0
알티캐스트 085810 이익잉여금(결손금) 43,451,922,116 44,083,804,703
알티캐스트 085810 자본총계 93,974,057,341 95,596,750,998
알티캐스트 085810 자본과부채총계 101,626,384,156 108,756,963,197
date : 2016-06-30
알티캐스트 085810 유동자산 54,340,490,186 78,489,398,623
알티캐스트 085810 현금및현금성자산 16,836,581,248 13,217,701,522
알티캐스트 085810 매출채권 및 기타채권
알티캐스트 085810 재고자산 0 0
알티캐스트 085810 기타유동금융자산 12,000,000,000 19,000,000,000
알티캐스트 085810 기타유동자산 2,650,685,614 3,114,685,700
알티캐스트 085810 매각예정비유동자산 0 0
알티캐스트 085810 비유동자산 46,836,616,662 30,267,564,574
알티캐스트 085810 장기금융상품 0 0
알티캐스트 085810 기타포괄손익-공정가치 0 0
알티캐스트 085810 당기손익인식공정가치측정금융자산 0 0
알티캐스트 085810 종속회사투자 0 0
알티캐스트 085810 관계회사투자 0 0
알티캐스트 085810 렌탈자산 0 0
알티캐스트 085810 유형자산 2,239,401,114 2,421,027,653
알티캐스트 085810 무형자산 10,102,366,453 8,775,757,139
알티캐스트 085810 기타비유동금융자산 759,724,348 700,924,348
알티캐스트 085810 기타비유동자산 0 0
알티캐스트 085810 사용권자산 0 0
알티캐스트 085810 이연법인세자산 9,308,012,970 9,011,263,315
알티캐스트 085810 자산총계 101,177,106,848 108,756,963,197
알티캐스트 085810 유동부채 5,260,434,329 9,242,600,246
알티캐스트 085810 단기매입채무 0 0
알티캐스트 085810 단기차입금 2,572,561,116 465,212,811
알티캐스트 085810 유동성장기차입금 0 0
알티캐스트 085810 유동성사채 0 0
알티캐스트 085810 기타유동금융부채 0 0
알티캐스트 085810 기타유동부채 2,052,658,631 997,051,771
알티캐스트 085810 당기법인세부채 533,975,606 177,396,559
알티캐스트 085810 유동리스부채 0 0
알티캐스트 085810 비유동부채 3,095,033,609 3,917,611,953
알티캐스트 085810 사채 0 0
알티캐스트 085810 장기차입금 0 0
알티캐스트 085810 기타비유동금융부채 0 0
알티캐스트 085810 이연법인세부채 0 0
알티캐스트 085810 비유동리스부채 0 0
알티캐스트 085810 부채총계 8,355,467,938 13,160,212,199
알티캐스트 085810 자본금 0 0
알티캐스트 085810 자본잉여금 0 0
알티캐스트 085810 자본조정 0 0
알티캐스트 085810 기타포괄손익누계액 0 0
알티캐스트 085810 이익잉여금(결손금) 43,256,149,655 44,083,804,703
알티캐스트 085810 자본총계 92,821,638,910 95,596,750,998
알티캐스트 085810 자본과부채총계 101,177,106,848 108,756,963,197
date : 2016-09-30
알티캐스트 085810 유동자산 69,514,511,980 78,489,398,623
알티캐스트 085810 현금및현금성자산 8,656,124,272 13,217,701,522
알티캐스트 085810 매출채권 및 기타채권
알티캐스트 085810 재고자산 0 0
알티캐스트 085810 기타유동금융자산 17,172,062,128 19,000,000,000
알티캐스트 085810 기타유동자산 2,589,675,112 3,114,685,700
알티캐스트 085810 매각예정비유동자산 0 0
알티캐스트 085810 비유동자산 36,958,033,719 30,267,564,574
알티캐스트 085810 장기금융상품 0 0
알티캐스트 085810 기타포괄손익-공정가치 0 0
알티캐스트 085810 당기손익인식공정가치측정금융자산 0 0
알티캐스트 085810 종속회사투자 0 0
알티캐스트 085810 관계회사투자 0 0
알티캐스트 085810 렌탈자산 0 0
알티캐스트 085810 유형자산 2,123,072,960 2,421,027,653
알티캐스트 085810 무형자산 10,531,082,522 8,775,757,139
알티캐스트 085810 기타비유동금융자산 2,789,124,348 700,924,348
알티캐스트 085810 기타비유동자산 0 0
알티캐스트 085810 사용권자산 0 0
알티캐스트 085810 이연법인세자산 9,308,012,970 9,011,263,315
알티캐스트 085810 자산총계 106,472,545,699 108,756,963,197
알티캐스트 085810 유동부채 9,793,918,472 9,242,600,246
알티캐스트 085810 단기매입채무 0 0
알티캐스트 085810 단기차입금 2,572,561,116 465,212,811
알티캐스트 085810 유동성장기차입금 0 0
알티캐스트 085810 유동성사채 0 0
알티캐스트 085810 기타유동금융부채 0 0
알티캐스트 085810 기타유동부채 944,538,156 997,051,771
알티캐스트 085810 당기법인세부채 533,975,606 177,396,559
알티캐스트 085810 유동리스부채 0 0
알티캐스트 085810 비유동부채 3,602,730,820 3,917,611,953
알티캐스트 085810 사채 0 0
알티캐스트 085810 장기차입금 0 0
알티캐스트 085810 기타비유동금융부채 0 0
알티캐스트 085810 이연법인세부채 0 0
알티캐스트 085810 비유동리스부채 0 0
알티캐스트 085810 부채총계 13,396,649,292 13,160,212,199
알티캐스트 085810 자본금 0 0
알티캐스트 085810 자본잉여금 0 0
알티캐스트 085810 자본조정 0 0
알티캐스트 085810 기타포괄손익누계액 0 0
알티캐스트 085810 이익잉여금(결손금) 43,524,177,789 44,083,804,703
알티캐스트 085810 자본총계 93,075,896,407 95,596,750,998
알티캐스트 085810 자본과부채총계 106,472,545,699 108,756,963,197
date : 2016-12-31
알티캐스트 085810 유동자산 66,252,257,462 78,489,398,623
알티캐스트 085810 현금및현금성자산 6,054,966,378 13,217,701,522
알티캐스트 085810 매출채권 및 기타채권
알티캐스트 085810 재고자산 0 0
알티캐스트 085810 기타유동금융자산 13,000,000,000 19,000,000,000
알티캐스트 085810 기타유동자산 4,099,985,814 3,114,685,700
알티캐스트 085810 매각예정비유동자산 0 0
알티캐스트 085810 비유동자산 37,550,847,297 30,267,564,574
알티캐스트 085810 장기금융상품 0 0
알티캐스트 085810 기타포괄손익-공정가치 0 0
알티캐스트 085810 당기손익인식공정가치측정금융자산 0 0
알티캐스트 085810 종속회사투자 0 0
알티캐스트 085810 관계회사투자 0 0
알티캐스트 085810 렌탈자산 0 0
알티캐스트 085810 유형자산 1,991,015,940 2,421,027,653
알티캐스트 085810 무형자산 11,062,052,723 8,775,757,139
알티캐스트 085810 기타비유동금융자산 2,838,716,596 700,924,348
알티캐스트 085810 기타비유동자산 0 0
알티캐스트 085810 사용권자산 0 0
알티캐스트 085810 이연법인세자산 9,545,437,736 9,011,263,315
알티캐스트 085810 자산총계 103,803,104,759 108,756,963,197
알티캐스트 085810 유동부채 6,867,897,385 9,242,600,246
알티캐스트 085810 단기매입채무 0 0
알티캐스트 085810 단기차입금 2,572,561,116 465,212,811
알티캐스트 085810 유동성장기차입금 0 0
알티캐스트 085810 유동성사채 0 0
알티캐스트 085810 기타유동금융부채 0 0
알티캐스트 085810 기타유동부채 1,035,638,567 997,051,771
알티캐스트 085810 당기법인세부채 533,975,606 177,396,559
알티캐스트 085810 유동리스부채 0 0
알티캐스트 085810 비유동부채 1,009,289,223 3,917,611,953
알티캐스트 085810 사채 0 0
알티캐스트 085810 장기차입금 0 0
알티캐스트 085810 기타비유동금융부채 0 0
알티캐스트 085810 이연법인세부채 0 0
알티캐스트 085810 비유동리스부채 0 0
알티캐스트 085810 부채총계 7,877,186,608 13,160,212,199
알티캐스트 085810 자본금 0 0
알티캐스트 085810 자본잉여금 0 0
알티캐스트 085810 자본조정 0 0
알티캐스트 085810 기타포괄손익누계액 0 0
알티캐스트 085810 이익잉여금(결손금) 46,390,427,085 44,083,804,703
알티캐스트 085810 자본총계 95,925,918,151 95,596,750,998
알티캐스트 085810 자본과부채총계 103,803,104,759 108,756,963,197
date : 2017-03-31
알티캐스트 085810 유동자산 63,587,433,719 66,252,257,462
알티캐스트 085810 현금및현금성자산 7,999,218,623 6,054,966,378
알티캐스트 085810 매출채권 및 기타채권
알티캐스트 085810 재고자산 0 0
알티캐스트 085810 기타유동금융자산 13,000,000,000 13,000,000,000
알티캐스트 085810 기타유동자산 1,555,564,941 4,099,985,814
알티캐스트 085810 매각예정비유동자산 0 0
알티캐스트 085810 비유동자산 40,159,688,730 37,550,847,297
알티캐스트 085810 장기금융상품 0 0
알티캐스트 085810 기타포괄손익-공정가치 0 0
알티캐스트 085810 당기손익인식공정가치측정금융자산 0 0
알티캐스트 085810 종속회사투자 0 0
알티캐스트 085810 관계회사투자 0 0
알티캐스트 085810 렌탈자산 0 0
알티캐스트 085810 유형자산 1,876,319,315 1,991,015,940
알티캐스트 085810 무형자산 10,807,780,493 11,062,052,723
알티캐스트 085810 기타비유동금융자산 2,868,116,596 2,838,716,596
알티캐스트 085810 기타비유동자산 0 0
알티캐스트 085810 사용권자산 0 0
알티캐스트 085810 이연법인세자산 10,166,008,773 9,545,437,736
알티캐스트 085810 자산총계 103,747,122,449 103,803,104,759
알티캐스트 085810 유동부채 5,635,691,363 6,867,897,385
알티캐스트 085810 단기매입채무 0 0
알티캐스트 085810 단기차입금 2,572,561,116 6,867,897,385
알티캐스트 085810 유동성장기차입금 0 0
알티캐스트 085810 유동성사채 0 0
알티캐스트 085810 기타유동금융부채 0 0
알티캐스트 085810 기타유동부채 568,499,706 1,035,638,567
알티캐스트 085810 당기법인세부채 6,087,524 533,975,606
알티캐스트 085810 유동리스부채 0 0
알티캐스트 085810 비유동부채 2,066,146,014 1,009,289,223
알티캐스트 085810 사채 0 0
알티캐스트 085810 장기차입금 0 0
알티캐스트 085810 기타비유동금융부채 0 0
알티캐스트 085810 이연법인세부채 0 0
알티캐스트 085810 비유동리스부채 0 0
알티캐스트 085810 부채총계 7,701,837,377 7,877,186,608
알티캐스트 085810 자본금 0 0
알티캐스트 085810 자본잉여금 0 0
알티캐스트 085810 자본조정 0 0
알티캐스트 085810 기타포괄손익누계액 0 0
알티캐스트 085810 이익잉여금(결손금) 46,513,513,855 46,390,427,085
알티캐스트 085810 자본총계 96,045,285,072 95,925,918,151
알티캐스트 085810 자본과부채총계 103,747,122,449 103,803,104,759
date : 2017-06-30
알티캐스트 085810 유동자산 65,311,751,247 66,252,257,462
알티캐스트 085810 현금및현금성자산 7,084,988,509 6,054,966,378
알티캐스트 085810 매출채권 및 기타채권
알티캐스트 085810 재고자산 0 0
알티캐스트 085810 기타유동금융자산 13,000,000,000 13,000,000,000
알티캐스트 085810 기타유동자산 1,935,669,577 4,099,985,814
알티캐스트 085810 매각예정비유동자산 0 0
알티캐스트 085810 비유동자산 39,744,941,492 37,550,847,297
알티캐스트 085810 장기금융상품 0 0
알티캐스트 085810 기타포괄손익-공정가치 0 0
알티캐스트 085810 당기손익인식공정가치측정금융자산 0 0
알티캐스트 085810 종속회사투자 0 0
알티캐스트 085810 관계회사투자 0 0
알티캐스트 085810 렌탈자산 0 0
알티캐스트 085810 유형자산 1,789,122,056 1,991,015,940
알티캐스트 085810 무형자산 11,069,063,739 11,062,052,723
알티캐스트 085810 기타비유동금융자산 2,905,364,710 2,838,716,596
알티캐스트 085810 기타비유동자산 0 0
알티캐스트 085810 사용권자산 0 0
알티캐스트 085810 이연법인세자산 9,545,437,736 9,545,437,736
알티캐스트 085810 자산총계 105,056,692,739 103,803,104,759
알티캐스트 085810 유동부채 5,067,011,854 6,867,897,385
알티캐스트 085810 단기매입채무 0 0
알티캐스트 085810 단기차입금 0 0
알티캐스트 085810 유동성장기차입금 0 0
알티캐스트 085810 유동성사채 0 0
알티캐스트 085810 기타유동금융부채 0 0
알티캐스트 085810 기타유동부채 645,232,768 1,035,638,567
알티캐스트 085810 당기법인세부채 0 0
알티캐스트 085810 유동리스부채 0 0
알티캐스트 085810 비유동부채 2,487,933,478 1,009,289,223
알티캐스트 085810 사채 0 0
알티캐스트 085810 장기차입금 0 0
알티캐스트 085810 기타비유동금융부채 0 0
알티캐스트 085810 이연법인세부채 0 0
알티캐스트 085810 비유동리스부채 0 0
알티캐스트 085810 부채총계 7,554,945,332 7,877,186,608
알티캐스트 085810 자본금 0 0
알티캐스트 085810 자본잉여금 0 0
알티캐스트 085810 자본조정 0 0
알티캐스트 085810 기타포괄손익누계액 0 0
알티캐스트 085810 이익잉여금(결손금) 47,961,409,227 46,390,427,085
알티캐스트 085810 자본총계 97,501,747,407 95,925,918,151
알티캐스트 085810 자본과부채총계 105,056,692,739 103,803,104,759
date : 2017-09-30
알티캐스트 085810 유동자산 65,525,031,564 66,252,257,462
알티캐스트 085810 현금및현금성자산 7,440,121,945 6,054,966,378
알티캐스트 085810 매출채권 및 기타채권
알티캐스트 085810 재고자산 0 0
알티캐스트 085810 기타유동금융자산 12,000,000,000 13,000,000,000
알티캐스트 085810 기타유동자산 1,556,092,925 4,099,985,814
알티캐스트 085810 매각예정비유동자산 0 0
알티캐스트 085810 비유동자산 39,719,619,584 37,550,847,297
알티캐스트 085810 장기금융상품 0 0
알티캐스트 085810 기타포괄손익-공정가치 0 0
알티캐스트 085810 당기손익인식공정가치측정금융자산 0 0
알티캐스트 085810 종속회사투자 0 0
알티캐스트 085810 관계회사투자 0 0
알티캐스트 085810 렌탈자산 0 0
알티캐스트 085810 유형자산 1,673,545,681 1,991,015,940
알티캐스트 085810 무형자산 11,098,720,149 11,062,052,723
알티캐스트 085810 기타비유동금융자산 2,934,764,710 2,838,716,596
알티캐스트 085810 기타비유동자산 0 0
알티캐스트 085810 사용권자산 0 0
알티캐스트 085810 이연법인세자산 9,545,437,736 9,545,437,736
알티캐스트 085810 자산총계 105,244,651,148 103,803,104,759
알티캐스트 085810 유동부채 4,895,436,933 6,867,897,385
알티캐스트 085810 단기매입채무 0 0
알티캐스트 085810 단기차입금 0 0
알티캐스트 085810 유동성장기차입금 0 0
알티캐스트 085810 유동성사채 0 0
알티캐스트 085810 기타유동금융부채 0 0
알티캐스트 085810 기타유동부채 603,934,655 1,035,638,567
알티캐스트 085810 당기법인세부채 0 0
알티캐스트 085810 유동리스부채 0 0
알티캐스트 085810 비유동부채 2,923,011,517 1,009,289,223
알티캐스트 085810 사채 0 0
알티캐스트 085810 장기차입금 0 0
알티캐스트 085810 기타비유동금융부채 0 0
알티캐스트 085810 이연법인세부채 0 0
알티캐스트 085810 비유동리스부채 0 0
알티캐스트 085810 부채총계 7,818,448,450 7,877,186,608
알티캐스트 085810 자본금 0 0
알티캐스트 085810 자본잉여금 0 0
알티캐스트 085810 자본조정 0 0
알티캐스트 085810 기타포괄손익누계액 0 0
알티캐스트 085810 이익잉여금(결손금) 50,452,020,625 46,390,427,085
알티캐스트 085810 자본총계 97,426,202,698 95,925,918,151
알티캐스트 085810 자본과부채총계 105,244,651,148 103,803,104,759
date : 2017-12-31
알티캐스트 085810 유동자산 65,950,449,145 66,252,257,462
알티캐스트 085810 현금및현금성자산 7,158,358,265 6,054,966,378
알티캐스트 085810 매출채권 및 기타채권
알티캐스트 085810 재고자산 0 0
알티캐스트 085810 기타유동금융자산 12,000,000,000 13,000,000,000
알티캐스트 085810 기타유동자산 897,379,817 4,099,985,814
알티캐스트 085810 매각예정비유동자산 0 0
알티캐스트 085810 비유동자산 40,381,117,963 37,550,847,297
알티캐스트 085810 장기금융상품 0 0
알티캐스트 085810 기타포괄손익-공정가치 0 0
알티캐스트 085810 당기손익인식공정가치측정금융자산 0 0
알티캐스트 085810 종속회사투자 0 0
알티캐스트 085810 관계회사투자 0 0
알티캐스트 085810 렌탈자산 0 0
알티캐스트 085810 유형자산 1,484,990,947 1,991,015,940
알티캐스트 085810 무형자산 10,695,242,864 11,062,052,723
알티캐스트 085810 기타비유동금융자산 2,994,283,103 2,838,716,596
알티캐스트 085810 기타비유동자산 0 0
알티캐스트 085810 사용권자산 0 0
알티캐스트 085810 이연법인세자산 9,791,875,515 9,545,437,736
알티캐스트 085810 자산총계 106,331,567,108 103,803,104,759
알티캐스트 085810 유동부채 8,260,690,773 6,867,897,385
알티캐스트 085810 단기매입채무 0 0
알티캐스트 085810 단기차입금 2,572,561,116 6,867,897,385
알티캐스트 085810 유동성장기차입금 0 0
알티캐스트 085810 유동성사채 0 0
알티캐스트 085810 기타유동금융부채 0 0
알티캐스트 085810 기타유동부채 1,439,915,836 1,035,638,567
알티캐스트 085810 당기법인세부채 0 0
알티캐스트 085810 유동리스부채 0 0
알티캐스트 085810 비유동부채 2,648,393,416 1,009,289,223
알티캐스트 085810 사채 0 0
알티캐스트 085810 장기차입금 0 0
알티캐스트 085810 기타비유동금융부채 0 0
알티캐스트 085810 이연법인세부채 0 0
알티캐스트 085810 비유동리스부채 0 0
알티캐스트 085810 부채총계 10,909,084,189 7,877,186,608
알티캐스트 085810 자본금 0 0
알티캐스트 085810 자본잉여금 0 0
알티캐스트 085810 자본조정 0 0
알티캐스트 085810 기타포괄손익누계액 0 0
알티캐스트 085810 이익잉여금(결손금) 48,453,842,889 46,390,427,085
알티캐스트 085810 자본총계 95,422,482,919 95,925,918,151
알티캐스트 085810 자본과부채총계 106,331,567,108 103,803,104,759
date : 2018-03-31
알티캐스트 085810 유동자산 65,754,464,752 65,950,449,145
알티캐스트 085810 현금및현금성자산 9,681,677,007 7,158,358,265
알티캐스트 085810 매출채권 및 기타채권
알티캐스트 085810 재고자산 0 0
알티캐스트 085810 기타유동금융자산 12,000,000,000 12,000,000,000
알티캐스트 085810 기타유동자산 3,880,427,568 897,379,817
알티캐스트 085810 매각예정비유동자산 0 0
알티캐스트 085810 비유동자산 41,267,843,337 40,381,117,963
알티캐스트 085810 장기금융상품 0 0
알티캐스트 085810 기타포괄손익-공정가치 0 0
알티캐스트 085810 당기손익인식공정가치측정금융자산 0 0
알티캐스트 085810 종속회사투자 0 0
알티캐스트 085810 관계회사투자 0 0
알티캐스트 085810 렌탈자산 0 0
알티캐스트 085810 유형자산 1,473,286,738 1,484,990,947
알티캐스트 085810 무형자산 10,650,668,441 10,695,242,864
알티캐스트 085810 기타비유동금융자산 3,023,683,103 2,994,283,103
알티캐스트 085810 기타비유동자산 0 0
알티캐스트 085810 사용권자산 0 0
알티캐스트 085810 이연법인세자산 9,791,875,515 9,791,875,515
알티캐스트 085810 자산총계 107,022,308,089 106,331,567,108
알티캐스트 085810 유동부채 7,504,842,487 8,260,690,773
알티캐스트 085810 단기매입채무 0 0
알티캐스트 085810 단기차입금 0 0
알티캐스트 085810 유동성장기차입금 0 0
알티캐스트 085810 유동성사채 0 0
알티캐스트 085810 기타유동금융부채 0 0
알티캐스트 085810 기타유동부채 707,769,626 1,439,915,836
알티캐스트 085810 당기법인세부채 0 0
알티캐스트 085810 유동리스부채 0 0
알티캐스트 085810 비유동부채 3,214,704,423 2,648,393,416
알티캐스트 085810 사채 0 0
알티캐스트 085810 장기차입금 0 0
알티캐스트 085810 기타비유동금융부채 0 0
알티캐스트 085810 이연법인세부채 0 0
알티캐스트 085810 비유동리스부채 0 0
알티캐스트 085810 부채총계 10,719,546,910 10,909,084,189
알티캐스트 085810 자본금 0 0
알티캐스트 085810 자본잉여금 0 0
알티캐스트 085810 자본조정 0 0
알티캐스트 085810 기타포괄손익누계액 0 0
알티캐스트 085810 이익잉여금(결손금) 49,326,520,693 48,453,842,889
알티캐스트 085810 자본총계 96,302,761,179 95,422,482,919
알티캐스트 085810 자본과부채총계 107,022,308,089 106,331,567,108
date : 2018-06-30
알티캐스트 085810 유동자산 69,994,092,047 65,950,449,145
알티캐스트 085810 현금및현금성자산 11,041,575,000 7,158,358,265
알티캐스트 085810 매출채권 및 기타채권
알티캐스트 085810 재고자산 0 0
알티캐스트 085810 기타유동금융자산 18,000,000,000 12,000,000,000
알티캐스트 085810 기타유동자산 4,505,177,829 897,379,817
알티캐스트 085810 매각예정비유동자산 0 0
알티캐스트 085810 비유동자산 39,951,611,138 40,381,117,963
알티캐스트 085810 장기금융상품 0 0
알티캐스트 085810 기타포괄손익-공정가치 0 0
알티캐스트 085810 당기손익인식공정가치측정금융자산 0 0
알티캐스트 085810 종속회사투자 0 0
알티캐스트 085810 관계회사투자 0 0
알티캐스트 085810 렌탈자산 0 0
알티캐스트 085810 유형자산 1,369,745,483 1,484,990,947
알티캐스트 085810 무형자산 10,302,830,309 10,695,242,864
알티캐스트 085810 기타비유동금융자산 3,088,674,628 2,994,283,103
알티캐스트 085810 기타비유동자산 0 0
알티캐스트 085810 사용권자산 0 0
알티캐스트 085810 이연법인세자산 9,791,875,515 9,791,875,515
알티캐스트 085810 자산총계 109,945,703,185 106,331,567,108
알티캐스트 085810 유동부채 7,966,863,610 8,260,690,773
알티캐스트 085810 단기매입채무 0 0
알티캐스트 085810 단기차입금 0 0
알티캐스트 085810 유동성장기차입금 0 0
알티캐스트 085810 유동성사채 0 0
알티캐스트 085810 기타유동금융부채 0 0
알티캐스트 085810 기타유동부채 657,442,502 1,439,915,836
알티캐스트 085810 당기법인세부채 93,041,570 8,260,690,773
알티캐스트 085810 유동리스부채 0 0
알티캐스트 085810 비유동부채 2,094,317,885 2,648,393,416
알티캐스트 085810 사채 0 0
알티캐스트 085810 장기차입금 0 0
알티캐스트 085810 기타비유동금융부채 0 0
알티캐스트 085810 이연법인세부채 0 0
알티캐스트 085810 비유동리스부채 0 0
알티캐스트 085810 부채총계 10,061,181,495 10,909,084,189
알티캐스트 085810 자본금 0 0
알티캐스트 085810 자본잉여금 0 0
알티캐스트 085810 자본조정 0 0
알티캐스트 085810 기타포괄손익누계액 0 0
알티캐스트 085810 이익잉여금(결손금) 48,231,211,320 48,453,842,889
알티캐스트 085810 자본총계 99,884,521,690 95,422,482,919
알티캐스트 085810 자본과부채총계 109,945,703,185 106,331,567,108
date : 2018-09-30
알티캐스트 085810 유동자산 67,790,108,932 65,950,449,145
알티캐스트 085810 현금및현금성자산 10,208,247,587 7,158,358,265
알티캐스트 085810 매출채권 및 기타채권
알티캐스트 085810 재고자산 0 0
알티캐스트 085810 기타유동금융자산 18,000,000,000 12,000,000,000
알티캐스트 085810 기타유동자산 4,248,470,574 897,379,817
알티캐스트 085810 매각예정비유동자산 0 0
알티캐스트 085810 비유동자산 41,901,698,055 40,381,117,963
알티캐스트 085810 장기금융상품 0 0
알티캐스트 085810 기타포괄손익-공정가치 0 0
알티캐스트 085810 당기손익인식공정가치측정금융자산 0 0
알티캐스트 085810 종속회사투자 0 0
알티캐스트 085810 관계회사투자 0 0
알티캐스트 085810 렌탈자산 0 0
알티캐스트 085810 유형자산 1,300,169,964 1,484,990,947
알티캐스트 085810 무형자산 12,164,533,046 10,695,242,864
알티캐스트 085810 기타비유동금융자산 3,313,074,628 2,994,283,103
알티캐스트 085810 기타비유동자산 0 0
알티캐스트 085810 사용권자산 0 0
알티캐스트 085810 이연법인세자산 9,791,875,515 9,791,875,515
알티캐스트 085810 자산총계 109,691,806,987 106,331,567,108
알티캐스트 085810 유동부채 6,509,576,578 8,260,690,773
알티캐스트 085810 단기매입채무 0 0
알티캐스트 085810 단기차입금 0 0
알티캐스트 085810 유동성장기차입금 0 0
알티캐스트 085810 유동성사채 0 0
알티캐스트 085810 기타유동금융부채 0 0
알티캐스트 085810 기타유동부채 671,962,962 1,439,915,836
알티캐스트 085810 당기법인세부채 93,041,570 8,260,690,773
알티캐스트 085810 유동리스부채 0 0
알티캐스트 085810 비유동부채 3,255,178,970 2,648,393,416
알티캐스트 085810 사채 0 0
알티캐스트 085810 장기차입금 0 0
알티캐스트 085810 기타비유동금융부채 0 0
알티캐스트 085810 이연법인세부채 0 0
알티캐스트 085810 비유동리스부채 0 0
알티캐스트 085810 부채총계 9,764,755,548 10,909,084,189
알티캐스트 085810 자본금 0 0
알티캐스트 085810 자본잉여금 0 0
알티캐스트 085810 자본조정 0 0
알티캐스트 085810 기타포괄손익누계액 0 0
알티캐스트 085810 이익잉여금(결손금) 48,266,031,186 48,453,842,889
알티캐스트 085810 자본총계 99,927,051,439 95,422,482,919
알티캐스트 085810 자본과부채총계 109,691,806,987 106,331,567,108
date : 2018-12-31
알티캐스트 085810 유동자산 63,737,274,544 65,950,449,145
알티캐스트 085810 현금및현금성자산 6,759,485,689 7,158,358,265
알티캐스트 085810 매출채권 및 기타채권
알티캐스트 085810 재고자산 0 0
알티캐스트 085810 기타유동금융자산 17,008,316,306 12,000,000,000
알티캐스트 085810 기타유동자산 5,074,988,030 897,379,817
알티캐스트 085810 매각예정비유동자산 0 0
알티캐스트 085810 비유동자산 38,097,774,809 40,381,117,963
알티캐스트 085810 장기금융상품 0 0
알티캐스트 085810 기타포괄손익-공정가치 0 0
알티캐스트 085810 당기손익인식공정가치측정금융자산 0 0
알티캐스트 085810 종속회사투자 0 0
알티캐스트 085810 관계회사투자 0 0
알티캐스트 085810 렌탈자산 0 0
알티캐스트 085810 유형자산 1,367,257,349 1,484,990,947
알티캐스트 085810 무형자산 10,144,437,433 10,695,242,864
알티캐스트 085810 기타비유동금융자산 2,994,283,103 2,838,716,596
알티캐스트 085810 기타비유동자산 0 0
알티캐스트 085810 사용권자산 0 0
알티캐스트 085810 이연법인세자산 7,456,853,310 9,791,875,515
알티캐스트 085810 자산총계 101,835,049,353 106,331,567,108
알티캐스트 085810 유동부채 9,824,813,199 8,260,690,773
알티캐스트 085810 단기매입채무 0 0
알티캐스트 085810 단기차입금 0 0
알티캐스트 085810 유동성장기차입금 0 0
알티캐스트 085810 유동성사채 0 0
알티캐스트 085810 기타유동금융부채 0 0
알티캐스트 085810 기타유동부채 1,047,504,237 1,439,915,836
알티캐스트 085810 당기법인세부채 93,041,570 8,260,690,773
알티캐스트 085810 유동리스부채 0 0
알티캐스트 085810 비유동부채 2,852,142,669 2,648,393,416
알티캐스트 085810 사채 0 0
알티캐스트 085810 장기차입금 0 0
알티캐스트 085810 기타비유동금융부채 0 0
알티캐스트 085810 이연법인세부채 0 0
알티캐스트 085810 비유동리스부채 0 0
알티캐스트 085810 부채총계 12,676,955,868 10,909,084,189
알티캐스트 085810 자본금 0 0
알티캐스트 085810 자본잉여금 0 0
알티캐스트 085810 자본조정 0 0
알티캐스트 085810 기타포괄손익누계액 0 0
알티캐스트 085810 이익잉여금(결손금) 40,141,598,473 48,453,842,889
알티캐스트 085810 자본총계 89,158,093,485 95,422,482,919
알티캐스트 085810 자본과부채총계 101,835,049,353 106,331,567,108
date : 2019-03-31
알티캐스트 085810 유동자산 56,003,552,066 63,737,274,544
알티캐스트 085810 현금및현금성자산 6,263,227,836 6,759,485,689
알티캐스트 085810 매출채권 및 기타채권
알티캐스트 085810 재고자산 0 0
알티캐스트 085810 기타유동금융자산 16,008,316,306 17,008,316,306
알티캐스트 085810 기타유동자산 4,838,364,684 5,074,988,030
알티캐스트 085810 매각예정비유동자산 0 0
알티캐스트 085810 비유동자산 37,145,635,977 38,097,774,809
알티캐스트 085810 장기금융상품 0 0
알티캐스트 085810 기타포괄손익-공정가치 0 0
알티캐스트 085810 당기손익인식공정가치측정금융자산 0 0
알티캐스트 085810 종속회사투자 0 0
알티캐스트 085810 관계회사투자 0 0
알티캐스트 085810 렌탈자산 0 0
알티캐스트 085810 유형자산 1,257,382,669 1,367,257,349
알티캐스트 085810 무형자산 9,798,569,292 10,144,437,433
알티캐스트 085810 기타비유동금융자산 0 0
알티캐스트 085810 기타비유동자산 0 0
알티캐스트 085810 사용권자산 0 0
알티캐스트 085810 이연법인세자산 6,949,423,947 7,456,853,310
알티캐스트 085810 자산총계 93,149,188,043 101,835,049,353
알티캐스트 085810 유동부채 7,988,300,736 9,824,813,199
알티캐스트 085810 단기매입채무 0 0
알티캐스트 085810 단기차입금 0 0
알티캐스트 085810 유동성장기차입금 0 0
알티캐스트 085810 유동성사채 0 0
알티캐스트 085810 기타유동금융부채 0 0
알티캐스트 085810 기타유동부채 847,881,990 1,047,504,237
알티캐스트 085810 당기법인세부채 0 0
알티캐스트 085810 유동리스부채 0 0
알티캐스트 085810 비유동부채 3,092,285,237 2,852,142,669
알티캐스트 085810 사채 0 0
알티캐스트 085810 장기차입금 0 0
알티캐스트 085810 기타비유동금융부채 0 0
알티캐스트 085810 이연법인세부채 0 0
알티캐스트 085810 비유동리스부채 0 0
알티캐스트 085810 부채총계 11,080,585,973 12,676,955,868
알티캐스트 085810 자본금 0 0
알티캐스트 085810 자본잉여금 0 0
알티캐스트 085810 자본조정 0 0
알티캐스트 085810 기타포괄손익누계액 0 0
알티캐스트 085810 이익잉여금(결손금) 33,494,865,731 40,141,598,473
알티캐스트 085810 자본총계 82,068,602,070 89,158,093,485
알티캐스트 085810 자본과부채총계 93,149,188,043 101,835,049,353
