date : 2019-03-31
진바이오텍 086060 유동자산 24,120,144,295 24,220,023,207
진바이오텍 086060 현금및현금성자산 4,115,943,734 3,909,301,271
진바이오텍 086060 매출채권 및 기타유동채권
진바이오텍 086060 매출채권 3,499,120,865 3,828,218,909
진바이오텍 086060 재고자산 2,717,257,580 2,768,038,947
진바이오텍 086060 비유동자산 17,564,340,452 18,093,930,859
진바이오텍 086060 유형자산 2,971,951,259 3,075,229,560
진바이오텍 086060 무형자산 118,329,915 119,396,266
진바이오텍 086060 기타비유동금융자산 273,474,000 273,474,000
진바이오텍 086060 자산총계 41,684,484,747 42,313,954,066
진바이오텍 086060 유동부채 2,584,852,081 3,023,221,853
진바이오텍 086060 단기매입채무 420,329,371 452,740,930
진바이오텍 086060 단기차입금 0 0
진바이오텍 086060 비유동부채 606,919,730 536,290,017
진바이오텍 086060 이연법인세부채 427,904,168 427,904,168
진바이오텍 086060 부채총계 3,191,771,811 3,559,511,870
진바이오텍 086060 자본금 4,305,293,500 4,305,293,500
진바이오텍 086060 자본잉여금 13,547,731,238 13,547,731,238
진바이오텍 086060 기타포괄손익누계액 9,636,607,802 10,211,726,522
진바이오텍 086060 이익잉여금(결손금) 11,003,080,396 10,689,690,936
진바이오텍 086060 자본총계 38,492,712,936 38,754,442,196
진바이오텍 086060 자본과부채총계 41,684,484,747 42,313,954,066
