date : 2019-03-31
에코프로 086520 유동자산 41,391,449,730 43,065,193,013
에코프로 086520 현금및현금성자산 2,577,896,004 4,556,350,829
에코프로 086520 기타유동금융자산 12,596,597,274 645,391,827
에코프로 086520 매출채권 및 기타유동채권
에코프로 086520 기타유동자산 949,416,868 886,719,094
에코프로 086520 재고자산 9,729,298,746 10,634,381,929
에코프로 086520 비유동자산 296,885,543,524 215,180,282,952
에코프로 086520 기타비유동금융자산 31,328,262,426 31,271,894,406
에코프로 086520 유형자산 30,914,896,433 30,935,029,271
에코프로 086520 무형자산 2,232,078,079 2,174,423,127
에코프로 086520 자산총계 338,276,993,254 258,245,475,965
에코프로 086520 유동부채 27,524,256,092 29,660,687,812
에코프로 086520 기타유동부채 437,054,727 886,102,577
에코프로 086520 당기법인세부채 290,531,546 476,383,026
에코프로 086520 비유동부채 14,769,910,052 14,712,732,649
에코프로 086520 이연법인세부채 2,592,430,058 2,592,430,058
에코프로 086520 부채총계 42,294,166,144 44,373,420,461
에코프로 086520 자본금 11,045,095,500 11,045,095,500
에코프로 086520 자본잉여금 56,385,416,326 126,641,193,609
에코프로 086520 이익잉여금(결손금) 228,552,315,284 76,185,766,395
에코프로 086520 자본총계 295,982,827,110 213,872,055,504
에코프로 086520 자본과부채총계 338,276,993,254 258,245,475,965
