date : 2015-12-31
비엠티 086670 유동자산 56,311,234,967 56,914,306,641
비엠티 086670 현금및현금성자산 8,417,047,373 7,791,297,551
비엠티 086670 매출채권 21,659,791,996 19,480,204,650
비엠티 086670 재고자산 21,009,687,345 25,405,705,379
비엠티 086670 기타유동금융자산 0 0
비엠티 086670 기타유동자산 61,058,058 49,509,674
비엠티 086670 매각예정비유동자산 0 0
비엠티 086670 비유동자산 36,800,451,758 37,651,392,768
비엠티 086670 장기금융상품 1,139,675,989 847,602,613
비엠티 086670 기타포괄손익-공정가치 0 0
비엠티 086670 당기손익인식공정가치측정금융자산 0 0
비엠티 086670 종속회사투자 0 0
비엠티 086670 관계회사투자 0 0
비엠티 086670 렌탈자산 0 0
비엠티 086670 유형자산 34,423,777,598 35,105,771,101
비엠티 086670 무형자산 567,626,878 686,862,405
비엠티 086670 기타비유동금융자산 0 0
비엠티 086670 기타비유동자산 167,001,580 178,031,580
비엠티 086670 사용권자산 0 0
비엠티 086670 이연법인세자산 0 0
비엠티 086670 자산총계 93,111,686,725 94,565,699,409
비엠티 086670 유동부채 32,074,495,281 33,073,560,696
비엠티 086670 단기매입채무 0 0
비엠티 086670 단기차입금 27,200,000,000 24,200,000,000
비엠티 086670 유동성장기차입금 0 0
비엠티 086670 유동성사채 0 0
비엠티 086670 기타유동금융부채 0 0
비엠티 086670 기타유동부채 528,443,252 521,793,247
비엠티 086670 당기법인세부채 0 0
비엠티 086670 유동리스부채 0 0
비엠티 086670 비유동부채 3,526,679,260 4,734,051,485
비엠티 086670 사채 0 0
비엠티 086670 장기차입금 3,175,101,000 4,077,433,000
비엠티 086670 기타비유동금융부채 0 0
비엠티 086670 이연법인세부채 338,578,260 610,618,485
비엠티 086670 비유동리스부채 0 0
비엠티 086670 부채총계 35,601,174,541 37,807,612,181
비엠티 086670 자본금 4,073,264,500 4,073,264,500
비엠티 086670 자본잉여금 22,626,563,830 22,626,563,830
비엠티 086670 자본조정 0 0
비엠티 086670 기타포괄손익누계액 0 0
비엠티 086670 이익잉여금(결손금) 32,261,932,454 30,519,169,138
비엠티 086670 자본총계 57,510,512,184 56,758,087,228
비엠티 086670 자본과부채총계 93,111,686,725 94,565,699,409
date : 2016-03-31
비엠티 086670 유동자산 56,079,514,888 56,311,234,967
비엠티 086670 현금및현금성자산 9,213,098,199 8,417,047,373
비엠티 086670 매출채권 19,643,344,991 21,659,791,996
비엠티 086670 재고자산 21,883,453,875 21,009,687,345
비엠티 086670 기타유동금융자산 0 0
비엠티 086670 기타유동자산 56,296,738 61,058,058
비엠티 086670 매각예정비유동자산 0 0
비엠티 086670 비유동자산 36,395,789,720 36,800,451,758
비엠티 086670 장기금융상품 1,066,444,333 1,139,675,989
비엠티 086670 기타포괄손익-공정가치 0 0
비엠티 086670 당기손익인식공정가치측정금융자산 0 0
비엠티 086670 종속회사투자 0 0
비엠티 086670 관계회사투자 0 0
비엠티 086670 렌탈자산 0 0
비엠티 086670 유형자산 34,135,209,912 34,423,777,598
비엠티 086670 무형자산 544,924,119 567,626,878
비엠티 086670 기타비유동금융자산 0 0
비엠티 086670 기타비유동자산 163,751,580 167,001,580
비엠티 086670 사용권자산 0 0
비엠티 086670 이연법인세자산 0 0
비엠티 086670 자산총계 92,475,304,608 93,111,686,725
비엠티 086670 유동부채 33,519,308,865 32,074,495,281
비엠티 086670 단기매입채무 0 0
비엠티 086670 단기차입금 27,200,000,000 27,200,000,000
비엠티 086670 유동성장기차입금 0 0
비엠티 086670 유동성사채 0 0
비엠티 086670 기타유동금융부채 0 0
비엠티 086670 기타유동부채 566,436,978 528,443,252
비엠티 086670 당기법인세부채 0 0
비엠티 086670 유동리스부채 0 0
비엠티 086670 비유동부채 3,140,543,362 3,526,679,260
비엠티 086670 사채 0 0
비엠티 086670 장기차입금 2,952,418,000 3,175,101,000
비엠티 086670 기타비유동금융부채 0 0
비엠티 086670 이연법인세부채 173,849,742 338,578,260
비엠티 086670 비유동리스부채 0 0
비엠티 086670 부채총계 36,659,852,227 35,601,174,541
비엠티 086670 자본금 4,073,264,500 4,073,264,500
비엠티 086670 자본잉여금 22,626,563,830 22,626,563,830
비엠티 086670 자본조정 0 0
비엠티 086670 기타포괄손익누계액 0 0
비엠티 086670 이익잉여금(결손금) 30,566,872,651 32,261,932,454
비엠티 086670 자본총계 55,815,452,381 57,510,512,184
비엠티 086670 자본과부채총계 92,475,304,608 93,111,686,725
date : 2016-06-30
비엠티 086670 유동자산 54,452,798,614 56,311,234,967
비엠티 086670 현금및현금성자산 6,407,087,299 8,417,047,373
비엠티 086670 매출채권 19,600,524,423 21,659,791,996
비엠티 086670 재고자산 21,465,221,238 21,009,687,345
비엠티 086670 기타유동금융자산 0 0
비엠티 086670 기타유동자산 71,303,296 61,058,058
비엠티 086670 매각예정비유동자산 0 0
비엠티 086670 비유동자산 36,072,587,593 36,800,451,758
비엠티 086670 장기금융상품 1,203,212,677 1,139,675,989
비엠티 086670 기타포괄손익-공정가치 0 0
비엠티 086670 당기손익인식공정가치측정금융자산 0 0
비엠티 086670 종속회사투자 0 0
비엠티 086670 관계회사투자 0 0
비엠티 086670 렌탈자산 0 0
비엠티 086670 유형자산 33,754,049,417 34,423,777,598
비엠티 086670 무형자산 539,404,313 567,626,878
비엠티 086670 기타비유동금융자산 0 0
비엠티 086670 기타비유동자산 160,501,580 167,001,580
비엠티 086670 사용권자산 0 0
비엠티 086670 이연법인세자산 0 0
비엠티 086670 자산총계 90,525,386,207 93,111,686,725
비엠티 086670 유동부채 31,707,321,624 32,074,495,281
비엠티 086670 단기매입채무 0 0
비엠티 086670 단기차입금 26,960,000,000 27,200,000,000
비엠티 086670 유동성장기차입금 0 0
비엠티 086670 유동성사채 0 0
비엠티 086670 기타유동금융부채 0 0
비엠티 086670 기타유동부채 597,560,676 528,443,252
비엠티 086670 당기법인세부채 0 0
비엠티 086670 유동리스부채 0 0
비엠티 086670 비유동부채 2,980,789,557 3,526,679,260
비엠티 086670 사채 0 0
비엠티 086670 장기차입금 2,743,285,000 3,175,101,000
비엠티 086670 기타비유동금융부채 0 0
비엠티 086670 이연법인세부채 232,301,879 338,578,260
비엠티 086670 비유동리스부채 0 0
비엠티 086670 부채총계 34,688,111,181 35,601,174,541
비엠티 086670 자본금 4,073,264,500 4,073,264,500
비엠티 086670 자본잉여금 22,626,563,830 22,626,563,830
비엠티 086670 자본조정 0 0
비엠티 086670 기타포괄손익누계액 0 0
비엠티 086670 이익잉여금(결손금) 30,588,695,296 32,261,932,454
비엠티 086670 자본총계 55,837,275,026 57,510,512,184
비엠티 086670 자본과부채총계 90,525,386,207 93,111,686,725
date : 2016-09-30
비엠티 086670 유동자산 54,329,757,248 56,311,234,967
비엠티 086670 현금및현금성자산 9,165,186,357 8,417,047,373
비엠티 086670 매출채권 16,891,536,190 21,659,791,996
비엠티 086670 재고자산 20,971,379,241 21,009,687,345
비엠티 086670 기타유동금융자산 0 0
비엠티 086670 기타유동자산 122,049,971 61,058,058
비엠티 086670 매각예정비유동자산 0 0
비엠티 086670 비유동자산 36,151,762,334 36,800,451,758
비엠티 086670 장기금융상품 1,315,481,078 1,139,675,989
비엠티 086670 기타포괄손익-공정가치 0 0
비엠티 086670 당기손익인식공정가치측정금융자산 0 0
비엠티 086670 종속회사투자 0 0
비엠티 086670 관계회사투자 0 0
비엠티 086670 렌탈자산 0 0
비엠티 086670 유형자산 33,371,022,660 34,423,777,598
비엠티 086670 무형자산 845,962,106 567,626,878
비엠티 086670 기타비유동금융자산 0 0
비엠티 086670 기타비유동자산 121,231,580 141,831,580
비엠티 086670 사용권자산 0 0
비엠티 086670 이연법인세자산 84,212,858 0
비엠티 086670 자산총계 90,481,519,582 93,111,686,725
비엠티 086670 유동부채 35,845,103,280 32,074,495,281
비엠티 086670 단기매입채무 0 0
비엠티 086670 단기차입금 28,960,000,000 27,200,000,000
비엠티 086670 유동성장기차입금 0 0
비엠티 086670 유동성사채 0 0
비엠티 086670 기타유동금융부채 0 0
비엠티 086670 기타유동부채 619,563,920 528,443,252
비엠티 086670 당기법인세부채 0 0
비엠티 086670 유동리스부채 0 0
비엠티 086670 비유동부채 404,404,346 3,526,679,260
비엠티 086670 사채 0 0
비엠티 086670 장기차입금 396,642,000 3,175,101,000
비엠티 086670 기타비유동금융부채 0 0
비엠티 086670 이연법인세부채 0 338,578,260
비엠티 086670 비유동리스부채 0 0
비엠티 086670 부채총계 36,249,507,626 35,601,174,541
비엠티 086670 자본금 4,073,264,500 4,073,264,500
비엠티 086670 자본잉여금 22,626,563,830 22,626,563,830
비엠티 086670 자본조정 0 0
비엠티 086670 기타포괄손익누계액 0 0
비엠티 086670 이익잉여금(결손금) 28,983,432,226 32,261,932,454
비엠티 086670 자본총계 54,232,011,956 57,510,512,184
비엠티 086670 자본과부채총계 90,481,519,582 93,111,686,725
date : 2016-12-31
비엠티 086670 유동자산 57,163,750,642 56,311,234,967
비엠티 086670 현금및현금성자산 12,736,071,991 8,417,047,373
비엠티 086670 매출채권 18,299,879,639 21,659,791,996
비엠티 086670 재고자산 20,766,466,344 21,009,687,345
비엠티 086670 기타유동금융자산 0 0
비엠티 086670 기타유동자산 85,491,424 61,058,058
비엠티 086670 매각예정비유동자산 0 0
비엠티 086670 비유동자산 36,613,011,950 36,800,451,758
비엠티 086670 장기금융상품 1,404,749,536 1,139,675,989
비엠티 086670 기타포괄손익-공정가치 0 0
비엠티 086670 당기손익인식공정가치측정금융자산 0 0
비엠티 086670 종속회사투자 0 0
비엠티 086670 관계회사투자 0 0
비엠티 086670 렌탈자산 0 0
비엠티 086670 유형자산 33,919,152,077 34,423,777,598
비엠티 086670 무형자산 817,323,480 567,626,878
비엠티 086670 기타비유동금융자산 0 0
비엠티 086670 기타비유동자산 144,001,580 167,001,580
비엠티 086670 사용권자산 0 0
비엠티 086670 이연법인세자산 0 0
비엠티 086670 자산총계 93,776,762,592 93,111,686,725
비엠티 086670 유동부채 37,633,589,257 32,074,495,281
비엠티 086670 단기매입채무 0 0
비엠티 086670 단기차입금 28,660,000,000 27,200,000,000
비엠티 086670 유동성장기차입금 0 0
비엠티 086670 유동성사채 0 0
비엠티 086670 기타유동금융부채 0 0
비엠티 086670 기타유동부채 604,356,513 528,443,252
비엠티 086670 당기법인세부채 0 0
비엠티 086670 유동리스부채 0 0
비엠티 086670 비유동부채 362,772,538 3,526,679,260
비엠티 086670 사채 0 0
비엠티 086670 장기차입금 249,999,000 3,175,101,000
비엠티 086670 기타비유동금융부채 0 0
비엠티 086670 이연법인세부채 71,160,613 338,578,260
비엠티 086670 비유동리스부채 0 0
비엠티 086670 부채총계 37,996,361,795 35,601,174,541
비엠티 086670 자본금 4,073,264,500 4,073,264,500
비엠티 086670 자본잉여금 22,626,563,830 22,626,563,830
비엠티 086670 자본조정 0 0
비엠티 086670 기타포괄손익누계액 0 0
비엠티 086670 이익잉여금(결손금) 30,531,821,067 32,261,932,454
비엠티 086670 자본총계 55,780,400,797 57,510,512,184
비엠티 086670 자본과부채총계 93,776,762,592 93,111,686,725
date : 2017-03-31
비엠티 086670 유동자산 56,379,150,109 57,163,750,642
비엠티 086670 현금및현금성자산 10,130,916,392 12,736,071,991
비엠티 086670 매출채권 19,467,698,363 18,299,879,639
비엠티 086670 재고자산 21,481,834,979 20,766,466,344
비엠티 086670 기타유동금융자산 0 0
비엠티 086670 기타유동자산 69,236,495 90,510,991
비엠티 086670 매각예정비유동자산 0 0
비엠티 086670 비유동자산 37,795,467,075 36,613,011,950
비엠티 086670 장기금융상품 1,514,017,114 1,404,749,536
비엠티 086670 기타포괄손익-공정가치 0 0
비엠티 086670 당기손익인식공정가치측정금융자산 0 0
비엠티 086670 종속회사투자 0 0
비엠티 086670 관계회사투자 0 0
비엠티 086670 렌탈자산 0 0
비엠티 086670 유형자산 34,994,454,163 33,919,152,077
비엠티 086670 무형자산 809,439,859 817,323,480
비엠티 086670 기타비유동금융자산 0 0
비엠티 086670 기타비유동자산 153,550,901 144,001,580
비엠티 086670 사용권자산 0 0
비엠티 086670 이연법인세자산 0 0
비엠티 086670 자산총계 94,174,617,184 93,776,762,592
비엠티 086670 유동부채 38,753,409,249 37,633,589,257
비엠티 086670 단기매입채무 0 0
비엠티 086670 단기차입금 28,400,000,000 28,660,000,000
비엠티 086670 유동성장기차입금 0 0
비엠티 086670 유동성사채 0 0
비엠티 086670 기타유동금융부채 0 0
비엠티 086670 기타유동부채 572,164,729 604,356,513
비엠티 086670 당기법인세부채 0 0
비엠티 086670 유동리스부채 0 0
비엠티 086670 비유동부채 308,306,225 362,772,538
비엠티 086670 사채 0 0
비엠티 086670 장기차입금 166,666,000 249,999,000
비엠티 086670 기타비유동금융부채 0 0
비엠티 086670 이연법인세부채 96,074,596 71,160,613
비엠티 086670 비유동리스부채 0 0
비엠티 086670 부채총계 39,061,715,474 37,996,361,795
비엠티 086670 자본금 4,073,264,500 4,073,264,500
비엠티 086670 자본잉여금 22,626,563,830 22,626,563,830
비엠티 086670 자본조정 0 0
비엠티 086670 기타포괄손익누계액 0 0
비엠티 086670 이익잉여금(결손금) 29,864,321,980 30,531,821,067
비엠티 086670 자본총계 55,112,901,710 55,780,400,797
비엠티 086670 자본과부채총계 94,174,617,184 93,776,762,592
date : 2017-06-30
비엠티 086670 유동자산 55,877,780,220 57,163,750,642
비엠티 086670 현금및현금성자산 8,800,185,616 12,736,071,991
비엠티 086670 매출채권 19,090,800,852 18,299,879,639
비엠티 086670 재고자산 22,292,082,747 20,766,466,344
비엠티 086670 기타유동금융자산 0 0
비엠티 086670 기타유동자산 67,212,936 85,491,424
비엠티 086670 매각예정비유동자산 0 0
비엠티 086670 비유동자산 38,953,920,385 36,613,011,950
비엠티 086670 장기금융상품 903,286,342 1,404,749,536
비엠티 086670 기타포괄손익-공정가치 0 0
비엠티 086670 당기손익인식공정가치측정금융자산 0 0
비엠티 086670 종속회사투자 0 0
비엠티 086670 관계회사투자 0 0
비엠티 086670 렌탈자산 0 0
비엠티 086670 유형자산 36,817,579,353 33,919,152,077
비엠티 086670 무형자산 815,894,767 817,323,480
비엠티 086670 기타비유동금융자산 0 0
비엠티 086670 기타비유동자산 107,731,005 118,831,580
비엠티 086670 사용권자산 0 0
비엠티 086670 이연법인세자산 0 0
비엠티 086670 자산총계 94,831,700,605 93,776,762,592
비엠티 086670 유동부채 37,906,955,570 37,633,589,257
비엠티 086670 단기매입채무 0 0
비엠티 086670 단기차입금 28,400,000,000 28,660,000,000
비엠티 086670 유동성장기차입금 0 0
비엠티 086670 유동성사채 0 0
비엠티 086670 기타유동금융부채 0 0
비엠티 086670 기타유동부채 714,489,305 604,356,513
비엠티 086670 당기법인세부채 0 0
비엠티 086670 유동리스부채 0 0
비엠티 086670 비유동부채 148,737,235 362,772,538
비엠티 086670 사채 0 0
비엠티 086670 장기차입금 83,333,000 249,999,000
비엠티 086670 기타비유동금융부채 0 0
비엠티 086670 이연법인세부채 9,405,285 71,160,613
비엠티 086670 비유동리스부채 0 0
비엠티 086670 부채총계 38,055,692,805 37,996,361,795
비엠티 086670 자본금 4,073,264,500 4,073,264,500
비엠티 086670 자본잉여금 22,626,563,830 22,626,563,830
비엠티 086670 자본조정 0 0
비엠티 086670 기타포괄손익누계액 0 0
비엠티 086670 이익잉여금(결손금) 31,527,428,070 30,531,821,067
비엠티 086670 자본총계 56,776,007,800 55,780,400,797
비엠티 086670 자본과부채총계 94,831,700,605 93,776,762,592
date : 2017-09-30
비엠티 086670 유동자산 56,380,299,808 57,163,750,642
비엠티 086670 현금및현금성자산 4,636,340,157 12,736,071,991
비엠티 086670 매출채권 16,097,916,213 18,299,879,639
비엠티 086670 재고자산 22,950,420,546 20,766,466,344
비엠티 086670 기타유동금융자산 0 0
비엠티 086670 기타유동자산 105,945,731 85,491,424
비엠티 086670 매각예정비유동자산 0 0
비엠티 086670 비유동자산 39,174,236,928 36,613,011,950
비엠티 086670 장기금융상품 945,416,242 1,404,749,536
비엠티 086670 기타포괄손익-공정가치 0 0
비엠티 086670 당기손익인식공정가치측정금융자산 0 0
비엠티 086670 종속회사투자 0 0
비엠티 086670 관계회사투자 0 0
비엠티 086670 렌탈자산 0 0
비엠티 086670 유형자산 36,639,129,597 33,919,152,077
비엠티 086670 무형자산 1,180,761,905 817,323,480
비엠티 086670 기타비유동금융자산 0 0
비엠티 086670 기타비유동자산 104,500,266 118,831,580
비엠티 086670 사용권자산 0 0
비엠티 086670 이연법인세자산 0 0
비엠티 086670 자산총계 95,554,536,736 93,776,762,592
비엠티 086670 유동부채 37,883,137,947 37,633,589,257
비엠티 086670 단기매입채무 0 0
비엠티 086670 단기차입금 28,900,000,000 28,660,000,000
비엠티 086670 유동성장기차입금 0 0
비엠티 086670 유동성사채 0 0
비엠티 086670 기타유동금융부채 0 0
비엠티 086670 기타유동부채 825,904,689 604,356,513
비엠티 086670 당기법인세부채 617,062,910 2,702,186
비엠티 086670 유동리스부채 0 0
비엠티 086670 비유동부채 150,636,792 362,772,538
비엠티 086670 사채 0 0
비엠티 086670 장기차입금 249,999,000 362,772,538
비엠티 086670 기타비유동금융부채 0 0
비엠티 086670 이연법인세부채 72,050,923 71,160,613
비엠티 086670 비유동리스부채 0 0
비엠티 086670 부채총계 38,033,774,739 37,996,361,795
비엠티 086670 자본금 4,073,264,500 4,073,264,500
비엠티 086670 자본잉여금 22,626,563,830 22,626,563,830
비엠티 086670 자본조정 0 0
비엠티 086670 기타포괄손익누계액 0 0
비엠티 086670 이익잉여금(결손금) 0 0
비엠티 086670 자본총계 57,520,761,997 55,780,400,797
비엠티 086670 자본과부채총계 95,554,536,736 93,776,762,592
date : 2017-12-31
비엠티 086670 유동자산 53,884,149,069 57,163,750,642
비엠티 086670 현금및현금성자산 4,580,499,824 12,736,071,991
비엠티 086670 매출채권 13,315,083,353 18,299,879,639
비엠티 086670 재고자산 24,091,409,273 20,766,466,344
비엠티 086670 기타유동금융자산 0 0
비엠티 086670 기타유동자산 85,797,665 84,944,124
비엠티 086670 매각예정비유동자산 0 0
비엠티 086670 비유동자산 43,258,865,910 36,613,011,950
비엠티 086670 장기금융상품 1,595,721,672 1,404,749,536
비엠티 086670 기타포괄손익-공정가치 0 0
비엠티 086670 당기손익인식공정가치측정금융자산 0 0
비엠티 086670 종속회사투자 0 0
비엠티 086670 관계회사투자 0 0
비엠티 086670 렌탈자산 0 0
비엠티 086670 유형자산 36,311,372,882 33,919,152,077
비엠티 086670 무형자산 1,171,887,272 817,323,480
비엠티 086670 기타비유동금융자산 0 0
비엠티 086670 기타비유동자산 166,060,623 817,323,480
비엠티 086670 사용권자산 0 0
비엠티 086670 이연법인세자산 322,736,040 817,323,480
비엠티 086670 자산총계 97,143,014,979 93,776,762,592
비엠티 086670 유동부채 39,060,813,590 37,633,589,257
비엠티 086670 단기매입채무 0 0
비엠티 086670 단기차입금 28,900,000,000 28,660,000,000
비엠티 086670 유동성장기차입금 0 0
비엠티 086670 유동성사채 0 0
비엠티 086670 기타유동금융부채 0 0
비엠티 086670 기타유동부채 768,736,956 604,356,513
비엠티 086670 당기법인세부채 919,806,637 2,702,186
비엠티 086670 유동리스부채 0 0
비엠티 086670 비유동부채 107,517,602 362,772,538
비엠티 086670 사채 0 0
비엠티 086670 장기차입금 249,999,000 3,175,101,000
비엠티 086670 기타비유동금융부채 0 0
비엠티 086670 이연법인세부채 71,160,613 338,578,260
비엠티 086670 비유동리스부채 0 0
비엠티 086670 부채총계 39,168,331,192 37,996,361,795
비엠티 086670 자본금 4,073,264,500 4,073,264,500
비엠티 086670 자본잉여금 22,626,563,830 22,626,563,830
비엠티 086670 자본조정 0 0
비엠티 086670 기타포괄손익누계액 0 0
비엠티 086670 이익잉여금(결손금) 0 0
비엠티 086670 자본총계 0 0
비엠티 086670 자본과부채총계 97,143,014,979 93,776,762,592
date : 2018-03-31
비엠티 086670 유동자산 57,946,353,764 53,884,149,069
비엠티 086670 현금및현금성자산 2,649,366,672 4,580,499,824
비엠티 086670 매출채권 17,594,517,328 13,315,083,353
비엠티 086670 재고자산 25,576,259,833 24,091,409,273
비엠티 086670 기타유동금융자산 0 0
비엠티 086670 기타유동자산 105,744,767 85,797,665
비엠티 086670 매각예정비유동자산 0 0
비엠티 086670 비유동자산 44,256,687,531 43,258,865,910
비엠티 086670 장기금융상품 1,724,850,660 1,595,721,672
비엠티 086670 기타포괄손익-공정가치 0 0
비엠티 086670 당기손익인식공정가치측정금융자산 0 0
비엠티 086670 종속회사투자 0 0
비엠티 086670 관계회사투자 0 0
비엠티 086670 렌탈자산 0 0
비엠티 086670 유형자산 37,073,980,782 36,311,372,882
비엠티 086670 무형자산 1,309,572,005 1,171,887,272
비엠티 086670 기타비유동금융자산 0 0
비엠티 086670 기타비유동자산 0 0
비엠티 086670 사용권자산 0 0
비엠티 086670 이연법인세자산 322,736,040 322,736,040
비엠티 086670 자산총계 102,203,041,295 97,143,014,979
비엠티 086670 유동부채 40,672,092,616 39,060,813,590
비엠티 086670 단기매입채무 0 0
비엠티 086670 단기차입금 28,900,000,000 28,900,000,000
비엠티 086670 유동성장기차입금 0 0
비엠티 086670 유동성사채 0 0
비엠티 086670 기타유동금융부채 0 0
비엠티 086670 기타유동부채 658,670,632 768,736,956
비엠티 086670 당기법인세부채 1,115,719,576 919,806,637
비엠티 086670 유동리스부채 0 0
비엠티 086670 비유동부채 119,192,512 107,517,602
비엠티 086670 사채 0 0
비엠티 086670 장기차입금 0 0
비엠티 086670 기타비유동금융부채 0 0
비엠티 086670 이연법인세부채 0 0
비엠티 086670 비유동리스부채 0 0
비엠티 086670 부채총계 40,791,285,128 39,168,331,192
비엠티 086670 자본금 4,073,264,500 4,073,264,500
비엠티 086670 자본잉여금 23,673,415,402 22,626,563,830
비엠티 086670 자본조정 0 0
비엠티 086670 기타포괄손익누계액 0 0
비엠티 086670 이익잉여금(결손금) 0 0
비엠티 086670 자본총계 0 0
비엠티 086670 자본과부채총계 102,203,041,295 97,143,014,979
date : 2018-06-30
비엠티 086670 유동자산 59,706,643,090 53,884,149,069
비엠티 086670 현금및현금성자산 3,895,517,948 4,580,499,824
비엠티 086670 매출채권 20,566,697,800 13,315,083,353
비엠티 086670 재고자산 26,953,886,635 24,091,409,273
비엠티 086670 기타유동금융자산 0 0
비엠티 086670 기타유동자산 97,930,117 85,797,665
비엠티 086670 매각예정비유동자산 0 0
비엠티 086670 비유동자산 44,946,677,292 43,258,865,910
비엠티 086670 장기금융상품 1,853,979,648 1,595,721,672
비엠티 086670 기타포괄손익-공정가치 0 0
비엠티 086670 당기손익인식공정가치측정금융자산 0 0
비엠티 086670 종속회사투자 0 0
비엠티 086670 관계회사투자 0 0
비엠티 086670 렌탈자산 0 0
비엠티 086670 유형자산 37,405,778,377 36,311,372,882
비엠티 086670 무형자산 1,445,189,516 1,171,887,272
비엠티 086670 기타비유동금융자산 0 0
비엠티 086670 기타비유동자산 0 0
비엠티 086670 사용권자산 0 0
비엠티 086670 이연법인세자산 255,866,707 322,736,040
비엠티 086670 자산총계 104,653,320,382 97,143,014,979
비엠티 086670 유동부채 40,220,227,450 39,060,813,590
비엠티 086670 단기매입채무 0 0
비엠티 086670 단기차입금 28,900,000,000 28,900,000,000
비엠티 086670 유동성장기차입금 0 0
비엠티 086670 유동성사채 0 0
비엠티 086670 기타유동금융부채 0 0
비엠티 086670 기타유동부채 1,251,519,291 768,736,956
비엠티 086670 당기법인세부채 1,112,576,070 919,806,637
비엠티 086670 유동리스부채 0 0
비엠티 086670 비유동부채 132,656,770 107,517,602
비엠티 086670 사채 0 0
비엠티 086670 장기차입금 0 0
비엠티 086670 기타비유동금융부채 0 0
비엠티 086670 이연법인세부채 0 0
비엠티 086670 비유동리스부채 0 0
비엠티 086670 부채총계 40,352,884,220 39,168,331,192
비엠티 086670 자본금 4,073,264,500 4,073,264,500
비엠티 086670 자본잉여금 23,673,415,402 22,626,563,830
비엠티 086670 자본조정 0 0
비엠티 086670 기타포괄손익누계액 0 0
비엠티 086670 이익잉여금(결손금) 0 0
비엠티 086670 자본총계 0 0
비엠티 086670 자본과부채총계 104,653,320,382 97,143,014,979
date : 2018-09-30
비엠티 086670 유동자산 61,477,702,546 53,884,149,069
비엠티 086670 현금및현금성자산 2,475,624,635 4,580,499,824
비엠티 086670 매출채권 23,304,683,922 13,315,083,353
비엠티 086670 재고자산 27,378,153,170 24,091,409,273
비엠티 086670 기타유동금융자산 0 0
비엠티 086670 기타유동자산 64,147,597 85,797,665
비엠티 086670 매각예정비유동자산 0 0
비엠티 086670 비유동자산 45,217,899,634 43,258,865,910
비엠티 086670 장기금융상품 1,990,154,741 1,595,721,672
비엠티 086670 기타포괄손익-공정가치 0 0
비엠티 086670 당기손익인식공정가치측정금융자산 0 0
비엠티 086670 종속회사투자 0 0
비엠티 086670 관계회사투자 0 0
비엠티 086670 렌탈자산 0 0
비엠티 086670 유형자산 37,654,213,724 36,311,372,882
비엠티 086670 무형자산 1,384,256,418 1,171,887,272
비엠티 086670 기타비유동금융자산 0 0
비엠티 086670 기타비유동자산 0 0
비엠티 086670 사용권자산 0 0
비엠티 086670 이연법인세자산 255,866,707 322,736,040
비엠티 086670 자산총계 106,695,602,180 97,143,014,979
비엠티 086670 유동부채 40,788,643,911 39,060,813,590
비엠티 086670 단기매입채무 0 0
비엠티 086670 단기차입금 30,900,000,000 28,900,000,000
비엠티 086670 유동성장기차입금 0 0
비엠티 086670 유동성사채 0 0
비엠티 086670 기타유동금융부채 0 0
비엠티 086670 기타유동부채 1,380,341,953 768,736,956
비엠티 086670 당기법인세부채 1,197,653,632 919,806,637
비엠티 086670 유동리스부채 0 0
비엠티 086670 비유동부채 153,420,379 107,517,602
비엠티 086670 사채 0 0
비엠티 086670 장기차입금 0 0
비엠티 086670 기타비유동금융부채 0 0
비엠티 086670 이연법인세부채 0 0
비엠티 086670 비유동리스부채 0 0
비엠티 086670 부채총계 40,942,064,290 39,168,331,192
비엠티 086670 자본금 4,073,264,500 4,073,264,500
비엠티 086670 자본잉여금 23,673,415,402 22,626,563,830
비엠티 086670 자본조정 0 0
비엠티 086670 기타포괄손익누계액 0 0
비엠티 086670 이익잉여금(결손금) 0 0
비엠티 086670 자본총계 0 0
비엠티 086670 자본과부채총계 106,695,602,180 97,143,014,979
date : 2018-12-31
비엠티 086670 유동자산 63,576,068,962 53,884,149,069
비엠티 086670 현금및현금성자산 4,425,546,764 4,580,499,824
비엠티 086670 매출채권 21,892,493,011 13,315,083,353
비엠티 086670 재고자산 31,291,420,415 24,091,409,273
비엠티 086670 기타유동금융자산 0 0
비엠티 086670 기타유동자산 73,564,863 85,797,665
비엠티 086670 매각예정비유동자산 0 0
비엠티 086670 비유동자산 46,520,422,109 43,258,865,910
비엠티 086670 장기금융상품 2,153,228,870 1,595,721,672
비엠티 086670 기타포괄손익-공정가치 0 0
비엠티 086670 당기손익인식공정가치측정금융자산 0 0
비엠티 086670 종속회사투자 0 0
비엠티 086670 관계회사투자 0 0
비엠티 086670 렌탈자산 0 0
비엠티 086670 유형자산 37,506,425,935 36,311,372,882
비엠티 086670 무형자산 1,422,355,823 1,171,887,272
비엠티 086670 기타비유동금융자산 0 0
비엠티 086670 기타비유동자산 0 0
비엠티 086670 사용권자산 0 0
비엠티 086670 이연법인세자산 636,591,591 322,736,040
비엠티 086670 자산총계 110,096,491,071 97,143,014,979
비엠티 086670 유동부채 41,270,101,868 39,060,813,590
비엠티 086670 단기매입채무 0 0
비엠티 086670 단기차입금 30,900,000,000 28,900,000,000
비엠티 086670 유동성장기차입금 1,000,000,000 2,449,999,000
비엠티 086670 유동성사채 0 0
비엠티 086670 기타유동금융부채 0 0
비엠티 086670 기타유동부채 777,787,625 768,736,956
비엠티 086670 당기법인세부채 1,786,216,419 919,806,637
비엠티 086670 유동리스부채 0 0
비엠티 086670 비유동부채 2,268,655,358 107,517,602
비엠티 086670 사채 0 0
비엠티 086670 장기차입금 2,000,000,000 249,999,000
비엠티 086670 기타비유동금융부채 0 0
비엠티 086670 이연법인세부채 71,160,613 249,999,000
비엠티 086670 비유동리스부채 0 0
비엠티 086670 부채총계 43,538,757,226 39,168,331,192
비엠티 086670 자본금 4,073,264,500 4,073,264,500
비엠티 086670 자본잉여금 23,673,415,402 22,626,563,830
비엠티 086670 자본조정 0 0
비엠티 086670 기타포괄손익누계액 0 0
비엠티 086670 이익잉여금(결손금) 0 0
비엠티 086670 자본총계 0 0
비엠티 086670 자본과부채총계 110,096,491,071 97,143,014,979
date : 2019-03-31
비엠티 086670 유동자산 66,584,572,787 63,576,068,962
비엠티 086670 현금및현금성자산 2,206,342,888 4,425,546,764
비엠티 086670 매출채권 20,325,770,538 21,892,493,011
비엠티 086670 재고자산 35,126,999,742 31,291,420,415
비엠티 086670 기타유동금융자산 0 0
비엠티 086670 기타유동자산 76,061,714 73,564,863
비엠티 086670 매각예정비유동자산 0 0
비엠티 086670 비유동자산 48,649,914,470 46,520,422,109
비엠티 086670 장기금융상품 2,297,994,600 2,153,228,870
비엠티 086670 기타포괄손익-공정가치 금융자산 40,855,236
비엠티 086670 당기손익인식공정가치측정금융자산 0 0
비엠티 086670 종속회사투자 0 0
비엠티 086670 관계회사투자 0 0
비엠티 086670 렌탈자산 0 0
비엠티 086670 유형자산 39,612,640,007 37,506,425,935
비엠티 086670 무형자산 1,367,478,533 1,422,355,823
비엠티 086670 기타비유동금융자산 0 0
비엠티 086670 기타비유동자산 0 0
비엠티 086670 사용권자산 0 0
비엠티 086670 이연법인세자산 636,591,591 636,591,591
비엠티 086670 자산총계 115,234,487,257 110,096,491,071
비엠티 086670 유동부채 45,193,183,758 41,270,101,868
비엠티 086670 단기매입채무 0 0
비엠티 086670 단기차입금 31,900,000,000 30,900,000,000
비엠티 086670 유동성장기차입금 1,000,000,000 30,900,000,000
비엠티 086670 유동성사채 0 0
비엠티 086670 기타유동금융부채 0 0
비엠티 086670 기타유동부채 913,735,968 777,787,625
비엠티 086670 당기법인세부채 1,305,717,427 1,786,216,419
비엠티 086670 유동리스부채 0 0
비엠티 086670 비유동부채 3,571,790,438 2,268,655,358
비엠티 086670 사채 0 0
비엠티 086670 장기차입금 3,280,000,000 2,000,000,000
비엠티 086670 기타비유동금융부채 0 0
비엠티 086670 이연법인세부채 0 0
비엠티 086670 비유동리스부채 0 0
비엠티 086670 부채총계 48,764,974,196 43,538,757,226
비엠티 086670 자본금 4,073,264,500 4,073,264,500
비엠티 086670 자본잉여금 23,673,415,402 23,673,415,402
비엠티 086670 자본조정 0 0
비엠티 086670 기타포괄손익누계액 0 0
비엠티 086670 이익잉여금(결손금) 0 0
비엠티 086670 자본총계 0 0
비엠티 086670 자본과부채총계 115,234,487,257 110,096,491,071
