date : 2015-12-31
이수앱지스 086890 유동자산 47,391,603,721 27,818,762,773
이수앱지스 086890 현금및현금성자산 6,638,729,671 11,860,066,588
이수앱지스 086890 매출채권 2,835,874,924 2,094,551,178
이수앱지스 086890 재고자산 12,720,661,869 11,717,332,688
이수앱지스 086890 기타유동금융자산 0 0
이수앱지스 086890 기타유동자산 0 0
이수앱지스 086890 매각예정비유동자산 0 0
이수앱지스 086890 비유동자산 22,611,665,928 21,175,060,221
이수앱지스 086890 장기금융상품 0 0
이수앱지스 086890 기타포괄손익-공정가치 0 0
이수앱지스 086890 당기손익인식공정가치측정금융자산 0 0
이수앱지스 086890 종속회사투자 0 0
이수앱지스 086890 관계회사투자 0 0
이수앱지스 086890 렌탈자산 0 0
이수앱지스 086890 유형자산 11,203,472,170 11,589,870,949
이수앱지스 086890 무형자산 8,634,995,878 9,377,042,472
이수앱지스 086890 기타비유동금융자산 0 0
이수앱지스 086890 기타비유동자산 0 0
이수앱지스 086890 사용권자산 0 0
이수앱지스 086890 이연법인세자산 0 0
이수앱지스 086890 자산총계 70,003,269,649 48,993,822,994
이수앱지스 086890 유동부채 16,707,733,240 16,885,189,152
이수앱지스 086890 단기매입채무 0 0
이수앱지스 086890 단기차입금 0 0
이수앱지스 086890 유동성장기차입금 0 0
이수앱지스 086890 유동성사채 0 0
이수앱지스 086890 기타유동금융부채 0 0
이수앱지스 086890 기타유동부채 0 0
이수앱지스 086890 당기법인세부채 0 0
이수앱지스 086890 유동리스부채 0 0
이수앱지스 086890 비유동부채 6,706,240,355 14,700,612,093
이수앱지스 086890 사채 0 0
이수앱지스 086890 장기차입금 4,200,000,000 5,400,000,000
이수앱지스 086890 기타비유동금융부채 0 0
이수앱지스 086890 이연법인세부채 0 0
이수앱지스 086890 비유동리스부채 0 0
이수앱지스 086890 부채총계 23,413,973,595 31,585,801,245
이수앱지스 086890 자본금 9,790,526,000 6,938,515,500
이수앱지스 086890 자본잉여금 0 0
이수앱지스 086890 자본조정 0 0
이수앱지스 086890 기타포괄손익누계액 0 0
이수앱지스 086890 이익잉여금(결손금) 0 6,938,515,500
이수앱지스 086890 자본총계 46,589,296,054 17,408,021,749
이수앱지스 086890 자본과부채총계 0 0
date : 2016-03-31
이수앱지스 086890 유동자산 43,928,310,798 47,391,603,721
이수앱지스 086890 현금및현금성자산 11,637,301,083 6,638,729,671
이수앱지스 086890 매출채권 2,706,608,593 2,835,874,924
이수앱지스 086890 재고자산 13,626,921,523 12,720,661,869
이수앱지스 086890 기타유동금융자산 0 0
이수앱지스 086890 기타유동자산 0 0
이수앱지스 086890 매각예정비유동자산 0 0
이수앱지스 086890 비유동자산 22,996,862,737 22,611,665,928
이수앱지스 086890 장기금융상품 0 0
이수앱지스 086890 기타포괄손익-공정가치 0 0
이수앱지스 086890 당기손익인식공정가치측정금융자산 0 0
이수앱지스 086890 종속회사투자 0 0
이수앱지스 086890 관계회사투자 0 0
이수앱지스 086890 렌탈자산 0 0
이수앱지스 086890 유형자산 11,464,046,111 11,203,472,170
이수앱지스 086890 무형자산 8,792,616,106 8,634,995,878
이수앱지스 086890 기타비유동금융자산 0 0
이수앱지스 086890 기타비유동자산 0 0
이수앱지스 086890 사용권자산 0 0
이수앱지스 086890 이연법인세자산 0 0
이수앱지스 086890 자산총계 66,925,173,535 70,003,269,649
이수앱지스 086890 유동부채 14,950,944,812 16,707,733,240
이수앱지스 086890 단기매입채무 0 0
이수앱지스 086890 단기차입금 0 0
이수앱지스 086890 유동성장기차입금 0 0
이수앱지스 086890 유동성사채 0 0
이수앱지스 086890 기타유동금융부채 0 0
이수앱지스 086890 기타유동부채 0 0
이수앱지스 086890 당기법인세부채 0 0
이수앱지스 086890 유동리스부채 0 0
이수앱지스 086890 비유동부채 6,476,277,235 6,706,240,355
이수앱지스 086890 사채 0 0
이수앱지스 086890 장기차입금 3,900,000,000 4,200,000,000
이수앱지스 086890 기타비유동금융부채 0 0
이수앱지스 086890 이연법인세부채 0 0
이수앱지스 086890 비유동리스부채 0 0
이수앱지스 086890 부채총계 21,427,222,047 23,413,973,595
이수앱지스 086890 자본금 9,795,191,500 9,790,526,000
이수앱지스 086890 자본잉여금 0 0
이수앱지스 086890 자본조정 0 0
이수앱지스 086890 기타포괄손익누계액 0 0
이수앱지스 086890 이익잉여금(결손금) 0 9,790,526,000
이수앱지스 086890 자본총계 45,497,951,488 46,589,296,054
이수앱지스 086890 자본과부채총계 0 0
date : 2016-06-30
이수앱지스 086890 유동자산 37,313,181,764 47,391,603,721
이수앱지스 086890 현금및현금성자산 6,016,745,698 6,638,729,671
이수앱지스 086890 매출채권 3,794,971,083 2,835,874,924
이수앱지스 086890 재고자산 14,141,155,782 12,720,661,869
이수앱지스 086890 기타유동금융자산 0 0
이수앱지스 086890 기타유동자산 0 0
이수앱지스 086890 매각예정비유동자산 0 0
이수앱지스 086890 비유동자산 23,586,585,411 22,611,665,928
이수앱지스 086890 장기금융상품 0 0
이수앱지스 086890 기타포괄손익-공정가치 0 0
이수앱지스 086890 당기손익인식공정가치측정금융자산 0 0
이수앱지스 086890 종속회사투자 0 0
이수앱지스 086890 관계회사투자 0 0
이수앱지스 086890 렌탈자산 0 0
이수앱지스 086890 유형자산 11,862,405,527 11,203,472,170
이수앱지스 086890 무형자산 9,070,568,724 8,634,995,878
이수앱지스 086890 기타비유동금융자산 0 0
이수앱지스 086890 기타비유동자산 0 0
이수앱지스 086890 사용권자산 0 0
이수앱지스 086890 이연법인세자산 0 0
이수앱지스 086890 자산총계 60,899,767,175 70,003,269,649
이수앱지스 086890 유동부채 8,779,497,491 16,707,733,240
이수앱지스 086890 단기매입채무 0 0
이수앱지스 086890 단기차입금 0 0
이수앱지스 086890 유동성장기차입금 0 0
이수앱지스 086890 유동성사채 0 0
이수앱지스 086890 기타유동금융부채 0 0
이수앱지스 086890 기타유동부채 0 0
이수앱지스 086890 당기법인세부채 0 0
이수앱지스 086890 유동리스부채 0 0
이수앱지스 086890 비유동부채 6,343,075,264 6,706,240,355
이수앱지스 086890 사채 0 0
이수앱지스 086890 장기차입금 3,600,000,000 4,200,000,000
이수앱지스 086890 기타비유동금융부채 0 0
이수앱지스 086890 이연법인세부채 0 0
이수앱지스 086890 비유동리스부채 0 0
이수앱지스 086890 부채총계 15,122,572,755 23,413,973,595
이수앱지스 086890 자본금 9,795,191,500 9,790,526,000
이수앱지스 086890 자본잉여금 0 0
이수앱지스 086890 자본조정 0 0
이수앱지스 086890 기타포괄손익누계액 0 0
이수앱지스 086890 이익잉여금(결손금) 0 9,790,526,000
이수앱지스 086890 자본총계 45,777,194,420 46,589,296,054
이수앱지스 086890 자본과부채총계 0 0
date : 2016-09-30
이수앱지스 086890 유동자산 37,038,140,440 47,391,603,721
이수앱지스 086890 현금및현금성자산 14,600,865,274 6,638,729,671
이수앱지스 086890 매출채권 2,653,891,136 2,835,874,924
이수앱지스 086890 재고자산 13,879,185,066 12,720,661,869
이수앱지스 086890 기타유동금융자산 0 0
이수앱지스 086890 기타유동자산 0 0
이수앱지스 086890 매각예정비유동자산 0 0
이수앱지스 086890 비유동자산 23,669,157,504 22,611,665,928
이수앱지스 086890 장기금융상품 0 0
이수앱지스 086890 기타포괄손익-공정가치 0 0
이수앱지스 086890 당기손익인식공정가치측정금융자산 0 0
이수앱지스 086890 종속회사투자 0 0
이수앱지스 086890 관계회사투자 0 0
이수앱지스 086890 렌탈자산 0 0
이수앱지스 086890 유형자산 11,617,833,981 11,203,472,170
이수앱지스 086890 무형자산 9,533,341,883 8,634,995,878
이수앱지스 086890 기타비유동금융자산 0 0
이수앱지스 086890 기타비유동자산 0 0
이수앱지스 086890 사용권자산 0 0
이수앱지스 086890 이연법인세자산 0 0
이수앱지스 086890 자산총계 60,707,297,944 70,003,269,649
이수앱지스 086890 유동부채 7,883,804,196 16,707,733,240
이수앱지스 086890 단기매입채무 0 0
이수앱지스 086890 단기차입금 0 0
이수앱지스 086890 유동성장기차입금 0 0
이수앱지스 086890 유동성사채 0 0
이수앱지스 086890 기타유동금융부채 0 0
이수앱지스 086890 기타유동부채 0 0
이수앱지스 086890 당기법인세부채 0 0
이수앱지스 086890 유동리스부채 0 0
이수앱지스 086890 비유동부채 6,124,685,178 6,706,240,355
이수앱지스 086890 사채 0 0
이수앱지스 086890 장기차입금 3,300,000,000 4,200,000,000
이수앱지스 086890 기타비유동금융부채 0 0
이수앱지스 086890 이연법인세부채 0 0
이수앱지스 086890 비유동리스부채 0 0
이수앱지스 086890 부채총계 14,008,489,374 23,413,973,595
이수앱지스 086890 자본금 9,875,466,000 9,790,526,000
이수앱지스 086890 자본잉여금 0 0
이수앱지스 086890 자본조정 0 0
이수앱지스 086890 기타포괄손익누계액 0 0
이수앱지스 086890 이익잉여금(결손금) 0 9,790,526,000
이수앱지스 086890 자본총계 46,698,808,570 46,589,296,054
이수앱지스 086890 자본과부채총계 0 0
date : 2016-12-31
이수앱지스 086890 유동자산 35,030,771,013 47,391,603,721
이수앱지스 086890 현금및현금성자산 12,525,328,691 6,638,729,671
이수앱지스 086890 매출채권 3,033,952,595 2,835,874,924
이수앱지스 086890 재고자산 13,835,375,902 12,720,661,869
이수앱지스 086890 기타유동금융자산 0 0
이수앱지스 086890 기타유동자산 0 0
이수앱지스 086890 매각예정비유동자산 0 0
이수앱지스 086890 비유동자산 22,477,569,928 22,611,665,928
이수앱지스 086890 장기금융상품 0 0
이수앱지스 086890 기타포괄손익-공정가치 0 0
이수앱지스 086890 당기손익인식공정가치측정금융자산 0 0
이수앱지스 086890 종속회사투자 0 0
이수앱지스 086890 관계회사투자 0 0
이수앱지스 086890 렌탈자산 0 0
이수앱지스 086890 유형자산 11,323,457,819 11,203,472,170
이수앱지스 086890 무형자산 8,608,230,469 8,634,995,878
이수앱지스 086890 기타비유동금융자산 0 0
이수앱지스 086890 기타비유동자산 0 0
이수앱지스 086890 사용권자산 0 0
이수앱지스 086890 이연법인세자산 0 0
이수앱지스 086890 자산총계 57,508,340,941 70,003,269,649
이수앱지스 086890 유동부채 8,527,692,764 16,707,733,240
이수앱지스 086890 단기매입채무 0 0
이수앱지스 086890 단기차입금 0 0
이수앱지스 086890 유동성장기차입금 0 0
이수앱지스 086890 유동성사채 0 0
이수앱지스 086890 기타유동금융부채 0 0
이수앱지스 086890 기타유동부채 0 0
이수앱지스 086890 당기법인세부채 0 0
이수앱지스 086890 유동리스부채 0 0
이수앱지스 086890 비유동부채 5,728,984,583 6,706,240,355
이수앱지스 086890 사채 0 0
이수앱지스 086890 장기차입금 3,000,000,000 4,200,000,000
이수앱지스 086890 기타비유동금융부채 0 0
이수앱지스 086890 이연법인세부채 0 0
이수앱지스 086890 비유동리스부채 0 0
이수앱지스 086890 부채총계 14,256,677,347 23,413,973,595
이수앱지스 086890 자본금 9,875,466,000 9,790,526,000
이수앱지스 086890 자본잉여금 0 0
이수앱지스 086890 자본조정 0 0
이수앱지스 086890 기타포괄손익누계액 0 0
이수앱지스 086890 이익잉여금(결손금) 0 9,790,526,000
이수앱지스 086890 자본총계 43,251,663,594 46,589,296,054
이수앱지스 086890 자본과부채총계 0 0
date : 2017-03-31
이수앱지스 086890 유동자산 33,010,660,181 35,030,771,013
이수앱지스 086890 현금및현금성자산 12,498,892,178 12,525,328,691
이수앱지스 086890 매출채권 2,758,874,667 3,033,952,595
이수앱지스 086890 재고자산 14,999,533,562 13,835,375,902
이수앱지스 086890 기타유동금융자산 0 0
이수앱지스 086890 기타유동자산 0 0
이수앱지스 086890 매각예정비유동자산 0 0
이수앱지스 086890 비유동자산 24,363,422,901 24,806,229,505
이수앱지스 086890 장기금융상품 0 0
이수앱지스 086890 기타포괄손익-공정가치 0 0
이수앱지스 086890 당기손익인식공정가치측정금융자산 0 0
이수앱지스 086890 종속회사투자 0 0
이수앱지스 086890 관계회사투자 0 0
이수앱지스 086890 렌탈자산 0 0
이수앱지스 086890 유형자산 11,118,063,937 11,323,457,819
이수앱지스 086890 무형자산 10,719,648,044 10,936,890,046
이수앱지스 086890 기타비유동금융자산 0 0
이수앱지스 086890 기타비유동자산 0 0
이수앱지스 086890 사용권자산 0 0
이수앱지스 086890 이연법인세자산 0 0
이수앱지스 086890 자산총계 57,374,083,082 59,837,000,518
이수앱지스 086890 유동부채 8,234,220,973 8,527,692,764
이수앱지스 086890 단기매입채무 0 0
이수앱지스 086890 단기차입금 0 0
이수앱지스 086890 유동성장기차입금 0 0
이수앱지스 086890 유동성사채 0 0
이수앱지스 086890 기타유동금융부채 0 0
이수앱지스 086890 기타유동부채 0 0
이수앱지스 086890 당기법인세부채 0 0
이수앱지스 086890 유동리스부채 0 0
이수앱지스 086890 비유동부채 5,685,010,911 5,728,984,583
이수앱지스 086890 사채 0 0
이수앱지스 086890 장기차입금 2,700,000,000 3,000,000,000
이수앱지스 086890 기타비유동금융부채 0 0
이수앱지스 086890 이연법인세부채 0 0
이수앱지스 086890 비유동리스부채 0 0
이수앱지스 086890 부채총계 13,919,231,884 14,256,677,347
이수앱지스 086890 자본금 9,875,466,000 9,875,466,000
이수앱지스 086890 자본잉여금 0 0
이수앱지스 086890 자본조정 0 0
이수앱지스 086890 기타포괄손익누계액 0 0
이수앱지스 086890 이익잉여금(결손금) 0 9,875,466,000
이수앱지스 086890 자본총계 43,454,851,198 45,580,323,171
이수앱지스 086890 자본과부채총계 0 0
date : 2017-06-30
이수앱지스 086890 유동자산 31,104,119,769 35,030,771,013
이수앱지스 086890 현금및현금성자산 7,881,084,031 12,525,328,691
이수앱지스 086890 매출채권 3,395,395,821 3,033,952,595
이수앱지스 086890 재고자산 15,381,894,514 13,835,375,902
이수앱지스 086890 기타유동금융자산 0 0
이수앱지스 086890 기타유동자산 0 0
이수앱지스 086890 매각예정비유동자산 0 0
이수앱지스 086890 비유동자산 26,160,296,529 24,806,229,505
이수앱지스 086890 장기금융상품 0 0
이수앱지스 086890 기타포괄손익-공정가치 0 0
이수앱지스 086890 당기손익인식공정가치측정금융자산 0 0
이수앱지스 086890 종속회사투자 0 0
이수앱지스 086890 관계회사투자 0 0
이수앱지스 086890 렌탈자산 0 0
이수앱지스 086890 유형자산 11,302,662,729 11,323,457,819
이수앱지스 086890 무형자산 12,015,771,440 10,936,890,046
이수앱지스 086890 기타비유동금융자산 0 0
이수앱지스 086890 기타비유동자산 0 0
이수앱지스 086890 사용권자산 0 0
이수앱지스 086890 이연법인세자산 0 0
이수앱지스 086890 자산총계 57,264,416,298 59,837,000,518
이수앱지스 086890 유동부채 8,229,184,994 8,527,692,764
이수앱지스 086890 단기매입채무 0 0
이수앱지스 086890 단기차입금 0 0
이수앱지스 086890 유동성장기차입금 0 0
이수앱지스 086890 유동성사채 0 0
이수앱지스 086890 기타유동금융부채 0 0
이수앱지스 086890 기타유동부채 0 0
이수앱지스 086890 당기법인세부채 0 0
이수앱지스 086890 유동리스부채 0 0
이수앱지스 086890 비유동부채 5,474,008,453 5,728,984,583
이수앱지스 086890 사채 0 0
이수앱지스 086890 장기차입금 2,400,000,000 3,000,000,000
이수앱지스 086890 기타비유동금융부채 0 0
이수앱지스 086890 이연법인세부채 0 0
이수앱지스 086890 비유동리스부채 0 0
이수앱지스 086890 부채총계 13,703,193,447 14,256,677,347
이수앱지스 086890 자본금 9,880,131,500 9,875,466,000
이수앱지스 086890 자본잉여금 0 0
이수앱지스 086890 자본조정 0 0
이수앱지스 086890 기타포괄손익누계액 0 0
이수앱지스 086890 이익잉여금(결손금) -45,756,436,036 -43,677,335,716
이수앱지스 086890 자본총계 43,561,222,851 45,580,323,171
이수앱지스 086890 자본과부채총계 0 0
date : 2017-09-30
이수앱지스 086890 유동자산 31,106,679,944 35,030,771,013
이수앱지스 086890 현금및현금성자산 4,527,280,467 12,525,328,691
이수앱지스 086890 매출채권 6,204,081,157 3,033,952,595
이수앱지스 086890 재고자산 15,918,575,367 13,835,375,902
이수앱지스 086890 기타유동금융자산 0 0
이수앱지스 086890 기타유동자산 0 0
이수앱지스 086890 매각예정비유동자산 0 0
이수앱지스 086890 비유동자산 26,327,591,009 24,806,229,505
이수앱지스 086890 장기금융상품 341,197,360 24,806,229,505
이수앱지스 086890 기타포괄손익-공정가치 0 0
이수앱지스 086890 당기손익인식공정가치측정금융자산 0 0
이수앱지스 086890 종속회사투자 0 0
이수앱지스 086890 관계회사투자 0 0
이수앱지스 086890 렌탈자산 0 0
이수앱지스 086890 유형자산 11,204,427,993 11,323,457,819
이수앱지스 086890 무형자산 12,356,187,136 10,936,890,046
이수앱지스 086890 기타비유동금융자산 0 0
이수앱지스 086890 기타비유동자산 0 0
이수앱지스 086890 사용권자산 0 0
이수앱지스 086890 이연법인세자산 0 0
이수앱지스 086890 자산총계 57,434,270,953 59,837,000,518
이수앱지스 086890 유동부채 8,298,497,660 8,527,692,764
이수앱지스 086890 단기매입채무 938,226,946 798,203,689
이수앱지스 086890 단기차입금 500,000,000 798,203,689
이수앱지스 086890 유동성장기차입금 4,518,958,552 5,366,368,685
이수앱지스 086890 유동성사채 0 0
이수앱지스 086890 기타유동금융부채 0 0
이수앱지스 086890 기타유동부채 0 0
이수앱지스 086890 당기법인세부채 0 0
이수앱지스 086890 유동리스부채 0 0
이수앱지스 086890 비유동부채 6,355,659,162 5,728,984,583
이수앱지스 086890 사채 0 0
이수앱지스 086890 장기차입금 3,300,000,000 3,000,000,000
이수앱지스 086890 기타비유동금융부채 0 0
이수앱지스 086890 이연법인세부채 0 0
이수앱지스 086890 비유동리스부채 0 0
이수앱지스 086890 부채총계 14,654,156,822 14,256,677,347
이수앱지스 086890 자본금 9,880,131,500 9,875,466,000
이수앱지스 086890 자본잉여금 79,437,527,387 79,382,192,887
이수앱지스 086890 자본조정 0 0
이수앱지스 086890 기타포괄손익누계액 0 0
이수앱지스 086890 이익잉여금(결손금) -46,537,544,756 -43,677,335,716
이수앱지스 086890 자본총계 42,780,114,131 45,580,323,171
이수앱지스 086890 자본과부채총계 57,434,270,953 59,837,000,518
date : 2017-12-31
이수앱지스 086890 유동자산 53,126,265,642 35,030,771,013
이수앱지스 086890 현금및현금성자산 16,869,577,897 12,525,328,691
이수앱지스 086890 매출채권 3,531,575,166 3,033,952,595
이수앱지스 086890 재고자산 16,468,384,752 13,835,375,902
이수앱지스 086890 기타유동금융자산 0 0
이수앱지스 086890 기타유동자산 0 0
이수앱지스 086890 매각예정비유동자산 0 0
이수앱지스 086890 비유동자산 24,640,435,090 22,477,569,928
이수앱지스 086890 장기금융상품 0 0
이수앱지스 086890 기타포괄손익-공정가치 0 0
이수앱지스 086890 당기손익인식공정가치측정금융자산 0 0
이수앱지스 086890 종속회사투자 0 0
이수앱지스 086890 관계회사투자 0 0
이수앱지스 086890 렌탈자산 0 0
이수앱지스 086890 유형자산 12,604,431,097 11,323,457,819
이수앱지스 086890 무형자산 8,310,270,793 8,608,230,469
이수앱지스 086890 기타비유동금융자산 0 0
이수앱지스 086890 기타비유동자산 0 0
이수앱지스 086890 사용권자산 0 0
이수앱지스 086890 이연법인세자산 0 0
이수앱지스 086890 자산총계 77,766,700,732 57,508,340,941
이수앱지스 086890 유동부채 10,499,414,602 8,527,692,764
이수앱지스 086890 단기매입채무 0 0
이수앱지스 086890 단기차입금 0 0
이수앱지스 086890 유동성장기차입금 0 0
이수앱지스 086890 유동성사채 0 0
이수앱지스 086890 기타유동금융부채 0 0
이수앱지스 086890 기타유동부채 0 0
이수앱지스 086890 당기법인세부채 0 0
이수앱지스 086890 유동리스부채 0 0
이수앱지스 086890 비유동부채 5,215,575,739 5,728,984,583
이수앱지스 086890 사채 0 0
이수앱지스 086890 장기차입금 1,800,000,000 3,000,000,000
이수앱지스 086890 기타비유동금융부채 0 0
이수앱지스 086890 이연법인세부채 0 0
이수앱지스 086890 비유동리스부채 0 0
이수앱지스 086890 부채총계 15,714,990,341 14,256,677,347
이수앱지스 086890 자본금 12,480,131,500 9,875,466,000
이수앱지스 086890 자본잉여금 104,564,126,837 79,382,192,887
이수앱지스 086890 자본조정 0 0
이수앱지스 086890 기타포괄손익누계액 0 0
이수앱지스 086890 이익잉여금(결손금) -54,992,547,946 -46,005,995,293
이수앱지스 086890 자본총계 62,051,710,391 43,251,663,594
이수앱지스 086890 자본과부채총계 77,766,700,732 57,508,340,941
date : 2018-03-31
이수앱지스 086890 유동자산 55,265,096,650 53,126,265,642
이수앱지스 086890 현금및현금성자산 19,709,911,195 16,869,577,897
이수앱지스 086890 매출채권 2,087,044,857 3,531,575,166
이수앱지스 086890 재고자산 18,236,721,217 16,468,384,752
이수앱지스 086890 기타유동금융자산 0 0
이수앱지스 086890 기타유동자산 0 0
이수앱지스 086890 매각예정비유동자산 0 0
이수앱지스 086890 비유동자산 24,463,969,175 24,640,435,090
이수앱지스 086890 장기금융상품 341,197,360 341,197,360
이수앱지스 086890 기타포괄손익-공정가치 0 0
이수앱지스 086890 당기손익인식공정가치측정금융자산 0 0
이수앱지스 086890 종속회사투자 0 0
이수앱지스 086890 관계회사투자 0 0
이수앱지스 086890 렌탈자산 0 0
이수앱지스 086890 유형자산 13,413,168,840 12,604,431,097
이수앱지스 086890 무형자산 7,338,085,781 7,543,369,812
이수앱지스 086890 기타비유동금융자산 0 0
이수앱지스 086890 기타비유동자산 2,620,729,340 3,384,535,840
이수앱지스 086890 사용권자산 0 0
이수앱지스 086890 이연법인세자산 0 0
이수앱지스 086890 자산총계 79,729,065,825 77,766,700,732
이수앱지스 086890 유동부채 9,212,370,124 10,499,414,602
이수앱지스 086890 단기매입채무 1,334,219,431 1,747,752,644
이수앱지스 086890 단기차입금 0 0
이수앱지스 086890 유동성장기차입금 0 0
이수앱지스 086890 유동성사채 0 0
이수앱지스 086890 기타유동금융부채 0 0
이수앱지스 086890 기타유동부채 0 0
이수앱지스 086890 당기법인세부채 0 0
이수앱지스 086890 유동리스부채 0 0
이수앱지스 086890 비유동부채 4,691,060,249 5,215,575,739
이수앱지스 086890 사채 0 0
이수앱지스 086890 장기차입금 1,500,000,000 1,800,000,000
이수앱지스 086890 기타비유동금융부채 0 0
이수앱지스 086890 이연법인세부채 0 0
이수앱지스 086890 비유동리스부채 0 0
이수앱지스 086890 부채총계 13,903,430,373 15,714,990,341
이수앱지스 086890 자본금 13,026,978,500 12,480,131,500
이수앱지스 086890 자본잉여금 110,710,939,079 104,564,126,837
이수앱지스 086890 자본조정 0 0
이수앱지스 086890 기타포괄손익누계액 0 0
이수앱지스 086890 이익잉여금(결손금) -57,912,282,127 -54,992,547,946
이수앱지스 086890 자본총계 65,825,635,452 62,051,710,391
이수앱지스 086890 자본과부채총계 79,729,065,825 77,766,700,732
date : 2018-06-30
이수앱지스 086890 유동자산 56,564,924,910 53,126,265,642
이수앱지스 086890 현금및현금성자산 21,730,736,457 16,869,577,897
이수앱지스 086890 매출채권 3,550,597,400 3,531,575,166
이수앱지스 086890 재고자산 19,677,585,592 16,468,384,752
이수앱지스 086890 기타유동금융자산 0 0
이수앱지스 086890 기타유동자산 0 0
이수앱지스 086890 매각예정비유동자산 0 0
이수앱지스 086890 비유동자산 26,474,941,804 24,640,435,090
이수앱지스 086890 장기금융상품 0 0
이수앱지스 086890 기타포괄손익-공정가치 0 0
이수앱지스 086890 당기손익인식공정가치측정금융자산 0 0
이수앱지스 086890 종속회사투자 0 0
이수앱지스 086890 관계회사투자 0 0
이수앱지스 086890 렌탈자산 0 0
이수앱지스 086890 유형자산 15,582,787,366 12,604,431,097
이수앱지스 086890 무형자산 8,108,037,098 8,310,270,793
이수앱지스 086890 기타비유동금융자산 0 0
이수앱지스 086890 기타비유동자산 0 0
이수앱지스 086890 사용권자산 0 0
이수앱지스 086890 이연법인세자산 0 0
이수앱지스 086890 자산총계 83,039,866,714 77,766,700,732
이수앱지스 086890 유동부채 13,264,875,330 10,499,414,602
이수앱지스 086890 단기매입채무 0 0
이수앱지스 086890 단기차입금 0 0
이수앱지스 086890 유동성장기차입금 0 0
이수앱지스 086890 유동성사채 0 0
이수앱지스 086890 기타유동금융부채 0 0
이수앱지스 086890 기타유동부채 0 0
이수앱지스 086890 당기법인세부채 0 0
이수앱지스 086890 유동리스부채 0 0
이수앱지스 086890 비유동부채 4,533,598,938 5,215,575,739
이수앱지스 086890 사채 0 0
이수앱지스 086890 장기차입금 1,200,000,000 1,800,000,000
이수앱지스 086890 기타비유동금융부채 0 0
이수앱지스 086890 이연법인세부채 0 0
이수앱지스 086890 비유동리스부채 0 0
이수앱지스 086890 부채총계 17,798,474,268 15,714,990,341
이수앱지스 086890 자본금 13,312,646,000 12,480,131,500
이수앱지스 086890 자본잉여금 113,922,015,350 104,564,126,837
이수앱지스 086890 자본조정 0 0
이수앱지스 086890 기타포괄손익누계액 0 0
이수앱지스 086890 이익잉여금(결손금) 0 0
이수앱지스 086890 자본총계 65,241,392,446 62,051,710,391
이수앱지스 086890 자본과부채총계 83,039,866,714 77,766,700,732
date : 2018-09-30
이수앱지스 086890 유동자산 45,333,297,951 53,126,265,642
이수앱지스 086890 현금및현금성자산 7,787,133,914 16,869,577,897
이수앱지스 086890 매출채권 4,019,729,646 3,531,575,166
이수앱지스 086890 재고자산 21,478,290,866 16,468,384,752
이수앱지스 086890 기타유동금융자산 0 0
이수앱지스 086890 기타유동자산 0 0
이수앱지스 086890 매각예정비유동자산 0 0
이수앱지스 086890 비유동자산 27,582,465,663 24,640,435,090
이수앱지스 086890 장기금융상품 0 0
이수앱지스 086890 기타포괄손익-공정가치 0 0
이수앱지스 086890 당기손익인식공정가치측정금융자산 0 0
이수앱지스 086890 종속회사투자 0 0
이수앱지스 086890 관계회사투자 0 0
이수앱지스 086890 렌탈자산 0 0
이수앱지스 086890 유형자산 15,966,325,034 12,604,431,097
이수앱지스 086890 무형자산 8,886,845,889 8,310,270,793
이수앱지스 086890 기타비유동금융자산 0 0
이수앱지스 086890 기타비유동자산 0 0
이수앱지스 086890 사용권자산 0 0
이수앱지스 086890 이연법인세자산 0 0
이수앱지스 086890 자산총계 72,915,763,614 77,766,700,732
이수앱지스 086890 유동부채 5,137,475,594 10,499,414,602
이수앱지스 086890 단기매입채무 0 0
이수앱지스 086890 단기차입금 0 0
이수앱지스 086890 유동성장기차입금 0 0
이수앱지스 086890 유동성사채 0 0
이수앱지스 086890 기타유동금융부채 0 0
이수앱지스 086890 기타유동부채 0 0
이수앱지스 086890 당기법인세부채 0 0
이수앱지스 086890 유동리스부채 0 0
이수앱지스 086890 비유동부채 4,348,373,456 5,215,575,739
이수앱지스 086890 사채 0 0
이수앱지스 086890 장기차입금 900,000,000 1,800,000,000
이수앱지스 086890 기타비유동금융부채 0 0
이수앱지스 086890 이연법인세부채 0 0
이수앱지스 086890 비유동리스부채 0 0
이수앱지스 086890 부채총계 9,485,849,050 15,714,990,341
이수앱지스 086890 자본금 13,312,646,000 12,480,131,500
이수앱지스 086890 자본잉여금 113,922,013,560 104,564,126,837
이수앱지스 086890 자본조정 0 0
이수앱지스 086890 기타포괄손익누계액 0 0
이수앱지스 086890 이익잉여금(결손금) 0 0
이수앱지스 086890 자본총계 63,429,914,564 62,051,710,391
이수앱지스 086890 자본과부채총계 72,915,763,614 77,766,700,732
date : 2018-12-31
이수앱지스 086890 유동자산 40,007,694,553 53,126,265,642
이수앱지스 086890 현금및현금성자산 12,648,040,363 16,869,577,897
이수앱지스 086890 매출채권 4,221,179,173 3,531,575,166
이수앱지스 086890 재고자산 19,144,110,318 16,468,384,752
이수앱지스 086890 기타유동금융자산 0 0
이수앱지스 086890 기타유동자산 0 0
이수앱지스 086890 매각예정비유동자산 0 0
이수앱지스 086890 비유동자산 29,832,321,263 24,640,435,090
이수앱지스 086890 장기금융상품 0 0
이수앱지스 086890 기타포괄손익-공정가치 0 0
이수앱지스 086890 당기손익인식공정가치측정금융자산 0 0
이수앱지스 086890 종속회사투자 0 0
이수앱지스 086890 관계회사투자 0 0
이수앱지스 086890 렌탈자산 0 0
이수앱지스 086890 유형자산 17,714,112,371 12,604,431,097
이수앱지스 086890 무형자산 9,462,245,312 8,310,270,793
이수앱지스 086890 기타비유동금융자산 0 0
이수앱지스 086890 기타비유동자산 0 0
이수앱지스 086890 사용권자산 0 0
이수앱지스 086890 이연법인세자산 0 0
이수앱지스 086890 자산총계 69,840,015,816 77,766,700,732
이수앱지스 086890 유동부채 6,017,542,857 10,499,414,602
이수앱지스 086890 단기매입채무 0 0
이수앱지스 086890 단기차입금 0 0
이수앱지스 086890 유동성장기차입금 0 0
이수앱지스 086890 유동성사채 0 0
이수앱지스 086890 기타유동금융부채 0 0
이수앱지스 086890 기타유동부채 0 0
이수앱지스 086890 당기법인세부채 0 0
이수앱지스 086890 유동리스부채 0 0
이수앱지스 086890 비유동부채 4,088,137,987 5,215,575,739
이수앱지스 086890 사채 0 0
이수앱지스 086890 장기차입금 600,000,000 1,800,000,000
이수앱지스 086890 기타비유동금융부채 0 0
이수앱지스 086890 이연법인세부채 244,661,086 0
이수앱지스 086890 비유동리스부채 0 0
이수앱지스 086890 부채총계 10,105,680,844 15,714,990,341
이수앱지스 086890 자본금 13,312,646,000 12,480,131,500
이수앱지스 086890 자본잉여금 113,922,013,560 104,564,126,837
이수앱지스 086890 자본조정 0 0
이수앱지스 086890 기타포괄손익누계액 867,434,762 0
이수앱지스 086890 이익잉여금(결손금) 0 0
이수앱지스 086890 자본총계 59,734,334,972 62,051,710,391
이수앱지스 086890 자본과부채총계 69,840,015,816 77,766,700,732
date : 2019-03-31
이수앱지스 086890 유동자산 35,647,744,984 40,007,694,553
이수앱지스 086890 현금및현금성자산 8,104,835,021 12,648,040,363
이수앱지스 086890 매출채권 3,164,149,510 4,221,179,173
이수앱지스 086890 재고자산 20,165,376,879 19,144,110,318
이수앱지스 086890 기타유동금융자산 0 0
이수앱지스 086890 기타유동자산 0 0
이수앱지스 086890 매각예정비유동자산 0 0
이수앱지스 086890 비유동자산 29,407,867,715 29,832,321,263
이수앱지스 086890 장기금융상품 0 0
이수앱지스 086890 기타포괄손익-공정가치 0 0
이수앱지스 086890 당기손익인식공정가치측정금융자산 0 0
이수앱지스 086890 종속회사투자 0 0
이수앱지스 086890 관계회사투자 0 0
이수앱지스 086890 렌탈자산 0 0
이수앱지스 086890 유형자산 17,592,046,650 17,714,112,371
이수앱지스 086890 무형자산 9,217,231,085 9,462,245,312
이수앱지스 086890 기타비유동금융자산 0 0
이수앱지스 086890 기타비유동자산 0 0
이수앱지스 086890 사용권자산 0 0
이수앱지스 086890 이연법인세자산 0 0
이수앱지스 086890 자산총계 65,055,612,699 69,840,015,816
이수앱지스 086890 유동부채 5,029,175,331 6,017,542,857
이수앱지스 086890 단기매입채무 0 0
이수앱지스 086890 단기차입금 0 0
이수앱지스 086890 유동성장기차입금 0 0
이수앱지스 086890 유동성사채 0 0
이수앱지스 086890 기타유동금융부채 0 0
이수앱지스 086890 기타유동부채 0 0
이수앱지스 086890 당기법인세부채 0 0
이수앱지스 086890 유동리스부채 0 0
이수앱지스 086890 비유동부채 3,729,984,318 4,088,137,987
이수앱지스 086890 사채 0 0
이수앱지스 086890 장기차입금 300,000,000 600,000,000
이수앱지스 086890 기타비유동금융부채 0 0
이수앱지스 086890 이연법인세부채 244,661,086 244,661,086
이수앱지스 086890 비유동리스부채 0 0
이수앱지스 086890 부채총계 8,759,159,649 10,105,680,844
이수앱지스 086890 자본금 13,312,646,000 13,312,646,000
이수앱지스 086890 자본잉여금 113,922,013,560 113,922,013,560
이수앱지스 086890 자본조정 0 0
이수앱지스 086890 기타포괄손익누계액 867,434,762 867,434,762
이수앱지스 086890 이익잉여금(결손금) 0 0
이수앱지스 086890 자본총계 56,296,453,050 59,734,334,972
이수앱지스 086890 자본과부채총계 65,055,612,699 69,840,015,816
