date : 2019-03-31
쇼박스 086980 유동자산 136,190,462,555 137,375,158,934
쇼박스 086980 현금및현금성자산 7,352,667,769 11,107,980,245
쇼박스 086980 매출채권 및 기타유동채권
쇼박스 086980 매출채권 17,438,661,129 16,691,555,812
쇼박스 086980 기타유동자산 51,849,051,013 59,556,474,410
쇼박스 086980 비유동자산 38,856,769,595 41,213,033,586
쇼박스 086980 유형자산 3,461,181,198 844,156,700
쇼박스 086980 유형자산 817,706,896 844,156,700
쇼박스 086980 사용권자산 2,643,474,302 0
쇼박스 086980 무형자산 5,764,320,586 8,556,275,528
쇼박스 086980 이연법인세자산 3,137,698,526 3,687,427,278
쇼박스 086980 기타비유동자산 18,206,727,122 19,495,698,008
쇼박스 086980 자산총계 175,047,232,150 178,588,192,520
쇼박스 086980 유동부채 34,220,079,903 37,691,898,323
쇼박스 086980 기타유동부채 1,698,012,374 1,710,468,003
쇼박스 086980 비유동부채 2,320,357,499 343,107,943
쇼박스 086980 부채총계 36,540,437,402 38,035,006,266
쇼박스 086980 자본금 31,300,000,000 31,300,000,000
쇼박스 086980 자본잉여금 36,248,809,725 36,248,809,725
쇼박스 086980 기타포괄손익누계액 79,113,400 447,699,806
쇼박스 086980 자본총계 138,506,794,748 140,553,186,254
