date : 2015-12-31
MDS테크 086960 유동자산 86,137,796,261 80,326,277,450
MDS테크 086960 현금및현금성자산 7,391,735,695 10,332,627,277
MDS테크 086960 매출채권 및 기타유동채권
MDS테크 086960 재고자산 4,185,253,814 1,855,379,040
MDS테크 086960 기타유동금융자산 45,967,684,937 44,061,192,711
MDS테크 086960 기타유동자산 0 0
MDS테크 086960 매각예정비유동자산 0 0
MDS테크 086960 비유동자산 27,866,465,891 26,597,549,950
MDS테크 086960 장기금융상품 0 0
MDS테크 086960 기타포괄손익-공정가치 0 0
MDS테크 086960 당기손익인식공정가치측정금융자산 0 0
MDS테크 086960 종속회사투자 0 0
MDS테크 086960 관계회사투자 0 0
MDS테크 086960 렌탈자산 0 0
MDS테크 086960 유형자산 9,018,363,459 8,298,900,574
MDS테크 086960 무형자산 10,618,047,725 11,082,880,715
MDS테크 086960 기타비유동금융자산 1,005,604,895 928,669,343
MDS테크 086960 기타비유동자산 0 0
MDS테크 086960 사용권자산 0 0
MDS테크 086960 이연법인세자산 0 0
MDS테크 086960 자산총계 114,004,262,152 106,923,827,400
MDS테크 086960 유동부채 19,442,656,121 18,648,422,241
MDS테크 086960 단기매입채무 0 0
MDS테크 086960 단기차입금 0 18,648,422,241
MDS테크 086960 유동성장기차입금 0 0
MDS테크 086960 유동성사채 0 0
MDS테크 086960 기타유동금융부채 6,283,173,315 5,447,314,053
MDS테크 086960 기타유동부채 3,573,324,481 4,674,933,478
MDS테크 086960 당기법인세부채 1,086,526,377 1,607,365,930
MDS테크 086960 유동리스부채 0 0
MDS테크 086960 비유동부채 3,373,807,901 4,048,017,316
MDS테크 086960 사채 0 0
MDS테크 086960 장기차입금 0 935,555,000
MDS테크 086960 기타비유동금융부채 132,555,000 935,555,000
MDS테크 086960 이연법인세부채 736,742,674 1,167,973,573
MDS테크 086960 비유동리스부채 0 0
MDS테크 086960 부채총계 22,816,464,022 22,696,439,557
MDS테크 086960 자본금 0 0
MDS테크 086960 자본잉여금 22,622,887,423 22,305,972,978
MDS테크 086960 자본조정 565,273,670 222,121,629
MDS테크 086960 기타포괄손익누계액 51,297,141 13,282,102
MDS테크 086960 이익잉여금(결손금) 63,110,114,896 56,860,307,634
MDS테크 086960 자본총계 91,187,798,130 84,227,387,843
MDS테크 086960 자본과부채총계 114,004,262,152 106,923,827,400
date : 2016-03-31
MDS테크 086960 유동자산 79,908,336,526 86,137,796,261
MDS테크 086960 현금및현금성자산 8,701,668,801 7,391,735,695
MDS테크 086960 매출채권 및 기타유동채권
MDS테크 086960 재고자산 3,360,532,388 4,185,253,814
MDS테크 086960 기타유동금융자산 45,358,624,426 45,967,684,937
MDS테크 086960 기타유동자산 0 0
MDS테크 086960 매각예정비유동자산 0 0
MDS테크 086960 비유동자산 30,095,289,551 27,866,465,891
MDS테크 086960 장기금융상품 0 0
MDS테크 086960 기타포괄손익-공정가치 0 0
MDS테크 086960 당기손익인식공정가치측정금융자산 0 0
MDS테크 086960 종속회사투자 0 0
MDS테크 086960 관계회사투자 0 0
MDS테크 086960 렌탈자산 0 0
MDS테크 086960 유형자산 9,090,999,678 9,018,363,459
MDS테크 086960 무형자산 10,469,132,335 10,618,047,725
MDS테크 086960 기타비유동금융자산 1,228,287,695 1,005,604,895
MDS테크 086960 기타비유동자산 0 0
MDS테크 086960 사용권자산 0 0
MDS테크 086960 이연법인세자산 0 0
MDS테크 086960 자산총계 110,003,626,077 114,004,262,152
MDS테크 086960 유동부채 15,923,883,307 19,442,656,121
MDS테크 086960 단기매입채무 0 0
MDS테크 086960 단기차입금 0 19,442,656,121
MDS테크 086960 유동성장기차입금 0 0
MDS테크 086960 유동성사채 0 0
MDS테크 086960 기타유동금융부채 3,660,960,786 6,283,173,315
MDS테크 086960 기타유동부채 6,426,984,117 3,573,324,481
MDS테크 086960 당기법인세부채 922,351,054 1,086,526,377
MDS테크 086960 유동리스부채 0 0
MDS테크 086960 비유동부채 3,709,177,878 3,373,807,901
MDS테크 086960 사채 0 0
MDS테크 086960 장기차입금 0 132,555,000
MDS테크 086960 기타비유동금융부채 132,555,000 132,555,000
MDS테크 086960 이연법인세부채 737,518,513 736,742,674
MDS테크 086960 비유동리스부채 0 0
MDS테크 086960 부채총계 19,633,061,185 22,816,464,022
MDS테크 086960 자본금 0 0
MDS테크 086960 자본잉여금 22,622,887,423 22,622,887,423
MDS테크 086960 자본조정 698,359,858 565,273,670
MDS테크 086960 기타포괄손익누계액 54,047,847 51,297,141
MDS테크 086960 이익잉여금(결손금) 62,157,044,764 63,110,114,896
MDS테크 086960 자본총계 90,370,564,892 91,187,798,130
MDS테크 086960 자본과부채총계 110,003,626,077 114,004,262,152
date : 2016-06-30
MDS테크 086960 유동자산 78,900,145,461 86,137,796,261
MDS테크 086960 현금및현금성자산 5,595,617,432 7,391,735,695
MDS테크 086960 매출채권 및 기타유동채권
MDS테크 086960 재고자산 4,554,594,065 4,185,253,814
MDS테크 086960 기타유동금융자산 41,225,881,414 45,967,684,937
MDS테크 086960 기타유동자산 0 0
MDS테크 086960 매각예정비유동자산 0 0
MDS테크 086960 비유동자산 34,087,732,743 27,866,465,891
MDS테크 086960 장기금융상품 0 0
MDS테크 086960 기타포괄손익-공정가치 0 0
MDS테크 086960 당기손익인식공정가치측정금융자산 0 0
MDS테크 086960 종속회사투자 0 0
MDS테크 086960 관계회사투자 0 0
MDS테크 086960 렌탈자산 0 0
MDS테크 086960 유형자산 8,981,291,009 9,018,363,459
MDS테크 086960 무형자산 10,335,311,361 10,618,047,725
MDS테크 086960 기타비유동금융자산 943,592,104 1,005,604,895
MDS테크 086960 기타비유동자산 0 0
MDS테크 086960 사용권자산 0 0
MDS테크 086960 이연법인세자산 0 0
MDS테크 086960 자산총계 112,987,878,204 114,004,262,152
MDS테크 086960 유동부채 17,084,786,199 19,442,656,121
MDS테크 086960 단기매입채무 0 0
MDS테크 086960 단기차입금 0 19,442,656,121
MDS테크 086960 유동성장기차입금 0 0
MDS테크 086960 유동성사채 0 0
MDS테크 086960 기타유동금융부채 6,734,655,660 6,283,173,315
MDS테크 086960 기타유동부채 4,277,052,276 3,573,324,481
MDS테크 086960 당기법인세부채 820,192,181 1,086,526,377
MDS테크 086960 유동리스부채 0 0
MDS테크 086960 비유동부채 3,674,303,807 3,373,807,901
MDS테크 086960 사채 0 0
MDS테크 086960 장기차입금 0 132,555,000
MDS테크 086960 기타비유동금융부채 132,555,000 132,555,000
MDS테크 086960 이연법인세부채 307,508,033 736,742,674
MDS테크 086960 비유동리스부채 0 0
MDS테크 086960 부채총계 20,759,090,006 22,816,464,022
MDS테크 086960 자본금 0 0
MDS테크 086960 자본잉여금 22,622,887,423 22,622,887,423
MDS테크 086960 자본조정 845,524,529 565,273,670
MDS테크 086960 기타포괄손익누계액 38,249,740 51,297,141
MDS테크 086960 이익잉여금(결손금) 63,883,901,506 63,110,114,896
MDS테크 086960 자본총계 92,228,788,198 91,187,798,130
MDS테크 086960 자본과부채총계 112,987,878,204 114,004,262,152
date : 2016-09-30
MDS테크 086960 유동자산 83,365,568,108 86,137,796,261
MDS테크 086960 현금및현금성자산 5,335,657,998 7,391,735,695
MDS테크 086960 매출채권 및 기타유동채권
MDS테크 086960 재고자산 4,263,964,635 4,185,253,814
MDS테크 086960 기타유동금융자산 40,498,938,459 45,967,684,937
MDS테크 086960 기타유동자산 0 0
MDS테크 086960 매각예정비유동자산 0 0
MDS테크 086960 비유동자산 31,478,537,357 27,866,465,891
MDS테크 086960 장기금융상품 0 0
MDS테크 086960 기타포괄손익-공정가치 0 0
MDS테크 086960 당기손익인식공정가치측정금융자산 0 0
MDS테크 086960 종속회사투자 0 0
MDS테크 086960 관계회사투자 0 0
MDS테크 086960 렌탈자산 0 0
MDS테크 086960 유형자산 8,847,757,712 9,018,363,459
MDS테크 086960 무형자산 10,200,559,448 10,618,047,725
MDS테크 086960 기타비유동금융자산 341,834,890 1,005,604,895
MDS테크 086960 기타비유동자산 0 0
MDS테크 086960 사용권자산 0 0
MDS테크 086960 이연법인세자산 0 0
MDS테크 086960 자산총계 114,844,105,465 114,004,262,152
MDS테크 086960 유동부채 16,162,612,695 19,442,656,121
MDS테크 086960 단기매입채무 0 0
MDS테크 086960 단기차입금 0 19,442,656,121
MDS테크 086960 유동성장기차입금 0 0
MDS테크 086960 유동성사채 0 0
MDS테크 086960 기타유동금융부채 4,181,049,106 6,283,173,315
MDS테크 086960 기타유동부채 2,936,719,532 3,573,324,481
MDS테크 086960 당기법인세부채 596,649,322 1,086,526,377
MDS테크 086960 유동리스부채 0 0
MDS테크 086960 비유동부채 2,996,392,348 3,373,807,901
MDS테크 086960 사채 0 0
MDS테크 086960 장기차입금 0 132,555,000
MDS테크 086960 기타비유동금융부채 132,555,000 132,555,000
MDS테크 086960 이연법인세부채 306,950,168 736,742,674
MDS테크 086960 비유동리스부채 0 0
MDS테크 086960 부채총계 19,159,005,043 22,816,464,022
MDS테크 086960 자본금 0 0
MDS테크 086960 자본잉여금 22,805,879,841 22,622,887,423
MDS테크 086960 자본조정 933,016,782 565,273,670
MDS테크 086960 기타포괄손익누계액 36,271,853 51,297,141
MDS테크 086960 이익잉여금(결손금) 67,066,706,946 63,110,114,896
MDS테크 086960 자본총계 95,685,100,422 91,187,798,130
MDS테크 086960 자본과부채총계 114,844,105,465 114,004,262,152
date : 2016-12-31
MDS테크 086960 유동자산 87,478,149,815 86,137,796,261
MDS테크 086960 현금및현금성자산 6,256,294,534 7,391,735,695
MDS테크 086960 매출채권 및 기타유동채권
MDS테크 086960 재고자산 7,793,384,184 4,185,253,814
MDS테크 086960 기타유동금융자산 31,112,926,921 45,967,684,937
MDS테크 086960 기타유동자산 0 0
MDS테크 086960 매각예정비유동자산 0 0
MDS테크 086960 비유동자산 31,795,316,266 27,866,465,891
MDS테크 086960 장기금융상품 0 0
MDS테크 086960 기타포괄손익-공정가치 0 0
MDS테크 086960 당기손익인식공정가치측정금융자산 0 0
MDS테크 086960 종속회사투자 0 0
MDS테크 086960 관계회사투자 0 0
MDS테크 086960 렌탈자산 0 0
MDS테크 086960 유형자산 8,871,103,344 9,018,363,459
MDS테크 086960 무형자산 10,059,145,015 10,618,047,725
MDS테크 086960 기타비유동금융자산 351,458,677 1,005,604,895
MDS테크 086960 기타비유동자산 0 0
MDS테크 086960 사용권자산 0 0
MDS테크 086960 이연법인세자산 212,329,575 10,618,047,725
MDS테크 086960 자산총계 119,273,466,081 114,004,262,152
MDS테크 086960 유동부채 29,946,717,318 19,442,656,121
MDS테크 086960 단기매입채무 0 0
MDS테크 086960 단기차입금 517,422,500 19,442,656,121
MDS테크 086960 유동성장기차입금 0 0
MDS테크 086960 유동성사채 0 0
MDS테크 086960 기타유동금융부채 10,777,328,941 6,283,173,315
MDS테크 086960 기타유동부채 4,065,699,924 3,573,324,481
MDS테크 086960 당기법인세부채 1,802,172,807 1,086,526,377
MDS테크 086960 유동리스부채 0 0
MDS테크 086960 비유동부채 2,082,481,465 3,373,807,901
MDS테크 086960 사채 0 0
MDS테크 086960 장기차입금 0 132,555,000
MDS테크 086960 기타비유동금융부채 132,555,000 132,555,000
MDS테크 086960 이연법인세부채 736,742,674 1,167,973,573
MDS테크 086960 비유동리스부채 0 0
MDS테크 086960 부채총계 32,029,198,783 22,816,464,022
MDS테크 086960 자본금 0 0
MDS테크 086960 자본잉여금 22,805,879,841 22,622,887,423
MDS테크 086960 자본조정 -8,005,009,535 565,273,670
MDS테크 086960 기타포괄손익누계액 45,839,173 51,297,141
MDS테크 086960 이익잉여금(결손금) 67,554,332,819 63,110,114,896
MDS테크 086960 자본총계 87,244,267,298 91,187,798,130
MDS테크 086960 자본과부채총계 119,273,466,081 114,004,262,152
date : 2017-03-31
MDS테크 086960 유동자산 69,705,763,263 87,478,149,815
MDS테크 086960 현금및현금성자산 8,599,898,147 6,256,294,534
MDS테크 086960 매출채권 및 기타유동채권
MDS테크 086960 재고자산 8,218,154,046 7,793,384,184
MDS테크 086960 기타유동금융자산 22,089,192,292 31,112,926,921
MDS테크 086960 기타유동자산 0 0
MDS테크 086960 매각예정비유동자산 0 0
MDS테크 086960 비유동자산 32,128,860,831 31,795,316,266
MDS테크 086960 장기금융상품 0 0
MDS테크 086960 기타포괄손익-공정가치 0 0
MDS테크 086960 당기손익인식공정가치측정금융자산 0 0
MDS테크 086960 종속회사투자 0 0
MDS테크 086960 관계회사투자 0 0
MDS테크 086960 렌탈자산 0 0
MDS테크 086960 유형자산 8,895,333,909 8,871,103,344
MDS테크 086960 무형자산 9,920,042,467 10,059,145,015
MDS테크 086960 기타비유동금융자산 270,763,598 351,458,677
MDS테크 086960 기타비유동자산 0 0
MDS테크 086960 사용권자산 0 0
MDS테크 086960 이연법인세자산 209,759,769 212,329,575
MDS테크 086960 자산총계 101,834,624,094 119,273,466,081
MDS테크 086960 유동부채 15,189,275,186 29,946,717,318
MDS테크 086960 단기매입채무 0 0
MDS테크 086960 단기차입금 517,422,500 29,946,717,318
MDS테크 086960 유동성장기차입금 0 0
MDS테크 086960 유동성사채 0 0
MDS테크 086960 기타유동금융부채 5,189,008,167 10,777,328,941
MDS테크 086960 기타유동부채 4,410,375,626 4,065,699,924
MDS테크 086960 당기법인세부채 659,170,999 1,802,172,807
MDS테크 086960 유동리스부채 0 0
MDS테크 086960 비유동부채 2,385,802,405 2,082,481,465
MDS테크 086960 사채 0 0
MDS테크 086960 장기차입금 0 132,555,000
MDS테크 086960 기타비유동금융부채 132,555,000 132,555,000
MDS테크 086960 이연법인세부채 736,742,674 132,555,000
MDS테크 086960 비유동리스부채 0 0
MDS테크 086960 부채총계 17,575,077,591 32,029,198,783
MDS테크 086960 자본금 0 0
MDS테크 086960 자본잉여금 22,805,879,841 22,805,879,841
MDS테크 086960 자본조정 -10,117,733,085 -8,005,009,535
MDS테크 086960 기타포괄손익누계액 54,950,300 45,839,173
MDS테크 086960 이익잉여금(결손금) 66,673,224,447 67,554,332,819
MDS테크 086960 자본총계 84,259,546,503 87,244,267,298
MDS테크 086960 자본과부채총계 101,834,624,094 119,273,466,081
date : 2017-06-30
MDS테크 086960 유동자산 72,993,136,087 87,478,149,815
MDS테크 086960 현금및현금성자산 7,989,427,730 6,256,294,534
MDS테크 086960 매출채권 및 기타유동채권
MDS테크 086960 재고자산 5,906,797,789 7,793,384,184
MDS테크 086960 기타유동금융자산 28,638,685,597 31,112,926,921
MDS테크 086960 기타유동자산 0 0
MDS테크 086960 매각예정비유동자산 0 0
MDS테크 086960 비유동자산 32,240,400,953 31,795,316,266
MDS테크 086960 장기금융상품 0 0
MDS테크 086960 기타포괄손익-공정가치 0 0
MDS테크 086960 당기손익인식공정가치측정금융자산 0 0
MDS테크 086960 종속회사투자 0 0
MDS테크 086960 관계회사투자 0 0
MDS테크 086960 렌탈자산 0 0
MDS테크 086960 유형자산 8,794,471,067 8,871,103,344
MDS테크 086960 무형자산 9,927,520,364 10,059,145,015
MDS테크 086960 기타비유동금융자산 569,795,677 351,458,677
MDS테크 086960 기타비유동자산 0 0
MDS테크 086960 사용권자산 0 0
MDS테크 086960 이연법인세자산 212,329,575 10,059,145,015
MDS테크 086960 자산총계 105,233,537,040 119,273,466,081
MDS테크 086960 유동부채 16,600,199,279 29,946,717,318
MDS테크 086960 단기매입채무 0 0
MDS테크 086960 단기차입금 517,422,500 29,946,717,318
MDS테크 086960 유동성장기차입금 0 0
MDS테크 086960 유동성사채 0 0
MDS테크 086960 기타유동금융부채 4,905,403,949 10,777,328,941
MDS테크 086960 기타유동부채 2,391,146,622 4,065,699,924
MDS테크 086960 당기법인세부채 117,409,439 1,802,172,807
MDS테크 086960 유동리스부채 0 0
MDS테크 086960 비유동부채 1,819,686,137 2,082,481,465
MDS테크 086960 사채 0 0
MDS테크 086960 장기차입금 0 0
MDS테크 086960 기타비유동금융부채 132,555,000 132,555,000
MDS테크 086960 이연법인세부채 228,217,364 132,555,000
MDS테크 086960 비유동리스부채 0 0
MDS테크 086960 부채총계 18,419,885,416 32,029,198,783
MDS테크 086960 자본금 0 0
MDS테크 086960 자본잉여금 22,805,879,841 22,805,879,841
MDS테크 086960 자본조정 -9,983,920,960 -8,005,009,535
MDS테크 086960 기타포괄손익누계액 127,375,451 45,839,173
MDS테크 086960 이익잉여금(결손금) 69,021,092,292 67,554,332,819
MDS테크 086960 자본총계 86,813,651,624 87,244,267,298
MDS테크 086960 자본과부채총계 105,233,537,040 119,273,466,081
date : 2017-09-30
한컴MDS 086960 유동자산 72,846,786,619 87,478,149,815
한컴MDS 086960 현금및현금성자산 9,020,831,858 6,256,294,534
한컴MDS 086960 매출채권 및 기타유동채권
한컴MDS 086960 재고자산 7,311,518,999 7,793,384,184
한컴MDS 086960 기타유동금융자산 29,731,618,640 31,112,926,921
한컴MDS 086960 기타유동자산 0 0
한컴MDS 086960 매각예정비유동자산 0 0
한컴MDS 086960 비유동자산 32,373,876,264 31,795,316,266
한컴MDS 086960 장기금융상품 0 0
한컴MDS 086960 기타포괄손익-공정가치 0 0
한컴MDS 086960 당기손익인식공정가치측정금융자산 0 0
한컴MDS 086960 종속회사투자 0 0
한컴MDS 086960 관계회사투자 0 0
한컴MDS 086960 렌탈자산 0 0
한컴MDS 086960 유형자산 8,774,130,900 8,871,103,344
한컴MDS 086960 무형자산 9,441,442,742 10,059,145,015
한컴MDS 086960 기타비유동금융자산 1,185,185,041 351,458,677
한컴MDS 086960 기타비유동자산 0 0
한컴MDS 086960 사용권자산 0 0
한컴MDS 086960 이연법인세자산 22,997,412 212,329,575
한컴MDS 086960 자산총계 105,220,662,883 119,273,466,081
한컴MDS 086960 유동부채 14,789,647,652 29,946,717,318
한컴MDS 086960 단기매입채무 0 0
한컴MDS 086960 단기차입금 517,422,500 29,946,717,318
한컴MDS 086960 유동성장기차입금 0 0
한컴MDS 086960 유동성사채 0 0
한컴MDS 086960 기타유동금융부채 4,640,177,495 10,777,328,941
한컴MDS 086960 기타유동부채 2,384,038,277 4,065,699,924
한컴MDS 086960 당기법인세부채 1,802,172,807 29,946,717,318
한컴MDS 086960 유동리스부채 0 0
한컴MDS 086960 비유동부채 2,197,194,481 2,082,481,465
한컴MDS 086960 사채 0 0
한컴MDS 086960 장기차입금 0 0
한컴MDS 086960 기타비유동금융부채 132,555,000 132,555,000
한컴MDS 086960 이연법인세부채 244,946,167 132,555,000
한컴MDS 086960 비유동리스부채 0 0
한컴MDS 086960 부채총계 16,986,842,133 32,029,198,783
한컴MDS 086960 자본금 4,843,225,000 4,843,225,000
한컴MDS 086960 자본잉여금 22,805,879,841 22,805,879,841
한컴MDS 086960 자본조정 0 0
한컴MDS 086960 기타포괄손익누계액 105,150,384 45,839,173
한컴MDS 086960 이익잉여금(결손금) 70,329,674,360 67,554,332,819
한컴MDS 086960 자본총계 88,233,820,750 87,244,267,298
한컴MDS 086960 자본과부채총계 105,220,662,883 119,273,466,081
date : 2017-12-31
한컴MDS 086960 유동자산 75,497,063,938 87,478,149,815
한컴MDS 086960 현금및현금성자산 3,541,762,602 6,256,294,534
한컴MDS 086960 매출채권 및 기타유동채권
한컴MDS 086960 재고자산 7,299,650,770 7,793,384,184
한컴MDS 086960 기타유동금융자산 29,417,846,422 31,112,926,921
한컴MDS 086960 기타유동자산 0 0
한컴MDS 086960 매각예정비유동자산 0 0
한컴MDS 086960 비유동자산 35,646,335,997 31,795,316,266
한컴MDS 086960 장기금융상품 0 0
한컴MDS 086960 기타포괄손익-공정가치 0 0
한컴MDS 086960 당기손익인식공정가치측정금융자산 0 0
한컴MDS 086960 종속회사투자 0 0
한컴MDS 086960 관계회사투자 0 0
한컴MDS 086960 렌탈자산 0 0
한컴MDS 086960 유형자산 8,651,639,739 8,871,103,344
한컴MDS 086960 무형자산 9,327,325,277 10,059,145,015
한컴MDS 086960 기타비유동금융자산 603,146,672 351,458,677
한컴MDS 086960 기타비유동자산 0 0
한컴MDS 086960 사용권자산 0 0
한컴MDS 086960 이연법인세자산 212,329,575 10,059,145,015
한컴MDS 086960 자산총계 111,143,399,935 119,273,466,081
한컴MDS 086960 유동부채 18,453,623,032 29,946,717,318
한컴MDS 086960 단기매입채무 0 0
한컴MDS 086960 단기차입금 517,422,500 29,946,717,318
한컴MDS 086960 유동성장기차입금 0 0
한컴MDS 086960 유동성사채 0 0
한컴MDS 086960 기타유동금융부채 6,010,313,704 10,777,328,941
한컴MDS 086960 기타유동부채 2,684,884,330 4,065,699,924
한컴MDS 086960 당기법인세부채 1,802,172,807 1,086,526,377
한컴MDS 086960 유동리스부채 0 0
한컴MDS 086960 비유동부채 1,303,123,758 2,082,481,465
한컴MDS 086960 사채 0 0
한컴MDS 086960 장기차입금 0 0
한컴MDS 086960 기타비유동금융부채 132,555,000 132,555,000
한컴MDS 086960 이연법인세부채 322,823,979 736,742,674
한컴MDS 086960 비유동리스부채 0 0
한컴MDS 086960 부채총계 19,756,746,790 32,029,198,783
한컴MDS 086960 자본금 4,843,225,000 4,843,225,000
한컴MDS 086960 자본잉여금 22,805,879,841 22,805,879,841
한컴MDS 086960 자본조정 0 0
한컴MDS 086960 기타포괄손익누계액 143,451,613 45,839,173
한컴MDS 086960 이익잉여금(결손금) 73,310,393,399 67,554,332,819
한컴MDS 086960 자본총계 91,386,653,145 87,244,267,298
한컴MDS 086960 자본과부채총계 111,143,399,935 119,273,466,081
date : 2018-03-31
한컴MDS 086960 유동자산 75,273,082,135 75,497,063,938
한컴MDS 086960 현금및현금성자산 3,595,921,144 3,541,762,602
한컴MDS 086960 매출채권 및 기타유동채권
한컴MDS 086960 재고자산 7,917,189,671 7,299,650,770
한컴MDS 086960 기타유동금융자산 32,533,938,317 29,417,846,422
한컴MDS 086960 기타유동자산 0 0
한컴MDS 086960 매각예정비유동자산 0 0
한컴MDS 086960 비유동자산 36,591,808,680 35,646,335,997
한컴MDS 086960 장기금융상품 0 0
한컴MDS 086960 기타포괄손익-공정가치 0 0
한컴MDS 086960 당기손익인식공정가치측정금융자산 0 0
한컴MDS 086960 종속회사투자 0 0
한컴MDS 086960 관계회사투자 0 0
한컴MDS 086960 렌탈자산 0 0
한컴MDS 086960 유형자산 8,647,600,545 8,651,639,739
한컴MDS 086960 무형자산 9,180,063,430 9,327,325,277
한컴MDS 086960 기타비유동금융자산 711,958,228 603,146,672
한컴MDS 086960 기타비유동자산 0 0
한컴MDS 086960 사용권자산 0 0
한컴MDS 086960 이연법인세자산 0 0
한컴MDS 086960 자산총계 111,864,890,815 111,143,399,935
한컴MDS 086960 유동부채 17,845,217,327 18,453,623,032
한컴MDS 086960 단기매입채무 0 0
한컴MDS 086960 단기차입금 900,000,000 18,453,623,032
한컴MDS 086960 유동성장기차입금 0 0
한컴MDS 086960 유동성사채 0 0
한컴MDS 086960 기타유동금융부채 4,901,450,326 6,010,313,704
한컴MDS 086960 기타유동부채 4,226,651,770 2,684,884,330
한컴MDS 086960 당기법인세부채 342,776,866 18,453,623,032
한컴MDS 086960 유동리스부채 0 0
한컴MDS 086960 비유동부채 1,977,998,015 1,303,123,758
한컴MDS 086960 사채 0 0
한컴MDS 086960 장기차입금 0 0
한컴MDS 086960 기타비유동금융부채 0 0
한컴MDS 086960 이연법인세부채 316,814,056 322,823,979
한컴MDS 086960 비유동리스부채 0 0
한컴MDS 086960 부채총계 19,823,215,342 19,756,746,790
한컴MDS 086960 자본금 4,844,725,000 4,843,225,000
한컴MDS 086960 자본잉여금 22,869,362,082 22,805,879,841
한컴MDS 086960 자본조정 0 0
한컴MDS 086960 기타포괄손익누계액 122,143,704 143,451,613
한컴MDS 086960 이익잉여금(결손금) 73,814,812,676 73,310,393,399
한컴MDS 086960 자본총계 92,041,675,473 91,386,653,145
한컴MDS 086960 자본과부채총계 111,864,890,815 111,143,399,935
date : 2018-06-30
한컴MDS 086960 유동자산 77,537,667,566 75,497,063,938
한컴MDS 086960 현금및현금성자산 9,371,150,512 3,541,762,602
한컴MDS 086960 매출채권 및 기타유동채권
한컴MDS 086960 재고자산 8,968,066,830 7,299,650,770
한컴MDS 086960 기타유동금융자산 32,814,555,645 29,417,846,422
한컴MDS 086960 기타유동자산 0 0
한컴MDS 086960 매각예정비유동자산 0 0
한컴MDS 086960 비유동자산 36,581,299,247 35,646,335,997
한컴MDS 086960 장기금융상품 0 0
한컴MDS 086960 기타포괄손익-공정가치 0 0
한컴MDS 086960 당기손익인식공정가치측정금융자산 0 0
한컴MDS 086960 종속회사투자 0 0
한컴MDS 086960 관계회사투자 0 0
한컴MDS 086960 렌탈자산 0 0
한컴MDS 086960 유형자산 8,560,792,348 8,651,639,739
한컴MDS 086960 무형자산 10,761,967,929 9,327,325,277
한컴MDS 086960 기타비유동금융자산 484,519,568 603,146,672
한컴MDS 086960 기타비유동자산 0 0
한컴MDS 086960 사용권자산 0 0
한컴MDS 086960 이연법인세자산 0 0
한컴MDS 086960 자산총계 114,118,966,813 111,143,399,935
한컴MDS 086960 유동부채 17,161,584,238 18,453,623,032
한컴MDS 086960 단기매입채무 0 0
한컴MDS 086960 단기차입금 0 18,453,623,032
한컴MDS 086960 유동성장기차입금 0 0
한컴MDS 086960 유동성사채 0 0
한컴MDS 086960 기타유동금융부채 4,772,193,113 6,010,313,704
한컴MDS 086960 기타유동부채 2,703,796,070 2,684,884,330
한컴MDS 086960 당기법인세부채 1,043,431,770 18,453,623,032
한컴MDS 086960 유동리스부채 0 0
한컴MDS 086960 비유동부채 1,663,273,277 1,303,123,758
한컴MDS 086960 사채 0 0
한컴MDS 086960 장기차입금 0 0
한컴MDS 086960 기타비유동금융부채 0 1,303,123,758
한컴MDS 086960 이연법인세부채 144,877,234 322,823,979
한컴MDS 086960 비유동리스부채 0 0
한컴MDS 086960 부채총계 18,824,857,515 19,756,746,790
한컴MDS 086960 자본금 4,844,725,000 4,843,225,000
한컴MDS 086960 자본잉여금 22,869,362,082 22,805,879,841
한컴MDS 086960 자본조정 0 0
한컴MDS 086960 기타포괄손익누계액 0 143,451,613
한컴MDS 086960 이익잉여금(결손금) 77,128,248,215 73,310,393,399
한컴MDS 086960 자본총계 95,294,109,298 91,386,653,145
한컴MDS 086960 자본과부채총계 114,118,966,813 111,143,399,935
date : 2018-09-30
한컴MDS 086960 유동자산 77,524,405,297 75,497,063,938
한컴MDS 086960 현금및현금성자산 6,429,463,003 3,541,762,602
한컴MDS 086960 매출채권 및 기타유동채권
한컴MDS 086960 재고자산 7,483,246,136 7,299,650,770
한컴MDS 086960 기타유동금융자산 36,025,790,111 29,417,846,422
한컴MDS 086960 기타유동자산 0 0
한컴MDS 086960 매각예정비유동자산 0 0
한컴MDS 086960 비유동자산 36,661,538,913 35,646,335,997
한컴MDS 086960 장기금융상품 0 0
한컴MDS 086960 기타포괄손익-공정가치 0 0
한컴MDS 086960 당기손익인식공정가치측정금융자산 0 0
한컴MDS 086960 종속회사투자 0 0
한컴MDS 086960 관계회사투자 0 0
한컴MDS 086960 렌탈자산 0 0
한컴MDS 086960 유형자산 8,621,094,148 8,651,639,739
한컴MDS 086960 무형자산 10,780,263,889 9,327,325,277
한컴MDS 086960 기타비유동금융자산 486,161,474 603,146,672
한컴MDS 086960 기타비유동자산 0 0
한컴MDS 086960 사용권자산 0 0
한컴MDS 086960 이연법인세자산 0 0
한컴MDS 086960 자산총계 114,185,944,210 111,143,399,935
한컴MDS 086960 유동부채 14,571,456,104 18,453,623,032
한컴MDS 086960 단기매입채무 0 0
한컴MDS 086960 단기차입금 0 18,453,623,032
한컴MDS 086960 유동성장기차입금 0 0
한컴MDS 086960 유동성사채 0 0
한컴MDS 086960 기타유동금융부채 4,041,610,378 6,010,313,704
한컴MDS 086960 기타유동부채 2,430,090,522 2,684,884,330
한컴MDS 086960 당기법인세부채 1,085,113,131 18,453,623,032
한컴MDS 086960 유동리스부채 0 0
한컴MDS 086960 비유동부채 2,029,755,754 1,303,123,758
한컴MDS 086960 사채 0 0
한컴MDS 086960 장기차입금 0 0
한컴MDS 086960 기타비유동금융부채 0 1,303,123,758
한컴MDS 086960 이연법인세부채 144,877,234 322,823,979
한컴MDS 086960 비유동리스부채 0 0
한컴MDS 086960 부채총계 16,601,211,858 19,756,746,790
한컴MDS 086960 자본금 4,844,725,000 4,843,225,000
한컴MDS 086960 자본잉여금 22,869,362,082 22,805,879,841
한컴MDS 086960 자본조정 0 0
한컴MDS 086960 기타포괄손익누계액 0 143,451,613
한컴MDS 086960 이익잉여금(결손금) 79,357,729,279 73,310,393,399
한컴MDS 086960 자본총계 97,584,732,352 91,386,653,145
한컴MDS 086960 자본과부채총계 114,185,944,210 111,143,399,935
date : 2018-12-31
한컴MDS 086960 유동자산 86,269,852,433 75,497,063,938
한컴MDS 086960 현금및현금성자산 9,566,112,298 3,541,762,602
한컴MDS 086960 매출채권 및 기타유동채권
한컴MDS 086960 재고자산 11,644,291,512 7,299,650,770
한컴MDS 086960 기타유동금융자산 38,490,471,826 29,417,846,422
한컴MDS 086960 기타유동자산 0 0
한컴MDS 086960 매각예정비유동자산 0 0
한컴MDS 086960 비유동자산 35,002,048,669 35,646,335,997
한컴MDS 086960 장기금융상품 0 0
한컴MDS 086960 기타포괄손익-공정가치 0 0
한컴MDS 086960 당기손익인식공정가치측정금융자산 0 0
한컴MDS 086960 종속회사투자 0 0
한컴MDS 086960 관계회사투자 0 0
한컴MDS 086960 렌탈자산 0 0
한컴MDS 086960 유형자산 9,264,660,830 8,651,639,739
한컴MDS 086960 무형자산 10,325,517,451 9,327,325,277
한컴MDS 086960 기타비유동금융자산 487,803,377 603,146,672
한컴MDS 086960 기타비유동자산 0 0
한컴MDS 086960 사용권자산 0 0
한컴MDS 086960 이연법인세자산 348,047,609 212,329,575
한컴MDS 086960 자산총계 121,271,901,102 111,143,399,935
한컴MDS 086960 유동부채 22,829,441,009 18,453,623,032
한컴MDS 086960 단기매입채무 0 0
한컴MDS 086960 단기차입금 517,422,500 18,453,623,032
한컴MDS 086960 유동성장기차입금 0 0
한컴MDS 086960 유동성사채 0 0
한컴MDS 086960 기타유동금융부채 6,250,890,448 6,010,313,704
한컴MDS 086960 기타유동부채 2,915,708,915 2,684,884,330
한컴MDS 086960 당기법인세부채 1,308,730,205 1,802,172,807
한컴MDS 086960 유동리스부채 0 0
한컴MDS 086960 비유동부채 3,412,012,244 1,303,123,758
한컴MDS 086960 사채 0 0
한컴MDS 086960 장기차입금 0 0
한컴MDS 086960 기타비유동금융부채 132,555,000 1,303,123,758
한컴MDS 086960 이연법인세부채 0 322,823,979
한컴MDS 086960 비유동리스부채 0 0
한컴MDS 086960 부채총계 26,241,453,253 19,756,746,790
한컴MDS 086960 자본금 4,844,725,000 4,843,225,000
한컴MDS 086960 자본잉여금 22,869,362,082 22,805,879,841
한컴MDS 086960 자본조정 0 0
한컴MDS 086960 기타포괄손익누계액 0 143,451,613
한컴MDS 086960 이익잉여금(결손금) 76,742,302,784 73,310,393,399
한컴MDS 086960 자본총계 95,030,447,849 91,386,653,145
한컴MDS 086960 자본과부채총계 121,271,901,102 111,143,399,935
date : 2019-03-31
한컴MDS 086960 유동자산 76,923,694,705 86,269,852,433
한컴MDS 086960 현금및현금성자산 7,129,881,417 9,566,112,298
한컴MDS 086960 매출채권 및 기타유동채권
한컴MDS 086960 재고자산 9,336,260,052 11,644,291,512
한컴MDS 086960 기타유동금융자산 34,271,430,131 38,490,471,826
한컴MDS 086960 기타유동자산 0 0
한컴MDS 086960 매각예정비유동자산 0 0
한컴MDS 086960 비유동자산 42,092,807,714 35,002,048,669
한컴MDS 086960 장기금융상품 0 0
한컴MDS 086960 기타포괄손익-공정가치 0 0
한컴MDS 086960 당기손익인식공정가치측정금융자산 0 0
한컴MDS 086960 종속회사투자 0 0
한컴MDS 086960 관계회사투자 0 0
한컴MDS 086960 렌탈자산 0 0
한컴MDS 086960 유형자산 9,370,913,207 9,264,660,830
한컴MDS 086960 무형자산 10,189,028,438 10,325,517,451
한컴MDS 086960 기타비유동금융자산 453,744,478 487,803,377
한컴MDS 086960 기타비유동자산 0 0
한컴MDS 086960 사용권자산 0 0
한컴MDS 086960 이연법인세자산 348,047,609 348,047,609
한컴MDS 086960 자산총계 119,016,502,419 121,271,901,102
한컴MDS 086960 유동부채 20,261,373,786 22,829,441,009
한컴MDS 086960 단기매입채무 0 0
한컴MDS 086960 단기차입금 0 22,829,441,009
한컴MDS 086960 유동성장기차입금 0 0
한컴MDS 086960 유동성사채 0 0
한컴MDS 086960 기타유동금융부채 5,787,413,727 6,250,890,448
한컴MDS 086960 기타유동부채 7,051,413,052 2,915,708,915
한컴MDS 086960 당기법인세부채 321,850,038 1,308,730,205
한컴MDS 086960 유동리스부채 0 0
한컴MDS 086960 비유동부채 4,091,657,983 3,412,012,244
한컴MDS 086960 사채 0 0
한컴MDS 086960 장기차입금 0 0
한컴MDS 086960 기타비유동금융부채 0 3,412,012,244
한컴MDS 086960 이연법인세부채 0 0
한컴MDS 086960 비유동리스부채 0 0
한컴MDS 086960 부채총계 24,353,031,769 26,241,453,253
한컴MDS 086960 자본금 4,844,725,000 4,844,725,000
한컴MDS 086960 자본잉여금 22,869,362,082 22,869,362,082
한컴MDS 086960 자본조정 0 0
한컴MDS 086960 기타포괄손익누계액 0 0
한컴MDS 086960 이익잉여금(결손금) 76,313,051,324 76,742,302,784
한컴MDS 086960 자본총계 94,663,470,650 95,030,447,849
한컴MDS 086960 자본과부채총계 119,016,502,419 121,271,901,102
