date : 2015-12-31
용현BM 089230 유동자산 7,005,116,062 31,787,883,195
용현BM 089230 현금및현금성자산 924,558,146 144,188,668
용현BM 089230 매출채권 및 기타채권
용현BM 089230 재고자산 2,190,443,136 20,802,217,499
용현BM 089230 기타유동금융자산 0 0
용현BM 089230 기타유동자산 578,837,712 29,129,971
용현BM 089230 매각예정비유동자산 0 0
용현BM 089230 비유동자산 56,305,235,760 71,438,843,619
용현BM 089230 장기금융상품 3,000,000 463,000,000
용현BM 089230 기타포괄손익-공정가치 0 0
용현BM 089230 당기손익인식공정가치측정금융자산 0 0
용현BM 089230 종속회사투자 0 0
용현BM 089230 관계회사투자 0 0
용현BM 089230 렌탈자산 0 0
용현BM 089230 유형자산 31,111,073,798 63,767,854,060
용현BM 089230 무형자산 0 0
용현BM 089230 기타비유동금융자산 0 0
용현BM 089230 기타비유동자산 0 0
용현BM 089230 사용권자산 0 0
용현BM 089230 이연법인세자산 0 0
용현BM 089230 자산총계 63,310,351,822 103,226,726,814
용현BM 089230 유동부채 12,016,268,956 62,033,560,314
용현BM 089230 단기매입채무 0 0
용현BM 089230 단기차입금 0 0
용현BM 089230 유동성장기차입금 0 0
용현BM 089230 유동성사채 0 0
용현BM 089230 기타유동금융부채 0 0
용현BM 089230 기타유동부채 4,085,461,776 1,680,360,646
용현BM 089230 당기법인세부채 0 0
용현BM 089230 유동리스부채 0 0
용현BM 089230 비유동부채 1,000,960,353 25,052,848,940
용현BM 089230 사채 0 0
용현BM 089230 장기차입금 0 0
용현BM 089230 기타비유동금융부채 0 0
용현BM 089230 이연법인세부채 0 0
용현BM 089230 비유동리스부채 0 0
용현BM 089230 부채총계 13,017,229,309 87,086,409,254
용현BM 089230 자본금 9,186,098,000 20,947,961,000
용현BM 089230 자본잉여금 0 0
용현BM 089230 자본조정 0 0
용현BM 089230 기타포괄손익누계액 0 0
용현BM 089230 이익잉여금(결손금) -118,078,052,422 -92,522,357,700
용현BM 089230 자본총계 50,293,122,513 16,140,317,560
용현BM 089230 자본과부채총계 63,310,351,822 103,226,726,814
date : 2016-03-31
용현BM 089230 유동자산 5,550,549,871 7,005,116,062
용현BM 089230 현금및현금성자산 19,499,042 924,558,146
용현BM 089230 매출채권 및 기타채권
용현BM 089230 재고자산 882,501,230 2,190,443,136
용현BM 089230 기타유동금융자산 0 0
용현BM 089230 기타유동자산 1,027,067,400 578,837,712
용현BM 089230 매각예정비유동자산 0 0
용현BM 089230 비유동자산 56,137,650,947 56,305,235,760
용현BM 089230 장기금융상품 3,000,000 3,000,000
용현BM 089230 기타포괄손익-공정가치 0 0
용현BM 089230 당기손익인식공정가치측정금융자산 0 0
용현BM 089230 종속회사투자 0 0
용현BM 089230 관계회사투자 0 0
용현BM 089230 렌탈자산 0 0
용현BM 089230 유형자산 30,941,955,685 31,111,073,798
용현BM 089230 무형자산 0 0
용현BM 089230 기타비유동금융자산 0 0
용현BM 089230 기타비유동자산 0 0
용현BM 089230 사용권자산 0 0
용현BM 089230 이연법인세자산 0 0
용현BM 089230 자산총계 61,688,200,818 63,310,351,822
용현BM 089230 유동부채 10,604,710,036 12,016,268,956
용현BM 089230 단기매입채무 0 0
용현BM 089230 단기차입금 0 0
용현BM 089230 유동성장기차입금 0 0
용현BM 089230 유동성사채 0 0
용현BM 089230 기타유동금융부채 0 0
용현BM 089230 기타유동부채 1,264,123,057 4,085,461,776
용현BM 089230 당기법인세부채 0 0
용현BM 089230 유동리스부채 0 0
용현BM 089230 비유동부채 1,120,668,202 1,000,960,353
용현BM 089230 사채 0 0
용현BM 089230 장기차입금 0 0
용현BM 089230 기타비유동금융부채 0 0
용현BM 089230 이연법인세부채 0 0
용현BM 089230 비유동리스부채 0 0
용현BM 089230 부채총계 11,725,378,238 13,017,229,309
용현BM 089230 자본금 9,186,098,000 9,186,098,000
용현BM 089230 자본잉여금 0 0
용현BM 089230 자본조정 0 0
용현BM 089230 기타포괄손익누계액 0 0
용현BM 089230 이익잉여금(결손금) -118,408,352,355 -118,078,052,422
용현BM 089230 자본총계 49,962,822,580 50,293,122,513
용현BM 089230 자본과부채총계 61,688,200,818 63,310,351,822
date : 2016-06-30
THE 089230 유동자산 1,958,552,525 7,005,116,062
THE 089230 현금및현금성자산 361,063,029 924,558,146
THE 089230 매출채권 및 기타채권
THE 089230 재고자산 23,461,085 2,190,443,136
THE 089230 기타유동금융자산 0 0
THE 089230 기타유동자산 94,417,514 578,837,712
THE 089230 매각예정비유동자산 0 0
THE 089230 비유동자산 55,993,483,091 56,305,235,760
THE 089230 장기금융상품 3,000,000 3,000,000
THE 089230 기타포괄손익-공정가치 0 0
THE 089230 당기손익인식공정가치측정금융자산 0 0
THE 089230 종속회사투자 0 0
THE 089230 관계회사투자 0 0
THE 089230 렌탈자산 0 0
THE 089230 유형자산 30,827,787,829 31,111,073,798
THE 089230 무형자산 0 0
THE 089230 기타비유동금융자산 0 0
THE 089230 기타비유동자산 0 0
THE 089230 사용권자산 0 0
THE 089230 이연법인세자산 0 0
THE 089230 자산총계 57,952,035,616 63,310,351,822
THE 089230 유동부채 8,357,715,766 12,016,268,956
THE 089230 단기매입채무 0 0
THE 089230 단기차입금 0 0
THE 089230 유동성장기차입금 0 0
THE 089230 유동성사채 0 0
THE 089230 기타유동금융부채 0 0
THE 089230 기타유동부채 611,247,795 4,085,461,776
THE 089230 당기법인세부채 0 0
THE 089230 유동리스부채 0 0
THE 089230 비유동부채 874,625,282 1,000,960,353
THE 089230 사채 0 0
THE 089230 장기차입금 0 0
THE 089230 기타비유동금융부채 0 0
THE 089230 이연법인세부채 0 0
THE 089230 비유동리스부채 0 0
THE 089230 부채총계 9,232,341,048 13,017,229,309
THE 089230 자본금 9,186,098,000 9,186,098,000
THE 089230 자본잉여금 0 0
THE 089230 자본조정 0 0
THE 089230 기타포괄손익누계액 0 0
THE 089230 이익잉여금(결손금) -99,799,437,107 -118,078,052,422
THE 089230 자본총계 48,719,694,568 50,293,122,513
THE 089230 자본과부채총계 57,952,035,616 63,310,351,822
date : 2016-09-30
THE 089230 유동자산 9,703,737,050 7,005,116,062
THE 089230 현금및현금성자산 1,514,536,884 924,558,146
THE 089230 매출채권 및 기타채권
THE 089230 재고자산 23,461,085 2,190,443,136
THE 089230 기타유동금융자산 0 0
THE 089230 기타유동자산 851,473,020 578,837,712
THE 089230 매각예정비유동자산 0 0
THE 089230 비유동자산 58,009,759,648 56,305,235,760
THE 089230 장기금융상품 129,247,778 3,000,000
THE 089230 기타포괄손익-공정가치 0 0
THE 089230 당기손익인식공정가치측정금융자산 0 0
THE 089230 종속회사투자 0 0
THE 089230 관계회사투자 0 0
THE 089230 렌탈자산 0 0
THE 089230 유형자산 38,533,334,794 31,111,073,798
THE 089230 무형자산 17,612,880,689 31,111,073,798
THE 089230 기타비유동금융자산 0 0
THE 089230 기타비유동자산 0 0
THE 089230 사용권자산 0 0
THE 089230 이연법인세자산 180,065,325 3,000,000
THE 089230 자산총계 67,713,496,698 63,310,351,822
THE 089230 유동부채 9,635,334,767 12,016,268,956
THE 089230 단기매입채무 0 0
THE 089230 단기차입금 0 0
THE 089230 유동성장기차입금 0 0
THE 089230 유동성사채 0 0
THE 089230 기타유동금융부채 0 0
THE 089230 기타유동부채 1,705,656,701 4,085,461,776
THE 089230 당기법인세부채 845,733,948 4,085,461,776
THE 089230 유동리스부채 0 0
THE 089230 비유동부채 5,000,000,000 1,000,960,353
THE 089230 사채 0 0
THE 089230 장기차입금 0 0
THE 089230 기타비유동금융부채 0 0
THE 089230 이연법인세부채 0 0
THE 089230 비유동리스부채 0 0
THE 089230 부채총계 14,635,334,767 13,017,229,309
THE 089230 자본금 9,186,098,000 9,186,098,000
THE 089230 자본잉여금 0 0
THE 089230 자본조정 0 0
THE 089230 기타포괄손익누계액 0 0
THE 089230 이익잉여금(결손금) -95,600,258,636 -118,078,052,422
THE 089230 자본총계 53,078,161,931 50,293,122,513
THE 089230 자본과부채총계 67,713,496,698 63,310,351,822
date : 2016-12-31
THE 089230 유동자산 6,857,152,379 7,005,116,062
THE 089230 현금및현금성자산 1,778,571,677 924,558,146
THE 089230 매출채권 및 기타채권
THE 089230 재고자산 82,848,617 2,190,443,136
THE 089230 기타유동금융자산 0 0
THE 089230 기타유동자산 733,662,843 578,837,712
THE 089230 매각예정비유동자산 0 0
THE 089230 비유동자산 60,468,299,246 56,305,235,760
THE 089230 장기금융상품 8,161,843 3,000,000
THE 089230 기타포괄손익-공정가치 0 0
THE 089230 당기손익인식공정가치측정금융자산 0 0
THE 089230 종속회사투자 0 0
THE 089230 관계회사투자 0 0
THE 089230 렌탈자산 0 0
THE 089230 유형자산 34,878,021,790 31,111,073,798
THE 089230 무형자산 17,494,844,636 31,111,073,798
THE 089230 기타비유동금융자산 0 0
THE 089230 기타비유동자산 0 0
THE 089230 사용권자산 0 0
THE 089230 이연법인세자산 306,565,926 3,000,000
THE 089230 자산총계 67,325,451,625 63,310,351,822
THE 089230 유동부채 7,602,251,807 12,016,268,956
THE 089230 단기매입채무 0 0
THE 089230 단기차입금 0 0
THE 089230 유동성장기차입금 0 0
THE 089230 유동성사채 0 0
THE 089230 기타유동금융부채 0 0
THE 089230 기타유동부채 1,769,704,529 4,085,461,776
THE 089230 당기법인세부채 584,758,544 4,085,461,776
THE 089230 유동리스부채 0 0
THE 089230 비유동부채 5,688,125,000 1,000,960,353
THE 089230 사채 0 0
THE 089230 장기차입금 0 0
THE 089230 기타비유동금융부채 0 0
THE 089230 이연법인세부채 0 0
THE 089230 비유동리스부채 0 0
THE 089230 부채총계 13,290,376,807 13,017,229,309
THE 089230 자본금 9,186,098,000 9,186,098,000
THE 089230 자본잉여금 0 0
THE 089230 자본조정 0 0
THE 089230 기타포괄손익누계액 0 0
THE 089230 이익잉여금(결손금) -96,744,195,267 -118,078,052,422
THE 089230 자본총계 54,035,074,818 50,293,122,513
THE 089230 자본과부채총계 67,325,451,625 63,310,351,822
date : 2017-03-31
THE 089230 유동자산 6,988,839,696 6,857,152,379
THE 089230 현금및현금성자산 1,228,746,526 1,778,571,677
THE 089230 매출채권 및 기타채권
THE 089230 재고자산 56,304,014 82,848,617
THE 089230 기타유동금융자산 0 0
THE 089230 기타유동자산 826,505,428 733,662,843
THE 089230 매각예정비유동자산 0 0
THE 089230 비유동자산 60,530,607,457 60,468,299,246
THE 089230 장기금융상품 0 0
THE 089230 기타포괄손익-공정가치 0 0
THE 089230 당기손익인식공정가치측정금융자산 0 0
THE 089230 종속회사투자 0 0
THE 089230 관계회사투자 0 0
THE 089230 렌탈자산 0 0
THE 089230 유형자산 34,704,831,094 34,878,021,790
THE 089230 무형자산 17,376,808,583 17,494,844,636
THE 089230 기타비유동금융자산 0 0
THE 089230 기타비유동자산 0 0
THE 089230 사용권자산 0 0
THE 089230 이연법인세자산 306,565,926 306,565,926
THE 089230 자산총계 67,519,447,153 67,325,451,625
THE 089230 유동부채 7,241,428,043 7,602,251,807
THE 089230 단기매입채무 0 0
THE 089230 단기차입금 0 0
THE 089230 유동성장기차입금 0 0
THE 089230 유동성사채 0 0
THE 089230 기타유동금융부채 0 0
THE 089230 기타유동부채 1,728,939,928 1,769,704,529
THE 089230 당기법인세부채 584,758,544 1,769,704,529
THE 089230 유동리스부채 0 0
THE 089230 비유동부채 5,801,000,000 5,688,125,000
THE 089230 사채 0 0
THE 089230 장기차입금 0 0
THE 089230 기타비유동금융부채 0 0
THE 089230 이연법인세부채 0 0
THE 089230 비유동리스부채 0 0
THE 089230 부채총계 13,042,428,043 13,290,376,807
THE 089230 자본금 9,186,098,000 9,186,098,000
THE 089230 자본잉여금 0 0
THE 089230 자본조정 0 0
THE 089230 기타포괄손익누계액 0 0
THE 089230 이익잉여금(결손금) -96,458,068,720 -96,744,195,267
THE 089230 자본총계 54,477,019,110 54,035,074,818
THE 089230 자본과부채총계 67,519,447,153 67,325,451,625
date : 2017-06-30
THE 089230 유동자산 8,812,092,053 6,857,152,379
THE 089230 현금및현금성자산 1,072,832,027 1,778,571,677
THE 089230 매출채권 및 기타채권
THE 089230 재고자산 56,304,014 82,848,617
THE 089230 기타유동금융자산 0 0
THE 089230 기타유동자산 739,759,840 733,662,843
THE 089230 매각예정비유동자산 0 0
THE 089230 비유동자산 60,090,808,172 60,468,299,246
THE 089230 장기금융상품 0 0
THE 089230 기타포괄손익-공정가치 0 0
THE 089230 당기손익인식공정가치측정금융자산 0 0
THE 089230 종속회사투자 0 0
THE 089230 관계회사투자 0 0
THE 089230 렌탈자산 0 0
THE 089230 유형자산 35,148,769,212 34,878,021,790
THE 089230 무형자산 17,258,772,530 17,494,844,636
THE 089230 기타비유동금융자산 0 0
THE 089230 기타비유동자산 0 0
THE 089230 사용권자산 0 0
THE 089230 이연법인세자산 222,650,950 306,565,926
THE 089230 자산총계 68,902,900,225 67,325,451,625
THE 089230 유동부채 8,613,446,756 7,602,251,807
THE 089230 단기매입채무 0 0
THE 089230 단기차입금 0 0
THE 089230 유동성장기차입금 0 0
THE 089230 유동성사채 0 0
THE 089230 기타유동금융부채 0 0
THE 089230 기타유동부채 1,635,001,825 1,769,704,529
THE 089230 당기법인세부채 14,210,165 584,758,544
THE 089230 유동리스부채 0 0
THE 089230 비유동부채 6,168,188,906 5,688,125,000
THE 089230 사채 0 0
THE 089230 장기차입금 0 0
THE 089230 기타비유동금융부채 0 0
THE 089230 이연법인세부채 0 0
THE 089230 비유동리스부채 0 0
THE 089230 부채총계 14,781,635,662 13,290,376,807
THE 089230 자본금 9,186,098,000 9,186,098,000
THE 089230 자본잉여금 0 0
THE 089230 자본조정 0 0
THE 089230 기타포괄손익누계액 0 0
THE 089230 이익잉여금(결손금) -96,813,823,267 -96,744,195,267
THE 089230 자본총계 54,121,264,563 54,035,074,818
THE 089230 자본과부채총계 68,902,900,225 67,325,451,625
date : 2017-09-30
THE 089230 유동자산 8,171,798,756 6,857,152,379
THE 089230 현금및현금성자산 1,867,913,720 1,778,571,677
THE 089230 매출채권 및 기타유동채권
THE 089230 재고자산 56,304,014 82,848,617
THE 089230 기타유동금융자산 0 0
THE 089230 기타유동자산 533,228,642 733,662,843
THE 089230 매각예정비유동자산 0 0
THE 089230 비유동자산 59,882,899,630 60,468,299,246
THE 089230 장기금융상품 0 0
THE 089230 기타포괄손익-공정가치 0 0
THE 089230 당기손익인식공정가치측정금융자산 0 0
THE 089230 종속회사투자 0 0
THE 089230 관계회사투자 0 0
THE 089230 렌탈자산 0 0
THE 089230 유형자산 34,993,432,718 34,878,021,790
THE 089230 무형자산 17,140,736,477 17,494,844,636
THE 089230 기타비유동금융자산 0 0
THE 089230 기타비유동자산 0 0
THE 089230 사용권자산 0 0
THE 089230 이연법인세자산 170,008,178 306,565,926
THE 089230 자산총계 68,054,698,386 67,325,451,625
THE 089230 유동부채 7,669,897,214 7,602,251,807
THE 089230 단기매입채무 0 0
THE 089230 단기차입금 0 0
THE 089230 유동성장기차입금 0 0
THE 089230 유동성사채 0 0
THE 089230 기타유동금융부채 0 0
THE 089230 기타유동부채 1,541,041,642 1,769,704,529
THE 089230 당기법인세부채 18,007,756 584,758,544
THE 089230 유동리스부채 0 0
THE 089230 비유동부채 6,137,861,224 5,688,125,000
THE 089230 사채 0 0
THE 089230 장기차입금 0 0
THE 089230 기타비유동금융부채 0 0
THE 089230 이연법인세부채 0 0
THE 089230 비유동리스부채 0 0
THE 089230 부채총계 13,807,758,438 13,290,376,807
THE 089230 자본금 9,186,098,000 9,186,098,000
THE 089230 자본잉여금 0 0
THE 089230 자본조정 0 0
THE 089230 기타포괄손익누계액 0 0
THE 089230 이익잉여금(결손금) -96,688,147,882 -96,744,195,267
THE 089230 자본총계 54,246,939,948 54,035,074,818
THE 089230 자본과부채총계 68,054,698,386 67,325,451,625
date : 2017-12-31
THE 089230 유동자산 40,789,758,837 6,857,152,379
THE 089230 현금및현금성자산 1,780,054,845 1,778,571,677
THE 089230 매출채권 및 기타유동채권
THE 089230 재고자산 82,848,617 2,190,443,136
THE 089230 기타유동금융자산 0 0
THE 089230 기타유동자산 361,692,076 733,662,843
THE 089230 매각예정비유동자산 0 0
THE 089230 비유동자산 21,407,313,311 60,468,299,246
THE 089230 장기금융상품 0 0
THE 089230 기타포괄손익-공정가치 0 0
THE 089230 당기손익인식공정가치측정금융자산 0 0
THE 089230 종속회사투자 0 0
THE 089230 관계회사투자 0 0
THE 089230 렌탈자산 0 0
THE 089230 유형자산 713,899,696 34,878,021,790
THE 089230 무형자산 17,022,700,424 17,494,844,636
THE 089230 기타비유동금융자산 0 0
THE 089230 기타비유동자산 0 0
THE 089230 사용권자산 0 0
THE 089230 이연법인세자산 238,826,061 306,565,926
THE 089230 자산총계 62,197,072,148 67,325,451,625
THE 089230 유동부채 25,523,051,628 7,602,251,807
THE 089230 단기매입채무 0 0
THE 089230 단기차입금 0 0
THE 089230 유동성장기차입금 0 0
THE 089230 유동성사채 0 0
THE 089230 기타유동금융부채 0 0
THE 089230 기타유동부채 2,486,446,007 1,769,704,529
THE 089230 당기법인세부채 137,882,907 584,758,544
THE 089230 유동리스부채 0 0
THE 089230 비유동부채 781,963,887 5,688,125,000
THE 089230 사채 0 0
THE 089230 장기차입금 0 0
THE 089230 기타비유동금융부채 0 0
THE 089230 이연법인세부채 0 0
THE 089230 비유동리스부채 0 0
THE 089230 부채총계 26,305,015,515 13,290,376,807
THE 089230 자본금 9,186,098,000 9,186,098,000
THE 089230 자본잉여금 0 0
THE 089230 자본조정 0 0
THE 089230 기타포괄손익누계액 0 0
THE 089230 이익잉여금(결손금) -114,746,542,800 -96,744,195,267
THE 089230 자본총계 35,892,056,633 54,035,074,818
THE 089230 자본과부채총계 62,197,072,148 67,325,451,625
date : 2018-03-31
THE 089230 유동자산 37,575,200,090 40,789,758,837
THE 089230 현금및현금성자산 1,946,239,596 1,780,054,845
THE 089230 매출채권 및 기타유동채권
THE 089230 재고자산 43,304,239 기타유동채권
THE 089230 기타유동금융자산 0 0
THE 089230 기타유동자산 261,099,975 361,692,076
THE 089230 매각예정비유동자산 0 0
THE 089230 비유동자산 19,303,614,281 21,407,313,311
THE 089230 장기금융상품 0 0
THE 089230 기타포괄손익-공정가치 0 0
THE 089230 당기손익인식공정가치측정금융자산 0 0
THE 089230 종속회사투자 0 0
THE 089230 관계회사투자 0 0
THE 089230 렌탈자산 0 0
THE 089230 유형자산 936,215,389 713,899,696
THE 089230 무형자산 17,144,664,371 17,022,700,424
THE 089230 기타비유동금융자산 0 0
THE 089230 기타비유동자산 0 0
THE 089230 사용권자산 0 0
THE 089230 이연법인세자산 238,144,521 238,826,061
THE 089230 자산총계 56,878,814,371 62,197,072,148
THE 089230 유동부채 20,107,546,214 25,523,051,628
THE 089230 단기매입채무 0 0
THE 089230 단기차입금 3,000,000,000 4,000,000,000
THE 089230 유동성장기차입금 0 0
THE 089230 유동성사채 0 0
THE 089230 기타유동금융부채 0 0
THE 089230 기타유동부채 2,388,635,356 2,486,446,007
THE 089230 당기법인세부채 540,464,824 137,882,907
THE 089230 유동리스부채 0 0
THE 089230 비유동부채 781,963,887 137,882,907
THE 089230 사채 0 0
THE 089230 장기차입금 0 0
THE 089230 기타비유동금융부채 0 0
THE 089230 이연법인세부채 0 0
THE 089230 비유동리스부채 0 0
THE 089230 부채총계 20,107,546,214 26,305,015,515
THE 089230 자본금 9,186,098,000 9,186,098,000
THE 089230 자본잉여금 0 0
THE 089230 자본조정 0 0
THE 089230 기타포괄손익누계액 0 0
THE 089230 이익잉여금(결손금) 319,503,357 -114,746,542,800
THE 089230 자본총계 36,771,268,157 35,892,056,633
THE 089230 자본과부채총계 56,878,814,371 62,197,072,148
date : 2018-06-30
THE 089230 유동자산 14,999,711,798 40,789,758,837
THE 089230 현금및현금성자산 1,345,366,243 1,780,054,845
THE 089230 매출채권 및 기타유동채권
THE 089230 재고자산 42,651,720 361,692,076
THE 089230 기타유동금융자산 0 0
THE 089230 기타유동자산 1,215,732,044 361,692,076
THE 089230 매각예정비유동자산 0 0
THE 089230 비유동자산 64,687,393,682 21,407,313,311
THE 089230 장기금융상품 0 0
THE 089230 기타포괄손익-공정가치 0 0
THE 089230 당기손익인식공정가치측정금융자산 0 0
THE 089230 종속회사투자 0 0
THE 089230 관계회사투자 0 0
THE 089230 렌탈자산 0 0
THE 089230 유형자산 877,746,508 713,899,696
THE 089230 무형자산 27,284,411,653 17,022,700,424
THE 089230 기타비유동금융자산 0 0
THE 089230 기타비유동자산 0 0
THE 089230 사용권자산 0 0
THE 089230 이연법인세자산 238,144,521 238,826,061
THE 089230 자산총계 79,687,105,480 62,197,072,148
THE 089230 유동부채 23,647,492,630 25,523,051,628
THE 089230 단기매입채무 0 0
THE 089230 단기차입금 2,500,000,000 4,000,000,000
THE 089230 유동성장기차입금 0 0
THE 089230 유동성사채 0 0
THE 089230 기타유동금융부채 0 0
THE 089230 기타유동부채 1,741,751,603 2,486,446,007
THE 089230 당기법인세부채 884,845,747 137,882,907
THE 089230 유동리스부채 0 0
THE 089230 비유동부채 6,050,409,013 781,963,887
THE 089230 사채 3,424,490,812 781,963,887
THE 089230 장기차입금 0 0
THE 089230 기타비유동금융부채 0 0
THE 089230 이연법인세부채 0 0
THE 089230 비유동리스부채 0 0
THE 089230 부채총계 29,697,901,643 26,305,015,515
THE 089230 자본금 9,186,098,000 9,186,098,000
THE 089230 자본잉여금 0 0
THE 089230 자본조정 0 0
THE 089230 기타포괄손익누계액 -164,908,967 9,186,098,000
THE 089230 이익잉여금(결손금) 13,487,870,037 -114,746,542,800
THE 089230 자본총계 49,989,203,837 35,892,056,633
THE 089230 자본과부채총계 79,687,105,480 62,197,072,148
date : 2018-09-30
THE 089230 유동자산 17,310,643,474 40,789,758,837
THE 089230 현금및현금성자산 1,502,259,797 1,780,054,845
THE 089230 매출채권 및 기타유동채권
THE 089230 재고자산 42,330,292 361,692,076
THE 089230 기타유동금융자산 0 0
THE 089230 기타유동자산 1,158,915,897 361,692,076
THE 089230 매각예정비유동자산 0 0
THE 089230 비유동자산 63,995,614,211 21,407,313,311
THE 089230 장기금융상품 0 0
THE 089230 기타포괄손익-공정가치 0 0
THE 089230 당기손익인식공정가치측정금융자산 0 0
THE 089230 종속회사투자 0 0
THE 089230 관계회사투자 0 0
THE 089230 렌탈자산 0 0
THE 089230 유형자산 748,790,089 713,899,696
THE 089230 무형자산 26,901,725,601 17,022,700,424
THE 089230 기타비유동금융자산 0 0
THE 089230 기타비유동자산 0 0
THE 089230 사용권자산 0 0
THE 089230 이연법인세자산 238,144,521 238,826,061
THE 089230 자산총계 81,306,257,685 62,197,072,148
THE 089230 유동부채 24,030,947,941 25,523,051,628
THE 089230 단기매입채무 0 0
THE 089230 단기차입금 3,000,000,000 4,000,000,000
THE 089230 유동성장기차입금 0 0
THE 089230 유동성사채 0 0
THE 089230 기타유동금융부채 0 0
THE 089230 기타유동부채 3,971,464,453 2,486,446,007
THE 089230 당기법인세부채 1,178,833,625 137,882,907
THE 089230 유동리스부채 0 0
THE 089230 비유동부채 6,261,210,339 781,963,887
THE 089230 사채 3,635,292,138 781,963,887
THE 089230 장기차입금 0 0
THE 089230 기타비유동금융부채 0 0
THE 089230 이연법인세부채 0 0
THE 089230 비유동리스부채 0 0
THE 089230 부채총계 30,292,158,280 26,305,015,515
THE 089230 자본금 9,186,098,000 9,186,098,000
THE 089230 자본잉여금 0 0
THE 089230 자본조정 0 0
THE 089230 기타포괄손익누계액 -164,908,967 9,186,098,000
THE 089230 이익잉여금(결손금) 14,450,404,605 -114,746,542,800
THE 089230 자본총계 51,014,099,405 35,892,056,633
THE 089230 자본과부채총계 81,306,257,685 62,197,072,148
date : 2018-12-31
THE 089230 유동자산 15,887,522,598 40,789,758,837
THE 089230 현금및현금성자산 2,494,381,784 1,780,054,845
THE 089230 매출채권 및 기타유동채권
THE 089230 재고자산 73,575,557 0
THE 089230 기타유동금융자산 0 0
THE 089230 기타유동자산 147,915,170 361,692,076
THE 089230 매각예정비유동자산 0 0
THE 089230 비유동자산 52,991,980,165 21,407,313,311
THE 089230 장기금융상품 0 0
THE 089230 기타포괄손익-공정가치 0 0
THE 089230 당기손익인식공정가치측정금융자산 0 0
THE 089230 종속회사투자 0 0
THE 089230 관계회사투자 0 0
THE 089230 렌탈자산 0 0
THE 089230 유형자산 821,160,189 713,899,696
THE 089230 무형자산 26,519,039,548 17,022,700,424
THE 089230 기타비유동금융자산 0 0
THE 089230 기타비유동자산 1,250,000,000 0
THE 089230 사용권자산 0 0
THE 089230 이연법인세자산 498,070,708 238,826,061
THE 089230 자산총계 68,879,502,763 62,197,072,148
THE 089230 유동부채 42,316,486,939 25,523,051,628
THE 089230 단기매입채무 0 0
THE 089230 단기차입금 2,500,000,000 4,000,000,000
THE 089230 유동성장기차입금 0 0
THE 089230 유동성사채 0 0
THE 089230 기타유동금융부채 0 0
THE 089230 기타유동부채 1,294,119,058 2,486,446,007
THE 089230 당기법인세부채 590,391,938 137,882,907
THE 089230 유동리스부채 0 0
THE 089230 비유동부채 275,000,000 781,963,887
THE 089230 사채 0 0
THE 089230 장기차입금 0 0
THE 089230 기타비유동금융부채 0 0
THE 089230 이연법인세부채 0 0
THE 089230 비유동리스부채 0 0
THE 089230 부채총계 42,591,486,939 26,305,015,515
THE 089230 자본금 9,186,098,000 9,186,098,000
THE 089230 자본잉여금 0 0
THE 089230 자본조정 0 0
THE 089230 기타포괄손익누계액 -28,424,702,286 -164,908,967
THE 089230 이익잉여금(결손금) 18,476,178,710 -114,746,542,800
THE 089230 자본총계 26,288,015,824 35,892,056,633
THE 089230 자본과부채총계 68,879,502,763 62,197,072,148
date : 2019-03-31
THE 089230 유동자산 15,950,070,318 15,887,522,598
THE 089230 현금및현금성자산 2,097,612,799 2,494,381,784
THE 089230 매출채권 및 기타유동채권
THE 089230 재고자산 141,883,547 73,575,557
THE 089230 기타유동금융자산 0 0
THE 089230 기타유동자산 215,425,793 147,915,170
THE 089230 매각예정비유동자산 0 0
THE 089230 비유동자산 55,682,969,571 52,991,980,165
THE 089230 장기금융상품 0 0
THE 089230 기타포괄손익-공정가치 측정 금융자산
THE 089230 당기손익인식공정가치측정금융자산 0 0
THE 089230 종속회사투자 0 0
THE 089230 관계회사투자 0 0
THE 089230 렌탈자산 0 0
THE 089230 유형자산 773,790,669 821,160,189
THE 089230 무형자산 26,136,353,497 26,519,039,548
THE 089230 기타비유동금융자산 0 0
THE 089230 기타비유동자산 0 0
THE 089230 사용권자산 0 0
THE 089230 이연법인세자산 498,070,708 498,070,708
THE 089230 자산총계 71,633,039,889 68,879,502,763
THE 089230 유동부채 41,621,577,304 42,316,486,939
THE 089230 단기매입채무 0 0
THE 089230 단기차입금 1,500,000,000 2,500,000,000
THE 089230 유동성장기차입금 0 0
THE 089230 유동성사채 0 0
THE 089230 기타유동금융부채 0 0
THE 089230 기타유동부채 2,635,928,502 1,294,119,058
THE 089230 당기법인세부채 589,140,218 590,391,938
THE 089230 유동리스부채 0 0
THE 089230 비유동부채 130,000,000 275,000,000
THE 089230 사채 0 0
THE 089230 장기차입금 0 0
THE 089230 기타비유동금융부채 0 0
THE 089230 이연법인세부채 0 0
THE 089230 비유동리스부채 0 0
THE 089230 부채총계 41,751,577,304 42,591,486,939
THE 089230 자본금 9,186,098,000 9,186,098,000
THE 089230 자본잉여금 26,919,003,600 27,050,441,400
THE 089230 자본조정 0 0
THE 089230 기타포괄손익누계액 -25,804,491,201 -28,424,702,286
THE 089230 이익잉여금(결손금) 19,580,852,186 18,476,178,710
THE 089230 자본총계 29,881,462,585 26,288,015,824
THE 089230 자본과부채총계 71,633,039,889 68,879,502,763
