date : 2015-12-31
현대EP 089470 유동자산 261,183,088,601 288,562,820,897
현대EP 089470 현금및현금성자산 25,145,033,123 8,319,777,373
현대EP 089470 매출채권 163,291,871,640 195,673,996,774
현대EP 089470 재고자산 67,173,530,293 77,132,975,713
현대EP 089470 기타유동금융자산 0 0
현대EP 089470 기타유동자산 551,450,410 373,503,946
현대EP 089470 매각예정비유동자산 0 0
현대EP 089470 비유동자산 193,178,565,752 191,201,462,253
현대EP 089470 장기금융상품 5,000,000 5,000,000
현대EP 089470 기타포괄손익-공정가치 0 0
현대EP 089470 당기손익인식공정가치측정금융자산 0 0
현대EP 089470 종속회사투자 0 0
현대EP 089470 관계회사투자 0 0
현대EP 089470 렌탈자산 0 0
현대EP 089470 유형자산 109,575,193,432 108,816,601,127
현대EP 089470 무형자산 3,901,403,380 4,462,548,131
현대EP 089470 기타비유동금융자산 428,363,227 423,002,120
현대EP 089470 기타비유동자산 0 7,912,610
현대EP 089470 사용권자산 0 0
현대EP 089470 이연법인세자산 0 0
현대EP 089470 자산총계 454,361,654,353 479,764,283,150
현대EP 089470 유동부채 221,070,393,647 304,270,157,181
현대EP 089470 단기매입채무 0 0
현대EP 089470 단기차입금 102,178,319,925 84,384,677,947
현대EP 089470 유동성장기차입금 18,000,000,000 105,000,000,000
현대EP 089470 유동성사채 0 0
현대EP 089470 기타유동금융부채 0 0
현대EP 089470 기타유동부채 670,976,069 429,786,125
현대EP 089470 당기법인세부채 6,909,994,256 4,942,915,958
현대EP 089470 유동리스부채 0 0
현대EP 089470 비유동부채 47,659,098,907 14,852,899,301
현대EP 089470 사채 0 0
현대EP 089470 장기차입금 43,600,000,000 10,000,000,000
현대EP 089470 기타비유동금융부채 0 0
현대EP 089470 이연법인세부채 2,036,083,006 2,224,755,641
현대EP 089470 비유동리스부채 0 0
현대EP 089470 부채총계 268,729,492,554 319,123,056,482
현대EP 089470 자본금 17,200,000,000 17,200,000,000
현대EP 089470 자본잉여금 31,714,633,833 31,714,633,833
현대EP 089470 자본조정 0 0
현대EP 089470 기타포괄손익누계액 18,398,095 14,275,404
현대EP 089470 이익잉여금(결손금) 136,699,129,871 111,712,317,431
현대EP 089470 자본총계 185,632,161,799 160,641,226,668
현대EP 089470 자본과부채총계 454,361,654,353 479,764,283,150
date : 2016-03-31
현대EP 089470 유동자산 258,426,045,575 261,183,088,601
현대EP 089470 현금및현금성자산 24,171,915,819 25,145,033,123
현대EP 089470 매출채권 156,270,388,856 163,291,871,640
현대EP 089470 재고자산 68,820,975,500 67,173,530,293
현대EP 089470 기타유동금융자산 0 0
현대EP 089470 기타유동자산 1,487,437,352 551,450,410
현대EP 089470 매각예정비유동자산 0 0
현대EP 089470 비유동자산 192,769,163,819 193,178,565,752
현대EP 089470 장기금융상품 5,000,000 5,000,000
현대EP 089470 기타포괄손익-공정가치 0 0
현대EP 089470 당기손익인식공정가치측정금융자산 0 0
현대EP 089470 종속회사투자 0 0
현대EP 089470 관계회사투자 0 0
현대EP 089470 렌탈자산 0 0
현대EP 089470 유형자산 109,239,240,596 109,575,193,432
현대EP 089470 무형자산 3,742,401,380 3,901,403,380
현대EP 089470 기타비유동금융자산 427,264,502 428,363,227
현대EP 089470 기타비유동자산 0 0
현대EP 089470 사용권자산 0 0
현대EP 089470 이연법인세자산 0 0
현대EP 089470 자산총계 451,195,209,394 454,361,654,353
현대EP 089470 유동부채 215,238,776,974 221,070,393,647
현대EP 089470 단기매입채무 0 0
현대EP 089470 단기차입금 102,178,963,712 102,178,319,925
현대EP 089470 유동성장기차입금 18,000,000,000 18,000,000,000
현대EP 089470 유동성사채 0 0
현대EP 089470 기타유동금융부채 0 0
현대EP 089470 기타유동부채 1,658,252,366 670,976,069
현대EP 089470 당기법인세부채 7,421,964,294 6,909,994,256
현대EP 089470 유동리스부채 0 0
현대EP 089470 비유동부채 45,932,813,131 47,659,098,907
현대EP 089470 사채 0 0
현대EP 089470 장기차입금 41,600,000,000 43,600,000,000
현대EP 089470 기타비유동금융부채 0 0
현대EP 089470 이연법인세부채 1,162,795,691 2,036,083,006
현대EP 089470 비유동리스부채 0 0
현대EP 089470 부채총계 261,171,590,105 268,729,492,554
현대EP 089470 자본금 17,200,000,000 17,200,000,000
현대EP 089470 자본잉여금 31,714,633,833 31,714,633,833
현대EP 089470 자본조정 0 0
현대EP 089470 기타포괄손익누계액 17,302,090 18,398,095
현대EP 089470 이익잉여금(결손금) 141,091,683,366 136,699,129,871
현대EP 089470 자본총계 190,023,619,289 185,632,161,799
현대EP 089470 자본과부채총계 451,195,209,394 454,361,654,353
date : 2016-06-30
현대EP 089470 유동자산 258,220,373,092 261,183,088,601
현대EP 089470 현금및현금성자산 23,884,649,687 25,145,033,123
현대EP 089470 매출채권 159,955,705,028 163,291,871,640
현대EP 089470 재고자산 68,385,527,513 67,173,530,293
현대EP 089470 기타유동금융자산 0 0
현대EP 089470 기타유동자산 241,038,896 551,450,410
현대EP 089470 매각예정비유동자산 0 0
현대EP 089470 비유동자산 197,300,470,483 193,178,565,752
현대EP 089470 장기금융상품 5,000,000 5,000,000
현대EP 089470 기타포괄손익-공정가치 0 0
현대EP 089470 당기손익인식공정가치측정금융자산 0 0
현대EP 089470 종속회사투자 0 0
현대EP 089470 관계회사투자 0 0
현대EP 089470 렌탈자산 0 0
현대EP 089470 유형자산 111,637,470,598 109,575,193,432
현대EP 089470 무형자산 5,683,343,926 3,901,403,380
현대EP 089470 기타비유동금융자산 423,038,618 428,363,227
현대EP 089470 기타비유동자산 0 0
현대EP 089470 사용권자산 0 0
현대EP 089470 이연법인세자산 0 0
현대EP 089470 자산총계 455,520,843,575 454,361,654,353
현대EP 089470 유동부채 212,031,014,945 221,070,393,647
현대EP 089470 단기매입채무 0 0
현대EP 089470 단기차입금 100,413,534,376 102,178,319,925
현대EP 089470 유동성장기차입금 18,000,000,000 18,000,000,000
현대EP 089470 유동성사채 0 0
현대EP 089470 기타유동금융부채 0 0
현대EP 089470 기타유동부채 1,203,446,084 670,976,069
현대EP 089470 당기법인세부채 6,252,810,618 6,909,994,256
현대EP 089470 유동리스부채 0 0
현대EP 089470 비유동부채 43,830,789,883 47,659,098,907
현대EP 089470 사채 0 0
현대EP 089470 장기차입금 39,600,000,000 43,600,000,000
현대EP 089470 기타비유동금융부채 0 0
현대EP 089470 이연법인세부채 1,101,358,524 2,036,083,006
현대EP 089470 비유동리스부채 0 0
현대EP 089470 부채총계 255,861,804,828 268,729,492,554
현대EP 089470 자본금 17,200,000,000 17,200,000,000
현대EP 089470 자본잉여금 31,714,633,833 31,714,633,833
현대EP 089470 자본조정 0 0
현대EP 089470 기타포괄손익누계액 14,098,869 18,398,095
현대EP 089470 이익잉여금(결손금) 150,730,306,045 136,699,129,871
현대EP 089470 자본총계 199,659,038,747 185,632,161,799
현대EP 089470 자본과부채총계 455,520,843,575 454,361,654,353
date : 2016-09-30
현대EP 089470 유동자산 244,975,334,082 261,183,088,601
현대EP 089470 현금및현금성자산 14,760,162,118 25,145,033,123
현대EP 089470 매출채권 151,852,450,378 163,291,871,640
현대EP 089470 재고자산 71,322,823,319 67,173,530,293
현대EP 089470 기타유동금융자산 0 0
현대EP 089470 기타유동자산 509,532,847 551,450,410
현대EP 089470 매각예정비유동자산 0 0
현대EP 089470 비유동자산 197,364,055,765 193,178,565,752
현대EP 089470 장기금융상품 5,000,000 5,000,000
현대EP 089470 기타포괄손익-공정가치 0 0
현대EP 089470 당기손익인식공정가치측정금융자산 0 0
현대EP 089470 종속회사투자 0 0
현대EP 089470 관계회사투자 0 0
현대EP 089470 렌탈자산 0 0
현대EP 089470 유형자산 111,672,632,453 109,575,193,432
현대EP 089470 무형자산 5,683,343,926 3,901,403,380
현대EP 089470 기타비유동금융자산 423,653,073 428,363,227
현대EP 089470 기타비유동자산 0 0
현대EP 089470 사용권자산 0 0
현대EP 089470 이연법인세자산 0 0
현대EP 089470 자산총계 442,339,389,847 454,361,654,353
현대EP 089470 유동부채 194,650,556,249 221,070,393,647
현대EP 089470 단기매입채무 0 0
현대EP 089470 단기차입금 101,501,489,818 102,178,319,925
현대EP 089470 유동성장기차입금 8,000,000,000 18,000,000,000
현대EP 089470 유동성사채 0 0
현대EP 089470 기타유동금융부채 0 0
현대EP 089470 기타유동부채 1,401,332,479 670,976,069
현대EP 089470 당기법인세부채 3,364,136,151 6,909,994,256
현대EP 089470 유동리스부채 0 0
현대EP 089470 비유동부채 42,461,162,869 47,659,098,907
현대EP 089470 사채 0 0
현대EP 089470 장기차입금 37,600,000,000 43,600,000,000
현대EP 089470 기타비유동금융부채 0 0
현대EP 089470 이연법인세부채 1,098,566,499 2,036,083,006
현대EP 089470 비유동리스부채 0 0
현대EP 089470 부채총계 237,111,719,118 268,729,492,554
현대EP 089470 자본금 17,200,000,000 17,200,000,000
현대EP 089470 자본잉여금 31,714,633,833 31,714,633,833
현대EP 089470 자본조정 0 0
현대EP 089470 기타포괄손익누계액 14,564,626 18,398,095
현대EP 089470 이익잉여금(결손금) 156,298,472,270 136,699,129,871
현대EP 089470 자본총계 205,227,670,729 185,632,161,799
현대EP 089470 자본과부채총계 442,339,389,847 454,361,654,353
date : 2016-12-31
현대EP 089470 유동자산 261,764,602,388 261,183,088,601
현대EP 089470 현금및현금성자산 17,176,475,124 25,145,033,123
현대EP 089470 매출채권 162,633,303,854 163,291,871,640
현대EP 089470 재고자산 73,901,147,037 67,173,530,293
현대EP 089470 기타유동금융자산 0 0
현대EP 089470 기타유동자산 3,252,377,934 551,450,410
현대EP 089470 매각예정비유동자산 0 0
현대EP 089470 비유동자산 203,336,884,128 193,178,565,752
현대EP 089470 장기금융상품 4,500,000 5,000,000
현대EP 089470 기타포괄손익-공정가치 0 0
현대EP 089470 당기손익인식공정가치측정금융자산 0 0
현대EP 089470 종속회사투자 0 0
현대EP 089470 관계회사투자 0 0
현대EP 089470 렌탈자산 0 0
현대EP 089470 유형자산 112,619,558,340 109,575,193,432
현대EP 089470 무형자산 5,683,343,926 3,901,403,380
현대EP 089470 기타비유동금융자산 428,501,461 428,363,227
현대EP 089470 기타비유동자산 1,011,404,088 0
현대EP 089470 사용권자산 0 0
현대EP 089470 이연법인세자산 0 0
현대EP 089470 자산총계 465,101,486,516 454,361,654,353
현대EP 089470 유동부채 215,388,910,542 221,070,393,647
현대EP 089470 단기매입채무 0 0
현대EP 089470 단기차입금 98,669,065,467 102,178,319,925
현대EP 089470 유동성장기차입금 8,000,000,000 18,000,000,000
현대EP 089470 유동성사채 0 0
현대EP 089470 기타유동금융부채 0 0
현대EP 089470 기타유동부채 1,644,653,875 670,976,069
현대EP 089470 당기법인세부채 5,682,286,527 6,909,994,256
현대EP 089470 유동리스부채 0 0
현대EP 089470 비유동부채 36,214,144,590 47,659,098,907
현대EP 089470 사채 0 0
현대EP 089470 장기차입금 35,600,000,000 43,600,000,000
현대EP 089470 기타비유동금융부채 0 0
현대EP 089470 이연법인세부채 476,666,707 2,036,083,006
현대EP 089470 비유동리스부채 0 0
현대EP 089470 부채총계 251,603,055,132 268,729,492,554
현대EP 089470 자본금 17,200,000,000 17,200,000,000
현대EP 089470 자본잉여금 31,714,633,833 31,714,633,833
현대EP 089470 자본조정 0 0
현대EP 089470 기타포괄손익누계액 18,618,704 18,398,095
현대EP 089470 이익잉여금(결손금) 167,343,159,047 136,699,129,871
현대EP 089470 자본총계 213,498,431,384 185,632,161,799
현대EP 089470 자본과부채총계 465,101,486,516 454,361,654,353
date : 2017-03-31
현대EP 089470 유동자산 269,823,045,119 261,764,602,388
현대EP 089470 현금및현금성자산 13,071,567,167 17,176,475,124
현대EP 089470 매출채권 157,224,367,708 162,633,303,854
현대EP 089470 재고자산 93,237,145,678 73,901,147,037
현대EP 089470 기타유동금융자산 0 0
현대EP 089470 기타유동자산 577,905,546 3,252,377,934
현대EP 089470 매각예정비유동자산 0 0
현대EP 089470 비유동자산 203,733,255,866 203,336,884,128
현대EP 089470 장기금융상품 4,500,000 4,500,000
현대EP 089470 기타포괄손익-공정가치 0 0
현대EP 089470 당기손익인식공정가치측정금융자산 0 0
현대EP 089470 종속회사투자 0 0
현대EP 089470 관계회사투자 0 0
현대EP 089470 렌탈자산 0 0
현대EP 089470 유형자산 112,320,996,844 112,619,558,340
현대EP 089470 무형자산 5,683,343,926 5,683,343,926
현대EP 089470 기타비유동금융자산 427,838,783 428,501,461
현대EP 089470 기타비유동자산 1,011,404,088 0
현대EP 089470 사용권자산 0 0
현대EP 089470 이연법인세자산 0 0
현대EP 089470 자산총계 473,556,300,985 465,101,486,516
현대EP 089470 유동부채 231,606,901,064 215,388,910,542
현대EP 089470 단기매입채무 0 0
현대EP 089470 단기차입금 117,067,177,020 98,669,065,467
현대EP 089470 유동성장기차입금 8,000,000,000 8,000,000,000
현대EP 089470 유동성사채 0 0
현대EP 089470 기타유동금융부채 0 0
현대EP 089470 기타유동부채 1,118,878,813 1,644,653,875
현대EP 089470 당기법인세부채 5,188,403,693 5,682,286,527
현대EP 089470 유동리스부채 0 0
현대EP 089470 비유동부채 34,190,009,217 36,214,144,590
현대EP 089470 사채 0 0
현대EP 089470 장기차입금 33,600,000,000 35,600,000,000
현대EP 089470 기타비유동금융부채 0 0
현대EP 089470 이연법인세부채 465,039,183 476,666,707
현대EP 089470 비유동리스부채 0 0
현대EP 089470 부채총계 265,796,910,281 251,603,055,132
현대EP 089470 자본금 17,200,000,000 17,200,000,000
현대EP 089470 자본잉여금 31,714,633,833 31,714,633,833
현대EP 089470 자본조정 0 0
현대EP 089470 기타포괄손익누계액 18,116,394 18,618,704
현대EP 089470 이익잉여금(결손금) 167,776,309,627 167,343,159,047
현대EP 089470 자본총계 207,759,390,704 213,498,431,384
현대EP 089470 자본과부채총계 473,556,300,985 465,101,486,516
date : 2017-06-30
현대EP 089470 유동자산 276,119,256,029 261,764,602,388
현대EP 089470 현금및현금성자산 9,224,308,936 17,176,475,124
현대EP 089470 매출채권 170,699,877,598 162,633,303,854
현대EP 089470 재고자산 90,614,460,129 73,901,147,037
현대EP 089470 기타유동금융자산 0 0
현대EP 089470 기타유동자산 640,241,167 3,252,377,934
현대EP 089470 매각예정비유동자산 0 0
현대EP 089470 비유동자산 204,948,318,612 203,336,884,128
현대EP 089470 장기금융상품 4,500,000 4,500,000
현대EP 089470 기타포괄손익-공정가치 0 0
현대EP 089470 당기손익인식공정가치측정금융자산 0 0
현대EP 089470 종속회사투자 0 0
현대EP 089470 관계회사투자 0 0
현대EP 089470 렌탈자산 0 0
현대EP 089470 유형자산 113,464,339,974 112,619,558,340
현대EP 089470 무형자산 5,847,915,134 5,683,343,926
현대EP 089470 기타비유동금융자산 425,174,875 428,501,461
현대EP 089470 기타비유동자산 29,812,316 1,011,404,088
현대EP 089470 사용권자산 0 0
현대EP 089470 이연법인세자산 0 0
현대EP 089470 자산총계 481,067,574,641 465,101,486,516
현대EP 089470 유동부채 212,324,691,220 215,388,910,542
현대EP 089470 단기매입채무 0 0
현대EP 089470 단기차입금 106,957,092,834 98,669,065,467
현대EP 089470 유동성장기차입금 8,000,000,000 8,000,000,000
현대EP 089470 유동성사채 0 0
현대EP 089470 기타유동금융부채 0 0
현대EP 089470 기타유동부채 1,417,462,729 1,644,653,875
현대EP 089470 당기법인세부채 4,247,524,330 5,682,286,527
현대EP 089470 유동리스부채 0 0
현대EP 089470 비유동부채 53,357,449,550 36,214,144,590
현대EP 089470 사채 0 0
현대EP 089470 장기차입금 52,112,800,000 35,600,000,000
현대EP 089470 기타비유동금융부채 0 0
현대EP 089470 이연법인세부채 458,287,184 476,666,707
현대EP 089470 비유동리스부채 0 0
현대EP 089470 부채총계 265,682,140,770 251,603,055,132
현대EP 089470 자본금 17,200,000,000 17,200,000,000
현대EP 089470 자본잉여금 31,714,633,833 31,714,633,833
현대EP 089470 자본조정 0 0
현대EP 089470 기타포괄손익누계액 16,097,152 18,618,704
현대EP 089470 이익잉여금(결손금) 175,404,372,036 167,343,159,047
현대EP 089470 자본총계 215,385,433,871 213,498,431,384
현대EP 089470 자본과부채총계 481,067,574,641 465,101,486,516
date : 2017-09-30
현대EP 089470 유동자산 289,101,405,660 261,764,602,388
현대EP 089470 현금및현금성자산 7,478,614,564 17,176,475,124
현대EP 089470 매출채권 178,977,400,722 162,633,303,854
현대EP 089470 재고자산 94,488,093,105 73,901,147,037
현대EP 089470 기타유동금융자산 0 0
현대EP 089470 기타유동자산 4,610,421,673 3,252,377,934
현대EP 089470 매각예정비유동자산 0 0
현대EP 089470 비유동자산 204,648,286,931 203,336,884,128
현대EP 089470 장기금융상품 4,500,000 4,500,000
현대EP 089470 기타포괄손익-공정가치 0 0
현대EP 089470 당기손익인식공정가치측정금융자산 0 0
현대EP 089470 종속회사투자 0 0
현대EP 089470 관계회사투자 0 0
현대EP 089470 렌탈자산 0 0
현대EP 089470 유형자산 113,363,799,255 112,619,558,340
현대EP 089470 무형자산 5,559,691,217 5,683,343,926
현대EP 089470 기타비유동금융자산 431,981,803 428,501,461
현대EP 089470 기타비유동자산 111,738,343 1,011,404,088
현대EP 089470 사용권자산 0 0
현대EP 089470 이연법인세자산 0 0
현대EP 089470 자산총계 493,749,692,591 465,101,486,516
현대EP 089470 유동부채 232,320,390,589 215,388,910,542
현대EP 089470 단기매입채무 97,411,850,478 86,286,626,251
현대EP 089470 단기차입금 98,226,488,892 98,669,065,467
현대EP 089470 유동성장기차입금 21,600,000,000 8,000,000,000
현대EP 089470 유동성사채 0 0
현대EP 089470 기타유동금융부채 10,595,843,896 14,995,460,710
현대EP 089470 기타유동부채 1,123,749,141 1,644,653,875
현대EP 089470 당기법인세부채 3,246,620,504 5,682,286,527
현대EP 089470 유동리스부채 0 0
현대EP 089470 비유동부채 38,550,192,577 36,214,144,590
현대EP 089470 사채 0 0
현대EP 089470 장기차입금 36,640,600,000 35,600,000,000
현대EP 089470 기타비유동금융부채 0 0
현대EP 089470 이연법인세부채 453,904,763 476,666,707
현대EP 089470 비유동리스부채 0 0
현대EP 089470 부채총계 270,870,583,166 251,603,055,132
현대EP 089470 자본금 17,200,000,000 17,200,000,000
현대EP 089470 자본잉여금 31,714,633,833 31,714,633,833
현대EP 089470 자본조정 0 0
현대EP 089470 기타포괄손익누계액 21,256,803 18,618,704
현대EP 089470 이익잉여금(결손금) 182,892,887,939 167,343,159,047
현대EP 089470 자본총계 222,879,109,425 213,498,431,384
현대EP 089470 자본과부채총계 493,749,692,591 465,101,486,516
date : 2017-12-31
현대EP 089470 유동자산 290,609,590,592 261,764,602,388
현대EP 089470 현금및현금성자산 10,431,298,674 17,176,475,124
현대EP 089470 매출채권 175,299,121,623 162,633,303,854
현대EP 089470 재고자산 99,990,492,018 73,901,147,037
현대EP 089470 기타유동금융자산 0 0
현대EP 089470 기타유동자산 597,038,964 3,252,377,934
현대EP 089470 매각예정비유동자산 0 0
현대EP 089470 비유동자산 209,902,500,182 203,336,884,128
현대EP 089470 장기금융상품 4,500,000 4,500,000
현대EP 089470 기타포괄손익-공정가치 0 0
현대EP 089470 당기손익인식공정가치측정금융자산 0 0
현대EP 089470 종속회사투자 0 0
현대EP 089470 관계회사투자 0 0
현대EP 089470 렌탈자산 0 0
현대EP 089470 유형자산 115,269,402,540 112,619,558,340
현대EP 089470 무형자산 5,559,691,217 5,683,343,926
현대EP 089470 기타비유동금융자산 433,602,094 428,501,461
현대EP 089470 기타비유동자산 1,566,959,423 1,011,404,088
현대EP 089470 사용권자산 0 0
현대EP 089470 이연법인세자산 0 0
현대EP 089470 자산총계 500,512,090,774 465,101,486,516
현대EP 089470 유동부채 237,164,069,706 215,388,910,542
현대EP 089470 단기매입채무 98,163,196,972 86,286,626,251
현대EP 089470 단기차입금 98,706,646,220 98,669,065,467
현대EP 089470 유동성장기차입금 21,600,000,000 8,000,000,000
현대EP 089470 유동성사채 0 0
현대EP 089470 기타유동금융부채 13,569,454,838 14,995,460,710
현대EP 089470 기타유동부채 1,791,403,660 1,644,653,875
현대EP 089470 당기법인세부채 3,234,113,512 5,682,286,527
현대EP 089470 유동리스부채 0 0
현대EP 089470 비유동부채 35,356,811,739 36,214,144,590
현대EP 089470 사채 0 0
현대EP 089470 장기차입금 33,285,200,000 35,600,000,000
현대EP 089470 기타비유동금융부채 0 0
현대EP 089470 이연법인세부채 1,634,676,932 476,666,707
현대EP 089470 비유동리스부채 0 0
현대EP 089470 부채총계 272,520,881,445 251,603,055,132
현대EP 089470 자본금 17,200,000,000 17,200,000,000
현대EP 089470 자본잉여금 31,714,633,833 31,714,633,833
현대EP 089470 자본조정 0 0
현대EP 089470 기타포괄손익누계액 22,484,984 18,618,704
현대EP 089470 이익잉여금(결손금) 188,003,759,662 167,343,159,047
현대EP 089470 자본총계 227,991,209,329 213,498,431,384
현대EP 089470 자본과부채총계 500,512,090,774 465,101,486,516
date : 2018-03-31
HDC현대EP 089470 유동자산 302,318,855,841 290,609,590,592
HDC현대EP 089470 현금및현금성자산 4,844,584,945 10,431,298,674
HDC현대EP 089470 매출채권 173,301,726,866 175,299,121,623
HDC현대EP 089470 재고자산 118,069,906,273 99,990,492,018
HDC현대EP 089470 기타유동금융자산 0 0
HDC현대EP 089470 기타유동자산 957,180,805 597,038,964
HDC현대EP 089470 매각예정비유동자산 0 0
HDC현대EP 089470 비유동자산 209,686,881,217 209,902,500,182
HDC현대EP 089470 장기금융상품 4,500,000 4,500,000
HDC현대EP 089470 기타포괄손익-공정가치 0 0
HDC현대EP 089470 당기손익인식공정가치측정금융자산 0 0
HDC현대EP 089470 종속회사투자 0 0
HDC현대EP 089470 관계회사투자 0 0
HDC현대EP 089470 렌탈자산 0 0
HDC현대EP 089470 유형자산 114,412,567,718 115,269,402,540
HDC현대EP 089470 무형자산 5,559,691,217 5,559,691,217
HDC현대EP 089470 기타비유동금융자산 2,082,968,474 433,602,094
HDC현대EP 089470 기타비유동자산 558,808,900 1,566,959,423
HDC현대EP 089470 사용권자산 0 0
HDC현대EP 089470 이연법인세자산 0 0
HDC현대EP 089470 자산총계 512,005,737,058 500,512,090,774
HDC현대EP 089470 유동부채 248,540,026,434 237,164,069,706
HDC현대EP 089470 단기매입채무 113,096,808,334 98,163,196,972
HDC현대EP 089470 단기차입금 91,085,767,498 98,706,646,220
HDC현대EP 089470 유동성장기차입금 21,600,000,000 21,600,000,000
HDC현대EP 089470 유동성사채 0 0
HDC현대EP 089470 기타유동금융부채 13,095,237,046 13,569,454,838
HDC현대EP 089470 기타유동부채 3,906,822,135 1,791,403,660
HDC현대EP 089470 당기법인세부채 5,244,732,696 3,234,113,512
HDC현대EP 089470 유동리스부채 0 0
HDC현대EP 089470 비유동부채 33,179,685,260 35,356,811,739
HDC현대EP 089470 사채 0 0
HDC현대EP 089470 장기차입금 31,197,000,000 33,285,200,000
HDC현대EP 089470 기타비유동금융부채 0 0
HDC현대EP 089470 이연법인세부채 1,607,420,417 1,634,676,932
HDC현대EP 089470 비유동리스부채 0 0
HDC현대EP 089470 부채총계 281,719,711,694 272,520,881,445
HDC현대EP 089470 자본금 17,200,000,000 17,200,000,000
HDC현대EP 089470 자본잉여금 31,714,633,833 31,714,633,833
HDC현대EP 089470 자본조정 0 0
HDC현대EP 089470 기타포괄손익누계액 22,484,984 31,714,633,833
HDC현대EP 089470 이익잉여금(결손금) 190,321,060,681 188,003,759,662
HDC현대EP 089470 자본총계 230,286,025,364 227,991,209,329
HDC현대EP 089470 자본과부채총계 512,005,737,058 500,512,090,774
date : 2018-06-30
HDC현대EP 089470 유동자산 314,167,130,261 290,609,590,592
HDC현대EP 089470 현금및현금성자산 8,968,320,374 10,431,298,674
HDC현대EP 089470 매출채권 181,527,207,378 175,299,121,623
HDC현대EP 089470 재고자산 118,805,366,265 99,990,492,018
HDC현대EP 089470 기타유동금융자산 0 0
HDC현대EP 089470 기타유동자산 959,940,159 597,038,964
HDC현대EP 089470 매각예정비유동자산 0 0
HDC현대EP 089470 비유동자산 209,460,849,268 209,902,500,182
HDC현대EP 089470 장기금융상품 4,500,000 4,500,000
HDC현대EP 089470 기타포괄손익-공정가치 0 0
HDC현대EP 089470 당기손익인식공정가치측정금융자산 0 0
HDC현대EP 089470 종속회사투자 0 0
HDC현대EP 089470 관계회사투자 0 0
HDC현대EP 089470 렌탈자산 0 0
HDC현대EP 089470 유형자산 114,741,312,881 115,269,402,540
HDC현대EP 089470 무형자산 5,559,691,217 5,559,691,217
HDC현대EP 089470 기타비유동금융자산 0 0
HDC현대EP 089470 기타비유동자산 342,419 1,566,959,423
HDC현대EP 089470 사용권자산 0 0
HDC현대EP 089470 이연법인세자산 0 0
HDC현대EP 089470 자산총계 523,627,979,529 500,512,090,774
HDC현대EP 089470 유동부채 266,956,312,190 237,164,069,706
HDC현대EP 089470 단기매입채무 0 0
HDC현대EP 089470 단기차입금 102,779,242,660 98,706,646,220
HDC현대EP 089470 유동성장기차입금 31,695,300,000 21,600,000,000
HDC현대EP 089470 유동성사채 0 0
HDC현대EP 089470 기타유동금융부채 0 0
HDC현대EP 089470 기타유동부채 2,663,050,419 1,791,403,660
HDC현대EP 089470 당기법인세부채 3,575,418,206 3,234,113,512
HDC현대EP 089470 유동리스부채 0 0
HDC현대EP 089470 비유동부채 21,972,500,464 35,356,811,739
HDC현대EP 089470 사채 0 0
HDC현대EP 089470 장기차입금 20,095,300,000 33,285,200,000
HDC현대EP 089470 기타비유동금융부채 0 0
HDC현대EP 089470 이연법인세부채 1,595,999,136 1,634,676,932
HDC현대EP 089470 비유동리스부채 0 0
HDC현대EP 089470 부채총계 288,928,812,654 272,520,881,445
HDC현대EP 089470 자본금 17,200,000,000 17,200,000,000
HDC현대EP 089470 자본잉여금 31,714,633,833 31,714,633,833
HDC현대EP 089470 자본조정 0 0
HDC현대EP 089470 기타포괄손익누계액 0 22,484,984
HDC현대EP 089470 이익잉여금(결손금) 0 0
HDC현대EP 089470 자본총계 234,699,166,875 227,991,209,329
HDC현대EP 089470 자본과부채총계 523,627,979,529 500,512,090,774
date : 2018-09-30
HDC현대EP 089470 유동자산 315,886,920,757 290,609,590,592
HDC현대EP 089470 현금및현금성자산 4,817,282,508 10,431,298,674
HDC현대EP 089470 매출채권 174,226,984,455 175,299,121,623
HDC현대EP 089470 재고자산 130,078,731,751 99,990,492,018
HDC현대EP 089470 기타유동금융자산 0 0
HDC현대EP 089470 기타유동자산 2,164,289,472 597,038,964
HDC현대EP 089470 매각예정비유동자산 0 0
HDC현대EP 089470 비유동자산 208,587,529,842 209,902,500,182
HDC현대EP 089470 장기금융상품 4,500,000 4,500,000
HDC현대EP 089470 기타포괄손익-공정가치 0 0
HDC현대EP 089470 당기손익인식공정가치측정금융자산 0 0
HDC현대EP 089470 종속회사투자 0 0
HDC현대EP 089470 관계회사투자 0 0
HDC현대EP 089470 렌탈자산 0 0
HDC현대EP 089470 유형자산 113,871,549,583 115,269,402,540
HDC현대EP 089470 무형자산 5,559,691,217 5,559,691,217
HDC현대EP 089470 기타비유동금융자산 0 0
HDC현대EP 089470 기타비유동자산 0 1,566,959,423
HDC현대EP 089470 사용권자산 0 0
HDC현대EP 089470 이연법인세자산 0 0
HDC현대EP 089470 자산총계 524,474,450,599 500,512,090,774
HDC현대EP 089470 유동부채 232,833,450,337 237,164,069,706
HDC현대EP 089470 단기매입채무 0 0
HDC현대EP 089470 단기차입금 95,838,402,320 98,706,646,220
HDC현대EP 089470 유동성장기차입금 18,014,300,000 21,600,000,000
HDC현대EP 089470 유동성사채 0 0
HDC현대EP 089470 기타유동금융부채 0 0
HDC현대EP 089470 기타유동부채 2,251,356,214 1,791,403,660
HDC현대EP 089470 당기법인세부채 1,295,837,075 3,234,113,512
HDC현대EP 089470 유동리스부채 0 0
HDC현대EP 089470 비유동부채 55,283,255,427 35,356,811,739
HDC현대EP 089470 사채 0 0
HDC현대EP 089470 장기차입금 52,814,300,000 33,285,200,000
HDC현대EP 089470 기타비유동금융부채 0 0
HDC현대EP 089470 이연법인세부채 1,584,441,596 1,634,676,932
HDC현대EP 089470 비유동리스부채 0 0
HDC현대EP 089470 부채총계 288,116,705,764 272,520,881,445
HDC현대EP 089470 자본금 17,200,000,000 17,200,000,000
HDC현대EP 089470 자본잉여금 31,714,633,833 31,714,633,833
HDC현대EP 089470 자본조정 0 0
HDC현대EP 089470 기타포괄손익누계액 22,484,984 31,714,633,833
HDC현대EP 089470 이익잉여금(결손금) 0 0
HDC현대EP 089470 자본총계 236,357,744,835 227,991,209,329
HDC현대EP 089470 자본과부채총계 524,474,450,599 500,512,090,774
date : 2018-12-31
HDC현대EP 089470 유동자산 289,757,186,379 290,609,590,592
HDC현대EP 089470 현금및현금성자산 5,982,349,916 10,431,298,674
HDC현대EP 089470 매출채권 160,410,505,436 175,299,121,623
HDC현대EP 089470 재고자산 116,780,482,382 99,990,492,018
HDC현대EP 089470 기타유동금융자산 0 0
HDC현대EP 089470 기타유동자산 2,439,807,217 597,038,964
HDC현대EP 089470 매각예정비유동자산 0 0
HDC현대EP 089470 비유동자산 207,666,923,061 209,902,500,182
HDC현대EP 089470 장기금융상품 4,500,000 4,500,000
HDC현대EP 089470 기타포괄손익-공정가치 0 0
HDC현대EP 089470 당기손익인식공정가치측정금융자산 0 0
HDC현대EP 089470 종속회사투자 0 0
HDC현대EP 089470 관계회사투자 0 0
HDC현대EP 089470 렌탈자산 0 0
HDC현대EP 089470 유형자산 113,518,105,036 115,269,402,540
HDC현대EP 089470 무형자산 5,559,691,217 5,559,691,217
HDC현대EP 089470 기타비유동금융자산 0 0
HDC현대EP 089470 기타비유동자산 1,566,959,423 1,011,404,088
HDC현대EP 089470 사용권자산 0 0
HDC현대EP 089470 이연법인세자산 0 0
HDC현대EP 089470 자산총계 497,424,109,440 500,512,090,774
HDC현대EP 089470 유동부채 212,248,056,275 237,164,069,706
HDC현대EP 089470 단기매입채무 0 0
HDC현대EP 089470 단기차입금 89,126,785,819 98,706,646,220
HDC현대EP 089470 유동성장기차입금 18,062,900,000 21,600,000,000
HDC현대EP 089470 유동성사채 0 0
HDC현대EP 089470 기타유동금융부채 0 0
HDC현대EP 089470 기타유동부채 1,785,024,553 1,791,403,660
HDC현대EP 089470 당기법인세부채 0 3,234,113,512
HDC현대EP 089470 유동리스부채 0 0
HDC현대EP 089470 비유동부채 52,010,636,155 35,356,811,739
HDC현대EP 089470 사채 0 0
HDC현대EP 089470 장기차입금 50,862,900,000 33,285,200,000
HDC현대EP 089470 기타비유동금융부채 0 0
HDC현대EP 089470 이연법인세부채 648,120,544 1,634,676,932
HDC현대EP 089470 비유동리스부채 0 0
HDC현대EP 089470 부채총계 264,258,692,430 272,520,881,445
HDC현대EP 089470 자본금 17,200,000,000 17,200,000,000
HDC현대EP 089470 자본잉여금 31,714,633,833 31,714,633,833
HDC현대EP 089470 자본조정 0 0
HDC현대EP 089470 기타포괄손익누계액 0 22,484,984
HDC현대EP 089470 이익잉여금(결손금) 0 0
HDC현대EP 089470 자본총계 233,165,417,010 227,991,209,329
HDC현대EP 089470 자본과부채총계 497,424,109,440 500,512,090,774
date : 2019-03-31
HDC현대EP 089470 유동자산 302,024,833,987 302,318,855,841
HDC현대EP 089470 현금및현금성자산 22,992,897,432 4,844,584,945
HDC현대EP 089470 매출채권 173,018,603,994 173,301,726,866
HDC현대EP 089470 재고자산 100,102,296,869 118,069,906,273
HDC현대EP 089470 기타유동금융자산 0 0
HDC현대EP 089470 기타유동자산 1,671,966,543 957,180,805
HDC현대EP 089470 매각예정비유동자산 0 0
HDC현대EP 089470 비유동자산 208,767,974,051 209,686,881,217
HDC현대EP 089470 장기금융상품 4,500,000 4,500,000
HDC현대EP 089470 기타포괄손익-공정가치 0 0
HDC현대EP 089470 당기손익인식공정가치측정금융자산 0 0
HDC현대EP 089470 종속회사투자 0 0
HDC현대EP 089470 관계회사투자 0 0
HDC현대EP 089470 렌탈자산 0 0
HDC현대EP 089470 유형자산 111,967,953,455 114,412,567,718
HDC현대EP 089470 무형자산 5,559,691,217 5,559,691,217
HDC현대EP 089470 기타비유동금융자산 0 0
HDC현대EP 089470 기타비유동자산 17,417,768 558,808,900
HDC현대EP 089470 사용권자산 0 0
HDC현대EP 089470 이연법인세자산 0 0
HDC현대EP 089470 자산총계 510,792,808,038 512,005,737,058
HDC현대EP 089470 유동부채 220,865,266,675 248,540,026,434
HDC현대EP 089470 단기매입채무 0 0
HDC현대EP 089470 단기차입금 88,105,633,247 91,085,767,498
HDC현대EP 089470 유동성장기차입금 18,240,200,000 21,600,000,000
HDC현대EP 089470 유동성사채 0 0
HDC현대EP 089470 기타유동금융부채 0 0
HDC현대EP 089470 기타유동부채 1,388,916,886 3,906,822,135
HDC현대EP 089470 당기법인세부채 1,520,385,221 5,244,732,696
HDC현대EP 089470 유동리스부채 0 0
HDC현대EP 089470 비유동부채 52,933,651,709 33,179,685,260
HDC현대EP 089470 사채 0 0
HDC현대EP 089470 장기차입금 49,040,200,000 31,197,000,000
HDC현대EP 089470 기타비유동금융부채 0 0
HDC현대EP 089470 이연법인세부채 626,146,367 1,607,420,417
HDC현대EP 089470 비유동리스부채 0 0
HDC현대EP 089470 부채총계 273,798,918,384 281,719,711,694
HDC현대EP 089470 자본금 17,200,000,000 17,200,000,000
HDC현대EP 089470 자본잉여금 31,714,633,833 31,714,633,833
HDC현대EP 089470 자본조정 0 0
HDC현대EP 089470 기타포괄손익누계액 0 0
HDC현대EP 089470 이익잉여금(결손금) 0 0
HDC현대EP 089470 자본총계 236,993,889,654 230,286,025,364
HDC현대EP 089470 자본과부채총계 510,792,808,038 512,005,737,058
