date : 2015-12-31
제이티 089790 유동자산 21,490,065,994 29,531,884,995
제이티 089790 현금및현금성자산 904,382,929 2,718,251,811
제이티 089790 매출채권 14,931,403,638 11,765,714,556
제이티 089790 재고자산 1,707,798,170 1,729,011,548
제이티 089790 기타유동금융자산 0 0
제이티 089790 기타유동자산 959,889,071 6,519,323,185
제이티 089790 매각예정비유동자산 0 0
제이티 089790 비유동자산 29,287,322,207 19,378,391,283
제이티 089790 장기금융상품 0 0
제이티 089790 기타포괄손익-공정가치 0 0
제이티 089790 당기손익인식공정가치측정금융자산 0 0
제이티 089790 종속회사투자 0 0
제이티 089790 관계회사투자 0 0
제이티 089790 렌탈자산 0 0
제이티 089790 유형자산 16,734,918,596 15,099,726,005
제이티 089790 무형자산 952,631,891 775,615,161
제이티 089790 기타비유동금융자산 0 0
제이티 089790 기타비유동자산 6,389,539,420 1,344,820,362
제이티 089790 사용권자산 0 0
제이티 089790 이연법인세자산 741,686,082 304,915,350
제이티 089790 자산총계 50,777,388,201 48,910,276,278
제이티 089790 유동부채 27,144,092,933 14,050,857,691
제이티 089790 단기매입채무 0 0
제이티 089790 단기차입금 20,338,923,186 7,680,000,000
제이티 089790 유동성장기차입금 0 0
제이티 089790 유동성사채 0 0
제이티 089790 기타유동금융부채 0 0
제이티 089790 기타유동부채 1,962,591,316 2,973,000,943
제이티 089790 당기법인세부채 0 0
제이티 089790 유동리스부채 0 0
제이티 089790 비유동부채 1,000,000,000 8,058,562,329
제이티 089790 사채 0 0
제이티 089790 장기차입금 1,000,000,000 8,058,562,329
제이티 089790 기타비유동금융부채 0 0
제이티 089790 이연법인세부채 0 0
제이티 089790 비유동리스부채 0 0
제이티 089790 부채총계 28,144,092,933 22,109,420,020
제이티 089790 자본금 3,736,212,000 3,493,964,500
제이티 089790 자본잉여금 0 0
제이티 089790 자본조정 0 0
제이티 089790 기타포괄손익누계액 0 0
제이티 089790 이익잉여금(결손금) 6,163,103,512 12,070,119,081
제이티 089790 자본총계 22,633,295,268 26,800,856,258
제이티 089790 자본과부채총계 50,777,388,201 48,910,276,278
date : 2016-03-31
제이티 089790 유동자산 16,660,469,665 21,490,065,994
제이티 089790 현금및현금성자산 1,217,157,614 904,382,929
제이티 089790 매출채권 9,015,681,504 14,931,403,638
제이티 089790 재고자산 1,098,501,403 1,707,798,170
제이티 089790 기타유동금융자산 0 0
제이티 089790 기타유동자산 1,049,035,016 959,889,071
제이티 089790 매각예정비유동자산 0 0
제이티 089790 비유동자산 29,358,511,117 29,287,322,207
제이티 089790 장기금융상품 0 0
제이티 089790 기타포괄손익-공정가치 0 0
제이티 089790 당기손익인식공정가치측정금융자산 0 0
제이티 089790 종속회사투자 0 0
제이티 089790 관계회사투자 0 0
제이티 089790 렌탈자산 0 0
제이티 089790 유형자산 16,820,942,103 16,734,918,596
제이티 089790 무형자산 901,258,658 952,631,891
제이티 089790 기타비유동금융자산 0 0
제이티 089790 기타비유동자산 6,367,728,189 6,389,539,420
제이티 089790 사용권자산 0 0
제이티 089790 이연법인세자산 741,686,082 741,686,082
제이티 089790 자산총계 46,018,980,782 50,777,388,201
제이티 089790 유동부채 22,305,098,546 27,144,092,933
제이티 089790 단기매입채무 0 0
제이티 089790 단기차입금 16,550,000,000 20,338,923,186
제이티 089790 유동성장기차입금 0 0
제이티 089790 유동성사채 0 0
제이티 089790 기타유동금융부채 0 0
제이티 089790 기타유동부채 1,733,394,541 1,962,591,316
제이티 089790 당기법인세부채 0 0
제이티 089790 유동리스부채 0 0
제이티 089790 비유동부채 1,000,000,000 1,000,000,000
제이티 089790 사채 0 0
제이티 089790 장기차입금 1,000,000,000 1,000,000,000
제이티 089790 기타비유동금융부채 0 0
제이티 089790 이연법인세부채 0 0
제이티 089790 비유동리스부채 0 0
제이티 089790 부채총계 23,305,098,546 28,144,092,933
제이티 089790 자본금 3,736,212,000 3,736,212,000
제이티 089790 자본잉여금 0 0
제이티 089790 자본조정 0 0
제이티 089790 기타포괄손익누계액 0 0
제이티 089790 이익잉여금(결손금) 6,243,690,480 6,163,103,512
제이티 089790 자본총계 22,713,882,236 22,633,295,268
제이티 089790 자본과부채총계 46,018,980,782 50,777,388,201
date : 2016-06-30
제이티 089790 유동자산 22,634,731,275 21,490,065,994
제이티 089790 현금및현금성자산 5,120,467,472 904,382,929
제이티 089790 매출채권 10,178,455,271 14,931,403,638
제이티 089790 재고자산 2,319,778,557 1,707,798,170
제이티 089790 기타유동금융자산 0 0
제이티 089790 기타유동자산 2,354,922,295 959,889,071
제이티 089790 매각예정비유동자산 0 0
제이티 089790 비유동자산 29,424,459,936 29,287,322,207
제이티 089790 장기금융상품 0 0
제이티 089790 기타포괄손익-공정가치 0 0
제이티 089790 당기손익인식공정가치측정금융자산 0 0
제이티 089790 종속회사투자 0 0
제이티 089790 관계회사투자 0 0
제이티 089790 렌탈자산 0 0
제이티 089790 유형자산 17,064,544,861 16,734,918,596
제이티 089790 무형자산 901,608,757 952,631,891
제이티 089790 기타비유동금융자산 0 0
제이티 089790 기타비유동자산 6,677,728,189 6,389,539,420
제이티 089790 사용권자산 0 0
제이티 089790 이연법인세자산 490,332,179 741,686,082
제이티 089790 자산총계 52,059,191,211 50,777,388,201
제이티 089790 유동부채 24,308,868,231 27,144,092,933
제이티 089790 단기매입채무 0 0
제이티 089790 단기차입금 17,214,707,900 20,338,923,186
제이티 089790 유동성장기차입금 0 0
제이티 089790 유동성사채 0 0
제이티 089790 기타유동금융부채 0 0
제이티 089790 기타유동부채 1,906,737,848 1,962,591,316
제이티 089790 당기법인세부채 0 0
제이티 089790 유동리스부채 0 0
제이티 089790 비유동부채 7,933,358,503 1,000,000,000
제이티 089790 사채 0 0
제이티 089790 장기차입금 1,000,000,000 1,000,000,000
제이티 089790 기타비유동금융부채 0 0
제이티 089790 이연법인세부채 0 27,144,092,933
제이티 089790 비유동리스부채 0 0
제이티 089790 부채총계 32,242,226,734 28,144,092,933
제이티 089790 자본금 3,736,212,000 3,736,212,000
제이티 089790 자본잉여금 0 0
제이티 089790 자본조정 0 0
제이티 089790 기타포괄손익누계액 0 0
제이티 089790 이익잉여금(결손금) 3,346,772,721 6,163,103,512
제이티 089790 자본총계 19,816,964,477 22,633,295,268
제이티 089790 자본과부채총계 52,059,191,211 50,777,388,201
date : 2016-09-30
제이티 089790 유동자산 18,606,986,773 21,490,065,994
제이티 089790 현금및현금성자산 4,014,286,854 904,382,929
제이티 089790 매출채권 7,932,667,073 14,931,403,638
제이티 089790 재고자산 2,022,992,366 1,707,798,170
제이티 089790 기타유동금융자산 0 0
제이티 089790 기타유동자산 2,281,821,740 1,776,403,747
제이티 089790 매각예정비유동자산 0 0
제이티 089790 비유동자산 28,941,001,635 29,287,322,207
제이티 089790 장기금융상품 0 0
제이티 089790 기타포괄손익-공정가치 0 0
제이티 089790 당기손익인식공정가치측정금융자산 0 0
제이티 089790 종속회사투자 0 0
제이티 089790 관계회사투자 0 0
제이티 089790 렌탈자산 0 0
제이티 089790 유형자산 16,802,881,946 16,734,918,596
제이티 089790 무형자산 864,616,239 952,631,891
제이티 089790 기타비유동금융자산 0 0
제이티 089790 기타비유동자산 6,994,575,454 6,389,539,420
제이티 089790 사용권자산 0 0
제이티 089790 이연법인세자산 490,332,179 741,686,082
제이티 089790 자산총계 47,547,988,408 50,777,388,201
제이티 089790 유동부채 22,277,029,691 27,144,092,933
제이티 089790 단기매입채무 0 0
제이티 089790 단기차입금 16,820,000,000 20,338,923,186
제이티 089790 유동성장기차입금 0 0
제이티 089790 유동성사채 0 0
제이티 089790 기타유동금융부채 0 0
제이티 089790 기타유동부채 2,013,717,087 1,962,591,316
제이티 089790 당기법인세부채 0 0
제이티 089790 유동리스부채 0 0
제이티 089790 비유동부채 8,036,352,653 1,000,000,000
제이티 089790 사채 0 0
제이티 089790 장기차입금 1,000,000,000 1,000,000,000
제이티 089790 기타비유동금융부채 0 0
제이티 089790 이연법인세부채 0 27,144,092,933
제이티 089790 비유동리스부채 0 0
제이티 089790 부채총계 30,313,382,344 28,144,092,933
제이티 089790 자본금 3,736,212,000 3,736,212,000
제이티 089790 자본잉여금 0 0
제이티 089790 자본조정 0 0
제이티 089790 기타포괄손익누계액 0 0
제이티 089790 이익잉여금(결손금) 764,414,308 6,163,103,512
제이티 089790 자본총계 17,234,606,064 22,633,295,268
제이티 089790 자본과부채총계 47,547,988,408 50,777,388,201
date : 2016-12-31
제이티 089790 유동자산 13,473,248,177 21,490,065,994
제이티 089790 현금및현금성자산 1,390,374,383 904,382,929
제이티 089790 매출채권 7,587,682,436 14,931,403,638
제이티 089790 재고자산 311,186,833 1,707,798,170
제이티 089790 기타유동금융자산 0 0
제이티 089790 기타유동자산 1,403,450,155 959,889,071
제이티 089790 매각예정비유동자산 0 0
제이티 089790 비유동자산 28,137,755,545 29,287,322,207
제이티 089790 장기금융상품 0 0
제이티 089790 기타포괄손익-공정가치 0 0
제이티 089790 당기손익인식공정가치측정금융자산 0 0
제이티 089790 종속회사투자 0 0
제이티 089790 관계회사투자 0 0
제이티 089790 렌탈자산 0 0
제이티 089790 유형자산 16,923,327,644 16,734,918,596
제이티 089790 무형자산 810,607,732 952,631,891
제이티 089790 기타비유동금융자산 0 0
제이티 089790 기타비유동자산 6,712,656,360 6,389,539,420
제이티 089790 사용권자산 0 0
제이티 089790 이연법인세자산 0 741,686,082
제이티 089790 자산총계 41,611,003,722 50,777,388,201
제이티 089790 유동부채 20,657,410,817 27,144,092,933
제이티 089790 단기매입채무 0 0
제이티 089790 단기차입금 16,766,057,283 20,338,923,186
제이티 089790 유동성장기차입금 0 0
제이티 089790 유동성사채 0 0
제이티 089790 기타유동금융부채 0 0
제이티 089790 기타유동부채 1,998,161,894 1,962,591,316
제이티 089790 당기법인세부채 0 0
제이티 089790 유동리스부채 0 0
제이티 089790 비유동부채 6,158,290,132 1,000,000,000
제이티 089790 사채 0 0
제이티 089790 장기차입금 1,000,000,000 1,000,000,000
제이티 089790 기타비유동금융부채 0 0
제이티 089790 이연법인세부채 0 0
제이티 089790 비유동리스부채 0 0
제이티 089790 부채총계 26,815,700,949 28,144,092,933
제이티 089790 자본금 3,736,212,000 3,736,212,000
제이티 089790 자본잉여금 0 0
제이티 089790 자본조정 0 0
제이티 089790 기타포괄손익누계액 0 0
제이티 089790 이익잉여금(결손금) -3,655,945,654 6,163,103,512
제이티 089790 자본총계 14,795,302,773 22,633,295,268
제이티 089790 자본과부채총계 41,611,003,722 50,777,388,201
date : 2017-03-31
제이티 089790 유동자산 17,324,860,728 13,473,248,177
제이티 089790 현금및현금성자산 165,985,612 1,390,374,383
제이티 089790 매출채권 9,499,905,683 7,587,682,436
제이티 089790 재고자산 2,051,734,321 311,186,833
제이티 089790 기타유동금융자산 0 0
제이티 089790 기타유동자산 2,756,259,052 1,403,450,155
제이티 089790 매각예정비유동자산 0 0
제이티 089790 비유동자산 27,713,355,268 28,137,755,545
제이티 089790 장기금융상품 0 0
제이티 089790 기타포괄손익-공정가치 0 0
제이티 089790 당기손익인식공정가치측정금융자산 0 0
제이티 089790 종속회사투자 0 0
제이티 089790 관계회사투자 0 0
제이티 089790 렌탈자산 0 0
제이티 089790 유형자산 16,702,098,536 16,923,327,644
제이티 089790 무형자산 740,656,579 810,607,732
제이티 089790 기타비유동금융자산 900,878,512 783,281,705
제이티 089790 기타비유동자산 0 0
제이티 089790 사용권자산 0 0
제이티 089790 이연법인세자산 0 0
제이티 089790 자산총계 45,038,215,996 41,611,003,722
제이티 089790 유동부채 24,347,564,114 20,657,410,817
제이티 089790 단기매입채무 0 0
제이티 089790 단기차입금 17,522,974,000 16,766,057,283
제이티 089790 유동성장기차입금 0 0
제이티 089790 유동성사채 0 0
제이티 089790 기타유동금융부채 0 0
제이티 089790 기타유동부채 1,984,327,864 1,998,161,894
제이티 089790 당기법인세부채 0 0
제이티 089790 유동리스부채 0 0
제이티 089790 비유동부채 6,158,290,132 6,158,290,132
제이티 089790 사채 0 0
제이티 089790 장기차입금 1,000,000,000 1,000,000,000
제이티 089790 기타비유동금융부채 0 0
제이티 089790 이연법인세부채 0 0
제이티 089790 비유동리스부채 0 0
제이티 089790 부채총계 30,505,854,246 26,815,700,949
제이티 089790 자본금 3,763,897,000 3,736,212,000
제이티 089790 자본잉여금 0 0
제이티 089790 자본조정 0 0
제이티 089790 기타포괄손익누계액 0 0
제이티 089790 이익잉여금(결손금) -4,118,883,117 -3,655,945,654
제이티 089790 자본총계 14,532,361,750 14,795,302,773
제이티 089790 자본과부채총계 45,038,215,996 41,611,003,722
date : 2017-06-30
제이티 089790 유동자산 16,273,604,610 13,473,248,177
제이티 089790 현금및현금성자산 61,138,780 1,390,374,383
제이티 089790 매출채권 10,512,746,449 7,587,682,436
제이티 089790 재고자산 458,218,915 311,186,833
제이티 089790 기타유동금융자산 0 0
제이티 089790 기타유동자산 2,909,304,696 1,403,450,155
제이티 089790 매각예정비유동자산 0 0
제이티 089790 비유동자산 26,628,679,610 28,137,755,545
제이티 089790 장기금융상품 0 0
제이티 089790 기타포괄손익-공정가치 0 0
제이티 089790 당기손익인식공정가치측정금융자산 0 0
제이티 089790 종속회사투자 0 0
제이티 089790 관계회사투자 0 0
제이티 089790 렌탈자산 0 0
제이티 089790 유형자산 16,419,765,925 16,923,327,644
제이티 089790 무형자산 0 0
제이티 089790 기타비유동금융자산 0 0
제이티 089790 기타비유동자산 6,167,656,360 6,712,656,360
제이티 089790 사용권자산 0 0
제이티 089790 이연법인세자산 0 0
제이티 089790 자산총계 42,902,284,220 41,611,003,722
제이티 089790 유동부채 29,722,819,000 20,657,410,817
제이티 089790 단기매입채무 0 0
제이티 089790 단기차입금 17,319,352,627 16,766,057,283
제이티 089790 유동성장기차입금 0 0
제이티 089790 유동성사채 0 0
제이티 089790 기타유동금융부채 0 0
제이티 089790 기타유동부채 1,922,285,198 1,998,161,894
제이티 089790 당기법인세부채 0 0
제이티 089790 유동리스부채 0 0
제이티 089790 비유동부채 1,000,000,000 6,158,290,132
제이티 089790 사채 0 0
제이티 089790 장기차입금 1,000,000,000 1,000,000,000
제이티 089790 기타비유동금융부채 0 0
제이티 089790 이연법인세부채 0 0
제이티 089790 비유동리스부채 0 0
제이티 089790 부채총계 30,722,819,000 26,815,700,949
제이티 089790 자본금 3,763,897,000 3,736,212,000
제이티 089790 자본잉여금 0 0
제이티 089790 자본조정 0 0
제이티 089790 기타포괄손익누계액 0 0
제이티 089790 이익잉여금(결손금) 0 0
제이티 089790 자본총계 12,179,465,220 14,795,302,773
제이티 089790 자본과부채총계 42,902,284,220 41,611,003,722
date : 2017-09-30
제이티 089790 유동자산 15,528,107,214 13,473,248,177
제이티 089790 현금및현금성자산 1,846,226,610 1,390,374,383
제이티 089790 매출채권 6,331,641,883 7,587,682,436
제이티 089790 재고자산 1,950,777,212 311,186,833
제이티 089790 기타유동금융자산 2,320,000,000 2,780,000,000
제이티 089790 기타유동자산 3,071,005,329 1,403,450,155
제이티 089790 매각예정비유동자산 0 0
제이티 089790 비유동자산 25,617,792,336 28,137,755,545
제이티 089790 장기금융상품 0 0
제이티 089790 기타포괄손익-공정가치 0 0
제이티 089790 당기손익인식공정가치측정금융자산 0 0
제이티 089790 종속회사투자 0 0
제이티 089790 관계회사투자 0 0
제이티 089790 렌탈자산 0 0
제이티 089790 유형자산 16,224,042,470 16,923,327,644
제이티 089790 무형자산 0 0
제이티 089790 기타비유동금융자산 414,778,026 783,281,705
제이티 089790 기타비유동자산 5,396,646,360 6,712,656,360
제이티 089790 사용권자산 0 0
제이티 089790 이연법인세자산 0 0
제이티 089790 자산총계 41,145,899,550 41,611,003,722
제이티 089790 유동부채 27,999,028,466 20,657,410,817
제이티 089790 단기매입채무 0 0
제이티 089790 단기차입금 17,089,427,123 16,766,057,283
제이티 089790 유동성장기차입금 0 0
제이티 089790 유동성사채 0 0
제이티 089790 기타유동금융부채 0 0
제이티 089790 기타유동부채 1,676,346,939 1,998,161,894
제이티 089790 당기법인세부채 0 0
제이티 089790 유동리스부채 0 0
제이티 089790 비유동부채 1,000,000,000 6,158,290,132
제이티 089790 사채 0 0
제이티 089790 장기차입금 1,000,000,000 1,000,000,000
제이티 089790 기타비유동금융부채 0 0
제이티 089790 이연법인세부채 0 0
제이티 089790 비유동리스부채 0 0
제이티 089790 부채총계 28,999,028,466 26,815,700,949
제이티 089790 자본금 3,763,897,000 3,736,212,000
제이티 089790 자본잉여금 0 0
제이티 089790 자본조정 0 0
제이티 089790 기타포괄손익누계액 0 0
제이티 089790 이익잉여금(결손금) -6,504,373,783 -3,655,945,654
제이티 089790 자본총계 12,146,871,084 14,795,302,773
제이티 089790 자본과부채총계 41,145,899,550 41,611,003,722
date : 2017-12-31
제이티 089790 유동자산 17,754,223,539 13,473,248,177
제이티 089790 현금및현금성자산 4,093,771,580 1,390,374,383
제이티 089790 매출채권 5,488,525,181 7,587,682,436
제이티 089790 재고자산 2,330,346,842 311,186,833
제이티 089790 기타유동금융자산 0 0
제이티 089790 기타유동자산 3,512,775,256 1,403,450,155
제이티 089790 매각예정비유동자산 0 0
제이티 089790 비유동자산 24,671,474,200 28,137,755,545
제이티 089790 장기금융상품 0 0
제이티 089790 기타포괄손익-공정가치 0 0
제이티 089790 당기손익인식공정가치측정금융자산 0 0
제이티 089790 종속회사투자 0 0
제이티 089790 관계회사투자 0 0
제이티 089790 렌탈자산 0 0
제이티 089790 유형자산 15,811,339,326 16,923,327,644
제이티 089790 무형자산 0 0
제이티 089790 기타비유동금융자산 478,944,716 783,281,705
제이티 089790 기타비유동자산 5,365,297,360 6,712,656,360
제이티 089790 사용권자산 0 0
제이티 089790 이연법인세자산 741,686,082 6,712,656,360
제이티 089790 자산총계 42,425,697,739 41,611,003,722
제이티 089790 유동부채 27,224,115,049 20,657,410,817
제이티 089790 단기매입채무 0 0
제이티 089790 단기차입금 15,206,347,861 16,766,057,283
제이티 089790 유동성장기차입금 0 0
제이티 089790 유동성사채 0 0
제이티 089790 기타유동금융부채 0 0
제이티 089790 기타유동부채 1,593,513,019 1,998,161,894
제이티 089790 당기법인세부채 0 16,766,057,283
제이티 089790 유동리스부채 0 0
제이티 089790 비유동부채 6,158,290,132 1,000,000,000
제이티 089790 사채 0 0
제이티 089790 장기차입금 1,000,000,000 1,000,000,000
제이티 089790 기타비유동금융부채 0 0
제이티 089790 이연법인세부채 0 0
제이티 089790 비유동리스부채 0 0
제이티 089790 부채총계 27,224,115,049 26,815,700,949
제이티 089790 자본금 3,863,458,500 3,736,212,000
제이티 089790 자본잉여금 0 0
제이티 089790 자본조정 0 0
제이티 089790 기타포괄손익누계액 0 0
제이티 089790 이익잉여금(결손금) -3,836,006,594 -3,655,945,654
제이티 089790 자본총계 15,201,582,690 14,795,302,773
제이티 089790 자본과부채총계 42,425,697,739 41,611,003,722
date : 2018-03-31
제이티 089790 유동자산 18,092,287,355 17,754,223,539
제이티 089790 현금및현금성자산 334,202,393 4,093,771,580
제이티 089790 매출채권 7,415,474,982 5,488,525,181
제이티 089790 재고자산 4,087,623,982 2,330,346,842
제이티 089790 기타유동금융자산 0 0
제이티 089790 기타유동자산 3,933,331,018 3,512,775,256
제이티 089790 매각예정비유동자산 0 0
제이티 089790 비유동자산 24,485,949,427 24,671,474,200
제이티 089790 장기금융상품 0 0
제이티 089790 기타포괄손익-공정가치 0 0
제이티 089790 당기손익인식공정가치측정금융자산 0 0
제이티 089790 종속회사투자 0 0
제이티 089790 관계회사투자 0 0
제이티 089790 렌탈자산 0 0
제이티 089790 유형자산 15,507,818,829 15,811,339,326
제이티 089790 무형자산 0 0
제이티 089790 기타비유동금융자산 478,111,406 478,944,716
제이티 089790 기타비유동자산 5,535,297,360 5,365,297,360
제이티 089790 사용권자산 0 0
제이티 089790 이연법인세자산 0 5,365,297,360
제이티 089790 자산총계 42,578,236,782 42,425,697,739
제이티 089790 유동부채 26,651,856,642 27,224,115,049
제이티 089790 단기매입채무 0 0
제이티 089790 단기차입금 15,888,527,712 15,206,347,861
제이티 089790 유동성장기차입금 0 0
제이티 089790 유동성사채 0 0
제이티 089790 기타유동금융부채 0 0
제이티 089790 기타유동부채 1,370,351,994 1,593,513,019
제이티 089790 당기법인세부채 0 15,206,347,861
제이티 089790 유동리스부채 0 0
제이티 089790 비유동부채 0 1,593,513,019
제이티 089790 사채 0 0
제이티 089790 장기차입금 0 1,593,513,019
제이티 089790 기타비유동금융부채 0 0
제이티 089790 이연법인세부채 0 0
제이티 089790 비유동리스부채 0 0
제이티 089790 부채총계 26,651,856,642 27,224,115,049
제이티 089790 자본금 4,102,406,000 3,863,458,500
제이티 089790 자본잉여금 0 0
제이티 089790 자본조정 0 0
제이티 089790 기타포괄손익누계액 0 0
제이티 089790 이익잉여금(결손금) -3,990,374,738 -3,836,006,594
제이티 089790 자본총계 15,926,380,140 15,201,582,690
제이티 089790 자본과부채총계 42,578,236,782 42,425,697,739
date : 2018-06-30
제이티 089790 유동자산 21,063,846,326 17,754,223,539
제이티 089790 현금및현금성자산 4,081,221,569 4,093,771,580
제이티 089790 매출채권 및 기타유동채권
제이티 089790 재고자산 4,724,685,852 2,330,346,842
제이티 089790 기타유동금융자산 0 0
제이티 089790 기타유동자산 1,690,737,828 3,512,775,256
제이티 089790 매각예정비유동자산 0 0
제이티 089790 비유동자산 25,322,198,172 24,671,474,200
제이티 089790 장기금융상품 0 0
제이티 089790 기타포괄손익-공정가치 0 0
제이티 089790 당기손익인식공정가치측정금융자산 0 0
제이티 089790 종속회사투자 0 0
제이티 089790 관계회사투자 0 0
제이티 089790 렌탈자산 0 0
제이티 089790 유형자산 16,409,783,341 15,811,339,326
제이티 089790 무형자산 0 0
제이티 089790 기타비유동금융자산 477,278,096 478,944,716
제이티 089790 기타비유동자산 5,540,297,360 5,365,297,360
제이티 089790 사용권자산 0 0
제이티 089790 이연법인세자산 0 0
제이티 089790 자산총계 46,386,044,498 42,425,697,739
제이티 089790 유동부채 24,240,243,319 27,224,115,049
제이티 089790 단기매입채무 0 0
제이티 089790 단기차입금 16,510,000,000 15,206,347,861
제이티 089790 유동성장기차입금 0 0
제이티 089790 유동성사채 0 0
제이티 089790 기타유동금융부채 0 0
제이티 089790 기타유동부채 1,436,264,774 1,593,513,019
제이티 089790 당기법인세부채 0 15,206,347,861
제이티 089790 유동리스부채 0 0
제이티 089790 비유동부채 1,000,000,000 1,593,513,019
제이티 089790 사채 0 0
제이티 089790 장기차입금 1,000,000,000 1,593,513,019
제이티 089790 기타비유동금융부채 0 0
제이티 089790 이연법인세부채 0 0
제이티 089790 비유동리스부채 0 0
제이티 089790 부채총계 25,240,243,319 27,224,115,049
제이티 089790 자본금 5,008,414,500 3,863,458,500
제이티 089790 자본잉여금 0 0
제이티 089790 자본조정 0 0
제이티 089790 기타포괄손익누계액 0 0
제이티 089790 이익잉여금(결손금) -2,602,986,122 -3,836,006,594
제이티 089790 자본총계 21,145,801,179 15,201,582,690
제이티 089790 자본과부채총계 46,386,044,498 42,425,697,739
date : 2018-09-30
제이티 089790 유동자산 17,896,687,484 17,754,223,539
제이티 089790 현금및현금성자산 2,036,876,563 4,093,771,580
제이티 089790 매출채권 및 기타유동채권
제이티 089790 재고자산 3,474,521,576 2,330,346,842
제이티 089790 기타유동금융자산 0 0
제이티 089790 기타유동자산 2,025,297,851 3,512,775,256
제이티 089790 매각예정비유동자산 0 0
제이티 089790 비유동자산 25,319,677,084 24,671,474,200
제이티 089790 장기금융상품 0 0
제이티 089790 기타포괄손익-공정가치 0 0
제이티 089790 당기손익인식공정가치측정금융자산 0 0
제이티 089790 종속회사투자 0 0
제이티 089790 관계회사투자 0 0
제이티 089790 렌탈자산 0 0
제이티 089790 유형자산 16,297,888,549 15,811,339,326
제이티 089790 무형자산 0 0
제이티 089790 기타비유동금융자산 556,666,666 478,944,716
제이티 089790 기타비유동자산 5,623,897,360 5,365,297,360
제이티 089790 사용권자산 0 0
제이티 089790 이연법인세자산 0 0
제이티 089790 자산총계 43,216,364,568 42,425,697,739
제이티 089790 유동부채 20,495,286,411 27,224,115,049
제이티 089790 단기매입채무 0 0
제이티 089790 단기차입금 14,680,000,000 15,206,347,861
제이티 089790 유동성장기차입금 0 0
제이티 089790 유동성사채 0 0
제이티 089790 기타유동금융부채 0 0
제이티 089790 기타유동부채 1,773,847,415 1,593,513,019
제이티 089790 당기법인세부채 0 15,206,347,861
제이티 089790 유동리스부채 0 0
제이티 089790 비유동부채 917,000,000 1,593,513,019
제이티 089790 사채 0 0
제이티 089790 장기차입금 0 1,593,513,019
제이티 089790 기타비유동금융부채 0 0
제이티 089790 이연법인세부채 0 0
제이티 089790 비유동리스부채 0 0
제이티 089790 부채총계 21,412,286,411 27,224,115,049
제이티 089790 자본금 5,008,414,500 3,863,458,500
제이티 089790 자본잉여금 0 0
제이티 089790 자본조정 0 0
제이티 089790 기타포괄손익누계액 0 0
제이티 089790 이익잉여금(결손금) -1,944,709,144 -3,836,006,594
제이티 089790 자본총계 21,804,078,157 15,201,582,690
제이티 089790 자본과부채총계 43,216,364,568 42,425,697,739
date : 2018-12-31
제이티 089790 유동자산 18,893,281,285 17,754,223,539
제이티 089790 현금및현금성자산 7,635,003,179 4,093,771,580
제이티 089790 매출채권 5,018,523,631 5,488,525,181
제이티 089790 재고자산 4,935,880,321 2,330,346,842
제이티 089790 기타유동금융자산 0 0
제이티 089790 기타유동자산 959,723,534 3,512,775,256
제이티 089790 매각예정비유동자산 0 0
제이티 089790 비유동자산 23,126,281,263 24,671,474,200
제이티 089790 장기금융상품 0 0
제이티 089790 기타포괄손익-공정가치 0 0
제이티 089790 당기손익인식공정가치측정금융자산 0 0
제이티 089790 종속회사투자 0 0
제이티 089790 관계회사투자 0 0
제이티 089790 렌탈자산 0 0
제이티 089790 유형자산 14,149,577,669 15,811,339,326
제이티 089790 무형자산 0 0
제이티 089790 기타비유동금융자산 236,666,666 478,944,716
제이티 089790 기타비유동자산 5,613,897,360 5,365,297,360
제이티 089790 사용권자산 0 0
제이티 089790 이연법인세자산 0 0
제이티 089790 자산총계 42,019,562,548 42,425,697,739
제이티 089790 유동부채 19,035,473,672 27,224,115,049
제이티 089790 단기매입채무 0 0
제이티 089790 단기차입금 13,280,000,000 15,206,347,861
제이티 089790 유동성장기차입금 0 0
제이티 089790 유동성사채 0 0
제이티 089790 기타유동금융부채 0 0
제이티 089790 기타유동부채 1,626,427,003 1,593,513,019
제이티 089790 당기법인세부채 0 0
제이티 089790 유동리스부채 0 0
제이티 089790 비유동부채 834,000,000 0
제이티 089790 사채 0 0
제이티 089790 장기차입금 834,000,000 0
제이티 089790 기타비유동금융부채 0 0
제이티 089790 이연법인세부채 0 0
제이티 089790 비유동리스부채 0 0
제이티 089790 부채총계 19,869,473,672 27,224,115,049
제이티 089790 자본금 5,008,414,500 3,863,458,500
제이티 089790 자본잉여금 0 0
제이티 089790 자본조정 0 0
제이티 089790 기타포괄손익누계액 0 0
제이티 089790 이익잉여금(결손금) -1,674,601,672 -3,836,006,594
제이티 089790 자본총계 22,150,088,876 15,201,582,690
제이티 089790 자본과부채총계 42,019,562,548 42,425,697,739
date : 2019-03-31
제이티 089790 유동자산 20,071,191,170 18,893,281,285
제이티 089790 현금및현금성자산 5,950,587,728 7,635,003,179
제이티 089790 매출채권 5,763,722,668 5,018,523,631
제이티 089790 재고자산 6,391,164,227 4,935,880,321
제이티 089790 기타유동금융자산 0 0
제이티 089790 기타유동자산 1,626,968,327 959,723,534
제이티 089790 매각예정비유동자산 0 0
제이티 089790 비유동자산 22,746,209,524 23,126,281,263
제이티 089790 장기금융상품 0 0
제이티 089790 기타포괄손익-공정가치 0 0
제이티 089790 당기손익인식공정가치측정금융자산 0 0
제이티 089790 종속회사투자 0 0
제이티 089790 관계회사투자 0 0
제이티 089790 렌탈자산 0 0
제이티 089790 유형자산 13,903,955,612 14,149,577,669
제이티 089790 무형자산 0 0
제이티 089790 기타비유동금융자산 236,666,666 236,666,666
제이티 089790 기타비유동자산 5,613,477,360 5,613,897,360
제이티 089790 사용권자산 0 0
제이티 089790 이연법인세자산 0 0
제이티 089790 자산총계 42,817,400,694 42,019,562,548
제이티 089790 유동부채 17,740,202,263 19,035,473,672
제이티 089790 단기매입채무 3,403,693,678 2,721,015,087
제이티 089790 단기차입금 12,480,000,000 13,280,000,000
제이티 089790 유동성장기차입금 0 0
제이티 089790 유동성사채 0 0
제이티 089790 기타유동금융부채 0 0
제이티 089790 기타유동부채 1,459,952,809 1,626,427,003
제이티 089790 당기법인세부채 0 0
제이티 089790 유동리스부채 0 0
제이티 089790 비유동부채 751,000,000 834,000,000
제이티 089790 사채 0 0
제이티 089790 장기차입금 751,000,000 834,000,000
제이티 089790 기타비유동금융부채 0 0
제이티 089790 이연법인세부채 0 0
제이티 089790 비유동리스부채 0 0
제이티 089790 부채총계 18,491,202,263 19,869,473,672
제이티 089790 자본금 5,157,756,500 5,008,414,500
제이티 089790 자본잉여금 0 0
제이티 089790 자본조정 0 0
제이티 089790 기타포괄손익누계액 0 0
제이티 089790 이익잉여금(결손금) -145,826,457 -1,674,601,672
제이티 089790 자본총계 24,326,198,431 22,150,088,876
제이티 089790 자본과부채총계 42,817,400,694 42,019,562,548
