date : 2015-12-31
상아프론테크 089980 유동자산 63,316,697,408 56,104,580,193
상아프론테크 089980 현금및현금성자산 6,615,134,341 3,343,093,963
상아프론테크 089980 매출채권 34,200,474,127 27,253,610,942
상아프론테크 089980 재고자산 15,070,784,424 16,445,264,608
상아프론테크 089980 기타유동금융자산 0 0
상아프론테크 089980 기타유동자산 974,349,708 1,318,160,513
상아프론테크 089980 매각예정비유동자산 0 0
상아프론테크 089980 비유동자산 105,289,603,427 93,128,484,863
상아프론테크 089980 장기금융상품 0 0
상아프론테크 089980 기타포괄손익-공정가치 0 0
상아프론테크 089980 당기손익인식공정가치측정금융자산 0 0
상아프론테크 089980 종속회사투자 0 0
상아프론테크 089980 관계회사투자 0 0
상아프론테크 089980 렌탈자산 0 0
상아프론테크 089980 유형자산 84,302,522,109 77,183,767,534
상아프론테크 089980 무형자산 698,233,736 660,489,625
상아프론테크 089980 기타비유동금융자산 0 0
상아프론테크 089980 기타비유동자산 0 0
상아프론테크 089980 사용권자산 0 0
상아프론테크 089980 이연법인세자산 0 0
상아프론테크 089980 자산총계 168,606,300,835 149,233,065,056
상아프론테크 089980 유동부채 55,503,669,287 52,491,061,705
상아프론테크 089980 단기매입채무 0 0
상아프론테크 089980 단기차입금 35,236,322,800 32,290,274,080
상아프론테크 089980 유동성장기차입금 2,867,679,641 4,930,217,531
상아프론테크 089980 유동성사채 0 0
상아프론테크 089980 기타유동금융부채 0 0
상아프론테크 089980 기타유동부채 1,494,349,369 393,275,150
상아프론테크 089980 당기법인세부채 2,195,988,076 1,243,345,428
상아프론테크 089980 유동리스부채 0 0
상아프론테크 089980 비유동부채 16,532,014,173 10,975,648,871
상아프론테크 089980 사채 0 0
상아프론테크 089980 장기차입금 11,677,288,000 6,450,879,642
상아프론테크 089980 기타비유동금융부채 0 0
상아프론테크 089980 이연법인세부채 3,342,839,608 4,020,886,168
상아프론테크 089980 비유동리스부채 0 0
상아프론테크 089980 부채총계 72,035,683,460 63,466,710,576
상아프론테크 089980 자본금 6,463,680,000 6,267,707,000
상아프론테크 089980 자본잉여금 0 0
상아프론테크 089980 자본조정 154,294,165 -299,955,534
상아프론테크 089980 기타포괄손익누계액 0 0
상아프론테크 089980 이익잉여금(결손금) 0 0
상아프론테크 089980 자본총계 168,606,300,835 149,233,065,056
상아프론테크 089980 자본과부채총계 0 0
date : 2016-03-31
상아프론테크 089980 유동자산 64,688,055,383 63,316,697,408
상아프론테크 089980 현금및현금성자산 2,427,655,915 6,615,134,341
상아프론테크 089980 매출채권 및 기타유동채권
상아프론테크 089980 재고자산 15,871,058,303 15,070,784,424
상아프론테크 089980 기타유동금융자산 7,054,877,930 6,393,841,674
상아프론테크 089980 기타유동자산 0 0
상아프론테크 089980 매각예정비유동자산 0 0
상아프론테크 089980 비유동자산 105,918,624,125 105,289,603,427
상아프론테크 089980 장기금융상품 0 0
상아프론테크 089980 기타포괄손익-공정가치 0 0
상아프론테크 089980 당기손익인식공정가치측정금융자산 0 0
상아프론테크 089980 종속회사투자 0 0
상아프론테크 089980 관계회사투자 0 0
상아프론테크 089980 렌탈자산 0 0
상아프론테크 089980 유형자산 85,211,287,823 84,302,522,109
상아프론테크 089980 무형자산 698,683,577 698,233,736
상아프론테크 089980 기타비유동금융자산 1,027,491,185 1,308,355,864
상아프론테크 089980 기타비유동자산 0 0
상아프론테크 089980 사용권자산 0 0
상아프론테크 089980 이연법인세자산 0 0
상아프론테크 089980 자산총계 170,606,679,508 168,606,300,835
상아프론테크 089980 유동부채 59,016,058,544 55,503,669,287
상아프론테크 089980 단기매입채무 0 0
상아프론테크 089980 단기차입금 34,846,329,650 35,236,322,800
상아프론테크 089980 유동성장기차입금 2,166,200,000 2,867,679,641
상아프론테크 089980 유동성사채 0 0
상아프론테크 089980 기타유동금융부채 5,755,784,448 4,515,059,504
상아프론테크 089980 기타유동부채 0 0
상아프론테크 089980 당기법인세부채 2,723,296,604 2,195,988,076
상아프론테크 089980 유동리스부채 0 0
상아프론테크 089980 비유동부채 15,696,106,868 16,532,014,173
상아프론테크 089980 사채 0 0
상아프론테크 089980 장기차입금 10,959,089,000 11,677,288,000
상아프론테크 089980 기타비유동금융부채 655,420,813 597,780,787
상아프론테크 089980 이연법인세부채 3,342,839,608 3,342,839,608
상아프론테크 089980 비유동리스부채 0 0
상아프론테크 089980 부채총계 74,712,165,412 72,035,683,460
상아프론테크 089980 자본금 6,463,680,000 6,463,680,000
상아프론테크 089980 자본잉여금 0 0
상아프론테크 089980 자본조정 0 0
상아프론테크 089980 기타포괄손익누계액 0 0
상아프론테크 089980 이익잉여금(결손금) 68,166,681,536 68,842,784,815
상아프론테크 089980 자본총계 95,894,514,096 96,570,617,375
상아프론테크 089980 자본과부채총계 170,606,679,508 168,606,300,835
date : 2016-06-30
상아프론테크 089980 유동자산 67,897,000,883 63,316,697,408
상아프론테크 089980 현금및현금성자산 4,524,251,656 6,615,134,341
상아프론테크 089980 매출채권 및 기타유동채권
상아프론테크 089980 재고자산 15,675,325,213 15,070,784,424
상아프론테크 089980 기타유동금융자산 7,796,030,447 6,393,841,674
상아프론테크 089980 기타유동자산 0 0
상아프론테크 089980 매각예정비유동자산 0 0
상아프론테크 089980 비유동자산 105,644,141,031 105,289,603,427
상아프론테크 089980 장기금융상품 0 0
상아프론테크 089980 기타포괄손익-공정가치 0 0
상아프론테크 089980 당기손익인식공정가치측정금융자산 0 0
상아프론테크 089980 종속회사투자 0 0
상아프론테크 089980 관계회사투자 0 0
상아프론테크 089980 렌탈자산 0 0
상아프론테크 089980 유형자산 84,705,106,941 84,302,522,109
상아프론테크 089980 무형자산 691,806,830 698,233,736
상아프론테크 089980 기타비유동금융자산 1,066,065,720 1,308,355,864
상아프론테크 089980 기타비유동자산 0 0
상아프론테크 089980 사용권자산 0 0
상아프론테크 089980 이연법인세자산 0 0
상아프론테크 089980 자산총계 173,541,141,914 168,606,300,835
상아프론테크 089980 유동부채 56,330,529,527 55,503,669,287
상아프론테크 089980 단기매입채무 0 0
상아프론테크 089980 단기차입금 37,461,352,530 35,236,322,800
상아프론테크 089980 유동성장기차입금 2,149,500,000 2,867,679,641
상아프론테크 089980 유동성사채 0 0
상아프론테크 089980 기타유동금융부채 4,956,376,567 4,515,059,504
상아프론테크 089980 기타유동부채 0 0
상아프론테크 089980 당기법인세부채 1,045,955,185 2,195,988,076
상아프론테크 089980 유동리스부채 0 0
상아프론테크 089980 비유동부채 15,932,571,862 16,532,014,173
상아프론테크 089980 사채 0 0
상아프론테크 089980 장기차입금 11,208,473,800 11,677,288,000
상아프론테크 089980 기타비유동금융부채 676,456,172 597,780,787
상아프론테크 089980 이연법인세부채 3,335,182,488 3,342,839,608
상아프론테크 089980 비유동리스부채 0 0
상아프론테크 089980 부채총계 72,263,101,389 72,035,683,460
상아프론테크 089980 자본금 6,650,744,500 6,463,680,000
상아프론테크 089980 자본잉여금 0 0
상아프론테크 089980 자본조정 0 0
상아프론테크 089980 기타포괄손익누계액 0 0
상아프론테크 089980 이익잉여금(결손금) 70,714,831,179 68,842,784,815
상아프론테크 089980 자본총계 101,278,040,525 96,570,617,375
상아프론테크 089980 자본과부채총계 173,541,141,914 168,606,300,835
date : 2016-09-30
상아프론테크 089980 유동자산 69,726,243,067 63,316,697,408
상아프론테크 089980 현금및현금성자산 3,563,779,728 6,615,134,341
상아프론테크 089980 매출채권 및 기타유동채권
상아프론테크 089980 재고자산 14,310,104,394 15,070,784,424
상아프론테크 089980 기타유동금융자산 9,060,800,334 6,393,841,674
상아프론테크 089980 기타유동자산 0 0
상아프론테크 089980 매각예정비유동자산 0 0
상아프론테크 089980 비유동자산 106,288,349,406 105,289,603,427
상아프론테크 089980 장기금융상품 0 0
상아프론테크 089980 기타포괄손익-공정가치 0 0
상아프론테크 089980 당기손익인식공정가치측정금융자산 0 0
상아프론테크 089980 종속회사투자 0 0
상아프론테크 089980 관계회사투자 0 0
상아프론테크 089980 렌탈자산 0 0
상아프론테크 089980 유형자산 85,174,315,998 84,302,522,109
상아프론테크 089980 무형자산 719,806,148 698,233,736
상아프론테크 089980 기타비유동금융자산 1,213,065,720 1,308,355,864
상아프론테크 089980 기타비유동자산 0 0
상아프론테크 089980 사용권자산 0 0
상아프론테크 089980 이연법인세자산 0 0
상아프론테크 089980 자산총계 176,014,592,473 168,606,300,835
상아프론테크 089980 유동부채 55,965,706,715 55,503,669,287
상아프론테크 089980 단기매입채무 0 0
상아프론테크 089980 단기차입금 38,758,891,370 35,236,322,800
상아프론테크 089980 유동성장기차입금 1,861,800,000 2,867,679,641
상아프론테크 089980 유동성사채 0 0
상아프론테크 089980 기타유동금융부채 5,060,215,665 4,515,059,504
상아프론테크 089980 기타유동부채 0 0
상아프론테크 089980 당기법인세부채 1,045,955,185 2,195,988,076
상아프론테크 089980 유동리스부채 0 0
상아프론테크 089980 비유동부채 16,664,050,451 16,532,014,173
상아프론테크 089980 사채 0 0
상아프론테크 089980 장기차입금 12,084,520,200 11,677,288,000
상아프론테크 089980 기타비유동금융부채 672,946,813 597,780,787
상아프론테크 089980 이연법인세부채 3,335,182,488 3,342,839,608
상아프론테크 089980 비유동리스부채 0 0
상아프론테크 089980 부채총계 72,629,757,166 72,035,683,460
상아프론테크 089980 자본금 6,650,744,500 6,463,680,000
상아프론테크 089980 자본잉여금 0 0
상아프론테크 089980 자본조정 0 0
상아프론테크 089980 기타포괄손익누계액 0 0
상아프론테크 089980 이익잉여금(결손금) 72,821,625,961 68,842,784,815
상아프론테크 089980 자본총계 103,384,835,307 96,570,617,375
상아프론테크 089980 자본과부채총계 176,014,592,473 168,606,300,835
date : 2016-12-31
상아프론테크 089980 유동자산 72,332,902,476 63,316,697,408
상아프론테크 089980 현금및현금성자산 4,021,631,936 6,615,134,341
상아프론테크 089980 매출채권 3,981,193,681 0
상아프론테크 089980 재고자산 14,824,987,494 15,070,784,424
상아프론테크 089980 기타유동금융자산 10,004,583,053 6,393,841,674
상아프론테크 089980 기타유동자산 0 0
상아프론테크 089980 매각예정비유동자산 9,280,953,110 0
상아프론테크 089980 비유동자산 101,238,595,106 105,289,603,427
상아프론테크 089980 장기금융상품 0 0
상아프론테크 089980 기타포괄손익-공정가치 0 0
상아프론테크 089980 당기손익인식공정가치측정금융자산 0 0
상아프론테크 089980 종속회사투자 0 0
상아프론테크 089980 관계회사투자 0 0
상아프론테크 089980 렌탈자산 0 0
상아프론테크 089980 유형자산 76,744,254,795 84,302,522,109
상아프론테크 089980 무형자산 713,798,324 698,233,736
상아프론테크 089980 기타비유동금융자산 1,118,186,766 1,308,355,864
상아프론테크 089980 기타비유동자산 0 0
상아프론테크 089980 사용권자산 0 0
상아프론테크 089980 이연법인세자산 0 0
상아프론테크 089980 자산총계 182,852,450,692 168,606,300,835
상아프론테크 089980 유동부채 59,896,752,508 55,503,669,287
상아프론테크 089980 단기매입채무 0 0
상아프론테크 089980 단기차입금 39,911,174,150 35,236,322,800
상아프론테크 089980 유동성장기차입금 1,845,100,000 2,867,679,641
상아프론테크 089980 유동성사채 0 0
상아프론테크 089980 기타유동금융부채 5,355,127,954 4,515,059,504
상아프론테크 089980 기타유동부채 0 0
상아프론테크 089980 당기법인세부채 1,621,655,898 2,195,988,076
상아프론테크 089980 유동리스부채 0 0
상아프론테크 089980 비유동부채 15,748,190,875 16,532,014,173
상아프론테크 089980 사채 0 0
상아프론테크 089980 장기차입금 12,001,759,000 11,677,288,000
상아프론테크 089980 기타비유동금융부채 729,193,804 597,780,787
상아프론테크 089980 이연법인세부채 2,286,643,090 3,342,839,608
상아프론테크 089980 비유동리스부채 0 0
상아프론테크 089980 부채총계 75,644,943,383 72,035,683,460
상아프론테크 089980 자본금 6,650,744,500 6,463,680,000
상아프론테크 089980 자본잉여금 0 0
상아프론테크 089980 자본조정 0 0
상아프론테크 089980 기타포괄손익누계액 0 0
상아프론테크 089980 이익잉여금(결손금) 76,644,297,963 68,842,784,815
상아프론테크 089980 자본총계 107,207,507,309 96,570,617,375
상아프론테크 089980 자본과부채총계 182,852,450,692 168,606,300,835
date : 2017-03-31
상아프론테크 089980 유동자산 83,067,906,248 72,332,902,476
상아프론테크 089980 현금및현금성자산 10,853,230,800 4,021,631,936
상아프론테크 089980 매출채권 3,649,125,662 3,981,193,681
상아프론테크 089980 재고자산 17,535,124,383 14,824,987,494
상아프론테크 089980 기타유동금융자산 14,370,952,879 10,004,583,053
상아프론테크 089980 기타유동자산 0 0
상아프론테크 089980 매각예정비유동자산 0 9,280,953,110
상아프론테크 089980 비유동자산 100,116,132,798 101,238,595,106
상아프론테크 089980 장기금융상품 0 0
상아프론테크 089980 기타포괄손익-공정가치 0 0
상아프론테크 089980 당기손익인식공정가치측정금융자산 0 0
상아프론테크 089980 종속회사투자 0 0
상아프론테크 089980 관계회사투자 0 0
상아프론테크 089980 렌탈자산 0 0
상아프론테크 089980 유형자산 76,266,055,829 76,744,254,795
상아프론테크 089980 무형자산 708,164,307 713,798,324
상아프론테크 089980 기타비유동금융자산 811,625,460 1,118,186,766
상아프론테크 089980 기타비유동자산 0 0
상아프론테크 089980 사용권자산 0 0
상아프론테크 089980 이연법인세자산 0 0
상아프론테크 089980 자산총계 183,184,039,046 182,852,450,692
상아프론테크 089980 유동부채 65,061,151,062 59,896,752,508
상아프론테크 089980 단기매입채무 0 0
상아프론테크 089980 단기차입금 37,962,235,390 39,911,174,150
상아프론테크 089980 유동성장기차입금 2,889,309,400 1,845,100,000
상아프론테크 089980 유동성사채 0 0
상아프론테크 089980 기타유동금융부채 5,401,405,837 5,355,127,954
상아프론테크 089980 기타유동부채 0 0
상아프론테크 089980 당기법인세부채 1,761,144,227 1,621,655,898
상아프론테크 089980 유동리스부채 0 0
상아프론테크 089980 비유동부채 10,924,574,759 15,748,190,875
상아프론테크 089980 사채 0 0
상아프론테크 089980 장기차입금 7,298,000,000 12,001,759,000
상아프론테크 089980 기타비유동금융부채 696,362,766 729,193,804
상아프론테크 089980 이연법인세부채 2,286,643,090 2,286,643,090
상아프론테크 089980 비유동리스부채 0 0
상아프론테크 089980 부채총계 75,985,725,821 75,644,943,383
상아프론테크 089980 자본금 6,650,744,500 6,650,744,500
상아프론테크 089980 자본잉여금 0 0
상아프론테크 089980 자본조정 0 0
상아프론테크 089980 기타포괄손익누계액 0 0
상아프론테크 089980 이익잉여금(결손금) 76,635,103,879 76,644,297,963
상아프론테크 089980 자본총계 107,198,313,225 107,207,507,309
상아프론테크 089980 자본과부채총계 183,184,039,046 182,852,450,692
date : 2017-06-30
상아프론테크 089980 유동자산 70,898,348,486 72,332,902,476
상아프론테크 089980 현금및현금성자산 6,722,010,769 4,021,631,936
상아프론테크 089980 매출채권 4,191,366,199 3,981,193,681
상아프론테크 089980 재고자산 14,741,103,976 14,824,987,494
상아프론테크 089980 기타유동금융자산 15,074,790,774 10,004,583,053
상아프론테크 089980 기타유동자산 0 0
상아프론테크 089980 매각예정비유동자산 0 9,280,953,110
상아프론테크 089980 비유동자산 100,470,719,184 101,238,595,106
상아프론테크 089980 장기금융상품 0 0
상아프론테크 089980 기타포괄손익-공정가치 0 0
상아프론테크 089980 당기손익인식공정가치측정금융자산 0 0
상아프론테크 089980 종속회사투자 0 0
상아프론테크 089980 관계회사투자 0 0
상아프론테크 089980 렌탈자산 0 0
상아프론테크 089980 유형자산 75,921,491,214 76,744,254,795
상아프론테크 089980 무형자산 711,209,226 713,798,324
상아프론테크 089980 기타비유동금융자산 965,491,005 1,118,186,766
상아프론테크 089980 기타비유동자산 0 0
상아프론테크 089980 사용권자산 0 0
상아프론테크 089980 이연법인세자산 0 0
상아프론테크 089980 자산총계 171,369,067,670 182,852,450,692
상아프론테크 089980 유동부채 55,349,363,812 59,896,752,508
상아프론테크 089980 단기매입채무 0 0
상아프론테크 089980 단기차입금 28,303,578,040 39,911,174,150
상아프론테크 089980 유동성장기차입금 8,731,878,400 1,845,100,000
상아프론테크 089980 유동성사채 0 0
상아프론테크 089980 기타유동금융부채 5,237,635,229 5,355,127,954
상아프론테크 089980 기타유동부채 0 0
상아프론테크 089980 당기법인세부채 1,217,098,750 1,621,655,898
상아프론테크 089980 유동리스부채 0 0
상아프론테크 089980 비유동부채 4,512,506,021 15,748,190,875
상아프론테크 089980 사채 0 0
상아프론테크 089980 장기차입금 1,500,000,000 12,001,759,000
상아프론테크 089980 기타비유동금융부채 331,362,637 729,193,804
상아프론테크 089980 이연법인세부채 2,275,256,138 2,286,643,090
상아프론테크 089980 비유동리스부채 0 0
상아프론테크 089980 부채총계 59,861,869,833 75,644,943,383
상아프론테크 089980 자본금 6,655,198,000 6,650,744,500
상아프론테크 089980 자본잉여금 0 0
상아프론테크 089980 자본조정 0 0
상아프론테크 089980 기타포괄손익누계액 0 0
상아프론테크 089980 이익잉여금(결손금) 80,893,178,295 76,644,297,963
상아프론테크 089980 자본총계 111,507,197,837 107,207,507,309
상아프론테크 089980 자본과부채총계 171,369,067,670 182,852,450,692
date : 2017-09-30
상아프론테크 089980 유동자산 73,647,471,319 72,332,902,476
상아프론테크 089980 현금및현금성자산 6,161,458,105 4,021,631,936
상아프론테크 089980 매출채권 및 기타유동채권
상아프론테크 089980 재고자산 12,391,980,305 14,824,987,494
상아프론테크 089980 기타유동금융자산 18,173,646,928 10,004,583,053
상아프론테크 089980 기타유동자산 1,881,651,018 573,380,385
상아프론테크 089980 매각예정비유동자산 0 9,280,953,110
상아프론테크 089980 비유동자산 102,211,660,441 101,238,595,106
상아프론테크 089980 장기금융상품 0 0
상아프론테크 089980 기타포괄손익-공정가치 0 0
상아프론테크 089980 당기손익인식공정가치측정금융자산 0 0
상아프론테크 089980 종속회사투자 0 0
상아프론테크 089980 관계회사투자 0 0
상아프론테크 089980 렌탈자산 0 0
상아프론테크 089980 유형자산 77,350,575,681 76,744,254,795
상아프론테크 089980 무형자산 706,934,049 713,798,324
상아프론테크 089980 기타비유동금융자산 1,080,991,005 1,318,686,766
상아프론테크 089980 기타비유동자산 0 0
상아프론테크 089980 사용권자산 0 0
상아프론테크 089980 이연법인세자산 0 0
상아프론테크 089980 자산총계 175,859,131,760 182,852,450,692
상아프론테크 089980 유동부채 51,224,414,367 59,896,752,508
상아프론테크 089980 단기매입채무 10,596,536,395 10,092,887,996
상아프론테크 089980 단기차입금 24,376,494,330 39,911,174,150
상아프론테크 089980 유동성장기차입금 8,638,201,800 1,845,100,000
상아프론테크 089980 유동성사채 0 0
상아프론테크 089980 기타유동금융부채 5,358,620,266 5,355,127,954
상아프론테크 089980 기타유동부채 807,383,556 840,461,880
상아프론테크 089980 당기법인세부채 1,217,098,750 1,621,655,898
상아프론테크 089980 유동리스부채 0 0
상아프론테크 089980 비유동부채 4,715,187,710 15,748,190,875
상아프론테크 089980 사채 0 0
상아프론테크 089980 장기차입금 0 0
상아프론테크 089980 기타비유동금융부채 406,989,545 729,193,804
상아프론테크 089980 이연법인세부채 2,275,256,138 2,286,643,090
상아프론테크 089980 비유동리스부채 0 0
상아프론테크 089980 부채총계 55,939,602,077 75,644,943,383
상아프론테크 089980 자본금 7,131,768,000 6,650,744,500
상아프론테크 089980 자본잉여금 28,566,802,530 23,176,689,121
상아프론테크 089980 자본조정 0 0
상아프론테크 089980 기타포괄손익누계액 0 0
상아프론테크 089980 이익잉여금(결손금) 83,955,535,321 76,644,297,963
상아프론테크 089980 자본총계 119,919,529,683 107,207,507,309
상아프론테크 089980 자본과부채총계 175,859,131,760 182,852,450,692
date : 2017-12-31
상아프론테크 089980 유동자산 95,140,222,108 72,332,902,476
상아프론테크 089980 현금및현금성자산 16,629,105,314 4,021,631,936
상아프론테크 089980 매출채권 및 기타유동채권
상아프론테크 089980 재고자산 13,823,290,696 14,824,987,494
상아프론테크 089980 기타유동금융자산 0 0
상아프론테크 089980 기타유동자산 3,483,995,658 573,380,385
상아프론테크 089980 매각예정비유동자산 9,280,953,110 14,824,987,494
상아프론테크 089980 비유동자산 97,413,472,019 101,238,595,106
상아프론테크 089980 장기금융상품 0 0
상아프론테크 089980 기타포괄손익-공정가치 0 0
상아프론테크 089980 당기손익인식공정가치측정금융자산 0 0
상아프론테크 089980 종속회사투자 0 0
상아프론테크 089980 관계회사투자 0 0
상아프론테크 089980 렌탈자산 0 0
상아프론테크 089980 유형자산 78,509,214,380 76,744,254,795
상아프론테크 089980 무형자산 696,239,213 713,798,324
상아프론테크 089980 기타비유동금융자산 0 0
상아프론테크 089980 기타비유동자산 0 0
상아프론테크 089980 사용권자산 0 0
상아프론테크 089980 이연법인세자산 0 0
상아프론테크 089980 자산총계 192,553,694,127 182,852,450,692
상아프론테크 089980 유동부채 54,835,299,054 59,896,752,508
상아프론테크 089980 단기매입채무 14,163,246,069 10,092,887,996
상아프론테크 089980 단기차입금 22,603,170,860 39,911,174,150
상아프론테크 089980 유동성장기차입금 8,440,315,600 1,845,100,000
상아프론테크 089980 유동성사채 0 0
상아프론테크 089980 기타유동금융부채 0 0
상아프론테크 089980 기타유동부채 647,427,835 840,461,880
상아프론테크 089980 당기법인세부채 1,272,645,997 1,621,655,898
상아프론테크 089980 유동리스부채 0 0
상아프론테크 089980 비유동부채 22,543,876,715 15,748,190,875
상아프론테크 089980 사채 0 0
상아프론테크 089980 장기차입금 20,000,000,000 12,001,759,000
상아프론테크 089980 기타비유동금융부채 0 0
상아프론테크 089980 이연법인세부채 1,884,796,182 2,286,643,090
상아프론테크 089980 비유동리스부채 0 0
상아프론테크 089980 부채총계 77,379,175,769 75,644,943,383
상아프론테크 089980 자본금 7,131,768,000 6,650,744,500
상아프론테크 089980 자본잉여금 28,698,650,679 23,176,689,121
상아프론테크 089980 자본조정 0 0
상아프론테크 089980 기타포괄손익누계액 0 0
상아프론테크 089980 이익잉여금(결손금) 0 0
상아프론테크 089980 자본총계 192,553,694,127 182,852,450,692
상아프론테크 089980 자본과부채총계 0 0
date : 2018-03-31
상아프론테크 089980 유동자산 92,459,898,032 95,140,222,108
상아프론테크 089980 현금및현금성자산 10,648,451,323 16,629,105,314
상아프론테크 089980 매출채권 및 기타유동채권
상아프론테크 089980 재고자산 14,752,283,058 13,823,290,696
상아프론테크 089980 기타유동금융자산 0 0
상아프론테크 089980 기타유동자산 4,198,606,448 3,483,995,658
상아프론테크 089980 매각예정비유동자산 0 0
상아프론테크 089980 비유동자산 99,437,111,857 97,413,472,019
상아프론테크 089980 장기금융상품 0 0
상아프론테크 089980 기타포괄손익-공정가치 0 0
상아프론테크 089980 당기손익인식공정가치측정금융자산 0 0
상아프론테크 089980 종속회사투자 0 0
상아프론테크 089980 관계회사투자 0 0
상아프론테크 089980 렌탈자산 0 0
상아프론테크 089980 유형자산 78,749,296,493 78,509,214,380
상아프론테크 089980 무형자산 687,996,253 696,239,213
상아프론테크 089980 기타비유동금융자산 0 0
상아프론테크 089980 기타비유동자산 0 0
상아프론테크 089980 사용권자산 0 0
상아프론테크 089980 이연법인세자산 0 0
상아프론테크 089980 자산총계 191,897,009,889 192,553,694,127
상아프론테크 089980 유동부채 54,386,492,521 54,835,299,054
상아프론테크 089980 단기매입채무 16,808,231,989 14,163,246,069
상아프론테크 089980 단기차입금 20,752,848,350 22,603,170,860
상아프론테크 089980 유동성장기차입금 5,798,000,000 8,440,315,600
상아프론테크 089980 유동성사채 0 0
상아프론테크 089980 기타유동금융부채 0 0
상아프론테크 089980 기타유동부채 3,051,609,112 647,427,835
상아프론테크 089980 당기법인세부채 1,827,764,140 1,272,645,997
상아프론테크 089980 유동리스부채 0 0
상아프론테크 089980 비유동부채 22,313,396,789 22,543,876,715
상아프론테크 089980 사채 0 0
상아프론테크 089980 장기차입금 20,000,000,000 20,000,000,000
상아프론테크 089980 기타비유동금융부채 0 0
상아프론테크 089980 이연법인세부채 1,884,796,182 1,884,796,182
상아프론테크 089980 비유동리스부채 0 0
상아프론테크 089980 부채총계 76,699,889,310 77,379,175,769
상아프론테크 089980 자본금 7,131,768,000 7,131,768,000
상아프론테크 089980 자본잉여금 28,698,650,679 28,698,650,679
상아프론테크 089980 자본조정 0 0
상아프론테크 089980 기타포괄손익누계액 0 0
상아프론테크 089980 이익잉여금(결손금) 0 0
상아프론테크 089980 자본총계 191,897,009,889 192,553,694,127
상아프론테크 089980 자본과부채총계 0 0
date : 2018-06-30
상아프론테크 089980 유동자산 88,825,521,257 95,140,222,108
상아프론테크 089980 현금및현금성자산 3,002,231,244 16,629,105,314
상아프론테크 089980 매출채권 39,407,903,822 34,937,343,547
상아프론테크 089980 재고자산 15,615,281,593 13,823,290,696
상아프론테크 089980 기타유동금융자산 0 0
상아프론테크 089980 기타유동자산 2,679,526,468 3,483,995,658
상아프론테크 089980 매각예정비유동자산 0 0
상아프론테크 089980 비유동자산 97,950,432,024 91,521,359,040
상아프론테크 089980 장기금융상품 0 0
상아프론테크 089980 기타포괄손익-공정가치 0 0
상아프론테크 089980 당기손익인식공정가치측정금융자산 0 0
상아프론테크 089980 종속회사투자 0 0
상아프론테크 089980 관계회사투자 0 0
상아프론테크 089980 렌탈자산 0 0
상아프론테크 089980 유형자산 79,584,270,037 78,509,214,380
상아프론테크 089980 무형자산 497,440,873 696,239,213
상아프론테크 089980 기타비유동금융자산 0 0
상아프론테크 089980 기타비유동자산 0 0
상아프론테크 089980 사용권자산 0 0
상아프론테크 089980 이연법인세자산 0 0
상아프론테크 089980 자산총계 186,775,953,281 186,661,581,148
상아프론테크 089980 유동부채 52,815,618,132 54,835,299,054
상아프론테크 089980 단기매입채무 11,389,157,549 14,163,246,069
상아프론테크 089980 단기차입금 33,184,846,830 22,603,170,860
상아프론테크 089980 유동성장기차입금 0 8,440,315,600
상아프론테크 089980 유동성사채 0 0
상아프론테크 089980 기타유동금융부채 0 0
상아프론테크 089980 기타유동부채 775,267,117 647,427,835
상아프론테크 089980 당기법인세부채 1,728,269,019 1,272,645,997
상아프론테크 089980 유동리스부채 0 0
상아프론테크 089980 비유동부채 22,175,924,406 22,388,543,356
상아프론테크 089980 사채 0 0
상아프론테크 089980 장기차입금 20,000,000,000 20,000,000,000
상아프론테크 089980 기타비유동금융부채 0 0
상아프론테크 089980 이연법인세부채 1,391,935,538 1,729,462,823
상아프론테크 089980 비유동리스부채 0 0
상아프론테크 089980 부채총계 74,991,542,538 77,223,842,410
상아프론테크 089980 자본금 7,131,768,000 7,131,768,000
상아프론테크 089980 자본잉여금 28,698,650,679 28,698,650,679
상아프론테크 089980 자본조정 0 0
상아프론테크 089980 기타포괄손익누계액 -305,482,784 -857,513,205
상아프론테크 089980 이익잉여금(결손금) 0 0
상아프론테크 089980 자본총계 186,775,953,281 186,661,581,148
상아프론테크 089980 자본과부채총계 0 0
date : 2018-09-30
상아프론테크 089980 유동자산 94,546,090,796 95,140,222,108
상아프론테크 089980 현금및현금성자산 4,322,674,857 16,629,105,314
상아프론테크 089980 매출채권 39,055,870,598 34,937,343,547
상아프론테크 089980 재고자산 15,592,778,914 13,823,290,696
상아프론테크 089980 기타유동금융자산 0 0
상아프론테크 089980 기타유동자산 2,737,784,750 3,483,995,658
상아프론테크 089980 매각예정비유동자산 0 0
상아프론테크 089980 비유동자산 101,668,051,712 91,521,359,040
상아프론테크 089980 장기금융상품 0 0
상아프론테크 089980 기타포괄손익-공정가치 0 0
상아프론테크 089980 당기손익인식공정가치측정금융자산 0 0
상아프론테크 089980 종속회사투자 0 0
상아프론테크 089980 관계회사투자 0 0
상아프론테크 089980 렌탈자산 0 0
상아프론테크 089980 유형자산 79,068,150,549 78,509,214,380
상아프론테크 089980 무형자산 821,274,596 696,239,213
상아프론테크 089980 기타비유동금융자산 0 0
상아프론테크 089980 기타비유동자산 0 0
상아프론테크 089980 사용권자산 0 0
상아프론테크 089980 이연법인세자산 0 0
상아프론테크 089980 자산총계 196,214,142,508 186,661,581,148
상아프론테크 089980 유동부채 58,749,487,385 54,835,299,054
상아프론테크 089980 단기매입채무 14,542,747,196 14,163,246,069
상아프론테크 089980 단기차입금 35,565,417,730 22,603,170,860
상아프론테크 089980 유동성장기차입금 0 8,440,315,600
상아프론테크 089980 유동성사채 0 0
상아프론테크 089980 기타유동금융부채 0 0
상아프론테크 089980 기타유동부채 1,027,860,312 647,427,835
상아프론테크 089980 당기법인세부채 1,728,269,019 1,272,645,997
상아프론테크 089980 유동리스부채 0 0
상아프론테크 089980 비유동부채 22,571,778,700 22,388,543,356
상아프론테크 089980 사채 0 0
상아프론테크 089980 장기차입금 20,000,000,000 20,000,000,000
상아프론테크 089980 기타비유동금융부채 0 0
상아프론테크 089980 이연법인세부채 1,461,566,167 1,729,462,823
상아프론테크 089980 비유동리스부채 0 0
상아프론테크 089980 부채총계 81,321,266,085 77,223,842,410
상아프론테크 089980 자본금 7,131,768,000 7,131,768,000
상아프론테크 089980 자본잉여금 28,698,650,679 28,698,650,679
상아프론테크 089980 자본조정 0 0
상아프론테크 089980 기타포괄손익누계액 -681,071,226 -857,513,205
상아프론테크 089980 이익잉여금(결손금) 0 0
상아프론테크 089980 자본총계 196,214,142,508 186,661,581,148
상아프론테크 089980 자본과부채총계 0 0
date : 2018-12-31
상아프론테크 089980 유동자산 95,213,210,044 95,140,222,108
상아프론테크 089980 현금및현금성자산 8,698,894,597 16,629,105,314
상아프론테크 089980 매출채권 36,791,230,188 34,937,343,547
상아프론테크 089980 재고자산 18,056,467,928 13,823,290,696
상아프론테크 089980 기타유동금융자산 0 0
상아프론테크 089980 기타유동자산 1,661,501,726 3,483,995,658
상아프론테크 089980 매각예정비유동자산 0 0
상아프론테크 089980 비유동자산 101,839,823,127 91,521,359,040
상아프론테크 089980 장기금융상품 0 0
상아프론테크 089980 기타포괄손익-공정가치 0 0
상아프론테크 089980 당기손익인식공정가치측정금융자산 0 0
상아프론테크 089980 종속회사투자 0 0
상아프론테크 089980 관계회사투자 0 0
상아프론테크 089980 렌탈자산 0 0
상아프론테크 089980 유형자산 78,453,495,283 78,509,214,380
상아프론테크 089980 무형자산 814,709,140 696,239,213
상아프론테크 089980 기타비유동금융자산 0 0
상아프론테크 089980 기타비유동자산 0 0
상아프론테크 089980 사용권자산 0 0
상아프론테크 089980 이연법인세자산 0 0
상아프론테크 089980 자산총계 197,053,033,171 186,661,581,148
상아프론테크 089980 유동부채 74,008,401,599 54,835,299,054
상아프론테크 089980 단기매입채무 8,957,638,387 14,163,246,069
상아프론테크 089980 단기차입금 34,637,075,190 22,603,170,860
상아프론테크 089980 유동성장기차입금 20,000,000,000 8,440,315,600
상아프론테크 089980 유동성사채 0 0
상아프론테크 089980 기타유동금융부채 0 0
상아프론테크 089980 기타유동부채 765,909,317 647,427,835
상아프론테크 089980 당기법인세부채 1,356,674,330 1,272,645,997
상아프론테크 089980 유동리스부채 0 0
상아프론테크 089980 비유동부채 3,871,763,365 22,388,543,356
상아프론테크 089980 사채 0 0
상아프론테크 089980 장기차입금 0 20,000,000,000
상아프론테크 089980 기타비유동금융부채 0 0
상아프론테크 089980 이연법인세부채 1,781,319,962 1,729,462,823
상아프론테크 089980 비유동리스부채 0 0
상아프론테크 089980 부채총계 77,880,164,964 77,223,842,410
상아프론테크 089980 자본금 7,131,768,000 7,131,768,000
상아프론테크 089980 자본잉여금 28,698,650,679 28,698,650,679
상아프론테크 089980 자본조정 0 0
상아프론테크 089980 기타포괄손익누계액 -670,153,290 -857,513,205
상아프론테크 089980 이익잉여금(결손금) 0 0
상아프론테크 089980 자본총계 197,053,033,171 186,661,581,148
상아프론테크 089980 자본과부채총계 0 0
date : 2019-03-31
상아프론테크 089980 유동자산 102,751,341,478 95,213,210,044
상아프론테크 089980 현금및현금성자산 8,446,831,910 8,698,894,597
상아프론테크 089980 매출채권 39,318,155,266 36,791,230,188
상아프론테크 089980 재고자산 18,801,706,141 18,056,467,928
상아프론테크 089980 기타유동금융자산 0 0
상아프론테크 089980 기타유동자산 4,487,815,276 1,661,501,726
상아프론테크 089980 매각예정비유동자산 0 0
상아프론테크 089980 비유동자산 107,949,236,281 101,839,823,127
상아프론테크 089980 장기금융상품 0 0
상아프론테크 089980 기타포괄손익-공정가치 0 0
상아프론테크 089980 당기손익인식공정가치측정금융자산 0 0
상아프론테크 089980 종속회사투자 0 0
상아프론테크 089980 관계회사투자 0 0
상아프론테크 089980 렌탈자산 0 0
상아프론테크 089980 유형자산 78,406,962,639 78,453,495,283
상아프론테크 089980 무형자산 813,940,690 814,709,140
상아프론테크 089980 기타비유동금융자산 3,835,229,729 2,065,050,998
상아프론테크 089980 기타비유동자산 0 0
상아프론테크 089980 사용권자산 0 0
상아프론테크 089980 이연법인세자산 0 0
상아프론테크 089980 자산총계 210,700,577,759 197,053,033,171
상아프론테크 089980 유동부채 77,166,079,020 74,008,401,599
상아프론테크 089980 단기매입채무 11,843,922,653 8,957,638,387
상아프론테크 089980 단기차입금 34,898,492,220 34,637,075,190
상아프론테크 089980 유동성장기차입금 13,600,000,000 20,000,000,000
상아프론테크 089980 유동성사채 0 0
상아프론테크 089980 기타유동금융부채 0 0
상아프론테크 089980 기타유동부채 5,825,619,636 765,909,317
상아프론테크 089980 당기법인세부채 1,789,275,434 1,356,674,330
상아프론테크 089980 유동리스부채 0 0
상아프론테크 089980 비유동부채 4,387,905,217 3,871,763,365
상아프론테크 089980 사채 0 0
상아프론테크 089980 장기차입금 0 0
상아프론테크 089980 기타비유동금융부채 0 0
상아프론테크 089980 이연법인세부채 1,839,231,850 1,781,319,962
상아프론테크 089980 비유동리스부채 0 0
상아프론테크 089980 부채총계 81,553,984,237 77,880,164,964
상아프론테크 089980 자본금 7,365,564,000 7,131,768,000
상아프론테크 089980 자본잉여금 34,857,087,503 28,698,650,679
상아프론테크 089980 자본조정 0 0
상아프론테크 089980 기타포괄손익누계액 -70,517,413 -670,153,290
상아프론테크 089980 이익잉여금(결손금) 0 0
상아프론테크 089980 자본총계 210,700,577,759 197,053,033,171
상아프론테크 089980 자본과부채총계 0 0
