date : 2015-12-31
아비스타 090370 유동자산 71,129,978,004 96,552,566,565
아비스타 090370 현금및현금성자산 4,987,403,322 3,403,594,859
아비스타 090370 매출채권 9,669,729,767 11,959,170,061
아비스타 090370 재고자산 45,546,804,538 64,042,613,242
아비스타 090370 기타유동금융자산 0 0
아비스타 090370 기타유동자산 4,373,516,562 4,831,564,136
아비스타 090370 매각예정비유동자산 0 0
아비스타 090370 비유동자산 31,807,064,872 36,910,579,222
아비스타 090370 장기금융상품 0 0
아비스타 090370 기타포괄손익-공정가치 0 0
아비스타 090370 당기손익인식공정가치측정금융자산 0 0
아비스타 090370 종속회사투자 0 0
아비스타 090370 관계회사투자 0 0
아비스타 090370 렌탈자산 0 0
아비스타 090370 유형자산 21,106,146,877 21,793,964,929
아비스타 090370 무형자산 480,855,180 871,617,187
아비스타 090370 기타비유동금융자산 0 0
아비스타 090370 기타비유동자산 132,517,510 183,798,897
아비스타 090370 사용권자산 0 0
아비스타 090370 이연법인세자산 3,222,709,288 3,992,644,924
아비스타 090370 자산총계 102,937,042,876 133,463,145,787
아비스타 090370 유동부채 73,812,543,509 54,185,419,531
아비스타 090370 단기매입채무 0 0
아비스타 090370 단기차입금 20,176,666,669 25,665,000,022
아비스타 090370 유동성장기차입금 0 0
아비스타 090370 유동성사채 25,506,511,938 11,721,213,830
아비스타 090370 기타유동금융부채 0 0
아비스타 090370 기타유동부채 1,593,010,506 1,736,091,828
아비스타 090370 당기법인세부채 0 0
아비스타 090370 유동리스부채 0 0
아비스타 090370 비유동부채 12,203,717,584 27,341,592,438
아비스타 090370 사채 6,874,888,566 24,667,133,571
아비스타 090370 장기차입금 0 0
아비스타 090370 기타비유동금융부채 0 0
아비스타 090370 이연법인세부채 246,678,960 24,667,133,571
아비스타 090370 비유동리스부채 0 0
아비스타 090370 부채총계 86,016,261,093 81,527,011,969
아비스타 090370 자본금 7,817,230,500 7,784,300,000
아비스타 090370 자본잉여금 56,297,963,499 55,156,608,104
아비스타 090370 자본조정 0 0
아비스타 090370 기타포괄손익누계액 0 0
아비스타 090370 이익잉여금(결손금) -47,194,412,216 -11,004,774,286
아비스타 090370 자본총계 16,920,781,783 51,936,133,818
아비스타 090370 자본과부채총계 102,937,042,876 133,463,145,787
date : 2016-03-31
아비스타 090370 유동자산 62,004,973,675 71,129,978,004
아비스타 090370 현금및현금성자산 1,371,564,875 4,987,403,322
아비스타 090370 매출채권 6,271,636,219 9,669,729,767
아비스타 090370 재고자산 44,120,647,936 45,546,804,538
아비스타 090370 기타유동금융자산 0 0
아비스타 090370 기타유동자산 3,981,949,800 4,373,516,562
아비스타 090370 매각예정비유동자산 0 0
아비스타 090370 비유동자산 31,936,663,319 31,807,064,872
아비스타 090370 장기금융상품 0 0
아비스타 090370 기타포괄손익-공정가치 0 0
아비스타 090370 당기손익인식공정가치측정금융자산 0 0
아비스타 090370 종속회사투자 0 0
아비스타 090370 관계회사투자 0 0
아비스타 090370 렌탈자산 0 0
아비스타 090370 유형자산 21,314,774,386 21,106,146,877
아비스타 090370 무형자산 473,872,690 480,855,180
아비스타 090370 기타비유동금융자산 0 0
아비스타 090370 기타비유동자산 120,506,461 132,517,510
아비스타 090370 사용권자산 0 0
아비스타 090370 이연법인세자산 3,222,709,288 480,855,180
아비스타 090370 자산총계 93,941,636,994 102,937,042,876
아비스타 090370 유동부채 70,047,203,951 73,812,543,509
아비스타 090370 단기매입채무 0 0
아비스타 090370 단기차입금 19,267,677,215 20,176,666,669
아비스타 090370 유동성장기차입금 0 0
아비스타 090370 유동성사채 25,723,385,975 25,506,511,938
아비스타 090370 기타유동금융부채 0 0
아비스타 090370 기타유동부채 1,424,896,711 1,593,010,506
아비스타 090370 당기법인세부채 0 0
아비스타 090370 유동리스부채 0 0
아비스타 090370 비유동부채 11,323,913,426 12,203,717,584
아비스타 090370 사채 5,885,277,801 6,874,888,566
아비스타 090370 장기차입금 0 0
아비스타 090370 기타비유동금융부채 0 0
아비스타 090370 이연법인세부채 246,678,960 246,678,960
아비스타 090370 비유동리스부채 0 0
아비스타 090370 부채총계 81,371,117,377 86,016,261,093
아비스타 090370 자본금 7,997,201,500 7,817,230,500
아비스타 090370 자본잉여금 57,386,374,592 56,297,963,499
아비스타 090370 자본조정 0 0
아비스타 090370 기타포괄손익누계액 0 0
아비스타 090370 이익잉여금(결손금) -52,813,056,475 -47,194,412,216
아비스타 090370 자본총계 12,570,519,617 16,920,781,783
아비스타 090370 자본과부채총계 93,941,636,994 102,937,042,876
date : 2016-06-30
아비스타 090370 유동자산 45,621,317,632 71,129,978,004
아비스타 090370 현금및현금성자산 101,760,456 4,987,403,322
아비스타 090370 매출채권 3,533,594,974 9,669,729,767
아비스타 090370 재고자산 32,645,407,599 45,546,804,538
아비스타 090370 기타유동금융자산 0 0
아비스타 090370 기타유동자산 2,491,527,304 4,373,516,562
아비스타 090370 매각예정비유동자산 0 0
아비스타 090370 비유동자산 32,029,666,736 31,807,064,872
아비스타 090370 장기금융상품 0 0
아비스타 090370 기타포괄손익-공정가치 0 0
아비스타 090370 당기손익인식공정가치측정금융자산 0 0
아비스타 090370 종속회사투자 0 0
아비스타 090370 관계회사투자 0 0
아비스타 090370 렌탈자산 0 0
아비스타 090370 유형자산 21,272,144,739 21,106,146,877
아비스타 090370 무형자산 450,373,522 480,855,180
아비스타 090370 기타비유동금융자산 0 0
아비스타 090370 기타비유동자산 111,047,339 132,517,510
아비스타 090370 사용권자산 0 0
아비스타 090370 이연법인세자산 3,222,709,288 480,855,180
아비스타 090370 자산총계 77,650,984,368 102,937,042,876
아비스타 090370 유동부채 73,812,886,928 73,812,543,509
아비스타 090370 단기매입채무 0 0
아비스타 090370 단기차입금 27,858,980,876 20,176,666,669
아비스타 090370 유동성장기차입금 0 0
아비스타 090370 유동성사채 27,856,490,842 25,506,511,938
아비스타 090370 기타유동금융부채 0 0
아비스타 090370 기타유동부채 148,203,956 1,593,010,506
아비스타 090370 당기법인세부채 0 0
아비스타 090370 유동리스부채 0 0
아비스타 090370 비유동부채 5,421,929,727 12,203,717,584
아비스타 090370 사채 3,126,866,014 6,874,888,566
아비스타 090370 장기차입금 0 0
아비스타 090370 기타비유동금융부채 0 0
아비스타 090370 이연법인세부채 246,678,960 246,678,960
아비스타 090370 비유동리스부채 0 0
아비스타 090370 부채총계 79,234,816,655 86,016,261,093
아비스타 090370 자본금 8,048,996,500 7,817,230,500
아비스타 090370 자본잉여금 57,490,387,109 56,297,963,499
아비스타 090370 자본조정 0 0
아비스타 090370 기타포괄손익누계액 0 0
아비스타 090370 이익잉여금(결손금) -67,123,215,896 -47,194,412,216
아비스타 090370 자본총계 -1,583,832,287 16,920,781,783
아비스타 090370 자본과부채총계 77,650,984,368 102,937,042,876
date : 2016-09-30
아비스타 090370 유동자산 41,426,946,830 71,129,978,004
아비스타 090370 현금및현금성자산 148,161,159 4,987,403,322
아비스타 090370 매출채권 4,340,305,330 9,669,729,767
아비스타 090370 재고자산 29,206,914,883 45,546,804,538
아비스타 090370 기타유동금융자산 0 0
아비스타 090370 기타유동자산 1,964,059,998 4,373,516,562
아비스타 090370 매각예정비유동자산 0 0
아비스타 090370 비유동자산 31,513,906,589 31,807,064,872
아비스타 090370 장기금융상품 0 0
아비스타 090370 기타포괄손익-공정가치 0 0
아비스타 090370 당기손익인식공정가치측정금융자산 0 0
아비스타 090370 종속회사투자 0 0
아비스타 090370 관계회사투자 0 0
아비스타 090370 렌탈자산 0 0
아비스타 090370 유형자산 20,865,836,300 21,106,146,877
아비스타 090370 무형자산 349,020,613 480,855,180
아비스타 090370 기타비유동금융자산 0 0
아비스타 090370 기타비유동자산 98,565,028 132,517,510
아비스타 090370 사용권자산 0 0
아비스타 090370 이연법인세자산 0 3,222,709,288
아비스타 090370 자산총계 72,940,853,419 102,937,042,876
아비스타 090370 유동부채 67,061,387,744 73,812,543,509
아비스타 090370 단기매입채무 0 0
아비스타 090370 단기차입금 27,590,000,000 20,176,666,669
아비스타 090370 유동성장기차입금 0 0
아비스타 090370 유동성사채 22,711,964,448 25,506,511,938
아비스타 090370 기타유동금융부채 0 0
아비스타 090370 기타유동부채 733,565,596 1,593,010,506
아비스타 090370 당기법인세부채 0 0
아비스타 090370 유동리스부채 0 0
아비스타 090370 비유동부채 5,426,552,156 12,203,717,584
아비스타 090370 사채 3,127,298,288 6,874,888,566
아비스타 090370 장기차입금 0 0
아비스타 090370 기타비유동금융부채 0 0
아비스타 090370 이연법인세부채 210,967,061 246,678,960
아비스타 090370 비유동리스부채 0 0
아비스타 090370 부채총계 72,487,939,900 86,016,261,093
아비스타 090370 자본금 9,253,361,000 7,817,230,500
아비스타 090370 자본잉여금 63,219,583,261 56,297,963,499
아비스타 090370 자본조정 0 0
아비스타 090370 기타포괄손익누계액 0 0
아비스타 090370 이익잉여금(결손금) -72,020,030,742 -47,194,412,216
아비스타 090370 자본총계 452,913,519 16,920,781,783
아비스타 090370 자본과부채총계 72,940,853,419 102,937,042,876
date : 2016-12-31
아비스타 090370 유동자산 41,034,741,994 71,129,978,004
아비스타 090370 현금및현금성자산 13,262,643,606 4,987,403,322
아비스타 090370 매출채권 5,210,864,598 9,669,729,767
아비스타 090370 재고자산 17,012,467,188 45,546,804,538
아비스타 090370 기타유동금융자산 0 0
아비스타 090370 기타유동자산 1,692,200,273 4,328,672,262
아비스타 090370 매각예정비유동자산 0 0
아비스타 090370 비유동자산 28,535,405,058 31,807,064,872
아비스타 090370 장기금융상품 0 0
아비스타 090370 기타포괄손익-공정가치 0 0
아비스타 090370 당기손익인식공정가치측정금융자산 0 0
아비스타 090370 종속회사투자 0 0
아비스타 090370 관계회사투자 0 0
아비스타 090370 렌탈자산 0 0
아비스타 090370 유형자산 19,653,019,351 21,106,146,877
아비스타 090370 무형자산 339,666,598 480,855,180
아비스타 090370 기타비유동금융자산 0 0
아비스타 090370 기타비유동자산 147,963,504 132,517,510
아비스타 090370 사용권자산 0 0
아비스타 090370 이연법인세자산 0 0
아비스타 090370 자산총계 69,570,147,052 102,937,042,876
아비스타 090370 유동부채 44,104,604,544 73,812,543,509
아비스타 090370 단기매입채무 0 0
아비스타 090370 단기차입금 8,060,000,000 20,176,666,669
아비스타 090370 유동성장기차입금 0 0
아비스타 090370 유동성사채 15,797,363,288 25,506,511,938
아비스타 090370 기타유동금융부채 0 0
아비스타 090370 기타유동부채 792,707,687 1,593,010,506
아비스타 090370 당기법인세부채 0 0
아비스타 090370 유동리스부채 0 0
아비스타 090370 비유동부채 5,011,417,480 12,203,717,584
아비스타 090370 사채 3,127,730,562 6,874,888,566
아비스타 090370 장기차입금 0 0
아비스타 090370 기타비유동금융부채 0 0
아비스타 090370 이연법인세부채 210,967,061 246,678,960
아비스타 090370 비유동리스부채 0 0
아비스타 090370 부채총계 49,116,022,024 86,016,261,093
아비스타 090370 자본금 30,721,667,000 7,817,230,500
아비스타 090370 자본잉여금 76,688,374,550 56,297,963,499
아비스타 090370 자본조정 0 0
아비스타 090370 기타포괄손익누계액 0 0
아비스타 090370 이익잉여금(결손금) -86,955,916,522 -47,194,412,216
아비스타 090370 자본총계 20,454,125,028 16,920,781,783
아비스타 090370 자본과부채총계 69,570,147,052 102,937,042,876
date : 2017-03-31
아비스타 090370 유동자산 29,206,635,180 41,034,741,994
아비스타 090370 현금및현금성자산 8,963,542,653 13,262,643,606
아비스타 090370 매출채권 2,607,649,101 5,210,864,598
아비스타 090370 재고자산 12,823,424,976 17,012,467,188
아비스타 090370 기타유동금융자산 0 0
아비스타 090370 기타유동자산 1,263,621,488 1,692,200,273
아비스타 090370 매각예정비유동자산 0 0
아비스타 090370 비유동자산 27,612,372,160 28,535,405,058
아비스타 090370 장기금융상품 0 0
아비스타 090370 기타포괄손익-공정가치 0 0
아비스타 090370 당기손익인식공정가치측정금융자산 0 0
아비스타 090370 종속회사투자 0 0
아비스타 090370 관계회사투자 0 0
아비스타 090370 렌탈자산 0 0
아비스타 090370 유형자산 18,753,394,870 19,653,019,351
아비스타 090370 무형자산 316,474,734 339,666,598
아비스타 090370 기타비유동금융자산 0 0
아비스타 090370 기타비유동자산 141,367,619 147,963,504
아비스타 090370 사용권자산 0 0
아비스타 090370 이연법인세자산 0 0
아비스타 090370 자산총계 56,819,007,340 69,570,147,052
아비스타 090370 유동부채 41,307,441,068 44,104,604,544
아비스타 090370 단기매입채무 0 0
아비스타 090370 단기차입금 7,660,000,000 8,060,000,000
아비스타 090370 유동성장기차입금 0 0
아비스타 090370 유동성사채 16,422,615,369 15,797,363,288
아비스타 090370 기타유동금융부채 0 0
아비스타 090370 기타유동부채 205,693,300 792,707,687
아비스타 090370 당기법인세부채 0 0
아비스타 090370 유동리스부채 0 0
아비스타 090370 비유동부채 1,230,992,895 5,011,417,480
아비스타 090370 사채 0 3,127,730,562
아비스타 090370 장기차입금 0 0
아비스타 090370 기타비유동금융부채 0 0
아비스타 090370 이연법인세부채 210,967,061 210,967,061
아비스타 090370 비유동리스부채 0 0
아비스타 090370 부채총계 42,538,433,963 49,116,022,024
아비스타 090370 자본금 30,721,667,000 30,721,667,000
아비스타 090370 자본잉여금 76,688,374,550 76,688,374,550
아비스타 090370 자본조정 0 0
아비스타 090370 기타포괄손익누계액 0 0
아비스타 090370 이익잉여금(결손금) -93,129,468,173 -86,955,916,522
아비스타 090370 자본총계 14,280,573,377 20,454,125,028
아비스타 090370 자본과부채총계 56,819,007,340 69,570,147,052
date : 2017-06-30
아비스타 090370 유동자산 15,238,437,947 41,034,741,994
아비스타 090370 현금및현금성자산 1,203,610,860 13,262,643,606
아비스타 090370 매출채권 1,324,139,319 5,210,864,598
아비스타 090370 재고자산 10,444,815,772 17,012,467,188
아비스타 090370 기타유동금융자산 0 0
아비스타 090370 기타유동자산 1,051,925,504 1,692,200,273
아비스타 090370 매각예정비유동자산 0 0
아비스타 090370 비유동자산 27,270,327,097 28,535,405,058
아비스타 090370 장기금융상품 0 0
아비스타 090370 기타포괄손익-공정가치 0 0
아비스타 090370 당기손익인식공정가치측정금융자산 0 0
아비스타 090370 종속회사투자 0 0
아비스타 090370 관계회사투자 0 0
아비스타 090370 렌탈자산 0 0
아비스타 090370 유형자산 18,559,126,504 19,653,019,351
아비스타 090370 무형자산 312,453,993 339,666,598
아비스타 090370 기타비유동금융자산 0 0
아비스타 090370 기타비유동자산 135,126,886 147,963,504
아비스타 090370 사용권자산 0 0
아비스타 090370 이연법인세자산 0 0
아비스타 090370 자산총계 42,508,765,044 69,570,147,052
아비스타 090370 유동부채 30,172,639,562 44,104,604,544
아비스타 090370 단기매입채무 0 0
아비스타 090370 단기차입금 10,260,000,000 8,060,000,000
아비스타 090370 유동성장기차입금 0 0
아비스타 090370 유동성사채 9,584,529,856 15,797,363,288
아비스타 090370 기타유동금융부채 0 0
아비스타 090370 기타유동부채 154,887,431 792,707,687
아비스타 090370 당기법인세부채 0 0
아비스타 090370 유동리스부채 0 0
아비스타 090370 비유동부채 1,129,872,613 5,011,417,480
아비스타 090370 사채 0 3,127,730,562
아비스타 090370 장기차입금 0 0
아비스타 090370 기타비유동금융부채 0 0
아비스타 090370 이연법인세부채 210,967,061 210,967,061
아비스타 090370 비유동리스부채 0 0
아비스타 090370 부채총계 31,302,512,175 49,116,022,024
아비스타 090370 자본금 34,772,324,000 30,721,667,000
아비스타 090370 자본잉여금 77,605,083,267 76,688,374,550
아비스타 090370 자본조정 0 0
아비스타 090370 기타포괄손익누계액 0 0
아비스타 090370 이익잉여금(결손금) -101,171,154,398 -86,955,916,522
아비스타 090370 자본총계 11,206,252,869 20,454,125,028
아비스타 090370 자본과부채총계 42,508,765,044 69,570,147,052
date : 2017-09-30
아비스타 090370 유동자산 14,028,757,810 41,034,741,994
아비스타 090370 현금및현금성자산 1,805,330,737 13,262,643,606
아비스타 090370 매출채권 1,446,614,446 5,210,864,598
아비스타 090370 재고자산 8,767,358,115 17,012,467,188
아비스타 090370 기타유동금융자산 0 0
아비스타 090370 기타유동자산 1,575,557,615 1,692,200,273
아비스타 090370 매각예정비유동자산 0 0
아비스타 090370 비유동자산 27,005,216,013 28,535,405,058
아비스타 090370 장기금융상품 8,000,000 8,000,000
아비스타 090370 기타포괄손익-공정가치 0 0
아비스타 090370 당기손익인식공정가치측정금융자산 0 0
아비스타 090370 종속회사투자 0 0
아비스타 090370 관계회사투자 0 0
아비스타 090370 렌탈자산 0 0
아비스타 090370 유형자산 18,401,380,217 19,653,019,351
아비스타 090370 무형자산 205,270,795 339,666,598
아비스타 090370 기타비유동금융자산 0 0
아비스타 090370 기타비유동자산 128,567,342 147,963,504
아비스타 090370 사용권자산 0 0
아비스타 090370 이연법인세자산 0 0
아비스타 090370 자산총계 41,033,973,823 69,570,147,052
아비스타 090370 유동부채 33,692,727,604 44,104,604,544
아비스타 090370 단기매입채무 0 0
아비스타 090370 단기차입금 12,678,000,000 8,060,000,000
아비스타 090370 유동성장기차입금 0 0
아비스타 090370 유동성사채 9,944,853,699 15,797,363,288
아비스타 090370 기타유동금융부채 0 0
아비스타 090370 기타유동부채 183,539,680 792,707,687
아비스타 090370 당기법인세부채 0 0
아비스타 090370 유동리스부채 0 0
아비스타 090370 비유동부채 1,097,158,294 5,011,417,480
아비스타 090370 사채 0 3,127,730,562
아비스타 090370 장기차입금 0 0
아비스타 090370 기타비유동금융부채 0 0
아비스타 090370 이연법인세부채 210,967,061 210,967,061
아비스타 090370 비유동리스부채 0 0
아비스타 090370 부채총계 34,789,885,898 49,116,022,024
아비스타 090370 자본금 6,954,464,500 30,721,667,000
아비스타 090370 자본잉여금 105,412,601,967 76,688,374,550
아비스타 090370 자본조정 2,556,494 0
아비스타 090370 기타포괄손익누계액 0 0
아비스타 090370 이익잉여금(결손금) -106,125,535,036 -86,955,916,522
아비스타 090370 자본총계 6,244,087,925 20,454,125,028
아비스타 090370 자본과부채총계 41,033,973,823 69,570,147,052
date : 2017-12-31
아비스타 090370 유동자산 25,071,710,800 41,034,741,994
아비스타 090370 현금및현금성자산 9,534,747,320 13,262,643,606
아비스타 090370 매출채권 2,865,722,939 5,210,864,598
아비스타 090370 재고자산 8,038,866,555 17,012,467,188
아비스타 090370 기타유동금융자산 0 0
아비스타 090370 기타유동자산 1,071,851,942 1,692,200,273
아비스타 090370 매각예정비유동자산 0 0
아비스타 090370 비유동자산 21,420,296,285 28,535,405,058
아비스타 090370 장기금융상품 8,000,000 8,000,000
아비스타 090370 기타포괄손익-공정가치 0 0
아비스타 090370 당기손익인식공정가치측정금융자산 0 0
아비스타 090370 종속회사투자 0 0
아비스타 090370 관계회사투자 0 0
아비스타 090370 렌탈자산 0 0
아비스타 090370 유형자산 13,824,213,606 19,653,019,351
아비스타 090370 무형자산 33,972,891 339,666,598
아비스타 090370 기타비유동금융자산 0 0
아비스타 090370 기타비유동자산 122,007,798 147,963,504
아비스타 090370 사용권자산 0 0
아비스타 090370 이연법인세자산 0 0
아비스타 090370 자산총계 46,492,007,085 69,570,147,052
아비스타 090370 유동부채 14,583,734,826 44,104,604,544
아비스타 090370 단기매입채무 0 0
아비스타 090370 단기차입금 6,108,000,000 8,060,000,000
아비스타 090370 유동성장기차입금 0 0
아비스타 090370 유동성사채 44,801,098 15,797,363,288
아비스타 090370 기타유동금융부채 0 0
아비스타 090370 기타유동부채 276,344,216 792,707,687
아비스타 090370 당기법인세부채 0 0
아비스타 090370 유동리스부채 0 0
아비스타 090370 비유동부채 1,339,982,797 5,011,417,480
아비스타 090370 사채 0 3,127,730,562
아비스타 090370 장기차입금 0 0
아비스타 090370 기타비유동금융부채 0 0
아비스타 090370 이연법인세부채 214,971,220 210,967,061
아비스타 090370 비유동리스부채 0 0
아비스타 090370 부채총계 15,923,717,623 49,116,022,024
아비스타 090370 자본금 15,110,923,000 30,721,667,000
아비스타 090370 자본잉여금 137,180,981,950 76,688,374,550
아비스타 090370 자본조정 6,597,981 0
아비스타 090370 기타포괄손익누계액 0 0
아비스타 090370 이익잉여금(결손금) -121,730,213,469 -86,955,916,522
아비스타 090370 자본총계 30,568,289,462 20,454,125,028
아비스타 090370 자본과부채총계 46,492,007,085 69,570,147,052
date : 2018-03-31
메타랩스 090370 유동자산 20,452,384,184 25,071,710,800
메타랩스 090370 현금및현금성자산 8,936,933,343 9,534,747,320
메타랩스 090370 매출채권 1,267,673,131 2,865,722,939
메타랩스 090370 재고자산 3,590,297,276 8,038,866,555
메타랩스 090370 기타유동금융자산 0 0
메타랩스 090370 기타유동자산 1,219,158,134 1,071,851,942
메타랩스 090370 매각예정비유동자산 0 0
메타랩스 090370 비유동자산 47,831,105,707 21,420,296,285
메타랩스 090370 장기금융상품 8,000,000 8,000,000
메타랩스 090370 기타포괄손익-공정가치 0 0
메타랩스 090370 당기손익인식공정가치측정금융자산 0 0
메타랩스 090370 종속회사투자 0 0
메타랩스 090370 관계회사투자 0 0
메타랩스 090370 렌탈자산 0 0
메타랩스 090370 유형자산 13,583,898,797 13,824,213,606
메타랩스 090370 무형자산 48,658,005 33,972,891
메타랩스 090370 기타비유동금융자산 0 0
메타랩스 090370 기타비유동자산 115,590,853 122,007,798
메타랩스 090370 사용권자산 0 0
메타랩스 090370 이연법인세자산 0 0
메타랩스 090370 자산총계 68,283,489,891 46,492,007,085
메타랩스 090370 유동부채 23,565,666,736 14,583,734,826
메타랩스 090370 단기매입채무 0 0
메타랩스 090370 단기차입금 6,108,000,000 6,108,000,000
메타랩스 090370 유동성장기차입금 0 0
메타랩스 090370 유동성사채 46,782,472 44,801,098
메타랩스 090370 기타유동금융부채 0 0
메타랩스 090370 기타유동부채 197,599,091 276,344,216
메타랩스 090370 당기법인세부채 0 0
메타랩스 090370 유동리스부채 0 0
메타랩스 090370 비유동부채 1,062,586,463 1,339,982,797
메타랩스 090370 사채 0 0
메타랩스 090370 장기차입금 0 0
메타랩스 090370 기타비유동금융부채 0 0
메타랩스 090370 이연법인세부채 214,971,220 214,971,220
메타랩스 090370 비유동리스부채 0 0
메타랩스 090370 부채총계 24,628,253,199 15,923,717,623
메타랩스 090370 자본금 18,048,815,500 15,110,923,000
메타랩스 090370 자본잉여금 125,555,937,150 137,180,981,950
메타랩스 090370 자본조정 16,323,885 6,597,981
메타랩스 090370 기타포괄손익누계액 0 0
메타랩스 090370 이익잉여금(결손금) -99,965,839,843 -121,730,213,469
메타랩스 090370 자본총계 43,655,236,692 30,568,289,462
메타랩스 090370 자본과부채총계 68,283,489,891 46,492,007,085
date : 2018-06-30
메타랩스 090370 유동자산 7,245,431,536 25,071,710,800
메타랩스 090370 현금및현금성자산 3,561,781,731 9,534,747,320
메타랩스 090370 매출채권 1,516,945,313 2,865,722,939
메타랩스 090370 재고자산 357,727,762 8,038,866,555
메타랩스 090370 기타유동금융자산 426,545,915 398,184,364
메타랩스 090370 기타유동자산 1,243,880,422 1,071,851,942
메타랩스 090370 매각예정비유동자산 0 0
메타랩스 090370 비유동자산 84,774,845,680 21,420,296,285
메타랩스 090370 장기금융상품 3,000,000 8,000,000
메타랩스 090370 기타포괄손익-공정가치 측정 금융자산
메타랩스 090370 당기손익인식공정가치측정금융자산 0 0
메타랩스 090370 종속회사투자 0 0
메타랩스 090370 관계회사투자 0 0
메타랩스 090370 렌탈자산 0 0
메타랩스 090370 유형자산 13,525,209,176 13,824,213,606
메타랩스 090370 무형자산 2,758,123,320 33,972,891
메타랩스 090370 기타비유동금융자산 2,107,838,213 1,921,249,653
메타랩스 090370 기타비유동자산 127,044,652 122,007,798
메타랩스 090370 사용권자산 0 0
메타랩스 090370 이연법인세자산 0 0
메타랩스 090370 자산총계 92,020,277,216 46,492,007,085
메타랩스 090370 유동부채 26,250,548,022 14,583,734,826
메타랩스 090370 단기매입채무 604,272,826 5,930,416,659
메타랩스 090370 단기차입금 6,108,000,000 6,108,000,000
메타랩스 090370 유동성장기차입금 0 0
메타랩스 090370 유동성사채 0 0
메타랩스 090370 기타유동금융부채 1,110,216,819 2,209,258,864
메타랩스 090370 기타유동부채 283,013,508 276,344,216
메타랩스 090370 당기법인세부채 0 276,344,216
메타랩스 090370 유동리스부채 0 0
메타랩스 090370 비유동부채 1,120,046,447 1,339,982,797
메타랩스 090370 사채 0 0
메타랩스 090370 장기차입금 0 0
메타랩스 090370 기타비유동금융부채 530,000,000 340,000,000
메타랩스 090370 이연법인세부채 214,971,220 214,971,220
메타랩스 090370 비유동리스부채 0 0
메타랩스 090370 부채총계 27,370,594,469 15,923,717,623
메타랩스 090370 자본금 22,274,896,000 15,110,923,000
메타랩스 090370 자본잉여금 152,624,294,580 137,180,981,950
메타랩스 090370 자본조정 209,909,755 6,597,981
메타랩스 090370 기타포괄손익누계액 0 0
메타랩스 090370 이익잉여금(결손금) -110,459,417,588 -121,730,213,469
메타랩스 090370 자본총계 64,649,682,747 30,568,289,462
메타랩스 090370 자본과부채총계 92,020,277,216 46,492,007,085
date : 2018-09-30
메타랩스 090370 유동자산 33,456,480,250 25,071,710,800
메타랩스 090370 현금및현금성자산 4,944,245,395 9,534,747,320
메타랩스 090370 매출채권 2,062,603,424 2,865,722,939
메타랩스 090370 재고자산 1,048,063,782 8,038,866,555
메타랩스 090370 기타유동금융자산 3,353,461,952 398,184,364
메타랩스 090370 기타유동자산 491,816,436 1,071,851,942
메타랩스 090370 매각예정비유동자산 0 0
메타랩스 090370 비유동자산 64,031,786,546 21,420,296,285
메타랩스 090370 장기금융상품 3,000,000 8,000,000
메타랩스 090370 기타포괄손익-공정가치 측정 금융자산
메타랩스 090370 당기손익인식공정가치측정금융자산 0 0
메타랩스 090370 종속회사투자 0 0
메타랩스 090370 관계회사투자 0 0
메타랩스 090370 렌탈자산 0 0
메타랩스 090370 유형자산 1,095,844,782 13,824,213,606
메타랩스 090370 무형자산 1,765,979,771 33,972,891
메타랩스 090370 기타비유동금융자산 2,230,195,765 1,921,249,653
메타랩스 090370 기타비유동자산 119,632,174 122,007,798
메타랩스 090370 사용권자산 0 0
메타랩스 090370 이연법인세자산 0 0
메타랩스 090370 자산총계 97,488,266,796 46,492,007,085
메타랩스 090370 유동부채 33,543,306,386 14,583,734,826
메타랩스 090370 단기매입채무 0 5,930,416,659
메타랩스 090370 단기차입금 6,422,400,000 6,108,000,000
메타랩스 090370 유동성장기차입금 0 0
메타랩스 090370 유동성사채 0 0
메타랩스 090370 기타유동금융부채 1,770,850,429 2,209,258,864
메타랩스 090370 기타유동부채 1,442,171,215 276,344,216
메타랩스 090370 당기법인세부채 12,049,114 276,344,216
메타랩스 090370 유동리스부채 0 0
메타랩스 090370 비유동부채 1,055,536,121 1,339,982,797
메타랩스 090370 사채 0 0
메타랩스 090370 장기차입금 0 0
메타랩스 090370 기타비유동금융부채 330,000,000 340,000,000
메타랩스 090370 이연법인세부채 218,852,956 214,971,220
메타랩스 090370 비유동리스부채 0 0
메타랩스 090370 부채총계 34,598,842,507 15,923,717,623
메타랩스 090370 자본금 22,274,896,000 15,110,923,000
메타랩스 090370 자본잉여금 152,623,516,340 137,180,981,950
메타랩스 090370 자본조정 445,775,935 6,597,981
메타랩스 090370 기타포괄손익누계액 0 0
메타랩스 090370 이익잉여금(결손금) -112,454,763,986 -121,730,213,469
메타랩스 090370 자본총계 62,889,424,289 30,568,289,462
메타랩스 090370 자본과부채총계 97,488,266,796 46,492,007,085
date : 2018-12-31
메타랩스 090370 유동자산 26,774,402,279 25,071,710,800
메타랩스 090370 현금및현금성자산 14,012,810,958 9,534,747,320
메타랩스 090370 매출채권 1,675,341,887 2,865,722,939
메타랩스 090370 재고자산 1,461,090,447 8,038,866,555
메타랩스 090370 기타유동금융자산 768,269,026 398,184,364
메타랩스 090370 기타유동자산 398,834,649 1,071,851,942
메타랩스 090370 매각예정비유동자산 0 0
메타랩스 090370 비유동자산 67,574,337,194 21,420,296,285
메타랩스 090370 장기금융상품 3,000,000 8,000,000
메타랩스 090370 기타포괄손익-공정가치 측정 금융자산
메타랩스 090370 당기손익인식공정가치측정금융자산 0 0
메타랩스 090370 종속회사투자 0 0
메타랩스 090370 관계회사투자 0 0
메타랩스 090370 렌탈자산 0 0
메타랩스 090370 유형자산 1,118,335,659 13,824,213,606
메타랩스 090370 무형자산 2,098,965,376 33,972,891
메타랩스 090370 기타비유동금융자산 2,326,818,703 1,921,249,653
메타랩스 090370 기타비유동자산 112,219,696 122,007,798
메타랩스 090370 사용권자산 0 0
메타랩스 090370 이연법인세자산 0 0
메타랩스 090370 자산총계 94,348,739,473 46,492,007,085
메타랩스 090370 유동부채 24,605,922,485 14,583,734,826
메타랩스 090370 단기매입채무 142,459,761 5,930,416,659
메타랩스 090370 단기차입금 0 6,108,000,000
메타랩스 090370 유동성장기차입금 0 0
메타랩스 090370 유동성사채 0 0
메타랩스 090370 기타유동금융부채 770,395,826 2,209,258,864
메타랩스 090370 기타유동부채 548,103,225 276,344,216
메타랩스 090370 당기법인세부채 0 0
메타랩스 090370 유동리스부채 0 0
메타랩스 090370 비유동부채 473,221,825 1,339,982,797
메타랩스 090370 사채 0 0
메타랩스 090370 장기차입금 0 0
메타랩스 090370 기타비유동금융부채 330,000,000 340,000,000
메타랩스 090370 이연법인세부채 0 214,971,220
메타랩스 090370 비유동리스부채 0 0
메타랩스 090370 부채총계 25,079,144,310 15,923,717,623
메타랩스 090370 자본금 22,274,896,000 15,110,923,000
메타랩스 090370 자본잉여금 152,623,516,340 137,180,981,950
메타랩스 090370 자본조정 0 0
메타랩스 090370 기타포괄손익누계액 -402,136,294 0
메타랩스 090370 이익잉여금(결손금) -105,742,598,131 -121,730,213,469
메타랩스 090370 자본총계 69,269,595,163 30,568,289,462
메타랩스 090370 자본과부채총계 94,348,739,473 46,492,007,085
date : 2019-03-31
메타랩스 090370 유동자산 28,019,969,605 26,774,402,279
메타랩스 090370 현금및현금성자산 9,642,432,929 14,012,810,958
메타랩스 090370 매출채권 2,952,573,911 1,675,341,887
메타랩스 090370 재고자산 2,612,719,408 1,461,090,447
메타랩스 090370 기타유동금융자산 4,260,308,564 768,269,026
메타랩스 090370 기타유동자산 239,157,266 398,834,649
메타랩스 090370 매각예정비유동자산 0 0
메타랩스 090370 비유동자산 79,613,437,606 67,574,337,194
메타랩스 090370 장기금융상품 3,000,000 3,000,000
메타랩스 090370 기타포괄손익-공정가치 측정 금융자산
메타랩스 090370 당기손익인식공정가치측정금융자산 0 0
메타랩스 090370 종속회사투자 0 0
메타랩스 090370 관계회사투자 0 0
메타랩스 090370 렌탈자산 0 0
메타랩스 090370 유형자산 1,746,078,660 1,118,335,659
메타랩스 090370 무형자산 17,524,306,158 2,098,965,376
메타랩스 090370 기타비유동금융자산 2,362,729,916 2,326,818,703
메타랩스 090370 기타비유동자산 5,601,322 112,219,696
메타랩스 090370 사용권자산 7,811,473,790 0
메타랩스 090370 이연법인세자산 0 0
메타랩스 090370 자산총계 107,633,407,211 94,348,739,473
메타랩스 090370 유동부채 33,312,606,608 24,605,922,485
메타랩스 090370 단기매입채무 73,598,923 142,459,761
메타랩스 090370 단기차입금 0 0
메타랩스 090370 유동성장기차입금 0 0
메타랩스 090370 유동성사채 0 0
메타랩스 090370 기타유동금융부채 1,424,651,260 770,395,826
메타랩스 090370 기타유동부채 234,665,516 548,103,225
메타랩스 090370 당기법인세부채 0 0
메타랩스 090370 유동리스부채 7,839,054,119 0
메타랩스 090370 비유동부채 5,646,592,940 473,221,825
메타랩스 090370 사채 0 0
메타랩스 090370 장기차입금 0 0
메타랩스 090370 기타비유동금융부채 230,000,000 330,000,000
메타랩스 090370 이연법인세부채 307,108,848 0
메타랩스 090370 비유동리스부채 0 0
메타랩스 090370 부채총계 38,959,199,548 25,079,144,310
메타랩스 090370 자본금 22,274,896,000 22,274,896,000
메타랩스 090370 자본잉여금 46,294,425,659 152,623,516,340
메타랩스 090370 자본조정 0 0
메타랩스 090370 기타포괄손익누계액 -402,136,294 -402,136,294
메타랩스 090370 이익잉여금(결손금) -863,406,189 -105,742,598,131
메타랩스 090370 자본총계 68,674,207,663 69,269,595,163
메타랩스 090370 자본과부채총계 107,633,407,211 94,348,739,473
