date : 2019-03-31
덕신하우징 090410 유동자산 61,006,223,557 60,621,667,087
덕신하우징 090410 현금및현금성자산 4,253,857,061 8,862,845,010
덕신하우징 090410 매출채권 및 기타유동채권
덕신하우징 090410 매출채권 28,418,670,962 27,254,211,521
덕신하우징 090410 재고자산 17,498,348,269 14,389,474,644
덕신하우징 090410 기타유동금융자산 10,092,129,566 10,011,151,643
덕신하우징 090410 비유동자산 55,628,560,005 54,767,967,799
덕신하우징 090410 장기금융상품 201,442,568 201,442,568
덕신하우징 090410 유형자산 42,888,373,260 41,860,731,269
덕신하우징 090410 무형자산 2,804,647,717 2,988,179,141
덕신하우징 090410 기타비유동금융자산 828,866,150 823,816,150
덕신하우징 090410 이연법인세자산 842,587,070 805,812,547
덕신하우징 090410 자산총계 116,634,783,562 115,389,634,886
덕신하우징 090410 유동부채 34,390,827,708 33,962,692,305
덕신하우징 090410 단기매입채무 7,270,337,574 5,349,349,938
덕신하우징 090410 단기차입금 17,381,940,685 19,115,317,026
덕신하우징 090410 당기법인세부채 209,930,448 290,014,324
덕신하우징 090410 비유동부채 11,800,197,578 11,352,378,544
덕신하우징 090410 기타비유동금융부채 223,000,000 223,000,000
덕신하우징 090410 부채총계 46,191,025,286 45,315,070,849
덕신하우징 090410 자본금 4,006,000,000 4,006,000,000
덕신하우징 090410 자본잉여금 25,724,260,000 25,724,260,000
덕신하우징 090410 기타포괄손익누계액 -2,016,950,265 -2,006,773,382
덕신하우징 090410 이익잉여금(결손금) 52,734,899,939 52,355,528,817
덕신하우징 090410 자본총계 70,443,758,276 70,074,564,037
덕신하우징 090410 자본과부채총계 116,634,783,562 115,389,634,886
