date : 2019-03-31
이엠텍 091120 유동자산 102,086,410,810 119,755,065,995
이엠텍 091120 현금및현금성자산 1,603,715,436 14,053,657,169
이엠텍 091120 기타유동자산 811,809,741 932,885,347
이엠텍 091120 재고자산 10,780,826,931 15,710,222,290
이엠텍 091120 비유동자산 154,411,860,024 131,687,703,814
이엠텍 091120 유형자산 33,316,277,772 32,759,718,424
이엠텍 091120 사용권자산 74,254,000 0
이엠텍 091120 무형자산 6,512,481,051 6,780,498,145
이엠텍 091120 자산총계 256,498,270,834 251,442,769,809
이엠텍 091120 유동부채 62,192,898,082 62,403,668,188
이엠텍 091120 기타유동부채 312,000 140,000
이엠텍 091120 당기법인세부채 1,722,049,607 3,079,728,297
이엠텍 091120 비유동부채 3,659,394,381 2,687,456,043
이엠텍 091120 기타비유동금융부채 137,611,914 163,471,506
이엠텍 091120 이연법인세부채 3,487,022,467 2,523,984,537
이엠텍 091120 부채총계 65,852,292,463 65,091,124,231
이엠텍 091120 자본금 7,599,407,000 7,599,407,000
이엠텍 091120 자본잉여금 38,840,770,196 38,840,770,196
이엠텍 091120 기타포괄손익누계액 26,273,889,227 19,561,887,024
이엠텍 091120 자본총계 190,645,978,371 186,351,645,578
이엠텍 091120 자본과부채총계 256,498,270,834 251,442,769,809
