date : 2019-03-31
파트론 091700 유동자산 270,108,365,329 136,616,072,998
파트론 091700 현금및현금성자산 3,147,558,588 4,039,938,378
파트론 091700 매출채권 142,248,054,905 59,063,759,634
파트론 091700 기타유동금융자산 46,476,061,162 20,380,252,430
파트론 091700 재고자산 76,955,230,175 52,387,642,944
파트론 091700 기타유동자산 642,466,596 455,498,460
파트론 091700 비유동자산 307,650,285,009 302,936,529,900
파트론 091700 기타포괄손익-공정가치 측정 금융자산
파트론 091700 기타비유동금융자산 1,831,830,606 1,812,154,853
파트론 091700 유형자산 22,179,169,190 22,071,521,265
파트론 091700 무형자산 3,784,645,271 3,696,582,438
파트론 091700 이연법인세자산 1,519,256,660 1,593,086,994
파트론 091700 자산총계 577,758,650,338 439,552,602,898
파트론 091700 유동부채 239,626,068,124 114,323,617,829
파트론 091700 단기차입금 58,292,030,000 39,517,135,000
파트론 091700 기타유동금융부채 53,777,251,008 21,167,609,662
파트론 091700 기타유동부채 552,680,905 782,368,368
파트론 091700 비유동부채 1,760,297,565 1,297,807,576
파트론 091700 부채총계 241,386,365,689 115,621,425,405
파트론 091700 자본금 27,078,205,000 27,078,205,000
파트론 091700 기타포괄손익누계액 -19,741,081,001 -24,469,843,246
파트론 091700 이익잉여금(결손금) 335,200,951,369 327,396,079,482
파트론 091700 자본총계 336,372,284,649 323,931,177,493
파트론 091700 자본과부채총계 577,758,650,338 439,552,602,898
