date : 2015-12-31
넥스트칩 092600 유동자산 45,139,301,131 39,110,145,508
넥스트칩 092600 현금및현금성자산 9,588,703,761 8,076,940,034
넥스트칩 092600 매출채권 및 기타유동채권
넥스트칩 092600 재고자산 9,107,311,904 5,542,063,047
넥스트칩 092600 기타유동금융자산 24,650,597,838 23,592,745,853
넥스트칩 092600 기타유동자산 0 0
넥스트칩 092600 매각예정비유동자산 0 0
넥스트칩 092600 비유동자산 20,683,722,128 17,035,620,759
넥스트칩 092600 장기금융상품 0 0
넥스트칩 092600 기타포괄손익-공정가치 0 0
넥스트칩 092600 당기손익인식공정가치측정금융자산 0 0
넥스트칩 092600 종속회사투자 0 0
넥스트칩 092600 관계회사투자 0 0
넥스트칩 092600 렌탈자산 0 0
넥스트칩 092600 유형자산 548,854,961 660,676,214
넥스트칩 092600 무형자산 792,383,521 1,324,758,632
넥스트칩 092600 기타비유동금융자산 5,945,425,171 4,391,421,912
넥스트칩 092600 기타비유동자산 0 0
넥스트칩 092600 사용권자산 0 0
넥스트칩 092600 이연법인세자산 0 0
넥스트칩 092600 자산총계 65,823,023,259 56,145,766,267
넥스트칩 092600 유동부채 8,868,979,753 8,093,716,400
넥스트칩 092600 단기매입채무 0 0
넥스트칩 092600 단기차입금 4,102,000,000 4,322,087,285
넥스트칩 092600 유동성장기차입금 0 0
넥스트칩 092600 유동성사채 0 0
넥스트칩 092600 기타유동금융부채 1,071,388,398 301,827,227
넥스트칩 092600 기타유동부채 0 0
넥스트칩 092600 당기법인세부채 0 0
넥스트칩 092600 유동리스부채 0 0
넥스트칩 092600 비유동부채 1,253,209,816 1,178,013,420
넥스트칩 092600 사채 0 0
넥스트칩 092600 장기차입금 0 0
넥스트칩 092600 기타비유동금융부채 770,480,775 654,435,961
넥스트칩 092600 이연법인세부채 0 0
넥스트칩 092600 비유동리스부채 0 0
넥스트칩 092600 부채총계 10,122,189,569 9,271,729,820
넥스트칩 092600 자본금 6,648,750,000 6,648,750,000
넥스트칩 092600 자본잉여금 0 0
넥스트칩 092600 자본조정 0 0
넥스트칩 092600 기타포괄손익누계액 0 0
넥스트칩 092600 이익잉여금(결손금) 33,328,954,273 24,592,968,194
넥스트칩 092600 자본총계 55,700,833,690 46,874,036,447
넥스트칩 092600 자본과부채총계 65,823,023,259 56,145,766,267
date : 2016-03-31
넥스트칩 092600 유동자산 48,454,390,036 45,139,301,131
넥스트칩 092600 현금및현금성자산 9,655,991,027 9,588,703,761
넥스트칩 092600 매출채권 및 기타유동채권
넥스트칩 092600 재고자산 10,785,582,558 9,107,311,904
넥스트칩 092600 기타유동금융자산 25,023,635,831 24,650,597,838
넥스트칩 092600 기타유동자산 0 0
넥스트칩 092600 매각예정비유동자산 0 0
넥스트칩 092600 비유동자산 20,962,948,183 20,683,722,128
넥스트칩 092600 장기금융상품 0 0
넥스트칩 092600 기타포괄손익-공정가치 0 0
넥스트칩 092600 당기손익인식공정가치측정금융자산 0 0
넥스트칩 092600 종속회사투자 0 0
넥스트칩 092600 관계회사투자 0 0
넥스트칩 092600 렌탈자산 0 0
넥스트칩 092600 유형자산 578,031,225 548,854,961
넥스트칩 092600 무형자산 734,444,758 792,383,521
넥스트칩 092600 기타비유동금융자산 6,262,584,131 5,945,425,171
넥스트칩 092600 기타비유동자산 0 0
넥스트칩 092600 사용권자산 0 0
넥스트칩 092600 이연법인세자산 0 0
넥스트칩 092600 자산총계 69,417,338,219 65,823,023,259
넥스트칩 092600 유동부채 11,662,958,169 8,868,979,753
넥스트칩 092600 단기매입채무 0 0
넥스트칩 092600 단기차입금 4,037,250,000 4,102,000,000
넥스트칩 092600 유동성장기차입금 0 0
넥스트칩 092600 유동성사채 0 0
넥스트칩 092600 기타유동금융부채 998,941,282 1,071,388,398
넥스트칩 092600 기타유동부채 0 0
넥스트칩 092600 당기법인세부채 0 0
넥스트칩 092600 유동리스부채 0 0
넥스트칩 092600 비유동부채 1,435,954,318 1,253,209,816
넥스트칩 092600 사채 0 0
넥스트칩 092600 장기차입금 0 0
넥스트칩 092600 기타비유동금융부채 789,701,049 770,480,775
넥스트칩 092600 이연법인세부채 0 0
넥스트칩 092600 비유동리스부채 0 0
넥스트칩 092600 부채총계 13,098,912,487 10,122,189,569
넥스트칩 092600 자본금 6,648,750,000 6,648,750,000
넥스트칩 092600 자본잉여금 0 0
넥스트칩 092600 자본조정 0 0
넥스트칩 092600 기타포괄손익누계액 0 0
넥스트칩 092600 이익잉여금(결손금) 33,890,431,191 33,328,954,273
넥스트칩 092600 자본총계 56,318,425,732 55,700,833,690
넥스트칩 092600 자본과부채총계 69,417,338,219 65,823,023,259
date : 2016-06-30
넥스트칩 092600 유동자산 56,398,199,926 45,139,301,131
넥스트칩 092600 현금및현금성자산 10,701,640,180 9,588,703,761
넥스트칩 092600 매출채권 2,450,380,540 1,382,988,883
넥스트칩 092600 재고자산 9,823,881,311 9,107,311,904
넥스트칩 092600 기타유동금융자산 32,657,489,674 24,650,597,838
넥스트칩 092600 기타유동자산 718,383,671 295,145,775
넥스트칩 092600 매각예정비유동자산 0 0
넥스트칩 092600 비유동자산 11,930,113,308 20,683,722,128
넥스트칩 092600 장기금융상품 0 0
넥스트칩 092600 기타포괄손익-공정가치 0 0
넥스트칩 092600 당기손익인식공정가치측정금융자산 0 0
넥스트칩 092600 종속회사투자 0 0
넥스트칩 092600 관계회사투자 0 0
넥스트칩 092600 렌탈자산 0 0
넥스트칩 092600 유형자산 711,274,737 548,854,961
넥스트칩 092600 무형자산 899,315,386 792,383,521
넥스트칩 092600 기타비유동금융자산 7,029,407,085 5,945,425,171
넥스트칩 092600 기타비유동자산 0 0
넥스트칩 092600 사용권자산 0 0
넥스트칩 092600 이연법인세자산 0 0
넥스트칩 092600 자산총계 68,328,313,234 65,823,023,259
넥스트칩 092600 유동부채 8,474,124,113 8,868,979,753
넥스트칩 092600 단기매입채무 0 0
넥스트칩 092600 단기차입금 4,076,450,000 4,102,000,000
넥스트칩 092600 유동성장기차입금 0 0
넥스트칩 092600 유동성사채 0 0
넥스트칩 092600 기타유동금융부채 1,055,177,853 1,071,388,398
넥스트칩 092600 기타유동부채 0 0
넥스트칩 092600 당기법인세부채 0 0
넥스트칩 092600 유동리스부채 0 0
넥스트칩 092600 비유동부채 1,620,417,617 1,253,209,816
넥스트칩 092600 사채 0 0
넥스트칩 092600 장기차입금 0 0
넥스트칩 092600 기타비유동금융부채 810,640,120 770,480,775
넥스트칩 092600 이연법인세부채 0 0
넥스트칩 092600 비유동리스부채 0 0
넥스트칩 092600 부채총계 10,094,541,730 10,122,189,569
넥스트칩 092600 자본금 6,723,750,000 6,648,750,000
넥스트칩 092600 자본잉여금 0 0
넥스트칩 092600 자본조정 0 0
넥스트칩 092600 기타포괄손익누계액 0 0
넥스트칩 092600 이익잉여금(결손금) 35,218,327,896 33,328,954,273
넥스트칩 092600 자본총계 58,233,771,504 55,700,833,690
넥스트칩 092600 자본과부채총계 68,328,313,234 65,823,023,259
date : 2016-09-30
넥스트칩 092600 유동자산 53,106,283,188 45,139,301,131
넥스트칩 092600 현금및현금성자산 7,422,372,082 9,588,703,761
넥스트칩 092600 매출채권 2,095,910,880 1,382,988,883
넥스트칩 092600 재고자산 10,428,935,903 9,107,311,904
넥스트칩 092600 기타유동금융자산 32,481,162,918 24,650,597,838
넥스트칩 092600 기타유동자산 602,026,585 295,145,775
넥스트칩 092600 매각예정비유동자산 0 0
넥스트칩 092600 비유동자산 12,839,020,730 20,683,722,128
넥스트칩 092600 장기금융상품 0 0
넥스트칩 092600 기타포괄손익-공정가치 0 0
넥스트칩 092600 당기손익인식공정가치측정금융자산 0 0
넥스트칩 092600 종속회사투자 0 0
넥스트칩 092600 관계회사투자 0 0
넥스트칩 092600 렌탈자산 0 0
넥스트칩 092600 유형자산 670,402,250 548,854,961
넥스트칩 092600 무형자산 918,956,158 792,383,521
넥스트칩 092600 기타비유동금융자산 7,959,546,222 5,945,425,171
넥스트칩 092600 기타비유동자산 0 0
넥스트칩 092600 사용권자산 0 0
넥스트칩 092600 이연법인세자산 0 0
넥스트칩 092600 자산총계 65,945,303,918 65,823,023,259
넥스트칩 092600 유동부채 6,509,218,572 8,868,979,753
넥스트칩 092600 단기매입채무 0 0
넥스트칩 092600 단기차입금 1,644,450,000 4,102,000,000
넥스트칩 092600 유동성장기차입금 0 0
넥스트칩 092600 유동성사채 0 0
넥스트칩 092600 기타유동금융부채 643,102,336 1,071,388,398
넥스트칩 092600 기타유동부채 0 0
넥스트칩 092600 당기법인세부채 0 0
넥스트칩 092600 유동리스부채 0 0
넥스트칩 092600 비유동부채 1,806,504,869 1,253,209,816
넥스트칩 092600 사채 0 0
넥스트칩 092600 장기차입금 0 0
넥스트칩 092600 기타비유동금융부채 833,203,144 770,480,775
넥스트칩 092600 이연법인세부채 0 0
넥스트칩 092600 비유동리스부채 0 0
넥스트칩 092600 부채총계 8,315,723,441 10,122,189,569
넥스트칩 092600 자본금 6,723,750,000 6,648,750,000
넥스트칩 092600 자본잉여금 0 0
넥스트칩 092600 자본조정 0 0
넥스트칩 092600 기타포괄손익누계액 0 0
넥스트칩 092600 이익잉여금(결손금) 34,410,954,051 33,328,954,273
넥스트칩 092600 자본총계 57,629,580,477 55,700,833,690
넥스트칩 092600 자본과부채총계 65,945,303,918 65,823,023,259
date : 2016-12-31
넥스트칩 092600 유동자산 46,477,188,181 45,139,301,131
넥스트칩 092600 현금및현금성자산 6,322,730,758 9,588,703,761
넥스트칩 092600 매출채권 1,833,671,623 1,382,988,883
넥스트칩 092600 재고자산 9,835,693,841 9,107,311,904
넥스트칩 092600 기타유동금융자산 27,563,410,982 24,650,597,838
넥스트칩 092600 기타유동자산 819,145,287 295,145,775
넥스트칩 092600 매각예정비유동자산 0 0
넥스트칩 092600 비유동자산 17,194,022,565 20,683,722,128
넥스트칩 092600 장기금융상품 0 0
넥스트칩 092600 기타포괄손익-공정가치 0 0
넥스트칩 092600 당기손익인식공정가치측정금융자산 0 0
넥스트칩 092600 종속회사투자 0 0
넥스트칩 092600 관계회사투자 0 0
넥스트칩 092600 렌탈자산 0 0
넥스트칩 092600 유형자산 638,397,980 548,854,961
넥스트칩 092600 무형자산 917,419,444 792,383,521
넥스트칩 092600 기타비유동금융자산 0 0
넥스트칩 092600 기타비유동자산 0 0
넥스트칩 092600 사용권자산 0 0
넥스트칩 092600 이연법인세자산 0 0
넥스트칩 092600 자산총계 63,671,210,746 65,823,023,259
넥스트칩 092600 유동부채 5,371,615,103 8,868,979,753
넥스트칩 092600 단기매입채무 0 0
넥스트칩 092600 단기차입금 1,853,984,987 4,102,000,000
넥스트칩 092600 유동성장기차입금 0 0
넥스트칩 092600 유동성사채 0 0
넥스트칩 092600 기타유동금융부채 1,225,902,341 1,071,388,398
넥스트칩 092600 기타유동부채 0 0
넥스트칩 092600 당기법인세부채 0 0
넥스트칩 092600 유동리스부채 0 0
넥스트칩 092600 비유동부채 1,356,175,055 1,253,209,816
넥스트칩 092600 사채 0 0
넥스트칩 092600 장기차입금 0 0
넥스트칩 092600 기타비유동금융부채 808,649,436 770,480,775
넥스트칩 092600 이연법인세부채 0 0
넥스트칩 092600 비유동리스부채 0 0
넥스트칩 092600 부채총계 6,727,790,158 10,122,189,569
넥스트칩 092600 자본금 6,723,750,000 6,648,750,000
넥스트칩 092600 자본잉여금 0 0
넥스트칩 092600 자본조정 0 0
넥스트칩 092600 기타포괄손익누계액 0 0
넥스트칩 092600 이익잉여금(결손금) 34,432,034,293 33,328,954,273
넥스트칩 092600 자본총계 56,943,420,588 55,700,833,690
넥스트칩 092600 자본과부채총계 63,671,210,746 65,823,023,259
date : 2017-03-31
넥스트칩 092600 유동자산 43,640,985,241 46,477,188,181
넥스트칩 092600 현금및현금성자산 6,048,725,492 6,322,730,758
넥스트칩 092600 매출채권 2,146,583,993 1,833,671,623
넥스트칩 092600 재고자산 8,990,290,354 9,835,693,841
넥스트칩 092600 기타유동금융자산 25,036,564,654 27,563,410,982
넥스트칩 092600 기타유동자산 1,294,355,498 819,145,287
넥스트칩 092600 매각예정비유동자산 0 0
넥스트칩 092600 비유동자산 17,728,867,916 17,194,022,565
넥스트칩 092600 장기금융상품 0 0
넥스트칩 092600 기타포괄손익-공정가치 0 0
넥스트칩 092600 당기손익인식공정가치측정금융자산 0 0
넥스트칩 092600 종속회사투자 0 0
넥스트칩 092600 관계회사투자 0 0
넥스트칩 092600 렌탈자산 0 0
넥스트칩 092600 유형자산 637,921,377 638,397,980
넥스트칩 092600 무형자산 916,181,998 917,419,444
넥스트칩 092600 기타비유동금융자산 0 0
넥스트칩 092600 기타비유동자산 0 0
넥스트칩 092600 사용권자산 0 0
넥스트칩 092600 이연법인세자산 0 0
넥스트칩 092600 자산총계 61,369,853,157 63,671,210,746
넥스트칩 092600 유동부채 3,654,085,487 5,371,615,103
넥스트칩 092600 단기매입채무 0 0
넥스트칩 092600 단기차입금 1,116,100,000 1,853,984,987
넥스트칩 092600 유동성장기차입금 0 0
넥스트칩 092600 유동성사채 0 0
넥스트칩 092600 기타유동금융부채 512,609,743 1,225,902,341
넥스트칩 092600 기타유동부채 0 0
넥스트칩 092600 당기법인세부채 0 0
넥스트칩 092600 유동리스부채 0 0
넥스트칩 092600 비유동부채 1,597,987,849 1,356,175,055
넥스트칩 092600 사채 0 0
넥스트칩 092600 장기차입금 0 0
넥스트칩 092600 기타비유동금융부채 833,555,936 808,649,436
넥스트칩 092600 이연법인세부채 0 0
넥스트칩 092600 비유동리스부채 0 0
넥스트칩 092600 부채총계 5,252,073,336 6,727,790,158
넥스트칩 092600 자본금 6,723,750,000 6,723,750,000
넥스트칩 092600 자본잉여금 0 0
넥스트칩 092600 자본조정 0 0
넥스트칩 092600 기타포괄손익누계액 0 0
넥스트칩 092600 이익잉여금(결손금) 33,765,919,488 34,432,034,293
넥스트칩 092600 자본총계 56,117,779,821 56,943,420,588
넥스트칩 092600 자본과부채총계 61,369,853,157 63,671,210,746
date : 2017-06-30
넥스트칩 092600 유동자산 42,794,584,870 46,477,188,181
넥스트칩 092600 현금및현금성자산 6,315,418,641 6,322,730,758
넥스트칩 092600 매출채권 3,674,039,699 1,833,671,623
넥스트칩 092600 재고자산 9,990,348,639 9,835,693,841
넥스트칩 092600 기타유동금융자산 21,832,068,101 27,563,410,982
넥스트칩 092600 기타유동자산 879,457,480 819,145,287
넥스트칩 092600 매각예정비유동자산 0 0
넥스트칩 092600 비유동자산 18,650,960,196 17,194,022,565
넥스트칩 092600 장기금융상품 0 0
넥스트칩 092600 기타포괄손익-공정가치 0 0
넥스트칩 092600 당기손익인식공정가치측정금융자산 0 0
넥스트칩 092600 종속회사투자 0 0
넥스트칩 092600 관계회사투자 0 0
넥스트칩 092600 렌탈자산 0 0
넥스트칩 092600 유형자산 606,250,640 638,397,980
넥스트칩 092600 무형자산 909,743,175 917,419,444
넥스트칩 092600 기타비유동금융자산 0 0
넥스트칩 092600 기타비유동자산 0 0
넥스트칩 092600 사용권자산 0 0
넥스트칩 092600 이연법인세자산 0 0
넥스트칩 092600 자산총계 61,445,545,066 63,671,210,746
넥스트칩 092600 유동부채 6,134,653,908 5,371,615,103
넥스트칩 092600 단기매입채무 0 0
넥스트칩 092600 단기차입금 1,139,600,000 1,853,984,987
넥스트칩 092600 유동성장기차입금 0 0
넥스트칩 092600 유동성사채 0 0
넥스트칩 092600 기타유동금융부채 1,663,546,128 1,225,902,341
넥스트칩 092600 기타유동부채 0 0
넥스트칩 092600 당기법인세부채 0 0
넥스트칩 092600 유동리스부채 0 0
넥스트칩 092600 비유동부채 1,791,033,749 1,356,175,055
넥스트칩 092600 사채 0 0
넥스트칩 092600 장기차입금 0 0
넥스트칩 092600 기타비유동금융부채 835,576,677 808,649,436
넥스트칩 092600 이연법인세부채 0 0
넥스트칩 092600 비유동리스부채 0 0
넥스트칩 092600 부채총계 7,925,687,657 6,727,790,158
넥스트칩 092600 자본금 6,723,750,000 6,723,750,000
넥스트칩 092600 자본잉여금 0 0
넥스트칩 092600 자본조정 0 0
넥스트칩 092600 기타포괄손익누계액 0 0
넥스트칩 092600 이익잉여금(결손금) 31,032,401,871 34,432,034,293
넥스트칩 092600 자본총계 53,519,857,409 56,943,420,588
넥스트칩 092600 자본과부채총계 61,445,545,066 63,671,210,746
date : 2017-09-30
넥스트칩 092600 유동자산 36,999,120,031 46,477,188,181
넥스트칩 092600 현금및현금성자산 3,201,434,971 6,322,730,758
넥스트칩 092600 매출채권 2,920,930,862 1,833,671,623
넥스트칩 092600 재고자산 10,619,179,278 9,835,693,841
넥스트칩 092600 기타유동금융자산 0 0
넥스트칩 092600 기타유동자산 529,268,857 819,145,287
넥스트칩 092600 매각예정비유동자산 0 0
넥스트칩 092600 비유동자산 23,007,889,749 17,194,022,565
넥스트칩 092600 장기금융상품 0 0
넥스트칩 092600 기타포괄손익-공정가치 0 0
넥스트칩 092600 당기손익인식공정가치측정금융자산 0 0
넥스트칩 092600 종속회사투자 0 0
넥스트칩 092600 관계회사투자 0 0
넥스트칩 092600 렌탈자산 0 0
넥스트칩 092600 유형자산 616,393,822 638,397,980
넥스트칩 092600 무형자산 904,210,190 917,419,444
넥스트칩 092600 기타비유동금융자산 0 0
넥스트칩 092600 기타비유동자산 0 0
넥스트칩 092600 사용권자산 0 0
넥스트칩 092600 이연법인세자산 0 0
넥스트칩 092600 자산총계 60,007,009,780 63,671,210,746
넥스트칩 092600 유동부채 4,412,560,943 5,371,615,103
넥스트칩 092600 단기매입채무 0 0
넥스트칩 092600 단기차입금 1,146,700,000 1,853,984,987
넥스트칩 092600 유동성장기차입금 0 0
넥스트칩 092600 유동성사채 0 0
넥스트칩 092600 기타유동금융부채 0 0
넥스트칩 092600 기타유동부채 853,493,737 723,422,450
넥스트칩 092600 당기법인세부채 0 0
넥스트칩 092600 유동리스부채 0 0
넥스트칩 092600 비유동부채 1,996,786,963 1,356,175,055
넥스트칩 092600 사채 0 0
넥스트칩 092600 장기차입금 0 0
넥스트칩 092600 기타비유동금융부채 0 0
넥스트칩 092600 이연법인세부채 0 0
넥스트칩 092600 비유동리스부채 0 0
넥스트칩 092600 부채총계 6,409,347,906 6,727,790,158
넥스트칩 092600 자본금 6,723,750,000 6,723,750,000
넥스트칩 092600 자본잉여금 0 0
넥스트칩 092600 자본조정 0 0
넥스트칩 092600 기타포괄손익누계액 0 0
넥스트칩 092600 이익잉여금(결손금) 0 0
넥스트칩 092600 자본총계 53,597,661,874 56,943,420,588
넥스트칩 092600 자본과부채총계 60,007,009,780 63,671,210,746
date : 2017-12-31
넥스트칩 092600 유동자산 35,933,946,628 46,477,188,181
넥스트칩 092600 현금및현금성자산 5,207,104,453 6,322,730,758
넥스트칩 092600 매출채권 2,451,169,142 1,833,671,623
넥스트칩 092600 재고자산 8,860,155,049 9,835,693,841
넥스트칩 092600 기타유동금융자산 573,581,603 3,839,398,459
넥스트칩 092600 기타유동자산 737,223,964 819,145,287
넥스트칩 092600 매각예정비유동자산 0 0
넥스트칩 092600 비유동자산 22,710,257,775 17,194,022,565
넥스트칩 092600 장기금융상품 1,850,499,792 2,257,300,000
넥스트칩 092600 기타포괄손익-공정가치 0 0
넥스트칩 092600 당기손익인식공정가치측정금융자산 0 0
넥스트칩 092600 종속회사투자 0 0
넥스트칩 092600 관계회사투자 0 0
넥스트칩 092600 렌탈자산 0 0
넥스트칩 092600 유형자산 738,921,217 638,397,980
넥스트칩 092600 무형자산 901,122,446 917,419,444
넥스트칩 092600 기타비유동금융자산 3,851,982,595 3,551,067,662
넥스트칩 092600 기타비유동자산 0 0
넥스트칩 092600 사용권자산 0 0
넥스트칩 092600 이연법인세자산 0 0
넥스트칩 092600 자산총계 58,644,204,403 63,671,210,746
넥스트칩 092600 유동부채 4,975,140,630 5,371,615,103
넥스트칩 092600 단기매입채무 0 0
넥스트칩 092600 단기차입금 1,535,700,000 1,853,984,987
넥스트칩 092600 유동성장기차입금 0 0
넥스트칩 092600 유동성사채 0 0
넥스트칩 092600 기타유동금융부채 1,762,806,889 1,225,902,341
넥스트칩 092600 기타유동부채 147,574,813 723,422,450
넥스트칩 092600 당기법인세부채 0 0
넥스트칩 092600 유동리스부채 0 0
넥스트칩 092600 비유동부채 855,594,135 1,356,175,055
넥스트칩 092600 사채 0 0
넥스트칩 092600 장기차입금 0 0
넥스트칩 092600 기타비유동금융부채 386,317,462 808,649,436
넥스트칩 092600 이연법인세부채 0 0
넥스트칩 092600 비유동리스부채 0 0
넥스트칩 092600 부채총계 5,830,734,765 6,727,790,158
넥스트칩 092600 자본금 6,723,750,000 6,723,750,000
넥스트칩 092600 자본잉여금 0 0
넥스트칩 092600 자본조정 0 0
넥스트칩 092600 기타포괄손익누계액 0 0
넥스트칩 092600 이익잉여금(결손금) 0 0
넥스트칩 092600 자본총계 52,813,469,638 56,943,420,588
넥스트칩 092600 자본과부채총계 58,644,204,403 63,671,210,746
date : 2018-03-31
넥스트칩 092600 유동자산 35,583,240,078 35,933,946,628
넥스트칩 092600 현금및현금성자산 6,362,697,693 5,207,104,453
넥스트칩 092600 매출채권 749,126,781 2,451,169,142
넥스트칩 092600 재고자산 10,617,851,809 8,860,155,049
넥스트칩 092600 기타유동금융자산 755,023,577 573,581,603
넥스트칩 092600 기타유동자산 809,980,048 737,223,964
넥스트칩 092600 매각예정비유동자산 0 0
넥스트칩 092600 비유동자산 21,634,598,810 22,710,257,775
넥스트칩 092600 장기금융상품 1,502,499,788 1,850,499,792
넥스트칩 092600 기타포괄손익-공정가치 0 0
넥스트칩 092600 당기손익인식공정가치측정금융자산 0 0
넥스트칩 092600 종속회사투자 0 0
넥스트칩 092600 관계회사투자 0 0
넥스트칩 092600 렌탈자산 0 0
넥스트칩 092600 유형자산 829,868,795 738,921,217
넥스트칩 092600 무형자산 886,904,424 901,122,446
넥스트칩 092600 기타비유동금융자산 3,084,252,595 3,851,982,595
넥스트칩 092600 기타비유동자산 0 0
넥스트칩 092600 사용권자산 0 0
넥스트칩 092600 이연법인세자산 0 0
넥스트칩 092600 자산총계 57,217,838,888 58,644,204,403
넥스트칩 092600 유동부채 5,073,126,576 4,975,140,630
넥스트칩 092600 단기매입채무 0 0
넥스트칩 092600 단기차입금 568,533,020 1,535,700,000
넥스트칩 092600 유동성장기차입금 0 0
넥스트칩 092600 유동성사채 0 0
넥스트칩 092600 기타유동금융부채 741,376,220 1,762,806,889
넥스트칩 092600 기타유동부채 216,571,554 147,574,813
넥스트칩 092600 당기법인세부채 0 0
넥스트칩 092600 유동리스부채 0 0
넥스트칩 092600 비유동부채 1,173,720,656 855,594,135
넥스트칩 092600 사채 0 0
넥스트칩 092600 장기차입금 0 0
넥스트칩 092600 기타비유동금융부채 504,157,656 386,317,462
넥스트칩 092600 이연법인세부채 0 0
넥스트칩 092600 비유동리스부채 0 0
넥스트칩 092600 부채총계 6,246,847,232 5,830,734,765
넥스트칩 092600 자본금 6,723,750,000 6,723,750,000
넥스트칩 092600 자본잉여금 0 0
넥스트칩 092600 자본조정 0 0
넥스트칩 092600 기타포괄손익누계액 0 0
넥스트칩 092600 이익잉여금(결손금) 0 0
넥스트칩 092600 자본총계 50,970,991,656 52,813,469,638
넥스트칩 092600 자본과부채총계 57,217,838,888 58,644,204,403
date : 2018-06-30
넥스트칩 092600 유동자산 28,546,846,410 35,933,946,628
넥스트칩 092600 현금및현금성자산 5,168,366,438 5,207,104,453
넥스트칩 092600 매출채권 및 기타유동채권
넥스트칩 092600 재고자산 11,151,252,695 8,860,155,049
넥스트칩 092600 기타유동금융자산 605,042,396 573,581,603
넥스트칩 092600 기타유동자산 996,435,770 737,223,964
넥스트칩 092600 매각예정비유동자산 0 0
넥스트칩 092600 비유동자산 23,658,469,416 22,710,257,775
넥스트칩 092600 장기금융상품 1,802,499,788 1,850,499,792
넥스트칩 092600 기타포괄손익-공정가치 0 0
넥스트칩 092600 당기손익인식공정가치측정금융자산 0 0
넥스트칩 092600 종속회사투자 0 0
넥스트칩 092600 관계회사투자 0 0
넥스트칩 092600 렌탈자산 0 0
넥스트칩 092600 유형자산 943,033,972 738,921,217
넥스트칩 092600 무형자산 890,768,203 901,122,446
넥스트칩 092600 기타비유동금융자산 4,924,110,687 3,851,982,595
넥스트칩 092600 기타비유동자산 0 0
넥스트칩 092600 사용권자산 0 0
넥스트칩 092600 이연법인세자산 0 0
넥스트칩 092600 자산총계 52,205,315,826 58,644,204,403
넥스트칩 092600 유동부채 2,371,361,453 4,975,140,630
넥스트칩 092600 단기매입채무 0 0
넥스트칩 092600 단기차입금 0 1,535,700,000
넥스트칩 092600 유동성장기차입금 0 0
넥스트칩 092600 유동성사채 0 0
넥스트칩 092600 기타유동금융부채 538,045,413 1,762,806,889
넥스트칩 092600 기타유동부채 328,594,217 147,574,813
넥스트칩 092600 당기법인세부채 0 0
넥스트칩 092600 유동리스부채 0 0
넥스트칩 092600 비유동부채 1,402,164,118 855,594,135
넥스트칩 092600 사채 0 0
넥스트칩 092600 장기차입금 0 0
넥스트칩 092600 기타비유동금융부채 532,314,791 386,317,462
넥스트칩 092600 이연법인세부채 0 0
넥스트칩 092600 비유동리스부채 0 0
넥스트칩 092600 부채총계 3,773,525,571 5,830,734,765
넥스트칩 092600 자본금 6,723,750,000 6,723,750,000
넥스트칩 092600 자본잉여금 0 0
넥스트칩 092600 자본조정 0 0
넥스트칩 092600 기타포괄손익누계액 0 0
넥스트칩 092600 이익잉여금(결손금) 0 0
넥스트칩 092600 자본총계 48,431,790,255 52,813,469,638
넥스트칩 092600 자본과부채총계 52,205,315,826 58,644,204,403
date : 2018-09-30
넥스트칩 092600 유동자산 34,162,041,450 35,933,946,628
넥스트칩 092600 현금및현금성자산 13,100,396,258 5,207,104,453
넥스트칩 092600 매출채권 및 기타유동채권
넥스트칩 092600 재고자산 9,563,010,178 8,860,155,049
넥스트칩 092600 기타유동금융자산 652,654,540 573,581,603
넥스트칩 092600 기타유동자산 564,657,787 737,223,964
넥스트칩 092600 매각예정비유동자산 0 0
넥스트칩 092600 비유동자산 24,318,421,328 22,710,257,775
넥스트칩 092600 장기금융상품 1,300,000,000 1,850,499,792
넥스트칩 092600 기타포괄손익-공정가치 0 0
넥스트칩 092600 당기손익인식공정가치측정금융자산 0 0
넥스트칩 092600 종속회사투자 0 0
넥스트칩 092600 관계회사투자 0 0
넥스트칩 092600 렌탈자산 0 0
넥스트칩 092600 유형자산 907,871,620 738,921,217
넥스트칩 092600 무형자산 897,178,295 901,122,446
넥스트칩 092600 기타비유동금융자산 4,920,228,865 3,851,982,595
넥스트칩 092600 기타비유동자산 0 0
넥스트칩 092600 사용권자산 0 0
넥스트칩 092600 이연법인세자산 0 0
넥스트칩 092600 자산총계 58,480,462,778 58,644,204,403
넥스트칩 092600 유동부채 9,034,432,012 4,975,140,630
넥스트칩 092600 단기매입채무 0 0
넥스트칩 092600 단기차입금 0 1,535,700,000
넥스트칩 092600 유동성장기차입금 0 0
넥스트칩 092600 유동성사채 0 0
넥스트칩 092600 기타유동금융부채 892,795,528 1,762,806,889
넥스트칩 092600 기타유동부채 7,619,508,309 147,574,813
넥스트칩 092600 당기법인세부채 0 0
넥스트칩 092600 유동리스부채 0 0
넥스트칩 092600 비유동부채 1,650,101,255 855,594,135
넥스트칩 092600 사채 0 0
넥스트칩 092600 장기차입금 0 0
넥스트칩 092600 기타비유동금융부채 579,965,601 386,317,462
넥스트칩 092600 이연법인세부채 0 0
넥스트칩 092600 비유동리스부채 0 0
넥스트칩 092600 부채총계 10,684,533,267 5,830,734,765
넥스트칩 092600 자본금 6,723,750,000 6,723,750,000
넥스트칩 092600 자본잉여금 0 0
넥스트칩 092600 자본조정 0 0
넥스트칩 092600 기타포괄손익누계액 0 0
넥스트칩 092600 이익잉여금(결손금) 0 0
넥스트칩 092600 자본총계 47,795,929,511 52,813,469,638
넥스트칩 092600 자본과부채총계 58,480,462,778 58,644,204,403
date : 2018-12-31
앤씨앤 092600 유동자산 28,559,896,985 35,933,946,628
앤씨앤 092600 현금및현금성자산 10,620,221,803 5,207,104,453
앤씨앤 092600 매출채권 및 기타유동채권
앤씨앤 092600 재고자산 7,071,276,012 8,860,155,049
앤씨앤 092600 기타유동금융자산 673,858,393 573,581,603
앤씨앤 092600 기타유동자산 1,303,957,665 737,223,964
앤씨앤 092600 매각예정비유동자산 0 0
앤씨앤 092600 비유동자산 23,866,634,993 22,710,257,775
앤씨앤 092600 장기금융상품 2,045,000,000 1,850,499,792
앤씨앤 092600 기타포괄손익-공정가치 0 0
앤씨앤 092600 당기손익인식공정가치측정금융자산 0 0
앤씨앤 092600 종속회사투자 0 0
앤씨앤 092600 관계회사투자 0 0
앤씨앤 092600 렌탈자산 0 0
앤씨앤 092600 유형자산 1,066,799,110 738,921,217
앤씨앤 092600 무형자산 1,583,353,275 901,122,446
앤씨앤 092600 기타비유동금융자산 4,842,966,265 3,851,982,595
앤씨앤 092600 기타비유동자산 0 0
앤씨앤 092600 사용권자산 0 0
앤씨앤 092600 이연법인세자산 0 0
앤씨앤 092600 자산총계 52,426,531,978 58,644,204,403
앤씨앤 092600 유동부채 2,117,910,338 4,975,140,630
앤씨앤 092600 단기매입채무 0 0
앤씨앤 092600 단기차입금 0 1,535,700,000
앤씨앤 092600 유동성장기차입금 0 0
앤씨앤 092600 유동성사채 0 0
앤씨앤 092600 기타유동금융부채 838,861,416 1,762,806,889
앤씨앤 092600 기타유동부채 504,372,752 147,574,813
앤씨앤 092600 당기법인세부채 0 0
앤씨앤 092600 유동리스부채 0 0
앤씨앤 092600 비유동부채 8,222,326,594 855,594,135
앤씨앤 092600 사채 7,000,000,000 0
앤씨앤 092600 장기차입금 0 0
앤씨앤 092600 기타비유동금융부채 694,376,877 386,317,462
앤씨앤 092600 이연법인세부채 0 0
앤씨앤 092600 비유동리스부채 0 0
앤씨앤 092600 부채총계 10,340,236,932 5,830,734,765
앤씨앤 092600 자본금 6,723,750,000 6,723,750,000
앤씨앤 092600 자본잉여금 0 0
앤씨앤 092600 자본조정 0 0
앤씨앤 092600 기타포괄손익누계액 0 0
앤씨앤 092600 이익잉여금(결손금) 0 0
앤씨앤 092600 자본총계 42,086,295,046 52,813,469,638
앤씨앤 092600 자본과부채총계 52,426,531,978 58,644,204,403
date : 2019-03-31
앤씨앤 092600 유동자산 23,080,931,081 28,559,896,985
앤씨앤 092600 현금및현금성자산 5,786,327,888 10,620,221,803
앤씨앤 092600 매출채권 및 기타유동채권
앤씨앤 092600 재고자산 8,819,898,117 7,071,276,012
앤씨앤 092600 기타유동금융자산 1,290,780,188 673,858,393
앤씨앤 092600 기타유동자산 377,170,457 1,303,957,665
앤씨앤 092600 매각예정비유동자산 0 0
앤씨앤 092600 비유동자산 29,063,093,938 23,866,634,993
앤씨앤 092600 장기금융상품 2,545,000,000 2,045,000,000
앤씨앤 092600 기타포괄손익-공정가치 0 0
앤씨앤 092600 당기손익인식공정가치측정금융자산 0 0
앤씨앤 092600 종속회사투자 0 0
앤씨앤 092600 관계회사투자 0 0
앤씨앤 092600 렌탈자산 0 0
앤씨앤 092600 유형자산 745,805,106 1,066,799,110
앤씨앤 092600 무형자산 805,680,675 1,583,353,275
앤씨앤 092600 기타비유동금융자산 1,751,319,543 4,842,966,265
앤씨앤 092600 기타비유동자산 0 0
앤씨앤 092600 사용권자산 0 0
앤씨앤 092600 이연법인세자산 0 0
앤씨앤 092600 자산총계 52,144,025,019 52,426,531,978
앤씨앤 092600 유동부채 5,372,529,170 2,117,910,338
앤씨앤 092600 단기매입채무 0 0
앤씨앤 092600 단기차입금 500,000,000 0
앤씨앤 092600 유동성장기차입금 0 0
앤씨앤 092600 유동성사채 0 0
앤씨앤 092600 기타유동금융부채 575,663,564 838,861,416
앤씨앤 092600 기타유동부채 131,587,144 504,372,752
앤씨앤 092600 당기법인세부채 0 0
앤씨앤 092600 유동리스부채 0 0
앤씨앤 092600 비유동부채 7,637,053,321 8,222,326,594
앤씨앤 092600 사채 7,000,000,000 7,000,000,000
앤씨앤 092600 장기차입금 0 0
앤씨앤 092600 기타비유동금융부채 637,053,321 694,376,877
앤씨앤 092600 이연법인세부채 0 0
앤씨앤 092600 비유동리스부채 0 0
앤씨앤 092600 부채총계 13,009,582,491 10,340,236,932
앤씨앤 092600 자본금 6,723,750,000 6,723,750,000
앤씨앤 092600 자본잉여금 0 0
앤씨앤 092600 자본조정 0 0
앤씨앤 092600 기타포괄손익누계액 0 0
앤씨앤 092600 이익잉여금(결손금) 0 0
앤씨앤 092600 자본총계 39,134,442,528 42,086,295,046
앤씨앤 092600 자본과부채총계 52,144,025,019 52,426,531,978
