date : 2019-03-31
엑시콘 092870 유동자산 53,381,987,616 54,087,536,439
엑시콘 092870 현금및현금성자산 11,595,888,807 11,046,369,956
엑시콘 092870 매출채권 및 기타채권
엑시콘 092870 재고자산 10,830,229,580 14,341,547,747
엑시콘 092870 기타유동자산 321,549,502 388,266,167
엑시콘 092870 비유동자산 54,128,596,093 53,843,627,213
엑시콘 092870 매출채권 및 기타채권
엑시콘 092870 유형자산 23,549,464,479 23,796,566,244
엑시콘 092870 무형자산 3,432,265,565 3,493,218,541
엑시콘 092870 이연법인세자산 6,131,507,294 5,726,180,740
엑시콘 092870 기타비유동자산 0 0
엑시콘 092870 자산총계 107,510,583,709 107,931,163,652
엑시콘 092870 유동부채 12,961,332,051 11,708,297,793
엑시콘 092870 당기법인세부채 12,732,340 24,342,410
엑시콘 092870 기타유동부채 1,447,262,787 350,330,122
엑시콘 092870 비유동부채 15,486,896,394 15,441,288,929
엑시콘 092870 부채총계 28,448,228,445 27,149,586,722
엑시콘 092870 자본금 4,441,750,000 4,441,750,000
엑시콘 092870 자본총계 79,062,355,264 80,781,576,930
엑시콘 092870 자본과부채총계 107,510,583,709 107,931,163,652
