date : 2019-03-31
빅솔론 093190 유동자산 116,595,199,026 117,524,325,981
빅솔론 093190 현금및현금성자산 36,880,770,848 27,144,035,984
빅솔론 093190 매출채권 및 기타유동채권
빅솔론 093190 기타유동금융자산 0 0
빅솔론 093190 재고자산 25,185,776,070 24,963,874,996
빅솔론 093190 기타유동자산 2,208,728,161 1,109,963,983
빅솔론 093190 비유동자산 41,672,080,964 37,846,009,197
빅솔론 093190 장기금융상품 127,117,164 127,117,164
빅솔론 093190 유형자산 13,128,075,800 11,130,910,495
빅솔론 093190 무형자산 686,382,958 727,171,511
빅솔론 093190 이연법인세자산 671,810,758 418,823,261
빅솔론 093190 기타비유동자산 0 1,239,013
빅솔론 093190 자산총계 158,267,279,990 155,370,335,178
빅솔론 093190 유동부채 15,224,332,559 10,297,391,480
빅솔론 093190 기타유동부채 1,498,558,623 1,301,829,967
빅솔론 093190 비유동부채 3,163,460,198 1,041,642,333
빅솔론 093190 비유동리스부채 1,632,943,973 0
빅솔론 093190 부채총계 18,387,792,757 11,339,033,813
빅솔론 093190 자본금 9,619,452,500 9,619,452,500
빅솔론 093190 자본잉여금 5,485,710,057 5,485,710,057
빅솔론 093190 이익잉여금(결손금) 138,859,090,157 141,650,513,487
빅솔론 093190 자본총계 139,879,487,233 144,031,301,365
빅솔론 093190 자본과부채총계 158,267,279,990 155,370,335,178
