date : 2015-08-31
풍강 093380 유동자산 33,667,687,755 35,086,952,917
풍강 093380 현금및현금성자산 1,300,406,930 2,744,464,205
풍강 093380 매출채권 및 기타유동채권
풍강 093380 재고자산 12,976,741,767 11,620,179,426
풍강 093380 기타유동금융자산 2,212,097,109 1,488,657,369
풍강 093380 기타유동자산 0 0
풍강 093380 매각예정비유동자산 0 0
풍강 093380 비유동자산 53,053,388,841 49,904,568,047
풍강 093380 장기금융상품 20,000,000 49,608,500
풍강 093380 기타포괄손익-공정가치 0 0
풍강 093380 당기손익인식공정가치측정금융자산 0 0
풍강 093380 종속회사투자 0 0
풍강 093380 관계회사투자 0 0
풍강 093380 렌탈자산 0 0
풍강 093380 유형자산 44,528,833,805 43,132,809,699
풍강 093380 무형자산 756,508,260 934,118,064
풍강 093380 기타비유동금융자산 52,393,500 49,608,500
풍강 093380 기타비유동자산 0 0
풍강 093380 사용권자산 0 0
풍강 093380 이연법인세자산 1,834,572,515 1,388,041,945
풍강 093380 자산총계 86,721,076,596 84,991,520,964
풍강 093380 유동부채 20,256,387,222 14,064,882,755
풍강 093380 단기매입채무 0 0
풍강 093380 단기차입금 4,542,515,000 3,439,911,000
풍강 093380 유동성장기차입금 2,571,040,000 2,176,940,000
풍강 093380 유동성사채 0 0
풍강 093380 기타유동금융부채 0 0
풍강 093380 기타유동부채 0 0
풍강 093380 당기법인세부채 315,970,760 99,626,161
풍강 093380 유동리스부채 0 0
풍강 093380 비유동부채 8,456,321,362 14,726,503,698
풍강 093380 사채 0 0
풍강 093380 장기차입금 4,499,320,000 6,991,160,000
풍강 093380 기타비유동금융부채 0 0
풍강 093380 이연법인세부채 0 0
풍강 093380 비유동리스부채 0 0
풍강 093380 부채총계 28,712,708,584 28,791,386,453
풍강 093380 자본금 0 0
풍강 093380 자본잉여금 0 0
풍강 093380 자본조정 0 0
풍강 093380 기타포괄손익누계액 0 0
풍강 093380 이익잉여금(결손금) 41,012,781,909 39,204,548,408
풍강 093380 자본총계 58,008,368,012 56,200,134,511
풍강 093380 자본과부채총계 86,721,076,596 84,991,520,964
date : 2016-11-30
풍강 093380 유동자산 33,028,730,435 33,595,301,804
풍강 093380 현금및현금성자산 1,652,659,154 1,432,117,334
풍강 093380 매출채권 및 기타유동채권
풍강 093380 재고자산 13,403,097,671 14,490,396,551
풍강 093380 기타유동금융자산 1,443,059,811 1,552,455,289
풍강 093380 기타유동자산 0 0
풍강 093380 매각예정비유동자산 0 0
풍강 093380 비유동자산 59,210,481,131 58,101,383,119
풍강 093380 장기금융상품 0 0
풍강 093380 기타포괄손익-공정가치 0 0
풍강 093380 당기손익인식공정가치측정금융자산 0 0
풍강 093380 종속회사투자 0 0
풍강 093380 관계회사투자 0 0
풍강 093380 렌탈자산 0 0
풍강 093380 유형자산 51,149,867,284 49,532,152,065
풍강 093380 무형자산 617,175,361 709,385,553
풍강 093380 기타비유동금융자산 67,063,500 22,303,500
풍강 093380 기타비유동자산 0 0
풍강 093380 사용권자산 0 0
풍강 093380 이연법인세자산 1,757,827,614 1,911,437,298
풍강 093380 자산총계 92,239,211,566 91,696,684,923
풍강 093380 유동부채 13,616,931,725 14,636,515,769
풍강 093380 단기매입채무 0 0
풍강 093380 단기차입금 4,700,000,000 7,400,000,000
풍강 093380 유동성장기차입금 2,571,040,000 7,400,000,000
풍강 093380 유동성사채 0 0
풍강 093380 기타유동금융부채 0 0
풍강 093380 기타유동부채 0 0
풍강 093380 당기법인세부채 73,115,694 394,990,530
풍강 093380 유동리스부채 0 0
풍강 093380 비유동부채 19,403,700,070 18,042,191,389
풍강 093380 사채 0 0
풍강 093380 장기차입금 15,000,000,000 13,800,000,000
풍강 093380 기타비유동금융부채 0 0
풍강 093380 이연법인세부채 0 0
풍강 093380 비유동리스부채 0 0
풍강 093380 부채총계 33,020,631,795 32,678,707,158
풍강 093380 자본금 4,939,656,500 4,939,656,500
풍강 093380 자본잉여금 0 0
풍강 093380 자본조정 0 0
풍강 093380 기타포괄손익누계액 0 0
풍강 093380 이익잉여금(결손금) 42,222,993,668 42,022,391,662
풍강 093380 자본총계 59,218,579,771 59,017,977,765
풍강 093380 자본과부채총계 92,239,211,566 91,696,684,923
date : 2016-02-29
풍강 093380 유동자산 32,432,809,192 33,667,687,755
풍강 093380 현금및현금성자산 767,070,902 1,300,406,930
풍강 093380 매출채권 및 기타유동채권
풍강 093380 재고자산 13,275,331,727 12,976,741,767
풍강 093380 기타유동금융자산 1,659,960,000 2,212,097,109
풍강 093380 기타유동자산 0 0
풍강 093380 매각예정비유동자산 0 0
풍강 093380 비유동자산 54,860,343,402 53,053,388,841
풍강 093380 장기금융상품 0 0
풍강 093380 기타포괄손익-공정가치 0 0
풍강 093380 당기손익인식공정가치측정금융자산 0 0
풍강 093380 종속회사투자 0 0
풍강 093380 관계회사투자 0 0
풍강 093380 렌탈자산 0 0
풍강 093380 유형자산 43,828,898,227 44,528,833,805
풍강 093380 무형자산 734,333,071 756,508,260
풍강 093380 기타비유동금융자산 22,963,500 52,393,500
풍강 093380 기타비유동자산 0 0
풍강 093380 사용권자산 0 0
풍강 093380 이연법인세자산 1,865,672,044 1,834,572,515
풍강 093380 자산총계 87,293,152,594 86,721,076,596
풍강 093380 유동부채 23,160,338,576 20,256,387,222
풍강 093380 단기매입채무 0 0
풍강 093380 단기차입금 12,693,180,334 4,542,515,000
풍강 093380 유동성장기차입금 2,571,040,000 2,571,040,000
풍강 093380 유동성사채 0 0
풍강 093380 기타유동금융부채 0 0
풍강 093380 기타유동부채 0 0
풍강 093380 당기법인세부채 315,970,760 99,626,161
풍강 093380 유동리스부채 0 0
풍강 093380 비유동부채 6,583,234,652 8,456,321,362
풍강 093380 사채 0 0
풍강 093380 장기차입금 3,213,800,000 4,499,320,000
풍강 093380 기타비유동금융부채 0 0
풍강 093380 이연법인세부채 0 0
풍강 093380 비유동리스부채 0 0
풍강 093380 부채총계 29,743,573,228 28,712,708,584
풍강 093380 자본금 4,939,656,500 4,939,656,500
풍강 093380 자본잉여금 0 0
풍강 093380 자본조정 0 0
풍강 093380 기타포괄손익누계액 0 0
풍강 093380 이익잉여금(결손금) 40,553,993,263 41,012,781,909
풍강 093380 자본총계 57,549,579,366 58,008,368,012
풍강 093380 자본과부채총계 87,293,152,594 86,721,076,596
date : 2016-05-31
풍강 093380 유동자산 34,374,753,600 33,667,687,755
풍강 093380 현금및현금성자산 1,236,728,646 1,300,406,930
풍강 093380 매출채권 및 기타유동채권
풍강 093380 재고자산 14,162,179,043 12,976,741,767
풍강 093380 기타유동금융자산 1,370,476,276 2,212,097,109
풍강 093380 기타유동자산 0 0
풍강 093380 매각예정비유동자산 0 0
풍강 093380 비유동자산 54,516,621,849 53,053,388,841
풍강 093380 장기금융상품 0 0
풍강 093380 기타포괄손익-공정가치 0 0
풍강 093380 당기손익인식공정가치측정금융자산 0 0
풍강 093380 종속회사투자 0 0
풍강 093380 관계회사투자 0 0
풍강 093380 렌탈자산 0 0
풍강 093380 유형자산 43,584,018,732 44,528,833,805
풍강 093380 무형자산 726,687,369 756,508,260
풍강 093380 기타비유동금융자산 22,443,500 52,393,500
풍강 093380 기타비유동자산 0 0
풍강 093380 사용권자산 0 0
풍강 093380 이연법인세자산 1,807,524,410 1,834,572,515
풍강 093380 자산총계 88,891,375,449 86,721,076,596
풍강 093380 유동부채 18,240,444,803 20,256,387,222
풍강 093380 단기매입채무 0 0
풍강 093380 단기차입금 9,642,808,569 4,542,515,000
풍강 093380 유동성장기차입금 2,571,040,000 2,176,940,000
풍강 093380 유동성사채 0 0
풍강 093380 기타유동금융부채 0 0
풍강 093380 기타유동부채 0 0
풍강 093380 당기법인세부채 315,970,760 99,626,161
풍강 093380 유동리스부채 0 0
풍강 093380 비유동부채 11,682,765,772 8,456,321,362
풍강 093380 사채 0 0
풍강 093380 장기차입금 8,000,000,000 4,499,320,000
풍강 093380 기타비유동금융부채 0 0
풍강 093380 이연법인세부채 0 0
풍강 093380 비유동리스부채 0 0
풍강 093380 부채총계 29,923,210,575 28,712,708,584
풍강 093380 자본금 4,939,656,500 4,939,656,500
풍강 093380 자본잉여금 0 0
풍강 093380 자본조정 0 0
풍강 093380 기타포괄손익누계액 0 0
풍강 093380 이익잉여금(결손금) 41,972,578,771 41,012,781,909
풍강 093380 자본총계 58,968,164,874 58,008,368,012
풍강 093380 자본과부채총계 88,891,375,449 86,721,076,596
date : 2016-08-31
풍강 093380 유동자산 33,595,301,804 33,667,687,755
풍강 093380 현금및현금성자산 1,432,117,334 1,300,406,930
풍강 093380 매출채권 및 기타유동채권
풍강 093380 재고자산 14,490,396,551 12,976,741,767
풍강 093380 기타유동금융자산 1,552,455,289 2,212,097,109
풍강 093380 기타유동자산 0 0
풍강 093380 매각예정비유동자산 0 0
풍강 093380 비유동자산 58,101,383,119 53,053,388,841
풍강 093380 장기금융상품 0 0
풍강 093380 기타포괄손익-공정가치 0 0
풍강 093380 당기손익인식공정가치측정금융자산 0 0
풍강 093380 종속회사투자 0 0
풍강 093380 관계회사투자 0 0
풍강 093380 렌탈자산 0 0
풍강 093380 유형자산 49,532,152,065 44,528,833,805
풍강 093380 무형자산 709,385,553 756,508,260
풍강 093380 기타비유동금융자산 22,303,500 52,393,500
풍강 093380 기타비유동자산 0 0
풍강 093380 사용권자산 0 0
풍강 093380 이연법인세자산 1,911,437,298 1,834,572,515
풍강 093380 자산총계 91,696,684,923 86,721,076,596
풍강 093380 유동부채 14,636,515,769 20,256,387,222
풍강 093380 단기매입채무 0 0
풍강 093380 단기차입금 7,400,000,000 4,542,515,000
풍강 093380 유동성장기차입금 2,571,040,000 2,176,940,000
풍강 093380 유동성사채 0 0
풍강 093380 기타유동금융부채 0 0
풍강 093380 기타유동부채 0 0
풍강 093380 당기법인세부채 394,990,530 315,970,760
풍강 093380 유동리스부채 0 0
풍강 093380 비유동부채 18,042,191,389 8,456,321,362
풍강 093380 사채 0 0
풍강 093380 장기차입금 13,800,000,000 4,499,320,000
풍강 093380 기타비유동금융부채 0 0
풍강 093380 이연법인세부채 0 0
풍강 093380 비유동리스부채 0 0
풍강 093380 부채총계 32,678,707,158 28,712,708,584
풍강 093380 자본금 4,939,656,500 4,939,656,500
풍강 093380 자본잉여금 0 0
풍강 093380 자본조정 0 0
풍강 093380 기타포괄손익누계액 0 0
풍강 093380 이익잉여금(결손금) 42,022,391,662 41,012,781,909
풍강 093380 자본총계 59,017,977,765 58,008,368,012
풍강 093380 자본과부채총계 91,696,684,923 86,721,076,596
date : 2017-11-30
풍강 093380 유동자산 36,322,053,784 36,936,062,821
풍강 093380 현금및현금성자산 1,809,356,417 1,897,367,179
풍강 093380 매출채권 13,451,948,262 13,773,668,748
풍강 093380 재고자산 14,449,446,589 14,970,772,743
풍강 093380 기타유동금융자산 1,320,000 810,000
풍강 093380 기타유동자산 275,810,868 120,262,061
풍강 093380 매각예정비유동자산 0 0
풍강 093380 비유동자산 55,958,138,800 56,267,398,825
풍강 093380 장기금융상품 0 0
풍강 093380 기타포괄손익-공정가치 0 0
풍강 093380 당기손익인식공정가치측정금융자산 0 0
풍강 093380 종속회사투자 0 0
풍강 093380 관계회사투자 0 0
풍강 093380 렌탈자산 0 0
풍강 093380 유형자산 48,751,674,935 49,230,119,134
풍강 093380 무형자산 574,965,914 585,864,365
풍강 093380 기타비유동금융자산 65,743,500 66,253,500
풍강 093380 기타비유동자산 0 0
풍강 093380 사용권자산 0 0
풍강 093380 이연법인세자산 1,669,428,093 1,575,916,140
풍강 093380 자산총계 92,280,192,584 93,203,461,646
풍강 093380 유동부채 11,289,816,093 12,244,852,350
풍강 093380 단기매입채무 5,878,787,842 5,442,230,170
풍강 093380 단기차입금 2,300,000,000 4,300,000,000
풍강 093380 유동성장기차입금 0 0
풍강 093380 유동성사채 0 0
풍강 093380 기타유동금융부채 1,914,018,439 1,080,088,151
풍강 093380 기타유동부채 0 0
풍강 093380 당기법인세부채 271,629,585 189,475,814
풍강 093380 유동리스부채 0 0
풍강 093380 비유동부채 19,823,733,061 19,541,034,429
풍강 093380 사채 0 0
풍강 093380 장기차입금 15,000,000,000 15,000,000,000
풍강 093380 기타비유동금융부채 53,894,400 53,894,400
풍강 093380 이연법인세부채 0 0
풍강 093380 비유동리스부채 0 0
풍강 093380 부채총계 31,113,549,154 31,785,886,779
풍강 093380 자본금 4,939,656,500 4,939,656,500
풍강 093380 자본잉여금 13,031,305,663 13,031,305,663
풍강 093380 자본조정 0 0
풍강 093380 기타포괄손익누계액 0 0
풍강 093380 이익잉여금(결손금) 44,171,057,327 44,421,988,764
풍강 093380 자본총계 61,166,643,430 61,417,574,867
풍강 093380 자본과부채총계 92,280,192,584 93,203,461,646
date : 2017-02-28
풍강 093380 유동자산 34,037,590,449 33,595,301,804
풍강 093380 현금및현금성자산 1,390,098,210 1,432,117,334
풍강 093380 매출채권 및 기타유동채권
풍강 093380 재고자산 13,686,061,456 14,490,396,551
풍강 093380 기타유동금융자산 1,477,204,865 1,552,455,289
풍강 093380 기타유동자산 0 0
풍강 093380 매각예정비유동자산 0 0
풍강 093380 비유동자산 58,659,231,365 58,101,383,119
풍강 093380 장기금융상품 0 0
풍강 093380 기타포괄손익-공정가치 0 0
풍강 093380 당기손익인식공정가치측정금융자산 0 0
풍강 093380 종속회사투자 0 0
풍강 093380 관계회사투자 0 0
풍강 093380 렌탈자산 0 0
풍강 093380 유형자산 50,606,651,342 49,532,152,065
풍강 093380 무형자산 606,738,365 709,385,553
풍강 093380 기타비유동금융자산 66,253,500 22,303,500
풍강 093380 기타비유동자산 0 0
풍강 093380 사용권자산 0 0
풍강 093380 이연법인세자산 1,625,409,821 1,911,437,298
풍강 093380 자산총계 92,696,821,814 91,696,684,923
풍강 093380 유동부채 12,879,952,381 14,636,515,769
풍강 093380 단기매입채무 0 0
풍강 093380 단기차입금 4,800,000,000 7,400,000,000
풍강 093380 유동성장기차입금 2,571,040,000 7,400,000,000
풍강 093380 유동성사채 0 0
풍강 093380 기타유동금융부채 0 0
풍강 093380 기타유동부채 0 0
풍강 093380 당기법인세부채 65,463,870 394,990,530
풍강 093380 유동리스부채 0 0
풍강 093380 비유동부채 19,554,695,818 18,042,191,389
풍강 093380 사채 0 0
풍강 093380 장기차입금 15,000,000,000 13,800,000,000
풍강 093380 기타비유동금융부채 0 0
풍강 093380 이연법인세부채 0 0
풍강 093380 비유동리스부채 0 0
풍강 093380 부채총계 32,434,648,199 32,678,707,158
풍강 093380 자본금 4,939,656,500 4,939,656,500
풍강 093380 자본잉여금 0 0
풍강 093380 자본조정 0 0
풍강 093380 기타포괄손익누계액 0 0
풍강 093380 이익잉여금(결손금) 43,266,587,512 42,022,391,662
풍강 093380 자본총계 60,262,173,615 59,017,977,765
풍강 093380 자본과부채총계 92,696,821,814 91,696,684,923
date : 2017-05-31
풍강 093380 유동자산 33,442,206,341 33,595,301,804
풍강 093380 현금및현금성자산 1,563,182,563 1,432,117,334
풍강 093380 매출채권 및 기타유동채권
풍강 093380 재고자산 14,133,418,797 14,490,396,551
풍강 093380 기타유동금융자산 1,988,116,729 1,552,455,289
풍강 093380 기타유동자산 0 0
풍강 093380 매각예정비유동자산 0 0
풍강 093380 비유동자산 57,039,295,112 58,101,383,119
풍강 093380 장기금융상품 0 0
풍강 093380 기타포괄손익-공정가치 0 0
풍강 093380 당기손익인식공정가치측정금융자산 0 0
풍강 093380 종속회사투자 0 0
풍강 093380 관계회사투자 0 0
풍강 093380 렌탈자산 0 0
풍강 093380 유형자산 49,679,531,618 49,532,152,065
풍강 093380 무형자산 596,301,370 709,385,553
풍강 093380 기타비유동금융자산 66,253,500 22,303,500
풍강 093380 기타비유동자산 0 0
풍강 093380 사용권자산 0 0
풍강 093380 이연법인세자산 1,771,907,612 1,911,437,298
풍강 093380 자산총계 90,481,501,453 91,696,684,923
풍강 093380 유동부채 9,780,343,117 14,636,515,769
풍강 093380 단기매입채무 0 0
풍강 093380 단기차입금 2,300,000,000 7,400,000,000
풍강 093380 유동성장기차입금 0 0
풍강 093380 유동성사채 0 0
풍강 093380 기타유동금융부채 0 0
풍강 093380 기타유동부채 0 0
풍강 093380 당기법인세부채 221,867,493 394,990,530
풍강 093380 유동리스부채 0 0
풍강 093380 비유동부채 19,681,902,462 18,042,191,389
풍강 093380 사채 0 0
풍강 093380 장기차입금 15,000,000,000 13,800,000,000
풍강 093380 기타비유동금융부채 0 0
풍강 093380 이연법인세부채 0 0
풍강 093380 비유동리스부채 0 0
풍강 093380 부채총계 29,462,245,579 32,678,707,158
풍강 093380 자본금 4,939,656,500 4,939,656,500
풍강 093380 자본잉여금 0 0
풍강 093380 자본조정 0 0
풍강 093380 기타포괄손익누계액 0 0
풍강 093380 이익잉여금(결손금) 44,023,669,771 42,022,391,662
풍강 093380 자본총계 61,019,255,874 59,017,977,765
풍강 093380 자본과부채총계 90,481,501,453 91,696,684,923
date : 2017-08-31
풍강 093380 유동자산 36,936,062,821 33,595,301,804
풍강 093380 현금및현금성자산 1,897,367,179 1,432,117,334
풍강 093380 매출채권 13,773,668,748 15,443,288,797
풍강 093380 재고자산 14,970,772,743 14,490,396,551
풍강 093380 기타유동금융자산 810,000 36,005,000
풍강 093380 기타유동자산 120,262,061 112,165,109
풍강 093380 매각예정비유동자산 0 0
풍강 093380 비유동자산 56,267,398,825 58,101,383,119
풍강 093380 장기금융상품 0 0
풍강 093380 기타포괄손익-공정가치 0 0
풍강 093380 당기손익인식공정가치측정금융자산 0 0
풍강 093380 종속회사투자 0 0
풍강 093380 관계회사투자 0 0
풍강 093380 렌탈자산 0 0
풍강 093380 유형자산 49,230,119,134 49,532,152,065
풍강 093380 무형자산 585,864,365 709,385,553
풍강 093380 기타비유동금융자산 66,253,500 22,303,500
풍강 093380 기타비유동자산 0 0
풍강 093380 사용권자산 0 0
풍강 093380 이연법인세자산 1,575,916,140 1,911,437,298
풍강 093380 자산총계 93,203,461,646 91,696,684,923
풍강 093380 유동부채 12,244,852,350 14,636,515,769
풍강 093380 단기매입채무 5,442,230,170 5,053,417,145
풍강 093380 단기차입금 4,300,000,000 7,400,000,000
풍강 093380 유동성장기차입금 0 0
풍강 093380 유동성사채 0 0
풍강 093380 기타유동금융부채 1,080,088,151 1,069,849,566
풍강 093380 기타유동부채 0 0
풍강 093380 당기법인세부채 189,475,814 394,990,530
풍강 093380 유동리스부채 0 0
풍강 093380 비유동부채 19,541,034,429 18,042,191,389
풍강 093380 사채 0 0
풍강 093380 장기차입금 15,000,000,000 13,800,000,000
풍강 093380 기타비유동금융부채 53,894,400 53,894,400
풍강 093380 이연법인세부채 0 0
풍강 093380 비유동리스부채 0 0
풍강 093380 부채총계 31,785,886,779 32,678,707,158
풍강 093380 자본금 4,939,656,500 4,939,656,500
풍강 093380 자본잉여금 13,031,305,663 13,031,305,663
풍강 093380 자본조정 0 0
풍강 093380 기타포괄손익누계액 0 0
풍강 093380 이익잉여금(결손금) 44,421,988,764 42,022,391,662
풍강 093380 자본총계 61,417,574,867 59,017,977,765
풍강 093380 자본과부채총계 93,203,461,646 91,696,684,923
date : 2018-11-30
풍강 093380 유동자산 34,097,046,210 32,252,364,717
풍강 093380 현금및현금성자산 2,312,838,262 989,365,852
풍강 093380 매출채권 13,963,725,434 13,476,620,047
풍강 093380 재고자산 13,839,093,247 14,235,819,854
풍강 093380 기타유동금융자산 3,425,000 510,000
풍강 093380 기타유동자산 714,805,195 275,090,695
풍강 093380 매각예정비유동자산 0 0
풍강 093380 비유동자산 61,950,419,941 62,463,777,686
풍강 093380 장기금융상품 0 0
풍강 093380 기타포괄손익-공정가치 0 0
풍강 093380 당기손익인식공정가치측정금융자산 0 0
풍강 093380 종속회사투자 0 0
풍강 093380 관계회사투자 0 0
풍강 093380 렌탈자산 0 0
풍강 093380 유형자산 52,433,858,582 52,639,128,476
풍강 093380 무형자산 696,088,157 703,831,111
풍강 093380 기타비유동금융자산 637,068,500 887,993,500
풍강 093380 기타비유동자산 0 0
풍강 093380 사용권자산 0 0
풍강 093380 이연법인세자산 1,750,988,306 1,685,976,224
풍강 093380 자산총계 96,047,466,151 94,716,142,403
풍강 093380 유동부채 20,632,740,049 19,244,174,333
풍강 093380 단기매입채무 5,816,910,801 5,200,744,066
풍강 093380 단기차입금 3,500,000,000 3,500,000,000
풍강 093380 유동성장기차입금 8,580,000,000 8,290,000,000
풍강 093380 유동성사채 0 0
풍강 093380 기타유동금융부채 1,650,483,104 1,265,802,197
풍강 093380 기타유동부채 0 0
풍강 093380 당기법인세부채 96,984,885 3,224,871
풍강 093380 유동리스부채 0 0
풍강 093380 비유동부채 13,597,965,936 13,453,917,052
풍강 093380 사채 0 0
풍강 093380 장기차입금 8,820,000,000 9,110,000,000
풍강 093380 기타비유동금융부채 53,894,400 53,894,400
풍강 093380 이연법인세부채 0 0
풍강 093380 비유동리스부채 0 0
풍강 093380 부채총계 34,230,705,985 32,698,091,385
풍강 093380 자본금 4,939,656,500 4,939,656,500
풍강 093380 자본잉여금 13,031,305,663 13,031,305,663
풍강 093380 자본조정 0 0
풍강 093380 기타포괄손익누계액 -193,050,000 -112,304,754
풍강 093380 이익잉여금(결손금) 45,014,224,063 45,134,769,669
풍강 093380 자본총계 61,816,760,166 62,018,051,018
풍강 093380 자본과부채총계 96,047,466,151 94,716,142,403
date : 2018-02-28
풍강 093380 유동자산 38,766,040,542 36,936,062,821
풍강 093380 현금및현금성자산 1,741,960,301 1,897,367,179
풍강 093380 매출채권 13,676,371,132 13,773,668,748
풍강 093380 재고자산 16,887,596,856 14,970,772,743
풍강 093380 기타유동금융자산 510,000 810,000
풍강 093380 기타유동자산 537,221,189 120,262,061
풍강 093380 매각예정비유동자산 0 0
풍강 093380 비유동자산 56,871,340,646 56,267,398,825
풍강 093380 장기금융상품 0 0
풍강 093380 기타포괄손익-공정가치 0 0
풍강 093380 당기손익인식공정가치측정금융자산 0 0
풍강 093380 종속회사투자 0 0
풍강 093380 관계회사투자 0 0
풍강 093380 렌탈자산 0 0
풍강 093380 유형자산 48,707,371,170 49,230,119,134
풍강 093380 무형자산 567,161,096 585,864,365
풍강 093380 기타비유동금융자산 1,058,493,500 66,253,500
풍강 093380 기타비유동자산 0 0
풍강 093380 사용권자산 0 0
풍강 093380 이연법인세자산 1,633,727,850 1,575,916,140
풍강 093380 자산총계 95,637,381,188 93,203,461,646
풍강 093380 유동부채 15,028,912,791 12,244,852,350
풍강 093380 단기매입채무 4,893,341,825 5,442,230,170
풍강 093380 단기차입금 7,100,000,000 4,300,000,000
풍강 093380 유동성장기차입금 0 0
풍강 093380 유동성사채 0 0
풍강 093380 기타유동금융부채 1,565,436,362 1,080,088,151
풍강 093380 기타유동부채 0 0
풍강 093380 당기법인세부채 172,416,716 189,475,814
풍강 093380 유동리스부채 0 0
풍강 093380 비유동부채 18,856,906,676 19,541,034,429
풍강 093380 사채 0 0
풍강 093380 장기차입금 15,000,000,000 15,000,000,000
풍강 093380 기타비유동금융부채 53,894,400 53,894,400
풍강 093380 이연법인세부채 0 0
풍강 093380 비유동리스부채 0 0
풍강 093380 부채총계 33,885,819,467 31,785,886,779
풍강 093380 자본금 4,939,656,500 4,939,656,500
풍강 093380 자본잉여금 13,031,305,663 13,031,305,663
풍강 093380 자본조정 0 0
풍강 093380 기타포괄손익누계액 20,685,246 13,031,305,663
풍강 093380 이익잉여금(결손금) 44,735,290,372 44,421,988,764
풍강 093380 자본총계 61,751,561,721 61,417,574,867
풍강 093380 자본과부채총계 95,637,381,188 93,203,461,646
date : 2018-05-31
풍강 093380 유동자산 36,779,987,311 36,936,062,821
풍강 093380 현금및현금성자산 2,242,984,670 1,897,367,179
풍강 093380 매출채권 13,969,824,478 13,773,668,748
풍강 093380 재고자산 15,367,038,568 14,970,772,743
풍강 093380 기타유동금융자산 510,000 810,000
풍강 093380 기타유동자산 160,937,562 120,262,061
풍강 093380 매각예정비유동자산 0 0
풍강 093380 비유동자산 61,331,070,467 56,267,398,825
풍강 093380 장기금융상품 0 0
풍강 093380 기타포괄손익-공정가치 0 0
풍강 093380 당기손익인식공정가치측정금융자산 0 0
풍강 093380 종속회사투자 0 0
풍강 093380 관계회사투자 0 0
풍강 093380 렌탈자산 0 0
풍강 093380 유형자산 52,481,785,514 49,230,119,134
풍강 093380 무형자산 711,644,847 585,864,365
풍강 093380 기타비유동금융자산 981,494,954 66,253,500
풍강 093380 기타비유동자산 0 0
풍강 093380 사용권자산 0 0
풍강 093380 이연법인세자산 1,694,217,450 1,575,916,140
풍강 093380 자산총계 98,111,057,778 93,203,461,646
풍강 093380 유동부채 22,122,500,702 12,244,852,350
풍강 093380 단기매입채무 5,227,271,371 5,442,230,170
풍강 093380 단기차입금 5,600,000,000 4,300,000,000
풍강 093380 유동성장기차입금 8,000,000,000 4,300,000,000
풍강 093380 유동성사채 0 0
풍강 093380 기타유동금융부채 1,299,201,828 1,080,088,151
풍강 093380 기타유동부채 0 0
풍강 093380 당기법인세부채 128,187,815 189,475,814
풍강 093380 유동리스부채 0 0
풍강 093380 비유동부채 13,812,189,729 19,541,034,429
풍강 093380 사채 0 0
풍강 093380 장기차입금 9,400,000,000 15,000,000,000
풍강 093380 기타비유동금융부채 53,894,400 53,894,400
풍강 093380 이연법인세부채 0 0
풍강 093380 비유동리스부채 0 0
풍강 093380 부채총계 35,934,690,431 31,785,886,779
풍강 093380 자본금 4,939,656,500 4,939,656,500
풍강 093380 자본잉여금 13,031,305,663 13,031,305,663
풍강 093380 자본조정 0 0
풍강 093380 기타포괄손익누계액 -39,373,620 13,031,305,663
풍강 093380 이익잉여금(결손금) 45,220,154,864 44,421,988,764
풍강 093380 자본총계 62,176,367,347 61,417,574,867
풍강 093380 자본과부채총계 98,111,057,778 93,203,461,646
date : 2018-08-31
풍강 093380 유동자산 32,252,364,717 36,936,062,821
풍강 093380 현금및현금성자산 989,365,852 1,897,367,179
풍강 093380 매출채권 13,476,620,047 13,773,668,748
풍강 093380 재고자산 14,235,819,854 14,970,772,743
풍강 093380 기타유동금융자산 510,000 810,000
풍강 093380 기타유동자산 275,090,695 120,262,061
풍강 093380 매각예정비유동자산 0 0
풍강 093380 비유동자산 62,463,777,686 56,267,398,825
풍강 093380 장기금융상품 0 0
풍강 093380 기타포괄손익-공정가치 0 0
풍강 093380 당기손익인식공정가치측정금융자산 0 0
풍강 093380 종속회사투자 0 0
풍강 093380 관계회사투자 0 0
풍강 093380 렌탈자산 0 0
풍강 093380 유형자산 52,639,128,476 49,230,119,134
풍강 093380 무형자산 703,831,111 585,864,365
풍강 093380 기타비유동금융자산 887,993,500 66,253,500
풍강 093380 기타비유동자산 0 0
풍강 093380 사용권자산 0 0
풍강 093380 이연법인세자산 1,685,976,224 1,575,916,140
풍강 093380 자산총계 94,716,142,403 93,203,461,646
풍강 093380 유동부채 19,244,174,333 12,244,852,350
풍강 093380 단기매입채무 5,200,744,066 5,442,230,170
풍강 093380 단기차입금 3,500,000,000 4,300,000,000
풍강 093380 유동성장기차입금 8,290,000,000 4,300,000,000
풍강 093380 유동성사채 0 0
풍강 093380 기타유동금융부채 1,265,802,197 1,080,088,151
풍강 093380 기타유동부채 0 0
풍강 093380 당기법인세부채 3,224,871 189,475,814
풍강 093380 유동리스부채 0 0
풍강 093380 비유동부채 13,453,917,052 19,541,034,429
풍강 093380 사채 0 0
풍강 093380 장기차입금 9,110,000,000 15,000,000,000
풍강 093380 기타비유동금융부채 53,894,400 53,894,400
풍강 093380 이연법인세부채 0 0
풍강 093380 비유동리스부채 0 0
풍강 093380 부채총계 32,698,091,385 31,785,886,779
풍강 093380 자본금 4,939,656,500 4,939,656,500
풍강 093380 자본잉여금 13,031,305,663 13,031,305,663
풍강 093380 자본조정 0 0
풍강 093380 기타포괄손익누계액 -112,304,754 13,031,305,663
풍강 093380 이익잉여금(결손금) 45,134,769,669 44,421,988,764
풍강 093380 자본총계 62,018,051,018 61,417,574,867
풍강 093380 자본과부채총계 94,716,142,403 93,203,461,646
