date : 2019-03-31
케이아이엔엑스 093320 유동자산 42,156,357,524 40,730,623,743
케이아이엔엑스 093320 현금및현금성자산 7,688,253,344 14,867,158,092
케이아이엔엑스 093320 매출채권 및 기타유동채권
케이아이엔엑스 093320 매출채권 9,089,658,151 7,471,705,614
케이아이엔엑스 093320 기타유동금융자산 12,269,543,025 5,439,875,015
케이아이엔엑스 093320 비유동자산 42,298,696,855 26,385,468,180
케이아이엔엑스 093320 유형자산 26,955,526,884 11,128,342,443
케이아이엔엑스 093320 사용권자산 13,657,720,999 0
케이아이엔엑스 093320 무형자산 383,615,248 387,710,982
케이아이엔엑스 093320 자산총계 84,455,054,379 67,116,091,923
케이아이엔엑스 093320 유동부채 14,194,733,036 4,288,954,770
케이아이엔엑스 093320 단기매입채무 3,674,461,527 1,245,156,658
케이아이엔엑스 093320 유동리스부채 5,620,633,230 0
케이아이엔엑스 093320 비유동부채 6,051,685,979 204,761,221
케이아이엔엑스 093320 비유동리스부채 5,822,818,074 0
케이아이엔엑스 093320 이연법인세부채 228,867,905 204,761,221
케이아이엔엑스 093320 부채총계 20,246,419,015 4,493,715,991
케이아이엔엑스 093320 자본금 2,440,000,000 2,440,000,000
케이아이엔엑스 093320 자본잉여금 11,305,491,757 11,305,491,757
케이아이엔엑스 093320 이익잉여금(결손금) 53,882,075,782 52,295,816,350
케이아이엔엑스 093320 자본총계 64,208,635,364 62,622,375,932
케이아이엔엑스 093320 자본과부채총계 84,455,054,379 67,116,091,923
