date : 2015-12-31
매커스 093520 유동자산 60,573,552,732 44,995,491,963
매커스 093520 현금및현금성자산 13,976,880,088 3,095,848,890
매커스 093520 매출채권 및 기타유동채권
매커스 093520 재고자산 5,587,412,421 5,484,252,626
매커스 093520 기타유동금융자산 4,017,500,000 6,747,500,000
매커스 093520 기타유동자산 0 0
매커스 093520 매각예정비유동자산 0 0
매커스 093520 비유동자산 18,818,709,204 18,182,914,628
매커스 093520 장기금융상품 0 0
매커스 093520 기타포괄손익-공정가치 0 0
매커스 093520 당기손익인식공정가치측정금융자산 0 0
매커스 093520 종속회사투자 0 0
매커스 093520 관계회사투자 0 0
매커스 093520 렌탈자산 0 0
매커스 093520 유형자산 4,225,159,500 4,289,417,652
매커스 093520 무형자산 79,366,668 108,166,668
매커스 093520 기타비유동금융자산 197,057,400 174,371,111
매커스 093520 기타비유동자산 0 0
매커스 093520 사용권자산 0 0
매커스 093520 이연법인세자산 487,606,664 411,439,225
매커스 093520 자산총계 79,392,261,936 63,178,406,591
매커스 093520 유동부채 36,101,573,516 23,202,976,998
매커스 093520 단기매입채무 0 0
매커스 093520 단기차입금 1,200,000,000 7,685,280,000
매커스 093520 유동성장기차입금 0 0
매커스 093520 유동성사채 0 0
매커스 093520 기타유동금융부채 0 0
매커스 093520 기타유동부채 0 0
매커스 093520 당기법인세부채 815,111,385 483,833,641
매커스 093520 유동리스부채 0 0
매커스 093520 비유동부채 43,557,452 20,000,000
매커스 093520 사채 0 0
매커스 093520 장기차입금 0 0
매커스 093520 기타비유동금융부채 20,000,000 20,000,000
매커스 093520 이연법인세부채 0 0
매커스 093520 비유동리스부채 0 0
매커스 093520 부채총계 36,145,130,968 23,202,976,998
매커스 093520 자본금 8,066,546,000 8,066,546,000
매커스 093520 자본잉여금 8,259,864,100 8,259,864,100
매커스 093520 자본조정 0 0
매커스 093520 기타포괄손익누계액 -22,735,991 59,733,359
매커스 093520 이익잉여금(결손금) 29,962,233,617 24,607,890,025
매커스 093520 자본총계 43,247,130,968 39,975,429,593
매커스 093520 자본과부채총계 79,392,261,936 63,178,406,591
date : 2016-03-31
매커스 093520 유동자산 51,632,065,880 60,573,552,732
매커스 093520 현금및현금성자산 11,032,176,777 13,976,880,088
매커스 093520 매출채권 및 기타유동채권
매커스 093520 재고자산 6,205,970,628 5,587,412,421
매커스 093520 기타유동금융자산 4,017,500,000 4,017,500,000
매커스 093520 기타유동자산 0 0
매커스 093520 매각예정비유동자산 0 0
매커스 093520 비유동자산 18,731,507,594 18,818,709,204
매커스 093520 장기금융상품 0 0
매커스 093520 기타포괄손익-공정가치 0 0
매커스 093520 당기손익인식공정가치측정금융자산 0 0
매커스 093520 종속회사투자 0 0
매커스 093520 관계회사투자 0 0
매커스 093520 렌탈자산 0 0
매커스 093520 유형자산 4,210,545,911 4,225,159,500
매커스 093520 무형자산 72,166,671 79,366,668
매커스 093520 기타비유동금융자산 197,057,400 197,057,400
매커스 093520 기타비유동자산 0 0
매커스 093520 사용권자산 0 0
매커스 093520 이연법인세자산 422,218,640 487,606,664
매커스 093520 자산총계 70,363,573,474 79,392,261,936
매커스 093520 유동부채 27,293,970,874 36,101,573,516
매커스 093520 단기매입채무 0 0
매커스 093520 단기차입금 1,200,000,000 1,200,000,000
매커스 093520 유동성장기차입금 0 0
매커스 093520 유동성사채 0 0
매커스 093520 기타유동금융부채 0 0
매커스 093520 기타유동부채 0 0
매커스 093520 당기법인세부채 572,783,852 815,111,385
매커스 093520 유동리스부채 0 0
매커스 093520 비유동부채 185,580,449 43,557,452
매커스 093520 사채 0 0
매커스 093520 장기차입금 0 0
매커스 093520 기타비유동금융부채 165,580,449 20,000,000
매커스 093520 이연법인세부채 0 0
매커스 093520 비유동리스부채 0 0
매커스 093520 부채총계 27,479,551,323 36,145,130,968
매커스 093520 자본금 8,066,546,000 8,066,546,000
매커스 093520 자본잉여금 8,259,864,100 8,259,864,100
매커스 093520 자본조정 0 0
매커스 093520 기타포괄손익누계액 -64,652,828 -22,735,991
매커스 093520 이익잉여금(결손금) 29,641,041,637 29,962,233,617
매커스 093520 자본총계 42,884,022,151 43,247,130,968
매커스 093520 자본과부채총계 70,363,573,474 79,392,261,936
date : 2016-06-30
매커스 093520 유동자산 77,335,736,843 60,573,552,732
매커스 093520 현금및현금성자산 9,448,311,851 13,976,880,088
매커스 093520 매출채권 및 기타유동채권
매커스 093520 재고자산 7,520,906,420 5,587,412,421
매커스 093520 기타유동금융자산 4,017,500,000 4,017,500,000
매커스 093520 기타유동자산 0 0
매커스 093520 매각예정비유동자산 0 0
매커스 093520 비유동자산 18,886,476,989 18,818,709,204
매커스 093520 장기금융상품 0 0
매커스 093520 기타포괄손익-공정가치 0 0
매커스 093520 당기손익인식공정가치측정금융자산 0 0
매커스 093520 종속회사투자 0 0
매커스 093520 관계회사투자 0 0
매커스 093520 렌탈자산 0 0
매커스 093520 유형자산 4,200,899,143 4,225,159,500
매커스 093520 무형자산 77,369,008 79,366,668
매커스 093520 기타비유동금융자산 197,057,400 197,057,400
매커스 093520 기타비유동자산 0 0
매커스 093520 사용권자산 0 0
매커스 093520 이연법인세자산 581,632,466 487,606,664
매커스 093520 자산총계 96,222,213,832 79,392,261,936
매커스 093520 유동부채 52,256,620,764 36,101,573,516
매커스 093520 단기매입채무 0 0
매커스 093520 단기차입금 11,733,498,313 1,200,000,000
매커스 093520 유동성장기차입금 0 0
매커스 093520 유동성사채 0 0
매커스 093520 기타유동금융부채 0 0
매커스 093520 기타유동부채 0 0
매커스 093520 당기법인세부채 422,404,160 815,111,385
매커스 093520 유동리스부채 0 0
매커스 093520 비유동부채 227,603,446 43,557,452
매커스 093520 사채 0 0
매커스 093520 장기차입금 0 0
매커스 093520 기타비유동금융부채 20,000,000 20,000,000
매커스 093520 이연법인세부채 0 0
매커스 093520 비유동리스부채 0 0
매커스 093520 부채총계 52,484,224,210 36,145,130,968
매커스 093520 자본금 8,066,546,000 8,066,546,000
매커스 093520 자본잉여금 8,259,864,100 8,259,864,100
매커스 093520 자본조정 0 0
매커스 093520 기타포괄손익누계액 -95,088,904 -22,735,991
매커스 093520 이익잉여금(결손금) 30,525,445,184 29,962,233,617
매커스 093520 자본총계 43,737,989,622 43,247,130,968
매커스 093520 자본과부채총계 96,222,213,832 79,392,261,936
date : 2016-09-30
매커스 093520 유동자산 75,240,386,659 60,573,552,732
매커스 093520 현금및현금성자산 19,439,869,167 13,976,880,088
매커스 093520 매출채권 및 기타유동채권
매커스 093520 재고자산 4,564,129,259 5,587,412,421
매커스 093520 기타유동금융자산 4,017,500,000 4,017,500,000
매커스 093520 기타유동자산 0 0
매커스 093520 매각예정비유동자산 0 0
매커스 093520 비유동자산 18,530,414,954 18,818,709,204
매커스 093520 장기금융상품 0 0
매커스 093520 기타포괄손익-공정가치 0 0
매커스 093520 당기손익인식공정가치측정금융자산 0 0
매커스 093520 종속회사투자 0 0
매커스 093520 관계회사투자 0 0
매커스 093520 렌탈자산 0 0
매커스 093520 유형자산 4,187,038,629 4,225,159,500
매커스 093520 무형자산 69,527,512 79,366,668
매커스 093520 기타비유동금융자산 221,825,400 197,057,400
매커스 093520 기타비유동자산 0 0
매커스 093520 사용권자산 0 0
매커스 093520 이연법인세자산 422,504,441 487,606,664
매커스 093520 자산총계 93,770,801,613 79,392,261,936
매커스 093520 유동부채 48,239,233,177 36,101,573,516
매커스 093520 단기매입채무 0 0
매커스 093520 단기차입금 11,114,891,561 1,200,000,000
매커스 093520 유동성장기차입금 0 0
매커스 093520 유동성사채 0 0
매커스 093520 기타유동금융부채 0 0
매커스 093520 기타유동부채 0 0
매커스 093520 당기법인세부채 524,693,746 815,111,385
매커스 093520 유동리스부채 0 0
매커스 093520 비유동부채 349,626,441 43,557,452
매커스 093520 사채 0 0
매커스 093520 장기차입금 0 0
매커스 093520 기타비유동금융부채 20,000,000 43,557,452
매커스 093520 이연법인세부채 0 0
매커스 093520 비유동리스부채 0 0
매커스 093520 부채총계 48,588,859,618 36,145,130,968
매커스 093520 자본금 8,066,546,000 8,066,546,000
매커스 093520 자본잉여금 8,259,864,100 8,259,864,100
매커스 093520 자본조정 0 0
매커스 093520 기타포괄손익누계액 -113,021,415 -22,735,991
매커스 093520 이익잉여금(결손금) 31,987,330,068 29,962,233,617
매커스 093520 자본총계 45,181,941,995 43,247,130,968
매커스 093520 자본과부채총계 93,770,801,613 79,392,261,936
date : 2016-12-31
매커스 093520 유동자산 64,404,462,897 60,573,552,732
매커스 093520 현금및현금성자산 8,946,327,822 13,976,880,088
매커스 093520 매출채권 및 기타유동채권
매커스 093520 재고자산 6,381,959,575 5,587,412,421
매커스 093520 기타유동금융자산 4,017,500,000 4,017,500,000
매커스 093520 기타유동자산 0 0
매커스 093520 매각예정비유동자산 0 0
매커스 093520 비유동자산 17,869,456,928 18,818,709,204
매커스 093520 장기금융상품 0 0
매커스 093520 기타포괄손익-공정가치 0 0
매커스 093520 당기손익인식공정가치측정금융자산 0 0
매커스 093520 종속회사투자 0 0
매커스 093520 관계회사투자 0 0
매커스 093520 렌탈자산 0 0
매커스 093520 유형자산 4,174,657,906 4,225,159,500
매커스 093520 무형자산 61,686,002 79,366,668
매커스 093520 기타비유동금융자산 221,825,400 197,057,400
매커스 093520 기타비유동자산 0 0
매커스 093520 사용권자산 0 0
매커스 093520 이연법인세자산 571,768,648 487,606,664
매커스 093520 자산총계 82,273,919,825 79,392,261,936
매커스 093520 유동부채 36,571,875,602 36,101,573,516
매커스 093520 단기매입채무 0 0
매커스 093520 단기차입금 1,200,000,000 1,200,000,000
매커스 093520 유동성장기차입금 0 0
매커스 093520 유동성사채 0 0
매커스 093520 기타유동금융부채 0 0
매커스 093520 기타유동부채 0 0
매커스 093520 당기법인세부채 751,623,663 815,111,385
매커스 093520 유동리스부채 0 0
매커스 093520 비유동부채 82,364,265 43,557,452
매커스 093520 사채 0 0
매커스 093520 장기차입금 0 0
매커스 093520 기타비유동금융부채 20,000,000 43,557,452
매커스 093520 이연법인세부채 0 0
매커스 093520 비유동리스부채 0 0
매커스 093520 부채총계 36,654,239,867 36,145,130,968
매커스 093520 자본금 8,081,546,000 8,066,546,000
매커스 093520 자본잉여금 8,311,483,100 8,259,864,100
매커스 093520 자본조정 0 0
매커스 093520 기타포괄손익누계액 6,751,302 -22,735,991
매커스 093520 이익잉여금(결손금) 32,262,226,314 29,962,233,617
매커스 093520 자본총계 45,619,679,958 43,247,130,968
매커스 093520 자본과부채총계 82,273,919,825 79,392,261,936
date : 2017-03-31
매커스 093520 유동자산 79,761,584,922 64,404,462,897
매커스 093520 현금및현금성자산 18,002,115,412 8,946,327,822
매커스 093520 매출채권 및 기타유동채권
매커스 093520 재고자산 10,418,009,648 6,381,959,575
매커스 093520 기타유동금융자산 4,017,500,000 4,017,500,000
매커스 093520 기타유동자산 0 0
매커스 093520 매각예정비유동자산 0 0
매커스 093520 비유동자산 18,056,557,654 17,869,456,928
매커스 093520 장기금융상품 0 0
매커스 093520 기타포괄손익-공정가치 0 0
매커스 093520 당기손익인식공정가치측정금융자산 0 0
매커스 093520 종속회사투자 0 0
매커스 093520 관계회사투자 0 0
매커스 093520 렌탈자산 0 0
매커스 093520 유형자산 4,165,098,573 4,174,657,906
매커스 093520 무형자산 55,173,674 61,686,002
매커스 093520 기타비유동금융자산 221,825,400 221,825,400
매커스 093520 기타비유동자산 0 0
매커스 093520 사용권자산 0 0
매커스 093520 이연법인세자산 774,941,035 571,768,648
매커스 093520 자산총계 97,818,142,576 82,273,919,825
매커스 093520 유동부채 52,960,732,938 36,571,875,602
매커스 093520 단기매입채무 0 0
매커스 093520 단기차입금 13,013,900,000 1,200,000,000
매커스 093520 유동성장기차입금 0 0
매커스 093520 유동성사채 0 0
매커스 093520 기타유동금융부채 0 0
매커스 093520 기타유동부채 0 0
매커스 093520 당기법인세부채 1,104,735,455 751,623,663
매커스 093520 유동리스부채 0 0
매커스 093520 비유동부채 172,146,896 82,364,265
매커스 093520 사채 0 0
매커스 093520 장기차입금 0 0
매커스 093520 기타비유동금융부채 20,000,000 82,364,265
매커스 093520 이연법인세부채 0 0
매커스 093520 비유동리스부채 0 0
매커스 093520 부채총계 53,132,879,834 36,654,239,867
매커스 093520 자본금 8,081,546,000 8,081,546,000
매커스 093520 자본잉여금 8,311,483,100 8,311,483,100
매커스 093520 자본조정 0 0
매커스 093520 기타포괄손익누계액 6,751,302 -22,735,991
매커스 093520 이익잉여금(결손금) 32,541,307,828 32,262,226,314
매커스 093520 자본총계 44,685,262,742 45,619,679,958
매커스 093520 자본과부채총계 97,818,142,576 82,273,919,825
date : 2017-06-30
매커스 093520 유동자산 91,832,819,371 64,404,462,897
매커스 093520 현금및현금성자산 23,456,603,244 8,946,327,822
매커스 093520 매출채권 및 기타유동채권
매커스 093520 재고자산 9,888,606,719 6,381,959,575
매커스 093520 기타유동금융자산 1,580,000,000 4,017,500,000
매커스 093520 기타유동자산 0 0
매커스 093520 매각예정비유동자산 0 0
매커스 093520 비유동자산 18,562,789,474 17,869,456,928
매커스 093520 장기금융상품 0 0
매커스 093520 기타포괄손익-공정가치 0 0
매커스 093520 당기손익인식공정가치측정금융자산 0 0
매커스 093520 종속회사투자 0 0
매커스 093520 관계회사투자 0 0
매커스 093520 렌탈자산 0 0
매커스 093520 유형자산 4,157,004,880 4,174,657,906
매커스 093520 무형자산 48,661,346 61,686,002
매커스 093520 기타비유동금융자산 221,825,400 221,825,400
매커스 093520 기타비유동자산 0 0
매커스 093520 사용권자산 0 0
매커스 093520 이연법인세자산 1,295,778,876 571,768,648
매커스 093520 자산총계 110,395,608,845 82,273,919,825
매커스 093520 유동부채 65,380,992,932 36,571,875,602
매커스 093520 단기매입채무 0 0
매커스 093520 단기차입금 1,300,000,000 1,200,000,000
매커스 093520 유동성장기차입금 0 0
매커스 093520 유동성사채 0 0
매커스 093520 기타유동금융부채 0 0
매커스 093520 기타유동부채 0 0
매커스 093520 당기법인세부채 1,371,736,508 751,623,663
매커스 093520 유동리스부채 0 0
매커스 093520 비유동부채 378,809,949 82,364,265
매커스 093520 사채 0 0
매커스 093520 장기차입금 0 0
매커스 093520 기타비유동금융부채 0 0
매커스 093520 이연법인세부채 0 0
매커스 093520 비유동리스부채 0 0
매커스 093520 부채총계 65,759,802,881 36,654,239,867
매커스 093520 자본금 8,081,546,000 8,081,546,000
매커스 093520 자본잉여금 8,311,483,100 8,311,483,100
매커스 093520 자본조정 0 0
매커스 093520 기타포괄손익누계액 6,751,302 32,262,226,314
매커스 093520 이익잉여금(결손금) 33,171,354,799 32,262,226,314
매커스 093520 자본총계 44,635,805,964 45,619,679,958
매커스 093520 자본과부채총계 110,395,608,845 82,273,919,825
date : 2017-09-30
매커스 093520 유동자산 86,408,216,037 64,404,462,897
매커스 093520 현금및현금성자산 18,175,093,240 8,946,327,822
매커스 093520 매출채권 및 기타유동채권
매커스 093520 재고자산 6,378,241,257 6,381,959,575
매커스 093520 기타유동금융자산 1,843,000,000 1,737,955,515
매커스 093520 기타유동자산 3,130,196,630 2,312,985,343
매커스 093520 매각예정비유동자산 0 0
매커스 093520 비유동자산 19,417,506,771 17,869,456,928
매커스 093520 장기금융상품 0 0
매커스 093520 기타포괄손익-공정가치 0 0
매커스 093520 당기손익인식공정가치측정금융자산 0 0
매커스 093520 종속회사투자 0 0
매커스 093520 관계회사투자 0 0
매커스 093520 렌탈자산 0 0
매커스 093520 유형자산 4,174,722,766 4,174,657,906
매커스 093520 무형자산 42,149,018 61,686,002
매커스 093520 기타비유동금융자산 2,135,545,701 1,135,549,041
매커스 093520 기타비유동자산 221,825,400 221,825,400
매커스 093520 사용권자산 0 0
매커스 093520 이연법인세자산 1,139,293,955 571,768,648
매커스 093520 자산총계 105,825,722,808 82,273,919,825
매커스 093520 유동부채 58,988,703,761 36,571,875,602
매커스 093520 단기매입채무 0 0
매커스 093520 단기차입금 4,066,750,000 1,200,000,000
매커스 093520 유동성장기차입금 0 0
매커스 093520 유동성사채 0 0
매커스 093520 기타유동금융부채 0 0
매커스 093520 기타유동부채 104,959,421 96,689,224
매커스 093520 당기법인세부채 0 0
매커스 093520 유동리스부채 0 0
매커스 093520 비유동부채 527,425,911 82,364,265
매커스 093520 사채 0 0
매커스 093520 장기차입금 0 0
매커스 093520 기타비유동금융부채 0 0
매커스 093520 이연법인세부채 0 0
매커스 093520 비유동리스부채 0 0
매커스 093520 부채총계 59,516,129,672 36,654,239,867
매커스 093520 자본금 8,081,546,000 8,081,546,000
매커스 093520 자본잉여금 8,311,483,100 8,311,483,100
매커스 093520 자본조정 0 0
매커스 093520 기타포괄손익누계액 6,751,302 8,311,483,100
매커스 093520 이익잉여금(결손금) 34,845,141,971 32,262,226,314
매커스 093520 자본총계 46,309,593,136 45,619,679,958
매커스 093520 자본과부채총계 105,825,722,808 82,273,919,825
date : 2017-12-31
매커스 093520 유동자산 64,331,469,244 64,404,462,897
매커스 093520 현금및현금성자산 15,785,787,876 8,946,327,822
매커스 093520 매출채권 및 기타유동채권
매커스 093520 재고자산 4,918,258,333 6,381,959,575
매커스 093520 기타유동금융자산 1,736,000,000 1,737,955,515
매커스 093520 기타유동자산 3,898,262,048 2,312,985,343
매커스 093520 매각예정비유동자산 0 0
매커스 093520 비유동자산 19,387,563,919 17,869,456,928
매커스 093520 장기금융상품 0 0
매커스 093520 기타포괄손익-공정가치 0 0
매커스 093520 당기손익인식공정가치측정금융자산 0 0
매커스 093520 종속회사투자 0 0
매커스 093520 관계회사투자 0 0
매커스 093520 렌탈자산 0 0
매커스 093520 유형자산 4,162,226,271 4,174,657,906
매커스 093520 무형자산 59,101,668 61,686,002
매커스 093520 기타비유동금융자산 2,459,356,036 1,135,549,041
매커스 093520 기타비유동자산 221,825,400 221,825,400
매커스 093520 사용권자산 0 0
매커스 093520 이연법인세자산 781,084,613 571,768,648
매커스 093520 자산총계 83,719,033,163 82,273,919,825
매커스 093520 유동부채 35,644,484,132 36,571,875,602
매커스 093520 단기매입채무 0 0
매커스 093520 단기차입금 1,200,000,000 1,200,000,000
매커스 093520 유동성장기차입금 0 0
매커스 093520 유동성사채 0 0
매커스 093520 기타유동금융부채 0 0
매커스 093520 기타유동부채 63,867,510 96,689,224
매커스 093520 당기법인세부채 0 0
매커스 093520 유동리스부채 0 0
매커스 093520 비유동부채 36,046,495 82,364,265
매커스 093520 사채 0 0
매커스 093520 장기차입금 0 0
매커스 093520 기타비유동금융부채 0 0
매커스 093520 이연법인세부채 0 0
매커스 093520 비유동리스부채 0 0
매커스 093520 부채총계 35,680,530,627 36,654,239,867
매커스 093520 자본금 8,081,546,000 8,081,546,000
매커스 093520 자본잉여금 8,311,483,100 8,311,483,100
매커스 093520 자본조정 0 0
매커스 093520 기타포괄손익누계액 -137,427,939 6,751,302
매커스 093520 이익잉여금(결손금) 36,711,479,310 32,262,226,314
매커스 093520 자본총계 48,038,502,536 45,619,679,958
매커스 093520 자본과부채총계 83,719,033,163 82,273,919,825
date : 2018-03-31
매커스 093520 유동자산 62,458,805,465 64,331,469,244
매커스 093520 현금및현금성자산 21,023,323,755 15,785,787,876
매커스 093520 매출채권 및 기타유동채권
매커스 093520 재고자산 3,356,617,484 4,918,258,333
매커스 093520 기타유동금융자산 1,676,000,000 1,736,000,000
매커스 093520 기타유동자산 8,636,845,668 3,898,262,048
매커스 093520 매각예정비유동자산 0 0
매커스 093520 비유동자산 19,167,214,524 19,387,563,919
매커스 093520 장기금융상품 0 0
매커스 093520 기타포괄손익-공정가치 0 0
매커스 093520 당기손익인식공정가치측정금융자산 0 0
매커스 093520 종속회사투자 0 0
매커스 093520 관계회사투자 0 0
매커스 093520 렌탈자산 0 0
매커스 093520 유형자산 4,150,668,775 4,162,226,271
매커스 093520 무형자산 51,766,839 59,101,668
매커스 093520 기타비유동금융자산 2,462,273,236 2,459,356,036
매커스 093520 기타비유동자산 243,592,200 221,825,400
매커스 093520 사용권자산 0 0
매커스 093520 이연법인세자산 554,943,543 781,084,613
매커스 093520 자산총계 81,626,019,989 83,719,033,163
매커스 093520 유동부채 31,521,385,424 35,644,484,132
매커스 093520 단기매입채무 0 0
매커스 093520 단기차입금 4,826,100,000 1,200,000,000
매커스 093520 유동성장기차입금 0 0
매커스 093520 유동성사채 0 0
매커스 093520 기타유동금융부채 0 0
매커스 093520 기타유동부채 73,811,596 63,867,510
매커스 093520 당기법인세부채 0 0
매커스 093520 유동리스부채 0 0
매커스 093520 비유동부채 148,924,258 36,046,495
매커스 093520 사채 0 0
매커스 093520 장기차입금 0 0
매커스 093520 기타비유동금융부채 0 0
매커스 093520 이연법인세부채 0 0
매커스 093520 비유동리스부채 0 0
매커스 093520 부채총계 31,670,309,682 35,680,530,627
매커스 093520 자본금 8,081,546,000 8,081,546,000
매커스 093520 자본잉여금 8,311,483,100 8,311,483,100
매커스 093520 자본조정 0 0
매커스 093520 기타포괄손익누계액 -142,082,637 -137,427,939
매커스 093520 이익잉여금(결손금) 39,649,206,995 36,711,479,310
매커스 093520 자본총계 49,955,710,307 48,038,502,536
매커스 093520 자본과부채총계 81,626,019,989 83,719,033,163
date : 2018-06-30
매커스 093520 유동자산 80,644,565,469 64,331,469,244
매커스 093520 현금및현금성자산 17,568,486,361 15,785,787,876
매커스 093520 매출채권 및 기타유동채권
매커스 093520 재고자산 4,434,066,329 4,918,258,333
매커스 093520 기타유동금융자산 1,805,901,420 1,736,000,000
매커스 093520 기타유동자산 14,107,424,076 3,898,262,048
매커스 093520 매각예정비유동자산 0 0
매커스 093520 비유동자산 18,361,625,471 19,387,563,919
매커스 093520 장기금융상품 0 0
매커스 093520 기타포괄손익-공정가치 측정 금융자산
매커스 093520 당기손익인식공정가치측정금융자산 0 0
매커스 093520 종속회사투자 0 0
매커스 093520 관계회사투자 0 0
매커스 093520 렌탈자산 0 0
매커스 093520 유형자산 4,143,589,029 4,162,226,271
매커스 093520 무형자산 44,432,010 59,101,668
매커스 093520 기타비유동금융자산 384,744,468 1,459,359,376
매커스 093520 기타비유동자산 243,592,200 221,825,400
매커스 093520 사용권자산 0 0
매커스 093520 이연법인세자산 841,301,173 781,084,613
매커스 093520 자산총계 99,006,190,940 83,719,033,163
매커스 093520 유동부채 48,590,920,212 35,644,484,132
매커스 093520 단기매입채무 0 0
매커스 093520 단기차입금 8,013,780,000 1,200,000,000
매커스 093520 유동성장기차입금 0 0
매커스 093520 유동성사채 0 0
매커스 093520 기타유동금융부채 0 0
매커스 093520 기타유동부채 71,543,631 63,867,510
매커스 093520 당기법인세부채 0 0
매커스 093520 유동리스부채 0 0
매커스 093520 비유동부채 265,861,395 36,046,495
매커스 093520 사채 0 0
매커스 093520 장기차입금 0 0
매커스 093520 기타비유동금융부채 0 0
매커스 093520 이연법인세부채 0 0
매커스 093520 비유동리스부채 0 0
매커스 093520 부채총계 48,856,781,607 35,680,530,627
매커스 093520 자본금 8,081,546,000 8,081,546,000
매커스 093520 자본잉여금 8,311,483,100 8,311,483,100
매커스 093520 자본조정 0 0
매커스 093520 기타포괄손익누계액 -94,227,568 -137,427,939
매커스 093520 이익잉여금(결손금) 40,978,999,880 36,711,479,310
매커스 093520 자본총계 50,149,409,333 48,038,502,536
매커스 093520 자본과부채총계 99,006,190,940 83,719,033,163
date : 2018-09-30
매커스 093520 유동자산 80,138,654,210 64,331,469,244
매커스 093520 현금및현금성자산 29,399,879,448 15,785,787,876
매커스 093520 매출채권 및 기타유동채권
매커스 093520 재고자산 18,610,013,929 4,918,258,333
매커스 093520 기타유동금융자산 2,235,260,000 1,736,000,000
매커스 093520 기타유동자산 3,208,852,408 3,898,262,048
매커스 093520 매각예정비유동자산 0 0
매커스 093520 비유동자산 18,794,648,778 19,387,563,919
매커스 093520 장기금융상품 0 0
매커스 093520 기타포괄손익-공정가치 측정 금융자산
매커스 093520 당기손익인식공정가치측정금융자산 0 0
매커스 093520 종속회사투자 0 0
매커스 093520 관계회사투자 0 0
매커스 093520 렌탈자산 0 0
매커스 093520 유형자산 4,189,713,286 4,162,226,271
매커스 093520 무형자산 37,097,181 59,101,668
매커스 093520 기타비유동금융자산 1,007,681,468 1,459,359,376
매커스 093520 기타비유동자산 243,592,200 221,825,400
매커스 093520 사용권자산 0 0
매커스 093520 이연법인세자산 612,598,052 781,084,613
매커스 093520 자산총계 98,933,302,988 83,719,033,163
매커스 093520 유동부채 45,952,914,186 35,644,484,132
매커스 093520 단기매입채무 0 0
매커스 093520 단기차입금 4,983,180,000 1,200,000,000
매커스 093520 유동성장기차입금 0 0
매커스 093520 유동성사채 0 0
매커스 093520 기타유동금융부채 0 0
매커스 093520 기타유동부채 76,172,566 63,867,510
매커스 093520 당기법인세부채 0 0
매커스 093520 유동리스부채 0 0
매커스 093520 비유동부채 382,798,531 36,046,495
매커스 093520 사채 0 0
매커스 093520 장기차입금 0 0
매커스 093520 기타비유동금융부채 0 0
매커스 093520 이연법인세부채 0 0
매커스 093520 비유동리스부채 0 0
매커스 093520 부채총계 46,335,712,717 35,680,530,627
매커스 093520 자본금 8,081,546,000 8,081,546,000
매커스 093520 자본잉여금 8,311,483,100 8,311,483,100
매커스 093520 자본조정 0 0
매커스 093520 기타포괄손익누계액 -99,736,708 -137,427,939
매커스 093520 이익잉여금(결손금) 43,432,689,958 36,711,479,310
매커스 093520 자본총계 52,597,590,271 48,038,502,536
매커스 093520 자본과부채총계 98,933,302,988 83,719,033,163
date : 2018-12-31
매커스 093520 유동자산 66,769,745,949 64,331,469,244
매커스 093520 현금및현금성자산 20,311,233,380 15,785,787,876
매커스 093520 매출채권 및 기타유동채권
매커스 093520 재고자산 7,485,884,738 4,918,258,333
매커스 093520 기타유동금융자산 23,925,960,891 1,736,000,000
매커스 093520 기타유동자산 3,610,340,199 3,898,262,048
매커스 093520 매각예정비유동자산 0 0
매커스 093520 비유동자산 18,750,188,126 19,387,563,919
매커스 093520 장기금융상품 0 0
매커스 093520 기타포괄손익-공정가치 측정 금융자산
매커스 093520 당기손익인식공정가치측정금융자산 0 0
매커스 093520 종속회사투자 0 0
매커스 093520 관계회사투자 0 0
매커스 093520 렌탈자산 0 0
매커스 093520 유형자산 4,183,291,133 4,162,226,271
매커스 093520 무형자산 29,762,334 59,101,668
매커스 093520 기타비유동금융자산 777,810,940 1,459,359,376
매커스 093520 기타비유동자산 290,992,200 221,825,400
매커스 093520 사용권자산 0 0
매커스 093520 이연법인세자산 764,364,928 781,084,613
매커스 093520 자산총계 85,519,934,075 83,719,033,163
매커스 093520 유동부채 32,173,570,651 35,644,484,132
매커스 093520 단기매입채무 0 0
매커스 093520 단기차입금 1,927,004,295 1,200,000,000
매커스 093520 유동성장기차입금 0 0
매커스 093520 유동성사채 0 0
매커스 093520 기타유동금융부채 0 0
매커스 093520 기타유동부채 66,830,924 63,867,510
매커스 093520 당기법인세부채 0 0
매커스 093520 유동리스부채 0 0
매커스 093520 비유동부채 342,028,881 36,046,495
매커스 093520 사채 0 0
매커스 093520 장기차입금 0 0
매커스 093520 기타비유동금융부채 0 0
매커스 093520 이연법인세부채 0 0
매커스 093520 비유동리스부채 0 0
매커스 093520 부채총계 32,515,599,532 35,680,530,627
매커스 093520 자본금 8,081,546,000 8,081,546,000
매커스 093520 자본잉여금 8,311,483,100 8,311,483,100
매커스 093520 자본조정 0 0
매커스 093520 기타포괄손익누계액 -127,554,790 -137,427,939
매커스 093520 이익잉여금(결손금) 43,867,252,312 36,711,479,310
매커스 093520 자본총계 53,004,334,543 48,038,502,536
매커스 093520 자본과부채총계 85,519,934,075 83,719,033,163
date : 2019-03-31
매커스 093520 유동자산 63,886,372,992 66,769,745,949
매커스 093520 현금및현금성자산 11,349,479,594 20,311,233,380
매커스 093520 매출채권 및 기타유동채권
매커스 093520 재고자산 7,623,748,409 7,485,884,738
매커스 093520 기타유동금융자산 30,784,375,032 23,925,960,891
매커스 093520 기타유동자산 4,442,751,481 3,610,340,199
매커스 093520 매각예정비유동자산 0 0
매커스 093520 비유동자산 18,738,352,790 18,750,188,126
매커스 093520 장기금융상품 0 0
매커스 093520 기타포괄손익-공정가치 측정 금융자산
매커스 093520 당기손익인식공정가치측정금융자산 0 0
매커스 093520 종속회사투자 0 0
매커스 093520 관계회사투자 0 0
매커스 093520 렌탈자산 0 0
매커스 093520 유형자산 4,174,644,794 4,183,291,133
매커스 093520 무형자산 26,573,337 29,762,334
매커스 093520 기타비유동금융자산 777,810,940 777,810,940
매커스 093520 기타비유동자산 290,992,200 290,992,200
매커스 093520 사용권자산 0 0
매커스 093520 이연법인세자산 764,364,928 764,364,928
매커스 093520 자산총계 82,624,725,782 85,519,934,075
매커스 093520 유동부채 28,481,233,596 32,173,570,651
매커스 093520 단기매입채무 0 0
매커스 093520 단기차입금 1,927,004,295 32,173,570,651
매커스 093520 유동성장기차입금 0 0
매커스 093520 유동성사채 0 0
매커스 093520 기타유동금융부채 0 0
매커스 093520 기타유동부채 68,685,026 66,830,924
매커스 093520 당기법인세부채 0 0
매커스 093520 유동리스부채 0 0
매커스 093520 비유동부채 479,753,692 342,028,881
매커스 093520 사채 0 0
매커스 093520 장기차입금 0 0
매커스 093520 기타비유동금융부채 0 0
매커스 093520 이연법인세부채 0 0
매커스 093520 비유동리스부채 0 0
매커스 093520 부채총계 28,960,987,288 32,515,599,532
매커스 093520 자본금 8,081,546,000 8,081,546,000
매커스 093520 자본잉여금 8,311,483,100 8,311,483,100
매커스 093520 자본조정 0 0
매커스 093520 기타포괄손익누계액 -127,554,790 -127,554,790
매커스 093520 이익잉여금(결손금) 45,050,334,926 43,867,252,312
매커스 093520 자본총계 53,663,738,494 53,004,334,543
매커스 093520 자본과부채총계 82,624,725,782 85,519,934,075
