date : 2019-03-31
효성 094280 유동자산 69,869,262,269 54,568,852,054
효성 094280 현금및현금성자산 1,330,825,533 1,338,247,544
효성 094280 기타유동자산 10,474,975,971 2,118,408,337
효성 094280 재고자산 5,687,759,766 5,009,502,169
효성 094280 비유동자산 66,110,859,981 59,348,446,303
효성 094280 유형자산 14,726,473,298 13,743,589,066
효성 094280 무형자산 3,765,521,402 3,840,501,095
효성 094280 이연법인세자산 4,951,578,185 5,169,115,421
효성 094280 자산총계 135,980,122,250 113,917,298,357
효성 094280 유동부채 81,492,899,837 62,977,240,558
효성 094280 당기법인세부채 1,500,993,860 371,134,206
효성 094280 기타유동부채 7,125,004,682 7,639,021,031
효성 094280 비유동부채 12,296,114,042 8,030,856,567
효성 094280 부채총계 93,789,013,879 71,008,097,125
효성 094280 자본금 6,214,000,000 6,214,000,000
효성 094280 자본잉여금 19,257,729,706 19,257,729,706
효성 094280 자본조정 -4,570,566,852 -4,442,345,452
효성 094280 기타포괄손익누계액 2,433,281,517 -398,696,171
효성 094280 이익잉여금(결손금) 18,856,664,000 22,278,513,149
효성 094280 자본총계 42,191,108,371 42,909,201,232
효성 094280 자본과부채총계 135,980,122,250 113,917,298,357
