date : 2015-12-31
일진파워 094820 유동자산 21,648,726,038 21,685,376,799
일진파워 094820 현금및현금성자산 898,787,726 224,931,526
일진파워 094820 매출채권 및 기타유동채권
일진파워 094820 재고자산 4,294,123,461 7,210,900,769
일진파워 094820 기타유동금융자산 0 0
일진파워 094820 기타유동자산 0 0
일진파워 094820 매각예정비유동자산 0 0
일진파워 094820 비유동자산 57,525,848,742 54,631,499,741
일진파워 094820 장기금융상품 853,229,277 828,884,374
일진파워 094820 기타포괄손익-공정가치 0 0
일진파워 094820 당기손익인식공정가치측정금융자산 0 0
일진파워 094820 종속회사투자 0 0
일진파워 094820 관계회사투자 0 0
일진파워 094820 렌탈자산 0 0
일진파워 094820 유형자산 13,081,433,179 11,856,004,723
일진파워 094820 무형자산 750,320,469 1,417,424,329
일진파워 094820 기타비유동금융자산 0 0
일진파워 094820 기타비유동자산 0 0
일진파워 094820 사용권자산 0 0
일진파워 094820 이연법인세자산 6,724,907,200 5,472,702,683
일진파워 094820 자산총계 79,174,574,780 76,316,876,540
일진파워 094820 유동부채 12,684,390,411 10,884,477,254
일진파워 094820 단기매입채무 0 0
일진파워 094820 단기차입금 0 3,400,000,000
일진파워 094820 유동성장기차입금 156,600,000 156,600,000
일진파워 094820 유동성사채 0 0
일진파워 094820 기타유동금융부채 0 0
일진파워 094820 기타유동부채 6,000,000 153,000,000
일진파워 094820 당기법인세부채 1,392,988,005 1,011,031,781
일진파워 094820 유동리스부채 0 0
일진파워 094820 비유동부채 5,486,715,614 4,488,810,654
일진파워 094820 사채 0 0
일진파워 094820 장기차입금 352,350,000 508,950,000
일진파워 094820 기타비유동금융부채 0 0
일진파워 094820 이연법인세부채 0 0
일진파워 094820 비유동리스부채 0 0
일진파워 094820 부채총계 18,171,106,025 15,373,287,908
일진파워 094820 자본금 7,539,354,500 7,539,354,500
일진파워 094820 자본잉여금 0 0
일진파워 094820 자본조정 0 0
일진파워 094820 기타포괄손익누계액 0 0
일진파워 094820 이익잉여금(결손금) 0 0
일진파워 094820 자본총계 61,003,468,755 60,943,588,632
일진파워 094820 자본과부채총계 79,174,574,780 76,316,876,540
date : 2016-03-31
일진파워 094820 유동자산 14,753,789,414 21,648,726,038
일진파워 094820 현금및현금성자산 2,064,061,492 898,787,726
일진파워 094820 매출채권 및 기타유동채권
일진파워 094820 재고자산 4,294,123,461 4,294,123,461
일진파워 094820 기타유동금융자산 0 0
일진파워 094820 기타유동자산 0 0
일진파워 094820 매각예정비유동자산 0 0
일진파워 094820 비유동자산 59,622,981,402 57,525,848,742
일진파워 094820 장기금융상품 902,291,646 853,229,277
일진파워 094820 기타포괄손익-공정가치 0 0
일진파워 094820 당기손익인식공정가치측정금융자산 0 0
일진파워 094820 종속회사투자 0 0
일진파워 094820 관계회사투자 0 0
일진파워 094820 렌탈자산 0 0
일진파워 094820 유형자산 13,882,035,900 13,081,433,179
일진파워 094820 무형자산 750,320,469 750,320,469
일진파워 094820 기타비유동금융자산 0 0
일진파워 094820 기타비유동자산 0 0
일진파워 094820 사용권자산 0 0
일진파워 094820 이연법인세자산 6,724,907,200 6,724,907,200
일진파워 094820 자산총계 74,376,770,816 79,174,574,780
일진파워 094820 유동부채 8,057,712,393 12,684,390,411
일진파워 094820 단기매입채무 0 0
일진파워 094820 단기차입금 0 0
일진파워 094820 유동성장기차입금 117,450,000 156,600,000
일진파워 094820 유동성사채 0 0
일진파워 094820 기타유동금융부채 0 0
일진파워 094820 기타유동부채 0 6,000,000
일진파워 094820 당기법인세부채 795,686,623 1,392,988,005
일진파워 094820 유동리스부채 0 0
일진파워 094820 비유동부채 5,550,335,468 5,486,715,614
일진파워 094820 사채 0 0
일진파워 094820 장기차입금 352,350,000 352,350,000
일진파워 094820 기타비유동금융부채 0 0
일진파워 094820 이연법인세부채 0 0
일진파워 094820 비유동리스부채 0 0
일진파워 094820 부채총계 13,608,047,861 18,171,106,025
일진파워 094820 자본금 7,539,354,500 7,539,354,500
일진파워 094820 자본잉여금 0 0
일진파워 094820 자본조정 0 0
일진파워 094820 기타포괄손익누계액 0 0
일진파워 094820 이익잉여금(결손금) 0 0
일진파워 094820 자본총계 60,768,722,955 61,003,468,755
일진파워 094820 자본과부채총계 74,376,770,816 79,174,574,780
date : 2016-06-30
일진파워 094820 유동자산 18,619,802,785 21,648,726,038
일진파워 094820 현금및현금성자산 4,783,078,202 898,787,726
일진파워 094820 매출채권 및 기타유동채권
일진파워 094820 재고자산 2,576,474,077 4,294,123,461
일진파워 094820 기타유동금융자산 0 0
일진파워 094820 기타유동자산 0 0
일진파워 094820 매각예정비유동자산 0 0
일진파워 094820 비유동자산 59,780,860,189 57,525,848,742
일진파워 094820 장기금융상품 949,277,009 853,229,277
일진파워 094820 기타포괄손익-공정가치 0 0
일진파워 094820 당기손익인식공정가치측정금융자산 0 0
일진파워 094820 종속회사투자 0 0
일진파워 094820 관계회사투자 0 0
일진파워 094820 렌탈자산 0 0
일진파워 094820 유형자산 12,396,329,415 13,081,433,179
일진파워 094820 무형자산 750,139,600 750,320,469
일진파워 094820 기타비유동금융자산 0 0
일진파워 094820 기타비유동자산 0 0
일진파워 094820 사용권자산 0 0
일진파워 094820 이연법인세자산 6,519,482,901 6,724,907,200
일진파워 094820 자산총계 78,400,662,974 79,174,574,780
일진파워 094820 유동부채 9,152,639,337 12,684,390,411
일진파워 094820 단기매입채무 0 0
일진파워 094820 단기차입금 0 3,400,000,000
일진파워 094820 유동성장기차입금 156,600,000 156,600,000
일진파워 094820 유동성사채 0 0
일진파워 094820 기타유동금융부채 6,000,000 153,000,000
일진파워 094820 기타유동부채 0 0
일진파워 094820 당기법인세부채 991,919,447 1,392,988,005
일진파워 094820 유동리스부채 0 0
일진파워 094820 비유동부채 5,913,708,398 5,486,715,614
일진파워 094820 사채 0 0
일진파워 094820 장기차입금 274,050,000 352,350,000
일진파워 094820 기타비유동금융부채 0 0
일진파워 094820 이연법인세부채 0 0
일진파워 094820 비유동리스부채 0 0
일진파워 094820 부채총계 15,066,347,735 18,171,106,025
일진파워 094820 자본금 7,539,354,500 7,539,354,500
일진파워 094820 자본잉여금 0 0
일진파워 094820 자본조정 0 0
일진파워 094820 기타포괄손익누계액 0 0
일진파워 094820 이익잉여금(결손금) 0 0
일진파워 094820 자본총계 63,334,315,239 61,003,468,755
일진파워 094820 자본과부채총계 78,400,662,974 79,174,574,780
date : 2016-09-30
일진파워 094820 유동자산 17,456,316,084 21,648,726,038
일진파워 094820 현금및현금성자산 6,771,090,728 898,787,726
일진파워 094820 매출채권 및 기타유동채권
일진파워 094820 재고자산 1,717,649,385 4,294,123,461
일진파워 094820 기타유동금융자산 0 0
일진파워 094820 기타유동자산 3,238,710 0
일진파워 094820 매각예정비유동자산 0 0
일진파워 094820 비유동자산 61,845,658,037 57,525,848,742
일진파워 094820 장기금융상품 1,019,990,869 853,229,277
일진파워 094820 기타포괄손익-공정가치 0 0
일진파워 094820 당기손익인식공정가치측정금융자산 0 0
일진파워 094820 종속회사투자 0 0
일진파워 094820 관계회사투자 0 0
일진파워 094820 렌탈자산 0 0
일진파워 094820 유형자산 12,866,725,165 13,081,433,179
일진파워 094820 무형자산 739,649,600 750,320,469
일진파워 094820 기타비유동금융자산 0 0
일진파워 094820 기타비유동자산 0 0
일진파워 094820 사용권자산 0 0
일진파워 094820 이연법인세자산 6,519,482,901 6,724,907,200
일진파워 094820 자산총계 79,301,974,121 79,174,574,780
일진파워 094820 유동부채 7,603,367,462 12,684,390,411
일진파워 094820 단기매입채무 0 0
일진파워 094820 단기차입금 0 0
일진파워 094820 유동성장기차입금 156,600,000 156,600,000
일진파워 094820 유동성사채 0 0
일진파워 094820 기타유동금융부채 0 6,000,000
일진파워 094820 기타유동부채 0 0
일진파워 094820 당기법인세부채 3 1,392,988,005
일진파워 094820 유동리스부채 0 0
일진파워 094820 비유동부채 5,896,404,463 5,486,715,614
일진파워 094820 사채 0 0
일진파워 094820 장기차입금 234,900,000 352,350,000
일진파워 094820 기타비유동금융부채 0 0
일진파워 094820 이연법인세부채 0 0
일진파워 094820 비유동리스부채 0 0
일진파워 094820 부채총계 13,499,771,925 18,171,106,025
일진파워 094820 자본금 7,539,354,500 7,539,354,500
일진파워 094820 자본잉여금 0 0
일진파워 094820 자본조정 0 0
일진파워 094820 기타포괄손익누계액 0 0
일진파워 094820 이익잉여금(결손금) 0 0
일진파워 094820 자본총계 65,802,202,196 61,003,468,755
일진파워 094820 자본과부채총계 79,301,974,121 79,174,574,780
date : 2016-12-31
일진파워 094820 유동자산 25,761,120,360 21,648,726,038
일진파워 094820 현금및현금성자산 13,904,680,321 898,787,726
일진파워 094820 매출채권 및 기타유동채권
일진파워 094820 재고자산 4,294,123,461 7,210,900,769
일진파워 094820 기타유동금융자산 0 7,210,900,769
일진파워 094820 기타유동자산 0 0
일진파워 094820 매각예정비유동자산 0 0
일진파워 094820 비유동자산 60,289,244,056 57,525,842,631
일진파워 094820 장기금융상품 0 0
일진파워 094820 기타포괄손익-공정가치 0 0
일진파워 094820 당기손익인식공정가치측정금융자산 0 0
일진파워 094820 종속회사투자 0 0
일진파워 094820 관계회사투자 0 0
일진파워 094820 렌탈자산 0 0
일진파워 094820 유형자산 9,496,053,338 13,081,433,179
일진파워 094820 무형자산 739,649,600 750,320,469
일진파워 094820 기타비유동금융자산 2,499,476,512 2,025,993,347
일진파워 094820 기타비유동자산 0 0
일진파워 094820 사용권자산 0 0
일진파워 094820 이연법인세자산 8,618,039,456 6,724,907,200
일진파워 094820 자산총계 86,050,364,416 79,174,568,669
일진파워 094820 유동부채 13,422,603,894 12,684,390,411
일진파워 094820 단기매입채무 0 0
일진파워 094820 단기차입금 195,750,000 156,600,000
일진파워 094820 유동성장기차입금 0 0
일진파워 094820 유동성사채 0 0
일진파워 094820 기타유동금융부채 6,000,000 153,000,000
일진파워 094820 기타유동부채 0 0
일진파워 094820 당기법인세부채 1,359,011,132 1,392,988,005
일진파워 094820 유동리스부채 0 0
일진파워 094820 비유동부채 7,347,537,306 5,486,715,614
일진파워 094820 사채 0 0
일진파워 094820 장기차입금 195,750,000 352,350,000
일진파워 094820 기타비유동금융부채 0 0
일진파워 094820 이연법인세부채 0 0
일진파워 094820 비유동리스부채 0 0
일진파워 094820 부채총계 20,770,141,200 18,171,106,025
일진파워 094820 자본금 7,539,354,500 7,539,354,500
일진파워 094820 자본잉여금 0 0
일진파워 094820 자본조정 0 0
일진파워 094820 기타포괄손익누계액 0 0
일진파워 094820 이익잉여금(결손금) 47,158,263,684 42,944,307,377
일진파워 094820 자본총계 65,280,223,216 61,003,462,644
일진파워 094820 자본과부채총계 86,050,364,416 79,174,568,669
date : 2017-03-31
일진파워 094820 유동자산 24,302,662,818 25,761,120,360
일진파워 094820 현금및현금성자산 10,661,387,866 13,904,680,321
일진파워 094820 매출채권 및 기타유동채권
일진파워 094820 재고자산 4,294,123,461 기타유동채권
일진파워 094820 기타유동금융자산 0 기타유동채권
일진파워 094820 기타유동자산 0 0
일진파워 094820 매각예정비유동자산 0 0
일진파워 094820 비유동자산 60,852,027,951 60,289,244,056
일진파워 094820 장기금융상품 0 0
일진파워 094820 기타포괄손익-공정가치 0 0
일진파워 094820 당기손익인식공정가치측정금융자산 0 0
일진파워 094820 종속회사투자 0 0
일진파워 094820 관계회사투자 0 0
일진파워 094820 렌탈자산 0 0
일진파워 094820 유형자산 9,487,662,911 9,496,053,338
일진파워 094820 무형자산 739,649,600 739,649,600
일진파워 094820 기타비유동금융자산 2,696,350,072 2,499,476,512
일진파워 094820 기타비유동자산 0 0
일진파워 094820 사용권자산 0 0
일진파워 094820 이연법인세자산 8,618,039,456 8,618,039,456
일진파워 094820 자산총계 85,154,690,769 86,050,364,416
일진파워 094820 유동부채 11,549,453,175 13,422,603,894
일진파워 094820 단기매입채무 0 0
일진파워 094820 단기차입금 156,600,000 195,750,000
일진파워 094820 유동성장기차입금 0 0
일진파워 094820 유동성사채 0 0
일진파워 094820 기타유동금융부채 6,000,000 195,750,000
일진파워 094820 기타유동부채 0 0
일진파워 094820 당기법인세부채 786,366,443 1,359,011,132
일진파워 094820 유동리스부채 0 0
일진파워 094820 비유동부채 8,665,145,913 7,347,537,306
일진파워 094820 사채 0 0
일진파워 094820 장기차입금 156,600,000 195,750,000
일진파워 094820 기타비유동금융부채 416,219,328 416,219,328
일진파워 094820 이연법인세부채 0 0
일진파워 094820 비유동리스부채 0 0
일진파워 094820 부채총계 20,214,599,088 20,770,141,200
일진파워 094820 자본금 7,539,354,500 7,539,354,500
일진파워 094820 자본잉여금 0 0
일진파워 094820 자본조정 0 0
일진파워 094820 기타포괄손익누계액 0 0
일진파워 094820 이익잉여금(결손금) 46,789,154,389 47,158,263,684
일진파워 094820 자본총계 64,940,091,681 65,280,223,216
일진파워 094820 자본과부채총계 85,154,690,769 86,050,364,416
date : 2017-06-30
일진파워 094820 유동자산 31,075,350,351 25,761,120,360
일진파워 094820 현금및현금성자산 10,940,845,001 13,904,680,321
일진파워 094820 매출채권 및 기타유동채권
일진파워 094820 재고자산 0 0
일진파워 094820 기타유동금융자산 0 0
일진파워 094820 기타유동자산 0 0
일진파워 094820 매각예정비유동자산 0 0
일진파워 094820 비유동자산 65,308,746,717 60,289,244,056
일진파워 094820 장기금융상품 0 0
일진파워 094820 기타포괄손익-공정가치 0 0
일진파워 094820 당기손익인식공정가치측정금융자산 0 0
일진파워 094820 종속회사투자 0 0
일진파워 094820 관계회사투자 0 0
일진파워 094820 렌탈자산 0 0
일진파워 094820 유형자산 12,981,651,044 9,496,053,338
일진파워 094820 무형자산 753,397,611 739,649,600
일진파워 094820 기타비유동금융자산 2,965,245,162 2,499,476,512
일진파워 094820 기타비유동자산 0 0
일진파워 094820 사용권자산 0 0
일진파워 094820 이연법인세자산 8,396,515,283 8,618,039,456
일진파워 094820 자산총계 96,384,097,068 86,050,364,416
일진파워 094820 유동부채 18,889,294,600 13,422,603,894
일진파워 094820 단기매입채무 0 0
일진파워 094820 단기차입금 156,600,000 195,750,000
일진파워 094820 유동성장기차입금 0 0
일진파워 094820 유동성사채 0 0
일진파워 094820 기타유동금융부채 0 0
일진파워 094820 기타유동부채 0 0
일진파워 094820 당기법인세부채 1,994,527,271 1,359,011,132
일진파워 094820 유동리스부채 0 0
일진파워 094820 비유동부채 7,668,550,698 7,347,537,306
일진파워 094820 사채 0 0
일진파워 094820 장기차입금 117,450,000 195,750,000
일진파워 094820 기타비유동금융부채 0 0
일진파워 094820 이연법인세부채 0 0
일진파워 094820 비유동리스부채 0 0
일진파워 094820 부채총계 26,557,845,298 20,770,141,200
일진파워 094820 자본금 7,539,354,500 7,539,354,500
일진파워 094820 자본잉여금 0 0
일진파워 094820 자본조정 0 0
일진파워 094820 기타포괄손익누계액 0 0
일진파워 094820 이익잉여금(결손금) 51,621,515,488 47,158,263,684
일진파워 094820 자본총계 69,826,251,770 65,280,223,216
일진파워 094820 자본과부채총계 96,384,097,068 86,050,364,416
date : 2017-09-30
일진파워 094820 유동자산 24,620,026,452 25,761,120,360
일진파워 094820 현금및현금성자산 17,181,559,252 13,904,680,321
일진파워 094820 매출채권 및 기타유동채권
일진파워 094820 재고자산 0 0
일진파워 094820 기타유동금융자산 0 0
일진파워 094820 기타유동자산 101,776,078 617,913,587
일진파워 094820 매각예정비유동자산 0 0
일진파워 094820 비유동자산 66,272,400,317 60,289,244,056
일진파워 094820 장기금융상품 1,229,866,036 1,021,454,830
일진파워 094820 기타포괄손익-공정가치 0 0
일진파워 094820 당기손익인식공정가치측정금융자산 0 0
일진파워 094820 종속회사투자 0 0
일진파워 094820 관계회사투자 0 0
일진파워 094820 렌탈자산 0 0
일진파워 094820 유형자산 12,810,970,209 9,496,053,338
일진파워 094820 무형자산 752,699,111 739,649,600
일진파워 094820 기타비유동금융자산 3,225,800,943 2,499,476,512
일진파워 094820 기타비유동자산 0 0
일진파워 094820 사용권자산 0 0
일진파워 094820 이연법인세자산 8,396,515,283 8,618,039,456
일진파워 094820 자산총계 90,892,426,769 86,050,364,416
일진파워 094820 유동부채 8,547,373,835 13,422,603,894
일진파워 094820 단기매입채무 0 0
일진파워 094820 단기차입금 156,600,000 195,750,000
일진파워 094820 유동성장기차입금 0 0
일진파워 094820 유동성사채 0 0
일진파워 094820 기타유동금융부채 0 0
일진파워 094820 기타유동부채 979,063,058 1,785,983,702
일진파워 094820 당기법인세부채 1,460,225,071 1,359,011,132
일진파워 094820 유동리스부채 0 0
일진파워 094820 비유동부채 7,808,852,417 7,347,537,306
일진파워 094820 사채 0 0
일진파워 094820 장기차입금 78,300,000 195,750,000
일진파워 094820 기타비유동금융부채 0 0
일진파워 094820 이연법인세부채 0 0
일진파워 094820 비유동리스부채 0 0
일진파워 094820 부채총계 16,356,226,252 20,770,141,200
일진파워 094820 자본금 7,539,354,500 7,539,354,500
일진파워 094820 자본잉여금 0 0
일진파워 094820 자본조정 0 0
일진파워 094820 기타포괄손익누계액 0 0
일진파워 094820 이익잉여금(결손금) 56,331,201,245 47,158,263,684
일진파워 094820 자본총계 74,536,200,517 65,280,223,216
일진파워 094820 자본과부채총계 90,892,426,769 86,050,364,416
date : 2017-12-31
일진파워 094820 유동자산 33,670,974,623 25,761,120,360
일진파워 094820 현금및현금성자산 24,402,426,890 13,904,680,321
일진파워 094820 매출채권 및 기타유동채권
일진파워 094820 재고자산 4,294,123,461 617,913,587
일진파워 094820 기타유동금융자산 0 0
일진파워 094820 기타유동자산 145,145,610 617,913,587
일진파워 094820 매각예정비유동자산 0 0
일진파워 094820 비유동자산 65,504,215,942 60,289,244,056
일진파워 094820 장기금융상품 0 0
일진파워 094820 기타포괄손익-공정가치 0 0
일진파워 094820 당기손익인식공정가치측정금융자산 0 0
일진파워 094820 종속회사투자 0 0
일진파워 094820 관계회사투자 0 0
일진파워 094820 렌탈자산 0 0
일진파워 094820 유형자산 12,681,290,781 9,496,053,338
일진파워 094820 무형자산 0 0
일진파워 094820 기타비유동금융자산 3,384,307,657 2,499,476,512
일진파워 094820 기타비유동자산 0 0
일진파워 094820 사용권자산 0 0
일진파워 094820 이연법인세자산 7,678,498,411 8,618,039,456
일진파워 094820 자산총계 99,175,190,565 86,050,364,416
일진파워 094820 유동부채 14,023,002,932 13,422,603,894
일진파워 094820 단기매입채무 0 0
일진파워 094820 단기차입금 0 0
일진파워 094820 유동성장기차입금 0 0
일진파워 094820 유동성사채 0 0
일진파워 094820 기타유동금융부채 6,000,000 13,422,603,894
일진파워 094820 기타유동부채 1,635,491,050 1,785,983,702
일진파워 094820 당기법인세부채 2,610,955,751 1,359,011,132
일진파워 094820 유동리스부채 0 0
일진파워 094820 비유동부채 7,223,654,904 7,347,537,306
일진파워 094820 사채 0 0
일진파워 094820 장기차입금 0 0
일진파워 094820 기타비유동금융부채 0 0
일진파워 094820 이연법인세부채 0 0
일진파워 094820 비유동리스부채 0 0
일진파워 094820 부채총계 21,246,657,836 20,770,141,200
일진파워 094820 자본금 7,539,354,500 7,539,354,500
일진파워 094820 자본잉여금 0 0
일진파워 094820 자본조정 0 0
일진파워 094820 기타포괄손익누계액 0 0
일진파워 094820 이익잉여금(결손금) 59,719,077,110 47,158,263,684
일진파워 094820 자본총계 77,928,532,729 65,280,223,216
일진파워 094820 자본과부채총계 99,175,190,565 86,050,364,416
date : 2018-03-31
일진파워 094820 유동자산 33,367,377,913 33,670,974,623
일진파워 094820 현금및현금성자산 22,364,456,294 24,402,426,890
일진파워 094820 매출채권 및 기타유동채권
일진파워 094820 재고자산 0 145,145,610
일진파워 094820 기타유동금융자산 0 0
일진파워 094820 기타유동자산 142,234,917 145,145,610
일진파워 094820 매각예정비유동자산 0 0
일진파워 094820 비유동자산 65,739,873,753 65,504,215,942
일진파워 094820 장기금융상품 0 0
일진파워 094820 기타포괄손익-공정가치 0 0
일진파워 094820 당기손익인식공정가치측정금융자산 0 0
일진파워 094820 종속회사투자 0 0
일진파워 094820 관계회사투자 0 0
일진파워 094820 렌탈자산 0 0
일진파워 094820 유형자산 12,523,653,637 12,681,290,781
일진파워 094820 무형자산 0 0
일진파워 094820 기타비유동금융자산 3,724,125,890 3,384,307,657
일진파워 094820 기타비유동자산 0 0
일진파워 094820 사용권자산 0 0
일진파워 094820 이연법인세자산 7,653,096,850 7,678,498,411
일진파워 094820 자산총계 99,107,251,666 99,175,190,565
일진파워 094820 유동부채 13,298,575,336 14,023,002,932
일진파워 094820 단기매입채무 0 0
일진파워 094820 단기차입금 0 0
일진파워 094820 유동성장기차입금 0 0
일진파워 094820 유동성사채 0 0
일진파워 094820 기타유동금융부채 0 14,023,002,932
일진파워 094820 기타유동부채 1,629,707,116 1,635,491,050
일진파워 094820 당기법인세부채 2,610,955,740 2,610,955,751
일진파워 094820 유동리스부채 0 0
일진파워 094820 비유동부채 7,890,186,086 7,223,654,904
일진파워 094820 사채 0 0
일진파워 094820 장기차입금 0 0
일진파워 094820 기타비유동금융부채 0 0
일진파워 094820 이연법인세부채 0 0
일진파워 094820 비유동리스부채 0 0
일진파워 094820 부채총계 21,188,761,422 21,246,657,836
일진파워 094820 자본금 7,539,354,500 7,539,354,500
일진파워 094820 자본잉여금 0 0
일진파워 094820 자본조정 0 0
일진파워 094820 기타포괄손익누계액 0 0
일진파워 094820 이익잉여금(결손금) 59,666,377,291 59,719,077,110
일진파워 094820 자본총계 77,918,490,244 77,928,532,729
일진파워 094820 자본과부채총계 99,107,251,666 99,175,190,565
date : 2018-06-30
일진파워 094820 유동자산 39,145,964,374 33,670,974,623
일진파워 094820 현금및현금성자산 20,917,492,568 24,402,426,890
일진파워 094820 매출채권 및 기타유동채권
일진파워 094820 재고자산 0 0
일진파워 094820 기타유동금융자산 0 0
일진파워 094820 기타유동자산 109,694,864 145,145,610
일진파워 094820 매각예정비유동자산 0 0
일진파워 094820 비유동자산 67,006,773,908 65,504,215,942
일진파워 094820 장기금융상품 1,229,866,036 금융자산
일진파워 094820 기타포괄손익-공정가치 측정 금융자산
일진파워 094820 당기손익인식공정가치측정금융자산 0 0
일진파워 094820 종속회사투자 0 0
일진파워 094820 관계회사투자 0 0
일진파워 094820 렌탈자산 0 0
일진파워 094820 유형자산 12,519,723,364 12,681,290,781
일진파워 094820 무형자산 0 0
일진파워 094820 기타비유동금융자산 0 65,504,215,942
일진파워 094820 기타비유동자산 4,085,648,605 3,384,307,657
일진파워 094820 사용권자산 0 0
일진파워 094820 이연법인세자산 7,552,939,937 7,678,498,411
일진파워 094820 자산총계 106,152,738,282 99,175,190,565
일진파워 094820 유동부채 15,759,114,602 14,023,002,932
일진파워 094820 단기매입채무 0 0
일진파워 094820 단기차입금 117,450,000 156,600,000
일진파워 094820 유동성장기차입금 0 0
일진파워 094820 유동성사채 0 0
일진파워 094820 기타유동금융부채 0 156,600,000
일진파워 094820 기타유동부채 2,422,824,947 1,635,491,050
일진파워 094820 당기법인세부채 1,672,527,240 2,610,955,751
일진파워 094820 유동리스부채 0 0
일진파워 094820 비유동부채 7,380,598,207 7,223,654,904
일진파워 094820 사채 0 0
일진파워 094820 장기차입금 39,150,000 7,223,654,904
일진파워 094820 기타비유동금융부채 0 0
일진파워 094820 이연법인세부채 0 0
일진파워 094820 비유동리스부채 0 0
일진파워 094820 부채총계 23,139,712,809 21,246,657,836
일진파워 094820 자본금 7,539,354,500 7,539,354,500
일진파워 094820 자본잉여금 0 0
일진파워 094820 자본조정 0 0
일진파워 094820 기타포괄손익누계액 0 0
일진파워 094820 이익잉여금(결손금) 64,768,620,337 59,719,077,110
일진파워 094820 자본총계 83,013,025,473 77,928,532,729
일진파워 094820 자본과부채총계 106,152,738,282 99,175,190,565
date : 2018-09-30
일진파워 094820 유동자산 25,544,224,211 33,670,974,623
일진파워 094820 현금및현금성자산 13,592,669,173 24,402,426,890
일진파워 094820 매출채권 및 기타유동채권
일진파워 094820 재고자산 0 0
일진파워 094820 기타유동금융자산 0 0
일진파워 094820 기타유동자산 135,064,414 145,145,610
일진파워 094820 매각예정비유동자산 0 0
일진파워 094820 비유동자산 80,716,930,960 65,504,215,942
일진파워 094820 장기금융상품 1,229,866,036 금융자산
일진파워 094820 기타포괄손익-공정가치 측정 금융자산
일진파워 094820 당기손익인식공정가치측정금융자산 0 0
일진파워 094820 종속회사투자 0 0
일진파워 094820 관계회사투자 0 0
일진파워 094820 렌탈자산 0 0
일진파워 094820 유형자산 13,854,746,872 12,681,290,781
일진파워 094820 무형자산 0 0
일진파워 094820 기타비유동금융자산 0 65,504,215,942
일진파워 094820 기타비유동자산 6,390,399,727 3,384,307,657
일진파워 094820 사용권자산 0 0
일진파워 094820 이연법인세자산 7,552,939,937 7,678,498,411
일진파워 094820 자산총계 106,261,155,171 99,175,190,565
일진파워 094820 유동부채 10,617,931,608 14,023,002,932
일진파워 094820 단기매입채무 0 0
일진파워 094820 단기차입금 78,300,000 156,600,000
일진파워 094820 유동성장기차입금 0 0
일진파워 094820 유동성사채 0 0
일진파워 094820 기타유동금융부채 0 156,600,000
일진파워 094820 기타유동부채 1,704,504,968 1,635,491,050
일진파워 094820 당기법인세부채 836,263,620 2,610,955,751
일진파워 094820 유동리스부채 0 0
일진파워 094820 비유동부채 8,240,715,046 7,223,654,904
일진파워 094820 사채 0 0
일진파워 094820 장기차입금 39,150,000 7,223,654,904
일진파워 094820 기타비유동금융부채 0 0
일진파워 094820 이연법인세부채 0 0
일진파워 094820 비유동리스부채 0 0
일진파워 094820 부채총계 18,858,646,654 21,246,657,836
일진파워 094820 자본금 7,539,354,500 7,539,354,500
일진파워 094820 자본잉여금 0 0
일진파워 094820 자본조정 0 0
일진파워 094820 기타포괄손익누계액 0 0
일진파워 094820 이익잉여금(결손금) 69,157,867,411 59,719,077,110
일진파워 094820 자본총계 87,402,508,517 77,928,532,729
일진파워 094820 자본과부채총계 106,261,155,171 99,175,190,565
date : 2018-12-31
일진파워 094820 유동자산 41,584,862,809 33,670,974,623
일진파워 094820 현금및현금성자산 22,192,036,191 24,402,426,890
일진파워 094820 매출채권 및 기타유동채권
일진파워 094820 재고자산 0 145,145,610
일진파워 094820 기타유동금융자산 0 0
일진파워 094820 기타유동자산 113,931,434 145,145,610
일진파워 094820 매각예정비유동자산 0 0
일진파워 094820 비유동자산 76,236,530,341 65,504,215,942
일진파워 094820 장기금융상품 1,272,950,540 1,229,866,036
일진파워 094820 기타포괄손익-공정가치 0 0
일진파워 094820 당기손익인식공정가치측정금융자산 0 0
일진파워 094820 종속회사투자 0 0
일진파워 094820 관계회사투자 0 0
일진파워 094820 렌탈자산 0 0
일진파워 094820 유형자산 13,546,369,184 12,681,290,781
일진파워 094820 무형자산 828,942,762 822,108,879
일진파워 094820 기타비유동금융자산 6,442,213,382 3,384,307,657
일진파워 094820 기타비유동자산 0 0
일진파워 094820 사용권자산 0 0
일진파워 094820 이연법인세자산 7,981,513,671 7,678,498,411
일진파워 094820 자산총계 117,821,393,150 99,175,190,565
일진파워 094820 유동부채 18,088,557,639 14,023,002,932
일진파워 094820 단기매입채무 0 0
일진파워 094820 단기차입금 39,150,000 156,600,000
일진파워 094820 유동성장기차입금 0 0
일진파워 094820 유동성사채 0 0
일진파워 094820 기타유동금융부채 30,000,000 156,600,000
일진파워 094820 기타유동부채 3,629,689,291 1,635,491,050
일진파워 094820 당기법인세부채 2,173,566,733 2,610,955,751
일진파워 094820 유동리스부채 0 0
일진파워 094820 비유동부채 10,393,099,787 7,223,654,904
일진파워 094820 사채 0 0
일진파워 094820 장기차입금 39,150,000 195,750,000
일진파워 094820 기타비유동금융부채 130,000,000 416,219,328
일진파워 094820 이연법인세부채 0 0
일진파워 094820 비유동리스부채 0 0
일진파워 094820 부채총계 28,481,657,426 21,246,657,836
일진파워 094820 자본금 7,539,354,500 7,539,354,500
일진파워 094820 자본잉여금 12,462,037,470 12,462,037,470
일진파워 094820 자본조정 0 0
일진파워 094820 기타포괄손익누계액 0 0
일진파워 094820 이익잉여금(결손금) 71,095,117,134 59,719,077,110
일진파워 094820 자본총계 89,339,735,724 77,928,532,729
일진파워 094820 자본과부채총계 117,821,393,150 99,175,190,565
date : 2019-03-31
일진파워 094820 유동자산 38,867,574,752 41,584,862,809
일진파워 094820 현금및현금성자산 17,617,193,473 22,192,036,191
일진파워 094820 매출채권 및 기타유동채권
일진파워 094820 재고자산 0 113,931,434
일진파워 094820 기타유동금융자산 0 0
일진파워 094820 기타유동자산 212,784,367 113,931,434
일진파워 094820 매각예정비유동자산 0 0
일진파워 094820 비유동자산 78,235,295,753 76,236,530,341
일진파워 094820 장기금융상품 1,318,517,858 1,272,950,540
일진파워 094820 기타포괄손익-공정가치 0 0
일진파워 094820 당기손익인식공정가치측정금융자산 0 0
일진파워 094820 종속회사투자 0 0
일진파워 094820 관계회사투자 0 0
일진파워 094820 렌탈자산 0 0
일진파워 094820 유형자산 16,438,840,387 13,546,369,184
일진파워 094820 무형자산 826,914,531 828,942,762
일진파워 094820 기타비유동금융자산 7,189,498,645 6,442,213,382
일진파워 094820 기타비유동자산 0 0
일진파워 094820 사용권자산 0 0
일진파워 094820 이연법인세자산 7,981,513,671 7,981,513,671
일진파워 094820 자산총계 117,102,870,505 117,821,393,150
일진파워 094820 유동부채 18,838,069,526 18,088,557,639
일진파워 094820 단기매입채무 0 0
일진파워 094820 단기차입금 39,150,000 39,150,000
일진파워 094820 유동성장기차입금 0 0
일진파워 094820 유동성사채 0 0
일진파워 094820 기타유동금융부채 10,000,000 30,000,000
일진파워 094820 기타유동부채 3,462,935,360 3,629,689,291
일진파워 094820 당기법인세부채 2,173,566,733 2,173,566,733
일진파워 094820 유동리스부채 0 0
일진파워 094820 비유동부채 10,353,469,932 10,393,099,787
일진파워 094820 사채 0 0
일진파워 094820 장기차입금 0 0
일진파워 094820 기타비유동금융부채 130,000,000 130,000,000
일진파워 094820 이연법인세부채 0 0
일진파워 094820 비유동리스부채 0 0
일진파워 094820 부채총계 29,191,539,458 28,481,657,426
일진파워 094820 자본금 7,539,354,500 7,539,354,500
일진파워 094820 자본잉여금 12,462,037,470 12,462,037,470
일진파워 094820 자본조정 0 0
일진파워 094820 기타포괄손익누계액 0 0
일진파워 094820 이익잉여금(결손금) 69,611,272,946 71,095,117,134
일진파워 094820 자본총계 87,911,331,047 89,339,735,724
일진파워 094820 자본과부채총계 117,102,870,505 117,821,393,150
