date : 2015-12-31
엔에스브이 095300 유동자산 15,217,336,463 28,146,736,744
엔에스브이 095300 현금및현금성자산 134,616,031 167,975,750
엔에스브이 095300 매출채권 4,367,642,279 9,968,118,591
엔에스브이 095300 재고자산 8,760,201,111 16,762,756,109
엔에스브이 095300 기타유동금융자산 0 0
엔에스브이 095300 기타유동자산 0 0
엔에스브이 095300 매각예정비유동자산 0 0
엔에스브이 095300 비유동자산 23,152,455,805 24,157,225,831
엔에스브이 095300 장기금융상품 0 0
엔에스브이 095300 기타포괄손익-공정가치 0 0
엔에스브이 095300 당기손익인식공정가치측정금융자산 0 0
엔에스브이 095300 종속회사투자 0 0
엔에스브이 095300 관계회사투자 0 0
엔에스브이 095300 렌탈자산 0 0
엔에스브이 095300 유형자산 0 0
엔에스브이 095300 무형자산 577,247,707 824,186,277
엔에스브이 095300 기타비유동금융자산 0 0
엔에스브이 095300 기타비유동자산 0 0
엔에스브이 095300 사용권자산 0 0
엔에스브이 095300 이연법인세자산 0 0
엔에스브이 095300 자산총계 38,369,792,268 52,303,962,575
엔에스브이 095300 유동부채 22,469,693,660 22,633,539,197
엔에스브이 095300 단기매입채무 0 0
엔에스브이 095300 단기차입금 0 0
엔에스브이 095300 유동성장기차입금 0 0
엔에스브이 095300 유동성사채 0 0
엔에스브이 095300 기타유동금융부채 0 0
엔에스브이 095300 기타유동부채 0 0
엔에스브이 095300 당기법인세부채 0 0
엔에스브이 095300 유동리스부채 0 0
엔에스브이 095300 비유동부채 2,259,571,505 10,602,396,230
엔에스브이 095300 사채 0 0
엔에스브이 095300 장기차입금 0 0
엔에스브이 095300 기타비유동금융부채 0 0
엔에스브이 095300 이연법인세부채 1,321,706,266 1,484,997,549
엔에스브이 095300 비유동리스부채 0 0
엔에스브이 095300 부채총계 24,729,265,165 33,235,935,427
엔에스브이 095300 자본금 5,803,568,000 4,414,309,500
엔에스브이 095300 자본잉여금 0 0
엔에스브이 095300 자본조정 0 0
엔에스브이 095300 기타포괄손익누계액 0 0
엔에스브이 095300 이익잉여금(결손금) -9,273,277,536 2,171,369,330
엔에스브이 095300 자본총계 13,640,527,103 19,068,027,148
엔에스브이 095300 자본과부채총계 38,369,792,268 52,303,962,575
date : 2016-03-31
엔에스브이 095300 유동자산 23,046,758,326 15,217,336,463
엔에스브이 095300 현금및현금성자산 5,237,343,628 134,616,031
엔에스브이 095300 매출채권 6,982,615,816 4,367,642,279
엔에스브이 095300 재고자산 8,442,013,882 8,760,201,111
엔에스브이 095300 기타유동금융자산 0 0
엔에스브이 095300 기타유동자산 0 0
엔에스브이 095300 매각예정비유동자산 0 0
엔에스브이 095300 비유동자산 22,090,198,761 23,152,455,805
엔에스브이 095300 장기금융상품 0 0
엔에스브이 095300 기타포괄손익-공정가치 0 0
엔에스브이 095300 당기손익인식공정가치측정금융자산 0 0
엔에스브이 095300 종속회사투자 0 0
엔에스브이 095300 관계회사투자 0 0
엔에스브이 095300 렌탈자산 0 0
엔에스브이 095300 유형자산 0 0
엔에스브이 095300 무형자산 569,162,246 577,247,707
엔에스브이 095300 기타비유동금융자산 0 0
엔에스브이 095300 기타비유동자산 0 0
엔에스브이 095300 사용권자산 0 0
엔에스브이 095300 이연법인세자산 0 0
엔에스브이 095300 자산총계 45,136,957,087 38,369,792,268
엔에스브이 095300 유동부채 23,389,072,664 22,469,693,660
엔에스브이 095300 단기매입채무 0 0
엔에스브이 095300 단기차입금 0 0
엔에스브이 095300 유동성장기차입금 0 0
엔에스브이 095300 유동성사채 0 0
엔에스브이 095300 기타유동금융부채 0 0
엔에스브이 095300 기타유동부채 0 0
엔에스브이 095300 당기법인세부채 0 0
엔에스브이 095300 유동리스부채 0 0
엔에스브이 095300 비유동부채 7,333,337,678 2,259,571,505
엔에스브이 095300 사채 0 0
엔에스브이 095300 장기차입금 0 0
엔에스브이 095300 기타비유동금융부채 0 0
엔에스브이 095300 이연법인세부채 1,321,706,266 1,321,706,266
엔에스브이 095300 비유동리스부채 0 0
엔에스브이 095300 부채총계 30,722,410,342 24,729,265,165
엔에스브이 095300 자본금 5,803,568,000 5,803,568,000
엔에스브이 095300 자본잉여금 0 0
엔에스브이 095300 자본조정 0 0
엔에스브이 095300 기타포괄손익누계액 0 0
엔에스브이 095300 이익잉여금(결손금) -9,209,902,604 -9,273,277,536
엔에스브이 095300 자본총계 14,414,546,745 13,640,527,103
엔에스브이 095300 자본과부채총계 45,136,957,087 38,369,792,268
date : 2016-06-30
엔에스브이 095300 유동자산 13,351,683,216 15,217,336,463
엔에스브이 095300 현금및현금성자산 145,161,311 134,616,031
엔에스브이 095300 매출채권 2,525,519,578 4,367,642,279
엔에스브이 095300 재고자산 6,874,765,474 8,760,201,111
엔에스브이 095300 기타유동금융자산 0 0
엔에스브이 095300 기타유동자산 0 0
엔에스브이 095300 매각예정비유동자산 0 0
엔에스브이 095300 비유동자산 21,453,931,769 23,152,455,805
엔에스브이 095300 장기금융상품 0 0
엔에스브이 095300 기타포괄손익-공정가치 0 0
엔에스브이 095300 당기손익인식공정가치측정금융자산 0 0
엔에스브이 095300 종속회사투자 0 0
엔에스브이 095300 관계회사투자 0 0
엔에스브이 095300 렌탈자산 0 0
엔에스브이 095300 유형자산 0 0
엔에스브이 095300 무형자산 229,111,375 577,247,707
엔에스브이 095300 기타비유동금융자산 0 0
엔에스브이 095300 기타비유동자산 0 0
엔에스브이 095300 사용권자산 0 0
엔에스브이 095300 이연법인세자산 0 0
엔에스브이 095300 자산총계 34,805,614,985 38,369,792,268
엔에스브이 095300 유동부채 18,860,392,253 22,469,693,660
엔에스브이 095300 단기매입채무 0 0
엔에스브이 095300 단기차입금 0 0
엔에스브이 095300 유동성장기차입금 0 0
엔에스브이 095300 유동성사채 0 0
엔에스브이 095300 기타유동금융부채 0 0
엔에스브이 095300 기타유동부채 0 0
엔에스브이 095300 당기법인세부채 0 0
엔에스브이 095300 유동리스부채 0 0
엔에스브이 095300 비유동부채 2,562,882,849 2,259,571,505
엔에스브이 095300 사채 0 0
엔에스브이 095300 장기차입금 0 0
엔에스브이 095300 기타비유동금융부채 0 0
엔에스브이 095300 이연법인세부채 1,381,131,033 1,321,706,266
엔에스브이 095300 비유동리스부채 0 0
엔에스브이 095300 부채총계 21,423,275,102 24,729,265,165
엔에스브이 095300 자본금 5,803,568,000 5,803,568,000
엔에스브이 095300 자본잉여금 0 0
엔에스브이 095300 자본조정 0 0
엔에스브이 095300 기타포괄손익누계액 0 0
엔에스브이 095300 이익잉여금(결손금) -10,531,464,756 -9,273,277,536
엔에스브이 095300 자본총계 13,382,339,883 13,640,527,103
엔에스브이 095300 자본과부채총계 34,805,614,985 38,369,792,268
date : 2016-09-30
엔에스브이 095300 유동자산 14,787,249,938 15,217,336,463
엔에스브이 095300 현금및현금성자산 720,793,448 134,616,031
엔에스브이 095300 매출채권 3,048,665,534 4,367,642,279
엔에스브이 095300 재고자산 7,140,217,515 8,760,201,111
엔에스브이 095300 기타유동금융자산 0 0
엔에스브이 095300 기타유동자산 0 0
엔에스브이 095300 매각예정비유동자산 0 0
엔에스브이 095300 비유동자산 20,536,842,818 23,152,455,805
엔에스브이 095300 장기금융상품 0 0
엔에스브이 095300 기타포괄손익-공정가치 0 0
엔에스브이 095300 당기손익인식공정가치측정금융자산 0 0
엔에스브이 095300 종속회사투자 0 0
엔에스브이 095300 관계회사투자 0 0
엔에스브이 095300 렌탈자산 0 0
엔에스브이 095300 유형자산 0 0
엔에스브이 095300 무형자산 221,595,914 577,247,707
엔에스브이 095300 기타비유동금융자산 0 0
엔에스브이 095300 기타비유동자산 0 0
엔에스브이 095300 사용권자산 0 0
엔에스브이 095300 이연법인세자산 0 0
엔에스브이 095300 자산총계 35,324,092,756 38,369,792,268
엔에스브이 095300 유동부채 18,787,351,083 22,469,693,660
엔에스브이 095300 단기매입채무 0 0
엔에스브이 095300 단기차입금 0 0
엔에스브이 095300 유동성장기차입금 0 0
엔에스브이 095300 유동성사채 0 0
엔에스브이 095300 기타유동금융부채 0 0
엔에스브이 095300 기타유동부채 0 0
엔에스브이 095300 당기법인세부채 0 0
엔에스브이 095300 유동리스부채 0 0
엔에스브이 095300 비유동부채 2,156,332,105 2,259,571,505
엔에스브이 095300 사채 0 0
엔에스브이 095300 장기차입금 0 0
엔에스브이 095300 기타비유동금융부채 0 0
엔에스브이 095300 이연법인세부채 1,381,131,033 1,321,706,266
엔에스브이 095300 비유동리스부채 0 0
엔에스브이 095300 부채총계 20,943,683,188 24,729,265,165
엔에스브이 095300 자본금 6,278,628,000 5,803,568,000
엔에스브이 095300 자본잉여금 0 0
엔에스브이 095300 자본조정 0 0
엔에스브이 095300 기타포괄손익누계액 0 0
엔에스브이 095300 이익잉여금(결손금) -11,529,503,391 -9,273,277,536
엔에스브이 095300 자본총계 14,380,409,568 13,640,527,103
엔에스브이 095300 자본과부채총계 35,324,092,756 38,369,792,268
date : 2016-12-31
세한엔에스브이 095300 유동자산 6,199,435,243 15,217,336,463
세한엔에스브이 095300 현금및현금성자산 68,295,913 134,616,031
세한엔에스브이 095300 매출채권 1,523,876,929 4,367,642,279
세한엔에스브이 095300 재고자산 3,411,971,239 8,760,201,111
세한엔에스브이 095300 기타유동금융자산 0 0
세한엔에스브이 095300 기타유동자산 0 0
세한엔에스브이 095300 매각예정비유동자산 0 0
세한엔에스브이 095300 비유동자산 20,348,083,540 23,152,455,805
세한엔에스브이 095300 장기금융상품 0 0
세한엔에스브이 095300 기타포괄손익-공정가치 0 0
세한엔에스브이 095300 당기손익인식공정가치측정금융자산 0 0
세한엔에스브이 095300 종속회사투자 0 0
세한엔에스브이 095300 관계회사투자 0 0
세한엔에스브이 095300 렌탈자산 0 0
세한엔에스브이 095300 유형자산 0 0
세한엔에스브이 095300 무형자산 338,810,903 577,247,707
세한엔에스브이 095300 기타비유동금융자산 0 0
세한엔에스브이 095300 기타비유동자산 0 0
세한엔에스브이 095300 사용권자산 0 0
세한엔에스브이 095300 이연법인세자산 0 0
세한엔에스브이 095300 자산총계 26,547,518,783 38,369,792,268
세한엔에스브이 095300 유동부채 18,458,951,657 22,469,693,660
세한엔에스브이 095300 단기매입채무 0 0
세한엔에스브이 095300 단기차입금 0 0
세한엔에스브이 095300 유동성장기차입금 0 0
세한엔에스브이 095300 유동성사채 0 0
세한엔에스브이 095300 기타유동금융부채 0 0
세한엔에스브이 095300 기타유동부채 0 0
세한엔에스브이 095300 당기법인세부채 0 0
세한엔에스브이 095300 유동리스부채 0 0
세한엔에스브이 095300 비유동부채 2,033,177,815 2,259,571,505
세한엔에스브이 095300 사채 0 0
세한엔에스브이 095300 장기차입금 0 0
세한엔에스브이 095300 기타비유동금융부채 0 0
세한엔에스브이 095300 이연법인세부채 1,321,647,294 1,321,706,266
세한엔에스브이 095300 비유동리스부채 0 0
세한엔에스브이 095300 부채총계 20,492,129,472 24,729,265,165
세한엔에스브이 095300 자본금 6,278,628,000 5,803,568,000
세한엔에스브이 095300 자본잉여금 0 0
세한엔에스브이 095300 자본조정 0 0
세한엔에스브이 095300 기타포괄손익누계액 0 0
세한엔에스브이 095300 이익잉여금(결손금) -19,854,523,648 -9,273,277,536
세한엔에스브이 095300 자본총계 6,055,389,311 13,640,527,103
세한엔에스브이 095300 자본과부채총계 26,547,518,783 38,369,792,268
date : 2017-03-31
세한엔에스브이 095300 유동자산 15,330,912,351 16,320,094,825
세한엔에스브이 095300 현금및현금성자산 579,011,817 268,295,913
세한엔에스브이 095300 매출채권 946,612,313 1,438,804,219
세한엔에스브이 095300 재고자산 11,190,196,832 10,135,825,889
세한엔에스브이 095300 기타유동금융자산 0 0
세한엔에스브이 095300 기타유동자산 0 0
세한엔에스브이 095300 매각예정비유동자산 0 0
세한엔에스브이 095300 비유동자산 26,048,170,323 20,445,566,873
세한엔에스브이 095300 장기금융상품 0 0
세한엔에스브이 095300 기타포괄손익-공정가치 0 0
세한엔에스브이 095300 당기손익인식공정가치측정금융자산 0 0
세한엔에스브이 095300 종속회사투자 0 0
세한엔에스브이 095300 관계회사투자 0 0
세한엔에스브이 095300 렌탈자산 0 0
세한엔에스브이 095300 유형자산 0 0
세한엔에스브이 095300 무형자산 338,482,792 338,810,903
세한엔에스브이 095300 기타비유동금융자산 0 0
세한엔에스브이 095300 기타비유동자산 0 0
세한엔에스브이 095300 사용권자산 0 0
세한엔에스브이 095300 이연법인세자산 0 0
세한엔에스브이 095300 자산총계 41,379,082,674 36,765,661,698
세한엔에스브이 095300 유동부채 18,676,241,774 18,264,116,331
세한엔에스브이 095300 단기매입채무 0 0
세한엔에스브이 095300 단기차입금 0 0
세한엔에스브이 095300 유동성장기차입금 0 0
세한엔에스브이 095300 유동성사채 0 0
세한엔에스브이 095300 기타유동금융부채 0 0
세한엔에스브이 095300 기타유동부채 0 0
세한엔에스브이 095300 당기법인세부채 0 0
세한엔에스브이 095300 유동리스부채 0 0
세한엔에스브이 095300 비유동부채 3,836,718,076 2,033,177,815
세한엔에스브이 095300 사채 0 0
세한엔에스브이 095300 장기차입금 0 0
세한엔에스브이 095300 기타비유동금융부채 0 0
세한엔에스브이 095300 이연법인세부채 1,321,647,294 1,321,647,294
세한엔에스브이 095300 비유동리스부채 0 0
세한엔에스브이 095300 부채총계 22,512,959,850 20,297,294,146
세한엔에스브이 095300 자본금 6,278,628,000 6,278,628,000
세한엔에스브이 095300 자본잉여금 0 0
세한엔에스브이 095300 자본조정 0 0
세한엔에스브이 095300 기타포괄손익누계액 0 0
세한엔에스브이 095300 이익잉여금(결손금) -9,404,346,135 -9,441,545,407
세한엔에스브이 095300 자본총계 18,866,122,824 16,468,367,552
세한엔에스브이 095300 자본과부채총계 41,379,082,674 36,765,661,698
date : 2017-06-30
엔에스브이 095300 유동자산 3,195,147,766 6,199,435,243
엔에스브이 095300 현금및현금성자산 404,761,483 68,295,913
엔에스브이 095300 매출채권 361,327,081 1,523,876,929
엔에스브이 095300 재고자산 1,684,642,111 3,411,971,239
엔에스브이 095300 기타유동금융자산 0 0
엔에스브이 095300 기타유동자산 0 0
엔에스브이 095300 매각예정비유동자산 0 0
엔에스브이 095300 비유동자산 25,865,218,645 20,348,083,540
엔에스브이 095300 장기금융상품 0 0
엔에스브이 095300 기타포괄손익-공정가치 0 0
엔에스브이 095300 당기손익인식공정가치측정금융자산 0 0
엔에스브이 095300 종속회사투자 0 0
엔에스브이 095300 관계회사투자 0 0
엔에스브이 095300 렌탈자산 0 0
엔에스브이 095300 유형자산 0 0
엔에스브이 095300 무형자산 338,154,681 338,810,903
엔에스브이 095300 기타비유동금융자산 0 0
엔에스브이 095300 기타비유동자산 0 0
엔에스브이 095300 사용권자산 0 0
엔에스브이 095300 이연법인세자산 0 0
엔에스브이 095300 자산총계 29,060,366,411 26,547,518,783
엔에스브이 095300 유동부채 17,454,048,194 18,482,631,757
엔에스브이 095300 단기매입채무 0 0
엔에스브이 095300 단기차입금 0 0
엔에스브이 095300 유동성장기차입금 0 0
엔에스브이 095300 유동성사채 0 0
엔에스브이 095300 기타유동금융부채 0 0
엔에스브이 095300 기타유동부채 0 0
엔에스브이 095300 당기법인세부채 0 0
엔에스브이 095300 유동리스부채 0 0
엔에스브이 095300 비유동부채 4,956,600,230 2,033,177,815
엔에스브이 095300 사채 0 0
엔에스브이 095300 장기차입금 0 0
엔에스브이 095300 기타비유동금융부채 0 0
엔에스브이 095300 이연법인세부채 1,321,647,294 1,321,647,294
엔에스브이 095300 비유동리스부채 0 0
엔에스브이 095300 부채총계 22,410,648,424 20,515,809,572
엔에스브이 095300 자본금 6,278,628,000 6,278,628,000
엔에스브이 095300 자본잉여금 0 0
엔에스브이 095300 자본조정 0 0
엔에스브이 095300 기타포괄손익누계액 0 0
엔에스브이 095300 이익잉여금(결손금) -22,898,920,622 -19,878,203,748
엔에스브이 095300 자본총계 6,649,717,987 6,031,709,211
엔에스브이 095300 자본과부채총계 29,060,366,411 26,547,518,783
