date : 2019-03-31
제넥신 095700 유동자산 107,155,526,785 177,517,799,156
제넥신 095700 현금및현금성자산 15,612,513,261 55,679,615,709
제넥신 095700 매출채권 및 기타유동채권
제넥신 095700 기타유동자산 3,257,356,550 3,553,230,574
제넥신 095700 재고자산 0 0
제넥신 095700 비유동자산 294,942,110,762 197,293,355,976
제넥신 095700 유형자산 47,504,724,807 47,176,807,034
제넥신 095700 무형자산 3,980,656,117 4,097,731,310
제넥신 095700 기타비유동자산 570,491,200 586,341,494
제넥신 095700 자산총계 402,097,637,547 374,811,155,132
제넥신 095700 유동부채 11,090,482,040 10,826,760,103
제넥신 095700 단기차입금 0 0
제넥신 095700 기타유동부채 1,009,295,573 824,432,073
제넥신 095700 비유동부채 45,691,520,664 43,476,940,647
제넥신 095700 장기차입금 10,000,000,000 10,000,000,000
제넥신 095700 부채총계 56,782,002,704 54,303,700,750
제넥신 095700 자본잉여금 453,456,204,427 452,883,813,591
제넥신 095700 이익잉여금(결손금) -130,703,144,267 -160,141,475,937
제넥신 095700 자본총계 345,315,634,843 320,507,454,382
제넥신 095700 자본과부채총계 402,097,637,547 374,811,155,132
