date : 2019-03-31
대창솔루션 096350 유동자산 39,219,759,317 36,283,819,238
대창솔루션 096350 현금및현금성자산 590,848,678 3,714,187,820
대창솔루션 096350 매출채권 10,833,022,979 8,135,785,045
대창솔루션 096350 기타포괄손익-공정가치 측정 금융자산
대창솔루션 096350 재고자산 13,910,847,196 10,638,529,656
대창솔루션 096350 기타유동자산 2,819,544,258 2,648,592,981
대창솔루션 096350 비유동자산 89,706,513,283 90,388,807,598
대창솔루션 096350 기타포괄손익-공정가치 측정 금융자산
대창솔루션 096350 유형자산 83,716,084,534 84,599,886,476
대창솔루션 096350 무형자산 4,289,092,606 4,340,903,758
대창솔루션 096350 기타비유동자산 837,096 929,571
대창솔루션 096350 자산총계 128,926,272,600 126,672,626,836
대창솔루션 096350 유동부채 46,871,619,784 43,496,486,486
대창솔루션 096350 기타유동부채 71,744,514 86,268,595
대창솔루션 096350 비유동부채 36,653,491,280 36,855,189,868
대창솔루션 096350 장기차입금 31,742,340,666 32,294,429,737
대창솔루션 096350 이연법인세부채 2,535,264,327 2,319,271,496
대창솔루션 096350 부채총계 83,525,111,064 80,351,676,354
대창솔루션 096350 자본금 39,857,359,156 39,857,359,156
대창솔루션 096350 이익잉여금(결손금) -444,167,821 475,621,125
대창솔루션 096350 기타포괄손익누계액 -697,006,730 -697,006,730
대창솔루션 096350 자본총계 45,401,161,536 46,320,950,482
대창솔루션 096350 자본과부채총계 128,926,272,600 126,672,626,836
