date : 2019-03-31
멜파스 096640 유동자산 19,547,789,154 16,503,901,319
멜파스 096640 현금및현금성자산 1,994,676,885 4,682,610,219
멜파스 096640 매출채권 5,995,239,608 4,829,039,644
멜파스 096640 재고자산 2,696,326,226 2,536,203,729
멜파스 096640 기타유동금융자산 6,645,806,318 2,253,763,734
멜파스 096640 기타유동자산 153,020,081 141,858,027
멜파스 096640 비유동자산 68,696,581,453 69,961,340,586
멜파스 096640 기타포괄손익-공정가치 측정 금융자산
멜파스 096640 유형자산 19,570,044,177 21,728,449,030
멜파스 096640 무형자산 655,585,840 712,912,254
멜파스 096640 기타비유동금융자산 323,244,610 323,244,610
멜파스 096640 기타비유동자산 15,238,860 0
멜파스 096640 자산총계 88,244,370,607 86,465,241,905
멜파스 096640 유동부채 50,409,569,217 47,764,545,740
멜파스 096640 기타유동금융부채 883,586,894 901,318,220
멜파스 096640 기타유동부채 21,187,434 30,239,497
멜파스 096640 비유동부채 173,980,000 87,000,000
멜파스 096640 기타비유동금융부채 173,980,000 87,000,000
멜파스 096640 부채총계 50,583,549,217 47,851,545,740
멜파스 096640 자본금 10,628,575,500 10,628,575,500
멜파스 096640 자본잉여금 84,877,173,978 84,877,173,978
멜파스 096640 기타포괄손익누계액 5,313,583,877 4,801,803,471
멜파스 096640 이익잉여금(결손금) -57,019,367,083 -55,554,711,902
멜파스 096640 자본총계 37,660,821,390 38,613,696,165
멜파스 096640 자본과부채총계 88,244,370,607 86,465,241,905
