date : 2019-03-31
SK이노베이션 096770 유동자산 2,585,765,907,000 1,500,027,432,000
SK이노베이션 096770 현금및현금성자산 138,463,510,000 301,852,287,000
SK이노베이션 096770 매출채권 187,101,471,000 211,524,053,000
SK이노베이션 096770 재고자산 186,030,816,000 151,756,396,000
SK이노베이션 096770 기타유동자산 0 3,034,000
SK이노베이션 096770 비유동자산 15,084,056,586,000 14,346,802,663,000
SK이노베이션 096770 장기금융상품 12,000,000 10,000,000
SK이노베이션 096770 유형자산 1,942,708,693,000 1,765,972,767,000
SK이노베이션 096770 사용권자산 43,961,289,000 0
SK이노베이션 096770 무형자산 991,695,646,000 982,792,715,000
SK이노베이션 096770 자산총계 17,669,822,493,000 15,846,830,095,000
SK이노베이션 096770 유동부채 941,565,698,000 418,939,327,000
SK이노베이션 096770 비유동부채 2,847,273,675,000 2,427,788,566,000
SK이노베이션 096770 사채 및 장기차입금
SK이노베이션 096770 이연법인세부채 701,462,279,000 692,534,649,000
SK이노베이션 096770 부채총계 3,788,839,373,000 2,846,727,893,000
SK이노베이션 096770 자본금 468,569,950,000 468,569,950,000
SK이노베이션 096770 이익잉여금(결손금) 8,687,945,165,000 7,800,368,291,000
SK이노베이션 096770 자본총계 13,880,983,120,000 13,000,102,202,000
SK이노베이션 096770 자본과부채총계 17,669,822,493,000 15,846,830,095,000
