date : 2015-12-31
한솔신텍 099660 유동자산 115,305,888,723 61,205,948,928
한솔신텍 099660 현금및현금성자산 10,525,902,924 2,362,774,577
한솔신텍 099660 매출채권 91,015,439,913 46,556,242,738
한솔신텍 099660 재고자산 4,140,642,905 3,898,403,101
한솔신텍 099660 기타유동금융자산 0 0
한솔신텍 099660 기타유동자산 4,511,221,104 4,677,091,554
한솔신텍 099660 매각예정비유동자산 0 0
한솔신텍 099660 비유동자산 109,916,568,864 111,692,567,799
한솔신텍 099660 장기금융상품 0 0
한솔신텍 099660 기타포괄손익-공정가치 0 0
한솔신텍 099660 당기손익인식공정가치측정금융자산 0 0
한솔신텍 099660 종속회사투자 0 0
한솔신텍 099660 관계회사투자 0 0
한솔신텍 099660 렌탈자산 0 0
한솔신텍 099660 유형자산 71,592,030,316 73,009,619,031
한솔신텍 099660 무형자산 4,852,546,480 6,212,852,645
한솔신텍 099660 기타비유동금융자산 0 0
한솔신텍 099660 기타비유동자산 1,730,392,566 1,713,943,038
한솔신텍 099660 사용권자산 0 0
한솔신텍 099660 이연법인세자산 14,025,433,711 14,833,608,854
한솔신텍 099660 자산총계 225,222,457,587 172,898,516,727
한솔신텍 099660 유동부채 102,113,616,113 127,075,249,787
한솔신텍 099660 단기매입채무 0 0
한솔신텍 099660 단기차입금 15,910,000,000 27,810,202,045
한솔신텍 099660 유동성장기차입금 29,114,438,918 58,705,544,338
한솔신텍 099660 유동성사채 0 0
한솔신텍 099660 기타유동금융부채 0 0
한솔신텍 099660 기타유동부채 50,000,000 50,000,000
한솔신텍 099660 당기법인세부채 0 0
한솔신텍 099660 유동리스부채 0 0
한솔신텍 099660 비유동부채 59,760,663,811 15,009,512,098
한솔신텍 099660 사채 0 0
한솔신텍 099660 장기차입금 48,619,842,441 52,948,373,690
한솔신텍 099660 기타비유동금융부채 0 0
한솔신텍 099660 이연법인세부채 0 0
한솔신텍 099660 비유동리스부채 0 0
한솔신텍 099660 부채총계 161,874,279,924 142,084,761,885
한솔신텍 099660 자본금 0 0
한솔신텍 099660 자본잉여금 0 0
한솔신텍 099660 자본조정 0 0
한솔신텍 099660 기타포괄손익누계액 -22,019,791 -173,312,034
한솔신텍 099660 이익잉여금(결손금) -35,236,087,494 -36,096,503,694
한솔신텍 099660 자본총계 63,348,177,663 30,813,754,842
한솔신텍 099660 자본과부채총계 225,222,457,587 172,898,516,727
date : 2016-03-31
한솔신텍 099660 유동자산 117,239,211,100 115,305,888,723
한솔신텍 099660 현금및현금성자산 6,882,919,866 10,525,902,924
한솔신텍 099660 매출채권 89,305,412,571 91,015,439,913
한솔신텍 099660 재고자산 4,956,083,388 4,140,642,905
한솔신텍 099660 기타유동금융자산 0 0
한솔신텍 099660 기타유동자산 10,504,673,184 4,511,221,104
한솔신텍 099660 매각예정비유동자산 0 0
한솔신텍 099660 비유동자산 110,147,443,368 109,916,568,864
한솔신텍 099660 장기금융상품 0 0
한솔신텍 099660 기타포괄손익-공정가치 0 0
한솔신텍 099660 당기손익인식공정가치측정금융자산 0 0
한솔신텍 099660 종속회사투자 0 0
한솔신텍 099660 관계회사투자 0 0
한솔신텍 099660 렌탈자산 0 0
한솔신텍 099660 유형자산 69,700,594,250 71,592,030,316
한솔신텍 099660 무형자산 4,460,655,008 4,852,546,480
한솔신텍 099660 기타비유동금융자산 0 0
한솔신텍 099660 기타비유동자산 1,638,751,117 1,730,392,566
한솔신텍 099660 사용권자산 0 0
한솔신텍 099660 이연법인세자산 13,868,461,450 14,025,433,711
한솔신텍 099660 자산총계 227,386,654,468 225,222,457,587
한솔신텍 099660 유동부채 113,138,535,925 102,113,616,113
한솔신텍 099660 단기매입채무 0 0
한솔신텍 099660 단기차입금 15,910,000,000 15,910,000,000
한솔신텍 099660 유동성장기차입금 32,720,197,148 29,114,438,918
한솔신텍 099660 유동성사채 0 0
한솔신텍 099660 기타유동금융부채 0 0
한솔신텍 099660 기타유동부채 50,000,000 50,000,000
한솔신텍 099660 당기법인세부채 0 0
한솔신텍 099660 유동리스부채 0 0
한솔신텍 099660 비유동부채 50,606,839,195 59,760,663,811
한솔신텍 099660 사채 0 0
한솔신텍 099660 장기차입금 43,290,220,138 48,619,842,441
한솔신텍 099660 기타비유동금융부채 0 0
한솔신텍 099660 이연법인세부채 0 0
한솔신텍 099660 비유동리스부채 0 0
한솔신텍 099660 부채총계 163,745,375,120 161,874,279,924
한솔신텍 099660 자본금 0 0
한솔신텍 099660 자본잉여금 0 0
한솔신텍 099660 자본조정 0 0
한솔신텍 099660 기타포괄손익누계액 2,161,246 -22,019,791
한솔신텍 099660 이익잉여금(결손금) -34,967,166,846 -35,236,087,494
한솔신텍 099660 자본총계 63,641,279,348 63,348,177,663
한솔신텍 099660 자본과부채총계 227,386,654,468 225,222,457,587
date : 2016-06-30
한솔신텍 099660 유동자산 112,818,591,067 115,305,888,723
한솔신텍 099660 현금및현금성자산 26,651,966,612 10,525,902,924
한솔신텍 099660 매출채권 68,250,585,511 91,015,439,913
한솔신텍 099660 재고자산 8,246,242,929 4,140,642,905
한솔신텍 099660 기타유동금융자산 0 0
한솔신텍 099660 기타유동자산 4,108,249,220 4,511,221,104
한솔신텍 099660 매각예정비유동자산 0 0
한솔신텍 099660 비유동자산 110,338,709,792 109,916,568,864
한솔신텍 099660 장기금융상품 0 0
한솔신텍 099660 기타포괄손익-공정가치 0 0
한솔신텍 099660 당기손익인식공정가치측정금융자산 0 0
한솔신텍 099660 종속회사투자 0 0
한솔신텍 099660 관계회사투자 0 0
한솔신텍 099660 렌탈자산 0 0
한솔신텍 099660 유형자산 69,410,327,071 71,592,030,316
한솔신텍 099660 무형자산 4,120,668,099 4,852,546,480
한솔신텍 099660 기타비유동금융자산 0 0
한솔신텍 099660 기타비유동자산 1,691,633,762 1,730,392,566
한솔신텍 099660 사용권자산 0 0
한솔신텍 099660 이연법인세자산 13,600,583,331 14,025,433,711
한솔신텍 099660 자산총계 223,157,300,859 225,222,457,587
한솔신텍 099660 유동부채 103,880,028,131 102,113,616,113
한솔신텍 099660 단기매입채무 0 0
한솔신텍 099660 단기차입금 15,910,000,000 15,910,000,000
한솔신텍 099660 유동성장기차입금 33,811,172,157 29,114,438,918
한솔신텍 099660 유동성사채 0 0
한솔신텍 099660 기타유동금융부채 0 0
한솔신텍 099660 기타유동부채 50,000,000 50,000,000
한솔신텍 099660 당기법인세부채 0 0
한솔신텍 099660 유동리스부채 0 0
한솔신텍 099660 비유동부채 54,764,724,815 59,760,663,811
한솔신텍 099660 사채 0 0
한솔신텍 099660 장기차입금 48,597,344,372 48,619,842,441
한솔신텍 099660 기타비유동금융부채 0 0
한솔신텍 099660 이연법인세부채 0 0
한솔신텍 099660 비유동리스부채 0 0
한솔신텍 099660 부채총계 158,644,752,946 161,874,279,924
한솔신텍 099660 자본금 0 0
한솔신텍 099660 자본잉여금 0 0
한솔신텍 099660 자본조정 0 0
한솔신텍 099660 기타포괄손익누계액 1,296,940 -22,019,791
한솔신텍 099660 이익잉여금(결손금) -34,095,033,975 -35,236,087,494
한솔신텍 099660 자본총계 64,512,547,913 63,348,177,663
한솔신텍 099660 자본과부채총계 223,157,300,859 225,222,457,587
date : 2016-09-30
한솔신텍 099660 유동자산 111,254,707,777 115,305,888,723
한솔신텍 099660 현금및현금성자산 15,654,407,103 10,525,902,924
한솔신텍 099660 매출채권 80,346,768,739 91,015,439,913
한솔신텍 099660 재고자산 7,936,121,240 4,140,642,905
한솔신텍 099660 기타유동금융자산 0 0
한솔신텍 099660 기타유동자산 4,736,073,643 4,511,221,104
한솔신텍 099660 매각예정비유동자산 0 0
한솔신텍 099660 비유동자산 109,472,369,939 109,916,568,864
한솔신텍 099660 장기금융상품 0 0
한솔신텍 099660 기타포괄손익-공정가치 0 0
한솔신텍 099660 당기손익인식공정가치측정금융자산 0 0
한솔신텍 099660 종속회사투자 0 0
한솔신텍 099660 관계회사투자 0 0
한솔신텍 099660 렌탈자산 0 0
한솔신텍 099660 유형자산 69,059,132,623 71,592,030,316
한솔신텍 099660 무형자산 3,756,287,194 4,852,546,480
한솔신텍 099660 기타비유동금융자산 0 0
한솔신텍 099660 기타비유동자산 1,576,976,718 1,730,392,566
한솔신텍 099660 사용권자산 0 0
한솔신텍 099660 이연법인세자산 13,493,822,549 14,025,433,711
한솔신텍 099660 자산총계 220,727,077,716 225,222,457,587
한솔신텍 099660 유동부채 92,683,163,254 102,113,616,113
한솔신텍 099660 단기매입채무 0 0
한솔신텍 099660 단기차입금 10,910,000,000 15,910,000,000
한솔신텍 099660 유동성장기차입금 34,044,069,859 29,114,438,918
한솔신텍 099660 유동성사채 0 0
한솔신텍 099660 기타유동금융부채 0 0
한솔신텍 099660 기타유동부채 58,700,000 50,000,000
한솔신텍 099660 당기법인세부채 0 0
한솔신텍 099660 유동리스부채 0 0
한솔신텍 099660 비유동부채 44,031,659,868 59,760,663,811
한솔신텍 099660 사채 0 0
한솔신텍 099660 장기차입금 37,802,660,790 48,619,842,441
한솔신텍 099660 기타비유동금융부채 0 0
한솔신텍 099660 이연법인세부채 0 0
한솔신텍 099660 비유동리스부채 0 0
한솔신텍 099660 부채총계 136,714,823,122 161,874,279,924
한솔신텍 099660 자본금 0 0
한솔신텍 099660 자본잉여금 0 0
한솔신텍 099660 자본조정 0 0
한솔신텍 099660 기타포괄손익누계액 -1,784,003 -22,019,791
한솔신텍 099660 이익잉여금(결손금) -33,792,794,660 -35,236,087,494
한솔신텍 099660 자본총계 84,012,254,594 63,348,177,663
한솔신텍 099660 자본과부채총계 220,727,077,716 225,222,457,587
date : 2016-12-31
한솔신텍 099660 유동자산 123,349,817,383 115,305,888,723
한솔신텍 099660 현금및현금성자산 13,757,950,980 10,525,902,924
한솔신텍 099660 매출채권 92,696,521,793 91,015,439,913
한솔신텍 099660 재고자산 7,001,610,901 4,140,642,905
한솔신텍 099660 기타유동금융자산 0 0
한솔신텍 099660 기타유동자산 5,103,383,194 4,511,221,104
한솔신텍 099660 매각예정비유동자산 0 0
한솔신텍 099660 비유동자산 108,485,894,002 109,916,568,864
한솔신텍 099660 장기금융상품 0 0
한솔신텍 099660 기타포괄손익-공정가치 0 0
한솔신텍 099660 당기손익인식공정가치측정금융자산 0 0
한솔신텍 099660 종속회사투자 0 0
한솔신텍 099660 관계회사투자 0 0
한솔신텍 099660 렌탈자산 0 0
한솔신텍 099660 유형자산 68,704,124,594 71,592,030,316
한솔신텍 099660 무형자산 3,362,175,679 4,852,546,480
한솔신텍 099660 기타비유동금융자산 0 0
한솔신텍 099660 기타비유동자산 1,222,752,159 1,730,392,566
한솔신텍 099660 사용권자산 0 0
한솔신텍 099660 이연법인세자산 13,547,409,825 14,025,433,711
한솔신텍 099660 자산총계 231,835,711,385 225,222,457,587
한솔신텍 099660 유동부채 111,598,708,319 102,113,616,113
한솔신텍 099660 단기매입채무 0 0
한솔신텍 099660 단기차입금 10,910,000,000 15,910,000,000
한솔신텍 099660 유동성장기차입금 34,229,891,369 29,114,438,918
한솔신텍 099660 유동성사채 0 0
한솔신텍 099660 기타유동금융부채 0 0
한솔신텍 099660 기타유동부채 58,700,000 50,000,000
한솔신텍 099660 당기법인세부채 776,023 29,114,438,918
한솔신텍 099660 유동리스부채 0 0
한솔신텍 099660 비유동부채 37,106,416,469 59,760,663,811
한솔신텍 099660 사채 0 0
한솔신텍 099660 장기차입금 29,864,772,398 48,619,842,441
한솔신텍 099660 기타비유동금융부채 0 0
한솔신텍 099660 이연법인세부채 0 0
한솔신텍 099660 비유동리스부채 0 0
한솔신텍 099660 부채총계 148,705,124,788 161,874,279,924
한솔신텍 099660 자본금 0 0
한솔신텍 099660 자본잉여금 0 0
한솔신텍 099660 자본조정 0 0
한솔신텍 099660 기타포괄손익누계액 -811,096,362 -22,019,791
한솔신텍 099660 이익잉여금(결손금) -33,865,250,298 -35,236,087,494
한솔신텍 099660 자본총계 83,130,586,597 63,348,177,663
한솔신텍 099660 자본과부채총계 231,835,711,385 225,222,457,587
date : 2017-03-31
한솔신텍 099660 유동자산 103,762,806,254 123,349,817,383
한솔신텍 099660 현금및현금성자산 322,250,185 13,757,950,980
한솔신텍 099660 매출채권 83,255,760,529 92,696,521,793
한솔신텍 099660 재고자산 9,397,596,687 7,001,610,901
한솔신텍 099660 기타유동금융자산 0 0
한솔신텍 099660 기타유동자산 4,718,203,935 5,103,383,194
한솔신텍 099660 매각예정비유동자산 0 0
한솔신텍 099660 비유동자산 108,305,211,756 108,485,894,002
한솔신텍 099660 장기금융상품 0 0
한솔신텍 099660 기타포괄손익-공정가치 0 0
한솔신텍 099660 당기손익인식공정가치측정금융자산 0 0
한솔신텍 099660 종속회사투자 0 0
한솔신텍 099660 관계회사투자 0 0
한솔신텍 099660 렌탈자산 0 0
한솔신텍 099660 유형자산 68,253,552,768 68,704,124,594
한솔신텍 099660 무형자산 3,082,490,975 3,362,175,679
한솔신텍 099660 기타비유동금융자산 0 0
한솔신텍 099660 기타비유동자산 1,147,673,944 1,222,752,159
한솔신텍 099660 사용권자산 0 0
한솔신텍 099660 이연법인세자산 14,102,946,254 13,547,409,825
한솔신텍 099660 자산총계 212,068,018,010 231,835,711,385
한솔신텍 099660 유동부채 87,006,102,954 111,598,708,319
한솔신텍 099660 단기매입채무 0 0
한솔신텍 099660 단기차입금 12,080,000,000 10,910,000,000
한솔신텍 099660 유동성장기차입금 39,401,122,566 34,229,891,369
한솔신텍 099660 유동성사채 0 0
한솔신텍 099660 기타유동금융부채 0 0
한솔신텍 099660 기타유동부채 58,700,000 58,700,000
한솔신텍 099660 당기법인세부채 776,023 34,229,891,369
한솔신텍 099660 유동리스부채 0 0
한솔신텍 099660 비유동부채 41,049,077,009 37,106,416,469
한솔신텍 099660 사채 0 0
한솔신텍 099660 장기차입금 33,910,282,114 29,864,772,398
한솔신텍 099660 기타비유동금융부채 0 0
한솔신텍 099660 이연법인세부채 0 0
한솔신텍 099660 비유동리스부채 0 0
한솔신텍 099660 부채총계 128,055,179,963 148,705,124,788
한솔신텍 099660 자본금 0 0
한솔신텍 099660 자본잉여금 0 0
한솔신텍 099660 자본조정 0 0
한솔신텍 099660 기타포괄손익누계액 895,108,800 -811,096,362
한솔신텍 099660 이익잉여금(결손금) -34,689,204,010 -33,865,250,298
한솔신텍 099660 자본총계 84,012,838,047 83,130,586,597
한솔신텍 099660 자본과부채총계 212,068,018,010 231,835,711,385
date : 2017-06-30
한솔신텍 099660 유동자산 100,987,016,905 123,349,817,383
한솔신텍 099660 현금및현금성자산 5,470,111,436 13,757,950,980
한솔신텍 099660 매출채권 74,640,562,163 92,696,521,793
한솔신텍 099660 재고자산 10,565,572,526 7,001,610,901
한솔신텍 099660 기타유동금융자산 0 0
한솔신텍 099660 기타유동자산 4,367,875,056 5,103,383,194
한솔신텍 099660 매각예정비유동자산 0 0
한솔신텍 099660 비유동자산 107,552,225,859 108,485,894,002
한솔신텍 099660 장기금융상품 0 0
한솔신텍 099660 기타포괄손익-공정가치 0 0
한솔신텍 099660 당기손익인식공정가치측정금융자산 0 0
한솔신텍 099660 종속회사투자 0 0
한솔신텍 099660 관계회사투자 0 0
한솔신텍 099660 렌탈자산 0 0
한솔신텍 099660 유형자산 65,701,862,975 68,704,124,594
한솔신텍 099660 무형자산 5,148,513,605 3,362,175,679
한솔신텍 099660 기타비유동금융자산 0 0
한솔신텍 099660 기타비유동자산 1,063,370,848 1,222,752,159
한솔신텍 099660 사용권자산 0 0
한솔신텍 099660 이연법인세자산 13,543,536,076 13,547,409,825
한솔신텍 099660 자산총계 208,539,242,764 231,835,711,385
한솔신텍 099660 유동부채 91,197,801,258 111,598,708,319
한솔신텍 099660 단기매입채무 0 0
한솔신텍 099660 단기차입금 10,910,000,000 10,910,000,000
한솔신텍 099660 유동성장기차입금 37,572,891,809 34,229,891,369
한솔신텍 099660 유동성사채 0 0
한솔신텍 099660 기타유동금융부채 0 0
한솔신텍 099660 기타유동부채 59,000,000 58,700,000
한솔신텍 099660 당기법인세부채 776,023 34,229,891,369
한솔신텍 099660 유동리스부채 0 0
한솔신텍 099660 비유동부채 38,049,201,662 37,106,416,469
한솔신텍 099660 사채 0 0
한솔신텍 099660 장기차입금 30,963,277,787 29,864,772,398
한솔신텍 099660 기타비유동금융부채 0 0
한솔신텍 099660 이연법인세부채 0 0
한솔신텍 099660 비유동리스부채 0 0
한솔신텍 099660 부채총계 129,247,002,920 148,705,124,788
한솔신텍 099660 자본금 0 0
한솔신텍 099660 자본잉여금 0 0
한솔신텍 099660 자본조정 0 0
한솔신텍 099660 기타포괄손익누계액 560,310,352 -811,096,362
한솔신텍 099660 이익잉여금(결손금) -39,075,003,765 -33,865,250,298
한솔신텍 099660 자본총계 79,292,239,844 83,130,586,597
한솔신텍 099660 자본과부채총계 208,539,242,764 231,835,711,385
date : 2017-09-30
한솔신텍 099660 유동자산 108,229,237,474 123,349,817,383
한솔신텍 099660 현금및현금성자산 10,530,362,511 13,757,950,980
한솔신텍 099660 매출채권 및 기타유동채권
한솔신텍 099660 재고자산 10,632,375,296 7,001,610,901
한솔신텍 099660 기타유동금융자산 0 0
한솔신텍 099660 기타유동자산 4,871,746,001 5,103,383,194
한솔신텍 099660 매각예정비유동자산 0 0
한솔신텍 099660 비유동자산 104,480,802,331 108,485,894,002
한솔신텍 099660 장기금융상품 0 0
한솔신텍 099660 기타포괄손익-공정가치 0 0
한솔신텍 099660 당기손익인식공정가치측정금융자산 0 0
한솔신텍 099660 종속회사투자 0 0
한솔신텍 099660 관계회사투자 0 0
한솔신텍 099660 렌탈자산 0 0
한솔신텍 099660 유형자산 65,085,434,131 68,704,124,594
한솔신텍 099660 무형자산 4,527,966,823 3,362,175,679
한솔신텍 099660 기타비유동금융자산 0 0
한솔신텍 099660 기타비유동자산 1,053,701,176 1,222,752,159
한솔신텍 099660 사용권자산 0 0
한솔신텍 099660 이연법인세자산 11,439,610,991 13,547,409,825
한솔신텍 099660 자산총계 212,710,039,805 231,835,711,385
한솔신텍 099660 유동부채 109,899,246,346 111,598,708,319
한솔신텍 099660 단기매입채무 0 0
한솔신텍 099660 단기차입금 10,900,000,000 10,910,000,000
한솔신텍 099660 유동성장기차입금 54,189,296,846 34,229,891,369
한솔신텍 099660 유동성사채 0 0
한솔신텍 099660 기타유동금융부채 0 0
한솔신텍 099660 기타유동부채 59,000,000 58,700,000
한솔신텍 099660 당기법인세부채 776,023 34,229,891,369
한솔신텍 099660 유동리스부채 0 0
한솔신텍 099660 비유동부채 18,647,590,597 37,106,416,469
한솔신텍 099660 사채 0 0
한솔신텍 099660 장기차입금 1,990,100,026 29,864,772,398
한솔신텍 099660 기타비유동금융부채 0 0
한솔신텍 099660 이연법인세부채 0 0
한솔신텍 099660 비유동리스부채 0 0
한솔신텍 099660 부채총계 128,546,836,943 148,705,124,788
한솔신텍 099660 자본금 31,993,801,000 31,993,801,000
한솔신텍 099660 자본잉여금 92,664,936,263 87,047,938,959
한솔신텍 099660 자본조정 0 0
한솔신텍 099660 기타포괄손익누계액 329,593,292 -811,096,362
한솔신텍 099660 이익잉여금(결손금) -39,590,320,991 -33,865,250,298
한솔신텍 099660 자본총계 84,163,202,862 83,130,586,597
한솔신텍 099660 자본과부채총계 212,710,039,805 231,835,711,385
date : 2017-12-31
한솔신텍 099660 유동자산 109,115,634,859 123,349,817,383
한솔신텍 099660 현금및현금성자산 17,265,149,198 13,757,950,980
한솔신텍 099660 매출채권 및 기타유동채권
한솔신텍 099660 재고자산 9,751,711,164 7,001,610,901
한솔신텍 099660 기타유동금융자산 0 0
한솔신텍 099660 기타유동자산 3,363,197,605 5,103,383,194
한솔신텍 099660 매각예정비유동자산 0 0
한솔신텍 099660 비유동자산 95,105,036,582 108,485,894,002
한솔신텍 099660 장기금융상품 0 0
한솔신텍 099660 기타포괄손익-공정가치 0 0
한솔신텍 099660 당기손익인식공정가치측정금융자산 0 0
한솔신텍 099660 종속회사투자 0 0
한솔신텍 099660 관계회사투자 0 0
한솔신텍 099660 렌탈자산 0 0
한솔신텍 099660 유형자산 64,572,774,473 68,704,124,594
한솔신텍 099660 무형자산 3,918,934,865 3,362,175,679
한솔신텍 099660 기타비유동금융자산 0 0
한솔신텍 099660 기타비유동자산 878,819,470 1,222,752,159
한솔신텍 099660 사용권자산 0 0
한솔신텍 099660 이연법인세자산 3,348,644,511 13,547,409,825
한솔신텍 099660 자산총계 204,220,671,441 231,835,711,385
한솔신텍 099660 유동부채 135,147,927,463 111,598,708,319
한솔신텍 099660 단기매입채무 0 0
한솔신텍 099660 단기차입금 15,900,000,000 10,910,000,000
한솔신텍 099660 유동성장기차입금 45,787,439,132 34,229,891,369
한솔신텍 099660 유동성사채 0 0
한솔신텍 099660 기타유동금융부채 0 0
한솔신텍 099660 기타유동부채 59,000,000 58,700,000
한솔신텍 099660 당기법인세부채 776,023 34,229,891,369
한솔신텍 099660 유동리스부채 0 0
한솔신텍 099660 비유동부채 25,276,919,190 37,106,416,469
한솔신텍 099660 사채 0 0
한솔신텍 099660 장기차입금 996,645,225 29,864,772,398
한솔신텍 099660 기타비유동금융부채 0 0
한솔신텍 099660 이연법인세부채 0 0
한솔신텍 099660 비유동리스부채 0 0
한솔신텍 099660 부채총계 160,424,846,653 148,705,124,788
한솔신텍 099660 자본금 31,993,801,000 31,993,801,000
한솔신텍 099660 자본잉여금 92,664,936,263 87,047,938,959
한솔신텍 099660 자본조정 0 0
한솔신텍 099660 기타포괄손익누계액 119,926,701 -811,096,362
한솔신텍 099660 이익잉여금(결손금) -79,748,032,474 -33,865,250,298
한솔신텍 099660 자본총계 43,795,824,788 83,130,586,597
한솔신텍 099660 자본과부채총계 204,220,671,441 231,835,711,385
date : 2018-03-31
한솔신텍 099660 유동자산 93,219,600,798 109,115,634,859
한솔신텍 099660 현금및현금성자산 11,063,773,896 17,265,149,198
한솔신텍 099660 매출채권 및 기타유동채권
한솔신텍 099660 재고자산 6,291,360,738 9,751,711,164
한솔신텍 099660 기타유동금융자산 0 0
한솔신텍 099660 기타유동자산 3,491,681,830 3,363,197,605
한솔신텍 099660 매각예정비유동자산 0 0
한솔신텍 099660 비유동자산 93,688,781,450 95,105,036,582
한솔신텍 099660 장기금융상품 0 0
한솔신텍 099660 기타포괄손익-공정가치 0 0
한솔신텍 099660 당기손익인식공정가치측정금융자산 0 0
한솔신텍 099660 종속회사투자 0 0
한솔신텍 099660 관계회사투자 0 0
한솔신텍 099660 렌탈자산 0 0
한솔신텍 099660 유형자산 63,956,414,710 64,572,774,473
한솔신텍 099660 무형자산 3,343,567,746 3,918,934,865
한솔신텍 099660 기타비유동금융자산 0 0
한솔신텍 099660 기타비유동자산 871,976,987 878,819,470
한솔신텍 099660 사용권자산 0 0
한솔신텍 099660 이연법인세자산 3,230,533,455 3,348,644,511
한솔신텍 099660 자산총계 186,908,382,248 204,220,671,441
한솔신텍 099660 유동부채 122,187,078,735 135,147,927,463
한솔신텍 099660 단기매입채무 0 0
한솔신텍 099660 단기차입금 15,900,000,000 15,900,000,000
한솔신텍 099660 유동성장기차입금 37,879,002,921 45,787,439,132
한솔신텍 099660 유동성사채 0 0
한솔신텍 099660 기타유동금융부채 0 0
한솔신텍 099660 기타유동부채 59,000,000 59,000,000
한솔신텍 099660 당기법인세부채 0 45,787,439,132
한솔신텍 099660 유동리스부채 0 0
한솔신텍 099660 비유동부채 22,777,609,727 25,276,919,190
한솔신텍 099660 사채 0 0
한솔신텍 099660 장기차입금 996,645,225 25,276,919,190
한솔신텍 099660 기타비유동금융부채 0 0
한솔신텍 099660 이연법인세부채 0 0
한솔신텍 099660 비유동리스부채 0 0
한솔신텍 099660 부채총계 144,964,688,462 160,424,846,653
한솔신텍 099660 자본금 31,993,801,000 31,993,801,000
한솔신텍 099660 자본잉여금 92,664,936,263 92,664,936,263
한솔신텍 099660 자본조정 0 0
한솔신텍 099660 기타포괄손익누계액 -2,561,575,792 119,926,701
한솔신텍 099660 이익잉여금(결손금) -78,918,660,983 -79,748,032,474
한솔신텍 099660 자본총계 41,943,693,786 43,795,824,788
한솔신텍 099660 자본과부채총계 186,908,382,248 204,220,671,441
