date : 2019-03-31
모바일리더 100030 유동자산 9,313,205,307 12,277,490,765
모바일리더 100030 현금및현금성자산 659,470,518 845,986,312
모바일리더 100030 매출채권 및 기타유동채권
모바일리더 100030 기타유동금융자산 6,726,482,324 9,762,136,561
모바일리더 100030 기타포괄손익-공정가치 측정 금융자산
모바일리더 100030 기타유동자산 43,156,626 98,307,074
모바일리더 100030 비유동자산 23,205,773,333 20,655,518,582
모바일리더 100030 유형자산 64,768,568 73,221,069
모바일리더 100030 무형자산 954,755,092 1,001,333,731
모바일리더 100030 기타비유동금융자산 13,615,597,509 10,978,142,116
모바일리더 100030 기타포괄손익-공정가치 측정 금융자산
모바일리더 100030 이연법인세자산 308,416,274 337,585,776
모바일리더 100030 자산총계 32,518,978,640 32,933,009,347
모바일리더 100030 유동부채 588,349,770 990,019,622
모바일리더 100030 기타유동부채 242,778,788 329,294,398
모바일리더 100030 비유동부채 368,183,200 373,697,520
모바일리더 100030 장기차입금 368,183,200 373,697,520
모바일리더 100030 부채총계 956,532,970 1,363,717,142
모바일리더 100030 자본금 1,641,857,000 1,641,857,000
모바일리더 100030 자본잉여금 10,200,605,814 10,200,605,814
모바일리더 100030 이익잉여금(결손금) 24,912,162,789 24,984,122,399
모바일리더 100030 자본총계 31,562,445,670 31,569,292,205
모바일리더 100030 자본과부채총계 32,518,978,640 32,933,009,347
