date : 2015-12-31
디엠씨 101000 유동자산 39,639,526,490 45,017,334,710
디엠씨 101000 현금및현금성자산 8,636,051,628 7,688,583,667
디엠씨 101000 매출채권 13,183,860,920 16,222,731,862
디엠씨 101000 재고자산 13,364,339,541 18,358,493,887
디엠씨 101000 기타유동금융자산 60,000,000 1,350,000,000
디엠씨 101000 기타유동자산 0 0
디엠씨 101000 매각예정비유동자산 0 0
디엠씨 101000 비유동자산 57,964,582,456 54,256,721,784
디엠씨 101000 장기금융상품 0 0
디엠씨 101000 기타포괄손익-공정가치 0 0
디엠씨 101000 당기손익인식공정가치측정금융자산 0 0
디엠씨 101000 종속회사투자 0 0
디엠씨 101000 관계회사투자 0 0
디엠씨 101000 렌탈자산 0 0
디엠씨 101000 유형자산 52,159,600,833 50,141,668,522
디엠씨 101000 무형자산 890,353,197 469,635,882
디엠씨 101000 기타비유동금융자산 0 0
디엠씨 101000 기타비유동자산 0 0
디엠씨 101000 사용권자산 0 0
디엠씨 101000 이연법인세자산 2,062,236,521 1,561,629,869
디엠씨 101000 자산총계 97,604,108,946 99,274,056,494
디엠씨 101000 유동부채 36,064,637,417 49,933,648,482
디엠씨 101000 단기매입채무 0 0
디엠씨 101000 단기차입금 26,500,000,000 26,500,000,000
디엠씨 101000 유동성장기차입금 500,000,000 62,500,000
디엠씨 101000 유동성사채 0 0
디엠씨 101000 기타유동금융부채 0 0
디엠씨 101000 기타유동부채 0 0
디엠씨 101000 당기법인세부채 0 0
디엠씨 101000 유동리스부채 0 0
디엠씨 101000 비유동부채 28,238,073,245 19,564,592,183
디엠씨 101000 사채 0 0
디엠씨 101000 장기차입금 23,782,503,000 17,802,102,000
디엠씨 101000 기타비유동금융부채 0 0
디엠씨 101000 이연법인세부채 0 0
디엠씨 101000 비유동리스부채 0 0
디엠씨 101000 부채총계 64,302,710,662 69,498,240,665
디엠씨 101000 자본금 6,382,312,500 6,382,312,500
디엠씨 101000 자본잉여금 0 0
디엠씨 101000 자본조정 0 0
디엠씨 101000 기타포괄손익누계액 0 0
디엠씨 101000 이익잉여금(결손금) 7,388,582,230 3,265,734,370
디엠씨 101000 자본총계 33,301,398,284 29,775,815,829
디엠씨 101000 자본과부채총계 0 0
date : 2016-03-31
디엠씨 101000 유동자산 45,781,816,888 39,639,526,490
디엠씨 101000 현금및현금성자산 12,441,519,746 8,636,051,628
디엠씨 101000 매출채권 10,478,645,073 13,183,860,920
디엠씨 101000 재고자산 16,787,942,241 13,364,339,541
디엠씨 101000 기타유동금융자산 0 0
디엠씨 101000 기타유동자산 0 0
디엠씨 101000 매각예정비유동자산 0 0
디엠씨 101000 비유동자산 63,547,330,757 57,964,582,456
디엠씨 101000 장기금융상품 0 0
디엠씨 101000 기타포괄손익-공정가치 0 0
디엠씨 101000 당기손익인식공정가치측정금융자산 0 0
디엠씨 101000 종속회사투자 0 0
디엠씨 101000 관계회사투자 0 0
디엠씨 101000 렌탈자산 0 0
디엠씨 101000 유형자산 52,686,311,691 52,159,600,833
디엠씨 101000 무형자산 849,151,506 890,353,197
디엠씨 101000 기타비유동금융자산 0 0
디엠씨 101000 기타비유동자산 0 0
디엠씨 101000 사용권자산 0 0
디엠씨 101000 이연법인세자산 2,062,236,521 2,062,236,521
디엠씨 101000 자산총계 109,329,147,645 97,604,108,946
디엠씨 101000 유동부채 44,703,099,466 36,064,637,417
디엠씨 101000 단기매입채무 0 0
디엠씨 101000 단기차입금 26,500,000,000 26,500,000,000
디엠씨 101000 유동성장기차입금 500,000,000 500,000,000
디엠씨 101000 유동성사채 0 0
디엠씨 101000 기타유동금융부채 0 0
디엠씨 101000 기타유동부채 0 0
디엠씨 101000 당기법인세부채 0 0
디엠씨 101000 유동리스부채 0 0
디엠씨 101000 비유동부채 28,655,115,395 28,238,073,245
디엠씨 101000 사채 0 0
디엠씨 101000 장기차입금 24,167,743,000 23,782,503,000
디엠씨 101000 기타비유동금융부채 0 0
디엠씨 101000 이연법인세부채 0 0
디엠씨 101000 비유동리스부채 0 0
디엠씨 101000 부채총계 73,358,214,861 64,302,710,662
디엠씨 101000 자본금 6,382,312,500 6,382,312,500
디엠씨 101000 자본잉여금 0 0
디엠씨 101000 자본조정 0 0
디엠씨 101000 기타포괄손익누계액 0 0
디엠씨 101000 이익잉여금(결손금) 10,358,143,695 7,388,582,230
디엠씨 101000 자본총계 35,970,932,784 33,301,398,284
디엠씨 101000 자본과부채총계 0 0
date : 2016-06-30
디엠씨 101000 유동자산 45,405,023,086 39,639,526,490
디엠씨 101000 현금및현금성자산 19,374,635,483 8,636,051,628
디엠씨 101000 매출채권 7,748,712,108 13,183,860,920
디엠씨 101000 재고자산 12,167,931,331 13,364,339,541
디엠씨 101000 기타유동금융자산 0 0
디엠씨 101000 기타유동자산 0 0
디엠씨 101000 매각예정비유동자산 0 0
디엠씨 101000 비유동자산 64,507,500,448 57,964,582,456
디엠씨 101000 장기금융상품 0 0
디엠씨 101000 기타포괄손익-공정가치 0 0
디엠씨 101000 당기손익인식공정가치측정금융자산 0 0
디엠씨 101000 종속회사투자 0 0
디엠씨 101000 관계회사투자 0 0
디엠씨 101000 렌탈자산 0 0
디엠씨 101000 유형자산 53,988,353,316 52,159,600,833
디엠씨 101000 무형자산 807,992,792 890,353,197
디엠씨 101000 기타비유동금융자산 0 0
디엠씨 101000 기타비유동자산 0 0
디엠씨 101000 사용권자산 0 0
디엠씨 101000 이연법인세자산 1,219,259,461 2,062,236,521
디엠씨 101000 자산총계 109,912,523,534 97,604,108,946
디엠씨 101000 유동부채 62,315,455,249 36,064,637,417
디엠씨 101000 단기매입채무 0 0
디엠씨 101000 단기차입금 26,642,475,000 26,500,000,000
디엠씨 101000 유동성장기차입금 20,417,743,000 500,000,000
디엠씨 101000 유동성사채 0 0
디엠씨 101000 기타유동금융부채 0 0
디엠씨 101000 기타유동부채 0 0
디엠씨 101000 당기법인세부채 449,389,378 500,000,000
디엠씨 101000 유동리스부채 0 0
디엠씨 101000 비유동부채 7,772,074,269 28,238,073,245
디엠씨 101000 사채 0 0
디엠씨 101000 장기차입금 4,125,000,000 23,782,503,000
디엠씨 101000 기타비유동금융부채 0 0
디엠씨 101000 이연법인세부채 0 0
디엠씨 101000 비유동리스부채 0 0
디엠씨 101000 부채총계 70,087,529,518 64,302,710,662
디엠씨 101000 자본금 6,382,312,500 6,382,312,500
디엠씨 101000 자본잉여금 20,442,839,776 20,127,768,959
디엠씨 101000 자본조정 0 0
디엠씨 101000 기타포괄손익누계액 0 0
디엠씨 101000 이익잉여금(결손금) 0 0
디엠씨 101000 자본총계 39,824,994,016 33,301,398,284
디엠씨 101000 자본과부채총계 0 0
date : 2016-09-30
디엠씨 101000 유동자산 45,504,332,433 39,639,526,490
디엠씨 101000 현금및현금성자산 15,195,049,777 8,636,051,628
디엠씨 101000 매출채권 5,255,069,191 13,183,860,920
디엠씨 101000 재고자산 17,838,211,997 13,364,339,541
디엠씨 101000 기타유동금융자산 0 0
디엠씨 101000 기타유동자산 0 0
디엠씨 101000 매각예정비유동자산 0 0
디엠씨 101000 비유동자산 68,003,074,289 57,964,582,456
디엠씨 101000 장기금융상품 0 0
디엠씨 101000 기타포괄손익-공정가치 0 0
디엠씨 101000 당기손익인식공정가치측정금융자산 0 0
디엠씨 101000 종속회사투자 0 0
디엠씨 101000 관계회사투자 0 0
디엠씨 101000 렌탈자산 0 0
디엠씨 101000 유형자산 54,356,952,851 52,159,600,833
디엠씨 101000 무형자산 766,834,078 890,353,197
디엠씨 101000 기타비유동금융자산 0 0
디엠씨 101000 기타비유동자산 0 0
디엠씨 101000 사용권자산 0 0
디엠씨 101000 이연법인세자산 1,219,259,461 2,062,236,521
디엠씨 101000 자산총계 113,507,406,722 97,604,108,946
디엠씨 101000 유동부채 71,404,208,237 36,064,637,417
디엠씨 101000 단기매입채무 0 0
디엠씨 101000 단기차입금 27,188,504,000 26,500,000,000
디엠씨 101000 유동성장기차입금 24,417,743,000 500,000,000
디엠씨 101000 유동성사채 0 0
디엠씨 101000 기타유동금융부채 0 0
디엠씨 101000 기타유동부채 0 0
디엠씨 101000 당기법인세부채 582,776,815 500,000,000
디엠씨 101000 유동리스부채 0 0
디엠씨 101000 비유동부채 747,875,455 28,238,073,245
디엠씨 101000 사채 0 0
디엠씨 101000 장기차입금 23,782,503,000 17,802,102,000
디엠씨 101000 기타비유동금융부채 0 0
디엠씨 101000 이연법인세부채 0 0
디엠씨 101000 비유동리스부채 0 0
디엠씨 101000 부채총계 72,152,083,692 64,302,710,662
디엠씨 101000 자본금 6,382,312,500 6,382,312,500
디엠씨 101000 자본잉여금 0 0
디엠씨 101000 자본조정 0 0
디엠씨 101000 기타포괄손익누계액 0 0
디엠씨 101000 이익잉여금(결손금) 0 0
디엠씨 101000 자본총계 41,355,323,030 33,301,398,284
디엠씨 101000 자본과부채총계 0 0
date : 2016-12-31
디엠씨 101000 유동자산 36,328,964,965 39,639,526,490
디엠씨 101000 현금및현금성자산 4,404,962,611 8,636,051,628
디엠씨 101000 매출채권 8,653,490,358 13,183,860,920
디엠씨 101000 재고자산 16,518,055,705 13,364,339,541
디엠씨 101000 기타유동금융자산 0 0
디엠씨 101000 기타유동자산 0 0
디엠씨 101000 매각예정비유동자산 0 0
디엠씨 101000 비유동자산 87,150,424,091 57,964,582,456
디엠씨 101000 장기금융상품 0 0
디엠씨 101000 기타포괄손익-공정가치 0 0
디엠씨 101000 당기손익인식공정가치측정금융자산 0 0
디엠씨 101000 종속회사투자 0 0
디엠씨 101000 관계회사투자 0 0
디엠씨 101000 렌탈자산 0 0
디엠씨 101000 유형자산 74,657,154,238 52,159,600,833
디엠씨 101000 무형자산 725,676,363 890,353,197
디엠씨 101000 기타비유동금융자산 0 0
디엠씨 101000 기타비유동자산 0 0
디엠씨 101000 사용권자산 0 0
디엠씨 101000 이연법인세자산 942,643,278 2,062,236,521
디엠씨 101000 자산총계 123,479,389,056 97,604,108,946
디엠씨 101000 유동부채 79,268,002,876 36,064,637,417
디엠씨 101000 단기매입채무 0 0
디엠씨 101000 단기차입금 28,692,836,000 26,500,000,000
디엠씨 101000 유동성장기차입금 24,292,743,000 500,000,000
디엠씨 101000 유동성사채 0 0
디엠씨 101000 기타유동금융부채 0 0
디엠씨 101000 기타유동부채 0 0
디엠씨 101000 당기법인세부채 332,769,673 500,000,000
디엠씨 101000 유동리스부채 0 0
디엠씨 101000 비유동부채 1,145,184,868 28,238,073,245
디엠씨 101000 사채 0 0
디엠씨 101000 장기차입금 23,782,503,000 17,802,102,000
디엠씨 101000 기타비유동금융부채 0 0
디엠씨 101000 이연법인세부채 0 0
디엠씨 101000 비유동리스부채 0 0
디엠씨 101000 부채총계 80,413,187,744 64,302,710,662
디엠씨 101000 자본금 12,764,625,000 6,382,312,500
디엠씨 101000 자본잉여금 14,060,527,276 20,127,768,959
디엠씨 101000 자본조정 0 0
디엠씨 101000 기타포괄손익누계액 0 0
디엠씨 101000 이익잉여금(결손금) 0 0
디엠씨 101000 자본총계 43,066,201,312 33,301,398,284
디엠씨 101000 자본과부채총계 0 0
date : 2017-03-31
디엠씨 101000 유동자산 30,225,839,777 36,328,964,965
디엠씨 101000 현금및현금성자산 5,576,836,500 4,404,962,611
디엠씨 101000 매출채권 5,523,441,491 8,653,490,358
디엠씨 101000 재고자산 17,077,366,554 16,518,055,705
디엠씨 101000 기타유동금융자산 0 0
디엠씨 101000 기타유동자산 0 0
디엠씨 101000 매각예정비유동자산 0 0
디엠씨 101000 비유동자산 109,491,855,171 87,150,424,091
디엠씨 101000 장기금융상품 0 0
디엠씨 101000 기타포괄손익-공정가치 0 0
디엠씨 101000 당기손익인식공정가치측정금융자산 0 0
디엠씨 101000 종속회사투자 0 0
디엠씨 101000 관계회사투자 0 0
디엠씨 101000 렌탈자산 0 0
디엠씨 101000 유형자산 87,924,909,480 74,657,154,238
디엠씨 101000 무형자산 695,724,435 725,676,363
디엠씨 101000 기타비유동금융자산 0 0
디엠씨 101000 기타비유동자산 0 0
디엠씨 101000 사용권자산 0 0
디엠씨 101000 이연법인세자산 942,643,278 942,643,278
디엠씨 101000 자산총계 139,717,694,948 123,479,389,056
디엠씨 101000 유동부채 89,412,712,836 79,268,002,876
디엠씨 101000 단기매입채무 0 0
디엠씨 101000 단기차입금 27,000,708,142 28,692,836,000
디엠씨 101000 유동성장기차입금 24,167,743,000 24,292,743,000
디엠씨 101000 유동성사채 0 0
디엠씨 101000 기타유동금융부채 0 0
디엠씨 101000 기타유동부채 0 0
디엠씨 101000 당기법인세부채 682,321,285 332,769,673
디엠씨 101000 유동리스부채 0 0
디엠씨 101000 비유동부채 1,009,229,863 1,145,184,868
디엠씨 101000 사채 0 0
디엠씨 101000 장기차입금 23,782,503,000 1,145,184,868
디엠씨 101000 기타비유동금융부채 0 0
디엠씨 101000 이연법인세부채 0 0
디엠씨 101000 비유동리스부채 0 0
디엠씨 101000 부채총계 90,421,942,699 80,413,187,744
디엠씨 101000 자본금 13,930,811,500 12,764,625,000
디엠씨 101000 자본잉여금 17,714,270,754 14,060,527,276
디엠씨 101000 자본조정 0 0
디엠씨 101000 기타포괄손익누계액 0 0
디엠씨 101000 이익잉여금(결손금) 0 0
디엠씨 101000 자본총계 49,295,752,249 43,066,201,312
디엠씨 101000 자본과부채총계 0 0
date : 2017-06-30
디엠씨 101000 유동자산 29,983,560,130 36,328,964,965
디엠씨 101000 현금및현금성자산 2,312,141,120 4,404,962,611
디엠씨 101000 매출채권 5,210,335,847 8,653,490,358
디엠씨 101000 재고자산 12,770,854,466 16,518,055,705
디엠씨 101000 기타유동금융자산 0 0
디엠씨 101000 기타유동자산 0 0
디엠씨 101000 매각예정비유동자산 0 0
디엠씨 101000 비유동자산 130,072,757,887 87,150,424,091
디엠씨 101000 장기금융상품 0 0
디엠씨 101000 기타포괄손익-공정가치 0 0
디엠씨 101000 당기손익인식공정가치측정금융자산 0 0
디엠씨 101000 종속회사투자 0 0
디엠씨 101000 관계회사투자 0 0
디엠씨 101000 렌탈자산 0 0
디엠씨 101000 유형자산 106,313,981,118 74,657,154,238
디엠씨 101000 무형자산 666,166,549 725,676,363
디엠씨 101000 기타비유동금융자산 0 0
디엠씨 101000 기타비유동자산 0 0
디엠씨 101000 사용권자산 0 0
디엠씨 101000 이연법인세자산 3,050,465,906 942,643,278
디엠씨 101000 자산총계 160,056,318,017 123,479,389,056
디엠씨 101000 유동부채 109,038,632,171 79,268,002,876
디엠씨 101000 단기매입채무 0 0
디엠씨 101000 단기차입금 28,147,860,408 28,692,836,000
디엠씨 101000 유동성장기차입금 24,042,743,000 24,292,743,000
디엠씨 101000 유동성사채 0 0
디엠씨 101000 기타유동금융부채 0 0
디엠씨 101000 기타유동부채 0 0
디엠씨 101000 당기법인세부채 377,784,902 332,769,673
디엠씨 101000 유동리스부채 0 0
디엠씨 101000 비유동부채 1,059,014,649 1,145,184,868
디엠씨 101000 사채 0 0
디엠씨 101000 장기차입금 0 0
디엠씨 101000 기타비유동금융부채 0 0
디엠씨 101000 이연법인세부채 0 0
디엠씨 101000 비유동리스부채 0 0
디엠씨 101000 부채총계 110,097,646,820 80,413,187,744
디엠씨 101000 자본금 16,375,797,000 12,764,625,000
디엠씨 101000 자본잉여금 25,254,465,949 14,060,527,276
디엠씨 101000 자본조정 0 0
디엠씨 101000 기타포괄손익누계액 0 0
디엠씨 101000 이익잉여금(결손금) 0 0
디엠씨 101000 자본총계 49,958,671,197 43,066,201,312
디엠씨 101000 자본과부채총계 0 0
date : 2017-09-30
디엠씨 101000 유동자산 31,733,834,221 36,328,964,965
디엠씨 101000 현금및현금성자산 4,156,749,461 4,404,962,611
디엠씨 101000 매출채권 2,740,029,625 8,653,490,358
디엠씨 101000 재고자산 10,596,066,776 16,518,055,705
디엠씨 101000 기타유동금융자산 0 0
디엠씨 101000 기타유동자산 0 0
디엠씨 101000 매각예정비유동자산 0 0
디엠씨 101000 비유동자산 127,589,094,941 87,150,424,091
디엠씨 101000 장기금융상품 0 0
디엠씨 101000 기타포괄손익-공정가치 0 0
디엠씨 101000 당기손익인식공정가치측정금융자산 0 0
디엠씨 101000 종속회사투자 0 0
디엠씨 101000 관계회사투자 0 0
디엠씨 101000 렌탈자산 0 0
디엠씨 101000 유형자산 106,150,929,245 74,657,154,238
디엠씨 101000 무형자산 637,557,220 725,676,363
디엠씨 101000 기타비유동금융자산 0 0
디엠씨 101000 기타비유동자산 0 0
디엠씨 101000 사용권자산 0 0
디엠씨 101000 이연법인세자산 901,886,396 942,643,278
디엠씨 101000 자산총계 159,322,929,162 123,479,389,056
디엠씨 101000 유동부채 102,103,256,289 79,268,002,876
디엠씨 101000 단기매입채무 0 0
디엠씨 101000 단기차입금 31,348,776,142 28,692,836,000
디엠씨 101000 유동성장기차입금 19,917,743,000 24,292,743,000
디엠씨 101000 유동성사채 0 0
디엠씨 101000 기타유동금융부채 0 0
디엠씨 101000 기타유동부채 1,540,685,393 1,372,083,076
디엠씨 101000 당기법인세부채 91,697,847 332,769,673
디엠씨 101000 유동리스부채 0 0
디엠씨 101000 비유동부채 1,185,100,948 1,145,184,868
디엠씨 101000 사채 0 0
디엠씨 101000 장기차입금 0 0
디엠씨 101000 기타비유동금융부채 0 0
디엠씨 101000 이연법인세부채 0 0
디엠씨 101000 비유동리스부채 0 0
디엠씨 101000 부채총계 103,288,357,237 80,413,187,744
디엠씨 101000 자본금 16,375,797,000 12,764,625,000
디엠씨 101000 자본잉여금 0 0
디엠씨 101000 자본조정 0 0
디엠씨 101000 기타포괄손익누계액 0 0
디엠씨 101000 이익잉여금(결손금) 14,404,308,976 16,241,049,036
디엠씨 101000 자본총계 56,034,571,925 43,066,201,312
디엠씨 101000 자본과부채총계 159,322,929,162 123,479,389,056
date : 2017-12-31
디엠씨 101000 유동자산 32,362,364,732 36,328,964,965
디엠씨 101000 현금및현금성자산 7,089,467,401 4,404,962,611
디엠씨 101000 매출채권 6,085,643,158 8,653,490,358
디엠씨 101000 재고자산 8,846,293,152 16,518,055,705
디엠씨 101000 기타유동금융자산 0 0
디엠씨 101000 기타유동자산 0 0
디엠씨 101000 매각예정비유동자산 0 0
디엠씨 101000 비유동자산 124,625,624,810 87,150,424,091
디엠씨 101000 장기금융상품 0 0
디엠씨 101000 기타포괄손익-공정가치 0 0
디엠씨 101000 당기손익인식공정가치측정금융자산 0 0
디엠씨 101000 종속회사투자 0 0
디엠씨 101000 관계회사투자 0 0
디엠씨 101000 렌탈자산 0 0
디엠씨 101000 유형자산 106,343,418,787 74,657,154,238
디엠씨 101000 무형자산 541,185,975 725,676,363
디엠씨 101000 기타비유동금융자산 0 0
디엠씨 101000 기타비유동자산 0 0
디엠씨 101000 사용권자산 0 0
디엠씨 101000 이연법인세자산 1,584,139,571 942,643,278
디엠씨 101000 자산총계 156,987,989,542 123,479,389,056
디엠씨 101000 유동부채 93,237,997,497 79,268,002,876
디엠씨 101000 단기매입채무 0 0
디엠씨 101000 단기차입금 31,560,764,661 28,692,836,000
디엠씨 101000 유동성장기차입금 19,917,743,000 24,292,743,000
디엠씨 101000 유동성사채 0 0
디엠씨 101000 기타유동금융부채 0 0
디엠씨 101000 기타유동부채 1,264,630,950 1,372,083,076
디엠씨 101000 당기법인세부채 332,769,673 24,292,743,000
디엠씨 101000 유동리스부채 0 0
디엠씨 101000 비유동부채 1,339,707,940 1,145,184,868
디엠씨 101000 사채 0 0
디엠씨 101000 장기차입금 23,782,503,000 1,145,184,868
디엠씨 101000 기타비유동금융부채 0 0
디엠씨 101000 이연법인세부채 0 0
디엠씨 101000 비유동리스부채 0 0
디엠씨 101000 부채총계 94,577,705,437 80,413,187,744
디엠씨 101000 자본금 18,068,799,000 12,764,625,000
디엠씨 101000 자본잉여금 32,027,115,803 14,060,527,276
디엠씨 101000 자본조정 0 0
디엠씨 101000 기타포괄손익누계액 0 0
디엠씨 101000 이익잉여금(결손금) 12,314,369,302 16,241,049,036
디엠씨 101000 자본총계 62,410,284,105 43,066,201,312
디엠씨 101000 자본과부채총계 156,987,989,542 123,479,389,056
date : 2018-03-31
디엠씨 101000 유동자산 31,540,672,657 32,362,364,732
디엠씨 101000 현금및현금성자산 5,998,797,444 7,089,467,401
디엠씨 101000 매출채권 4,733,947,496 6,085,643,158
디엠씨 101000 재고자산 8,500,074,572 8,846,293,152
디엠씨 101000 기타유동금융자산 0 0
디엠씨 101000 기타유동자산 2,787,903,390 648,928,721
디엠씨 101000 매각예정비유동자산 0 0
디엠씨 101000 비유동자산 133,330,702,043 124,625,624,810
디엠씨 101000 장기금융상품 0 0
디엠씨 101000 기타포괄손익-공정가치 0 0
디엠씨 101000 당기손익인식공정가치측정금융자산 0 0
디엠씨 101000 종속회사투자 0 0
디엠씨 101000 관계회사투자 0 0
디엠씨 101000 렌탈자산 0 0
디엠씨 101000 유형자산 106,096,212,289 106,343,418,787
디엠씨 101000 무형자산 481,261,940 541,185,975
디엠씨 101000 기타비유동금융자산 0 0
디엠씨 101000 기타비유동자산 0 0
디엠씨 101000 사용권자산 0 0
디엠씨 101000 이연법인세자산 1,584,139,571 1,584,139,571
디엠씨 101000 자산총계 164,871,374,700 156,987,989,542
디엠씨 101000 유동부채 95,133,818,357 93,237,997,497
디엠씨 101000 단기매입채무 0 0
디엠씨 101000 단기차입금 30,943,776,142 31,560,764,661
디엠씨 101000 유동성장기차입금 19,917,743,000 19,917,743,000
디엠씨 101000 유동성사채 0 0
디엠씨 101000 기타유동금융부채 0 0
디엠씨 101000 기타유동부채 681,436,849 1,264,630,950
디엠씨 101000 당기법인세부채 0 0
디엠씨 101000 유동리스부채 0 0
디엠씨 101000 비유동부채 1,263,074,209 1,339,707,940
디엠씨 101000 사채 0 0
디엠씨 101000 장기차입금 0 0
디엠씨 101000 기타비유동금융부채 0 0
디엠씨 101000 이연법인세부채 0 0
디엠씨 101000 비유동리스부채 0 0
디엠씨 101000 부채총계 96,396,892,566 94,577,705,437
디엠씨 101000 자본금 19,357,426,000 18,068,799,000
디엠씨 101000 자본잉여금 37,538,605,991 32,027,115,803
디엠씨 101000 자본조정 0 0
디엠씨 101000 기타포괄손익누계액 0 0
디엠씨 101000 이익잉여금(결손금) 11,578,450,143 12,314,369,302
디엠씨 101000 자본총계 68,474,482,134 62,410,284,105
디엠씨 101000 자본과부채총계 164,871,374,700 156,987,989,542
date : 2018-06-30
디엠씨 101000 유동자산 17,028,170,835 32,362,364,732
디엠씨 101000 현금및현금성자산 111,785,199 7,089,467,401
디엠씨 101000 매출채권 7,347,274,152 6,085,643,158
디엠씨 101000 재고자산 7,237,028,548 8,846,293,152
디엠씨 101000 기타유동금융자산 0 0
디엠씨 101000 기타유동자산 1,748,269 168,648,016
디엠씨 101000 매각예정비유동자산 0 0
디엠씨 101000 비유동자산 69,542,425,199 124,625,624,810
디엠씨 101000 장기금융상품 0 0
디엠씨 101000 기타포괄손익-공정가치 0 0
디엠씨 101000 당기손익인식공정가치측정금융자산 0 0
디엠씨 101000 종속회사투자 0 0
디엠씨 101000 관계회사투자 0 0
디엠씨 101000 렌탈자산 0 0
디엠씨 101000 유형자산 56,469,129,056 106,343,418,787
디엠씨 101000 무형자산 340,730,912 541,185,975
디엠씨 101000 기타비유동금융자산 0 0
디엠씨 101000 기타비유동자산 0 0
디엠씨 101000 사용권자산 0 0
디엠씨 101000 이연법인세자산 1,584,139,571 1,584,139,571
디엠씨 101000 자산총계 86,570,596,034 156,987,989,542
디엠씨 101000 유동부채 90,829,342,884 93,237,997,497
디엠씨 101000 단기매입채무 0 0
디엠씨 101000 단기차입금 30,845,640,591 31,560,764,661
디엠씨 101000 유동성장기차입금 19,917,743,000 19,917,743,000
디엠씨 101000 유동성사채 0 0
디엠씨 101000 기타유동금융부채 0 0
디엠씨 101000 기타유동부채 621,926,702 1,264,630,950
디엠씨 101000 당기법인세부채 0 0
디엠씨 101000 유동리스부채 0 0
디엠씨 101000 비유동부채 181,764,532 1,339,707,940
디엠씨 101000 사채 0 0
디엠씨 101000 장기차입금 0 0
디엠씨 101000 기타비유동금융부채 0 0
디엠씨 101000 이연법인세부채 0 0
디엠씨 101000 비유동리스부채 0 0
디엠씨 101000 부채총계 91,011,107,416 94,577,705,437
디엠씨 101000 자본금 20,021,237,000 18,068,799,000
디엠씨 101000 자본잉여금 39,599,362,626 32,027,115,803
디엠씨 101000 자본조정 0 0
디엠씨 101000 기타포괄손익누계액 0 0
디엠씨 101000 이익잉여금(결손금) -64,061,111,008 12,314,369,302
디엠씨 101000 자본총계 -4,440,511,382 62,410,284,105
디엠씨 101000 자본과부채총계 86,570,596,034 156,987,989,542
date : 2018-09-30
디엠씨 101000 유동자산 20,296,515,593 32,362,364,732
디엠씨 101000 현금및현금성자산 2,244,581,626 7,089,467,401
디엠씨 101000 매출채권 4,205,596,166 6,085,643,158
디엠씨 101000 재고자산 7,644,944,947 8,846,293,152
디엠씨 101000 기타유동금융자산 0 0
디엠씨 101000 기타유동자산 2,641,611,467 648,928,721
디엠씨 101000 매각예정비유동자산 0 0
디엠씨 101000 비유동자산 59,366,044,737 124,625,624,810
디엠씨 101000 장기금융상품 0 0
디엠씨 101000 기타포괄손익-공정가치 0 0
디엠씨 101000 당기손익인식공정가치측정금융자산 0 0
디엠씨 101000 종속회사투자 0 0
디엠씨 101000 관계회사투자 0 0
디엠씨 101000 렌탈자산 0 0
디엠씨 101000 유형자산 56,197,318,875 106,343,418,787
디엠씨 101000 무형자산 319,091,965 541,185,975
디엠씨 101000 기타비유동금융자산 0 0
디엠씨 101000 기타비유동자산 0 0
디엠씨 101000 사용권자산 0 0
디엠씨 101000 이연법인세자산 1,584,139,571 1,584,139,571
디엠씨 101000 자산총계 79,662,560,330 156,987,989,542
디엠씨 101000 유동부채 96,802,655,721 93,237,997,497
디엠씨 101000 단기매입채무 0 0
디엠씨 101000 단기차입금 34,140,586,600 31,560,764,661
디엠씨 101000 유동성장기차입금 19,917,743,000 19,917,743,000
디엠씨 101000 유동성사채 0 0
디엠씨 101000 기타유동금융부채 0 0
디엠씨 101000 기타유동부채 410,668,716 1,264,630,950
디엠씨 101000 당기법인세부채 0 0
디엠씨 101000 유동리스부채 0 0
디엠씨 101000 비유동부채 138,855,230 1,339,707,940
디엠씨 101000 사채 0 0
디엠씨 101000 장기차입금 0 0
디엠씨 101000 기타비유동금융부채 0 0
디엠씨 101000 이연법인세부채 0 0
디엠씨 101000 비유동리스부채 0 0
디엠씨 101000 부채총계 96,941,510,951 94,577,705,437
디엠씨 101000 자본금 20,021,237,000 18,068,799,000
디엠씨 101000 자본잉여금 39,599,362,626 32,027,115,803
디엠씨 101000 자본조정 0 0
디엠씨 101000 기타포괄손익누계액 0 0
디엠씨 101000 이익잉여금(결손금) -76,899,550,247 12,314,369,302
디엠씨 101000 자본총계 -17,278,950,621 62,410,284,105
디엠씨 101000 자본과부채총계 79,662,560,330 156,987,989,542
date : 2018-12-31
디엠씨 101000 유동자산 42,236,780,053 38,289,162,664
디엠씨 101000 현금및현금성자산 1,702,443,577 7,141,528,011
디엠씨 101000 매출채권 2,471,656,646 6,818,346,558
디엠씨 101000 재고자산 6,498,458,354 12,704,892,571
디엠씨 101000 기타유동금융자산 0 0
디엠씨 101000 기타유동자산 0 0
디엠씨 101000 매각예정비유동자산 0 0
디엠씨 101000 비유동자산 27,489,345,445 129,981,226,898
디엠씨 101000 장기금융상품 0 0
디엠씨 101000 기타포괄손익-공정가치 0 0
디엠씨 101000 당기손익인식공정가치측정금융자산 0 0
디엠씨 101000 종속회사투자 0 0
디엠씨 101000 관계회사투자 0 0
디엠씨 101000 렌탈자산 0 0
디엠씨 101000 유형자산 25,936,493,284 117,487,602,361
디엠씨 101000 무형자산 297,069,351 3,583,890,947
디엠씨 101000 기타비유동금융자산 0 0
디엠씨 101000 기타비유동자산 0 0
디엠씨 101000 사용권자산 0 0
디엠씨 101000 이연법인세자산 1,506,113,178 1,067,178,022
디엠씨 101000 자산총계 69,726,125,498 168,270,389,562
디엠씨 101000 유동부채 32,813,368,101 108,163,412,241
디엠씨 101000 단기매입채무 0 0
디엠씨 101000 단기차입금 7,911,632,653 40,185,424,161
디엠씨 101000 유동성장기차입금 19,917,743,000 24,542,673,000
디엠씨 101000 유동성사채 0 0
디엠씨 101000 기타유동금융부채 0 0
디엠씨 101000 기타유동부채 0 0
디엠씨 101000 당기법인세부채 332,769,673 24,542,673,000
디엠씨 101000 유동리스부채 0 0
디엠씨 101000 비유동부채 8,177,130,064 2,708,363,821
디엠씨 101000 사채 0 0
디엠씨 101000 장기차입금 0 0
디엠씨 101000 기타비유동금융부채 0 0
디엠씨 101000 이연법인세부채 0 0
디엠씨 101000 비유동리스부채 0 0
디엠씨 101000 부채총계 40,990,498,165 110,871,776,062
디엠씨 101000 자본금 19,416,918,500 18,068,799,000
디엠씨 101000 자본잉여금 46,284,198,072 32,027,115,803
디엠씨 101000 자본조정 0 0
디엠씨 101000 기타포괄손익누계액 0 0
디엠씨 101000 이익잉여금(결손금) -36,965,489,239 7,614,360,705
디엠씨 101000 자본총계 28,735,627,333 57,398,613,500
디엠씨 101000 자본과부채총계 69,726,125,498 168,270,389,562
date : 2019-03-31
상상인인더스트리 101000 유동자산 20,673,608,860 42,236,780,053
상상인인더스트리 101000 현금및현금성자산 2,941,860,486 1,702,443,577
상상인인더스트리 101000 매출채권 3,480,280,135 2,471,656,646
상상인인더스트리 101000 재고자산 6,916,443,598 6,498,458,354
상상인인더스트리 101000 기타유동금융자산 0 0
상상인인더스트리 101000 기타유동자산 0 0
상상인인더스트리 101000 매각예정비유동자산 0 0
상상인인더스트리 101000 비유동자산 26,820,244,380 27,489,345,445
상상인인더스트리 101000 장기금융상품 0 0
상상인인더스트리 101000 기타포괄손익-공정가치 0 0
상상인인더스트리 101000 당기손익인식공정가치측정금융자산 0 0
상상인인더스트리 101000 종속회사투자 0 0
상상인인더스트리 101000 관계회사투자 0 0
상상인인더스트리 101000 렌탈자산 0 0
상상인인더스트리 101000 유형자산 25,738,680,407 25,936,493,284
상상인인더스트리 101000 무형자산 275,315,403 297,069,351
상상인인더스트리 101000 기타비유동금융자산 0 0
상상인인더스트리 101000 기타비유동자산 0 0
상상인인더스트리 101000 사용권자산 0 0
상상인인더스트리 101000 이연법인세자산 0 0
상상인인더스트리 101000 자산총계 47,493,853,240 69,726,125,498
상상인인더스트리 101000 유동부채 10,623,530,726 32,813,368,101
상상인인더스트리 101000 단기매입채무 0 0
상상인인더스트리 101000 단기차입금 2,751,024,545 7,911,632,653
상상인인더스트리 101000 유동성장기차입금 0 0
상상인인더스트리 101000 유동성사채 0 0
상상인인더스트리 101000 기타유동금융부채 0 0
상상인인더스트리 101000 기타유동부채 0 0
상상인인더스트리 101000 당기법인세부채 0 0
상상인인더스트리 101000 유동리스부채 0 0
상상인인더스트리 101000 비유동부채 8,028,824,812 8,177,130,064
상상인인더스트리 101000 사채 0 0
상상인인더스트리 101000 장기차입금 0 0
상상인인더스트리 101000 기타비유동금융부채 0 0
상상인인더스트리 101000 이연법인세부채 0 0
상상인인더스트리 101000 비유동리스부채 0 0
상상인인더스트리 101000 부채총계 18,652,355,538 40,990,498,165
상상인인더스트리 101000 자본금 19,416,918,500 19,416,918,500
상상인인더스트리 101000 자본잉여금 46,284,198,072 46,284,198,072
상상인인더스트리 101000 자본조정 0 0
상상인인더스트리 101000 기타포괄손익누계액 0 0
상상인인더스트리 101000 이익잉여금(결손금) -36,859,618,870 -36,965,489,239
상상인인더스트리 101000 자본총계 28,841,497,702 28,735,627,333
상상인인더스트리 101000 자본과부채총계 47,493,853,240 69,726,125,498
