date : 2019-03-31
우림기계 101170 유동자산 40,671,227,152 38,086,767,312
우림기계 101170 현금및현금성자산 6,332,587,114 7,682,416,738
우림기계 101170 매출채권 13,882,246,500 11,667,708,573
우림기계 101170 재고자산 11,721,823,048 10,921,482,629
우림기계 101170 비유동자산 59,847,658,576 59,532,832,054
우림기계 101170 유형자산 52,490,521,711 52,067,527,470
우림기계 101170 무형자산 1,502,247,045 1,415,403,787
우림기계 101170 이연법인세자산 1,498,716,950 1,498,716,950
우림기계 101170 자산총계 100,518,885,728 97,619,599,366
우림기계 101170 유동부채 11,909,523,537 7,772,862,946
우림기계 101170 비유동부채 1,570,460,503 1,454,437,081
우림기계 101170 부채총계 13,479,984,040 9,227,300,027
우림기계 101170 자본금 6,750,000,000 6,750,000,000
우림기계 101170 자본총계 87,038,901,688 88,392,299,339
우림기계 101170 자본과부채총계 100,518,885,728 97,619,599,366
