date : 2019-03-31
한국정밀기계 101680 유동자산 67,048,394,144 68,017,362,872
한국정밀기계 101680 현금및현금성자산 2,763,708,486 1,734,676,081
한국정밀기계 101680 재고자산 49,272,356,422 46,283,364,175
한국정밀기계 101680 기타유동자산 433,096,602 961,811,805
한국정밀기계 101680 비유동자산 24,207,414,151 22,604,444,116
한국정밀기계 101680 장기금융상품 2,000,081,381 1,940,255,318
한국정밀기계 101680 유형자산 12,435,617,945 12,639,131,176
한국정밀기계 101680 무형자산 433,566,924 102,211,521
한국정밀기계 101680 자산총계 91,255,808,295 90,621,806,988
한국정밀기계 101680 유동부채 28,778,655,725 30,233,947,686
한국정밀기계 101680 단기차입금 12,807,964,500 13,233,858,050
한국정밀기계 101680 기타유동부채 4,454,387,958 7,079,841,321
한국정밀기계 101680 비유동부채 3,576,065,125 2,910,599,576
한국정밀기계 101680 장기차입금 2,700,000,000 1,250,000,000
한국정밀기계 101680 부채총계 32,354,720,850 33,144,547,262
한국정밀기계 101680 자본금 4,202,000,000 4,202,000,000
한국정밀기계 101680 자본잉여금 50,834,044,952 50,834,044,952
한국정밀기계 101680 기타포괄손익누계액 -1,049,470,411 -1,884,751,011
한국정밀기계 101680 이익잉여금(결손금) 4,957,290,154 4,368,743,035
한국정밀기계 101680 자본총계 58,901,087,445 57,477,259,726
한국정밀기계 101680 자본과부채총계 91,255,808,295 90,621,806,988
