date : 2015-12-31
쌍방울 102280 유동자산 166,676,414,102 88,053,978,911
쌍방울 102280 현금및현금성자산 58,621,907,085 4,306,523,284
쌍방울 102280 매출채권 0 0
쌍방울 102280 재고자산 35,449,481,735 33,723,277,133
쌍방울 102280 기타유동금융자산 0 0
쌍방울 102280 기타유동자산 5,399,131,894 1,931,094,864
쌍방울 102280 매각예정비유동자산 0 0
쌍방울 102280 비유동자산 43,770,130,821 38,129,578,257
쌍방울 102280 장기금융상품 0 0
쌍방울 102280 기타포괄손익-공정가치 0 0
쌍방울 102280 당기손익인식공정가치측정금융자산 0 0
쌍방울 102280 종속회사투자 0 0
쌍방울 102280 관계회사투자 0 0
쌍방울 102280 렌탈자산 0 0
쌍방울 102280 유형자산 10,489,873,340 10,705,018,085
쌍방울 102280 무형자산 1,366,539,003 1,428,967,743
쌍방울 102280 기타비유동금융자산 0 0
쌍방울 102280 기타비유동자산 13,000,000 28,000,000
쌍방울 102280 사용권자산 0 0
쌍방울 102280 이연법인세자산 880,671,798 765,727,749
쌍방울 102280 자산총계 210,446,544,923 126,183,557,168
쌍방울 102280 유동부채 26,276,275,039 29,274,003,637
쌍방울 102280 단기매입채무 0 0
쌍방울 102280 단기차입금 5,074,226,489 22,137,783,301
쌍방울 102280 유동성장기차입금 14,994,565,082 22,137,783,301
쌍방울 102280 유동성사채 0 0
쌍방울 102280 기타유동금융부채 0 0
쌍방울 102280 기타유동부채 2,089,710,180 1,875,272,299
쌍방울 102280 당기법인세부채 0 0
쌍방울 102280 유동리스부채 0 0
쌍방울 102280 비유동부채 4,259,143,468 18,235,455,615
쌍방울 102280 사채 0 0
쌍방울 102280 장기차입금 14,981,850,670 14,969,796,656
쌍방울 102280 기타비유동금융부채 0 0
쌍방울 102280 이연법인세부채 0 0
쌍방울 102280 비유동리스부채 0 0
쌍방울 102280 부채총계 30,535,418,507 47,509,459,252
쌍방울 102280 자본금 64,562,106,500 43,809,855,000
쌍방울 102280 자본잉여금 92,478,254,778 12,544,071,308
쌍방울 102280 자본조정 0 0
쌍방울 102280 기타포괄손익누계액 0 0
쌍방울 102280 이익잉여금(결손금) 0 0
쌍방울 102280 자본총계 179,911,126,416 78,674,097,916
쌍방울 102280 자본과부채총계 210,446,544,923 126,183,557,168
date : 2016-03-31
쌍방울 102280 유동자산 183,799,362,594 166,676,414,102
쌍방울 102280 현금및현금성자산 84,852,595,397 58,621,907,085
쌍방울 102280 매출채권 0 0
쌍방울 102280 재고자산 38,633,678,790 35,449,481,735
쌍방울 102280 기타유동금융자산 0 0
쌍방울 102280 기타유동자산 14,361,978,134 5,399,131,894
쌍방울 102280 매각예정비유동자산 0 0
쌍방울 102280 비유동자산 43,494,201,100 43,770,130,821
쌍방울 102280 장기금융상품 0 0
쌍방울 102280 기타포괄손익-공정가치 0 0
쌍방울 102280 당기손익인식공정가치측정금융자산 0 0
쌍방울 102280 종속회사투자 0 0
쌍방울 102280 관계회사투자 0 0
쌍방울 102280 렌탈자산 0 0
쌍방울 102280 유형자산 10,497,792,468 10,489,873,340
쌍방울 102280 무형자산 1,273,248,417 1,366,539,003
쌍방울 102280 기타비유동금융자산 0 0
쌍방울 102280 기타비유동자산 13,000,000 13,000,000
쌍방울 102280 사용권자산 0 0
쌍방울 102280 이연법인세자산 880,671,798 880,671,798
쌍방울 102280 자산총계 227,293,563,694 210,446,544,923
쌍방울 102280 유동부채 44,837,022,938 26,276,275,039
쌍방울 102280 단기매입채무 0 0
쌍방울 102280 단기차입금 18,660,706,623 5,074,226,489
쌍방울 102280 유동성장기차입금 14,996,891,261 2,089,710,180
쌍방울 102280 유동성사채 0 0
쌍방울 102280 기타유동금융부채 0 0
쌍방울 102280 기타유동부채 1,310,252,578 14,994,565,082
쌍방울 102280 당기법인세부채 0 0
쌍방울 102280 유동리스부채 0 0
쌍방울 102280 비유동부채 4,355,323,247 4,259,143,468
쌍방울 102280 사채 0 0
쌍방울 102280 장기차입금 14,981,850,670 4,259,143,468
쌍방울 102280 기타비유동금융부채 0 0
쌍방울 102280 이연법인세부채 0 0
쌍방울 102280 비유동리스부채 0 0
쌍방울 102280 부채총계 49,192,346,185 30,535,418,507
쌍방울 102280 자본금 64,562,106,500 64,562,106,500
쌍방울 102280 자본잉여금 92,478,254,778 92,478,254,778
쌍방울 102280 자본조정 0 0
쌍방울 102280 기타포괄손익누계액 0 0
쌍방울 102280 이익잉여금(결손금) 0 0
쌍방울 102280 자본총계 178,101,217,509 179,911,126,416
쌍방울 102280 자본과부채총계 227,293,563,694 210,446,544,923
date : 2016-06-30
쌍방울 102280 유동자산 173,886,219,591 166,676,414,102
쌍방울 102280 현금및현금성자산 68,427,207,736 58,621,907,085
쌍방울 102280 매출채권 0 0
쌍방울 102280 재고자산 39,094,430,856 35,449,481,735
쌍방울 102280 기타유동금융자산 0 0
쌍방울 102280 기타유동자산 12,892,056,171 5,399,131,894
쌍방울 102280 매각예정비유동자산 0 0
쌍방울 102280 비유동자산 50,460,213,303 43,770,130,821
쌍방울 102280 장기금융상품 0 0
쌍방울 102280 기타포괄손익-공정가치 0 0
쌍방울 102280 당기손익인식공정가치측정금융자산 0 0
쌍방울 102280 종속회사투자 0 0
쌍방울 102280 관계회사투자 0 0
쌍방울 102280 렌탈자산 0 0
쌍방울 102280 유형자산 10,396,412,103 10,489,873,340
쌍방울 102280 무형자산 1,234,388,346 1,366,539,003
쌍방울 102280 기타비유동금융자산 0 0
쌍방울 102280 기타비유동자산 508,071,194 13,000,000
쌍방울 102280 사용권자산 0 0
쌍방울 102280 이연법인세자산 1,027,376,180 880,671,798
쌍방울 102280 자산총계 224,346,432,894 210,446,544,923
쌍방울 102280 유동부채 31,395,724,594 26,276,275,039
쌍방울 102280 단기매입채무 0 0
쌍방울 102280 단기차입금 21,679,194,508 5,074,226,489
쌍방울 102280 유동성장기차입금 2,089,710,180 1,875,272,299
쌍방울 102280 유동성사채 0 0
쌍방울 102280 기타유동금융부채 0 0
쌍방울 102280 기타유동부채 1,702,622,725 14,994,565,082
쌍방울 102280 당기법인세부채 0 0
쌍방울 102280 유동리스부채 0 0
쌍방울 102280 비유동부채 14,898,146,159 4,259,143,468
쌍방울 102280 사채 10,479,877,274 4,259,143,468
쌍방울 102280 장기차입금 14,981,850,670 4,259,143,468
쌍방울 102280 기타비유동금융부채 0 0
쌍방울 102280 이연법인세부채 0 0
쌍방울 102280 비유동리스부채 0 0
쌍방울 102280 부채총계 46,293,870,753 30,535,418,507
쌍방울 102280 자본금 64,562,106,500 64,562,106,500
쌍방울 102280 자본잉여금 92,478,254,778 92,478,254,778
쌍방울 102280 자본조정 0 0
쌍방울 102280 기타포괄손익누계액 0 0
쌍방울 102280 이익잉여금(결손금) 0 0
쌍방울 102280 자본총계 178,052,562,141 179,911,126,416
쌍방울 102280 자본과부채총계 224,346,432,894 210,446,544,923
date : 2016-09-30
쌍방울 102280 유동자산 167,644,839,574 166,676,414,102
쌍방울 102280 현금및현금성자산 62,648,150,479 58,621,907,085
쌍방울 102280 매출채권 0 0
쌍방울 102280 재고자산 43,003,840,287 35,449,481,735
쌍방울 102280 기타유동금융자산 0 0
쌍방울 102280 기타유동자산 8,606,557,499 5,399,131,894
쌍방울 102280 매각예정비유동자산 0 0
쌍방울 102280 비유동자산 54,070,038,247 43,770,130,821
쌍방울 102280 장기금융상품 0 0
쌍방울 102280 기타포괄손익-공정가치 0 0
쌍방울 102280 당기손익인식공정가치측정금융자산 0 0
쌍방울 102280 종속회사투자 0 0
쌍방울 102280 관계회사투자 0 0
쌍방울 102280 렌탈자산 0 0
쌍방울 102280 유형자산 10,419,485,066 10,489,873,340
쌍방울 102280 무형자산 1,129,753,013 1,366,539,003
쌍방울 102280 기타비유동금융자산 0 0
쌍방울 102280 기타비유동자산 627,759,788 13,000,000
쌍방울 102280 사용권자산 0 0
쌍방울 102280 이연법인세자산 461,816,900 880,671,798
쌍방울 102280 자산총계 221,714,877,821 210,446,544,923
쌍방울 102280 유동부채 27,500,877,121 26,276,275,039
쌍방울 102280 단기매입채무 0 0
쌍방울 102280 단기차입금 17,532,683,316 5,074,226,489
쌍방울 102280 유동성장기차입금 14,994,565,082 5,074,226,489
쌍방울 102280 유동성사채 0 0
쌍방울 102280 기타유동금융부채 0 0
쌍방울 102280 기타유동부채 1,679,008,612 2,089,710,180
쌍방울 102280 당기법인세부채 0 0
쌍방울 102280 유동리스부채 0 0
쌍방울 102280 비유동부채 15,468,115,272 4,259,143,468
쌍방울 102280 사채 10,482,425,695 4,259,143,468
쌍방울 102280 장기차입금 14,981,850,670 4,259,143,468
쌍방울 102280 기타비유동금융부채 0 0
쌍방울 102280 이연법인세부채 0 0
쌍방울 102280 비유동리스부채 0 0
쌍방울 102280 부채총계 42,968,992,393 30,535,418,507
쌍방울 102280 자본금 64,562,106,500 64,562,106,500
쌍방울 102280 자본잉여금 92,478,254,778 92,478,254,778
쌍방울 102280 자본조정 0 0
쌍방울 102280 기타포괄손익누계액 0 0
쌍방울 102280 이익잉여금(결손금) 0 0
쌍방울 102280 자본총계 178,745,885,428 179,911,126,416
쌍방울 102280 자본과부채총계 221,714,877,821 210,446,544,923
date : 2016-12-31
쌍방울 102280 유동자산 138,566,992,941 166,676,414,102
쌍방울 102280 현금및현금성자산 34,354,711,966 58,621,907,085
쌍방울 102280 매출채권 0 0
쌍방울 102280 재고자산 42,160,348,714 35,449,481,735
쌍방울 102280 기타유동금융자산 0 0
쌍방울 102280 기타유동자산 7,393,800,056 5,399,131,894
쌍방울 102280 매각예정비유동자산 0 0
쌍방울 102280 비유동자산 74,972,834,193 43,770,130,821
쌍방울 102280 장기금융상품 0 0
쌍방울 102280 기타포괄손익-공정가치 0 0
쌍방울 102280 당기손익인식공정가치측정금융자산 0 0
쌍방울 102280 종속회사투자 0 0
쌍방울 102280 관계회사투자 0 0
쌍방울 102280 렌탈자산 0 0
쌍방울 102280 유형자산 10,827,841,645 10,489,873,340
쌍방울 102280 무형자산 1,028,565,611 1,366,539,003
쌍방울 102280 기타비유동금융자산 0 0
쌍방울 102280 기타비유동자산 791,359,643 13,000,000
쌍방울 102280 사용권자산 0 0
쌍방울 102280 이연법인세자산 880,671,798 765,727,749
쌍방울 102280 자산총계 213,539,827,134 210,446,544,923
쌍방울 102280 유동부채 16,578,327,434 26,276,275,039
쌍방울 102280 단기매입채무 0 0
쌍방울 102280 단기차입금 7,522,297,594 5,074,226,489
쌍방울 102280 유동성장기차입금 14,994,565,082 5,074,226,489
쌍방울 102280 유동성사채 0 0
쌍방울 102280 기타유동금융부채 0 0
쌍방울 102280 기타유동부채 1,879,092,703 2,089,710,180
쌍방울 102280 당기법인세부채 0 0
쌍방울 102280 유동리스부채 0 0
쌍방울 102280 비유동부채 16,971,411,194 4,259,143,468
쌍방울 102280 사채 0 0
쌍방울 102280 장기차입금 10,485,002,344 14,981,850,670
쌍방울 102280 기타비유동금융부채 0 0
쌍방울 102280 이연법인세부채 1,892,790,095 14,981,850,670
쌍방울 102280 비유동리스부채 0 0
쌍방울 102280 부채총계 33,549,738,628 30,535,418,507
쌍방울 102280 자본금 64,562,106,500 64,562,106,500
쌍방울 102280 자본잉여금 92,478,254,778 92,478,254,778
쌍방울 102280 자본조정 0 0
쌍방울 102280 기타포괄손익누계액 0 0
쌍방울 102280 이익잉여금(결손금) 0 0
쌍방울 102280 자본총계 179,990,088,506 179,911,126,416
쌍방울 102280 자본과부채총계 213,539,827,134 210,446,544,923
date : 2017-03-31
쌍방울 102280 유동자산 129,828,504,590 138,566,992,941
쌍방울 102280 현금및현금성자산 32,187,551,020 34,354,711,966
쌍방울 102280 매출채권 0 0
쌍방울 102280 재고자산 43,916,432,754 42,160,348,714
쌍방울 102280 기타유동금융자산 0 0
쌍방울 102280 기타유동자산 6,579,009,692 7,393,800,056
쌍방울 102280 매각예정비유동자산 0 0
쌍방울 102280 비유동자산 84,990,621,536 74,972,834,193
쌍방울 102280 장기금융상품 0 0
쌍방울 102280 기타포괄손익-공정가치 0 0
쌍방울 102280 당기손익인식공정가치측정금융자산 0 0
쌍방울 102280 종속회사투자 0 0
쌍방울 102280 관계회사투자 0 0
쌍방울 102280 렌탈자산 0 0
쌍방울 102280 유형자산 10,649,462,589 10,827,841,645
쌍방울 102280 무형자산 950,883,265 1,028,565,611
쌍방울 102280 기타비유동금융자산 0 0
쌍방울 102280 기타비유동자산 957,732,745 791,359,643
쌍방울 102280 사용권자산 0 0
쌍방울 102280 이연법인세자산 379,475,643 880,671,798
쌍방울 102280 자산총계 214,819,126,126 213,539,827,134
쌍방울 102280 유동부채 30,093,694,658 16,578,327,434
쌍방울 102280 단기매입채무 0 0
쌍방울 102280 단기차입금 19,279,409,341 7,522,297,594
쌍방울 102280 유동성장기차입금 2,089,710,180 1,879,092,703
쌍방울 102280 유동성사채 0 0
쌍방울 102280 기타유동금융부채 0 0
쌍방울 102280 기타유동부채 2,089,286,026 1,879,092,703
쌍방울 102280 당기법인세부채 0 0
쌍방울 102280 유동리스부채 0 0
쌍방울 102280 비유동부채 15,081,313,689 16,971,411,194
쌍방울 102280 사채 0 0
쌍방울 102280 장기차입금 10,487,583,090 10,485,002,344
쌍방울 102280 기타비유동금융부채 0 0
쌍방울 102280 이연법인세부채 1,892,790,095 10,485,002,344
쌍방울 102280 비유동리스부채 0 0
쌍방울 102280 부채총계 45,175,008,347 33,549,738,628
쌍방울 102280 자본금 64,562,106,500 64,562,106,500
쌍방울 102280 자본잉여금 92,478,254,778 92,478,254,778
쌍방울 102280 자본조정 0 0
쌍방울 102280 기타포괄손익누계액 0 0
쌍방울 102280 이익잉여금(결손금) 0 0
쌍방울 102280 자본총계 169,644,117,779 179,990,088,506
쌍방울 102280 자본과부채총계 214,819,126,126 213,539,827,134
date : 2017-06-30
쌍방울 102280 유동자산 127,052,841,259 138,566,992,941
쌍방울 102280 현금및현금성자산 31,811,165,838 34,354,711,966
쌍방울 102280 매출채권 0 0
쌍방울 102280 재고자산 39,274,149,237 42,160,348,714
쌍방울 102280 기타유동금융자산 0 0
쌍방울 102280 기타유동자산 6,672,623,885 7,393,800,056
쌍방울 102280 매각예정비유동자산 0 0
쌍방울 102280 비유동자산 89,072,221,161 74,972,834,193
쌍방울 102280 장기금융상품 0 0
쌍방울 102280 기타포괄손익-공정가치 0 0
쌍방울 102280 당기손익인식공정가치측정금융자산 0 0
쌍방울 102280 종속회사투자 0 0
쌍방울 102280 관계회사투자 0 0
쌍방울 102280 렌탈자산 0 0
쌍방울 102280 유형자산 10,681,009,877 10,827,841,645
쌍방울 102280 무형자산 848,260,637 1,028,565,611
쌍방울 102280 기타비유동금융자산 0 0
쌍방울 102280 기타비유동자산 922,350,633 791,359,643
쌍방울 102280 사용권자산 0 0
쌍방울 102280 이연법인세자산 0 0
쌍방울 102280 자산총계 216,125,062,420 213,539,827,134
쌍방울 102280 유동부채 36,503,885,918 16,578,327,434
쌍방울 102280 단기매입채무 0 0
쌍방울 102280 단기차입금 16,545,383,375 7,522,297,594
쌍방울 102280 유동성장기차입금 10,490,241,577 1,879,092,703
쌍방울 102280 유동성사채 0 0
쌍방울 102280 기타유동금융부채 0 0
쌍방울 102280 기타유동부채 2,170,898,852 1,879,092,703
쌍방울 102280 당기법인세부채 0 0
쌍방울 102280 유동리스부채 0 0
쌍방울 102280 비유동부채 5,234,093,713 16,971,411,194
쌍방울 102280 사채 0 0
쌍방울 102280 장기차입금 10,485,002,344 16,971,411,194
쌍방울 102280 기타비유동금융부채 0 0
쌍방울 102280 이연법인세부채 750,966,150 1,892,790,095
쌍방울 102280 비유동리스부채 0 0
쌍방울 102280 부채총계 41,737,979,631 33,549,738,628
쌍방울 102280 자본금 64,562,106,500 64,562,106,500
쌍방울 102280 자본잉여금 92,478,254,778 92,478,254,778
쌍방울 102280 자본조정 0 0
쌍방울 102280 기타포괄손익누계액 0 0
쌍방울 102280 이익잉여금(결손금) 0 0
쌍방울 102280 자본총계 174,387,082,789 179,990,088,506
쌍방울 102280 자본과부채총계 216,125,062,420 213,539,827,134
date : 2017-09-30
쌍방울 102280 유동자산 110,147,184,219 138,566,992,941
쌍방울 102280 현금및현금성자산 19,018,574,156 34,354,711,966
쌍방울 102280 매출채권 및 기타유동채권
쌍방울 102280 재고자산 38,386,897,517 42,160,348,714
쌍방울 102280 기타유동금융자산 0 0
쌍방울 102280 기타유동자산 6,736,913,315 7,393,800,056
쌍방울 102280 매각예정비유동자산 0 0
쌍방울 102280 비유동자산 322,361,497,115 74,972,834,193
쌍방울 102280 장기금융상품 0 0
쌍방울 102280 기타포괄손익-공정가치 0 0
쌍방울 102280 당기손익인식공정가치측정금융자산 0 0
쌍방울 102280 종속회사투자 0 0
쌍방울 102280 관계회사투자 0 0
쌍방울 102280 렌탈자산 0 0
쌍방울 102280 유형자산 10,464,807,735 10,827,841,645
쌍방울 102280 무형자산 1,773,761,381 1,028,565,611
쌍방울 102280 기타비유동금융자산 0 0
쌍방울 102280 기타비유동자산 982,159,249 791,359,643
쌍방울 102280 사용권자산 0 0
쌍방울 102280 이연법인세자산 0 0
쌍방울 102280 자산총계 432,508,681,334 213,539,827,134
쌍방울 102280 유동부채 38,416,607,101 16,578,327,434
쌍방울 102280 단기매입채무 0 0
쌍방울 102280 단기차입금 17,565,623,345 7,522,297,594
쌍방울 102280 유동성장기차입금 10,492,904,798 7,522,297,594
쌍방울 102280 유동성사채 0 0
쌍방울 102280 기타유동금융부채 0 0
쌍방울 102280 기타유동부채 2,243,548,714 1,879,092,703
쌍방울 102280 당기법인세부채 0 0
쌍방울 102280 유동리스부채 0 0
쌍방울 102280 비유동부채 53,227,039,346 16,971,411,194
쌍방울 102280 사채 10,485,002,344 16,971,411,194
쌍방울 102280 장기차입금 0 0
쌍방울 102280 기타비유동금융부채 0 0
쌍방울 102280 이연법인세부채 48,605,983,614 1,892,790,095
쌍방울 102280 비유동리스부채 0 0
쌍방울 102280 부채총계 91,643,646,447 33,549,738,628
쌍방울 102280 자본금 64,562,106,500 64,562,106,500
쌍방울 102280 자본잉여금 92,478,254,778 92,478,254,778
쌍방울 102280 자본조정 0 0
쌍방울 102280 기타포괄손익누계액 0 0
쌍방울 102280 이익잉여금(결손금) 3,666,660,191 9,120,611,391
쌍방울 102280 자본총계 340,865,034,887 179,990,088,506
쌍방울 102280 자본과부채총계 432,508,681,334 213,539,827,134
date : 2017-12-31
쌍방울 102280 유동자산 541,886,323,918 138,566,992,941
쌍방울 102280 현금및현금성자산 8,772,406,564 34,354,711,966
쌍방울 102280 매출채권 27,156,576,000 32,289,946,530
쌍방울 102280 재고자산 30,550,996,878 42,160,348,714
쌍방울 102280 기타유동금융자산 445,916,480,000 42,160,348,714
쌍방울 102280 기타유동자산 7,015,281,239 7,393,800,056
쌍방울 102280 매각예정비유동자산 0 0
쌍방울 102280 비유동자산 77,721,405,988 74,972,834,193
쌍방울 102280 장기금융상품 0 0
쌍방울 102280 기타포괄손익-공정가치 0 0
쌍방울 102280 당기손익인식공정가치측정금융자산 0 0
쌍방울 102280 종속회사투자 0 0
쌍방울 102280 관계회사투자 0 0
쌍방울 102280 렌탈자산 0 0
쌍방울 102280 유형자산 10,289,266,241 10,827,841,645
쌍방울 102280 무형자산 1,709,116,063 1,028,565,611
쌍방울 102280 기타비유동금융자산 0 0
쌍방울 102280 기타비유동자산 374,124,126 791,359,643
쌍방울 102280 사용권자산 0 0
쌍방울 102280 이연법인세자산 880,671,798 1,028,565,611
쌍방울 102280 자산총계 619,607,729,906 213,539,827,134
쌍방울 102280 유동부채 254,651,279,552 16,578,327,434
쌍방울 102280 단기매입채무 0 0
쌍방울 102280 단기차입금 16,474,977,419 7,522,297,594
쌍방울 102280 유동성장기차입금 0 0
쌍방울 102280 유동성사채 0 0
쌍방울 102280 기타유동금융부채 0 0
쌍방울 102280 기타유동부채 1,798,033,485 1,879,092,703
쌍방울 102280 당기법인세부채 0 0
쌍방울 102280 유동리스부채 0 0
쌍방울 102280 비유동부채 55,487,758,360 16,971,411,194
쌍방울 102280 사채 10,485,002,344 16,971,411,194
쌍방울 102280 장기차입금 0 0
쌍방울 102280 기타비유동금융부채 0 0
쌍방울 102280 이연법인세부채 50,354,934,935 1,892,790,095
쌍방울 102280 비유동리스부채 0 0
쌍방울 102280 부채총계 310,139,037,912 33,549,738,628
쌍방울 102280 자본금 64,562,106,500 64,562,106,500
쌍방울 102280 자본잉여금 92,478,254,778 92,478,254,778
쌍방울 102280 자본조정 0 0
쌍방울 102280 기타포괄손익누계액 0 0
쌍방울 102280 이익잉여금(결손금) 152,458,453,511 9,120,611,391
쌍방울 102280 자본총계 309,468,691,994 179,990,088,506
쌍방울 102280 자본과부채총계 619,607,729,906 213,539,827,134
date : 2018-03-31
쌍방울 102280 유동자산 99,670,473,150 541,886,323,918
쌍방울 102280 현금및현금성자산 12,050,892,784 8,772,406,564
쌍방울 102280 매출채권 및 기타유동채권
쌍방울 102280 재고자산 32,425,019,414 30,550,996,878
쌍방울 102280 기타유동금융자산 445,916,480,000 30,550,996,878
쌍방울 102280 기타유동자산 6,149,176,071 7,015,281,239
쌍방울 102280 매각예정비유동자산 0 0
쌍방울 102280 비유동자산 629,479,390,179 77,721,405,988
쌍방울 102280 장기금융상품 578,883,001,000 77,721,405,988
쌍방울 102280 기타포괄손익-공정가치 0 0
쌍방울 102280 당기손익인식공정가치측정금융자산 0 0
쌍방울 102280 종속회사투자 0 0
쌍방울 102280 관계회사투자 0 0
쌍방울 102280 렌탈자산 0 0
쌍방울 102280 유형자산 10,906,566,781 10,289,266,241
쌍방울 102280 무형자산 1,702,340,164 1,709,116,063
쌍방울 102280 기타비유동금융자산 26,273,081,000 1,709,116,063
쌍방울 102280 기타비유동자산 342,080,676 374,124,126
쌍방울 102280 사용권자산 0 0
쌍방울 102280 이연법인세자산 0 0
쌍방울 102280 자산총계 729,149,863,329 619,607,729,906
쌍방울 102280 유동부채 313,566,617,799 254,651,279,552
쌍방울 102280 단기매입채무 0 0
쌍방울 102280 단기차입금 19,393,936,239 16,474,977,419
쌍방울 102280 유동성장기차입금 0 0
쌍방울 102280 유동성사채 0 0
쌍방울 102280 기타유동금융부채 0 0
쌍방울 102280 기타유동부채 1,245,967,286 1,798,033,485
쌍방울 102280 당기법인세부채 0 0
쌍방울 102280 유동리스부채 0 0
쌍방울 102280 비유동부채 66,772,482,930 55,487,758,360
쌍방울 102280 사채 0 0
쌍방울 102280 장기차입금 0 0
쌍방울 102280 기타비유동금융부채 0 0
쌍방울 102280 이연법인세부채 61,614,789,874 50,354,934,935
쌍방울 102280 비유동리스부채 0 0
쌍방울 102280 부채총계 380,339,100,729 310,139,037,912
쌍방울 102280 자본금 64,562,106,500 64,562,106,500
쌍방울 102280 자본잉여금 92,478,254,778 92,478,254,778
쌍방울 102280 자본조정 0 0
쌍방울 102280 기타포괄손익누계액 0 0
쌍방울 102280 이익잉여금(결손금) 188,237,285,485 152,458,453,511
쌍방울 102280 자본총계 348,810,762,600 309,468,691,994
쌍방울 102280 자본과부채총계 729,149,863,329 619,607,729,906
date : 2018-06-30
쌍방울 102280 유동자산 95,417,048,181 541,886,323,918
쌍방울 102280 현금및현금성자산 10,952,087,993 8,772,406,564
쌍방울 102280 매출채권 및 기타유동채권
쌍방울 102280 재고자산 31,534,898,690 30,550,996,878
쌍방울 102280 기타유동금융자산 0 0
쌍방울 102280 기타유동자산 7,139,204,785 7,015,281,239
쌍방울 102280 매각예정비유동자산 0 0
쌍방울 102280 비유동자산 1,356,952,804,116 77,721,405,988
쌍방울 102280 장기금융상품 0 0
쌍방울 102280 기타포괄손익-공정가치 0 0
쌍방울 102280 당기손익인식공정가치측정금융자산 0 0
쌍방울 102280 종속회사투자 0 0
쌍방울 102280 관계회사투자 0 0
쌍방울 102280 렌탈자산 0 0
쌍방울 102280 유형자산 10,736,148,591 10,289,266,241
쌍방울 102280 무형자산 1,644,962,114 1,709,116,063
쌍방울 102280 기타비유동금융자산 0 0
쌍방울 102280 기타비유동자산 302,725,853 374,124,126
쌍방울 102280 사용권자산 0 0
쌍방울 102280 이연법인세자산 0 0
쌍방울 102280 자산총계 1,452,369,852,297 619,607,729,906
쌍방울 102280 유동부채 665,229,719,014 254,651,279,552
쌍방울 102280 단기매입채무 0 0
쌍방울 102280 단기차입금 20,200,850,584 16,474,977,419
쌍방울 102280 유동성장기차입금 0 0
쌍방울 102280 유동성사채 0 0
쌍방울 102280 기타유동금융부채 0 0
쌍방울 102280 기타유동부채 1,662,995,644 1,798,033,485
쌍방울 102280 당기법인세부채 0 0
쌍방울 102280 유동리스부채 0 0
쌍방울 102280 비유동부채 178,563,859,965 55,487,758,360
쌍방울 102280 사채 0 0
쌍방울 102280 장기차입금 0 0
쌍방울 102280 기타비유동금융부채 0 0
쌍방울 102280 이연법인세부채 166,496,968,248 50,354,934,935
쌍방울 102280 비유동리스부채 0 0
쌍방울 102280 부채총계 843,793,578,979 310,139,037,912
쌍방울 102280 자본금 64,562,106,500 64,562,106,500
쌍방울 102280 자본잉여금 92,478,254,778 92,478,254,778
쌍방울 102280 자본조정 0 0
쌍방울 102280 기타포괄손익누계액 0 0
쌍방울 102280 이익잉여금(결손금) 448,681,396,203 148,017,714,879
쌍방울 102280 자본총계 608,576,273,318 309,468,691,994
쌍방울 102280 자본과부채총계 1,452,369,852,297 619,607,729,906
date : 2018-09-30
쌍방울 102280 유동자산 96,849,485,746 541,886,323,918
쌍방울 102280 현금및현금성자산 9,237,993,976 8,772,406,564
쌍방울 102280 매출채권 및 기타유동채권
쌍방울 102280 재고자산 32,942,341,090 30,550,996,878
쌍방울 102280 기타유동금융자산 0 0
쌍방울 102280 기타유동자산 8,377,276,501 7,015,281,239
쌍방울 102280 매각예정비유동자산 0 0
쌍방울 102280 비유동자산 1,695,771,085,125 77,721,405,988
쌍방울 102280 장기금융상품 0 0
쌍방울 102280 기타포괄손익-공정가치 0 0
쌍방울 102280 당기손익인식공정가치측정금융자산 0 0
쌍방울 102280 종속회사투자 0 0
쌍방울 102280 관계회사투자 0 0
쌍방울 102280 렌탈자산 0 0
쌍방울 102280 유형자산 10,573,724,685 10,289,266,241
쌍방울 102280 무형자산 1,590,854,806 1,709,116,063
쌍방울 102280 기타비유동금융자산 0 0
쌍방울 102280 기타비유동자산 288,178,076 374,124,126
쌍방울 102280 사용권자산 0 0
쌍방울 102280 이연법인세자산 0 0
쌍방울 102280 자산총계 1,792,620,570,871 619,607,729,906
쌍방울 102280 유동부채 836,254,961,485 254,651,279,552
쌍방울 102280 단기매입채무 0 0
쌍방울 102280 단기차입금 18,951,033,314 16,474,977,419
쌍방울 102280 유동성장기차입금 0 0
쌍방울 102280 유동성사채 0 0
쌍방울 102280 기타유동금융부채 0 0
쌍방울 102280 기타유동부채 1,298,243,986 1,798,033,485
쌍방울 102280 당기법인세부채 0 0
쌍방울 102280 유동리스부채 0 0
쌍방울 102280 비유동부채 225,417,389,784 55,487,758,360
쌍방울 102280 사채 0 0
쌍방울 102280 장기차입금 0 0
쌍방울 102280 기타비유동금융부채 0 0
쌍방울 102280 이연법인세부채 213,602,200,095 50,354,934,935
쌍방울 102280 비유동리스부채 0 0
쌍방울 102280 부채총계 1,061,672,351,269 310,139,037,912
쌍방울 102280 자본금 64,562,106,500 64,562,106,500
쌍방울 102280 자본잉여금 92,478,254,778 92,478,254,778
쌍방울 102280 자본조정 0 0
쌍방울 102280 기타포괄손익누계액 0 0
쌍방울 102280 이익잉여금(결손금) 571,158,642,487 148,017,714,879
쌍방울 102280 자본총계 730,948,219,602 309,468,691,994
쌍방울 102280 자본과부채총계 1,792,620,570,871 619,607,729,906
date : 2018-12-31
쌍방울 102280 유동자산 93,964,828,525 541,886,323,918
쌍방울 102280 현금및현금성자산 5,584,178,773 8,772,406,564
쌍방울 102280 매출채권 및 기타유동채권
쌍방울 102280 재고자산 30,237,852,608 30,550,996,878
쌍방울 102280 기타유동금융자산 0 0
쌍방울 102280 기타유동자산 8,906,945,030 6,784,592,041
쌍방울 102280 매각예정비유동자산 0 0
쌍방울 102280 비유동자산 289,477,601,238 77,721,405,988
쌍방울 102280 장기금융상품 0 0
쌍방울 102280 기타포괄손익-공정가치 0 0
쌍방울 102280 당기손익인식공정가치측정금융자산 0 0
쌍방울 102280 종속회사투자 0 0
쌍방울 102280 관계회사투자 0 0
쌍방울 102280 렌탈자산 0 0
쌍방울 102280 유형자산 10,288,598,124 10,289,266,241
쌍방울 102280 무형자산 1,576,019,592 1,709,116,063
쌍방울 102280 기타비유동금융자산 0 0
쌍방울 102280 기타비유동자산 255,324,799 374,124,126
쌍방울 102280 사용권자산 0 0
쌍방울 102280 이연법인세자산 0 0
쌍방울 102280 자산총계 383,442,429,763 619,607,729,906
쌍방울 102280 유동부채 134,992,140,665 254,651,279,552
쌍방울 102280 단기매입채무 0 0
쌍방울 102280 단기차입금 17,481,098,526 16,474,977,419
쌍방울 102280 유동성장기차입금 0 0
쌍방울 102280 유동성사채 0 0
쌍방울 102280 기타유동금융부채 0 0
쌍방울 102280 기타유동부채 1,492,358,783 1,798,033,485
쌍방울 102280 당기법인세부채 0 0
쌍방울 102280 유동리스부채 0 0
쌍방울 102280 비유동부채 31,553,746,086 55,487,758,360
쌍방울 102280 사채 7,161,182,282 10,485,002,344
쌍방울 102280 장기차입금 0 0
쌍방울 102280 기타비유동금융부채 0 0
쌍방울 102280 이연법인세부채 20,180,152,615 50,354,934,935
쌍방울 102280 비유동리스부채 0 0
쌍방울 102280 부채총계 166,545,886,751 310,139,037,912
쌍방울 102280 자본금 64,562,106,500 64,562,106,500
쌍방울 102280 자본잉여금 92,478,254,778 92,478,254,778
쌍방울 102280 자본조정 0 0
쌍방울 102280 기타포괄손익누계액 0 0
쌍방울 102280 이익잉여금(결손금) 58,730,434,115 152,458,453,511
쌍방울 102280 자본총계 216,896,543,012 309,468,691,994
쌍방울 102280 자본과부채총계 383,442,429,763 619,607,729,906
date : 2019-03-31
쌍방울 102280 유동자산 94,234,315,052 93,964,828,525
쌍방울 102280 현금및현금성자산 4,128,915,643 5,584,178,773
쌍방울 102280 매출채권 및 기타유동채권
쌍방울 102280 재고자산 33,820,365,553 30,237,852,608
쌍방울 102280 기타유동금융자산 0 0
쌍방울 102280 기타유동자산 6,782,170,791 8,906,945,030
쌍방울 102280 매각예정비유동자산 0 0
쌍방울 102280 비유동자산 369,287,597,784 289,477,601,238
쌍방울 102280 장기금융상품 0 0
쌍방울 102280 기타포괄손익-공정가치 0 0
쌍방울 102280 당기손익인식공정가치측정금융자산 0 0
쌍방울 102280 종속회사투자 0 0
쌍방울 102280 관계회사투자 0 0
쌍방울 102280 렌탈자산 0 0
쌍방울 102280 유형자산 10,166,968,598 10,288,598,124
쌍방울 102280 무형자산 1,603,142,459 1,576,019,592
쌍방울 102280 기타비유동금융자산 0 0
쌍방울 102280 기타비유동자산 223,719,364 255,324,799
쌍방울 102280 사용권자산 0 0
쌍방울 102280 이연법인세자산 0 0
쌍방울 102280 자산총계 463,521,912,836 383,442,429,763
쌍방울 102280 유동부채 175,089,996,108 134,992,140,665
쌍방울 102280 단기매입채무 0 0
쌍방울 102280 단기차입금 16,356,063,036 17,481,098,526
쌍방울 102280 유동성장기차입금 0 0
쌍방울 102280 유동성사채 0 0
쌍방울 102280 기타유동금융부채 0 0
쌍방울 102280 기타유동부채 1,051,503,491 1,492,358,783
쌍방울 102280 당기법인세부채 0 0
쌍방울 102280 유동리스부채 0 0
쌍방울 102280 비유동부채 45,358,890,005 31,553,746,086
쌍방울 102280 사채 7,193,333,679 7,161,182,282
쌍방울 102280 장기차입금 0 0
쌍방울 102280 기타비유동금융부채 0 0
쌍방울 102280 이연법인세부채 33,980,778,485 20,180,152,615
쌍방울 102280 비유동리스부채 0 0
쌍방울 102280 부채총계 220,448,886,113 166,545,886,751
쌍방울 102280 자본금 64,562,106,500 64,562,106,500
쌍방울 102280 자본잉여금 92,478,254,778 92,478,254,778
쌍방울 102280 자본조정 0 0
쌍방울 102280 기타포괄손익누계액 0 0
쌍방울 102280 이익잉여금(결손금) 83,619,698,490 58,730,434,115
쌍방울 102280 자본총계 243,073,026,723 216,896,543,012
쌍방울 102280 자본과부채총계 463,521,912,836 383,442,429,763
