date : 2019-03-31
동양피엔에프 104460 유동자산 65,283,112,199 88,567,634,083
동양피엔에프 104460 현금및현금성자산 13,922,759,640 13,033,587,944
동양피엔에프 104460 매출채권 27,297,355,565 26,734,367,881
동양피엔에프 104460 기타유동자산 14,245,086,509 36,801,358,702
동양피엔에프 104460 재고자산 197,217,991 205,135,437
동양피엔에프 104460 비유동자산 46,340,263,477 46,170,526,109
동양피엔에프 104460 유형자산 38,265,245,949 37,226,316,467
동양피엔에프 104460 무형자산 117,861,600 117,861,600
동양피엔에프 104460 이연법인세자산 1,035,321,956 998,130,775
동양피엔에프 104460 자산총계 111,623,375,676 134,738,160,192
동양피엔에프 104460 유동부채 47,979,354,222 76,067,755,940
동양피엔에프 104460 당기법인세부채 1,675,733,514 0
동양피엔에프 104460 기타유동부채 22,433,390,707 51,797,481,388
동양피엔에프 104460 비유동부채 8,490,215,010 7,826,739,766
동양피엔에프 104460 부채총계 56,469,569,232 83,894,495,706
동양피엔에프 104460 자본금 5,356,812,500 5,356,812,500
동양피엔에프 104460 자본잉여금 17,303,654,904 17,303,654,904
동양피엔에프 104460 이익잉여금(결손금) 39,104,654,287 34,569,598,329
동양피엔에프 104460 자본총계 55,153,806,444 50,843,664,486
동양피엔에프 104460 자본과부채총계 111,623,375,676 134,738,160,192
