date : 2019-03-31
원익머트리얼즈 104830 유동자산 65,603,891,753 76,554,022,983
원익머트리얼즈 104830 현금및현금성자산 9,610,076,632 24,680,348,769
원익머트리얼즈 104830 매출채권 및 기타유동채권
원익머트리얼즈 104830 재고자산 29,192,995,088 22,249,076,566
원익머트리얼즈 104830 기타유동금융자산 0 0
원익머트리얼즈 104830 비유동자산 254,621,241,955 244,650,009,051
원익머트리얼즈 104830 유형자산 169,400,723,251 170,962,663,884
원익머트리얼즈 104830 사용권자산 369,030,000 0
원익머트리얼즈 104830 무형자산 3,058,498,113 2,089,071,736
원익머트리얼즈 104830 이연법인세자산 1,067,169,275 1,067,169,275
원익머트리얼즈 104830 기타비유동자산 643,000,000 643,000,000
원익머트리얼즈 104830 자산총계 320,225,133,708 321,204,032,034
원익머트리얼즈 104830 유동부채 25,653,049,125 31,934,883,262
원익머트리얼즈 104830 유동리스부채 13,310,000 0
원익머트리얼즈 104830 당기법인세부채 6,338,292,350 7,382,251,688
원익머트리얼즈 104830 기타유동금융부채 0 0
원익머트리얼즈 104830 비유동부채 3,082,321,467 1,940,383,619
원익머트리얼즈 104830 비유동리스부채 355,720,000 0
원익머트리얼즈 104830 부채총계 28,735,370,592 33,875,266,881
원익머트리얼즈 104830 자본금 6,304,000,000 6,304,000,000
원익머트리얼즈 104830 자본잉여금 65,489,161,377 65,489,161,377
원익머트리얼즈 104830 기타포괄손익누계액 0 0
원익머트리얼즈 104830 이익잉여금(결손금) 219,696,601,739 215,535,603,776
원익머트리얼즈 104830 자본총계 291,489,763,116 287,328,765,153
원익머트리얼즈 104830 자본과부채총계 320,225,133,708 321,204,032,034
