date : 2015-12-31
한세실업 105630 유동자산 550,516,989,825 384,666,406,592
한세실업 105630 현금및현금성자산 133,612,259,439 50,879,283,164
한세실업 105630 매출채권 및 기타유동채권
한세실업 105630 재고자산 151,445,887,125 121,646,533,331
한세실업 105630 기타유동금융자산 0 0
한세실업 105630 기타유동자산 24,649,340,177 16,808,125,486
한세실업 105630 매각예정비유동자산 0 0
한세실업 105630 비유동자산 339,652,203,343 274,929,270,613
한세실업 105630 장기금융상품 0 0
한세실업 105630 기타포괄손익-공정가치 0 0
한세실업 105630 당기손익인식공정가치측정금융자산 0 0
한세실업 105630 종속회사투자 0 0
한세실업 105630 관계회사투자 0 0
한세실업 105630 렌탈자산 0 0
한세실업 105630 유형자산 11,824,190,146 10,103,909,830
한세실업 105630 무형자산 467,221,490 450,086,602
한세실업 105630 기타비유동금융자산 0 0
한세실업 105630 기타비유동자산 62,082,471 2,636,292,991
한세실업 105630 사용권자산 0 0
한세실업 105630 이연법인세자산 4,342,264,279 2,636,292,991
한세실업 105630 자산총계 890,169,193,168 659,595,677,205
한세실업 105630 유동부채 419,609,928,141 281,201,109,151
한세실업 105630 단기매입채무 0 0
한세실업 105630 단기차입금 323,547,994,666 211,718,325,318
한세실업 105630 유동성장기차입금 0 0
한세실업 105630 유동성사채 0 0
한세실업 105630 기타유동금융부채 0 0
한세실업 105630 기타유동부채 1,194,265,188 1,240,913,397
한세실업 105630 당기법인세부채 24,088,562,844 15,200,663,750
한세실업 105630 유동리스부채 0 0
한세실업 105630 비유동부채 21,817,922,585 20,077,556,997
한세실업 105630 사채 0 0
한세실업 105630 장기차입금 0 0
한세실업 105630 기타비유동금융부채 0 0
한세실업 105630 이연법인세부채 0 0
한세실업 105630 비유동리스부채 0 0
한세실업 105630 부채총계 441,427,850,726 301,278,666,148
한세실업 105630 자본금 20,000,000,000 20,000,000,000
한세실업 105630 자본잉여금 0 0
한세실업 105630 자본조정 0 0
한세실업 105630 기타포괄손익누계액 0 0
한세실업 105630 이익잉여금(결손금) 375,776,810,415 285,159,222,229
한세실업 105630 자본총계 448,741,342,442 358,317,011,057
한세실업 105630 자본과부채총계 890,169,193,168 659,595,677,205
date : 2016-03-31
한세실업 105630 유동자산 500,704,598,329 550,516,989,825
한세실업 105630 현금및현금성자산 107,654,730,688 133,612,259,439
한세실업 105630 매출채권 및 기타유동채권
한세실업 105630 재고자산 125,535,339,806 151,445,887,125
한세실업 105630 기타유동금융자산 0 0
한세실업 105630 기타유동자산 34,484,520,113 24,649,340,177
한세실업 105630 매각예정비유동자산 0 0
한세실업 105630 비유동자산 345,476,519,324 339,652,203,343
한세실업 105630 장기금융상품 0 0
한세실업 105630 기타포괄손익-공정가치 0 0
한세실업 105630 당기손익인식공정가치측정금융자산 0 0
한세실업 105630 종속회사투자 0 0
한세실업 105630 관계회사투자 0 0
한세실업 105630 렌탈자산 0 0
한세실업 105630 유형자산 11,423,626,854 11,824,190,146
한세실업 105630 무형자산 561,970,355 467,221,490
한세실업 105630 기타비유동금융자산 0 0
한세실업 105630 기타비유동자산 53,319,033 62,082,471
한세실업 105630 사용권자산 0 0
한세실업 105630 이연법인세자산 4,150,999,462 4,342,264,279
한세실업 105630 자산총계 846,181,117,653 890,169,193,168
한세실업 105630 유동부채 361,962,988,098 419,609,928,141
한세실업 105630 단기매입채무 0 0
한세실업 105630 단기차입금 265,205,945,984 323,547,994,666
한세실업 105630 유동성장기차입금 0 0
한세실업 105630 유동성사채 0 0
한세실업 105630 기타유동금융부채 0 0
한세실업 105630 기타유동부채 973,189,310 1,194,265,188
한세실업 105630 당기법인세부채 21,787,262,788 24,088,562,844
한세실업 105630 유동리스부채 0 0
한세실업 105630 비유동부채 22,092,504,777 21,817,922,585
한세실업 105630 사채 0 0
한세실업 105630 장기차입금 0 0
한세실업 105630 기타비유동금융부채 0 0
한세실업 105630 이연법인세부채 0 0
한세실업 105630 비유동리스부채 0 0
한세실업 105630 부채총계 384,055,492,875 441,427,850,726
한세실업 105630 자본금 20,000,000,000 20,000,000,000
한세실업 105630 자본잉여금 0 0
한세실업 105630 자본조정 0 0
한세실업 105630 기타포괄손익누계액 0 0
한세실업 105630 이익잉여금(결손금) 387,357,313,008 375,776,810,415
한세실업 105630 자본총계 462,125,624,778 448,741,342,442
한세실업 105630 자본과부채총계 846,181,117,653 890,169,193,168
date : 2016-06-30
한세실업 105630 유동자산 565,667,828,636 550,516,989,825
한세실업 105630 현금및현금성자산 55,272,407,973 133,612,259,439
한세실업 105630 매출채권 및 기타유동채권
한세실업 105630 재고자산 178,046,100,256 151,445,887,125
한세실업 105630 기타유동금융자산 0 0
한세실업 105630 기타유동자산 43,275,692,095 24,649,340,177
한세실업 105630 매각예정비유동자산 0 0
한세실업 105630 비유동자산 337,866,913,047 339,652,203,343
한세실업 105630 장기금융상품 0 0
한세실업 105630 기타포괄손익-공정가치 0 0
한세실업 105630 당기손익인식공정가치측정금융자산 0 0
한세실업 105630 종속회사투자 0 0
한세실업 105630 관계회사투자 0 0
한세실업 105630 렌탈자산 0 0
한세실업 105630 유형자산 11,269,054,134 11,824,190,146
한세실업 105630 무형자산 604,983,425 467,221,490
한세실업 105630 기타비유동금융자산 0 0
한세실업 105630 기타비유동자산 44,924,630 62,082,471
한세실업 105630 사용권자산 0 0
한세실업 105630 이연법인세자산 4,779,854,471 4,342,264,279
한세실업 105630 자산총계 903,534,741,683 890,169,193,168
한세실업 105630 유동부채 404,427,233,226 419,609,928,141
한세실업 105630 단기매입채무 0 0
한세실업 105630 단기차입금 324,538,541,095 323,547,994,666
한세실업 105630 유동성장기차입금 0 0
한세실업 105630 유동성사채 0 0
한세실업 105630 기타유동금융부채 0 0
한세실업 105630 기타유동부채 1,211,438,698 1,194,265,188
한세실업 105630 당기법인세부채 15,203,506,240 24,088,562,844
한세실업 105630 유동리스부채 0 0
한세실업 105630 비유동부채 22,366,480,222 21,817,922,585
한세실업 105630 사채 0 0
한세실업 105630 장기차입금 0 0
한세실업 105630 기타비유동금융부채 0 0
한세실업 105630 이연법인세부채 0 0
한세실업 105630 비유동리스부채 0 0
한세실업 105630 부채총계 426,793,713,448 441,427,850,726
한세실업 105630 자본금 20,000,000,000 20,000,000,000
한세실업 105630 자본잉여금 0 0
한세실업 105630 자본조정 0 0
한세실업 105630 기타포괄손익누계액 0 0
한세실업 105630 이익잉여금(결손금) 402,566,279,213 375,776,810,415
한세실업 105630 자본총계 476,741,028,235 448,741,342,442
한세실업 105630 자본과부채총계 903,534,741,683 890,169,193,168
date : 2016-09-30
한세실업 105630 유동자산 529,424,495,710 550,516,989,825
한세실업 105630 현금및현금성자산 90,249,934,482 133,612,259,439
한세실업 105630 매출채권 및 기타유동채권
한세실업 105630 재고자산 136,505,629,809 151,445,887,125
한세실업 105630 기타유동금융자산 0 0
한세실업 105630 기타유동자산 37,221,087,933 24,649,340,177
한세실업 105630 매각예정비유동자산 0 0
한세실업 105630 비유동자산 458,049,156,079 339,652,203,343
한세실업 105630 장기금융상품 0 0
한세실업 105630 기타포괄손익-공정가치 0 0
한세실업 105630 당기손익인식공정가치측정금융자산 0 0
한세실업 105630 종속회사투자 0 0
한세실업 105630 관계회사투자 0 0
한세실업 105630 렌탈자산 0 0
한세실업 105630 유형자산 11,187,540,377 11,824,190,146
한세실업 105630 무형자산 550,160,890 467,221,490
한세실업 105630 기타비유동금융자산 0 0
한세실업 105630 기타비유동자산 5,360,816,293 62,082,471
한세실업 105630 사용권자산 0 0
한세실업 105630 이연법인세자산 36,883,646 4,342,264,279
한세실업 105630 자산총계 987,473,651,789 890,169,193,168
한세실업 105630 유동부채 409,972,741,468 419,609,928,141
한세실업 105630 단기매입채무 0 0
한세실업 105630 단기차입금 339,648,211,204 323,547,994,666
한세실업 105630 유동성장기차입금 0 0
한세실업 105630 유동성사채 0 0
한세실업 105630 기타유동금융부채 0 0
한세실업 105630 기타유동부채 7,026,335,480 7,205,955,689
한세실업 105630 당기법인세부채 13,181,448,102 24,088,562,844
한세실업 105630 유동리스부채 0 0
한세실업 105630 비유동부채 71,557,233,329 21,817,922,585
한세실업 105630 사채 0 0
한세실업 105630 장기차입금 50,000,000,000 21,817,922,585
한세실업 105630 기타비유동금융부채 0 0
한세실업 105630 이연법인세부채 0 0
한세실업 105630 비유동리스부채 0 0
한세실업 105630 부채총계 481,529,974,797 441,427,850,726
한세실업 105630 자본금 20,000,000,000 20,000,000,000
한세실업 105630 자본잉여금 0 0
한세실업 105630 자본조정 0 0
한세실업 105630 기타포괄손익누계액 0 0
한세실업 105630 이익잉여금(결손금) 430,032,750,994 375,776,810,415
한세실업 105630 자본총계 505,943,676,992 448,741,342,442
한세실업 105630 자본과부채총계 987,473,651,789 890,169,193,168
date : 2016-12-31
한세실업 105630 유동자산 571,862,485,512 550,516,989,825
한세실업 105630 현금및현금성자산 157,713,200,100 133,612,259,439
한세실업 105630 매출채권 및 기타유동채권
한세실업 105630 재고자산 140,104,252,407 151,445,887,125
한세실업 105630 기타유동금융자산 0 0
한세실업 105630 기타유동자산 38,740,012,479 24,649,340,177
한세실업 105630 매각예정비유동자산 0 0
한세실업 105630 비유동자산 382,470,927,606 339,652,203,343
한세실업 105630 장기금융상품 0 0
한세실업 105630 기타포괄손익-공정가치 0 0
한세실업 105630 당기손익인식공정가치측정금융자산 0 0
한세실업 105630 종속회사투자 0 0
한세실업 105630 관계회사투자 0 0
한세실업 105630 렌탈자산 0 0
한세실업 105630 유형자산 11,056,259,728 11,824,190,146
한세실업 105630 무형자산 711,696,037 467,221,490
한세실업 105630 기타비유동금융자산 0 0
한세실업 105630 기타비유동자산 36,426,792 62,082,471
한세실업 105630 사용권자산 0 0
한세실업 105630 이연법인세자산 6,212,024,171 4,342,264,279
한세실업 105630 자산총계 954,333,413,118 890,169,193,168
한세실업 105630 유동부채 408,570,652,708 419,609,928,141
한세실업 105630 단기매입채무 0 0
한세실업 105630 단기차입금 329,856,714,660 323,547,994,666
한세실업 105630 유동성장기차입금 0 0
한세실업 105630 유동성사채 0 0
한세실업 105630 기타유동금융부채 0 0
한세실업 105630 기타유동부채 1,200,970,610 1,194,265,188
한세실업 105630 당기법인세부채 9,054,108,862 24,088,562,844
한세실업 105630 유동리스부채 0 0
한세실업 105630 비유동부채 72,420,687,249 21,817,922,585
한세실업 105630 사채 0 0
한세실업 105630 장기차입금 50,000,000,000 21,817,922,585
한세실업 105630 기타비유동금융부채 0 0
한세실업 105630 이연법인세부채 0 0
한세실업 105630 비유동리스부채 0 0
한세실업 105630 부채총계 480,991,339,957 441,427,850,726
한세실업 105630 자본금 20,000,000,000 20,000,000,000
한세실업 105630 자본잉여금 0 0
한세실업 105630 자본조정 0 0
한세실업 105630 기타포괄손익누계액 0 0
한세실업 105630 이익잉여금(결손금) 410,108,061,474 375,776,810,415
한세실업 105630 자본총계 473,342,073,161 448,741,342,442
한세실업 105630 자본과부채총계 954,333,413,118 890,169,193,168
date : 2017-03-31
한세실업 105630 유동자산 490,901,898,629 571,862,485,512
한세실업 105630 현금및현금성자산 53,430,002,725 157,713,200,100
한세실업 105630 매출채권 및 기타유동채권
한세실업 105630 재고자산 122,341,017,432 140,104,252,407
한세실업 105630 기타유동금융자산 0 0
한세실업 105630 기타유동자산 47,514,975,727 38,740,012,479
한세실업 105630 매각예정비유동자산 0 0
한세실업 105630 비유동자산 396,464,954,960 382,470,927,606
한세실업 105630 장기금융상품 0 0
한세실업 105630 기타포괄손익-공정가치 0 0
한세실업 105630 당기손익인식공정가치측정금융자산 0 0
한세실업 105630 종속회사투자 0 0
한세실업 105630 관계회사투자 0 0
한세실업 105630 렌탈자산 0 0
한세실업 105630 유형자산 11,097,919,211 11,056,259,728
한세실업 105630 무형자산 693,073,354 711,696,037
한세실업 105630 기타비유동금융자산 0 0
한세실업 105630 기타비유동자산 27,331,075 36,426,792
한세실업 105630 사용권자산 0 0
한세실업 105630 이연법인세자산 6,040,498,001 6,212,024,171
한세실업 105630 자산총계 887,366,853,589 954,333,413,118
한세실업 105630 유동부채 344,043,117,370 408,570,652,708
한세실업 105630 단기매입채무 0 0
한세실업 105630 단기차입금 265,248,710,048 329,856,714,660
한세실업 105630 유동성장기차입금 0 0
한세실업 105630 유동성사채 0 0
한세실업 105630 기타유동금융부채 0 0
한세실업 105630 기타유동부채 6,565,497,890 7,349,292,433
한세실업 105630 당기법인세부채 10,332,206,076 9,054,108,862
한세실업 105630 유동리스부채 0 0
한세실업 105630 비유동부채 71,645,703,885 72,420,687,249
한세실업 105630 사채 0 0
한세실업 105630 장기차입금 50,000,000,000 50,000,000,000
한세실업 105630 기타비유동금융부채 0 0
한세실업 105630 이연법인세부채 0 0
한세실업 105630 비유동리스부채 0 0
한세실업 105630 부채총계 415,688,821,255 480,991,339,957
한세실업 105630 자본금 20,000,000,000 20,000,000,000
한세실업 105630 자본잉여금 0 0
한세실업 105630 자본조정 0 0
한세실업 105630 기타포괄손익누계액 0 0
한세실업 105630 이익잉여금(결손금) 412,533,718,684 410,108,061,474
한세실업 105630 자본총계 471,678,032,334 473,342,073,161
한세실업 105630 자본과부채총계 887,366,853,589 954,333,413,118
date : 2017-06-30
한세실업 105630 유동자산 577,092,615,156 571,862,485,512
한세실업 105630 현금및현금성자산 19,463,102,235 157,713,200,100
한세실업 105630 매출채권 및 기타유동채권
한세실업 105630 재고자산 155,017,015,974 140,104,252,407
한세실업 105630 기타유동금융자산 0 0
한세실업 105630 기타유동자산 45,086,862,080 38,740,012,479
한세실업 105630 매각예정비유동자산 0 0
한세실업 105630 비유동자산 349,554,987,234 382,470,927,606
한세실업 105630 장기금융상품 0 0
한세실업 105630 기타포괄손익-공정가치 0 0
한세실업 105630 당기손익인식공정가치측정금융자산 0 0
한세실업 105630 종속회사투자 0 0
한세실업 105630 관계회사투자 0 0
한세실업 105630 렌탈자산 0 0
한세실업 105630 유형자산 11,089,513,520 11,056,259,728
한세실업 105630 무형자산 697,997,381 711,696,037
한세실업 105630 기타비유동금융자산 0 0
한세실업 105630 기타비유동자산 20,611,277 36,426,792
한세실업 105630 사용권자산 0 0
한세실업 105630 이연법인세자산 5,525,714,756 6,212,024,171
한세실업 105630 자산총계 926,647,602,390 954,333,413,118
한세실업 105630 유동부채 377,416,943,020 408,570,652,708
한세실업 105630 단기매입채무 0 0
한세실업 105630 단기차입금 308,310,532,885 329,856,714,660
한세실업 105630 유동성장기차입금 0 0
한세실업 105630 유동성사채 0 0
한세실업 105630 기타유동금융부채 0 0
한세실업 105630 기타유동부채 7,276,300,434 7,349,292,433
한세실업 105630 당기법인세부채 7,223,293,590 9,054,108,862
한세실업 105630 유동리스부채 0 0
한세실업 105630 비유동부채 72,150,127,887 72,420,687,249
한세실업 105630 사채 0 0
한세실업 105630 장기차입금 50,000,000,000 50,000,000,000
한세실업 105630 기타비유동금융부채 0 0
한세실업 105630 이연법인세부채 0 0
한세실업 105630 비유동리스부채 0 0
한세실업 105630 부채총계 449,567,070,907 480,991,339,957
한세실업 105630 자본금 20,000,000,000 20,000,000,000
한세실업 105630 자본잉여금 0 0
한세실업 105630 자본조정 0 0
한세실업 105630 기타포괄손익누계액 0 0
한세실업 105630 이익잉여금(결손금) 418,034,000,347 410,108,061,474
한세실업 105630 자본총계 477,080,531,483 473,342,073,161
한세실업 105630 자본과부채총계 926,647,602,390 954,333,413,118
date : 2017-09-30
한세실업 105630 유동자산 659,787,414,495 571,862,485,512
한세실업 105630 현금및현금성자산 63,867,682,681 157,713,200,100
한세실업 105630 매출채권 및 기타유동채권
한세실업 105630 재고자산 116,312,939,248 140,104,252,407
한세실업 105630 기타유동금융자산 0 0
한세실업 105630 기타유동자산 47,127,893,036 38,740,012,479
한세실업 105630 매각예정비유동자산 0 0
한세실업 105630 비유동자산 288,666,559,610 382,470,927,606
한세실업 105630 장기금융상품 0 0
한세실업 105630 기타포괄손익-공정가치 0 0
한세실업 105630 당기손익인식공정가치측정금융자산 0 0
한세실업 105630 종속회사투자 0 0
한세실업 105630 관계회사투자 0 0
한세실업 105630 렌탈자산 0 0
한세실업 105630 유형자산 11,022,690,505 11,056,259,728
한세실업 105630 무형자산 757,909,908 711,696,037
한세실업 105630 기타비유동금융자산 0 0
한세실업 105630 기타비유동자산 11,029,559 36,426,792
한세실업 105630 사용권자산 0 0
한세실업 105630 이연법인세자산 6,273,586,796 6,212,024,171
한세실업 105630 자산총계 948,453,974,105 954,333,413,118
한세실업 105630 유동부채 379,040,006,309 408,570,652,708
한세실업 105630 단기매입채무 0 0
한세실업 105630 단기차입금 318,396,885,255 329,856,714,660
한세실업 105630 유동성장기차입금 0 0
한세실업 105630 유동성사채 0 0
한세실업 105630 기타유동금융부채 0 0
한세실업 105630 기타유동부채 8,421,587,749 7,349,292,433
한세실업 105630 당기법인세부채 9,033,261,038 9,054,108,862
한세실업 105630 유동리스부채 0 0
한세실업 105630 비유동부채 72,669,772,100 72,420,687,249
한세실업 105630 사채 0 0
한세실업 105630 장기차입금 50,000,000,000 50,000,000,000
한세실업 105630 기타비유동금융부채 0 0
한세실업 105630 이연법인세부채 0 0
한세실업 105630 비유동리스부채 0 0
한세실업 105630 부채총계 451,709,778,409 480,991,339,957
한세실업 105630 자본금 20,000,000,000 20,000,000,000
한세실업 105630 자본잉여금 0 0
한세실업 105630 자본조정 0 0
한세실업 105630 기타포괄손익누계액 0 0
한세실업 105630 이익잉여금(결손금) 0 0
한세실업 105630 자본총계 496,744,195,696 473,342,073,161
한세실업 105630 자본과부채총계 948,453,974,105 954,333,413,118
date : 2017-12-31
한세실업 105630 유동자산 636,832,392,464 571,862,485,512
한세실업 105630 현금및현금성자산 46,191,367,309 157,713,200,100
한세실업 105630 매출채권 및 기타유동채권
한세실업 105630 재고자산 128,597,760,874 140,104,252,407
한세실업 105630 기타유동금융자산 0 0
한세실업 105630 기타유동자산 28,174,362,933 38,740,012,479
한세실업 105630 매각예정비유동자산 0 0
한세실업 105630 비유동자산 282,984,538,485 382,470,927,606
한세실업 105630 장기금융상품 0 0
한세실업 105630 기타포괄손익-공정가치 0 0
한세실업 105630 당기손익인식공정가치측정금융자산 0 0
한세실업 105630 종속회사투자 0 0
한세실업 105630 관계회사투자 0 0
한세실업 105630 렌탈자산 0 0
한세실업 105630 유형자산 10,851,072,435 11,056,259,728
한세실업 105630 무형자산 697,132,586 711,696,037
한세실업 105630 기타비유동금융자산 0 0
한세실업 105630 기타비유동자산 2,722,295 36,426,792
한세실업 105630 사용권자산 0 0
한세실업 105630 이연법인세자산 2,255,651,294 6,212,024,171
한세실업 105630 자산총계 919,816,930,949 954,333,413,118
한세실업 105630 유동부채 355,395,670,319 408,570,652,708
한세실업 105630 단기매입채무 0 0
한세실업 105630 단기차입금 281,243,099,452 329,856,714,660
한세실업 105630 유동성장기차입금 0 0
한세실업 105630 유동성사채 0 0
한세실업 105630 기타유동금융부채 0 0
한세실업 105630 기타유동부채 7,398,092,019 7,349,292,433
한세실업 105630 당기법인세부채 11,212,839,171 9,054,108,862
한세실업 105630 유동리스부채 0 0
한세실업 105630 비유동부채 68,620,964,234 72,420,687,249
한세실업 105630 사채 0 0
한세실업 105630 장기차입금 50,000,000,000 50,000,000,000
한세실업 105630 기타비유동금융부채 0 0
한세실업 105630 이연법인세부채 0 0
한세실업 105630 비유동리스부채 0 0
한세실업 105630 부채총계 424,016,634,553 480,991,339,957
한세실업 105630 자본금 20,000,000,000 20,000,000,000
한세실업 105630 자본잉여금 0 0
한세실업 105630 자본조정 0 0
한세실업 105630 기타포괄손익누계액 0 0
한세실업 105630 이익잉여금(결손금) 0 0
한세실업 105630 자본총계 495,800,296,396 473,342,073,161
한세실업 105630 자본과부채총계 919,816,930,949 954,333,413,118
date : 2018-03-31
한세실업 105630 유동자산 608,163,934,990 636,832,392,464
한세실업 105630 현금및현금성자산 46,352,319,671 46,191,367,309
한세실업 105630 매출채권 및 기타유동채권
한세실업 105630 재고자산 110,747,085,946 128,597,760,874
한세실업 105630 기타유동금융자산 0 0
한세실업 105630 기타유동자산 36,449,624,779 28,174,362,933
한세실업 105630 매각예정비유동자산 0 0
한세실업 105630 비유동자산 243,574,937,888 282,984,538,485
한세실업 105630 장기금융상품 0 0
한세실업 105630 기타포괄손익-공정가치 0 0
한세실업 105630 당기손익인식공정가치측정금융자산 0 0
한세실업 105630 종속회사투자 0 0
한세실업 105630 관계회사투자 0 0
한세실업 105630 렌탈자산 0 0
한세실업 105630 유형자산 11,309,232,205 10,851,072,435
한세실업 105630 무형자산 669,265,210 697,132,586
한세실업 105630 기타비유동금융자산 0 0
한세실업 105630 기타비유동자산 2,274,386 2,722,295
한세실업 105630 사용권자산 0 0
한세실업 105630 이연법인세자산 2,915,798,358 2,255,651,294
한세실업 105630 자산총계 851,738,872,878 919,816,930,949
한세실업 105630 유동부채 307,406,845,689 355,395,670,319
한세실업 105630 단기매입채무 0 0
한세실업 105630 단기차입금 237,795,467,060 281,243,099,452
한세실업 105630 유동성장기차입금 0 0
한세실업 105630 유동성사채 0 0
한세실업 105630 기타유동금융부채 1,027,124,014 1,089,892,547
한세실업 105630 기타유동부채 7,446,374,847 7,398,092,019
한세실업 105630 당기법인세부채 6,206,532,176 11,212,839,171
한세실업 105630 유동리스부채 0 0
한세실업 105630 비유동부채 68,266,156,593 68,620,964,234
한세실업 105630 사채 0 0
한세실업 105630 장기차입금 50,000,000,000 50,000,000,000
한세실업 105630 기타비유동금융부채 0 0
한세실업 105630 이연법인세부채 0 0
한세실업 105630 비유동리스부채 0 0
한세실업 105630 부채총계 375,673,002,282 424,016,634,553
한세실업 105630 자본금 20,000,000,000 20,000,000,000
한세실업 105630 자본잉여금 0 0
한세실업 105630 자본조정 0 0
한세실업 105630 기타포괄손익누계액 0 0
한세실업 105630 이익잉여금(결손금) 0 0
한세실업 105630 자본총계 476,065,870,596 495,800,296,396
한세실업 105630 자본과부채총계 851,738,872,878 919,816,930,949
date : 2018-06-30
한세실업 105630 유동자산 662,183,609,517 636,832,392,464
한세실업 105630 현금및현금성자산 14,180,207,654 46,191,367,309
한세실업 105630 매출채권 및 기타채권
한세실업 105630 재고자산 161,852,196,016 128,597,760,874
한세실업 105630 기타유동금융자산 0 0
한세실업 105630 기타유동자산 43,498,289,311 28,174,362,933
한세실업 105630 매각예정비유동자산 0 0
한세실업 105630 비유동자산 246,836,643,220 282,984,538,485
한세실업 105630 장기금융상품 0 0
한세실업 105630 기타포괄손익-공정가치 0 0
한세실업 105630 당기손익인식공정가치측정금융자산 0 0
한세실업 105630 종속회사투자 0 0
한세실업 105630 관계회사투자 0 0
한세실업 105630 렌탈자산 0 0
한세실업 105630 유형자산 11,171,201,983 10,851,072,435
한세실업 105630 무형자산 665,727,101 697,132,586
한세실업 105630 기타비유동금융자산 0 0
한세실업 105630 기타비유동자산 1,821,499 2,722,295
한세실업 105630 사용권자산 0 0
한세실업 105630 이연법인세자산 6,371,969,649 2,255,651,294
한세실업 105630 자산총계 909,020,252,737 919,816,930,949
한세실업 105630 유동부채 375,095,280,263 355,395,670,319
한세실업 105630 단기매입채무 0 0
한세실업 105630 단기차입금 0 0
한세실업 105630 유동성장기차입금 0 0
한세실업 105630 유동성사채 0 0
한세실업 105630 기타유동금융부채 0 0
한세실업 105630 기타유동부채 8,216,106,197 7,398,092,019
한세실업 105630 당기법인세부채 11,212,839,171 355,395,670,319
한세실업 105630 유동리스부채 0 0
한세실업 105630 비유동부채 68,691,073,556 68,620,964,234
한세실업 105630 사채 0 0
한세실업 105630 장기차입금 50,000,000,000 50,000,000,000
한세실업 105630 기타비유동금융부채 0 0
한세실업 105630 이연법인세부채 0 0
한세실업 105630 비유동리스부채 0 0
한세실업 105630 부채총계 443,786,353,819 424,016,634,553
한세실업 105630 자본금 20,000,000,000 20,000,000,000
한세실업 105630 자본잉여금 0 0
한세실업 105630 자본조정 0 0
한세실업 105630 기타포괄손익누계액 0 0
한세실업 105630 이익잉여금(결손금) 415,224,764,775 435,985,074,339
한세실업 105630 자본총계 465,233,898,918 495,800,296,396
한세실업 105630 자본과부채총계 909,020,252,737 919,816,930,949
date : 2018-09-30
한세실업 105630 유동자산 698,120,994,367 636,832,392,464
한세실업 105630 현금및현금성자산 45,216,712,116 46,191,367,309
한세실업 105630 매출채권 및 기타채권
한세실업 105630 재고자산 126,027,698,337 128,597,760,874
한세실업 105630 기타유동금융자산 0 0
한세실업 105630 기타유동자산 35,752,140,389 28,174,362,933
한세실업 105630 매각예정비유동자산 0 0
한세실업 105630 비유동자산 258,398,538,296 282,984,538,485
한세실업 105630 장기금융상품 0 0
한세실업 105630 기타포괄손익-공정가치 0 0
한세실업 105630 당기손익인식공정가치측정금융자산 0 0
한세실업 105630 종속회사투자 0 0
한세실업 105630 관계회사투자 0 0
한세실업 105630 렌탈자산 0 0
한세실업 105630 유형자산 10,960,056,796 10,851,072,435
한세실업 105630 무형자산 623,859,530 697,132,586
한세실업 105630 기타비유동금융자산 0 0
한세실업 105630 기타비유동자산 1,363,636 2,722,295
한세실업 105630 사용권자산 0 0
한세실업 105630 이연법인세자산 2,386,191,964 2,255,651,294
한세실업 105630 자산총계 956,519,532,663 919,816,930,949
한세실업 105630 유동부채 459,290,331,300 355,395,670,319
한세실업 105630 단기매입채무 0 0
한세실업 105630 단기차입금 0 0
한세실업 105630 유동성장기차입금 0 0
한세실업 105630 유동성사채 0 0
한세실업 105630 기타유동금융부채 0 0
한세실업 105630 기타유동부채 8,132,800,945 7,398,092,019
한세실업 105630 당기법인세부채 11,212,839,171 355,395,670,319
한세실업 105630 유동리스부채 0 0
한세실업 105630 비유동부채 19,542,620,613 68,620,964,234
한세실업 105630 사채 0 0
한세실업 105630 장기차입금 50,000,000,000 68,620,964,234
한세실업 105630 기타비유동금융부채 0 0
한세실업 105630 이연법인세부채 0 0
한세실업 105630 비유동리스부채 0 0
한세실업 105630 부채총계 478,832,951,913 424,016,634,553
한세실업 105630 자본금 20,000,000,000 20,000,000,000
한세실업 105630 자본잉여금 0 0
한세실업 105630 자본조정 0 0
한세실업 105630 기타포괄손익누계액 0 0
한세실업 105630 이익잉여금(결손금) 427,877,033,880 435,985,074,339
한세실업 105630 자본총계 477,686,580,750 495,800,296,396
한세실업 105630 자본과부채총계 956,519,532,663 919,816,930,949
date : 2018-12-31
한세실업 105630 유동자산 622,033,483,287 636,832,392,464
한세실업 105630 현금및현금성자산 15,089,480,299 46,191,367,309
한세실업 105630 매출채권 및 기타채권
한세실업 105630 재고자산 155,472,217,641 128,597,760,874
한세실업 105630 기타유동금융자산 0 0
한세실업 105630 기타유동자산 44,595,055,993 28,174,362,933
한세실업 105630 매각예정비유동자산 0 0
한세실업 105630 비유동자산 228,853,370,442 282,984,538,485
한세실업 105630 장기금융상품 0 0
한세실업 105630 기타포괄손익-공정가치 0 0
한세실업 105630 당기손익인식공정가치측정금융자산 0 0
한세실업 105630 종속회사투자 0 0
한세실업 105630 관계회사투자 0 0
한세실업 105630 렌탈자산 0 0
한세실업 105630 유형자산 10,718,948,057 10,851,072,435
한세실업 105630 무형자산 578,624,616 697,132,586
한세실업 105630 기타비유동금융자산 0 0
한세실업 105630 기타비유동자산 905,772 2,722,295
한세실업 105630 사용권자산 0 0
한세실업 105630 이연법인세자산 7,584,895,366 2,255,651,294
한세실업 105630 자산총계 850,886,853,729 919,816,930,949
한세실업 105630 유동부채 422,494,316,884 355,395,670,319
한세실업 105630 단기매입채무 0 0
한세실업 105630 단기차입금 0 0
한세실업 105630 유동성장기차입금 0 0
한세실업 105630 유동성사채 0 0
한세실업 105630 기타유동금융부채 0 0
한세실업 105630 기타유동부채 8,111,713,352 7,398,092,019
한세실업 105630 당기법인세부채 5,056,421,489 11,212,839,171
한세실업 105630 유동리스부채 0 0
한세실업 105630 비유동부채 18,662,790,610 68,620,964,234
한세실업 105630 사채 0 0
한세실업 105630 장기차입금 50,000,000,000 50,000,000,000
한세실업 105630 기타비유동금융부채 0 0
한세실업 105630 이연법인세부채 0 0
한세실업 105630 비유동리스부채 0 0
한세실업 105630 부채총계 441,157,107,494 424,016,634,553
한세실업 105630 자본금 20,000,000,000 20,000,000,000
한세실업 105630 자본잉여금 0 0
한세실업 105630 자본조정 0 0
한세실업 105630 기타포괄손익누계액 0 0
한세실업 105630 이익잉여금(결손금) 360,578,994,824 435,985,074,339
한세실업 105630 자본총계 409,729,746,235 495,800,296,396
한세실업 105630 자본과부채총계 850,886,853,729 919,816,930,949
date : 2019-03-31
한세실업 105630 유동자산 550,298,256,041 622,033,483,287
한세실업 105630 현금및현금성자산 23,672,273,495 15,089,480,299
한세실업 105630 매출채권 및 기타채권
한세실업 105630 재고자산 150,140,751,701 155,472,217,641
한세실업 105630 기타유동금융자산 0 0
한세실업 105630 기타유동자산 50,178,249,015 44,595,055,993
한세실업 105630 매각예정비유동자산 0 0
한세실업 105630 비유동자산 275,120,739,505 228,853,370,442
한세실업 105630 장기금융상품 0 0
한세실업 105630 기타포괄손익-공정가치 0 0
한세실업 105630 당기손익인식공정가치측정금융자산 0 0
한세실업 105630 종속회사투자 0 0
한세실업 105630 관계회사투자 0 0
한세실업 105630 렌탈자산 0 0
한세실업 105630 유형자산 10,511,960,209 10,718,948,057
한세실업 105630 무형자산 518,831,404 578,624,616
한세실업 105630 기타비유동금융자산 0 0
한세실업 105630 기타비유동자산 13,106,007 905,772
한세실업 105630 사용권자산 2,027,885,447 10,718,948,057
한세실업 105630 이연법인세자산 5,671,198,272 7,584,895,366
한세실업 105630 자산총계 825,418,995,546 850,886,853,729
한세실업 105630 유동부채 401,773,341,727 422,494,316,884
한세실업 105630 단기매입채무 0 0
한세실업 105630 단기차입금 0 0
한세실업 105630 유동성장기차입금 0 0
한세실업 105630 유동성사채 0 0
한세실업 105630 기타유동금융부채 0 0
한세실업 105630 기타유동부채 7,007,875,619 8,111,713,352
한세실업 105630 당기법인세부채 5,139,982,566 5,056,421,489
한세실업 105630 유동리스부채 0 0
한세실업 105630 비유동부채 19,802,627,939 18,662,790,610
한세실업 105630 사채 0 0
한세실업 105630 장기차입금 0 0
한세실업 105630 기타비유동금융부채 0 0
한세실업 105630 이연법인세부채 0 0
한세실업 105630 비유동리스부채 0 0
한세실업 105630 부채총계 421,575,969,666 441,157,107,494
한세실업 105630 자본금 20,000,000,000 20,000,000,000
한세실업 105630 자본잉여금 0 0
한세실업 105630 자본조정 0 0
한세실업 105630 기타포괄손익누계액 0 0
한세실업 105630 이익잉여금(결손금) 354,397,959,963 360,578,994,824
한세실업 105630 자본총계 403,843,025,880 409,729,746,235
한세실업 105630 자본과부채총계 825,418,995,546 850,886,853,729
