date : 2015-12-31
우진 105840 유동자산 75,082,807,088 45,386,249,613
우진 105840 현금및현금성자산 29,331,011,707 913,258,083
우진 105840 매출채권 18,895,533,720 22,269,076,137
우진 105840 재고자산 19,009,077,953 18,750,680,943
우진 105840 기타유동금융자산 915,734,394 183,082,091
우진 105840 기타유동자산 6,734,737,260 3,061,113,874
우진 105840 매각예정비유동자산 0 0
우진 105840 비유동자산 70,747,234,981 79,208,935,783
우진 105840 장기금융상품 0 0
우진 105840 기타포괄손익-공정가치 0 0
우진 105840 당기손익인식공정가치측정금융자산 0 0
우진 105840 종속회사투자 0 0
우진 105840 관계회사투자 0 0
우진 105840 렌탈자산 0 0
우진 105840 유형자산 35,464,924,490 34,781,048,165
우진 105840 무형자산 754,453,976 2,538,773,484
우진 105840 기타비유동금융자산 2,716,487,698 4,879,249,794
우진 105840 기타비유동자산 0 0
우진 105840 사용권자산 0 0
우진 105840 이연법인세자산 0 0
우진 105840 자산총계 145,830,042,069 124,595,185,396
우진 105840 유동부채 32,027,778,920 27,320,524,208
우진 105840 단기매입채무 0 0
우진 105840 단기차입금 15,000,000,000 13,285,175,026
우진 105840 유동성장기차입금 3,185,380,000 2,151,960,000
우진 105840 유동성사채 0 0
우진 105840 기타유동금융부채 1,665,482,320 2,062,372,238
우진 105840 기타유동부채 1,866,921,678 4,436,317,710
우진 105840 당기법인세부채 6,726,216,316 526,346,983
우진 105840 유동리스부채 0 0
우진 105840 비유동부채 6,585,028,603 6,321,804,213
우진 105840 사채 0 0
우진 105840 장기차입금 5,064,000,000 5,249,380,000
우진 105840 기타비유동금융부채 818,022,230 874,556,583
우진 105840 이연법인세부채 403,920,196 197,867,630
우진 105840 비유동리스부채 0 0
우진 105840 부채총계 38,612,807,523 33,642,328,421
우진 105840 자본금 8,680,000,000 8,680,000,000
우진 105840 자본잉여금 0 0
우진 105840 자본조정 0 0
우진 105840 기타포괄손익누계액 0 0
우진 105840 이익잉여금(결손금) 0 0
우진 105840 자본총계 107,217,234,546 90,952,856,975
우진 105840 자본과부채총계 145,830,042,069 124,595,185,396
date : 2016-03-31
우진 105840 유동자산 65,726,852,387 75,082,807,088
우진 105840 현금및현금성자산 23,040,371,616 29,331,011,707
우진 105840 매출채권 15,363,548,565 18,895,533,720
우진 105840 재고자산 19,146,200,869 19,009,077,953
우진 105840 기타유동금융자산 954,510,954 915,734,394
우진 105840 기타유동자산 7,217,617,806 6,734,737,260
우진 105840 매각예정비유동자산 0 0
우진 105840 비유동자산 70,491,962,163 70,747,234,981
우진 105840 장기금융상품 0 0
우진 105840 기타포괄손익-공정가치 0 0
우진 105840 당기손익인식공정가치측정금융자산 0 0
우진 105840 종속회사투자 0 0
우진 105840 관계회사투자 0 0
우진 105840 렌탈자산 0 0
우진 105840 유형자산 35,079,146,962 35,464,924,490
우진 105840 무형자산 750,933,529 754,453,976
우진 105840 기타비유동금융자산 2,679,843,213 2,716,487,698
우진 105840 기타비유동자산 0 0
우진 105840 사용권자산 0 0
우진 105840 이연법인세자산 0 0
우진 105840 자산총계 136,218,814,550 145,830,042,069
우진 105840 유동부채 29,825,541,139 32,027,778,920
우진 105840 단기매입채무 0 0
우진 105840 단기차입금 16,000,000,000 15,000,000,000
우진 105840 유동성장기차입금 1,735,390,000 3,185,380,000
우진 105840 유동성사채 0 0
우진 105840 기타유동금융부채 1,482,489,045 1,665,482,320
우진 105840 기타유동부채 4,785,117,049 1,866,921,678
우진 105840 당기법인세부채 3,692,347,708 6,726,216,316
우진 105840 유동리스부채 0 0
우진 105840 비유동부채 4,577,190,661 6,585,028,603
우진 105840 사채 0 0
우진 105840 장기차입금 2,976,000,000 5,064,000,000
우진 105840 기타비유동금융부채 898,184,288 818,022,230
우진 105840 이연법인세부채 403,920,196 403,920,196
우진 105840 비유동리스부채 0 0
우진 105840 부채총계 34,402,731,800 38,612,807,523
우진 105840 자본금 8,680,000,000 8,680,000,000
우진 105840 자본잉여금 0 0
우진 105840 자본조정 0 0
우진 105840 기타포괄손익누계액 0 0
우진 105840 이익잉여금(결손금) 0 0
우진 105840 자본총계 101,816,082,750 107,217,234,546
우진 105840 자본과부채총계 136,218,814,550 145,830,042,069
date : 2016-06-30
우진 105840 유동자산 47,972,569,800 75,082,807,088
우진 105840 현금및현금성자산 1,132,760,281 29,331,011,707
우진 105840 매출채권 16,474,793,815 18,895,533,720
우진 105840 재고자산 22,316,004,045 19,009,077,953
우진 105840 기타유동금융자산 2,450,833,360 915,734,394
우진 105840 기타유동자산 5,597,797,682 6,734,737,260
우진 105840 매각예정비유동자산 0 0
우진 105840 비유동자산 74,667,746,863 70,747,234,981
우진 105840 장기금융상품 0 0
우진 105840 기타포괄손익-공정가치 0 0
우진 105840 당기손익인식공정가치측정금융자산 0 0
우진 105840 종속회사투자 0 0
우진 105840 관계회사투자 0 0
우진 105840 렌탈자산 0 0
우진 105840 유형자산 35,456,241,162 35,464,924,490
우진 105840 무형자산 758,926,847 754,453,976
우진 105840 기타비유동금융자산 425,111,728 2,716,487,698
우진 105840 기타비유동자산 0 0
우진 105840 사용권자산 0 0
우진 105840 이연법인세자산 0 0
우진 105840 자산총계 122,640,316,663 145,830,042,069
우진 105840 유동부채 19,584,146,535 32,027,778,920
우진 105840 단기매입채무 0 0
우진 105840 단기차입금 10,000,000,000 15,000,000,000
우진 105840 유동성장기차입금 1,485,400,000 3,185,380,000
우진 105840 유동성사채 0 0
우진 105840 기타유동금융부채 1,834,473,648 1,665,482,320
우진 105840 기타유동부채 2,698,721,747 1,866,921,678
우진 105840 당기법인세부채 0 6,726,216,316
우진 105840 유동리스부채 0 0
우진 105840 비유동부채 4,151,544,013 6,585,028,603
우진 105840 사채 0 0
우진 105840 장기차입금 2,688,000,000 5,064,000,000
우진 105840 기타비유동금융부채 1,080,983,097 818,022,230
우진 105840 이연법인세부채 83,474,739 403,920,196
우진 105840 비유동리스부채 0 0
우진 105840 부채총계 23,735,690,548 38,612,807,523
우진 105840 자본금 8,680,000,000 8,680,000,000
우진 105840 자본잉여금 0 0
우진 105840 자본조정 0 0
우진 105840 기타포괄손익누계액 0 0
우진 105840 이익잉여금(결손금) 0 0
우진 105840 자본총계 98,904,626,115 107,217,234,546
우진 105840 자본과부채총계 122,640,316,663 145,830,042,069
date : 2016-09-30
우진 105840 유동자산 47,235,428,882 75,082,807,088
우진 105840 현금및현금성자산 5,976,886,601 29,331,011,707
우진 105840 매출채권 12,239,242,593 18,895,533,720
우진 105840 재고자산 21,581,201,244 19,009,077,953
우진 105840 기타유동금융자산 2,330,877,299 915,734,394
우진 105840 기타유동자산 5,107,221,145 6,734,737,260
우진 105840 매각예정비유동자산 0 0
우진 105840 비유동자산 74,946,581,351 70,747,234,981
우진 105840 장기금융상품 0 0
우진 105840 기타포괄손익-공정가치 0 0
우진 105840 당기손익인식공정가치측정금융자산 0 0
우진 105840 종속회사투자 0 0
우진 105840 관계회사투자 0 0
우진 105840 렌탈자산 0 0
우진 105840 유형자산 35,257,762,923 35,464,924,490
우진 105840 무형자산 760,858,593 754,453,976
우진 105840 기타비유동금융자산 904,164,243 2,716,487,698
우진 105840 기타비유동자산 0 0
우진 105840 사용권자산 0 0
우진 105840 이연법인세자산 0 0
우진 105840 자산총계 122,182,010,233 145,830,042,069
우진 105840 유동부채 20,489,623,810 32,027,778,920
우진 105840 단기매입채무 0 0
우진 105840 단기차입금 13,146,420,670 15,000,000,000
우진 105840 유동성장기차입금 1,235,410,000 3,185,380,000
우진 105840 유동성사채 0 0
우진 105840 기타유동금융부채 1,863,038,654 1,665,482,320
우진 105840 기타유동부채 2,004,262,604 1,866,921,678
우진 105840 당기법인세부채 0 6,726,216,316
우진 105840 유동리스부채 0 0
우진 105840 비유동부채 3,648,037,901 6,585,028,603
우진 105840 사채 0 0
우진 105840 장기차입금 2,400,000,000 5,064,000,000
우진 105840 기타비유동금융부채 865,476,985 818,022,230
우진 105840 이연법인세부채 83,474,739 403,920,196
우진 105840 비유동리스부채 0 0
우진 105840 부채총계 24,137,661,711 38,612,807,523
우진 105840 자본금 8,680,000,000 8,680,000,000
우진 105840 자본잉여금 0 0
우진 105840 자본조정 0 0
우진 105840 기타포괄손익누계액 0 0
우진 105840 이익잉여금(결손금) 0 0
우진 105840 자본총계 98,044,348,522 107,217,234,546
우진 105840 자본과부채총계 122,182,010,233 145,830,042,069
date : 2016-12-31
우진 105840 유동자산 56,819,886,082 74,592,174,158
우진 105840 현금및현금성자산 4,195,190,064 29,331,011,707
우진 105840 매출채권 24,356,388,984 18,404,900,790
우진 105840 재고자산 19,600,467,479 19,009,077,953
우진 105840 기타유동금융자산 4,792,440,916 915,734,394
우진 105840 기타유동자산 3,873,557,831 6,734,737,260
우진 105840 매각예정비유동자산 0 0
우진 105840 비유동자산 75,435,624,723 70,747,234,981
우진 105840 장기금융상품 0 0
우진 105840 기타포괄손익-공정가치 0 0
우진 105840 당기손익인식공정가치측정금융자산 0 0
우진 105840 종속회사투자 0 0
우진 105840 관계회사투자 0 0
우진 105840 렌탈자산 0 0
우진 105840 유형자산 35,542,194,010 35,464,924,490
우진 105840 무형자산 747,432,562 754,453,976
우진 105840 기타비유동금융자산 901,019,758 2,716,487,698
우진 105840 기타비유동자산 0 0
우진 105840 사용권자산 0 0
우진 105840 이연법인세자산 29,858,883 0
우진 105840 자산총계 132,255,510,805 145,339,409,139
우진 105840 유동부채 25,100,693,824 32,027,778,920
우진 105840 단기매입채무 0 0
우진 105840 단기차입금 13,000,000,000 15,000,000,000
우진 105840 유동성장기차입금 1,152,000,000 3,185,380,000
우진 105840 유동성사채 0 0
우진 105840 기타유동금융부채 1,522,537,745 1,665,482,320
우진 105840 기타유동부채 3,105,660,874 1,866,921,678
우진 105840 당기법인세부채 263,648,739 6,726,216,316
우진 105840 유동리스부채 0 0
우진 105840 비유동부채 2,567,991,847 6,477,089,358
우진 105840 사채 0 0
우진 105840 장기차입금 2,112,000,000 5,064,000,000
우진 105840 기타비유동금융부채 156,905,670 818,022,230
우진 105840 이연법인세부채 0 295,980,951
우진 105840 비유동리스부채 0 0
우진 105840 부채총계 27,668,685,671 38,504,868,278
우진 105840 자본금 8,680,000,000 8,680,000,000
우진 105840 자본잉여금 0 0
우진 105840 자본조정 0 0
우진 105840 기타포괄손익누계액 0 0
우진 105840 이익잉여금(결손금) 0 0
우진 105840 자본총계 104,586,825,134 106,834,540,861
우진 105840 자본과부채총계 132,255,510,805 145,339,409,139
date : 2017-03-31
우진 105840 유동자산 52,674,059,827 56,819,886,082
우진 105840 현금및현금성자산 5,658,152,983 4,195,190,064
우진 105840 매출채권 20,240,175,254 24,356,388,984
우진 105840 재고자산 18,097,075,529 19,600,467,479
우진 105840 기타유동금융자산 5,069,878,625 4,792,440,916
우진 105840 기타유동자산 3,606,936,628 3,873,557,831
우진 105840 매각예정비유동자산 0 0
우진 105840 비유동자산 108,845,034,683 75,435,624,723
우진 105840 장기금융상품 0 0
우진 105840 기타포괄손익-공정가치 0 0
우진 105840 당기손익인식공정가치측정금융자산 0 0
우진 105840 종속회사투자 0 0
우진 105840 관계회사투자 0 0
우진 105840 렌탈자산 0 0
우진 105840 유형자산 65,116,140,695 35,542,194,010
우진 105840 무형자산 741,576,508 747,432,562
우진 105840 기타비유동금융자산 884,696,874 901,019,758
우진 105840 기타비유동자산 0 0
우진 105840 사용권자산 0 0
우진 105840 이연법인세자산 29,858,883 29,858,883
우진 105840 자산총계 161,519,094,510 132,255,510,805
우진 105840 유동부채 27,204,401,541 25,100,693,824
우진 105840 단기매입채무 0 0
우진 105840 단기차입금 13,000,000,000 13,000,000,000
우진 105840 유동성장기차입금 1,152,000,000 1,152,000,000
우진 105840 유동성사채 0 0
우진 105840 기타유동금융부채 1,371,063,157 1,522,537,745
우진 105840 기타유동부채 8,542,495,590 3,105,660,874
우진 105840 당기법인세부채 177,940,000 263,648,739
우진 105840 유동리스부채 0 0
우진 105840 비유동부채 8,826,693,550 2,567,991,847
우진 105840 사채 0 0
우진 105840 장기차입금 1,824,000,000 2,112,000,000
우진 105840 기타비유동금융부채 153,858,396 156,905,670
우진 105840 이연법인세부채 6,549,748,977 0
우진 105840 비유동리스부채 0 0
우진 105840 부채총계 36,031,095,091 27,668,685,671
우진 105840 자본금 8,680,000,000 8,680,000,000
우진 105840 자본잉여금 0 0
우진 105840 자본조정 0 0
우진 105840 기타포괄손익누계액 0 0
우진 105840 이익잉여금(결손금) 0 0
우진 105840 자본총계 125,487,999,419 104,586,825,134
우진 105840 자본과부채총계 161,519,094,510 132,255,510,805
date : 2017-06-30
우진 105840 유동자산 43,172,704,721 56,819,886,082
우진 105840 현금및현금성자산 3,950,871,154 4,195,190,064
우진 105840 매출채권 11,728,730,173 24,356,388,984
우진 105840 재고자산 18,712,679,389 19,600,467,479
우진 105840 기타유동금융자산 5,902,699,301 4,792,440,916
우진 105840 기타유동자산 2,875,883,896 3,873,557,831
우진 105840 매각예정비유동자산 0 0
우진 105840 비유동자산 108,430,011,325 75,435,624,723
우진 105840 장기금융상품 0 0
우진 105840 기타포괄손익-공정가치 0 0
우진 105840 당기손익인식공정가치측정금융자산 0 0
우진 105840 종속회사투자 0 0
우진 105840 관계회사투자 0 0
우진 105840 렌탈자산 0 0
우진 105840 유형자산 65,291,418,134 35,542,194,010
우진 105840 무형자산 736,256,300 747,432,562
우진 105840 기타비유동금융자산 360,749,989 901,019,758
우진 105840 기타비유동자산 0 0
우진 105840 사용권자산 0 0
우진 105840 이연법인세자산 29,858,883 29,858,883
우진 105840 자산총계 151,602,716,046 132,255,510,805
우진 105840 유동부채 20,923,095,599 25,100,693,824
우진 105840 단기매입채무 0 0
우진 105840 단기차입금 13,000,000,000 13,000,000,000
우진 105840 유동성장기차입금 1,152,000,000 1,152,000,000
우진 105840 유동성사채 0 0
우진 105840 기타유동금융부채 1,765,964,516 1,522,537,745
우진 105840 기타유동부채 1,621,319,238 3,105,660,874
우진 105840 당기법인세부채 56,607,301 263,648,739
우진 105840 유동리스부채 0 0
우진 105840 비유동부채 8,554,757,494 2,567,991,847
우진 105840 사채 0 0
우진 105840 장기차입금 1,536,000,000 2,112,000,000
우진 105840 기타비유동금융부채 169,922,340 156,905,670
우진 105840 이연법인세부채 6,549,748,977 0
우진 105840 비유동리스부채 0 0
우진 105840 부채총계 29,477,853,093 27,668,685,671
우진 105840 자본금 8,680,000,000 8,680,000,000
우진 105840 자본잉여금 0 0
우진 105840 자본조정 0 0
우진 105840 기타포괄손익누계액 0 0
우진 105840 이익잉여금(결손금) 0 0
우진 105840 자본총계 122,124,862,953 104,586,825,134
우진 105840 자본과부채총계 151,602,716,046 132,255,510,805
date : 2017-09-30
우진 105840 유동자산 48,612,358,420 56,819,886,082
우진 105840 현금및현금성자산 10,742,896,463 4,195,190,064
우진 105840 매출채권 14,299,310,308 24,356,388,984
우진 105840 재고자산 13,750,891,519 19,600,467,479
우진 105840 기타유동금융자산 6,894,544,979 4,792,440,916
우진 105840 기타유동자산 2,922,874,343 3,873,557,831
우진 105840 매각예정비유동자산 0 0
우진 105840 비유동자산 114,099,097,555 75,435,624,723
우진 105840 장기금융상품 0 0
우진 105840 기타포괄손익-공정가치 0 0
우진 105840 당기손익인식공정가치측정금융자산 0 0
우진 105840 종속회사투자 0 0
우진 105840 관계회사투자 0 0
우진 105840 렌탈자산 0 0
우진 105840 유형자산 64,701,747,414 35,542,194,010
우진 105840 무형자산 727,716,894 747,432,562
우진 105840 기타비유동금융자산 344,427,105 901,019,758
우진 105840 기타비유동자산 0 0
우진 105840 사용권자산 0 0
우진 105840 이연법인세자산 29,858,883 29,858,883
우진 105840 자산총계 162,711,455,975 132,255,510,805
우진 105840 유동부채 21,092,069,608 25,100,693,824
우진 105840 단기매입채무 0 0
우진 105840 단기차입금 13,000,000,000 13,000,000,000
우진 105840 유동성장기차입금 1,152,000,000 1,152,000,000
우진 105840 유동성사채 0 0
우진 105840 기타유동금융부채 1,564,774,269 1,522,537,745
우진 105840 기타유동부채 3,698,509,037 3,105,660,874
우진 105840 당기법인세부채 56,607,301 263,648,739
우진 105840 유동리스부채 0 0
우진 105840 비유동부채 18,263,206,608 2,567,991,847
우진 105840 사채 0 0
우진 105840 장기차입금 1,248,000,000 2,112,000,000
우진 105840 기타비유동금융부채 148,980,149 156,905,670
우진 105840 이연법인세부채 6,549,748,977 0
우진 105840 비유동리스부채 0 0
우진 105840 부채총계 39,355,276,216 27,668,685,671
우진 105840 자본금 8,680,000,000 8,680,000,000
우진 105840 자본잉여금 39,755,048,692 39,755,048,692
우진 105840 자본조정 0 0
우진 105840 기타포괄손익누계액 23,264,147,148 24,218,064
우진 105840 이익잉여금(결손금) 54,480,862,509 56,127,558,378
우진 105840 자본총계 123,356,179,759 104,586,825,134
우진 105840 자본과부채총계 162,711,455,975 132,255,510,805
date : 2017-12-31
우진 105840 유동자산 40,304,306,357 56,819,886,082
우진 105840 현금및현금성자산 12,523,316,148 4,195,190,064
우진 105840 매출채권 6,584,244,356 24,356,388,984
우진 105840 재고자산 15,314,049,462 19,600,467,479
우진 105840 기타유동금융자산 3,076,446,150 4,792,440,916
우진 105840 기타유동자산 2,806,250,241 3,873,557,831
우진 105840 매각예정비유동자산 0 0
우진 105840 비유동자산 100,557,239,884 75,435,624,723
우진 105840 장기금융상품 0 0
우진 105840 기타포괄손익-공정가치 0 0
우진 105840 당기손익인식공정가치측정금융자산 0 0
우진 105840 종속회사투자 0 0
우진 105840 관계회사투자 0 0
우진 105840 렌탈자산 0 0
우진 105840 유형자산 64,477,947,828 35,542,194,010
우진 105840 무형자산 715,452,365 747,432,562
우진 105840 기타비유동금융자산 343,110,220 901,019,758
우진 105840 기타비유동자산 0 0
우진 105840 사용권자산 0 0
우진 105840 이연법인세자산 0 29,858,883
우진 105840 자산총계 140,861,546,241 132,255,510,805
우진 105840 유동부채 20,670,258,661 25,100,693,824
우진 105840 단기매입채무 0 0
우진 105840 단기차입금 13,000,000,000 13,000,000,000
우진 105840 유동성장기차입금 1,152,000,000 1,152,000,000
우진 105840 유동성사채 0 0
우진 105840 기타유동금융부채 1,118,694,655 1,522,537,745
우진 105840 기타유동부채 1,781,088,660 3,105,660,874
우진 105840 당기법인세부채 0 263,648,739
우진 105840 유동리스부채 0 0
우진 105840 비유동부채 14,040,472,383 2,567,991,847
우진 105840 사채 0 0
우진 105840 장기차입금 960,000,000 2,112,000,000
우진 105840 기타비유동금융부채 153,176,517 156,905,670
우진 105840 이연법인세부채 2,560,495,403 0
우진 105840 비유동리스부채 0 0
우진 105840 부채총계 34,710,731,044 27,668,685,671
우진 105840 자본금 8,680,000,000 8,680,000,000
우진 105840 자본잉여금 39,755,048,692 39,755,048,692
우진 105840 자본조정 0 0
우진 105840 기타포괄손익누계액 0 0
우진 105840 이익잉여금(결손금) 37,275,497,947 56,127,558,378
우진 105840 자본총계 106,150,815,197 104,586,825,134
우진 105840 자본과부채총계 140,861,546,241 132,255,510,805
date : 2018-03-31
우진 105840 유동자산 37,404,024,811 40,304,306,357
우진 105840 현금및현금성자산 9,968,855,677 12,523,316,148
우진 105840 매출채권 7,654,923,239 6,584,244,356
우진 105840 재고자산 14,936,535,543 15,314,049,462
우진 105840 기타유동금융자산 2,574,137,172 3,076,446,150
우진 105840 기타유동자산 2,269,573,180 2,806,250,241
우진 105840 매각예정비유동자산 0 0
우진 105840 비유동자산 102,325,758,904 100,557,239,884
우진 105840 장기금융상품 0 0
우진 105840 기타포괄손익-공정가치 0 0
우진 105840 당기손익인식공정가치측정금융자산 0 0
우진 105840 종속회사투자 0 0
우진 105840 관계회사투자 0 0
우진 105840 렌탈자산 0 0
우진 105840 유형자산 67,781,008,468 64,477,947,828
우진 105840 무형자산 1,573,980,693 715,452,365
우진 105840 기타비유동금융자산 466,396,920 343,110,220
우진 105840 기타비유동자산 0 0
우진 105840 사용권자산 0 0
우진 105840 이연법인세자산 0 0
우진 105840 자산총계 139,729,783,715 140,861,546,241
우진 105840 유동부채 6,556,589,737 20,670,258,661
우진 105840 단기매입채무 0 0
우진 105840 단기차입금 0 13,000,000,000
우진 105840 유동성장기차입금 1,152,000,000 1,152,000,000
우진 105840 유동성사채 0 0
우진 105840 기타유동금융부채 1,109,541,213 1,118,694,655
우진 105840 기타유동부채 2,150,886,489 1,781,088,660
우진 105840 당기법인세부채 0 0
우진 105840 유동리스부채 0 0
우진 105840 비유동부채 27,314,067,944 14,040,472,383
우진 105840 사채 0 0
우진 105840 장기차입금 13,672,000,000 960,000,000
우진 105840 기타비유동금융부채 157,044,381 153,176,517
우진 105840 이연법인세부채 3,068,080,862 2,560,495,403
우진 105840 비유동리스부채 0 0
우진 105840 부채총계 33,870,657,681 34,710,731,044
우진 105840 자본금 8,680,000,000 8,680,000,000
우진 105840 자본잉여금 0 0
우진 105840 자본조정 0 0
우진 105840 기타포괄손익누계액 0 0
우진 105840 이익잉여금(결손금) 35,164,628,809 37,275,497,947
우진 105840 자본총계 105,859,126,034 106,150,815,197
우진 105840 자본과부채총계 139,729,783,715 140,861,546,241
date : 2018-06-30
우진 105840 유동자산 38,615,355,139 40,304,306,357
우진 105840 현금및현금성자산 915,298,852 12,523,316,148
우진 105840 매출채권 11,775,923,559 6,584,244,356
우진 105840 재고자산 15,199,539,830 15,314,049,462
우진 105840 기타유동금융자산 7,129,805,099 3,076,446,150
우진 105840 기타유동자산 3,593,818,945 2,806,250,241
우진 105840 매각예정비유동자산 0 0
우진 105840 비유동자산 132,233,223,916 100,557,239,884
우진 105840 장기금융상품 0 0
우진 105840 기타포괄손익-공정가치 0 0
우진 105840 당기손익인식공정가치측정금융자산 0 0
우진 105840 종속회사투자 0 0
우진 105840 관계회사투자 0 0
우진 105840 렌탈자산 0 0
우진 105840 유형자산 64,499,833,513 64,477,947,828
우진 105840 무형자산 975,828,301 715,452,365
우진 105840 기타비유동금융자산 315,740,200 343,110,220
우진 105840 기타비유동자산 0 0
우진 105840 사용권자산 0 0
우진 105840 이연법인세자산 0 0
우진 105840 자산총계 170,848,579,055 140,861,546,241
우진 105840 유동부채 15,225,098,617 20,670,258,661
우진 105840 단기매입채무 0 0
우진 105840 단기차입금 6,477,840,681 13,000,000,000
우진 105840 유동성장기차입금 1,152,000,000 1,152,000,000
우진 105840 유동성사채 0 0
우진 105840 기타유동금융부채 1,036,195,447 1,118,694,655
우진 105840 기타유동부채 1,544,523,306 1,781,088,660
우진 105840 당기법인세부채 0 0
우진 105840 유동리스부채 0 0
우진 105840 비유동부채 47,583,452,434 14,040,472,383
우진 105840 사채 0 0
우진 105840 장기차입금 24,764,000,000 960,000,000
우진 105840 기타비유동금융부채 170,387,176 153,176,517
우진 105840 이연법인세부채 3,031,152,499 2,560,495,403
우진 105840 비유동리스부채 0 0
우진 105840 부채총계 62,808,551,051 34,710,731,044
우진 105840 자본금 8,680,000,000 8,680,000,000
우진 105840 자본잉여금 39,198,399,986 39,755,048,692
우진 105840 자본조정 0 0
우진 105840 기타포괄손익누계액 0 0
우진 105840 이익잉여금(결손금) 37,507,037,284 37,275,497,947
우진 105840 자본총계 108,040,028,004 106,150,815,197
우진 105840 자본과부채총계 170,848,579,055 140,861,546,241
date : 2018-09-30
우진 105840 유동자산 39,844,388,100 40,304,306,357
우진 105840 현금및현금성자산 8,821,671,405 12,523,316,148
우진 105840 매출채권 7,348,729,124 6,584,244,356
우진 105840 재고자산 11,266,073,416 15,314,049,462
우진 105840 기타유동금융자산 7,225,006,033 3,076,446,150
우진 105840 기타유동자산 5,182,908,122 2,806,250,241
우진 105840 매각예정비유동자산 0 0
우진 105840 비유동자산 136,435,427,253 100,557,239,884
우진 105840 장기금융상품 0 0
우진 105840 기타포괄손익-공정가치 0 0
우진 105840 당기손익인식공정가치측정금융자산 0 0
우진 105840 종속회사투자 0 0
우진 105840 관계회사투자 0 0
우진 105840 렌탈자산 0 0
우진 105840 유형자산 64,416,309,814 64,477,947,828
우진 105840 무형자산 967,346,696 715,452,365
우진 105840 기타비유동금융자산 1,785,705,200 343,110,220
우진 105840 기타비유동자산 0 0
우진 105840 사용권자산 0 0
우진 105840 이연법인세자산 0 0
우진 105840 자산총계 176,279,815,353 140,861,546,241
우진 105840 유동부채 19,129,903,693 20,670,258,661
우진 105840 단기매입채무 0 0
우진 105840 단기차입금 11,600,000,000 13,000,000,000
우진 105840 유동성장기차입금 1,152,000,000 1,152,000,000
우진 105840 유동성사채 0 0
우진 105840 기타유동금융부채 726,792,440 1,118,694,655
우진 105840 기타유동부채 2,834,797,316 1,781,088,660
우진 105840 당기법인세부채 0 0
우진 105840 유동리스부채 0 0
우진 105840 비유동부채 49,174,444,466 14,040,472,383
우진 105840 사채 0 0
우진 105840 장기차입금 24,356,000,000 960,000,000
우진 105840 기타비유동금융부채 171,287,176 153,176,517
우진 105840 이연법인세부채 3,031,152,499 2,560,495,403
우진 105840 비유동리스부채 0 0
우진 105840 부채총계 68,304,348,159 34,710,731,044
우진 105840 자본금 8,680,000,000 8,680,000,000
우진 105840 자본잉여금 39,198,399,986 39,755,048,692
우진 105840 자본조정 0 0
우진 105840 기타포괄손익누계액 0 0
우진 105840 이익잉여금(결손금) 36,572,153,738 37,275,497,947
우진 105840 자본총계 107,975,467,194 106,150,815,197
우진 105840 자본과부채총계 176,279,815,353 140,861,546,241
date : 2018-12-31
우진 105840 유동자산 36,319,786,609 40,304,306,357
우진 105840 현금및현금성자산 1,939,840,573 12,523,316,148
우진 105840 매출채권 5,632,501,956 6,584,244,356
우진 105840 재고자산 9,901,110,454 15,314,049,462
우진 105840 기타유동금융자산 12,721,650,678 3,076,446,150
우진 105840 기타유동자산 5,352,598,361 2,806,250,241
우진 105840 매각예정비유동자산 0 0
우진 105840 비유동자산 132,043,261,921 100,557,239,884
우진 105840 장기금융상품 0 0
우진 105840 기타포괄손익-공정가치 0 0
우진 105840 당기손익인식공정가치측정금융자산 0 0
우진 105840 종속회사투자 0 0
우진 105840 관계회사투자 0 0
우진 105840 렌탈자산 0 0
우진 105840 유형자산 64,556,559,003 64,477,947,828
우진 105840 무형자산 564,277,593 715,452,365
우진 105840 기타비유동금융자산 1,587,219,425 343,110,220
우진 105840 기타비유동자산 0 0
우진 105840 사용권자산 0 0
우진 105840 이연법인세자산 0 0
우진 105840 자산총계 168,363,048,530 140,861,546,241
우진 105840 유동부채 31,130,163,183 20,670,258,661
우진 105840 단기매입채무 0 0
우진 105840 단기차입금 10,000,000,000 13,000,000,000
우진 105840 유동성장기차입금 960,000,000 1,152,000,000
우진 105840 유동성사채 0 0
우진 105840 기타유동금융부채 1,140,490,920 1,118,694,655
우진 105840 기타유동부채 2,866,315,059 1,781,088,660
우진 105840 당기법인세부채 0 0
우진 105840 유동리스부채 0 0
우진 105840 비유동부채 32,539,879,022 13,655,641,699
우진 105840 사채 0 0
우진 105840 장기차입금 22,640,000,000 960,000,000
우진 105840 기타비유동금융부채 173,008,156 153,176,517
우진 105840 이연법인세부채 2,390,877,097 2,669,037,390
우진 105840 비유동리스부채 0 0
우진 105840 부채총계 63,670,042,205 34,325,900,360
우진 105840 자본금 8,771,563,500 8,680,000,000
우진 105840 자본잉여금 40,105,264,612 39,755,048,692
우진 105840 자본조정 0 0
우진 105840 기타포괄손익누계액 0 0
우진 105840 이익잉여금(결손금) 32,906,404,458 37,203,317,766
우진 105840 자본총계 104,693,006,325 106,535,645,881
우진 105840 자본과부채총계 168,363,048,530 140,861,546,241
date : 2019-03-31
우진 105840 유동자산 40,040,480,828 36,319,786,609
우진 105840 현금및현금성자산 1,262,884,595 1,939,840,573
우진 105840 매출채권 4,990,524,733 5,632,501,956
우진 105840 재고자산 13,276,176,807 9,901,110,454
우진 105840 기타유동금융자산 14,127,702,190 12,721,650,678
우진 105840 기타유동자산 5,609,851,234 5,352,598,361
우진 105840 매각예정비유동자산 0 0
우진 105840 비유동자산 125,922,626,413 132,043,261,921
우진 105840 장기금융상품 0 0
우진 105840 기타포괄손익-공정가치 0 0
우진 105840 당기손익인식공정가치측정금융자산 0 0
우진 105840 종속회사투자 0 0
우진 105840 관계회사투자 0 0
우진 105840 렌탈자산 0 0
우진 105840 유형자산 64,499,134,865 64,556,559,003
우진 105840 무형자산 557,023,712 564,277,593
우진 105840 기타비유동금융자산 1,587,219,425 1,587,219,425
우진 105840 기타비유동자산 0 0
우진 105840 사용권자산 0 0
우진 105840 이연법인세자산 0 0
우진 105840 자산총계 165,963,107,241 168,363,048,530
우진 105840 유동부채 23,698,834,916 31,130,163,183
우진 105840 단기매입채무 0 0
우진 105840 단기차입금 10,000,000,000 10,000,000,000
우진 105840 유동성장기차입금 672,000,000 960,000,000
우진 105840 유동성사채 0 0
우진 105840 기타유동금융부채 920,535,981 1,140,490,920
우진 105840 기타유동부채 4,038,360,296 2,866,315,059
우진 105840 당기법인세부채 0 0
우진 105840 유동리스부채 0 0
우진 105840 비유동부채 32,429,601,774 32,539,879,022
우진 105840 사채 0 0
우진 105840 장기차입금 22,520,000,000 22,640,000,000
우진 105840 기타비유동금융부채 218,802,989 173,008,156
우진 105840 이연법인세부채 2,337,067,116 2,390,877,097
우진 105840 비유동리스부채 0 0
우진 105840 부채총계 56,128,436,690 63,670,042,205
우진 105840 자본금 9,296,028,000 8,771,563,500
우진 105840 자본잉여금 45,223,755,883 40,105,264,612
우진 105840 자본조정 0 0
우진 105840 기타포괄손익누계액 0 0
우진 105840 이익잉여금(결손금) 31,403,760,407 32,906,404,458
우진 105840 자본총계 109,834,670,551 104,693,006,325
우진 105840 자본과부채총계 165,963,107,241 168,363,048,530
