date : 2015-12-31
파인테크닉스 106240 유동자산 63,387,002,657 47,255,121,506
파인테크닉스 106240 현금및현금성자산 2,425,478,563 1,664,607,246
파인테크닉스 106240 매출채권 및 기타유동채권
파인테크닉스 106240 재고자산 20,785,079,347 17,961,480,614
파인테크닉스 106240 기타유동금융자산 999,486,786 8,610,000
파인테크닉스 106240 기타유동자산 0 0
파인테크닉스 106240 매각예정비유동자산 0 0
파인테크닉스 106240 비유동자산 95,655,235,532 93,206,171,463
파인테크닉스 106240 장기금융상품 0 0
파인테크닉스 106240 기타포괄손익-공정가치 0 0
파인테크닉스 106240 당기손익인식공정가치측정금융자산 0 0
파인테크닉스 106240 종속회사투자 0 0
파인테크닉스 106240 관계회사투자 0 0
파인테크닉스 106240 렌탈자산 0 0
파인테크닉스 106240 유형자산 28,010,936,595 30,029,436,375
파인테크닉스 106240 무형자산 5,435,016,914 3,446,218,259
파인테크닉스 106240 기타비유동금융자산 0 0
파인테크닉스 106240 기타비유동자산 0 0
파인테크닉스 106240 사용권자산 0 0
파인테크닉스 106240 이연법인세자산 3,865,416,209 2,544,836,126
파인테크닉스 106240 자산총계 159,042,238,189 140,461,292,969
파인테크닉스 106240 유동부채 69,496,456,637 54,569,088,699
파인테크닉스 106240 단기매입채무 0 0
파인테크닉스 106240 단기차입금 0 0
파인테크닉스 106240 유동성장기차입금 0 0
파인테크닉스 106240 유동성사채 0 0
파인테크닉스 106240 기타유동금융부채 66,066,483 94,455,912
파인테크닉스 106240 기타유동부채 0 0
파인테크닉스 106240 당기법인세부채 0 0
파인테크닉스 106240 유동리스부채 0 0
파인테크닉스 106240 비유동부채 5,160,985,204 7,839,922,050
파인테크닉스 106240 사채 0 0
파인테크닉스 106240 장기차입금 0 0
파인테크닉스 106240 기타비유동금융부채 0 0
파인테크닉스 106240 이연법인세부채 138,482,829 7,839,922,050
파인테크닉스 106240 비유동리스부채 0 0
파인테크닉스 106240 부채총계 74,657,441,841 62,409,010,749
파인테크닉스 106240 자본금 16,076,948,000 15,677,587,500
파인테크닉스 106240 자본잉여금 0 0
파인테크닉스 106240 자본조정 0 0
파인테크닉스 106240 기타포괄손익누계액 0 15,677,587,500
파인테크닉스 106240 이익잉여금(결손금) 6,086,846,458 1,249,645,928
파인테크닉스 106240 자본총계 84,384,796,348 78,052,282,220
파인테크닉스 106240 자본과부채총계 0 0
date : 2016-03-31
파인테크닉스 106240 유동자산 91,157,643,455 63,387,002,657
파인테크닉스 106240 현금및현금성자산 991,950,221 2,425,478,563
파인테크닉스 106240 매출채권 및 기타유동채권
파인테크닉스 106240 재고자산 35,060,590,599 20,785,079,347
파인테크닉스 106240 기타유동금융자산 3,643,087,014 999,486,786
파인테크닉스 106240 기타유동자산 0 0
파인테크닉스 106240 매각예정비유동자산 0 0
파인테크닉스 106240 비유동자산 93,879,399,673 95,655,235,532
파인테크닉스 106240 장기금융상품 0 0
파인테크닉스 106240 기타포괄손익-공정가치 0 0
파인테크닉스 106240 당기손익인식공정가치측정금융자산 0 0
파인테크닉스 106240 종속회사투자 0 0
파인테크닉스 106240 관계회사투자 0 0
파인테크닉스 106240 렌탈자산 0 0
파인테크닉스 106240 유형자산 28,544,646,250 28,010,936,595
파인테크닉스 106240 무형자산 5,514,699,086 5,435,016,914
파인테크닉스 106240 기타비유동금융자산 0 0
파인테크닉스 106240 기타비유동자산 0 0
파인테크닉스 106240 사용권자산 0 0
파인테크닉스 106240 이연법인세자산 3,865,416,209 3,865,416,209
파인테크닉스 106240 자산총계 185,037,043,128 159,042,238,189
파인테크닉스 106240 유동부채 92,141,436,892 69,496,456,637
파인테크닉스 106240 단기매입채무 0 0
파인테크닉스 106240 단기차입금 0 0
파인테크닉스 106240 유동성장기차입금 0 0
파인테크닉스 106240 유동성사채 0 0
파인테크닉스 106240 기타유동금융부채 66,066,483 66,066,483
파인테크닉스 106240 기타유동부채 0 0
파인테크닉스 106240 당기법인세부채 0 0
파인테크닉스 106240 유동리스부채 0 0
파인테크닉스 106240 비유동부채 4,863,404,324 5,160,985,204
파인테크닉스 106240 사채 0 0
파인테크닉스 106240 장기차입금 0 0
파인테크닉스 106240 기타비유동금융부채 0 0
파인테크닉스 106240 이연법인세부채 0 5,160,985,204
파인테크닉스 106240 비유동리스부채 0 0
파인테크닉스 106240 부채총계 97,004,841,216 74,657,441,841
파인테크닉스 106240 자본금 16,742,549,500 16,076,948,000
파인테크닉스 106240 자본잉여금 0 0
파인테크닉스 106240 자본조정 0 0
파인테크닉스 106240 기타포괄손익누계액 0 16,076,948,000
파인테크닉스 106240 이익잉여금(결손금) 7,234,402,788 6,086,846,458
파인테크닉스 106240 자본총계 88,032,201,912 84,384,796,348
파인테크닉스 106240 자본과부채총계 0 0
date : 2016-06-30
파인테크닉스 106240 유동자산 91,138,602,306 63,387,002,657
파인테크닉스 106240 현금및현금성자산 2,814,026,780 2,425,478,563
파인테크닉스 106240 매출채권 및 기타유동채권
파인테크닉스 106240 재고자산 44,973,040,173 20,785,079,347
파인테크닉스 106240 기타유동금융자산 5,296,521,761 999,486,786
파인테크닉스 106240 기타유동자산 0 0
파인테크닉스 106240 매각예정비유동자산 0 0
파인테크닉스 106240 비유동자산 101,689,342,660 95,655,235,532
파인테크닉스 106240 장기금융상품 0 0
파인테크닉스 106240 기타포괄손익-공정가치 0 0
파인테크닉스 106240 당기손익인식공정가치측정금융자산 0 0
파인테크닉스 106240 종속회사투자 0 0
파인테크닉스 106240 관계회사투자 0 0
파인테크닉스 106240 렌탈자산 0 0
파인테크닉스 106240 유형자산 34,542,938,829 28,010,936,595
파인테크닉스 106240 무형자산 5,287,247,175 5,435,016,914
파인테크닉스 106240 기타비유동금융자산 0 0
파인테크닉스 106240 기타비유동자산 0 0
파인테크닉스 106240 사용권자산 0 0
파인테크닉스 106240 이연법인세자산 3,049,362,867 3,865,416,209
파인테크닉스 106240 자산총계 192,827,944,966 159,042,238,189
파인테크닉스 106240 유동부채 84,873,927,585 69,496,456,637
파인테크닉스 106240 단기매입채무 0 0
파인테크닉스 106240 단기차입금 0 0
파인테크닉스 106240 유동성장기차입금 0 0
파인테크닉스 106240 유동성사채 0 0
파인테크닉스 106240 기타유동금융부채 1,500,037,527 66,066,483
파인테크닉스 106240 기타유동부채 0 0
파인테크닉스 106240 당기법인세부채 0 0
파인테크닉스 106240 유동리스부채 0 0
파인테크닉스 106240 비유동부채 18,488,795,885 5,160,985,204
파인테크닉스 106240 사채 0 0
파인테크닉스 106240 장기차입금 0 0
파인테크닉스 106240 기타비유동금융부채 0 0
파인테크닉스 106240 이연법인세부채 0 5,160,985,204
파인테크닉스 106240 비유동리스부채 0 0
파인테크닉스 106240 부채총계 103,362,723,470 74,657,441,841
파인테크닉스 106240 자본금 16,742,549,500 16,076,948,000
파인테크닉스 106240 자본잉여금 0 0
파인테크닉스 106240 자본조정 0 0
파인테크닉스 106240 기타포괄손익누계액 0 16,076,948,000
파인테크닉스 106240 이익잉여금(결손금) 6,085,006,402 6,086,846,458
파인테크닉스 106240 자본총계 89,465,221,496 84,384,796,348
파인테크닉스 106240 자본과부채총계 0 0
date : 2016-09-30
파인테크닉스 106240 유동자산 92,955,652,271 63,387,002,657
파인테크닉스 106240 현금및현금성자산 2,104,369,694 2,425,478,563
파인테크닉스 106240 매출채권 및 기타유동채권
파인테크닉스 106240 재고자산 45,608,175,985 20,785,079,347
파인테크닉스 106240 기타유동금융자산 0 기타유동채권
파인테크닉스 106240 기타유동자산 0 0
파인테크닉스 106240 매각예정비유동자산 0 0
파인테크닉스 106240 비유동자산 94,366,163,546 95,655,235,532
파인테크닉스 106240 장기금융상품 0 0
파인테크닉스 106240 기타포괄손익-공정가치 0 0
파인테크닉스 106240 당기손익인식공정가치측정금융자산 0 0
파인테크닉스 106240 종속회사투자 0 0
파인테크닉스 106240 관계회사투자 0 0
파인테크닉스 106240 렌탈자산 0 0
파인테크닉스 106240 유형자산 33,695,998,791 28,010,936,595
파인테크닉스 106240 무형자산 5,312,007,643 5,435,016,914
파인테크닉스 106240 기타비유동금융자산 1,578,062,950 1,578,062,950
파인테크닉스 106240 기타비유동자산 0 0
파인테크닉스 106240 사용권자산 0 0
파인테크닉스 106240 이연법인세자산 3,049,362,867 3,865,416,209
파인테크닉스 106240 자산총계 187,321,815,817 159,042,238,189
파인테크닉스 106240 유동부채 82,751,552,073 69,496,456,637
파인테크닉스 106240 단기매입채무 0 0
파인테크닉스 106240 단기차입금 0 0
파인테크닉스 106240 유동성장기차입금 0 0
파인테크닉스 106240 유동성사채 0 0
파인테크닉스 106240 기타유동금융부채 1,516,841,078 66,066,483
파인테크닉스 106240 기타유동부채 0 0
파인테크닉스 106240 당기법인세부채 0 0
파인테크닉스 106240 유동리스부채 0 0
파인테크닉스 106240 비유동부채 17,949,699,682 5,160,985,204
파인테크닉스 106240 사채 0 0
파인테크닉스 106240 장기차입금 0 0
파인테크닉스 106240 기타비유동금융부채 0 0
파인테크닉스 106240 이연법인세부채 0 5,160,985,204
파인테크닉스 106240 비유동리스부채 0 0
파인테크닉스 106240 부채총계 100,701,251,755 74,657,441,841
파인테크닉스 106240 자본금 16,742,549,500 16,076,948,000
파인테크닉스 106240 자본잉여금 0 0
파인테크닉스 106240 자본조정 0 0
파인테크닉스 106240 기타포괄손익누계액 0 16,076,948,000
파인테크닉스 106240 이익잉여금(결손금) 3,240,348,968 6,086,846,458
파인테크닉스 106240 자본총계 86,620,564,062 84,384,796,348
파인테크닉스 106240 자본과부채총계 0 0
date : 2016-12-31
파인테크닉스 106240 유동자산 91,651,705,309 63,387,002,657
파인테크닉스 106240 현금및현금성자산 6,375,707,105 2,425,478,563
파인테크닉스 106240 매출채권 및 기타유동채권
파인테크닉스 106240 재고자산 41,217,699,360 20,785,079,347
파인테크닉스 106240 기타유동금융자산 4,150,659,673 999,486,786
파인테크닉스 106240 기타유동자산 0 0
파인테크닉스 106240 매각예정비유동자산 0 0
파인테크닉스 106240 비유동자산 93,331,752,252 95,655,235,532
파인테크닉스 106240 장기금융상품 0 0
파인테크닉스 106240 기타포괄손익-공정가치 0 0
파인테크닉스 106240 당기손익인식공정가치측정금융자산 0 0
파인테크닉스 106240 종속회사투자 0 0
파인테크닉스 106240 관계회사투자 0 0
파인테크닉스 106240 렌탈자산 0 0
파인테크닉스 106240 유형자산 36,204,722,063 28,010,936,595
파인테크닉스 106240 무형자산 5,743,495,545 5,435,016,914
파인테크닉스 106240 기타비유동금융자산 1,878,077,950 1,578,062,950
파인테크닉스 106240 기타비유동자산 0 0
파인테크닉스 106240 사용권자산 0 0
파인테크닉스 106240 이연법인세자산 3,739,162,509 3,865,416,209
파인테크닉스 106240 자산총계 184,983,457,561 159,042,238,189
파인테크닉스 106240 유동부채 76,809,908,214 69,496,456,637
파인테크닉스 106240 단기매입채무 0 0
파인테크닉스 106240 단기차입금 0 0
파인테크닉스 106240 유동성장기차입금 0 0
파인테크닉스 106240 유동성사채 0 0
파인테크닉스 106240 기타유동금융부채 2,350,109,808 66,066,483
파인테크닉스 106240 기타유동부채 0 0
파인테크닉스 106240 당기법인세부채 0 0
파인테크닉스 106240 유동리스부채 0 0
파인테크닉스 106240 비유동부채 19,712,179,078 5,160,985,204
파인테크닉스 106240 사채 0 0
파인테크닉스 106240 장기차입금 0 0
파인테크닉스 106240 기타비유동금융부채 5,189,027,075 5,160,985,204
파인테크닉스 106240 이연법인세부채 0 5,160,985,204
파인테크닉스 106240 비유동리스부채 0 0
파인테크닉스 106240 부채총계 96,522,087,292 74,657,441,841
파인테크닉스 106240 자본금 16,742,549,500 16,076,948,000
파인테크닉스 106240 자본잉여금 0 0
파인테크닉스 106240 자본조정 0 0
파인테크닉스 106240 기타포괄손익누계액 0 16,076,948,000
파인테크닉스 106240 이익잉여금(결손금) 5,506,977,932 6,086,846,458
파인테크닉스 106240 자본총계 88,461,370,269 84,384,796,348
파인테크닉스 106240 자본과부채총계 0 0
date : 2017-03-31
파인테크닉스 106240 유동자산 83,044,810,142 91,651,705,309
파인테크닉스 106240 현금및현금성자산 1,109,802,743 6,375,707,105
파인테크닉스 106240 매출채권 및 기타유동채권
파인테크닉스 106240 재고자산 38,168,165,429 41,217,699,360
파인테크닉스 106240 기타유동금융자산 2,944,171,034 4,150,659,673
파인테크닉스 106240 기타유동자산 0 0
파인테크닉스 106240 매각예정비유동자산 0 0
파인테크닉스 106240 비유동자산 91,835,607,420 93,331,752,252
파인테크닉스 106240 장기금융상품 0 0
파인테크닉스 106240 기타포괄손익-공정가치 0 0
파인테크닉스 106240 당기손익인식공정가치측정금융자산 0 0
파인테크닉스 106240 종속회사투자 0 0
파인테크닉스 106240 관계회사투자 0 0
파인테크닉스 106240 렌탈자산 0 0
파인테크닉스 106240 유형자산 35,286,879,414 36,204,722,063
파인테크닉스 106240 무형자산 6,282,211,615 5,743,495,545
파인테크닉스 106240 기타비유동금융자산 1,878,077,950 1,878,077,950
파인테크닉스 106240 기타비유동자산 0 0
파인테크닉스 106240 사용권자산 0 0
파인테크닉스 106240 이연법인세자산 3,739,162,509 3,739,162,509
파인테크닉스 106240 자산총계 174,880,417,562 184,983,457,561
파인테크닉스 106240 유동부채 66,251,458,670 76,809,908,214
파인테크닉스 106240 단기매입채무 0 0
파인테크닉스 106240 단기차입금 0 0
파인테크닉스 106240 유동성장기차입금 0 0
파인테크닉스 106240 유동성사채 0 0
파인테크닉스 106240 기타유동금융부채 2,329,393,612 2,350,109,808
파인테크닉스 106240 기타유동부채 0 0
파인테크닉스 106240 당기법인세부채 0 0
파인테크닉스 106240 유동리스부채 0 0
파인테크닉스 106240 비유동부채 22,101,788,590 19,712,179,078
파인테크닉스 106240 사채 0 0
파인테크닉스 106240 장기차입금 0 0
파인테크닉스 106240 기타비유동금융부채 4,602,544,495 5,189,027,075
파인테크닉스 106240 이연법인세부채 0 0
파인테크닉스 106240 비유동리스부채 0 0
파인테크닉스 106240 부채총계 88,353,247,260 96,522,087,292
파인테크닉스 106240 자본금 16,742,549,500 16,742,549,500
파인테크닉스 106240 자본잉여금 0 0
파인테크닉스 106240 자본조정 0 0
파인테크닉스 106240 기타포괄손익누계액 0 0
파인테크닉스 106240 이익잉여금(결손금) 3,572,777,965 5,506,977,932
파인테크닉스 106240 자본총계 86,527,170,302 88,461,370,269
파인테크닉스 106240 자본과부채총계 0 0
date : 2017-06-30
파인테크닉스 106240 유동자산 84,463,393,467 91,651,705,309
파인테크닉스 106240 현금및현금성자산 1,694,251,150 6,375,707,105
파인테크닉스 106240 매출채권 및 기타유동채권
파인테크닉스 106240 재고자산 39,424,392,708 41,217,699,360
파인테크닉스 106240 기타유동금융자산 2,944,411,680 4,150,659,673
파인테크닉스 106240 기타유동자산 0 0
파인테크닉스 106240 매각예정비유동자산 0 0
파인테크닉스 106240 비유동자산 91,507,841,136 93,331,752,252
파인테크닉스 106240 장기금융상품 0 0
파인테크닉스 106240 기타포괄손익-공정가치 0 0
파인테크닉스 106240 당기손익인식공정가치측정금융자산 0 0
파인테크닉스 106240 종속회사투자 0 0
파인테크닉스 106240 관계회사투자 0 0
파인테크닉스 106240 렌탈자산 0 0
파인테크닉스 106240 유형자산 33,523,821,969 36,204,722,063
파인테크닉스 106240 무형자산 6,192,313,281 5,743,495,545
파인테크닉스 106240 기타비유동금융자산 1,878,077,950 1,878,077,950
파인테크닉스 106240 기타비유동자산 0 0
파인테크닉스 106240 사용권자산 0 0
파인테크닉스 106240 이연법인세자산 4,373,445,450 3,739,162,509
파인테크닉스 106240 자산총계 175,971,234,603 184,983,457,561
파인테크닉스 106240 유동부채 80,139,892,932 76,809,908,214
파인테크닉스 106240 단기매입채무 0 0
파인테크닉스 106240 단기차입금 0 0
파인테크닉스 106240 유동성장기차입금 0 0
파인테크닉스 106240 유동성사채 0 0
파인테크닉스 106240 기타유동금융부채 3,662,348,321 2,350,109,808
파인테크닉스 106240 기타유동부채 0 0
파인테크닉스 106240 당기법인세부채 0 0
파인테크닉스 106240 유동리스부채 0 0
파인테크닉스 106240 비유동부채 9,226,816,179 19,712,179,078
파인테크닉스 106240 사채 0 0
파인테크닉스 106240 장기차입금 0 0
파인테크닉스 106240 기타비유동금융부채 2,767,414,158 5,189,027,075
파인테크닉스 106240 이연법인세부채 0 0
파인테크닉스 106240 비유동리스부채 0 0
파인테크닉스 106240 부채총계 89,366,709,111 96,522,087,292
파인테크닉스 106240 자본금 16,742,549,500 16,742,549,500
파인테크닉스 106240 자본잉여금 0 0
파인테크닉스 106240 자본조정 0 0
파인테크닉스 106240 기타포괄손익누계액 0 0
파인테크닉스 106240 이익잉여금(결손금) 3,650,133,155 5,506,977,932
파인테크닉스 106240 자본총계 86,604,525,492 88,461,370,269
파인테크닉스 106240 자본과부채총계 0 0
date : 2017-09-30
파인테크닉스 106240 유동자산 93,092,781,130 91,651,705,309
파인테크닉스 106240 현금및현금성자산 4,952,464,541 6,375,707,105
파인테크닉스 106240 매출채권 및 기타유동채권
파인테크닉스 106240 재고자산 40,412,722,159 41,217,699,360
파인테크닉스 106240 기타유동금융자산 0 0
파인테크닉스 106240 기타유동자산 2,368,242,033 4,150,659,673
파인테크닉스 106240 매각예정비유동자산 0 0
파인테크닉스 106240 비유동자산 90,072,984,338 93,331,752,252
파인테크닉스 106240 장기금융상품 0 0
파인테크닉스 106240 기타포괄손익-공정가치 0 0
파인테크닉스 106240 당기손익인식공정가치측정금융자산 0 0
파인테크닉스 106240 종속회사투자 0 0
파인테크닉스 106240 관계회사투자 0 0
파인테크닉스 106240 렌탈자산 0 0
파인테크닉스 106240 유형자산 32,760,103,314 36,204,722,063
파인테크닉스 106240 무형자산 6,006,640,320 5,743,495,545
파인테크닉스 106240 기타비유동금융자산 1,878,077,950 1,878,077,950
파인테크닉스 106240 기타비유동자산 0 0
파인테크닉스 106240 사용권자산 0 0
파인테크닉스 106240 이연법인세자산 4,373,445,450 3,739,162,509
파인테크닉스 106240 자산총계 183,165,765,468 184,983,457,561
파인테크닉스 106240 유동부채 88,187,937,404 76,809,908,214
파인테크닉스 106240 단기매입채무 0 0
파인테크닉스 106240 단기차입금 0 0
파인테크닉스 106240 유동성장기차입금 0 0
파인테크닉스 106240 유동성사채 0 0
파인테크닉스 106240 기타유동금융부채 3,819,614,217 2,350,109,808
파인테크닉스 106240 기타유동부채 622,897,925 357,407,732
파인테크닉스 106240 당기법인세부채 0 0
파인테크닉스 106240 유동리스부채 0 0
파인테크닉스 106240 비유동부채 7,658,286,199 19,712,179,078
파인테크닉스 106240 사채 0 0
파인테크닉스 106240 장기차입금 0 0
파인테크닉스 106240 기타비유동금융부채 2,166,798,547 5,189,027,075
파인테크닉스 106240 이연법인세부채 0 0
파인테크닉스 106240 비유동리스부채 0 0
파인테크닉스 106240 부채총계 95,846,223,603 96,522,087,292
파인테크닉스 106240 자본금 16,742,549,500 16,742,549,500
파인테크닉스 106240 자본잉여금 55,961,751,837 55,961,751,837
파인테크닉스 106240 자본조정 0 0
파인테크닉스 106240 기타포괄손익누계액 0 0
파인테크닉스 106240 이익잉여금(결손금) 4,365,149,528 5,506,977,932
파인테크닉스 106240 자본총계 87,319,541,865 88,461,370,269
파인테크닉스 106240 자본과부채총계 183,165,765,468 184,983,457,561
date : 2017-12-31
파인테크닉스 106240 유동자산 66,590,146,099 91,651,705,309
파인테크닉스 106240 현금및현금성자산 4,365,004,932 6,375,707,105
파인테크닉스 106240 매출채권 및 기타유동채권
파인테크닉스 106240 재고자산 13,886,996,166 41,217,699,360
파인테크닉스 106240 기타유동금융자산 0 0
파인테크닉스 106240 기타유동자산 843,652,987 4,150,659,673
파인테크닉스 106240 매각예정비유동자산 0 0
파인테크닉스 106240 비유동자산 86,150,578,024 93,331,752,252
파인테크닉스 106240 장기금융상품 0 0
파인테크닉스 106240 기타포괄손익-공정가치 0 0
파인테크닉스 106240 당기손익인식공정가치측정금융자산 0 0
파인테크닉스 106240 종속회사투자 0 0
파인테크닉스 106240 관계회사투자 0 0
파인테크닉스 106240 렌탈자산 0 0
파인테크닉스 106240 유형자산 32,495,842,584 36,204,722,063
파인테크닉스 106240 무형자산 5,231,404,206 5,743,495,545
파인테크닉스 106240 기타비유동금융자산 1,578,062,950 1,878,077,950
파인테크닉스 106240 기타비유동자산 0 0
파인테크닉스 106240 사용권자산 0 0
파인테크닉스 106240 이연법인세자산 3,454,000,000 3,739,162,509
파인테크닉스 106240 자산총계 152,740,724,123 184,983,457,561
파인테크닉스 106240 유동부채 86,709,585,963 76,809,908,214
파인테크닉스 106240 단기매입채무 0 0
파인테크닉스 106240 단기차입금 0 0
파인테크닉스 106240 유동성장기차입금 0 0
파인테크닉스 106240 유동성사채 0 0
파인테크닉스 106240 기타유동금융부채 3,198,402,619 2,350,109,808
파인테크닉스 106240 기타유동부채 609,137,922 357,407,732
파인테크닉스 106240 당기법인세부채 0 0
파인테크닉스 106240 유동리스부채 0 0
파인테크닉스 106240 비유동부채 11,760,817,416 19,712,179,078
파인테크닉스 106240 사채 0 0
파인테크닉스 106240 장기차입금 0 0
파인테크닉스 106240 기타비유동금융부채 1,949,754,913 5,189,027,075
파인테크닉스 106240 이연법인세부채 0 0
파인테크닉스 106240 비유동리스부채 0 0
파인테크닉스 106240 부채총계 98,470,403,379 96,522,087,292
파인테크닉스 106240 자본금 17,380,847,000 16,742,549,500
파인테크닉스 106240 자본잉여금 58,919,538,917 55,961,751,837
파인테크닉스 106240 자본조정 0 0
파인테크닉스 106240 기타포괄손익누계액 0 0
파인테크닉스 106240 이익잉여금(결손금) -32,572,900,239 5,506,977,932
파인테크닉스 106240 자본총계 54,270,320,744 88,461,370,269
파인테크닉스 106240 자본과부채총계 152,740,724,123 184,983,457,561
date : 2018-03-31
파인테크닉스 106240 유동자산 71,000,034,342 66,590,146,099
파인테크닉스 106240 현금및현금성자산 1,714,095,245 4,365,004,932
파인테크닉스 106240 매출채권 및 기타유동채권
파인테크닉스 106240 재고자산 17,981,547,872 13,886,996,166
파인테크닉스 106240 기타유동금융자산 780,197,500 13,886,996,166
파인테크닉스 106240 기타유동자산 1,697,682,594 843,652,987
파인테크닉스 106240 매각예정비유동자산 0 0
파인테크닉스 106240 비유동자산 85,021,813,872 86,150,578,024
파인테크닉스 106240 장기금융상품 0 0
파인테크닉스 106240 기타포괄손익-공정가치 0 0
파인테크닉스 106240 당기손익인식공정가치측정금융자산 0 0
파인테크닉스 106240 종속회사투자 0 0
파인테크닉스 106240 관계회사투자 0 0
파인테크닉스 106240 렌탈자산 0 0
파인테크닉스 106240 유형자산 31,701,665,011 32,495,842,584
파인테크닉스 106240 무형자산 5,120,248,323 5,231,404,206
파인테크닉스 106240 기타비유동금융자산 1,564,413,450 1,578,062,950
파인테크닉스 106240 기타비유동자산 0 0
파인테크닉스 106240 사용권자산 0 0
파인테크닉스 106240 이연법인세자산 3,454,000,000 3,454,000,000
파인테크닉스 106240 자산총계 156,021,848,214 152,740,724,123
파인테크닉스 106240 유동부채 88,886,976,950 86,709,585,963
파인테크닉스 106240 단기매입채무 0 0
파인테크닉스 106240 단기차입금 0 0
파인테크닉스 106240 유동성장기차입금 0 0
파인테크닉스 106240 유동성사채 0 0
파인테크닉스 106240 기타유동금융부채 3,215,084,128 3,198,402,619
파인테크닉스 106240 기타유동부채 825,555,328 609,137,922
파인테크닉스 106240 당기법인세부채 0 0
파인테크닉스 106240 유동리스부채 0 0
파인테크닉스 106240 비유동부채 11,408,049,976 11,760,817,416
파인테크닉스 106240 사채 0 0
파인테크닉스 106240 장기차입금 0 0
파인테크닉스 106240 기타비유동금융부채 1,334,665,694 1,949,754,913
파인테크닉스 106240 이연법인세부채 0 0
파인테크닉스 106240 비유동리스부채 0 0
파인테크닉스 106240 부채총계 100,295,026,926 98,470,403,379
파인테크닉스 106240 자본금 17,627,882,000 17,380,847,000
파인테크닉스 106240 자본잉여금 59,946,479,118 58,919,538,917
파인테크닉스 106240 자본조정 0 0
파인테크닉스 106240 기타포괄손익누계액 0 0
파인테크닉스 106240 이익잉여금(결손금) -32,159,969,638 -32,572,900,239
파인테크닉스 106240 자본총계 55,726,821,288 54,270,320,744
파인테크닉스 106240 자본과부채총계 156,021,848,214 152,740,724,123
date : 2018-06-30
파인테크닉스 106240 유동자산 79,989,785,128 66,590,146,099
파인테크닉스 106240 현금및현금성자산 4,866,984,687 4,365,004,932
파인테크닉스 106240 매출채권 및 기타유동채권
파인테크닉스 106240 재고자산 16,002,654,517 13,886,996,166
파인테크닉스 106240 기타유동금융자산 0 0
파인테크닉스 106240 기타유동자산 1,701,740,282 843,652,987
파인테크닉스 106240 매각예정비유동자산 0 0
파인테크닉스 106240 비유동자산 86,378,997,390 86,150,578,024
파인테크닉스 106240 장기금융상품 0 0
파인테크닉스 106240 기타포괄손익-공정가치 0 0
파인테크닉스 106240 당기손익인식공정가치측정금융자산 0 0
파인테크닉스 106240 종속회사투자 0 0
파인테크닉스 106240 관계회사투자 0 0
파인테크닉스 106240 렌탈자산 0 0
파인테크닉스 106240 유형자산 43,719,717,803 32,495,842,584
파인테크닉스 106240 무형자산 5,230,959,670 5,231,404,206
파인테크닉스 106240 기타비유동금융자산 4,793,813,450 1,578,062,950
파인테크닉스 106240 기타비유동자산 0 0
파인테크닉스 106240 사용권자산 0 0
파인테크닉스 106240 이연법인세자산 3,583,824,839 3,454,000,000
파인테크닉스 106240 자산총계 166,368,782,518 152,740,724,123
파인테크닉스 106240 유동부채 89,169,632,191 86,709,585,963
파인테크닉스 106240 단기매입채무 0 0
파인테크닉스 106240 단기차입금 0 0
파인테크닉스 106240 유동성장기차입금 0 0
파인테크닉스 106240 유동성사채 0 0
파인테크닉스 106240 기타유동금융부채 2,602,784,885 3,198,402,619
파인테크닉스 106240 기타유동부채 770,653,666 609,137,922
파인테크닉스 106240 당기법인세부채 0 0
파인테크닉스 106240 유동리스부채 0 0
파인테크닉스 106240 비유동부채 15,751,377,141 11,760,817,416
파인테크닉스 106240 사채 0 0
파인테크닉스 106240 장기차입금 0 0
파인테크닉스 106240 기타비유동금융부채 825,371,163 1,949,754,913
파인테크닉스 106240 이연법인세부채 0 0
파인테크닉스 106240 비유동리스부채 0 0
파인테크닉스 106240 부채총계 104,921,009,332 98,470,403,379
파인테크닉스 106240 자본금 18,804,243,500 17,380,847,000
파인테크닉스 106240 자본잉여금 65,383,055,569 58,919,538,917
파인테크닉스 106240 자본조정 0 0
파인테크닉스 106240 기타포괄손익누계액 0 58,919,538,917
파인테크닉스 106240 이익잉여금(결손금) -31,195,327,964 -32,572,900,239
파인테크닉스 106240 자본총계 61,447,773,186 54,270,320,744
파인테크닉스 106240 자본과부채총계 166,368,782,518 152,740,724,123
date : 2018-09-30
파인테크닉스 106240 유동자산 74,435,362,255 66,590,146,099
파인테크닉스 106240 현금및현금성자산 938,083,279 4,365,004,932
파인테크닉스 106240 매출채권 및 기타유동채권
파인테크닉스 106240 재고자산 14,061,432,855 13,886,996,166
파인테크닉스 106240 기타유동금융자산 0 0
파인테크닉스 106240 기타유동자산 1,939,830,374 843,652,987
파인테크닉스 106240 매각예정비유동자산 0 0
파인테크닉스 106240 비유동자산 73,261,563,127 86,150,578,024
파인테크닉스 106240 장기금융상품 0 0
파인테크닉스 106240 기타포괄손익-공정가치 0 0
파인테크닉스 106240 당기손익인식공정가치측정금융자산 0 0
파인테크닉스 106240 종속회사투자 0 0
파인테크닉스 106240 관계회사투자 0 0
파인테크닉스 106240 렌탈자산 0 0
파인테크닉스 106240 유형자산 31,649,571,249 32,495,842,584
파인테크닉스 106240 무형자산 5,106,772,347 5,231,404,206
파인테크닉스 106240 기타비유동금융자산 4,634,908,450 1,578,062,950
파인테크닉스 106240 기타비유동자산 0 0
파인테크닉스 106240 사용권자산 0 0
파인테크닉스 106240 이연법인세자산 3,282,804,841 3,454,000,000
파인테크닉스 106240 자산총계 147,696,925,382 152,740,724,123
파인테크닉스 106240 유동부채 79,973,792,167 86,709,585,963
파인테크닉스 106240 단기매입채무 0 0
파인테크닉스 106240 단기차입금 0 0
파인테크닉스 106240 유동성장기차입금 0 0
파인테크닉스 106240 유동성사채 0 0
파인테크닉스 106240 기타유동금융부채 2,252,523,920 3,198,402,619
파인테크닉스 106240 기타유동부채 521,261,016 609,137,922
파인테크닉스 106240 당기법인세부채 0 0
파인테크닉스 106240 유동리스부채 0 0
파인테크닉스 106240 비유동부채 11,051,542,228 11,760,817,416
파인테크닉스 106240 사채 0 0
파인테크닉스 106240 장기차입금 0 0
파인테크닉스 106240 기타비유동금융부채 592,869,068 1,949,754,913
파인테크닉스 106240 이연법인세부채 0 0
파인테크닉스 106240 비유동리스부채 0 0
파인테크닉스 106240 부채총계 91,025,334,395 98,470,403,379
파인테크닉스 106240 자본금 18,804,243,500 17,380,847,000
파인테크닉스 106240 자본잉여금 65,383,055,569 58,919,538,917
파인테크닉스 106240 자본조정 0 0
파인테크닉스 106240 기타포괄손익누계액 0 58,919,538,917
파인테크닉스 106240 이익잉여금(결손금) -35,522,663,186 -32,572,900,239
파인테크닉스 106240 자본총계 56,671,590,987 54,270,320,744
파인테크닉스 106240 자본과부채총계 147,696,925,382 152,740,724,123
date : 2018-12-31
파인테크닉스 106240 유동자산 50,064,700,283 66,590,146,099
파인테크닉스 106240 현금및현금성자산 3,798,016,927 4,365,004,932
파인테크닉스 106240 매출채권 및 기타유동채권
파인테크닉스 106240 재고자산 11,572,250,027 13,886,996,166
파인테크닉스 106240 기타유동금융자산 0 0
파인테크닉스 106240 기타유동자산 2,598,714,267 843,652,987
파인테크닉스 106240 매각예정비유동자산 0 0
파인테크닉스 106240 비유동자산 64,632,060,350 86,150,578,024
파인테크닉스 106240 장기금융상품 0 0
파인테크닉스 106240 기타포괄손익-공정가치 0 0
파인테크닉스 106240 당기손익인식공정가치측정금융자산 0 0
파인테크닉스 106240 종속회사투자 0 0
파인테크닉스 106240 관계회사투자 0 0
파인테크닉스 106240 렌탈자산 0 0
파인테크닉스 106240 유형자산 20,429,452,920 32,495,842,584
파인테크닉스 106240 무형자산 5,165,909,285 5,231,404,206
파인테크닉스 106240 기타비유동금융자산 4,673,918,450 1,578,062,950
파인테크닉스 106240 기타비유동자산 135,974,020 5,231,404,206
파인테크닉스 106240 사용권자산 0 0
파인테크닉스 106240 이연법인세자산 5,179,677,076 3,454,000,000
파인테크닉스 106240 자산총계 114,696,760,633 152,740,724,123
파인테크닉스 106240 유동부채 67,833,692,555 86,709,585,963
파인테크닉스 106240 단기매입채무 0 0
파인테크닉스 106240 단기차입금 0 0
파인테크닉스 106240 유동성장기차입금 0 0
파인테크닉스 106240 유동성사채 0 0
파인테크닉스 106240 기타유동금융부채 655,498,695 3,198,402,619
파인테크닉스 106240 기타유동부채 302,109,256 609,137,922
파인테크닉스 106240 당기법인세부채 0 0
파인테크닉스 106240 유동리스부채 0 0
파인테크닉스 106240 비유동부채 7,834,087,919 11,760,817,416
파인테크닉스 106240 사채 0 0
파인테크닉스 106240 장기차입금 0 0
파인테크닉스 106240 기타비유동금융부채 510,727,147 1,949,754,913
파인테크닉스 106240 이연법인세부채 0 0
파인테크닉스 106240 비유동리스부채 0 0
파인테크닉스 106240 부채총계 75,667,780,474 98,470,403,379
파인테크닉스 106240 자본금 18,804,243,500 17,380,847,000
파인테크닉스 106240 자본잉여금 65,622,677,037 58,919,538,917
파인테크닉스 106240 자본조정 0 0
파인테크닉스 106240 기타포괄손익누계액 -351,934,924 58,919,538,917
파인테크닉스 106240 이익잉여금(결손금) -53,585,053,910 -32,572,900,239
파인테크닉스 106240 자본총계 39,028,980,159 54,270,320,744
파인테크닉스 106240 자본과부채총계 114,696,760,633 152,740,724,123
date : 2019-03-31
파인테크닉스 106240 유동자산 50,839,332,425 50,064,700,283
파인테크닉스 106240 현금및현금성자산 1,845,258,187 3,798,016,927
파인테크닉스 106240 매출채권 및 기타유동채권
파인테크닉스 106240 재고자산 13,381,043,032 11,572,250,027
파인테크닉스 106240 기타유동금융자산 0 0
파인테크닉스 106240 기타유동자산 3,287,580,580 2,598,714,267
파인테크닉스 106240 매각예정비유동자산 0 0
파인테크닉스 106240 비유동자산 62,987,956,232 64,632,060,350
파인테크닉스 106240 장기금융상품 0 0
파인테크닉스 106240 기타포괄손익-공정가치 0 0
파인테크닉스 106240 당기손익인식공정가치측정금융자산 0 0
파인테크닉스 106240 종속회사투자 0 0
파인테크닉스 106240 관계회사투자 0 0
파인테크닉스 106240 렌탈자산 0 0
파인테크닉스 106240 유형자산 18,373,414,048 20,429,452,920
파인테크닉스 106240 무형자산 4,249,664,610 5,165,909,285
파인테크닉스 106240 기타비유동금융자산 4,741,003,595 4,673,918,450
파인테크닉스 106240 기타비유동자산 128,663,589 135,974,020
파인테크닉스 106240 사용권자산 0 0
파인테크닉스 106240 이연법인세자산 5,179,677,076 5,179,677,076
파인테크닉스 106240 자산총계 113,827,288,657 114,696,760,633
파인테크닉스 106240 유동부채 65,812,005,151 67,833,692,555
파인테크닉스 106240 단기매입채무 0 0
파인테크닉스 106240 단기차입금 0 0
파인테크닉스 106240 유동성장기차입금 0 0
파인테크닉스 106240 유동성사채 0 0
파인테크닉스 106240 기타유동금융부채 261,027,894 655,498,695
파인테크닉스 106240 기타유동부채 92,017,281 302,109,256
파인테크닉스 106240 당기법인세부채 0 0
파인테크닉스 106240 유동리스부채 0 0
파인테크닉스 106240 비유동부채 7,593,314,454 7,834,087,919
파인테크닉스 106240 사채 0 0
파인테크닉스 106240 장기차입금 0 0
파인테크닉스 106240 기타비유동금융부채 503,416,716 510,727,147
파인테크닉스 106240 이연법인세부채 0 0
파인테크닉스 106240 비유동리스부채 0 0
파인테크닉스 106240 부채총계 73,405,319,605 75,667,780,474
파인테크닉스 106240 자본금 18,804,243,500 18,804,243,500
파인테크닉스 106240 자본잉여금 65,622,677,037 65,622,677,037
파인테크닉스 106240 자본조정 0 0
파인테크닉스 106240 기타포괄손익누계액 -468,326,379 -351,934,924
파인테크닉스 106240 이익잉여금(결손금) -52,075,673,562 -53,585,053,910
파인테크닉스 106240 자본총계 40,421,969,052 39,028,980,159
파인테크닉스 106240 자본과부채총계 113,827,288,657 114,696,760,633
