date : 2015-12-31
톱텍 108230 유동자산 137,018,067,451 128,271,616,287
톱텍 108230 현금및현금성자산 15,314,238,582 58,299,732,998
톱텍 108230 매출채권 38,139,527,990 34,642,640,378
톱텍 108230 재고자산 8,951,498,653 23,499,612,188
톱텍 108230 기타유동금융자산 11,540,926,521 3,555,116,143
톱텍 108230 기타유동자산 0 0
톱텍 108230 매각예정비유동자산 0 0
톱텍 108230 비유동자산 85,570,924,375 88,929,905,792
톱텍 108230 장기금융상품 657,584,437 1,076,858,548
톱텍 108230 기타포괄손익-공정가치 0 0
톱텍 108230 당기손익인식공정가치측정금융자산 0 0
톱텍 108230 종속회사투자 0 0
톱텍 108230 관계회사투자 0 0
톱텍 108230 렌탈자산 0 0
톱텍 108230 유형자산 53,923,523,009 54,044,462,873
톱텍 108230 무형자산 1,127,284,993 1,697,293,888
톱텍 108230 기타비유동금융자산 611,375,265 669,430,365
톱텍 108230 기타비유동자산 0 0
톱텍 108230 사용권자산 0 0
톱텍 108230 이연법인세자산 3,034,658,198 1,809,247,208
톱텍 108230 자산총계 222,588,991,826 217,201,522,079
톱텍 108230 유동부채 51,658,069,808 82,788,064,999
톱텍 108230 단기매입채무 0 0
톱텍 108230 단기차입금 2,000,000,000 7,500,000,000
톱텍 108230 유동성장기차입금 418,120,000 2,094,511,994
톱텍 108230 유동성사채 0 0
톱텍 108230 기타유동금융부채 6,280,535,483 3,845,423,142
톱텍 108230 기타유동부채 0 0
톱텍 108230 당기법인세부채 4,484,464,150 2,094,511,994
톱텍 108230 유동리스부채 0 0
톱텍 108230 비유동부채 5,249,366,344 11,810,234,608
톱텍 108230 사채 0 0
톱텍 108230 장기차입금 940,770,000 11,810,234,608
톱텍 108230 기타비유동금융부채 0 0
톱텍 108230 이연법인세부채 0 0
톱텍 108230 비유동리스부채 0 0
톱텍 108230 부채총계 56,907,436,152 94,598,299,607
톱텍 108230 자본금 8,892,790,000 8,145,328,000
톱텍 108230 자본잉여금 0 0
톱텍 108230 자본조정 0 0
톱텍 108230 기타포괄손익누계액 0 0
톱텍 108230 이익잉여금(결손금) 98,190,968,853 80,721,198,730
톱텍 108230 자본총계 165,681,555,674 122,603,222,472
톱텍 108230 자본과부채총계 222,588,991,826 217,201,522,079
date : 2016-03-31
톱텍 108230 유동자산 144,313,546,924 137,018,067,451
톱텍 108230 현금및현금성자산 22,376,516,030 15,314,238,582
톱텍 108230 매출채권 32,409,700,117 38,139,527,990
톱텍 108230 재고자산 7,892,251,230 8,951,498,653
톱텍 108230 기타유동금융자산 10,135,111,577 11,540,926,521
톱텍 108230 기타유동자산 0 0
톱텍 108230 매각예정비유동자산 0 0
톱텍 108230 비유동자산 91,829,941,873 85,570,924,375
톱텍 108230 장기금융상품 726,263,468 657,584,437
톱텍 108230 기타포괄손익-공정가치 0 0
톱텍 108230 당기손익인식공정가치측정금융자산 0 0
톱텍 108230 종속회사투자 0 0
톱텍 108230 관계회사투자 0 0
톱텍 108230 렌탈자산 0 0
톱텍 108230 유형자산 56,281,775,480 53,923,523,009
톱텍 108230 무형자산 1,105,484,993 1,127,284,993
톱텍 108230 기타비유동금융자산 590,069,365 611,375,265
톱텍 108230 기타비유동자산 0 0
톱텍 108230 사용권자산 0 0
톱텍 108230 이연법인세자산 3,034,658,198 3,034,658,198
톱텍 108230 자산총계 236,143,488,797 222,588,991,826
톱텍 108230 유동부채 59,969,818,361 51,658,069,808
톱텍 108230 단기매입채무 0 0
톱텍 108230 단기차입금 2,000,000,000 2,000,000,000
톱텍 108230 유동성장기차입금 0 0
톱텍 108230 유동성사채 0 0
톱텍 108230 기타유동금융부채 6,879,073,951 6,280,535,483
톱텍 108230 기타유동부채 0 0
톱텍 108230 당기법인세부채 3,402,896,363 4,484,464,150
톱텍 108230 유동리스부채 0 0
톱텍 108230 비유동부채 5,330,234,110 5,249,366,344
톱텍 108230 사채 0 0
톱텍 108230 장기차입금 0 0
톱텍 108230 기타비유동금융부채 0 0
톱텍 108230 이연법인세부채 0 0
톱텍 108230 비유동리스부채 0 0
톱텍 108230 부채총계 65,300,052,471 56,907,436,152
톱텍 108230 자본금 8,892,790,000 8,892,790,000
톱텍 108230 자본잉여금 0 0
톱텍 108230 자본조정 0 0
톱텍 108230 기타포괄손익누계액 0 0
톱텍 108230 이익잉여금(결손금) 95,741,405,300 98,190,968,853
톱텍 108230 자본총계 170,843,436,326 165,681,555,674
톱텍 108230 자본과부채총계 236,143,488,797 222,588,991,826
date : 2016-06-30
톱텍 108230 유동자산 167,787,977,271 137,018,067,451
톱텍 108230 현금및현금성자산 12,986,609,053 15,314,238,582
톱텍 108230 매출채권 68,328,021,708 38,139,527,990
톱텍 108230 재고자산 10,301,929,709 8,951,498,653
톱텍 108230 기타유동금융자산 12,292,602,978 11,540,926,521
톱텍 108230 기타유동자산 0 0
톱텍 108230 매각예정비유동자산 0 0
톱텍 108230 비유동자산 79,210,632,775 68,381,112,652
톱텍 108230 장기금융상품 774,067,421 657,584,437
톱텍 108230 기타포괄손익-공정가치 0 0
톱텍 108230 당기손익인식공정가치측정금융자산 0 0
톱텍 108230 종속회사투자 0 0
톱텍 108230 관계회사투자 0 0
톱텍 108230 렌탈자산 0 0
톱텍 108230 유형자산 67,797,651,224 53,923,523,009
톱텍 108230 무형자산 1,110,775,993 1,127,284,993
톱텍 108230 기타비유동금융자산 586,249,365 611,375,265
톱텍 108230 기타비유동자산 0 0
톱텍 108230 사용권자산 0 0
톱텍 108230 이연법인세자산 3,034,658,198 3,034,658,198
톱텍 108230 자산총계 246,998,610,046 205,399,180,103
톱텍 108230 유동부채 80,219,610,491 51,658,069,808
톱텍 108230 단기매입채무 0 0
톱텍 108230 단기차입금 2,000,000,000 2,000,000,000
톱텍 108230 유동성장기차입금 0 0
톱텍 108230 유동성사채 0 0
톱텍 108230 기타유동금융부채 6,526,119,317 6,280,535,483
톱텍 108230 기타유동부채 0 0
톱텍 108230 당기법인세부채 3,469,279,245 4,484,464,150
톱텍 108230 유동리스부채 0 0
톱텍 108230 비유동부채 7,200,000,000 5,249,366,344
톱텍 108230 사채 0 0
톱텍 108230 장기차입금 7,200,000,000 5,249,366,344
톱텍 108230 기타비유동금융부채 0 0
톱텍 108230 이연법인세부채 0 0
톱텍 108230 비유동리스부채 0 0
톱텍 108230 부채총계 87,419,610,491 56,907,436,152
톱텍 108230 자본금 17,649,246,500 8,892,790,000
톱텍 108230 자본잉여금 0 0
톱텍 108230 자본조정 0 0
톱텍 108230 기타포괄손익누계액 0 0
톱텍 108230 이익잉여금(결손금) 84,181,290,529 81,001,157,130
톱텍 108230 자본총계 159,578,999,555 148,491,743,951
톱텍 108230 자본과부채총계 246,998,610,046 205,399,180,103
date : 2016-09-30
톱텍 108230 유동자산 202,195,276,829 137,018,067,451
톱텍 108230 현금및현금성자산 38,007,286,405 15,314,238,582
톱텍 108230 매출채권 54,368,886,591 38,139,527,990
톱텍 108230 재고자산 47,749,046,370 8,951,498,653
톱텍 108230 기타유동금융자산 14,850,032,002 11,540,926,521
톱텍 108230 기타유동자산 0 0
톱텍 108230 매각예정비유동자산 0 0
톱텍 108230 비유동자산 85,745,823,778 68,381,112,652
톱텍 108230 장기금융상품 842,923,559 657,584,437
톱텍 108230 기타포괄손익-공정가치 0 0
톱텍 108230 당기손익인식공정가치측정금융자산 0 0
톱텍 108230 종속회사투자 0 0
톱텍 108230 관계회사투자 0 0
톱텍 108230 렌탈자산 0 0
톱텍 108230 유형자산 75,758,795,834 53,923,523,009
톱텍 108230 무형자산 1,110,775,993 1,127,284,993
톱텍 108230 기타비유동금융자산 719,010,241 611,375,265
톱텍 108230 기타비유동자산 0 0
톱텍 108230 사용권자산 0 0
톱텍 108230 이연법인세자산 3,034,658,198 3,034,658,198
톱텍 108230 자산총계 287,941,100,607 205,399,180,103
톱텍 108230 유동부채 104,927,095,459 51,658,069,808
톱텍 108230 단기매입채무 0 0
톱텍 108230 단기차입금 2,000,000,000 2,000,000,000
톱텍 108230 유동성장기차입금 450,000,000 0
톱텍 108230 유동성사채 0 0
톱텍 108230 기타유동금융부채 9,954,756,367 6,280,535,483
톱텍 108230 기타유동부채 0 0
톱텍 108230 당기법인세부채 1,778,502,829 4,484,464,150
톱텍 108230 유동리스부채 0 0
톱텍 108230 비유동부채 6,840,000,000 5,249,366,344
톱텍 108230 사채 0 0
톱텍 108230 장기차입금 6,840,000,000 0
톱텍 108230 기타비유동금융부채 0 0
톱텍 108230 이연법인세부채 0 0
톱텍 108230 비유동리스부채 0 0
톱텍 108230 부채총계 111,767,095,459 56,907,436,152
톱텍 108230 자본금 18,175,562,000 8,892,790,000
톱텍 108230 자본잉여금 0 0
톱텍 108230 자본조정 0 0
톱텍 108230 기타포괄손익누계액 0 0
톱텍 108230 이익잉여금(결손금) 87,209,091,644 81,001,157,130
톱텍 108230 자본총계 176,174,005,148 148,491,743,951
톱텍 108230 자본과부채총계 287,941,100,607 205,399,180,103
date : 2016-12-31
톱텍 108230 유동자산 385,721,550,788 137,018,067,451
톱텍 108230 현금및현금성자산 126,745,752,085 15,314,238,582
톱텍 108230 매출채권 109,363,653,851 38,139,527,990
톱텍 108230 재고자산 91,394,630,217 8,951,498,653
톱텍 108230 기타유동금융자산 20,438,307,867 11,540,926,521
톱텍 108230 기타유동자산 0 0
톱텍 108230 매각예정비유동자산 0 0
톱텍 108230 비유동자산 84,727,179,661 68,381,112,652
톱텍 108230 장기금융상품 861,743,751 657,584,437
톱텍 108230 기타포괄손익-공정가치 0 0
톱텍 108230 당기손익인식공정가치측정금융자산 0 0
톱텍 108230 종속회사투자 0 0
톱텍 108230 관계회사투자 0 0
톱텍 108230 렌탈자산 0 0
톱텍 108230 유형자산 75,783,641,986 53,923,523,009
톱텍 108230 무형자산 956,737,347 1,127,284,993
톱텍 108230 기타비유동금융자산 731,895,449 611,375,265
톱텍 108230 기타비유동자산 0 0
톱텍 108230 사용권자산 0 0
톱텍 108230 이연법인세자산 2,282,773,907 3,034,658,198
톱텍 108230 자산총계 470,448,730,449 205,399,180,103
톱텍 108230 유동부채 263,269,281,939 51,658,069,808
톱텍 108230 단기매입채무 0 0
톱텍 108230 단기차입금 27,000,000,000 2,000,000,000
톱텍 108230 유동성장기차입금 900,000,000 0
톱텍 108230 유동성사채 0 0
톱텍 108230 기타유동금융부채 6,814,069,613 6,280,535,483
톱텍 108230 기타유동부채 0 0
톱텍 108230 당기법인세부채 8,854,477,201 4,484,464,150
톱텍 108230 유동리스부채 0 0
톱텍 108230 비유동부채 11,300,000,000 5,249,366,344
톱텍 108230 사채 0 0
톱텍 108230 장기차입금 11,300,000,000 0
톱텍 108230 기타비유동금융부채 0 0
톱텍 108230 이연법인세부채 0 0
톱텍 108230 비유동리스부채 0 0
톱텍 108230 부채총계 274,569,281,939 56,907,436,152
톱텍 108230 자본금 18,175,562,000 8,892,790,000
톱텍 108230 자본잉여금 0 0
톱텍 108230 자본조정 0 0
톱텍 108230 기타포괄손익누계액 18,729,186 8,892,790,000
톱텍 108230 이익잉여금(결손금) 107,361,856,109 81,001,157,130
톱텍 108230 자본총계 195,879,448,510 148,491,743,951
톱텍 108230 자본과부채총계 470,448,730,449 205,399,180,103
date : 2017-03-31
톱텍 108230 유동자산 592,119,810,310 385,721,550,788
톱텍 108230 현금및현금성자산 210,188,883,846 126,745,752,085
톱텍 108230 매출채권 191,286,095,358 109,363,653,851
톱텍 108230 재고자산 131,019,326,956 91,394,630,217
톱텍 108230 기타유동금융자산 27,866,830,262 20,438,307,867
톱텍 108230 기타유동자산 0 0
톱텍 108230 매각예정비유동자산 0 0
톱텍 108230 비유동자산 81,007,369,666 84,727,179,661
톱텍 108230 장기금융상품 975,249,675 861,743,751
톱텍 108230 기타포괄손익-공정가치 0 0
톱텍 108230 당기손익인식공정가치측정금융자산 0 0
톱텍 108230 종속회사투자 0 0
톱텍 108230 관계회사투자 0 0
톱텍 108230 렌탈자산 0 0
톱텍 108230 유형자산 72,992,117,490 75,783,641,986
톱텍 108230 무형자산 956,737,347 956,737,347
톱텍 108230 기타비유동금융자산 794,388,203 731,895,449
톱텍 108230 기타비유동자산 0 0
톱텍 108230 사용권자산 0 0
톱텍 108230 이연법인세자산 2,282,773,907 2,282,773,907
톱텍 108230 자산총계 673,127,179,976 470,448,730,449
톱텍 108230 유동부채 446,157,855,141 263,269,281,939
톱텍 108230 단기매입채무 0 0
톱텍 108230 단기차입금 85,999,961,953 27,000,000,000
톱텍 108230 유동성장기차입금 1,350,000,000 900,000,000
톱텍 108230 유동성사채 0 0
톱텍 108230 기타유동금융부채 13,568,099,067 6,814,069,613
톱텍 108230 기타유동부채 0 0
톱텍 108230 당기법인세부채 11,933,283,246 8,854,477,201
톱텍 108230 유동리스부채 0 0
톱텍 108230 비유동부채 10,850,000,000 11,300,000,000
톱텍 108230 사채 0 0
톱텍 108230 장기차입금 10,850,000,000 11,300,000,000
톱텍 108230 기타비유동금융부채 0 0
톱텍 108230 이연법인세부채 0 0
톱텍 108230 비유동리스부채 0 0
톱텍 108230 부채총계 457,007,855,141 274,569,281,939
톱텍 108230 자본금 18,175,562,000 18,175,562,000
톱텍 108230 자본잉여금 0 0
톱텍 108230 자본조정 0 0
톱텍 108230 기타포괄손익누계액 855,632 18,729,186
톱텍 108230 이익잉여금(결손금) 127,694,605,988 107,361,856,109
톱텍 108230 자본총계 216,119,324,835 195,879,448,510
톱텍 108230 자본과부채총계 673,127,179,976 470,448,730,449
date : 2017-06-30
톱텍 108230 유동자산 707,552,614,025 385,721,550,788
톱텍 108230 현금및현금성자산 392,789,337,990 126,745,752,085
톱텍 108230 매출채권 244,425,798,222 109,363,653,851
톱텍 108230 재고자산 20,853,419,992 91,394,630,217
톱텍 108230 기타유동금융자산 19,174,866,403 20,438,307,867
톱텍 108230 기타유동자산 0 0
톱텍 108230 매각예정비유동자산 0 0
톱텍 108230 비유동자산 84,244,588,417 84,727,179,661
톱텍 108230 장기금융상품 1,105,505,535 861,743,751
톱텍 108230 기타포괄손익-공정가치 0 0
톱텍 108230 당기손익인식공정가치측정금융자산 0 0
톱텍 108230 종속회사투자 0 0
톱텍 108230 관계회사투자 0 0
톱텍 108230 렌탈자산 0 0
톱텍 108230 유형자산 75,656,571,223 75,783,641,986
톱텍 108230 무형자산 956,737,347 956,737,347
톱텍 108230 기타비유동금융자산 827,084,714 731,895,449
톱텍 108230 기타비유동자산 0 0
톱텍 108230 사용권자산 0 0
톱텍 108230 이연법인세자산 2,282,773,907 2,282,773,907
톱텍 108230 자산총계 791,797,202,442 470,448,730,449
톱텍 108230 유동부채 476,056,511,322 263,269,281,939
톱텍 108230 단기매입채무 0 0
톱텍 108230 단기차입금 86,169,243,779 27,000,000,000
톱텍 108230 유동성장기차입금 2,157,310,000 900,000,000
톱텍 108230 유동성사채 0 0
톱텍 108230 기타유동금융부채 20,872,890,758 6,814,069,613
톱텍 108230 기타유동부채 0 0
톱텍 108230 당기법인세부채 30,324,872,873 8,854,477,201
톱텍 108230 유동리스부채 0 0
톱텍 108230 비유동부채 10,042,690,000 11,300,000,000
톱텍 108230 사채 0 0
톱텍 108230 장기차입금 10,042,690,000 11,300,000,000
톱텍 108230 기타비유동금융부채 0 0
톱텍 108230 이연법인세부채 0 0
톱텍 108230 비유동리스부채 0 0
톱텍 108230 부채총계 486,099,201,322 274,569,281,939
톱텍 108230 자본금 18,175,562,000 18,175,562,000
톱텍 108230 자본잉여금 0 0
톱텍 108230 자본조정 0 0
톱텍 108230 기타포괄손익누계액 4,597,796 18,729,186
톱텍 108230 이익잉여금(결손금) 217,269,540,109 107,361,856,109
톱텍 108230 자본총계 305,698,001,120 195,879,448,510
톱텍 108230 자본과부채총계 791,797,202,442 470,448,730,449
date : 2017-09-30
톱텍 108230 유동자산 538,315,799,616 385,721,550,788
톱텍 108230 현금및현금성자산 349,685,876,534 126,745,752,085
톱텍 108230 매출채권 116,394,740,771 109,363,653,851
톱텍 108230 재고자산 42,814,200,480 91,394,630,217
톱텍 108230 기타유동금융자산 16,908,928,451 20,438,307,867
톱텍 108230 기타유동자산 6,761,312,278 17,126,489,981
톱텍 108230 매각예정비유동자산 0 0
톱텍 108230 비유동자산 83,193,360,816 84,727,179,661
톱텍 108230 장기금융상품 978,734,451 861,743,751
톱텍 108230 기타포괄손익-공정가치 0 0
톱텍 108230 당기손익인식공정가치측정금융자산 0 0
톱텍 108230 종속회사투자 0 0
톱텍 108230 관계회사투자 0 0
톱텍 108230 렌탈자산 0 0
톱텍 108230 유형자산 74,589,549,078 75,783,641,986
톱텍 108230 무형자산 915,345,757 956,737,347
톱텍 108230 기타비유동금융자산 777,254,214 731,895,449
톱텍 108230 기타비유동자산 0 0
톱텍 108230 사용권자산 0 0
톱텍 108230 이연법인세자산 2,282,773,907 2,282,773,907
톱텍 108230 자산총계 621,509,160,432 470,448,730,449
톱텍 108230 유동부채 282,633,651,567 263,269,281,939
톱텍 108230 단기매입채무 0 0
톱텍 108230 단기차입금 86,351,998,093 27,000,000,000
톱텍 108230 유동성장기차입금 2,514,440,000 900,000,000
톱텍 108230 유동성사채 0 0
톱텍 108230 기타유동금융부채 14,749,079,447 6,814,069,613
톱텍 108230 기타유동부채 10,536,833,779 47,963,360,307
톱텍 108230 당기법인세부채 29,333,407,271 8,854,477,201
톱텍 108230 유동리스부채 0 0
톱텍 108230 비유동부채 9,235,560,000 11,300,000,000
톱텍 108230 사채 0 0
톱텍 108230 장기차입금 9,235,560,000 11,300,000,000
톱텍 108230 기타비유동금융부채 0 0
톱텍 108230 이연법인세부채 0 0
톱텍 108230 비유동리스부채 0 0
톱텍 108230 부채총계 291,869,211,567 274,569,281,939
톱텍 108230 자본금 18,175,562,000 18,175,562,000
톱텍 108230 자본잉여금 0 0
톱텍 108230 자본조정 0 0
톱텍 108230 기타포괄손익누계액 6,407,226 18,729,186
톱텍 108230 이익잉여금(결손금) 242,615,823,414 107,361,856,109
톱텍 108230 자본총계 329,639,948,865 195,879,448,510
톱텍 108230 자본과부채총계 621,509,160,432 470,448,730,449
date : 2017-12-31
톱텍 108230 유동자산 353,368,618,319 385,721,550,788
톱텍 108230 현금및현금성자산 237,929,404,269 126,745,752,085
톱텍 108230 매출채권 58,828,243,093 109,363,653,851
톱텍 108230 재고자산 25,568,669,980 91,394,630,217
톱텍 108230 기타유동금융자산 13,498,456,330 20,438,307,867
톱텍 108230 기타유동자산 3,243,775,132 17,126,489,981
톱텍 108230 매각예정비유동자산 0 0
톱텍 108230 비유동자산 87,395,209,131 84,727,179,661
톱텍 108230 장기금융상품 1,108,807,845 861,743,751
톱텍 108230 기타포괄손익-공정가치 0 0
톱텍 108230 당기손익인식공정가치측정금융자산 0 0
톱텍 108230 종속회사투자 0 0
톱텍 108230 관계회사투자 0 0
톱텍 108230 렌탈자산 0 0
톱텍 108230 유형자산 76,202,112,714 75,783,641,986
톱텍 108230 무형자산 915,345,757 956,737,347
톱텍 108230 기타비유동금융자산 570,593,164 731,895,449
톱텍 108230 기타비유동자산 0 0
톱텍 108230 사용권자산 0 0
톱텍 108230 이연법인세자산 3,812,426,334 2,282,773,907
톱텍 108230 자산총계 440,763,827,450 470,448,730,449
톱텍 108230 유동부채 104,540,219,626 263,269,281,939
톱텍 108230 단기매입채무 0 0
톱텍 108230 단기차입금 2,000,000,000 27,000,000,000
톱텍 108230 유동성장기차입금 2,871,570,000 900,000,000
톱텍 108230 유동성사채 0 0
톱텍 108230 기타유동금융부채 4,146,428,444 6,814,069,613
톱텍 108230 기타유동부채 4,003,887,471 47,963,360,307
톱텍 108230 당기법인세부채 29,353,591,023 8,854,477,201
톱텍 108230 유동리스부채 0 0
톱텍 108230 비유동부채 8,428,430,000 11,300,000,000
톱텍 108230 사채 0 0
톱텍 108230 장기차입금 8,428,430,000 11,300,000,000
톱텍 108230 기타비유동금융부채 0 0
톱텍 108230 이연법인세부채 0 0
톱텍 108230 비유동리스부채 0 0
톱텍 108230 부채총계 112,968,649,626 274,569,281,939
톱텍 108230 자본금 18,175,562,000 18,175,562,000
톱텍 108230 자본잉여금 0 0
톱텍 108230 자본조정 0 0
톱텍 108230 기타포괄손익누계액 328,844,666 18,729,186
톱텍 108230 이익잉여금(결손금) 244,427,293,522 107,361,856,109
톱텍 108230 자본총계 327,795,177,824 195,879,448,510
톱텍 108230 자본과부채총계 440,763,827,450 470,448,730,449
date : 2018-03-31
톱텍 108230 유동자산 356,577,218,850 353,368,618,319
톱텍 108230 현금및현금성자산 256,578,982,574 237,929,404,269
톱텍 108230 매출채권 57,287,982,050 58,828,243,093
톱텍 108230 재고자산 12,350,770,615 25,568,669,980
톱텍 108230 기타유동금융자산 13,837,730,944 13,498,456,330
톱텍 108230 기타유동자산 924,562,819 3,243,775,132
톱텍 108230 매각예정비유동자산 0 0
톱텍 108230 비유동자산 88,554,825,313 87,395,209,131
톱텍 108230 장기금융상품 1,239,712,829 1,108,807,845
톱텍 108230 기타포괄손익-공정가치 0 0
톱텍 108230 당기손익인식공정가치측정금융자산 0 0
톱텍 108230 종속회사투자 0 0
톱텍 108230 관계회사투자 0 0
톱텍 108230 렌탈자산 0 0
톱텍 108230 유형자산 75,800,099,374 76,202,112,714
톱텍 108230 무형자산 915,345,757 915,345,757
톱텍 108230 기타비유동금융자산 600,592,364 570,593,164
톱텍 108230 기타비유동자산 0 0
톱텍 108230 사용권자산 0 0
톱텍 108230 이연법인세자산 3,812,426,334 3,812,426,334
톱텍 108230 자산총계 445,132,044,163 440,763,827,450
톱텍 108230 유동부채 98,083,863,926 104,540,219,626
톱텍 108230 단기매입채무 0 0
톱텍 108230 단기차입금 2,000,000,000 2,000,000,000
톱텍 108230 유동성장기차입금 3,228,700,000 2,871,570,000
톱텍 108230 유동성사채 0 0
톱텍 108230 기타유동금융부채 3,826,348,168 4,146,428,444
톱텍 108230 기타유동부채 5,537,057,575 4,003,887,471
톱텍 108230 당기법인세부채 32,333,283,095 29,353,591,023
톱텍 108230 유동리스부채 0 0
톱텍 108230 비유동부채 7,621,300,000 8,428,430,000
톱텍 108230 사채 0 0
톱텍 108230 장기차입금 7,621,300,000 8,428,430,000
톱텍 108230 기타비유동금융부채 0 0
톱텍 108230 이연법인세부채 0 0
톱텍 108230 비유동리스부채 0 0
톱텍 108230 부채총계 105,705,163,926 112,968,649,626
톱텍 108230 자본금 18,175,562,000 18,175,562,000
톱텍 108230 자본잉여금 69,399,119,427 68,670,941,098
톱텍 108230 자본조정 0 0
톱텍 108230 기타포괄손익누계액 -10,755,853 328,844,666
톱텍 108230 이익잉여금(결손금) 255,569,150,461 244,427,293,522
톱텍 108230 자본총계 339,426,880,237 327,795,177,824
톱텍 108230 자본과부채총계 445,132,044,163 440,763,827,450
date : 2018-06-30
톱텍 108230 유동자산 352,383,036,176 353,368,618,319
톱텍 108230 현금및현금성자산 239,344,479,450 237,929,404,269
톱텍 108230 매출채권 및 기타유동채권
톱텍 108230 재고자산 27,155,927,576 25,568,669,980
톱텍 108230 기타유동금융자산 5,531,586,944 13,498,456,330
톱텍 108230 기타유동자산 3,552,265,961 3,243,775,132
톱텍 108230 매각예정비유동자산 0 0
톱텍 108230 비유동자산 98,194,733,102 87,395,209,131
톱텍 108230 장기금융상품 1,371,520,853 1,108,807,845
톱텍 108230 기타포괄손익-공정가치 0 0
톱텍 108230 당기손익인식공정가치측정금융자산 0 0
톱텍 108230 종속회사투자 0 0
톱텍 108230 관계회사투자 0 0
톱텍 108230 렌탈자산 0 0
톱텍 108230 유형자산 71,228,004,646 76,202,112,714
톱텍 108230 무형자산 915,345,757 915,345,757
톱텍 108230 기타비유동금융자산 508,455,964 570,593,164
톱텍 108230 기타비유동자산 0 0
톱텍 108230 사용권자산 0 0
톱텍 108230 이연법인세자산 3,812,426,334 3,812,426,334
톱텍 108230 자산총계 450,577,769,278 440,763,827,450
톱텍 108230 유동부채 78,882,398,888 104,540,219,626
톱텍 108230 단기매입채무 0 0
톱텍 108230 단기차입금 2,000,000,000 2,000,000,000
톱텍 108230 유동성장기차입금 0 0
톱텍 108230 유동성사채 0 0
톱텍 108230 기타유동금융부채 3,790,709,637 4,146,428,444
톱텍 108230 기타유동부채 4,069,605,610 4,003,887,471
톱텍 108230 당기법인세부채 4,817,433,042 29,353,591,023
톱텍 108230 유동리스부채 0 0
톱텍 108230 비유동부채 6,814,170,000 8,428,430,000
톱텍 108230 사채 0 0
톱텍 108230 장기차입금 0 0
톱텍 108230 기타비유동금융부채 0 0
톱텍 108230 이연법인세부채 0 0
톱텍 108230 비유동리스부채 0 0
톱텍 108230 부채총계 85,696,568,888 112,968,649,626
톱텍 108230 자본금 18,534,460,500 18,175,562,000
톱텍 108230 자본잉여금 84,648,579,649 68,670,941,098
톱텍 108230 자본조정 0 0
톱텍 108230 기타포괄손익누계액 9,443,420 328,844,666
톱텍 108230 이익잉여금(결손금) 267,260,978,379 244,427,293,522
톱텍 108230 자본총계 364,881,200,390 327,795,177,824
톱텍 108230 자본과부채총계 450,577,769,278 440,763,827,450
date : 2018-09-30
톱텍 108230 유동자산 301,624,980,512 353,368,618,319
톱텍 108230 현금및현금성자산 206,140,834,146 237,929,404,269
톱텍 108230 매출채권 및 기타유동채권
톱텍 108230 재고자산 24,883,330,888 25,568,669,980
톱텍 108230 기타유동금융자산 5,208,637,969 13,498,456,330
톱텍 108230 기타유동자산 1,659,578,835 3,243,775,132
톱텍 108230 매각예정비유동자산 0 0
톱텍 108230 비유동자산 98,519,210,573 87,395,209,131
톱텍 108230 장기금융상품 1,326,218,670 1,108,807,845
톱텍 108230 기타포괄손익-공정가치 0 0
톱텍 108230 당기손익인식공정가치측정금융자산 0 0
톱텍 108230 종속회사투자 0 0
톱텍 108230 관계회사투자 0 0
톱텍 108230 렌탈자산 0 0
톱텍 108230 유형자산 71,937,896,067 76,202,112,714
톱텍 108230 무형자산 669,354,757 915,345,757
톱텍 108230 기타비유동금융자산 503,988,564 570,593,164
톱텍 108230 기타비유동자산 0 0
톱텍 108230 사용권자산 0 0
톱텍 108230 이연법인세자산 3,812,426,334 3,812,426,334
톱텍 108230 자산총계 400,144,191,085 440,763,827,450
톱텍 108230 유동부채 33,307,594,319 104,540,219,626
톱텍 108230 단기매입채무 0 0
톱텍 108230 단기차입금 2,000,000,000 2,000,000,000
톱텍 108230 유동성장기차입금 0 0
톱텍 108230 유동성사채 0 0
톱텍 108230 기타유동금융부채 4,646,439,285 4,146,428,444
톱텍 108230 기타유동부채 3,405,054,759 4,003,887,471
톱텍 108230 당기법인세부채 0 29,353,591,023
톱텍 108230 유동리스부채 0 0
톱텍 108230 비유동부채 6,007,040,000 8,428,430,000
톱텍 108230 사채 0 0
톱텍 108230 장기차입금 6,007,040,000 8,428,430,000
톱텍 108230 기타비유동금융부채 0 0
톱텍 108230 이연법인세부채 0 0
톱텍 108230 비유동리스부채 0 0
톱텍 108230 부채총계 39,314,634,319 112,968,649,626
톱텍 108230 자본금 18,534,460,500 18,175,562,000
톱텍 108230 자본잉여금 84,648,579,649 68,670,941,098
톱텍 108230 자본조정 0 0
톱텍 108230 기타포괄손익누계액 5,470,817 328,844,666
톱텍 108230 이익잉여금(결손금) 271,829,054,238 244,427,293,522
톱텍 108230 자본총계 360,829,556,766 327,795,177,824
톱텍 108230 자본과부채총계 400,144,191,085 440,763,827,450
date : 2018-12-31
톱텍 108230 유동자산 276,499,721,637 353,368,618,319
톱텍 108230 현금및현금성자산 199,682,785,705 237,929,404,269
톱텍 108230 매출채권 및 기타유동채권
톱텍 108230 재고자산 16,362,974,928 25,568,669,980
톱텍 108230 기타유동금융자산 4,815,500,222 13,498,456,330
톱텍 108230 기타유동자산 1,160,907,777 3,243,775,132
톱텍 108230 매각예정비유동자산 0 0
톱텍 108230 비유동자산 99,996,328,096 87,395,209,131
톱텍 108230 장기금융상품 1,413,678,682 1,108,807,845
톱텍 108230 기타포괄손익-공정가치 0 0
톱텍 108230 당기손익인식공정가치측정금융자산 0 0
톱텍 108230 종속회사투자 0 0
톱텍 108230 관계회사투자 0 0
톱텍 108230 렌탈자산 0 0
톱텍 108230 유형자산 71,545,968,901 76,202,112,714
톱텍 108230 무형자산 669,354,757 915,345,757
톱텍 108230 기타비유동금융자산 475,184,764 570,593,164
톱텍 108230 기타비유동자산 0 0
톱텍 108230 사용권자산 0 0
톱텍 108230 이연법인세자산 6,457,629,504 3,812,426,334
톱텍 108230 자산총계 376,496,049,733 440,763,827,450
톱텍 108230 유동부채 36,537,169,483 104,540,219,626
톱텍 108230 단기매입채무 0 0
톱텍 108230 단기차입금 2,000,000,000 2,000,000,000
톱텍 108230 유동성장기차입금 0 0
톱텍 108230 유동성사채 0 0
톱텍 108230 기타유동금융부채 5,428,075,506 4,146,428,444
톱텍 108230 기타유동부채 3,563,358,578 4,003,887,471
톱텍 108230 당기법인세부채 3,080,546,492 29,353,591,023
톱텍 108230 유동리스부채 0 0
톱텍 108230 비유동부채 5,199,910,000 8,428,430,000
톱텍 108230 사채 0 0
톱텍 108230 장기차입금 5,199,910,000 8,428,430,000
톱텍 108230 기타비유동금융부채 0 0
톱텍 108230 이연법인세부채 0 0
톱텍 108230 비유동리스부채 0 0
톱텍 108230 부채총계 41,737,079,483 112,968,649,626
톱텍 108230 자본금 18,534,460,500 18,175,562,000
톱텍 108230 자본잉여금 0 0
톱텍 108230 자본조정 0 0
톱텍 108230 기타포괄손익누계액 -1,605,332 328,844,666
톱텍 108230 이익잉여금(결손금) 262,327,612,871 244,427,293,522
톱텍 108230 자본총계 334,758,970,250 327,795,177,824
톱텍 108230 자본과부채총계 376,496,049,733 440,763,827,450
date : 2019-03-31
톱텍 108230 유동자산 287,241,568,388 276,499,721,637
톱텍 108230 현금및현금성자산 199,485,445,151 199,682,785,705
톱텍 108230 매출채권 및 기타유동채권
톱텍 108230 재고자산 19,972,793,266 16,362,974,928
톱텍 108230 기타유동금융자산 4,639,534,290 4,815,500,222
톱텍 108230 기타유동자산 1,952,959,526 1,160,907,777
톱텍 108230 매각예정비유동자산 0 0
톱텍 108230 비유동자산 105,376,178,119 99,996,328,096
톱텍 108230 장기금융상품 0 1,413,678,682
톱텍 108230 기타포괄손익-공정가치 0 0
톱텍 108230 당기손익인식공정가치측정금융자산 0 0
톱텍 108230 종속회사투자 0 0
톱텍 108230 관계회사투자 0 0
톱텍 108230 렌탈자산 0 0
톱텍 108230 유형자산 73,537,757,398 71,545,968,901
톱텍 108230 무형자산 669,354,757 669,354,757
톱텍 108230 기타비유동금융자산 971,288,764 475,184,764
톱텍 108230 기타비유동자산 0 0
톱텍 108230 사용권자산 0 0
톱텍 108230 이연법인세자산 6,457,629,504 6,457,629,504
톱텍 108230 자산총계 392,617,746,507 376,496,049,733
톱텍 108230 유동부채 51,817,697,567 36,537,169,483
톱텍 108230 단기매입채무 0 0
톱텍 108230 단기차입금 2,000,000,000 2,000,000,000
톱텍 108230 유동성장기차입금 0 0
톱텍 108230 유동성사채 0 0
톱텍 108230 기타유동금융부채 11,045,732,585 5,428,075,506
톱텍 108230 기타유동부채 3,328,097,926 3,563,358,578
톱텍 108230 당기법인세부채 4,226,668,283 3,080,546,492
톱텍 108230 유동리스부채 0 0
톱텍 108230 비유동부채 4,392,780,000 5,199,910,000
톱텍 108230 사채 0 0
톱텍 108230 장기차입금 0 0
톱텍 108230 기타비유동금융부채 0 0
톱텍 108230 이연법인세부채 0 0
톱텍 108230 비유동리스부채 0 0
톱텍 108230 부채총계 56,210,477,567 41,737,079,483
톱텍 108230 자본금 18,534,460,500 18,534,460,500
톱텍 108230 자본잉여금 84,002,085,976 84,128,184,249
톱텍 108230 자본조정 0 0
톱텍 108230 기타포괄손익누계액 5,521,770 -1,605,332
톱텍 108230 이익잉여금(결손금) 261,792,041,343 262,327,612,871
톱텍 108230 자본총계 336,407,268,940 334,758,970,250
톱텍 108230 자본과부채총계 392,617,746,507 376,496,049,733
