date : 2018-12-31
로보티즈 108490 유동자산 41,942,727,240 28,852,749,642
로보티즈 108490 현금및현금성자산 12,908,772,253 20,096,302,722
로보티즈 108490 매출채권 0 0
로보티즈 108490 재고자산 5,456,513,490 3,520,256,418
로보티즈 108490 기타유동금융자산 0 0
로보티즈 108490 기타유동자산 623,773,958 573,138,459
로보티즈 108490 매각예정비유동자산 0 0
로보티즈 108490 비유동자산 27,326,096,821 17,202,701,527
로보티즈 108490 장기금융상품 0 0
로보티즈 108490 기타포괄손익-공정가치 0 0
로보티즈 108490 당기손익인식공정가치측정금융자산 0 0
로보티즈 108490 종속회사투자 0 0
로보티즈 108490 관계회사투자 0 0
로보티즈 108490 렌탈자산 0 0
로보티즈 108490 유형자산 24,360,986,331 15,769,770,856
로보티즈 108490 무형자산 589,543,403 412,308,267
로보티즈 108490 기타비유동금융자산 0 0
로보티즈 108490 기타비유동자산 0 0
로보티즈 108490 사용권자산 0 0
로보티즈 108490 이연법인세자산 673,900,947 380,470,645
로보티즈 108490 자산총계 69,268,824,061 46,055,451,169
로보티즈 108490 유동부채 3,564,621,052 3,406,618,274
로보티즈 108490 단기매입채무 0 0
로보티즈 108490 단기차입금 0 0
로보티즈 108490 유동성장기차입금 1,571,360,000 1,303,934,400
로보티즈 108490 유동성사채 0 0
로보티즈 108490 기타유동금융부채 0 0
로보티즈 108490 기타유동부채 428,710,942 314,461,454
로보티즈 108490 당기법인세부채 242,195,323 48,604,613
로보티즈 108490 유동리스부채 0 0
로보티즈 108490 비유동부채 3,595,525,727 6,569,855,842
로보티즈 108490 사채 0 0
로보티즈 108490 장기차입금 0 0
로보티즈 108490 기타비유동금융부채 0 0
로보티즈 108490 이연법인세부채 0 0
로보티즈 108490 비유동리스부채 0 0
로보티즈 108490 부채총계 7,160,146,779 9,976,474,116
로보티즈 108490 자본금 5,625,500,000 950,000,000
로보티즈 108490 자본잉여금 41,313,135,717 22,988,266,117
로보티즈 108490 자본조정 0 0
로보티즈 108490 기타포괄손익누계액 -37,399,830 6,058,081
로보티즈 108490 이익잉여금(결손금) 14,956,633,809 12,134,652,855
로보티즈 108490 자본총계 62,108,677,282 36,078,977,053
로보티즈 108490 자본과부채총계 69,268,824,061 46,055,451,169
date : 2019-03-31
로보티즈 108490 유동자산 38,535,331,095 41,942,727,240
로보티즈 108490 현금및현금성자산 9,660,741,025 12,908,772,253
로보티즈 108490 매출채권 0 0
로보티즈 108490 재고자산 6,932,686,582 5,456,513,490
로보티즈 108490 기타유동금융자산 0 0
로보티즈 108490 기타유동자산 503,527,499 623,773,958
로보티즈 108490 매각예정비유동자산 0 0
로보티즈 108490 비유동자산 27,222,272,529 27,326,096,821
로보티즈 108490 장기금융상품 0 0
로보티즈 108490 기타포괄손익-공정가치 0 0
로보티즈 108490 당기손익인식공정가치측정금융자산 0 0
로보티즈 108490 종속회사투자 0 0
로보티즈 108490 관계회사투자 0 0
로보티즈 108490 렌탈자산 0 0
로보티즈 108490 유형자산 23,932,256,841 24,360,986,331
로보티즈 108490 무형자산 591,808,801 589,543,403
로보티즈 108490 기타비유동금융자산 0 0
로보티즈 108490 기타비유동자산 0 0
로보티즈 108490 사용권자산 0 0
로보티즈 108490 이연법인세자산 502,344,647 673,900,947
로보티즈 108490 자산총계 65,757,603,624 69,268,824,061
로보티즈 108490 유동부채 2,782,276,167 3,564,621,052
로보티즈 108490 단기매입채무 0 0
로보티즈 108490 단기차입금 0 0
로보티즈 108490 유동성장기차입금 0 1,571,360,000
로보티즈 108490 유동성사채 0 0
로보티즈 108490 기타유동금융부채 0 0
로보티즈 108490 기타유동부채 786,479,172 428,710,942
로보티즈 108490 당기법인세부채 0 242,195,323
로보티즈 108490 유동리스부채 0 0
로보티즈 108490 비유동부채 908,698,433 3,595,525,727
로보티즈 108490 사채 0 0
로보티즈 108490 장기차입금 0 0
로보티즈 108490 기타비유동금융부채 0 0
로보티즈 108490 이연법인세부채 0 0
로보티즈 108490 비유동리스부채 0 0
로보티즈 108490 부채총계 3,690,974,600 7,160,146,779
로보티즈 108490 자본금 5,625,500,000 5,625,500,000
로보티즈 108490 자본잉여금 41,313,135,717 41,313,135,717
로보티즈 108490 자본조정 0 0
로보티즈 108490 기타포괄손익누계액 -29,052,260 -37,399,830
로보티즈 108490 이익잉여금(결손금) 14,864,730,328 14,956,633,809
로보티즈 108490 자본총계 62,066,629,024 62,108,677,282
로보티즈 108490 자본과부채총계 65,757,603,624 69,268,824,061
