date : 2015-12-31
옵티시스 109080 유동자산 25,883,128,752 24,136,751,400
옵티시스 109080 현금및현금성자산 7,077,065,624 6,934,831,388
옵티시스 109080 매출채권 0 0
옵티시스 109080 재고자산 3,742,625,912 3,732,190,851
옵티시스 109080 기타유동금융자산 0 0
옵티시스 109080 기타유동자산 158,862,335 268,244,383
옵티시스 109080 매각예정비유동자산 0 0
옵티시스 109080 비유동자산 10,143,893,406 9,886,199,841
옵티시스 109080 장기금융상품 0 0
옵티시스 109080 기타포괄손익-공정가치 0 0
옵티시스 109080 당기손익인식공정가치측정금융자산 0 0
옵티시스 109080 종속회사투자 0 0
옵티시스 109080 관계회사투자 0 0
옵티시스 109080 렌탈자산 0 0
옵티시스 109080 유형자산 3,085,796,783 3,258,519,175
옵티시스 109080 무형자산 2,855,708,941 2,994,518,302
옵티시스 109080 기타비유동금융자산 0 0
옵티시스 109080 기타비유동자산 336,100,190 343,948,290
옵티시스 109080 사용권자산 0 0
옵티시스 109080 이연법인세자산 415,179,220 226,377,307
옵티시스 109080 자산총계 36,027,022,158 34,022,951,241
옵티시스 109080 유동부채 4,810,189,152 4,747,895,009
옵티시스 109080 단기매입채무 0 0
옵티시스 109080 단기차입금 0 0
옵티시스 109080 유동성장기차입금 0 0
옵티시스 109080 유동성사채 0 0
옵티시스 109080 기타유동금융부채 0 0
옵티시스 109080 기타유동부채 44,764,338 64,036,980
옵티시스 109080 당기법인세부채 0 0
옵티시스 109080 유동리스부채 0 0
옵티시스 109080 비유동부채 1,656,845,989 1,602,996,595
옵티시스 109080 사채 0 0
옵티시스 109080 장기차입금 0 0
옵티시스 109080 기타비유동금융부채 0 0
옵티시스 109080 이연법인세부채 0 0
옵티시스 109080 비유동리스부채 0 0
옵티시스 109080 부채총계 6,467,035,141 6,350,891,604
옵티시스 109080 자본금 2,818,000,000 2,818,000,000
옵티시스 109080 자본잉여금 7,630,423,260 7,630,423,260
옵티시스 109080 자본조정 0 0
옵티시스 109080 기타포괄손익누계액 0 0
옵티시스 109080 이익잉여금(결손금) 0 0
옵티시스 109080 자본총계 0 0
옵티시스 109080 자본과부채총계 36,027,022,158 34,022,951,241
date : 2016-03-31
옵티시스 109080 유동자산 26,818,725,711 25,883,128,752
옵티시스 109080 현금및현금성자산 9,200,997,477 7,077,065,624
옵티시스 109080 매출채권 및 기타채권
옵티시스 109080 재고자산 4,028,549,634 3,742,625,912
옵티시스 109080 기타유동금융자산 0 0
옵티시스 109080 기타유동자산 430,963,715 158,862,335
옵티시스 109080 매각예정비유동자산 0 0
옵티시스 109080 비유동자산 10,444,966,689 10,143,893,406
옵티시스 109080 장기금융상품 0 0
옵티시스 109080 기타포괄손익-공정가치 0 0
옵티시스 109080 당기손익인식공정가치측정금융자산 0 0
옵티시스 109080 종속회사투자 0 0
옵티시스 109080 관계회사투자 0 0
옵티시스 109080 렌탈자산 0 0
옵티시스 109080 유형자산 3,004,371,276 3,085,796,783
옵티시스 109080 무형자산 2,736,278,227 2,855,708,941
옵티시스 109080 기타비유동금융자산 0 0
옵티시스 109080 기타비유동자산 339,560,690 336,100,190
옵티시스 109080 사용권자산 0 0
옵티시스 109080 이연법인세자산 434,481,364 415,179,220
옵티시스 109080 자산총계 37,263,692,400 36,027,022,158
옵티시스 109080 유동부채 5,410,245,632 4,810,189,152
옵티시스 109080 단기매입채무 0 0
옵티시스 109080 단기차입금 0 0
옵티시스 109080 유동성장기차입금 0 0
옵티시스 109080 유동성사채 0 0
옵티시스 109080 기타유동금융부채 0 0
옵티시스 109080 기타유동부채 23,103,805 44,764,338
옵티시스 109080 당기법인세부채 0 0
옵티시스 109080 유동리스부채 0 0
옵티시스 109080 비유동부채 1,667,294,947 1,656,845,989
옵티시스 109080 사채 0 0
옵티시스 109080 장기차입금 0 0
옵티시스 109080 기타비유동금융부채 0 0
옵티시스 109080 이연법인세부채 0 0
옵티시스 109080 비유동리스부채 0 0
옵티시스 109080 부채총계 7,077,540,579 6,467,035,141
옵티시스 109080 자본금 2,818,000,000 2,818,000,000
옵티시스 109080 자본잉여금 7,630,423,260 7,630,423,260
옵티시스 109080 자본조정 0 0
옵티시스 109080 기타포괄손익누계액 0 0
옵티시스 109080 이익잉여금(결손금) 0 0
옵티시스 109080 자본총계 30,186,151,821 29,559,987,017
옵티시스 109080 자본과부채총계 37,263,692,400 36,027,022,158
date : 2016-06-30
옵티시스 109080 유동자산 26,531,113,041 25,883,128,752
옵티시스 109080 현금및현금성자산 7,032,943,507 7,077,065,624
옵티시스 109080 매출채권 0 0
옵티시스 109080 재고자산 3,996,262,066 3,742,625,912
옵티시스 109080 기타유동금융자산 0 0
옵티시스 109080 기타유동자산 313,866,612 158,862,335
옵티시스 109080 매각예정비유동자산 0 0
옵티시스 109080 비유동자산 10,688,436,081 10,143,893,406
옵티시스 109080 장기금융상품 0 0
옵티시스 109080 기타포괄손익-공정가치 0 0
옵티시스 109080 당기손익인식공정가치측정금융자산 0 0
옵티시스 109080 종속회사투자 0 0
옵티시스 109080 관계회사투자 0 0
옵티시스 109080 렌탈자산 0 0
옵티시스 109080 유형자산 3,242,449,852 3,085,796,783
옵티시스 109080 무형자산 2,585,076,519 2,855,708,941
옵티시스 109080 기타비유동금융자산 0 0
옵티시스 109080 기타비유동자산 339,560,690 336,100,190
옵티시스 109080 사용권자산 0 0
옵티시스 109080 이연법인세자산 496,268,140 415,179,220
옵티시스 109080 자산총계 37,219,549,122 36,027,022,158
옵티시스 109080 유동부채 6,057,064,710 4,810,189,152
옵티시스 109080 단기매입채무 0 0
옵티시스 109080 단기차입금 0 0
옵티시스 109080 유동성장기차입금 0 0
옵티시스 109080 유동성사채 0 0
옵티시스 109080 기타유동금융부채 0 0
옵티시스 109080 기타유동부채 49,812,610 44,764,338
옵티시스 109080 당기법인세부채 0 0
옵티시스 109080 유동리스부채 0 0
옵티시스 109080 비유동부채 472,429,556 1,656,845,989
옵티시스 109080 사채 0 0
옵티시스 109080 장기차입금 0 0
옵티시스 109080 기타비유동금융부채 0 0
옵티시스 109080 이연법인세부채 0 0
옵티시스 109080 비유동리스부채 0 0
옵티시스 109080 부채총계 6,529,494,266 6,467,035,141
옵티시스 109080 자본금 2,818,000,000 2,818,000,000
옵티시스 109080 자본잉여금 7,630,423,260 7,630,423,260
옵티시스 109080 자본조정 0 0
옵티시스 109080 기타포괄손익누계액 0 0
옵티시스 109080 이익잉여금(결손금) 0 0
옵티시스 109080 자본총계 30,690,054,856 29,559,987,017
옵티시스 109080 자본과부채총계 37,219,549,122 36,027,022,158
date : 2016-09-30
옵티시스 109080 유동자산 26,652,345,509 25,883,128,752
옵티시스 109080 현금및현금성자산 7,446,776,115 7,077,065,624
옵티시스 109080 매출채권 0 0
옵티시스 109080 재고자산 4,326,073,778 3,742,625,912
옵티시스 109080 기타유동금융자산 0 0
옵티시스 109080 기타유동자산 168,866,196 158,862,335
옵티시스 109080 매각예정비유동자산 0 0
옵티시스 109080 비유동자산 10,568,724,922 10,143,893,406
옵티시스 109080 장기금융상품 0 0
옵티시스 109080 기타포괄손익-공정가치 0 0
옵티시스 109080 당기손익인식공정가치측정금융자산 0 0
옵티시스 109080 종속회사투자 0 0
옵티시스 109080 관계회사투자 0 0
옵티시스 109080 렌탈자산 0 0
옵티시스 109080 유형자산 3,147,192,079 3,085,796,783
옵티시스 109080 무형자산 2,445,457,558 2,855,708,941
옵티시스 109080 기타비유동금융자산 0 0
옵티시스 109080 기타비유동자산 339,560,690 336,100,190
옵티시스 109080 사용권자산 0 0
옵티시스 109080 이연법인세자산 521,808,520 415,179,220
옵티시스 109080 자산총계 37,221,070,431 36,027,022,158
옵티시스 109080 유동부채 5,884,227,597 4,810,189,152
옵티시스 109080 단기매입채무 0 0
옵티시스 109080 단기차입금 0 0
옵티시스 109080 유동성장기차입금 0 0
옵티시스 109080 유동성사채 0 0
옵티시스 109080 기타유동금융부채 0 0
옵티시스 109080 기타유동부채 75,448,765 44,764,338
옵티시스 109080 당기법인세부채 0 0
옵티시스 109080 유동리스부채 0 0
옵티시스 109080 비유동부채 485,360,953 1,656,845,989
옵티시스 109080 사채 0 0
옵티시스 109080 장기차입금 0 0
옵티시스 109080 기타비유동금융부채 0 0
옵티시스 109080 이연법인세부채 0 0
옵티시스 109080 비유동리스부채 0 0
옵티시스 109080 부채총계 6,369,588,550 6,467,035,141
옵티시스 109080 자본금 2,818,000,000 2,818,000,000
옵티시스 109080 자본잉여금 7,630,423,260 7,630,423,260
옵티시스 109080 자본조정 0 0
옵티시스 109080 기타포괄손익누계액 0 0
옵티시스 109080 이익잉여금(결손금) 0 0
옵티시스 109080 자본총계 30,851,481,881 29,559,987,017
옵티시스 109080 자본과부채총계 37,221,070,431 36,027,022,158
date : 2016-12-31
옵티시스 109080 유동자산 27,437,210,699 25,883,128,752
옵티시스 109080 현금및현금성자산 8,343,180,332 7,077,065,624
옵티시스 109080 매출채권 0 0
옵티시스 109080 재고자산 4,059,628,562 3,742,625,912
옵티시스 109080 기타유동금융자산 0 0
옵티시스 109080 기타유동자산 265,849,104 158,862,335
옵티시스 109080 매각예정비유동자산 0 0
옵티시스 109080 비유동자산 10,195,379,913 10,143,893,406
옵티시스 109080 장기금융상품 0 0
옵티시스 109080 기타포괄손익-공정가치 0 0
옵티시스 109080 당기손익인식공정가치측정금융자산 0 0
옵티시스 109080 종속회사투자 0 0
옵티시스 109080 관계회사투자 0 0
옵티시스 109080 렌탈자산 0 0
옵티시스 109080 유형자산 3,118,927,640 3,085,796,783
옵티시스 109080 무형자산 2,194,651,614 2,855,708,941
옵티시스 109080 기타비유동금융자산 0 0
옵티시스 109080 기타비유동자산 174,118,940 336,100,190
옵티시스 109080 사용권자산 0 0
옵티시스 109080 이연법인세자산 566,058,804 415,179,220
옵티시스 109080 자산총계 37,632,590,612 36,027,022,158
옵티시스 109080 유동부채 6,018,027,140 4,810,189,152
옵티시스 109080 단기매입채무 0 0
옵티시스 109080 단기차입금 0 0
옵티시스 109080 유동성장기차입금 0 0
옵티시스 109080 유동성사채 0 0
옵티시스 109080 기타유동금융부채 0 0
옵티시스 109080 기타유동부채 435,081,888 44,764,338
옵티시스 109080 당기법인세부채 0 0
옵티시스 109080 유동리스부채 0 0
옵티시스 109080 비유동부채 72,133,854 1,656,845,989
옵티시스 109080 사채 0 0
옵티시스 109080 장기차입금 0 0
옵티시스 109080 기타비유동금융부채 0 0
옵티시스 109080 이연법인세부채 0 0
옵티시스 109080 비유동리스부채 0 0
옵티시스 109080 부채총계 6,090,160,994 6,467,035,141
옵티시스 109080 자본금 2,818,000,000 2,818,000,000
옵티시스 109080 자본잉여금 7,630,423,260 7,630,423,260
옵티시스 109080 자본조정 0 0
옵티시스 109080 기타포괄손익누계액 0 0
옵티시스 109080 이익잉여금(결손금) 0 0
옵티시스 109080 자본총계 31,542,429,618 29,559,987,017
옵티시스 109080 자본과부채총계 37,632,590,612 36,027,022,158
date : 2017-03-31
옵티시스 109080 유동자산 27,156,764,102 27,437,210,699
옵티시스 109080 현금및현금성자산 8,562,890,292 8,343,180,332
옵티시스 109080 매출채권 및 기타채권
옵티시스 109080 재고자산 3,876,000,080 4,059,628,562
옵티시스 109080 기타유동금융자산 0 0
옵티시스 109080 기타유동자산 253,142,534 265,849,104
옵티시스 109080 매각예정비유동자산 0 0
옵티시스 109080 비유동자산 10,019,678,280 10,195,379,913
옵티시스 109080 장기금융상품 0 0
옵티시스 109080 기타포괄손익-공정가치 0 0
옵티시스 109080 당기손익인식공정가치측정금융자산 0 0
옵티시스 109080 종속회사투자 0 0
옵티시스 109080 관계회사투자 0 0
옵티시스 109080 렌탈자산 0 0
옵티시스 109080 유형자산 3,033,891,413 3,118,927,640
옵티시스 109080 무형자산 2,078,422,948 2,194,651,614
옵티시스 109080 기타비유동금융자산 0 0
옵티시스 109080 기타비유동자산 174,118,940 174,118,940
옵티시스 109080 사용권자산 0 0
옵티시스 109080 이연법인세자산 541,163,585 566,058,804
옵티시스 109080 자산총계 37,176,442,382 37,632,590,612
옵티시스 109080 유동부채 5,413,298,982 6,018,027,140
옵티시스 109080 단기매입채무 0 0
옵티시스 109080 단기차입금 0 0
옵티시스 109080 유동성장기차입금 0 0
옵티시스 109080 유동성사채 0 0
옵티시스 109080 기타유동금융부채 0 0
옵티시스 109080 기타유동부채 420,952,354 435,081,888
옵티시스 109080 당기법인세부채 0 0
옵티시스 109080 유동리스부채 0 0
옵티시스 109080 비유동부채 81,183,516 72,133,854
옵티시스 109080 사채 0 0
옵티시스 109080 장기차입금 0 0
옵티시스 109080 기타비유동금융부채 0 0
옵티시스 109080 이연법인세부채 0 0
옵티시스 109080 비유동리스부채 0 0
옵티시스 109080 부채총계 5,494,482,498 6,090,160,994
옵티시스 109080 자본금 2,818,000,000 2,818,000,000
옵티시스 109080 자본잉여금 7,630,423,260 7,630,423,260
옵티시스 109080 자본조정 0 0
옵티시스 109080 기타포괄손익누계액 0 0
옵티시스 109080 이익잉여금(결손금) 0 0
옵티시스 109080 자본총계 31,681,959,884 31,542,429,618
옵티시스 109080 자본과부채총계 37,176,442,382 37,632,590,612
date : 2017-06-30
옵티시스 109080 유동자산 26,537,397,438 27,437,210,699
옵티시스 109080 현금및현금성자산 11,871,707,961 8,343,180,332
옵티시스 109080 매출채권 및 기타채권
옵티시스 109080 재고자산 3,885,249,017 4,059,628,562
옵티시스 109080 기타유동금융자산 0 0
옵티시스 109080 기타유동자산 242,398,462 265,849,104
옵티시스 109080 매각예정비유동자산 0 0
옵티시스 109080 비유동자산 10,556,668,050 10,195,379,913
옵티시스 109080 장기금융상품 0 0
옵티시스 109080 기타포괄손익-공정가치 0 0
옵티시스 109080 당기손익인식공정가치측정금융자산 0 0
옵티시스 109080 종속회사투자 0 0
옵티시스 109080 관계회사투자 0 0
옵티시스 109080 렌탈자산 0 0
옵티시스 109080 유형자산 2,927,638,838 3,118,927,640
옵티시스 109080 무형자산 1,972,420,605 2,194,651,614
옵티시스 109080 기타비유동금융자산 0 0
옵티시스 109080 기타비유동자산 174,118,940 174,118,940
옵티시스 109080 사용권자산 0 0
옵티시스 109080 이연법인세자산 617,324,764 566,058,804
옵티시스 109080 자산총계 37,094,065,488 37,632,590,612
옵티시스 109080 유동부채 4,979,137,987 6,018,027,140
옵티시스 109080 단기매입채무 0 0
옵티시스 109080 단기차입금 0 0
옵티시스 109080 유동성장기차입금 0 0
옵티시스 109080 유동성사채 0 0
옵티시스 109080 기타유동금융부채 0 0
옵티시스 109080 기타유동부채 385,501,927 435,081,888
옵티시스 109080 당기법인세부채 0 0
옵티시스 109080 유동리스부채 0 0
옵티시스 109080 비유동부채 105,034,722 72,133,854
옵티시스 109080 사채 0 0
옵티시스 109080 장기차입금 0 0
옵티시스 109080 기타비유동금융부채 0 0
옵티시스 109080 이연법인세부채 0 0
옵티시스 109080 비유동리스부채 0 0
옵티시스 109080 부채총계 5,084,172,709 6,090,160,994
옵티시스 109080 자본금 2,818,000,000 2,818,000,000
옵티시스 109080 자본잉여금 7,630,423,260 7,630,423,260
옵티시스 109080 자본조정 0 0
옵티시스 109080 기타포괄손익누계액 0 0
옵티시스 109080 이익잉여금(결손금) 0 0
옵티시스 109080 자본총계 32,009,892,779 31,542,429,618
옵티시스 109080 자본과부채총계 37,094,065,488 37,632,590,612
date : 2017-09-30
옵티시스 109080 유동자산 26,227,527,708 27,437,210,699
옵티시스 109080 현금및현금성자산 6,317,834,640 8,343,180,332
옵티시스 109080 매출채권 및 기타채
옵티시스 109080 재고자산 4,290,049,071 4,059,628,562
옵티시스 109080 기타유동금융자산 0 0
옵티시스 109080 기타유동자산 247,202,562 265,849,104
옵티시스 109080 매각예정비유동자산 0 0
옵티시스 109080 비유동자산 10,398,753,897 10,195,379,913
옵티시스 109080 장기금융상품 0 0
옵티시스 109080 기타포괄손익-공정가치 0 0
옵티시스 109080 당기손익인식공정가치측정금융자산 0 0
옵티시스 109080 종속회사투자 0 0
옵티시스 109080 관계회사투자 0 0
옵티시스 109080 렌탈자산 0 0
옵티시스 109080 유형자산 2,812,109,458 3,118,927,640
옵티시스 109080 무형자산 1,903,880,298 2,194,651,614
옵티시스 109080 기타비유동금융자산 0 0
옵티시스 109080 기타비유동자산 174,118,940 174,118,940
옵티시스 109080 사용권자산 0 0
옵티시스 109080 이연법인세자산 588,313,497 566,058,804
옵티시스 109080 자산총계 36,626,281,605 37,632,590,612
옵티시스 109080 유동부채 3,871,723,166 6,018,027,140
옵티시스 109080 단기매입채무 0 0
옵티시스 109080 단기차입금 0 0
옵티시스 109080 유동성장기차입금 0 0
옵티시스 109080 유동성사채 0 0
옵티시스 109080 기타유동금융부채 0 0
옵티시스 109080 기타유동부채 382,881,367 435,081,888
옵티시스 109080 당기법인세부채 0 0
옵티시스 109080 유동리스부채 0 0
옵티시스 109080 비유동부채 122,490,083 72,133,854
옵티시스 109080 사채 0 0
옵티시스 109080 장기차입금 0 0
옵티시스 109080 기타비유동금융부채 0 0
옵티시스 109080 이연법인세부채 0 0
옵티시스 109080 비유동리스부채 0 0
옵티시스 109080 부채총계 3,994,213,249 6,090,160,994
옵티시스 109080 자본금 2,818,000,000 2,818,000,000
옵티시스 109080 자본잉여금 7,630,423,260 7,630,423,260
옵티시스 109080 자본조정 0 0
옵티시스 109080 기타포괄손익누계액 0 0
옵티시스 109080 이익잉여금(결손금) 0 0
옵티시스 109080 자본총계 32,632,068,356 31,542,429,618
옵티시스 109080 자본과부채총계 36,626,281,605 37,632,590,612
date : 2017-12-31
옵티시스 109080 유동자산 26,491,915,964 27,437,210,699
옵티시스 109080 현금및현금성자산 5,800,089,428 8,343,180,332
옵티시스 109080 매출채권 및 기타채권
옵티시스 109080 재고자산 4,163,739,305 4,059,628,562
옵티시스 109080 기타유동금융자산 0 0
옵티시스 109080 기타유동자산 120,671,727 265,849,104
옵티시스 109080 매각예정비유동자산 0 0
옵티시스 109080 비유동자산 10,454,395,685 10,195,379,913
옵티시스 109080 장기금융상품 0 0
옵티시스 109080 기타포괄손익-공정가치 0 0
옵티시스 109080 당기손익인식공정가치측정금융자산 0 0
옵티시스 109080 종속회사투자 0 0
옵티시스 109080 관계회사투자 0 0
옵티시스 109080 렌탈자산 0 0
옵티시스 109080 유형자산 2,823,651,553 3,118,927,640
옵티시스 109080 무형자산 1,785,090,774 2,194,651,614
옵티시스 109080 기타비유동금융자산 0 0
옵티시스 109080 기타비유동자산 334,118,940 174,118,940
옵티시스 109080 사용권자산 0 0
옵티시스 109080 이연법인세자산 595,443,457 566,058,804
옵티시스 109080 자산총계 36,946,311,649 37,632,590,612
옵티시스 109080 유동부채 3,823,578,010 6,018,027,140
옵티시스 109080 단기매입채무 0 0
옵티시스 109080 단기차입금 0 0
옵티시스 109080 유동성장기차입금 0 0
옵티시스 109080 유동성사채 0 0
옵티시스 109080 기타유동금융부채 0 0
옵티시스 109080 기타유동부채 267,416,729 435,081,888
옵티시스 109080 당기법인세부채 29,229,056 161,856,519
옵티시스 109080 유동리스부채 0 0
옵티시스 109080 비유동부채 121,207,454 72,133,854
옵티시스 109080 사채 0 0
옵티시스 109080 장기차입금 0 0
옵티시스 109080 기타비유동금융부채 0 0
옵티시스 109080 이연법인세부채 0 0
옵티시스 109080 비유동리스부채 0 0
옵티시스 109080 부채총계 3,944,785,464 6,090,160,994
옵티시스 109080 자본금 2,818,000,000 2,818,000,000
옵티시스 109080 자본잉여금 7,630,423,260 7,630,423,260
옵티시스 109080 자본조정 0 0
옵티시스 109080 기타포괄손익누계액 0 0
옵티시스 109080 이익잉여금(결손금) 0 0
옵티시스 109080 자본총계 33,001,526,185 31,542,429,618
옵티시스 109080 자본과부채총계 36,946,311,649 37,632,590,612
date : 2018-03-31
옵티시스 109080 유동자산 27,748,143,259 26,491,915,964
옵티시스 109080 현금및현금성자산 10,387,030,007 5,800,089,428
옵티시스 109080 매출채권 및 기타채권
옵티시스 109080 재고자산 4,525,727,571 4,163,739,305
옵티시스 109080 기타유동금융자산 0 0
옵티시스 109080 기타유동자산 80,405,176 120,671,727
옵티시스 109080 매각예정비유동자산 0 0
옵티시스 109080 비유동자산 10,253,111,979 10,454,395,685
옵티시스 109080 장기금융상품 0 0
옵티시스 109080 기타포괄손익-공정가치 0 0
옵티시스 109080 당기손익인식공정가치측정금융자산 0 0
옵티시스 109080 종속회사투자 0 0
옵티시스 109080 관계회사투자 0 0
옵티시스 109080 렌탈자산 0 0
옵티시스 109080 유형자산 2,765,794,809 2,823,651,553
옵티시스 109080 무형자산 1,611,960,034 1,785,090,774
옵티시스 109080 기타비유동금융자산 0 0
옵티시스 109080 기타비유동자산 334,118,940 334,118,940
옵티시스 109080 사용권자산 0 0
옵티시스 109080 이연법인세자산 586,722,068 595,443,457
옵티시스 109080 자산총계 38,001,255,238 36,946,311,649
옵티시스 109080 유동부채 4,486,297,828 3,823,578,010
옵티시스 109080 단기매입채무 0 0
옵티시스 109080 단기차입금 0 0
옵티시스 109080 유동성장기차입금 0 0
옵티시스 109080 유동성사채 0 0
옵티시스 109080 기타유동금융부채 0 0
옵티시스 109080 기타유동부채 297,039,295 267,416,729
옵티시스 109080 당기법인세부채 86,116,930 29,229,056
옵티시스 109080 유동리스부채 0 0
옵티시스 109080 비유동부채 136,001,000 121,207,454
옵티시스 109080 사채 0 0
옵티시스 109080 장기차입금 0 0
옵티시스 109080 기타비유동금융부채 0 0
옵티시스 109080 이연법인세부채 0 0
옵티시스 109080 비유동리스부채 0 0
옵티시스 109080 부채총계 4,622,298,828 3,944,785,464
옵티시스 109080 자본금 2,818,000,000 2,818,000,000
옵티시스 109080 자본잉여금 7,630,423,260 7,630,423,260
옵티시스 109080 자본조정 0 0
옵티시스 109080 기타포괄손익누계액 0 0
옵티시스 109080 이익잉여금(결손금) 0 0
옵티시스 109080 자본총계 33,378,956,410 33,001,526,185
옵티시스 109080 자본과부채총계 38,001,255,238 36,946,311,649
date : 2018-06-30
옵티시스 109080 유동자산 28,756,772,057 26,491,915,964
옵티시스 109080 현금및현금성자산 12,244,894,305 5,800,089,428
옵티시스 109080 매출채권 및 기타채권
옵티시스 109080 재고자산 4,861,285,545 4,163,739,305
옵티시스 109080 기타유동금융자산 0 0
옵티시스 109080 기타유동자산 256,524,365 120,671,727
옵티시스 109080 매각예정비유동자산 0 0
옵티시스 109080 비유동자산 10,229,351,990 10,454,395,685
옵티시스 109080 장기금융상품 0 0
옵티시스 109080 기타포괄손익-공정가치 0 0
옵티시스 109080 당기손익인식공정가치측정금융자산 0 0
옵티시스 109080 종속회사투자 0 0
옵티시스 109080 관계회사투자 0 0
옵티시스 109080 렌탈자산 0 0
옵티시스 109080 유형자산 2,727,103,731 2,823,651,553
옵티시스 109080 무형자산 1,503,856,028 1,785,090,774
옵티시스 109080 기타비유동금융자산 0 0
옵티시스 109080 기타비유동자산 379,118,940 334,118,940
옵티시스 109080 사용권자산 0 0
옵티시스 109080 이연법인세자산 617,590,282 595,443,457
옵티시스 109080 자산총계 38,986,124,047 36,946,311,649
옵티시스 109080 유동부채 4,712,873,049 3,823,578,010
옵티시스 109080 단기매입채무 0 0
옵티시스 109080 단기차입금 0 0
옵티시스 109080 유동성장기차입금 0 0
옵티시스 109080 유동성사채 0 0
옵티시스 109080 기타유동금융부채 0 0
옵티시스 109080 기타유동부채 418,444,832 267,416,729
옵티시스 109080 당기법인세부채 179,458,545 29,229,056
옵티시스 109080 유동리스부채 0 0
옵티시스 109080 비유동부채 69,337,441 121,207,454
옵티시스 109080 사채 0 0
옵티시스 109080 장기차입금 0 0
옵티시스 109080 기타비유동금융부채 0 0
옵티시스 109080 이연법인세부채 0 0
옵티시스 109080 비유동리스부채 0 0
옵티시스 109080 부채총계 4,782,210,490 3,944,785,464
옵티시스 109080 자본금 2,818,000,000 2,818,000,000
옵티시스 109080 자본잉여금 7,630,423,260 7,630,423,260
옵티시스 109080 자본조정 0 0
옵티시스 109080 기타포괄손익누계액 0 0
옵티시스 109080 이익잉여금(결손금) 27,691,908,540 26,489,521,168
옵티시스 109080 자본총계 34,203,913,557 33,001,526,185
옵티시스 109080 자본과부채총계 38,986,124,047 36,946,311,649
date : 2018-09-30
옵티시스 109080 유동자산 28,248,290,858 26,491,915,964
옵티시스 109080 현금및현금성자산 10,562,951,619 5,800,089,428
옵티시스 109080 매출채권 및 기타채권
옵티시스 109080 재고자산 4,640,978,659 4,163,739,305
옵티시스 109080 기타유동금융자산 0 0
옵티시스 109080 기타유동자산 116,459,525 120,671,727
옵티시스 109080 매각예정비유동자산 0 0
옵티시스 109080 비유동자산 11,651,949,469 10,454,395,685
옵티시스 109080 장기금융상품 0 0
옵티시스 109080 기타포괄손익-공정가치 0 0
옵티시스 109080 당기손익인식공정가치측정금융자산 0 0
옵티시스 109080 종속회사투자 0 0
옵티시스 109080 관계회사투자 0 0
옵티시스 109080 렌탈자산 0 0
옵티시스 109080 유형자산 2,738,625,819 2,823,651,553
옵티시스 109080 무형자산 1,440,491,650 1,785,090,774
옵티시스 109080 기타비유동금융자산 0 0
옵티시스 109080 기타비유동자산 1,729,518,940 334,118,940
옵티시스 109080 사용권자산 0 0
옵티시스 109080 이연법인세자산 614,626,034 595,443,457
옵티시스 109080 자산총계 39,900,240,327 36,946,311,649
옵티시스 109080 유동부채 4,542,703,502 3,823,578,010
옵티시스 109080 단기매입채무 0 0
옵티시스 109080 단기차입금 0 0
옵티시스 109080 유동성장기차입금 0 0
옵티시스 109080 유동성사채 0 0
옵티시스 109080 기타유동금융부채 0 0
옵티시스 109080 기타유동부채 440,716,202 267,416,729
옵티시스 109080 당기법인세부채 276,558,331 29,229,056
옵티시스 109080 유동리스부채 0 0
옵티시스 109080 비유동부채 82,640,177 121,207,454
옵티시스 109080 사채 0 0
옵티시스 109080 장기차입금 0 0
옵티시스 109080 기타비유동금융부채 0 0
옵티시스 109080 이연법인세부채 0 0
옵티시스 109080 비유동리스부채 0 0
옵티시스 109080 부채총계 4,625,343,679 3,944,785,464
옵티시스 109080 자본금 2,818,000,000 2,818,000,000
옵티시스 109080 자본잉여금 7,630,423,260 7,630,423,260
옵티시스 109080 자본조정 0 0
옵티시스 109080 기타포괄손익누계액 0 0
옵티시스 109080 이익잉여금(결손금) 28,762,891,631 26,489,521,168
옵티시스 109080 자본총계 35,274,896,648 33,001,526,185
옵티시스 109080 자본과부채총계 39,900,240,327 36,946,311,649
date : 2018-12-31
옵티시스 109080 유동자산 27,905,650,060 26,491,915,964
옵티시스 109080 현금및현금성자산 11,461,286,535 5,800,089,428
옵티시스 109080 매출채권 및 기타채권
옵티시스 109080 재고자산 4,533,334,407 4,163,739,305
옵티시스 109080 기타유동금융자산 0 0
옵티시스 109080 기타유동자산 117,567,266 120,671,727
옵티시스 109080 매각예정비유동자산 0 0
옵티시스 109080 비유동자산 10,906,902,564 10,454,395,685
옵티시스 109080 장기금융상품 0 0
옵티시스 109080 기타포괄손익-공정가치 0 0
옵티시스 109080 당기손익인식공정가치측정금융자산 0 0
옵티시스 109080 종속회사투자 0 0
옵티시스 109080 관계회사투자 0 0
옵티시스 109080 렌탈자산 0 0
옵티시스 109080 유형자산 2,674,614,991 2,823,651,553
옵티시스 109080 무형자산 1,309,394,196 1,785,090,774
옵티시스 109080 기타비유동금융자산 0 0
옵티시스 109080 기타비유동자산 1,729,518,940 334,118,940
옵티시스 109080 사용권자산 0 0
옵티시스 109080 이연법인세자산 786,915,044 595,443,457
옵티시스 109080 자산총계 38,812,552,624 36,946,311,649
옵티시스 109080 유동부채 3,294,086,294 3,823,578,010
옵티시스 109080 단기매입채무 0 0
옵티시스 109080 단기차입금 0 0
옵티시스 109080 유동성장기차입금 0 0
옵티시스 109080 유동성사채 0 0
옵티시스 109080 기타유동금융부채 0 0
옵티시스 109080 기타유동부채 292,716,265 267,416,729
옵티시스 109080 당기법인세부채 0 0
옵티시스 109080 유동리스부채 0 0
옵티시스 109080 비유동부채 88,224,220 121,207,454
옵티시스 109080 사채 0 0
옵티시스 109080 장기차입금 0 0
옵티시스 109080 기타비유동금융부채 0 0
옵티시스 109080 이연법인세부채 0 0
옵티시스 109080 비유동리스부채 0 0
옵티시스 109080 부채총계 3,382,310,514 3,944,785,464
옵티시스 109080 자본금 2,818,000,000 2,818,000,000
옵티시스 109080 자본잉여금 7,630,423,260 7,630,423,260
옵티시스 109080 자본조정 0 0
옵티시스 109080 기타포괄손익누계액 0 0
옵티시스 109080 이익잉여금(결손금) 28,918,237,093 26,489,521,168
옵티시스 109080 자본총계 35,430,242,110 33,001,526,185
옵티시스 109080 자본과부채총계 38,812,552,624 36,946,311,649
date : 2019-03-31
옵티시스 109080 유동자산 31,961,878,819 27,905,650,060
옵티시스 109080 현금및현금성자산 10,335,899,364 11,461,286,535
옵티시스 109080 매출채권 및 기타채권
옵티시스 109080 재고자산 4,942,578,896 4,533,334,407
옵티시스 109080 기타유동금융자산 0 0
옵티시스 109080 기타유동자산 134,803,959 117,567,266
옵티시스 109080 매각예정비유동자산 0 0
옵티시스 109080 비유동자산 8,671,236,533 10,906,902,564
옵티시스 109080 장기금융상품 0 0
옵티시스 109080 기타포괄손익-공정가치 0 0
옵티시스 109080 당기손익인식공정가치측정금융자산 0 0
옵티시스 109080 종속회사투자 0 0
옵티시스 109080 관계회사투자 0 0
옵티시스 109080 렌탈자산 0 0
옵티시스 109080 유형자산 2,664,251,881 2,674,614,991
옵티시스 109080 무형자산 1,219,897,199 1,309,394,196
옵티시스 109080 기타비유동금융자산 0 0
옵티시스 109080 기타비유동자산 1,660,777,040 1,729,518,940
옵티시스 109080 사용권자산 0 0
옵티시스 109080 이연법인세자산 719,889,245 786,915,044
옵티시스 109080 자산총계 40,633,115,352 38,812,552,624
옵티시스 109080 유동부채 4,487,510,020 3,294,086,294
옵티시스 109080 단기매입채무 0 0
옵티시스 109080 단기차입금 0 0
옵티시스 109080 유동성장기차입금 0 0
옵티시스 109080 유동성사채 0 0
옵티시스 109080 기타유동금융부채 0 0
옵티시스 109080 기타유동부채 180,251,521 292,716,265
옵티시스 109080 당기법인세부채 0 0
옵티시스 109080 유동리스부채 0 0
옵티시스 109080 비유동부채 115,992,200 88,224,220
옵티시스 109080 사채 0 0
옵티시스 109080 장기차입금 0 0
옵티시스 109080 기타비유동금융부채 0 0
옵티시스 109080 이연법인세부채 0 0
옵티시스 109080 비유동리스부채 0 0
옵티시스 109080 부채총계 4,603,502,220 3,382,310,514
옵티시스 109080 자본금 2,818,000,000 2,818,000,000
옵티시스 109080 자본잉여금 7,630,423,260 7,630,423,260
옵티시스 109080 자본조정 0 0
옵티시스 109080 기타포괄손익누계액 0 0
옵티시스 109080 이익잉여금(결손금) 29,517,608,115 28,918,237,093
옵티시스 109080 자본총계 36,029,613,132 35,430,242,110
옵티시스 109080 자본과부채총계 40,633,115,352 38,812,552,624
