date : 2015-12-31
동일금속 109860 유동자산 51,748,875,079 44,080,134,699
동일금속 109860 현금및현금성자산 3,750,896,345 4,779,402,148
동일금속 109860 매출채권 0 0
동일금속 109860 재고자산 9,051,277,058 8,857,378,871
동일금속 109860 기타유동금융자산 0 0
동일금속 109860 기타유동자산 1,110,984,932 1,167,725,638
동일금속 109860 매각예정비유동자산 397,402,700 397,402,700
동일금속 109860 비유동자산 62,558,459,516 67,637,306,642
동일금속 109860 장기금융상품 0 0
동일금속 109860 기타포괄손익-공정가치 0 0
동일금속 109860 당기손익인식공정가치측정금융자산 0 0
동일금속 109860 종속회사투자 0 0
동일금속 109860 관계회사투자 0 0
동일금속 109860 렌탈자산 0 0
동일금속 109860 유형자산 20,148,725,385 12,315,025,928
동일금속 109860 무형자산 640,738,444 640,738,444
동일금속 109860 기타비유동금융자산 0 0
동일금속 109860 기타비유동자산 0 0
동일금속 109860 사용권자산 0 0
동일금속 109860 이연법인세자산 0 0
동일금속 109860 자산총계 114,307,334,595 111,717,441,341
동일금속 109860 유동부채 11,961,045,040 13,201,037,919
동일금속 109860 단기매입채무 0 0
동일금속 109860 단기차입금 1,778,070,000 1,748,312,000
동일금속 109860 유동성장기차입금 0 0
동일금속 109860 유동성사채 0 0
동일금속 109860 기타유동금융부채 0 0
동일금속 109860 기타유동부채 53,753,222 167,366,616
동일금속 109860 당기법인세부채 1,031,415,062 789,676,967
동일금속 109860 유동리스부채 0 0
동일금속 109860 비유동부채 1,714,597,696 1,972,109,820
동일금속 109860 사채 0 0
동일금속 109860 장기차입금 37,650,000 153,650,000
동일금속 109860 기타비유동금융부채 0 0
동일금속 109860 이연법인세부채 1,480,614,425 1,765,672,690
동일금속 109860 비유동리스부채 0 0
동일금속 109860 부채총계 13,675,642,736 15,173,147,739
동일금속 109860 자본금 0 0
동일금속 109860 자본잉여금 0 0
동일금속 109860 자본조정 0 0
동일금속 109860 기타포괄손익누계액 0 0
동일금속 109860 이익잉여금(결손금) 77,029,009,146 70,168,161,884
동일금속 109860 자본총계 100,631,691,859 96,544,293,602
동일금속 109860 자본과부채총계 114,307,334,595 111,717,441,341
date : 2016-03-31
동일금속 109860 유동자산 40,358,832,444 51,748,875,079
동일금속 109860 현금및현금성자산 7,663,411,374 3,750,896,345
동일금속 109860 매출채권 0 0
동일금속 109860 재고자산 9,406,313,593 9,051,277,058
동일금속 109860 기타유동금융자산 0 0
동일금속 109860 기타유동자산 1,030,984,957 1,110,984,932
동일금속 109860 매각예정비유동자산 397,402,700 1,110,984,932
동일금속 109860 비유동자산 75,803,160,081 62,558,459,516
동일금속 109860 장기금융상품 0 0
동일금속 109860 기타포괄손익-공정가치 0 0
동일금속 109860 당기손익인식공정가치측정금융자산 0 0
동일금속 109860 종속회사투자 0 0
동일금속 109860 관계회사투자 0 0
동일금속 109860 렌탈자산 0 0
동일금속 109860 유형자산 21,089,206,554 20,148,725,385
동일금속 109860 무형자산 640,738,444 640,738,444
동일금속 109860 기타비유동금융자산 0 0
동일금속 109860 기타비유동자산 0 0
동일금속 109860 사용권자산 0 0
동일금속 109860 이연법인세자산 0 0
동일금속 109860 자산총계 116,161,992,525 114,307,334,595
동일금속 109860 유동부채 12,944,291,734 11,961,045,040
동일금속 109860 단기매입채무 0 0
동일금속 109860 단기차입금 1,721,597,500 1,778,070,000
동일금속 109860 유동성장기차입금 0 0
동일금속 109860 유동성사채 0 0
동일금속 109860 기타유동금융부채 0 0
동일금속 109860 기타유동부채 1,131,005,749 53,753,222
동일금속 109860 당기법인세부채 644,013,749 1,031,415,062
동일금속 109860 유동리스부채 0 0
동일금속 109860 비유동부채 2,108,924,738 1,714,597,696
동일금속 109860 사채 0 0
동일금속 109860 장기차입금 37,650,000 1,714,597,696
동일금속 109860 기타비유동금융부채 0 0
동일금속 109860 이연법인세부채 1,803,746,620 1,480,614,425
동일금속 109860 비유동리스부채 0 0
동일금속 109860 부채총계 15,053,216,472 13,675,642,736
동일금속 109860 자본금 0 0
동일금속 109860 자본잉여금 0 0
동일금속 109860 자본조정 0 0
동일금속 109860 기타포괄손익누계액 0 0
동일금속 109860 이익잉여금(결손금) 77,139,348,790 77,029,009,146
동일금속 109860 자본총계 101,108,776,053 100,631,691,859
동일금속 109860 자본과부채총계 116,161,992,525 114,307,334,595
date : 2016-06-30
동일금속 109860 유동자산 37,270,728,886 51,748,875,079
동일금속 109860 현금및현금성자산 7,939,469,897 3,750,896,345
동일금속 109860 매출채권 0 0
동일금속 109860 재고자산 8,664,048,786 9,051,277,058
동일금속 109860 기타유동금융자산 0 0
동일금속 109860 기타유동자산 919,546,706 1,110,984,932
동일금속 109860 매각예정비유동자산 397,402,700 1,110,984,932
동일금속 109860 비유동자산 77,120,140,570 62,558,459,516
동일금속 109860 장기금융상품 0 0
동일금속 109860 기타포괄손익-공정가치 0 0
동일금속 109860 당기손익인식공정가치측정금융자산 0 0
동일금속 109860 종속회사투자 0 0
동일금속 109860 관계회사투자 0 0
동일금속 109860 렌탈자산 0 0
동일금속 109860 유형자산 20,990,654,342 20,148,725,385
동일금속 109860 무형자산 640,738,444 640,738,444
동일금속 109860 기타비유동금융자산 0 0
동일금속 109860 기타비유동자산 0 0
동일금속 109860 사용권자산 0 0
동일금속 109860 이연법인세자산 0 0
동일금속 109860 자산총계 114,390,869,456 114,307,334,595
동일금속 109860 유동부채 10,076,733,101 11,961,045,040
동일금속 109860 단기매입채무 0 0
동일금속 109860 단기차입금 1,729,579,500 1,778,070,000
동일금속 109860 유동성장기차입금 0 0
동일금속 109860 유동성사채 0 0
동일금속 109860 기타유동금융부채 0 0
동일금속 109860 기타유동부채 85,472,950 53,753,222
동일금속 109860 당기법인세부채 272,462,979 1,031,415,062
동일금속 109860 유동리스부채 0 0
동일금속 109860 비유동부채 2,429,567,048 1,714,597,696
동일금속 109860 사채 0 0
동일금속 109860 장기차입금 37,650,000 1,714,597,696
동일금속 109860 기타비유동금융부채 0 0
동일금속 109860 이연법인세부채 2,067,630,196 1,480,614,425
동일금속 109860 비유동리스부채 0 0
동일금속 109860 부채총계 12,506,300,149 13,675,642,736
동일금속 109860 자본금 0 0
동일금속 109860 자본잉여금 0 0
동일금속 109860 자본조정 0 0
동일금속 109860 기타포괄손익누계액 0 0
동일금속 109860 이익잉여금(결손금) 78,518,656,314 77,029,009,146
동일금속 109860 자본총계 101,884,569,307 100,631,691,859
동일금속 109860 자본과부채총계 114,390,869,456 114,307,334,595
date : 2016-09-30
동일금속 109860 유동자산 33,460,851,440 51,748,875,079
동일금속 109860 현금및현금성자산 4,544,798,107 3,750,896,345
동일금속 109860 매출채권 0 0
동일금속 109860 재고자산 9,367,166,371 9,051,277,058
동일금속 109860 기타유동금융자산 0 0
동일금속 109860 기타유동자산 801,786,757 1,110,984,932
동일금속 109860 매각예정비유동자산 397,402,700 1,110,984,932
동일금속 109860 비유동자산 80,601,042,844 62,558,459,516
동일금속 109860 장기금융상품 0 0
동일금속 109860 기타포괄손익-공정가치 0 0
동일금속 109860 당기손익인식공정가치측정금융자산 0 0
동일금속 109860 종속회사투자 0 0
동일금속 109860 관계회사투자 0 0
동일금속 109860 렌탈자산 0 0
동일금속 109860 유형자산 20,670,177,613 20,148,725,385
동일금속 109860 무형자산 439,112,000 640,738,444
동일금속 109860 기타비유동금융자산 0 0
동일금속 109860 기타비유동자산 0 0
동일금속 109860 사용권자산 0 0
동일금속 109860 이연법인세자산 0 0
동일금속 109860 자산총계 114,061,894,284 114,307,334,595
동일금속 109860 유동부채 8,592,437,056 11,961,045,040
동일금속 109860 단기매입채무 0 0
동일금속 109860 단기차입금 1,628,005,500 1,778,070,000
동일금속 109860 유동성장기차입금 0 0
동일금속 109860 유동성사채 0 0
동일금속 109860 기타유동금융부채 0 0
동일금속 109860 기타유동부채 79,469,629 53,753,222
동일금속 109860 당기법인세부채 211,992,714 1,031,415,062
동일금속 109860 유동리스부채 0 0
동일금속 109860 비유동부채 2,540,181,634 1,714,597,696
동일금속 109860 사채 0 0
동일금속 109860 장기차입금 37,650,000 1,714,597,696
동일금속 109860 기타비유동금융부채 0 0
동일금속 109860 이연법인세부채 2,169,003,451 1,480,614,425
동일금속 109860 비유동리스부채 0 0
동일금속 109860 부채총계 11,132,618,690 13,675,642,736
동일금속 109860 자본금 0 0
동일금속 109860 자본잉여금 0 0
동일금속 109860 자본조정 0 0
동일금속 109860 기타포괄손익누계액 0 0
동일금속 109860 이익잉여금(결손금) 78,906,754,718 77,029,009,146
동일금속 109860 자본총계 102,929,275,594 100,631,691,859
동일금속 109860 자본과부채총계 114,061,894,284 114,307,334,595
date : 2016-12-31
동일금속 109860 유동자산 17,901,035,696 51,748,875,079
동일금속 109860 현금및현금성자산 1,352,647,050 3,750,896,345
동일금속 109860 매출채권 0 0
동일금속 109860 재고자산 9,197,579,127 9,051,277,058
동일금속 109860 기타유동금융자산 0 0
동일금속 109860 기타유동자산 751,958,754 1,110,984,932
동일금속 109860 매각예정비유동자산 397,402,700 1,110,984,932
동일금속 109860 비유동자산 96,195,197,411 62,558,459,516
동일금속 109860 장기금융상품 0 0
동일금속 109860 기타포괄손익-공정가치 0 0
동일금속 109860 당기손익인식공정가치측정금융자산 0 0
동일금속 109860 종속회사투자 0 0
동일금속 109860 관계회사투자 0 0
동일금속 109860 렌탈자산 0 0
동일금속 109860 유형자산 20,242,022,571 20,148,725,385
동일금속 109860 무형자산 439,112,000 640,738,444
동일금속 109860 기타비유동금융자산 0 0
동일금속 109860 기타비유동자산 0 0
동일금속 109860 사용권자산 0 0
동일금속 109860 이연법인세자산 0 0
동일금속 109860 자산총계 114,096,233,107 114,307,334,595
동일금속 109860 유동부채 8,694,157,098 11,961,045,040
동일금속 109860 단기매입채무 0 0
동일금속 109860 단기차입금 1,794,622,500 1,740,420,000
동일금속 109860 유동성장기차입금 0 0
동일금속 109860 유동성사채 0 0
동일금속 109860 기타유동금융부채 0 0
동일금속 109860 기타유동부채 64,292,609 53,753,222
동일금속 109860 당기법인세부채 57,874,814 1,031,415,062
동일금속 109860 유동리스부채 0 0
동일금속 109860 비유동부채 2,488,457,108 1,714,597,696
동일금속 109860 사채 0 0
동일금속 109860 장기차입금 37,650,000 1,714,597,696
동일금속 109860 기타비유동금융부채 0 0
동일금속 109860 이연법인세부채 2,195,562,727 1,480,614,425
동일금속 109860 비유동리스부채 0 0
동일금속 109860 부채총계 11,182,614,206 13,675,642,736
동일금속 109860 자본금 0 0
동일금속 109860 자본잉여금 0 0
동일금속 109860 자본조정 0 0
동일금속 109860 기타포괄손익누계액 0 0
동일금속 109860 이익잉여금(결손금) 79,107,689,441 77,029,009,146
동일금속 109860 자본총계 102,913,618,901 100,631,691,859
동일금속 109860 자본과부채총계 114,096,233,107 114,307,334,595
date : 2017-03-31
동일금속 109860 유동자산 23,824,066,466 17,901,035,696
동일금속 109860 현금및현금성자산 1,699,736,995 1,352,647,050
동일금속 109860 매출채권 0 0
동일금속 109860 재고자산 10,392,062,254 9,197,579,127
동일금속 109860 기타유동금융자산 0 0
동일금속 109860 기타유동자산 953,226,101 751,958,754
동일금속 109860 매각예정비유동자산 0 751,958,754
동일금속 109860 비유동자산 92,371,714,612 96,195,197,411
동일금속 109860 장기금융상품 0 0
동일금속 109860 기타포괄손익-공정가치 0 0
동일금속 109860 당기손익인식공정가치측정금융자산 0 0
동일금속 109860 종속회사투자 0 0
동일금속 109860 관계회사투자 0 0
동일금속 109860 렌탈자산 0 0
동일금속 109860 유형자산 19,783,679,752 20,242,022,571
동일금속 109860 무형자산 439,112,000 439,112,000
동일금속 109860 기타비유동금융자산 0 0
동일금속 109860 기타비유동자산 0 0
동일금속 109860 사용권자산 0 0
동일금속 109860 이연법인세자산 0 0
동일금속 109860 자산총계 116,195,781,078 114,096,233,107
동일금속 109860 유동부채 10,871,737,344 8,694,157,098
동일금속 109860 단기매입채무 0 0
동일금속 109860 단기차입금 1,657,408,500 1,794,622,500
동일금속 109860 유동성장기차입금 0 0
동일금속 109860 유동성사채 0 0
동일금속 109860 기타유동금융부채 0 0
동일금속 109860 기타유동부채 717,719,470 64,292,609
동일금속 109860 당기법인세부채 212,241,062 57,874,814
동일금속 109860 유동리스부채 0 0
동일금속 109860 비유동부채 2,522,286,454 2,488,457,108
동일금속 109860 사채 0 0
동일금속 109860 장기차입금 0 2,488,457,108
동일금속 109860 기타비유동금융부채 0 0
동일금속 109860 이연법인세부채 2,188,943,884 2,195,562,727
동일금속 109860 비유동리스부채 0 0
동일금속 109860 부채총계 13,394,023,798 11,182,614,206
동일금속 109860 자본금 0 0
동일금속 109860 자본잉여금 0 0
동일금속 109860 자본조정 0 0
동일금속 109860 기타포괄손익누계액 0 0
동일금속 109860 이익잉여금(결손금) 79,464,551,974 79,107,689,441
동일금속 109860 자본총계 102,801,757,280 102,913,618,901
동일금속 109860 자본과부채총계 116,195,781,078 114,096,233,107
date : 2017-06-30
동일금속 109860 유동자산 25,675,406,988 17,901,035,696
동일금속 109860 현금및현금성자산 1,249,232,444 1,352,647,050
동일금속 109860 매출채권 0 0
동일금속 109860 재고자산 10,353,638,324 9,197,579,127
동일금속 109860 기타유동금융자산 0 1,352,647,050
동일금속 109860 기타유동자산 999,392,009 751,958,754
동일금속 109860 매각예정비유동자산 0 751,958,754
동일금속 109860 비유동자산 90,864,185,008 96,195,197,411
동일금속 109860 장기금융상품 0 0
동일금속 109860 기타포괄손익-공정가치 0 0
동일금속 109860 당기손익인식공정가치측정금융자산 0 0
동일금속 109860 종속회사투자 0 0
동일금속 109860 관계회사투자 0 0
동일금속 109860 렌탈자산 0 0
동일금속 109860 유형자산 19,611,348,366 20,242,022,571
동일금속 109860 무형자산 439,112,000 439,112,000
동일금속 109860 기타비유동금융자산 0 0
동일금속 109860 기타비유동자산 0 0
동일금속 109860 사용권자산 0 0
동일금속 109860 이연법인세자산 0 0
동일금속 109860 자산총계 116,539,591,996 114,096,233,107
동일금속 109860 유동부채 10,774,610,686 8,694,157,098
동일금속 109860 단기매입채무 0 0
동일금속 109860 단기차입금 1,692,306,000 1,794,622,500
동일금속 109860 유동성장기차입금 0 0
동일금속 109860 유동성사채 0 0
동일금속 109860 기타유동금융부채 0 0
동일금속 109860 기타유동부채 63,645,364 64,292,609
동일금속 109860 당기법인세부채 385,628,649 57,874,814
동일금속 109860 유동리스부채 0 0
동일금속 109860 비유동부채 2,430,550,643 2,488,457,108
동일금속 109860 사채 0 0
동일금속 109860 장기차입금 0 2,488,457,108
동일금속 109860 기타비유동금융부채 0 0
동일금속 109860 이연법인세부채 2,028,575,808 2,195,562,727
동일금속 109860 비유동리스부채 0 0
동일금속 109860 부채총계 13,205,161,329 11,182,614,206
동일금속 109860 자본금 0 0
동일금속 109860 자본잉여금 0 0
동일금속 109860 자본조정 0 0
동일금속 109860 기타포괄손익누계액 0 0
동일금속 109860 이익잉여금(결손금) 80,476,230,392 79,107,689,441
동일금속 109860 자본총계 103,334,430,667 102,913,618,901
동일금속 109860 자본과부채총계 116,539,591,996 114,096,233,107
date : 2017-09-30
동일금속 109860 유동자산 30,707,240,775 17,901,035,696
동일금속 109860 현금및현금성자산 1,750,843,286 1,352,647,050
동일금속 109860 매출채권 및 기타유동채권
동일금속 109860 재고자산 11,702,355,328 9,197,579,127
동일금속 109860 기타유동금융자산 9,803,390,947 1,804,439,050
동일금속 109860 기타유동자산 1,032,937,821 751,958,754
동일금속 109860 매각예정비유동자산 0 0
동일금속 109860 비유동자산 85,999,800,744 96,195,197,411
동일금속 109860 장기금융상품 3,001,800,000 3,001,800,000
동일금속 109860 기타포괄손익-공정가치 0 0
동일금속 109860 당기손익인식공정가치측정금융자산 0 0
동일금속 109860 종속회사투자 0 0
동일금속 109860 관계회사투자 0 0
동일금속 109860 렌탈자산 0 0
동일금속 109860 유형자산 19,625,969,490 20,242,022,571
동일금속 109860 무형자산 439,112,000 439,112,000
동일금속 109860 기타비유동금융자산 51,751,634,037 60,367,415,999
동일금속 109860 기타비유동자산 0 0
동일금속 109860 사용권자산 0 0
동일금속 109860 이연법인세자산 0 0
동일금속 109860 자산총계 116,707,041,519 114,096,233,107
동일금속 109860 유동부채 10,907,300,819 8,694,157,098
동일금속 109860 단기매입채무 0 0
동일금속 109860 단기차입금 0 0
동일금속 109860 유동성장기차입금 0 0
동일금속 109860 유동성사채 0 0
동일금속 109860 기타유동금융부채 577,128,972 57,874,814
동일금속 109860 기타유동부채 0 0
동일금속 109860 당기법인세부채 1,702,849,500 1,794,622,500
동일금속 109860 유동리스부채 0 0
동일금속 109860 비유동부채 2,228,224,974 2,488,457,108
동일금속 109860 사채 0 0
동일금속 109860 장기차입금 0 0
동일금속 109860 기타비유동금융부채 0 0
동일금속 109860 이연법인세부채 1,735,860,755 2,195,562,727
동일금속 109860 비유동리스부채 0 0
동일금속 109860 부채총계 13,135,525,793 11,182,614,206
동일금속 109860 자본금 3,500,000,000 3,500,000,000
동일금속 109860 자본잉여금 15,324,960,000 15,324,960,000
동일금속 109860 자본조정 0 0
동일금속 109860 기타포괄손익누계액 0 0
동일금속 109860 이익잉여금(결손금) 81,750,849,036 79,107,689,441
동일금속 109860 자본총계 103,571,515,726 102,913,618,901
동일금속 109860 자본과부채총계 116,707,041,519 114,096,233,107
date : 2017-12-31
동일금속 109860 유동자산 32,918,919,479 17,901,035,696
동일금속 109860 현금및현금성자산 3,669,222,812 1,352,647,050
동일금속 109860 매출채권 및 기타유동채권
동일금속 109860 재고자산 10,973,976,089 9,197,579,127
동일금속 109860 기타유동금융자산 9,810,359,627 1,804,439,050
동일금속 109860 기타유동자산 1,173,488,955 751,958,754
동일금속 109860 매각예정비유동자산 0 0
동일금속 109860 비유동자산 84,094,627,777 96,195,197,411
동일금속 109860 장기금융상품 3,001,800,000 3,001,800,000
동일금속 109860 기타포괄손익-공정가치 0 0
동일금속 109860 당기손익인식공정가치측정금융자산 0 0
동일금속 109860 종속회사투자 0 0
동일금속 109860 관계회사투자 0 0
동일금속 109860 렌탈자산 0 0
동일금속 109860 유형자산 19,248,113,960 20,242,022,571
동일금속 109860 무형자산 439,112,000 439,112,000
동일금속 109860 기타비유동금융자산 50,692,552,020 60,367,415,999
동일금속 109860 기타비유동자산 0 0
동일금속 109860 사용권자산 0 0
동일금속 109860 이연법인세자산 0 0
동일금속 109860 자산총계 117,013,547,256 114,096,233,107
동일금속 109860 유동부채 10,647,013,839 8,694,157,098
동일금속 109860 단기매입채무 0 0
동일금속 109860 단기차입금 0 0
동일금속 109860 유동성장기차입금 0 0
동일금속 109860 유동성사채 0 0
동일금속 109860 기타유동금융부채 0 0
동일금속 109860 기타유동부채 47,413,813 64,292,609
동일금속 109860 당기법인세부채 665,418,678 57,874,814
동일금속 109860 유동리스부채 0 0
동일금속 109860 비유동부채 1,967,137,985 2,488,457,108
동일금속 109860 사채 0 0
동일금속 109860 장기차입금 0 0
동일금속 109860 기타비유동금융부채 0 0
동일금속 109860 이연법인세부채 1,727,609,022 2,195,562,727
동일금속 109860 비유동리스부채 0 0
동일금속 109860 부채총계 12,614,151,824 11,182,614,206
동일금속 109860 자본금 3,500,000,000 3,500,000,000
동일금속 109860 자본잉여금 15,324,960,000 15,324,960,000
동일금속 109860 자본조정 0 0
동일금속 109860 기타포괄손익누계액 0 0
동일금속 109860 이익잉여금(결손금) 82,686,457,657 79,107,689,441
동일금속 109860 자본총계 104,399,395,432 102,913,618,901
동일금속 109860 자본과부채총계 117,013,547,256 114,096,233,107
date : 2018-03-31
동일금속 109860 유동자산 35,591,692,874 32,918,919,479
동일금속 109860 현금및현금성자산 2,745,388,184 3,669,222,812
동일금속 109860 매출채권 및 기타유동채권
동일금속 109860 재고자산 11,892,314,313 10,973,976,089
동일금속 109860 기타유동금융자산 8,085,767,783 9,810,359,627
동일금속 109860 기타유동자산 1,271,857,738 1,173,488,955
동일금속 109860 매각예정비유동자산 0 0
동일금속 109860 비유동자산 86,067,956,181 84,094,627,777
동일금속 109860 장기금융상품 1,800,000 3,001,800,000
동일금속 109860 기타포괄손익-공정가치 0 0
동일금속 109860 당기손익인식공정가치측정금융자산 0 0
동일금속 109860 종속회사투자 0 0
동일금속 109860 관계회사투자 0 0
동일금속 109860 렌탈자산 0 0
동일금속 109860 유형자산 18,814,187,123 19,248,113,960
동일금속 109860 무형자산 439,112,000 439,112,000
동일금속 109860 기타비유동금융자산 55,383,052,230 50,692,552,020
동일금속 109860 기타비유동자산 0 0
동일금속 109860 사용권자산 0 0
동일금속 109860 이연법인세자산 0 0
동일금속 109860 자산총계 121,659,649,055 117,013,547,256
동일금속 109860 유동부채 13,377,681,022 10,647,013,839
동일금속 109860 단기매입채무 0 0
동일금속 109860 단기차입금 0 0
동일금속 109860 유동성장기차입금 0 0
동일금속 109860 유동성사채 0 0
동일금속 109860 기타유동금융부채 0 0
동일금속 109860 기타유동부채 993,413,535 47,413,813
동일금속 109860 당기법인세부채 1,026,899,356 665,418,678
동일금속 109860 유동리스부채 0 0
동일금속 109860 비유동부채 2,245,214,414 1,967,137,985
동일금속 109860 사채 0 0
동일금속 109860 장기차입금 0 0
동일금속 109860 기타비유동금융부채 0 0
동일금속 109860 이연법인세부채 1,942,844,453 1,727,609,022
동일금속 109860 비유동리스부채 0 0
동일금속 109860 부채총계 15,622,895,436 12,614,151,824
동일금속 109860 자본금 3,500,000,000 3,500,000,000
동일금속 109860 자본잉여금 15,324,960,000 15,324,960,000
동일금속 109860 자본조정 0 0
동일금속 109860 기타포괄손익누계액 0 0
동일금속 109860 이익잉여금(결손금) 83,538,547,438 82,686,457,657
동일금속 109860 자본총계 106,036,753,619 104,399,395,432
동일금속 109860 자본과부채총계 121,659,649,055 117,013,547,256
date : 2018-06-30
동일금속 109860 유동자산 35,238,075,281 32,918,919,479
동일금속 109860 현금및현금성자산 1,890,446,894 3,669,222,812
동일금속 109860 매출채권 및 기타유동채권
동일금속 109860 재고자산 11,691,558,896 10,973,976,089
동일금속 109860 기타유동금융자산 9,810,359,627 3,669,222,812
동일금속 109860 기타유동자산 1,480,571,161 1,173,488,955
동일금속 109860 매각예정비유동자산 0 0
동일금속 109860 비유동자산 88,291,576,450 84,094,627,777
동일금속 109860 장기금융상품 1,800,000 3,001,800,000
동일금속 109860 기타포괄손익-공정가치 0 0
동일금속 109860 당기손익인식공정가치측정금융자산 0 0
동일금속 109860 종속회사투자 0 0
동일금속 109860 관계회사투자 0 0
동일금속 109860 렌탈자산 0 0
동일금속 109860 유형자산 18,528,096,298 19,248,113,960
동일금속 109860 무형자산 439,112,000 439,112,000
동일금속 109860 기타비유동금융자산 55,594,231,710 3,001,800,000
동일금속 109860 기타비유동자산 0 0
동일금속 109860 사용권자산 0 0
동일금속 109860 이연법인세자산 0 0
동일금속 109860 자산총계 123,529,651,731 117,013,547,256
동일금속 109860 유동부채 12,779,286,626 10,647,013,839
동일금속 109860 단기매입채무 0 0
동일금속 109860 단기차입금 0 0
동일금속 109860 유동성장기차입금 0 0
동일금속 109860 유동성사채 0 0
동일금속 109860 기타유동금융부채 0 0
동일금속 109860 기타유동부채 63,444,112 47,413,813
동일금속 109860 당기법인세부채 1,035,355,454 665,418,678
동일금속 109860 유동리스부채 0 0
동일금속 109860 비유동부채 2,200,333,896 1,967,137,985
동일금속 109860 사채 0 0
동일금속 109860 장기차입금 0 0
동일금속 109860 기타비유동금융부채 0 0
동일금속 109860 이연법인세부채 1,777,495,997 1,727,609,022
동일금속 109860 비유동리스부채 0 0
동일금속 109860 부채총계 14,979,620,522 12,614,151,824
동일금속 109860 자본금 3,500,000,000 3,500,000,000
동일금속 109860 자본잉여금 15,324,960,000 15,324,960,000
동일금속 109860 자본조정 0 0
동일금속 109860 기타포괄손익누계액 0 0
동일금속 109860 이익잉여금(결손금) 93,172,676,961 82,686,457,657
동일금속 109860 자본총계 108,550,031,209 104,399,395,432
동일금속 109860 자본과부채총계 123,529,651,731 117,013,547,256
date : 2018-09-30
동일금속 109860 유동자산 36,930,685,413 32,918,919,479
동일금속 109860 현금및현금성자산 4,336,067,658 3,669,222,812
동일금속 109860 매출채권 및 기타유동채권
동일금속 109860 재고자산 12,957,477,383 10,973,976,089
동일금속 109860 기타유동금융자산 6,371,133,648 9,810,359,627
동일금속 109860 기타유동자산 1,354,556,895 1,173,488,955
동일금속 109860 매각예정비유동자산 0 0
동일금속 109860 비유동자산 89,680,862,407 84,094,627,777
동일금속 109860 장기금융상품 1,800,000 3,001,800,000
동일금속 109860 기타포괄손익-공정가치 0 0
동일금속 109860 당기손익인식공정가치측정금융자산 0 0
동일금속 109860 종속회사투자 0 0
동일금속 109860 관계회사투자 0 0
동일금속 109860 렌탈자산 0 0
동일금속 109860 유형자산 18,278,575,098 19,248,113,960
동일금속 109860 무형자산 439,112,000 439,112,000
동일금속 109860 기타비유동금융자산 0 3,001,800,000
동일금속 109860 기타비유동자산 0 0
동일금속 109860 사용권자산 0 0
동일금속 109860 이연법인세자산 0 0
동일금속 109860 자산총계 126,611,547,820 117,013,547,256
동일금속 109860 유동부채 12,252,499,363 10,647,013,839
동일금속 109860 단기매입채무 0 0
동일금속 109860 단기차입금 0 0
동일금속 109860 유동성장기차입금 0 0
동일금속 109860 유동성사채 0 0
동일금속 109860 기타유동금융부채 0 0
동일금속 109860 기타유동부채 80,340,223 47,413,813
동일금속 109860 당기법인세부채 1,715,023,578 665,418,678
동일금속 109860 유동리스부채 0 0
동일금속 109860 비유동부채 2,310,887,166 1,967,137,985
동일금속 109860 사채 0 0
동일금속 109860 장기차입금 0 0
동일금속 109860 기타비유동금융부채 0 0
동일금속 109860 이연법인세부채 1,811,917,426 1,727,609,022
동일금속 109860 비유동리스부채 0 0
동일금속 109860 부채총계 14,563,386,529 12,614,151,824
동일금속 109860 자본금 3,500,000,000 3,500,000,000
동일금속 109860 자본잉여금 15,324,960,000 15,324,960,000
동일금속 109860 자본조정 0 0
동일금속 109860 기타포괄손익누계액 0 0
동일금속 109860 이익잉여금(결손금) 96,670,807,043 82,686,457,657
동일금속 109860 자본총계 112,048,161,291 104,399,395,432
동일금속 109860 자본과부채총계 126,611,547,820 117,013,547,256
date : 2018-12-31
동일금속 109860 유동자산 37,111,374,876 32,918,919,479
동일금속 109860 현금및현금성자산 3,732,170,149 3,669,222,812
동일금속 109860 매출채권 및 기타유동채권
동일금속 109860 재고자산 13,139,869,912 10,973,976,089
동일금속 109860 기타유동금융자산 6,592,794,714 기타유동채권
동일금속 109860 기타유동자산 1,419,020,996 1,173,488,955
동일금속 109860 매각예정비유동자산 0 0
동일금속 109860 비유동자산 91,269,866,150 84,094,627,777
동일금속 109860 장기금융상품 1,800,000 3,001,800,000
동일금속 109860 기타포괄손익-공정가치 0 0
동일금속 109860 당기손익인식공정가치측정금융자산 0 0
동일금속 109860 종속회사투자 0 0
동일금속 109860 관계회사투자 0 0
동일금속 109860 렌탈자산 0 0
동일금속 109860 유형자산 17,958,779,509 19,248,113,960
동일금속 109860 무형자산 439,112,000 439,112,000
동일금속 109860 기타비유동금융자산 59,790,060,346 3,001,800,000
동일금속 109860 기타비유동자산 0 0
동일금속 109860 사용권자산 0 0
동일금속 109860 이연법인세자산 0 0
동일금속 109860 자산총계 128,381,241,026 117,013,547,256
동일금속 109860 유동부채 12,670,699,295 10,647,013,839
동일금속 109860 단기매입채무 0 0
동일금속 109860 단기차입금 1,285,680,000 1,794,622,500
동일금속 109860 유동성장기차입금 0 0
동일금속 109860 유동성사채 0 0
동일금속 109860 기타유동금융부채 0 0
동일금속 109860 기타유동부채 67,718,513 47,413,813
동일금속 109860 당기법인세부채 2,078,269,415 665,418,678
동일금속 109860 유동리스부채 0 0
동일금속 109860 비유동부채 2,032,982,674 1,967,137,985
동일금속 109860 사채 0 0
동일금속 109860 장기차입금 0 0
동일금속 109860 기타비유동금융부채 0 0
동일금속 109860 이연법인세부채 1,727,859,767 1,727,609,022
동일금속 109860 비유동리스부채 0 0
동일금속 109860 부채총계 14,703,681,969 12,614,151,824
동일금속 109860 자본금 3,500,000,000 3,500,000,000
동일금속 109860 자본잉여금 15,324,960,000 15,324,960,000
동일금속 109860 자본조정 0 0
동일금속 109860 기타포괄손익누계액 0 0
동일금속 109860 이익잉여금(결손금) 98,300,204,809 82,686,457,657
동일금속 109860 자본총계 113,677,559,057 104,399,395,432
동일금속 109860 자본과부채총계 128,381,241,026 117,013,547,256
date : 2019-03-31
동일금속 109860 유동자산 33,837,624,821 37,111,374,876
동일금속 109860 현금및현금성자산 3,147,656,822 3,732,170,149
동일금속 109860 매출채권 및 기타유동채권
동일금속 109860 재고자산 13,076,955,225 13,139,869,912
동일금속 109860 기타유동금융자산 0 3,732,170,149
동일금속 109860 기타유동자산 1,302,770,048 1,419,020,996
동일금속 109860 매각예정비유동자산 226,500,000 1,419,020,996
동일금속 109860 비유동자산 99,473,173,105 91,269,866,150
동일금속 109860 장기금융상품 1,800,000 1,800,000
동일금속 109860 기타포괄손익-공정가치 0 0
동일금속 109860 당기손익인식공정가치측정금융자산 0 0
동일금속 109860 종속회사투자 0 0
동일금속 109860 관계회사투자 0 0
동일금속 109860 렌탈자산 0 0
동일금속 109860 유형자산 17,761,384,945 17,958,779,509
동일금속 109860 무형자산 439,112,000 439,112,000
동일금속 109860 기타비유동금융자산 65,615,184,554 59,790,060,346
동일금속 109860 기타비유동자산 0 0
동일금속 109860 사용권자산 0 0
동일금속 109860 이연법인세자산 0 0
동일금속 109860 자산총계 133,310,797,926 128,381,241,026
동일금속 109860 유동부채 14,489,755,859 12,670,699,295
동일금속 109860 단기매입채무 0 0
동일금속 109860 단기차입금 0 12,670,699,295
동일금속 109860 유동성장기차입금 0 0
동일금속 109860 유동성사채 0 0
동일금속 109860 기타유동금융부채 0 0
동일금속 109860 기타유동부채 1,548,756,488 67,718,513
동일금속 109860 당기법인세부채 2,842,010,319 2,078,269,415
동일금속 109860 유동리스부채 0 0
동일금속 109860 비유동부채 2,330,518,179 2,032,982,674
동일금속 109860 사채 0 0
동일금속 109860 장기차입금 0 0
동일금속 109860 기타비유동금융부채 0 0
동일금속 109860 이연법인세부채 1,951,099,942 1,727,859,767
동일금속 109860 비유동리스부채 0 0
동일금속 109860 부채총계 16,820,274,038 14,703,681,969
동일금속 109860 자본금 3,500,000,000 3,500,000,000
동일금속 109860 자본잉여금 15,324,960,000 15,324,960,000
동일금속 109860 자본조정 0 0
동일금속 109860 기타포괄손익누계액 0 0
동일금속 109860 이익잉여금(결손금) 101,113,169,640 98,300,204,809
동일금속 109860 자본총계 116,490,523,888 113,677,559,057
동일금속 109860 자본과부채총계 133,310,797,926 128,381,241,026
