date : 2019-03-31
크리스에프앤씨 110790 유동자산 184,900,643,680 189,060,521,836
크리스에프앤씨 110790 현금및현금성자산 44,567,480,257 64,175,653,267
크리스에프앤씨 110790 매출채권 16,945,731,501 13,854,988,613
크리스에프앤씨 110790 재고자산 108,947,655,729 99,097,415,616
크리스에프앤씨 110790 기타유동금융자산 13,881,595,160 11,733,939,427
크리스에프앤씨 110790 기타유동자산 558,181,033 198,524,913
크리스에프앤씨 110790 비유동자산 88,285,148,860 82,285,781,790
크리스에프앤씨 110790 기타비유동금융자산 3,059,204,896 3,688,943,790
크리스에프앤씨 110790 유형자산 67,576,943,515 63,140,694,269
크리스에프앤씨 110790 무형자산 5,669,156,031 3,909,849,380
크리스에프앤씨 110790 기타비유동자산 2,316,572,691 2,344,687,920
크리스에프앤씨 110790 이연법인세자산 3,057,767,736 3,080,036,484
크리스에프앤씨 110790 자산총계 273,185,792,540 271,346,303,626
크리스에프앤씨 110790 유동부채 66,892,333,752 64,344,400,049
크리스에프앤씨 110790 기타유동금융부채 24,001,276,302 19,073,780,584
크리스에프앤씨 110790 단기차입금 19,377,955,728 28,361,615,492
크리스에프앤씨 110790 기타유동부채 2,343,999,758 605,151,141
크리스에프앤씨 110790 당기법인세부채 7,631,039,093 6,364,471,284
크리스에프앤씨 110790 비유동부채 40,000,000 1,990,000,000
크리스에프앤씨 110790 기타비유동금융부채 40,000,000 1,990,000,000
크리스에프앤씨 110790 부채총계 66,932,333,752 66,334,400,049
크리스에프앤씨 110790 자본금 11,715,480,000 11,715,480,000
크리스에프앤씨 110790 자본잉여금 50,677,012,861 50,677,012,861
크리스에프앤씨 110790 자본총계 206,253,458,788 205,011,903,577
크리스에프앤씨 110790 자본과부채총계 273,185,792,540 271,346,303,626
