date : 2015-12-31
에스에프씨 112240 유동자산 50,623,984,986 56,667,559,581
에스에프씨 112240 현금및현금성자산 6,728,318,354 9,121,976,983
에스에프씨 112240 매출채권 및 기타유동채권
에스에프씨 112240 재고자산 15,019,986,924 20,737,485,124
에스에프씨 112240 기타유동금융자산 5,149,577,487 855,584,900
에스에프씨 112240 기타유동자산 0 0
에스에프씨 112240 매각예정비유동자산 0 0
에스에프씨 112240 비유동자산 18,593,706,320 18,690,421,996
에스에프씨 112240 장기금융상품 0 0
에스에프씨 112240 기타포괄손익-공정가치 0 0
에스에프씨 112240 당기손익인식공정가치측정금융자산 0 0
에스에프씨 112240 종속회사투자 0 0
에스에프씨 112240 관계회사투자 0 0
에스에프씨 112240 렌탈자산 0 0
에스에프씨 112240 유형자산 16,246,438,018 16,921,505,477
에스에프씨 112240 무형자산 627,549,536 1,060,636,567
에스에프씨 112240 기타비유동금융자산 79,100,927 29,701,700
에스에프씨 112240 기타비유동자산 0 0
에스에프씨 112240 사용권자산 0 0
에스에프씨 112240 이연법인세자산 1,581,341,910 619,302,323
에스에프씨 112240 자산총계 69,217,691,306 75,357,981,577
에스에프씨 112240 유동부채 6,380,019,269 14,060,215,358
에스에프씨 112240 단기매입채무 0 0
에스에프씨 112240 단기차입금 972,010,000 9,920,140,000
에스에프씨 112240 유동성장기차입금 0 0
에스에프씨 112240 유동성사채 0 0
에스에프씨 112240 기타유동금융부채 0 0
에스에프씨 112240 기타유동부채 328,124,945 298,585,069
에스에프씨 112240 당기법인세부채 679,696,994 158,908,599
에스에프씨 112240 유동리스부채 0 0
에스에프씨 112240 비유동부채 720,000,000 210,000,000
에스에프씨 112240 사채 0 0
에스에프씨 112240 장기차입금 500,000,000 210,000,000
에스에프씨 112240 기타비유동금융부채 0 0
에스에프씨 112240 이연법인세부채 0 0
에스에프씨 112240 비유동리스부채 0 0
에스에프씨 112240 부채총계 7,100,019,269 14,270,215,358
에스에프씨 112240 자본금 8,232,097,500 8,232,097,500
에스에프씨 112240 자본잉여금 17,710,774,007 17,710,774,007
에스에프씨 112240 자본조정 0 0
에스에프씨 112240 기타포괄손익누계액 0 0
에스에프씨 112240 이익잉여금(결손금) 0 0
에스에프씨 112240 자본총계 62,117,672,037 61,087,766,219
에스에프씨 112240 자본과부채총계 69,217,691,306 75,357,981,577
date : 2016-03-31
에스에프씨 112240 유동자산 48,460,467,054 50,623,984,986
에스에프씨 112240 현금및현금성자산 3,871,731,903 6,728,318,354
에스에프씨 112240 매출채권 및 기타유동채권
에스에프씨 112240 재고자산 14,990,786,315 15,019,986,924
에스에프씨 112240 기타유동금융자산 6,179,577,487 5,149,577,487
에스에프씨 112240 기타유동자산 0 0
에스에프씨 112240 매각예정비유동자산 0 0
에스에프씨 112240 비유동자산 19,752,026,401 18,593,706,320
에스에프씨 112240 장기금융상품 0 0
에스에프씨 112240 기타포괄손익-공정가치 0 0
에스에프씨 112240 당기손익인식공정가치측정금융자산 0 0
에스에프씨 112240 종속회사투자 0 0
에스에프씨 112240 관계회사투자 0 0
에스에프씨 112240 렌탈자산 0 0
에스에프씨 112240 유형자산 17,589,669,696 16,246,438,018
에스에프씨 112240 무형자산 574,525,630 627,549,536
에스에프씨 112240 기타비유동금융자산 94,898,903 79,100,927
에스에프씨 112240 기타비유동자산 0 0
에스에프씨 112240 사용권자산 0 0
에스에프씨 112240 이연법인세자산 1,433,656,243 1,581,341,910
에스에프씨 112240 자산총계 68,212,493,455 69,217,691,306
에스에프씨 112240 유동부채 5,526,823,241 6,380,019,269
에스에프씨 112240 단기매입채무 0 0
에스에프씨 112240 단기차입금 1,026,020,000 972,010,000
에스에프씨 112240 유동성장기차입금 0 0
에스에프씨 112240 유동성사채 0 0
에스에프씨 112240 기타유동금융부채 0 0
에스에프씨 112240 기타유동부채 774,377,386 328,124,945
에스에프씨 112240 당기법인세부채 412,520,818 679,696,994
에스에프씨 112240 유동리스부채 0 0
에스에프씨 112240 비유동부채 720,000,000 720,000,000
에스에프씨 112240 사채 0 0
에스에프씨 112240 장기차입금 500,000,000 500,000,000
에스에프씨 112240 기타비유동금융부채 0 0
에스에프씨 112240 이연법인세부채 0 0
에스에프씨 112240 비유동리스부채 0 0
에스에프씨 112240 부채총계 6,246,823,241 7,100,019,269
에스에프씨 112240 자본금 8,232,097,500 8,232,097,500
에스에프씨 112240 자본잉여금 17,710,774,007 17,710,774,007
에스에프씨 112240 자본조정 0 0
에스에프씨 112240 기타포괄손익누계액 0 0
에스에프씨 112240 이익잉여금(결손금) 37,987,372,581 38,139,374,404
에스에프씨 112240 자본총계 61,965,670,214 62,117,672,037
에스에프씨 112240 자본과부채총계 68,212,493,455 69,217,691,306
date : 2016-06-30
에스에프씨 112240 유동자산 57,363,932,843 50,623,984,986
에스에프씨 112240 현금및현금성자산 10,997,992,235 6,728,318,354
에스에프씨 112240 매출채권 및 기타유동채권
에스에프씨 112240 재고자산 18,840,376,057 15,019,986,924
에스에프씨 112240 기타유동금융자산 3,089,577,487 5,149,577,487
에스에프씨 112240 기타유동자산 0 0
에스에프씨 112240 매각예정비유동자산 0 0
에스에프씨 112240 비유동자산 16,515,546,137 18,593,706,320
에스에프씨 112240 장기금융상품 0 0
에스에프씨 112240 기타포괄손익-공정가치 0 0
에스에프씨 112240 당기손익인식공정가치측정금융자산 0 0
에스에프씨 112240 종속회사투자 0 0
에스에프씨 112240 관계회사투자 0 0
에스에프씨 112240 렌탈자산 0 0
에스에프씨 112240 유형자산 14,543,783,339 16,246,438,018
에스에프씨 112240 무형자산 518,998,377 627,549,536
에스에프씨 112240 기타비유동금융자산 94,652,809 79,100,927
에스에프씨 112240 기타비유동자산 0 0
에스에프씨 112240 사용권자산 0 0
에스에프씨 112240 이연법인세자산 1,301,462,683 1,581,341,910
에스에프씨 112240 자산총계 73,879,478,980 69,217,691,306
에스에프씨 112240 유동부채 8,711,802,419 6,380,019,269
에스에프씨 112240 단기매입채무 0 0
에스에프씨 112240 단기차입금 1,712,556,349 972,010,000
에스에프씨 112240 유동성장기차입금 0 0
에스에프씨 112240 유동성사채 0 0
에스에프씨 112240 기타유동금융부채 0 0
에스에프씨 112240 기타유동부채 343,725,504 328,124,945
에스에프씨 112240 당기법인세부채 679,696,994 158,908,599
에스에프씨 112240 유동리스부채 0 0
에스에프씨 112240 비유동부채 2,560,450,000 720,000,000
에스에프씨 112240 사채 0 0
에스에프씨 112240 장기차입금 2,340,450,000 500,000,000
에스에프씨 112240 기타비유동금융부채 0 0
에스에프씨 112240 이연법인세부채 0 0
에스에프씨 112240 비유동리스부채 0 0
에스에프씨 112240 부채총계 11,272,252,419 7,100,019,269
에스에프씨 112240 자본금 8,232,097,500 8,232,097,500
에스에프씨 112240 자본잉여금 17,710,774,007 17,710,774,007
에스에프씨 112240 자본조정 0 0
에스에프씨 112240 기타포괄손익누계액 0 0
에스에프씨 112240 이익잉여금(결손금) 38,628,928,928 38,139,374,404
에스에프씨 112240 자본총계 62,607,226,561 62,117,672,037
에스에프씨 112240 자본과부채총계 73,879,478,980 69,217,691,306
date : 2016-09-30
에스에프씨 112240 유동자산 53,551,629,121 50,623,984,986
에스에프씨 112240 현금및현금성자산 17,622,057,139 6,728,318,354
에스에프씨 112240 매출채권 및 기타유동채권
에스에프씨 112240 재고자산 13,329,638,400 15,019,986,924
에스에프씨 112240 기타유동금융자산 119,577,487 5,149,577,487
에스에프씨 112240 기타유동자산 1,196,786,069 584,665,493
에스에프씨 112240 매각예정비유동자산 0 0
에스에프씨 112240 비유동자산 22,330,508,180 18,593,706,320
에스에프씨 112240 장기금융상품 0 0
에스에프씨 112240 기타포괄손익-공정가치 0 0
에스에프씨 112240 당기손익인식공정가치측정금융자산 0 0
에스에프씨 112240 종속회사투자 0 0
에스에프씨 112240 관계회사투자 0 0
에스에프씨 112240 렌탈자산 0 0
에스에프씨 112240 유형자산 20,359,800,853 16,246,438,018
에스에프씨 112240 무형자산 463,471,131 627,549,536
에스에프씨 112240 기타비유동금융자산 109,011,438 79,100,927
에스에프씨 112240 기타비유동자산 0 0
에스에프씨 112240 사용권자산 0 0
에스에프씨 112240 이연법인세자산 1,341,575,829 1,581,341,910
에스에프씨 112240 자산총계 75,882,137,301 69,217,691,306
에스에프씨 112240 유동부채 10,954,986,214 6,380,019,269
에스에프씨 112240 단기매입채무 0 0
에스에프씨 112240 단기차입금 5,115,557,831 972,010,000
에스에프씨 112240 유동성장기차입금 0 0
에스에프씨 112240 유동성사채 0 0
에스에프씨 112240 기타유동금융부채 0 0
에스에프씨 112240 기타유동부채 372,030,954 328,124,945
에스에프씨 112240 당기법인세부채 227,259,575 679,696,994
에스에프씨 112240 유동리스부채 0 0
에스에프씨 112240 비유동부채 4,356,295,455 720,000,000
에스에프씨 112240 사채 0 0
에스에프씨 112240 장기차입금 4,136,295,455 500,000,000
에스에프씨 112240 기타비유동금융부채 0 0
에스에프씨 112240 이연법인세부채 0 0
에스에프씨 112240 비유동리스부채 0 0
에스에프씨 112240 부채총계 15,311,281,669 7,100,019,269
에스에프씨 112240 자본금 8,232,097,500 8,232,097,500
에스에프씨 112240 자본잉여금 17,710,774,007 17,710,774,007
에스에프씨 112240 자본조정 0 0
에스에프씨 112240 기타포괄손익누계액 0 0
에스에프씨 112240 이익잉여금(결손금) 36,592,557,999 38,139,374,404
에스에프씨 112240 자본총계 60,570,855,632 62,117,672,037
에스에프씨 112240 자본과부채총계 75,882,137,301 69,217,691,306
date : 2016-12-31
에스에프씨 112240 유동자산 58,109,747,009 50,623,984,986
에스에프씨 112240 현금및현금성자산 19,215,584,503 6,728,318,354
에스에프씨 112240 매출채권 및 기타유동채권
에스에프씨 112240 재고자산 9,608,068,106 15,019,986,924
에스에프씨 112240 기타유동금융자산 4,009,577,487 5,149,577,487
에스에프씨 112240 기타유동자산 318,266,658 584,665,493
에스에프씨 112240 매각예정비유동자산 0 0
에스에프씨 112240 비유동자산 38,920,252,478 18,593,706,320
에스에프씨 112240 장기금융상품 0 0
에스에프씨 112240 기타포괄손익-공정가치 0 0
에스에프씨 112240 당기손익인식공정가치측정금융자산 0 0
에스에프씨 112240 종속회사투자 0 0
에스에프씨 112240 관계회사투자 0 0
에스에프씨 112240 렌탈자산 0 0
에스에프씨 112240 유형자산 20,041,409,603 16,246,438,018
에스에프씨 112240 무형자산 407,943,878 627,549,536
에스에프씨 112240 기타비유동금융자산 123,373,511 79,100,927
에스에프씨 112240 기타비유동자산 0 0
에스에프씨 112240 사용권자산 0 0
에스에프씨 112240 이연법인세자산 1,290,876,557 1,581,341,910
에스에프씨 112240 자산총계 97,999,999,487 69,217,691,306
에스에프씨 112240 유동부채 17,844,629,631 6,380,019,269
에스에프씨 112240 단기매입채무 0 0
에스에프씨 112240 단기차입금 1,036,810,000 972,010,000
에스에프씨 112240 유동성장기차입금 0 0
에스에프씨 112240 유동성사채 0 0
에스에프씨 112240 기타유동금융부채 0 0
에스에프씨 112240 기타유동부채 265,468,534 328,124,945
에스에프씨 112240 당기법인세부채 28,423,310 679,696,994
에스에프씨 112240 유동리스부채 0 0
에스에프씨 112240 비유동부채 4,594,996,025 720,000,000
에스에프씨 112240 사채 0 0
에스에프씨 112240 장기차입금 4,374,996,025 500,000,000
에스에프씨 112240 기타비유동금융부채 0 0
에스에프씨 112240 이연법인세부채 0 0
에스에프씨 112240 비유동리스부채 0 0
에스에프씨 112240 부채총계 22,439,625,656 7,100,019,269
에스에프씨 112240 자본금 14,513,535,000 8,232,097,500
에스에프씨 112240 자본잉여금 27,859,048,437 17,710,774,007
에스에프씨 112240 자본조정 0 0
에스에프씨 112240 기타포괄손익누계액 0 0
에스에프씨 112240 이익잉여금(결손금) 39,595,324,036 38,139,374,404
에스에프씨 112240 자본총계 75,560,373,831 62,117,672,037
에스에프씨 112240 자본과부채총계 97,999,999,487 69,217,691,306
date : 2017-03-31
에스에프씨 112240 유동자산 53,314,363,734 58,109,747,009
에스에프씨 112240 현금및현금성자산 4,164,931,188 19,215,584,503
에스에프씨 112240 매출채권 및 기타유동채권
에스에프씨 112240 재고자산 10,974,495,490 9,608,068,106
에스에프씨 112240 기타유동금융자산 64,914,052 4,009,577,487
에스에프씨 112240 기타유동자산 14,707,522,876 318,266,658
에스에프씨 112240 매각예정비유동자산 0 0
에스에프씨 112240 비유동자산 47,822,874,829 38,920,252,478
에스에프씨 112240 장기금융상품 0 0
에스에프씨 112240 기타포괄손익-공정가치 0 0
에스에프씨 112240 당기손익인식공정가치측정금융자산 0 0
에스에프씨 112240 종속회사투자 0 0
에스에프씨 112240 관계회사투자 0 0
에스에프씨 112240 렌탈자산 0 0
에스에프씨 112240 유형자산 21,092,200,681 20,041,409,603
에스에프씨 112240 무형자산 352,478,191 407,943,878
에스에프씨 112240 기타비유동금융자산 137,734,322 123,373,511
에스에프씨 112240 기타비유동자산 0 0
에스에프씨 112240 사용권자산 0 0
에스에프씨 112240 이연법인세자산 1,278,812,706 1,290,876,557
에스에프씨 112240 자산총계 101,137,238,563 97,999,999,487
에스에프씨 112240 유동부채 25,375,492,054 17,844,629,631
에스에프씨 112240 단기매입채무 0 0
에스에프씨 112240 단기차입금 3,587,102,955 1,036,810,000
에스에프씨 112240 유동성장기차입금 0 0
에스에프씨 112240 유동성사채 0 0
에스에프씨 112240 기타유동금융부채 0 0
에스에프씨 112240 기타유동부채 4,314,557,024 265,468,534
에스에프씨 112240 당기법인세부채 28,423,310 28,423,310
에스에프씨 112240 유동리스부채 0 0
에스에프씨 112240 비유동부채 4,384,996,025 4,594,996,025
에스에프씨 112240 사채 0 0
에스에프씨 112240 장기차입금 4,374,996,025 4,374,996,025
에스에프씨 112240 기타비유동금융부채 0 0
에스에프씨 112240 이연법인세부채 0 0
에스에프씨 112240 비유동리스부채 0 0
에스에프씨 112240 부채총계 29,760,488,079 22,439,625,656
에스에프씨 112240 자본금 14,513,535,000 14,513,535,000
에스에프씨 112240 자본잉여금 27,859,048,437 27,859,048,437
에스에프씨 112240 자본조정 0 0
에스에프씨 112240 기타포괄손익누계액 0 0
에스에프씨 112240 이익잉여금(결손금) 37,631,364,124 39,595,324,036
에스에프씨 112240 자본총계 71,376,750,484 75,560,373,831
에스에프씨 112240 자본과부채총계 101,137,238,563 97,999,999,487
date : 2017-06-30
에스에프씨 112240 유동자산 65,755,047,468 58,109,747,009
에스에프씨 112240 현금및현금성자산 1,255,545,182 19,215,584,503
에스에프씨 112240 매출채권 0 0
에스에프씨 112240 재고자산 13,236,215,960 9,608,068,106
에스에프씨 112240 기타유동금융자산 3,124,139,471 4,009,577,487
에스에프씨 112240 기타유동자산 9,008,145,946 318,266,658
에스에프씨 112240 매각예정비유동자산 0 0
에스에프씨 112240 비유동자산 47,658,274,120 38,920,252,478
에스에프씨 112240 장기금융상품 0 0
에스에프씨 112240 기타포괄손익-공정가치 0 0
에스에프씨 112240 당기손익인식공정가치측정금융자산 0 0
에스에프씨 112240 종속회사투자 0 0
에스에프씨 112240 관계회사투자 0 0
에스에프씨 112240 렌탈자산 0 0
에스에프씨 112240 유형자산 22,994,663,959 20,041,409,603
에스에프씨 112240 무형자산 297,012,495 407,943,878
에스에프씨 112240 기타비유동금융자산 23,212,983 123,373,511
에스에프씨 112240 기타비유동자산 0 0
에스에프씨 112240 사용권자산 0 0
에스에프씨 112240 이연법인세자산 1,318,011,564 1,290,876,557
에스에프씨 112240 자산총계 113,413,321,588 97,999,999,487
에스에프씨 112240 유동부채 38,513,887,141 17,844,629,631
에스에프씨 112240 단기매입채무 0 0
에스에프씨 112240 단기차입금 6,950,955,582 1,036,810,000
에스에프씨 112240 유동성장기차입금 0 0
에스에프씨 112240 유동성사채 0 0
에스에프씨 112240 기타유동금융부채 0 0
에스에프씨 112240 기타유동부채 242,343,148 265,468,534
에스에프씨 112240 당기법인세부채 0 28,423,310
에스에프씨 112240 유동리스부채 0 0
에스에프씨 112240 비유동부채 3,759,996,595 4,594,996,025
에스에프씨 112240 사채 0 0
에스에프씨 112240 장기차입금 3,749,996,595 4,374,996,025
에스에프씨 112240 기타비유동금융부채 0 0
에스에프씨 112240 이연법인세부채 0 0
에스에프씨 112240 비유동리스부채 0 0
에스에프씨 112240 부채총계 42,273,883,736 22,439,625,656
에스에프씨 112240 자본금 14,513,535,000 14,513,535,000
에스에프씨 112240 자본잉여금 27,859,048,437 27,859,048,437
에스에프씨 112240 자본조정 0 0
에스에프씨 112240 기타포괄손익누계액 0 0
에스에프씨 112240 이익잉여금(결손금) 36,750,412,832 39,595,324,036
에스에프씨 112240 자본총계 71,139,437,852 75,560,373,831
에스에프씨 112240 자본과부채총계 113,413,321,588 97,999,999,487
date : 2017-09-30
에스에프씨 112240 유동자산 68,174,517,880 59,079,747,009
에스에프씨 112240 현금및현금성자산 10,421,713,284 19,215,584,503
에스에프씨 112240 매출채권 및 기타유동채권
에스에프씨 112240 재고자산 10,518,888,454 9,608,068,106
에스에프씨 112240 기타유동금융자산 3,000,000,000 4,009,577,487
에스에프씨 112240 기타유동자산 21,061,979,625 318,266,658
에스에프씨 112240 매각예정비유동자산 0 0
에스에프씨 112240 비유동자산 58,631,321,117 38,920,252,478
에스에프씨 112240 장기금융상품 0 0
에스에프씨 112240 기타포괄손익-공정가치 0 0
에스에프씨 112240 당기손익인식공정가치측정금융자산 0 0
에스에프씨 112240 종속회사투자 0 0
에스에프씨 112240 관계회사투자 0 0
에스에프씨 112240 렌탈자산 0 0
에스에프씨 112240 유형자산 24,275,299,423 20,041,409,603
에스에프씨 112240 무형자산 261,546,807 407,943,878
에스에프씨 112240 기타비유동금융자산 142,635,173 123,373,511
에스에프씨 112240 기타비유동자산 0 0
에스에프씨 112240 사용권자산 0 0
에스에프씨 112240 이연법인세자산 856,466,595 1,290,876,557
에스에프씨 112240 자산총계 126,805,838,997 97,999,999,487
에스에프씨 112240 유동부채 38,242,398,713 17,844,629,631
에스에프씨 112240 단기매입채무 0 0
에스에프씨 112240 단기차입금 6,595,450,076 1,036,810,000
에스에프씨 112240 유동성장기차입금 937,499,145 1,124,999,430
에스에프씨 112240 유동성사채 0 0
에스에프씨 112240 기타유동금융부채 0 0
에스에프씨 112240 기타유동부채 350,455,404 265,468,534
에스에프씨 112240 당기법인세부채 0 28,423,310
에스에프씨 112240 유동리스부채 0 0
에스에프씨 112240 비유동부채 3,759,996,595 4,594,996,025
에스에프씨 112240 사채 0 0
에스에프씨 112240 장기차입금 3,749,996,595 4,374,996,025
에스에프씨 112240 기타비유동금융부채 0 0
에스에프씨 112240 이연법인세부채 0 0
에스에프씨 112240 비유동리스부채 0 0
에스에프씨 112240 부채총계 42,002,395,308 22,439,625,656
에스에프씨 112240 자본금 17,125,847,000 14,513,535,000
에스에프씨 112240 자본잉여금 40,864,276,607 27,859,048,437
에스에프씨 112240 자본조정 0 0
에스에프씨 112240 기타포괄손익누계액 0 0
에스에프씨 112240 이익잉여금(결손금) 34,609,030,344 39,595,324,036
에스에프씨 112240 자본총계 84,803,443,689 75,560,373,831
에스에프씨 112240 자본과부채총계 126,805,838,997 97,999,999,487
date : 2017-12-31
에스에프씨 112240 유동자산 69,596,237,439 58,109,747,009
에스에프씨 112240 현금및현금성자산 561,390,230 19,215,584,503
에스에프씨 112240 매출채권 및 기타채권
에스에프씨 112240 재고자산 18,893,594,921 9,608,068,106
에스에프씨 112240 기타유동금융자산 3,000,000,000 4,009,577,487
에스에프씨 112240 기타유동자산 1,956,390,989 318,266,658
에스에프씨 112240 매각예정비유동자산 0 0
에스에프씨 112240 비유동자산 52,343,673,461 38,920,252,478
에스에프씨 112240 장기금융상품 0 0
에스에프씨 112240 기타포괄손익-공정가치 0 0
에스에프씨 112240 당기손익인식공정가치측정금융자산 0 0
에스에프씨 112240 종속회사투자 0 0
에스에프씨 112240 관계회사투자 0 0
에스에프씨 112240 렌탈자산 0 0
에스에프씨 112240 유형자산 11,470,240,294 20,041,409,603
에스에프씨 112240 무형자산 230,518,094 407,943,878
에스에프씨 112240 기타비유동금융자산 142,678,266 123,373,511
에스에프씨 112240 기타비유동자산 0 0
에스에프씨 112240 사용권자산 0 0
에스에프씨 112240 이연법인세자산 4,571,766,388 1,290,876,557
에스에프씨 112240 자산총계 121,939,910,900 97,999,999,487
에스에프씨 112240 유동부채 43,132,455,562 17,844,629,631
에스에프씨 112240 단기매입채무 0 0
에스에프씨 112240 단기차입금 8,923,216,387 1,036,810,000
에스에프씨 112240 유동성장기차입금 0 0
에스에프씨 112240 유동성사채 0 0
에스에프씨 112240 기타유동금융부채 0 0
에스에프씨 112240 기타유동부채 280,652,888 265,468,534
에스에프씨 112240 당기법인세부채 28,423,310 679,696,994
에스에프씨 112240 유동리스부채 0 0
에스에프씨 112240 비유동부채 3,170,997,165 4,594,996,025
에스에프씨 112240 사채 0 0
에스에프씨 112240 장기차입금 3,124,997,165 4,374,996,025
에스에프씨 112240 기타비유동금융부채 0 0
에스에프씨 112240 이연법인세부채 0 0
에스에프씨 112240 비유동리스부채 0 0
에스에프씨 112240 부채총계 46,303,452,727 22,439,625,656
에스에프씨 112240 자본금 17,125,847,000 14,513,535,000
에스에프씨 112240 자본잉여금 40,864,276,607 27,859,048,437
에스에프씨 112240 자본조정 0 0
에스에프씨 112240 기타포괄손익누계액 0 0
에스에프씨 112240 이익잉여금(결손금) 25,629,892,983 39,595,324,036
에스에프씨 112240 자본총계 75,636,458,173 75,560,373,831
에스에프씨 112240 자본과부채총계 121,939,910,900 97,999,999,487
date : 2018-03-31
에스에프씨 112240 유동자산 57,706,110,114 69,596,237,439
에스에프씨 112240 현금및현금성자산 2,663,298,129 561,390,230
에스에프씨 112240 매출채권 및 기타채권
에스에프씨 112240 재고자산 18,807,593,413 18,893,594,921
에스에프씨 112240 기타유동금융자산 0 3,000,000,000
에스에프씨 112240 기타유동자산 1,641,114,714 1,956,390,989
에스에프씨 112240 매각예정비유동자산 0 0
에스에프씨 112240 비유동자산 56,476,011,452 52,343,673,461
에스에프씨 112240 장기금융상품 0 0
에스에프씨 112240 기타포괄손익-공정가치 0 0
에스에프씨 112240 당기손익인식공정가치측정금융자산 0 0
에스에프씨 112240 종속회사투자 0 0
에스에프씨 112240 관계회사투자 0 0
에스에프씨 112240 렌탈자산 0 0
에스에프씨 112240 유형자산 15,575,848,998 11,470,240,294
에스에프씨 112240 무형자산 201,612,105 230,518,094
에스에프씨 112240 기타비유동금융자산 149,694,337 142,678,266
에스에프씨 112240 기타비유동자산 0 0
에스에프씨 112240 사용권자산 0 0
에스에프씨 112240 이연법인세자산 4,571,766,388 4,571,766,388
에스에프씨 112240 자산총계 114,182,121,566 121,939,910,900
에스에프씨 112240 유동부채 26,618,436,400 43,132,455,562
에스에프씨 112240 단기매입채무 0 0
에스에프씨 112240 단기차입금 17,495,216,426 8,923,216,387
에스에프씨 112240 유동성장기차입금 0 0
에스에프씨 112240 유동성사채 0 0
에스에프씨 112240 기타유동금융부채 0 0
에스에프씨 112240 기타유동부채 3,305,758,808 280,652,888
에스에프씨 112240 당기법인세부채 0 8,923,216,387
에스에프씨 112240 유동리스부채 0 0
에스에프씨 112240 비유동부채 4,235,928,469 3,170,997,165
에스에프씨 112240 사채 0 0
에스에프씨 112240 장기차입금 3,124,997,165 3,124,997,165
에스에프씨 112240 기타비유동금융부채 0 0
에스에프씨 112240 이연법인세부채 0 0
에스에프씨 112240 비유동리스부채 0 0
에스에프씨 112240 부채총계 30,854,364,869 46,303,452,727
에스에프씨 112240 자본금 18,902,677,000 17,125,847,000
에스에프씨 112240 자본잉여금 49,087,445,847 40,864,276,607
에스에프씨 112240 자본조정 0 0
에스에프씨 112240 기타포괄손익누계액 0 0
에스에프씨 112240 이익잉여금(결손금) 23,321,192,267 25,629,892,983
에스에프씨 112240 자본총계 83,327,756,697 75,636,458,173
에스에프씨 112240 자본과부채총계 114,182,121,566 121,939,910,900
date : 2018-06-30
에스에프씨 112240 유동자산 69,813,708,672 69,596,237,439
에스에프씨 112240 현금및현금성자산 14,494,247,180 561,390,230
에스에프씨 112240 매출채권 및 기타유동채권
에스에프씨 112240 재고자산 17,895,802,125 18,893,594,921
에스에프씨 112240 기타유동금융자산 1,000,000,000 3,000,000,000
에스에프씨 112240 기타유동자산 2,101,647,911 1,956,390,989
에스에프씨 112240 매각예정비유동자산 0 0
에스에프씨 112240 비유동자산 71,927,240,491 52,343,673,461
에스에프씨 112240 장기금융상품 0 0
에스에프씨 112240 기타포괄손익-공정가치 0 0
에스에프씨 112240 당기손익인식공정가치측정금융자산 0 0
에스에프씨 112240 종속회사투자 0 0
에스에프씨 112240 관계회사투자 0 0
에스에프씨 112240 렌탈자산 0 0
에스에프씨 112240 유형자산 11,793,190,212 11,470,240,294
에스에프씨 112240 무형자산 172,706,105 230,518,094
에스에프씨 112240 기타비유동금융자산 216,043,911 142,678,266
에스에프씨 112240 기타비유동자산 0 0
에스에프씨 112240 사용권자산 0 0
에스에프씨 112240 이연법인세자산 3,903,297,964 4,571,766,388
에스에프씨 112240 자산총계 141,740,949,163 121,939,910,900
에스에프씨 112240 유동부채 36,169,046,976 43,132,455,562
에스에프씨 112240 단기매입채무 0 0
에스에프씨 112240 단기차입금 12,880,188,998 8,923,216,387
에스에프씨 112240 유동성장기차입금 0 0
에스에프씨 112240 유동성사채 0 0
에스에프씨 112240 기타유동금융부채 0 0
에스에프씨 112240 기타유동부채 987,754,368 280,652,888
에스에프씨 112240 당기법인세부채 0 0
에스에프씨 112240 유동리스부채 0 0
에스에프씨 112240 비유동부채 2,674,197,735 3,170,997,165
에스에프씨 112240 사채 0 0
에스에프씨 112240 장기차입금 2,557,197,735 3,124,997,165
에스에프씨 112240 기타비유동금융부채 0 0
에스에프씨 112240 이연법인세부채 0 0
에스에프씨 112240 비유동리스부채 0 0
에스에프씨 112240 부채총계 38,843,244,711 46,303,452,727
에스에프씨 112240 자본금 21,902,702,500 17,125,847,000
에스에프씨 112240 자본잉여금 63,847,063,142 40,864,276,607
에스에프씨 112240 자본조정 0 0
에스에프씨 112240 기타포괄손익누계액 0 0
에스에프씨 112240 이익잉여금(결손금) 25,354,161,583 25,629,892,983
에스에프씨 112240 자본총계 102,897,704,452 75,636,458,173
에스에프씨 112240 자본과부채총계 141,740,949,163 121,939,910,900
date : 2018-09-30
에스에프씨 112240 유동자산 58,221,422,403 69,596,237,439
에스에프씨 112240 현금및현금성자산 6,660,236,532 561,390,230
에스에프씨 112240 매출채권 및 기타유동채권
에스에프씨 112240 재고자산 17,296,436,065 18,893,594,921
에스에프씨 112240 기타유동금융자산 1,100,000,000 3,000,000,000
에스에프씨 112240 기타유동자산 1,611,871,986 1,956,390,989
에스에프씨 112240 매각예정비유동자산 0 0
에스에프씨 112240 비유동자산 76,104,568,521 52,343,673,461
에스에프씨 112240 장기금융상품 0 0
에스에프씨 112240 기타포괄손익-공정가치 0 0
에스에프씨 112240 당기손익인식공정가치측정금융자산 0 0
에스에프씨 112240 종속회사투자 0 0
에스에프씨 112240 관계회사투자 0 0
에스에프씨 112240 렌탈자산 0 0
에스에프씨 112240 유형자산 12,014,783,673 11,470,240,294
에스에프씨 112240 무형자산 3,143,800,116 230,518,094
에스에프씨 112240 기타비유동금융자산 259,134,898 142,678,266
에스에프씨 112240 기타비유동자산 0 0
에스에프씨 112240 사용권자산 0 0
에스에프씨 112240 이연법인세자산 3,903,297,964 4,571,766,388
에스에프씨 112240 자산총계 134,325,990,924 121,939,910,900
에스에프씨 112240 유동부채 32,081,595,922 43,132,455,562
에스에프씨 112240 단기매입채무 0 0
에스에프씨 112240 단기차입금 10,000,000,000 8,923,216,387
에스에프씨 112240 유동성장기차입금 0 0
에스에프씨 112240 유동성사채 0 0
에스에프씨 112240 기타유동금융부채 0 0
에스에프씨 112240 기타유동부채 1,333,051,610 280,652,888
에스에프씨 112240 당기법인세부채 0 0
에스에프씨 112240 유동리스부채 0 0
에스에프씨 112240 비유동부채 2,329,698,020 3,170,997,165
에스에프씨 112240 사채 0 0
에스에프씨 112240 장기차입금 2,244,698,020 3,124,997,165
에스에프씨 112240 기타비유동금융부채 0 0
에스에프씨 112240 이연법인세부채 0 0
에스에프씨 112240 비유동리스부채 0 0
에스에프씨 112240 부채총계 34,411,293,942 46,303,452,727
에스에프씨 112240 자본금 21,990,917,000 17,125,847,000
에스에프씨 112240 자본잉여금 64,258,848,642 40,864,276,607
에스에프씨 112240 자본조정 0 0
에스에프씨 112240 기타포괄손익누계액 0 0
에스에프씨 112240 이익잉여금(결손금) 21,871,154,113 25,629,892,983
에스에프씨 112240 자본총계 99,914,696,982 75,636,458,173
에스에프씨 112240 자본과부채총계 134,325,990,924 121,939,910,900
date : 2018-12-31
에스에프씨 112240 유동자산 67,848,938,339 69,596,237,439
에스에프씨 112240 현금및현금성자산 3,941,323,051 561,390,230
에스에프씨 112240 매출채권 및 기타채권
에스에프씨 112240 재고자산 16,739,135,313 18,893,594,921
에스에프씨 112240 기타유동금융자산 10,587,500,000 3,000,000,000
에스에프씨 112240 기타유동자산 4,333,990,897 1,956,390,989
에스에프씨 112240 매각예정비유동자산 0 0
에스에프씨 112240 비유동자산 70,082,517,259 52,343,673,461
에스에프씨 112240 장기금융상품 0 0
에스에프씨 112240 기타포괄손익-공정가치 0 0
에스에프씨 112240 당기손익인식공정가치측정금융자산 0 0
에스에프씨 112240 종속회사투자 0 0
에스에프씨 112240 관계회사투자 0 0
에스에프씨 112240 렌탈자산 0 0
에스에프씨 112240 유형자산 12,130,568,377 11,470,240,294
에스에프씨 112240 무형자산 3,114,894,113 230,518,094
에스에프씨 112240 기타비유동금융자산 286,956,768 142,678,266
에스에프씨 112240 기타비유동자산 0 4,571,766,388
에스에프씨 112240 사용권자산 0 0
에스에프씨 112240 이연법인세자산 3,903,297,964 4,571,766,388
에스에프씨 112240 자산총계 137,931,455,598 121,939,910,900
에스에프씨 112240 유동부채 41,442,087,155 43,132,455,562
에스에프씨 112240 단기매입채무 0 0
에스에프씨 112240 단기차입금 7,500,000,000 8,923,216,387
에스에프씨 112240 유동성장기차입금 0 0
에스에프씨 112240 유동성사채 0 0
에스에프씨 112240 기타유동금융부채 0 0
에스에프씨 112240 기타유동부채 2,896,676,979 280,652,888
에스에프씨 112240 당기법인세부채 28,423,310 280,652,888
에스에프씨 112240 유동리스부채 0 0
에스에프씨 112240 비유동부채 2,017,198,305 3,170,997,165
에스에프씨 112240 사채 0 0
에스에프씨 112240 장기차입금 85,000,000 46,000,000
에스에프씨 112240 기타비유동금융부채 0 0
에스에프씨 112240 이연법인세부채 0 0
에스에프씨 112240 비유동리스부채 0 0
에스에프씨 112240 부채총계 43,459,285,460 46,303,452,727
에스에프씨 112240 자본금 21,990,917,000 17,125,847,000
에스에프씨 112240 자본잉여금 64,258,848,642 40,864,276,607
에스에프씨 112240 자본조정 0 0
에스에프씨 112240 기타포괄손익누계액 0 0
에스에프씨 112240 이익잉여금(결손금) 18,247,230,248 25,629,892,983
에스에프씨 112240 자본총계 94,472,170,138 75,636,458,173
에스에프씨 112240 자본과부채총계 137,931,455,598 121,939,910,900
date : 2019-03-31
에스에프씨 112240 유동자산 63,781,926,040 67,848,938,339
에스에프씨 112240 현금및현금성자산 553,053,995 3,941,323,051
에스에프씨 112240 매출채권 및 기타채권
에스에프씨 112240 재고자산 17,018,652,549 16,739,135,313
에스에프씨 112240 기타유동금융자산 7,330,876,875 10,587,500,000
에스에프씨 112240 기타유동자산 7,372,507,376 4,333,990,897
에스에프씨 112240 매각예정비유동자산 0 0
에스에프씨 112240 비유동자산 70,730,159,475 70,082,517,259
에스에프씨 112240 장기금융상품 0 0
에스에프씨 112240 기타포괄손익-공정가치 0 0
에스에프씨 112240 당기손익인식공정가치측정금융자산 0 0
에스에프씨 112240 종속회사투자 0 0
에스에프씨 112240 관계회사투자 0 0
에스에프씨 112240 렌탈자산 0 0
에스에프씨 112240 유형자산 12,096,165,386 12,130,568,377
에스에프씨 112240 무형자산 3,113,855,913 3,114,894,113
에스에프씨 112240 기타비유동금융자산 2,702,518,742 286,956,768
에스에프씨 112240 기타비유동자산 0 0
에스에프씨 112240 사용권자산 0 0
에스에프씨 112240 이연법인세자산 3,903,297,964 3,903,297,964
에스에프씨 112240 자산총계 134,512,085,515 137,931,455,598
에스에프씨 112240 유동부채 39,297,509,156 41,442,087,155
에스에프씨 112240 단기매입채무 0 0
에스에프씨 112240 단기차입금 7,500,000,000 7,500,000,000
에스에프씨 112240 유동성장기차입금 0 0
에스에프씨 112240 유동성사채 0 0
에스에프씨 112240 기타유동금융부채 0 0
에스에프씨 112240 기타유동부채 3,471,432,883 2,896,676,979
에스에프씨 112240 당기법인세부채 0 2,896,676,979
에스에프씨 112240 유동리스부채 0 0
에스에프씨 112240 비유동부채 1,807,098,590 2,017,198,305
에스에프씨 112240 사채 0 0
에스에프씨 112240 장기차입금 1,619,698,590 85,000,000
에스에프씨 112240 기타비유동금융부채 0 0
에스에프씨 112240 이연법인세부채 0 0
에스에프씨 112240 비유동리스부채 0 0
에스에프씨 112240 부채총계 41,104,607,746 43,459,285,460
에스에프씨 112240 자본금 21,990,917,000 21,990,917,000
에스에프씨 112240 자본잉여금 64,258,848,642 64,258,848,642
에스에프씨 112240 자본조정 0 0
에스에프씨 112240 기타포괄손익누계액 0 0
에스에프씨 112240 이익잉여금(결손금) 17,182,537,879 18,247,230,248
에스에프씨 112240 자본총계 93,407,477,769 94,472,170,138
에스에프씨 112240 자본과부채총계 134,512,085,515 137,931,455,598
