date : 2015-12-31
GKL 114090 유동자산 494,009,241,597 529,154,441,406
GKL 114090 현금및현금성자산 194,821,913,200 188,451,160,844
GKL 114090 매출채권 및 기타유동채권
GKL 114090 재고자산 1,837,336,113 1,951,915,336
GKL 114090 기타유동금융자산 0 0
GKL 114090 기타유동자산 556,461,738 1,139,151,912
GKL 114090 매각예정비유동자산 0 0
GKL 114090 비유동자산 156,509,002,741 121,858,716,290
GKL 114090 장기금융상품 0 0
GKL 114090 기타포괄손익-공정가치 0 0
GKL 114090 당기손익인식공정가치측정금융자산 0 0
GKL 114090 종속회사투자 0 0
GKL 114090 관계회사투자 0 0
GKL 114090 렌탈자산 0 0
GKL 114090 유형자산 77,987,872,007 38,205,300,202
GKL 114090 무형자산 9,825,513,871 10,545,035,847
GKL 114090 기타비유동금융자산 7,097,224,033 6,192,518,471
GKL 114090 기타비유동자산 1,411,217,839 414,065,868
GKL 114090 사용권자산 0 0
GKL 114090 이연법인세자산 25,243,426,606 28,109,816,686
GKL 114090 자산총계 650,518,244,338 651,013,157,696
GKL 114090 유동부채 168,823,977,230 204,997,194,584
GKL 114090 단기매입채무 0 0
GKL 114090 단기차입금 0 0
GKL 114090 유동성장기차입금 0 0
GKL 114090 유동성사채 0 0
GKL 114090 기타유동금융부채 0 0
GKL 114090 기타유동부채 10,203,948,240 12,112,795,333
GKL 114090 당기법인세부채 0 0
GKL 114090 유동리스부채 0 0
GKL 114090 비유동부채 25,454,387,264 14,604,050,512
GKL 114090 사채 0 0
GKL 114090 장기차입금 0 0
GKL 114090 기타비유동금융부채 0 0
GKL 114090 이연법인세부채 0 0
GKL 114090 비유동리스부채 0 0
GKL 114090 부채총계 194,278,364,494 219,601,245,096
GKL 114090 자본금 30,927,835,000 30,927,835,000
GKL 114090 자본잉여금 21,259,086,010 21,259,086,010
GKL 114090 자본조정 0 0
GKL 114090 기타포괄손익누계액 240,390,955 132,197,596
GKL 114090 이익잉여금(결손금) 0 0
GKL 114090 자본총계 456,239,879,844 431,411,912,600
GKL 114090 자본과부채총계 0 0
date : 2016-03-31
GKL 114090 유동자산 516,790,012,027 494,009,241,597
GKL 114090 현금및현금성자산 154,063,027,352 194,821,913,200
GKL 114090 매출채권 및 기타유동채권
GKL 114090 재고자산 1,991,549,587 1,837,336,113
GKL 114090 기타유동금융자산 0 0
GKL 114090 기타유동자산 1,555,823,384 556,461,738
GKL 114090 매각예정비유동자산 0 0
GKL 114090 비유동자산 157,660,089,359 156,509,002,741
GKL 114090 장기금융상품 0 0
GKL 114090 기타포괄손익-공정가치 0 0
GKL 114090 당기손익인식공정가치측정금융자산 0 0
GKL 114090 종속회사투자 0 0
GKL 114090 관계회사투자 0 0
GKL 114090 렌탈자산 0 0
GKL 114090 유형자산 75,715,412,430 77,987,872,007
GKL 114090 무형자산 9,715,377,043 9,825,513,871
GKL 114090 기타비유동금융자산 7,219,426,497 7,097,224,033
GKL 114090 기타비유동자산 1,646,806,294 1,411,217,839
GKL 114090 사용권자산 0 0
GKL 114090 이연법인세자산 28,486,352,470 25,243,426,606
GKL 114090 자산총계 674,450,101,386 650,518,244,338
GKL 114090 유동부채 212,283,418,829 168,823,977,230
GKL 114090 단기매입채무 0 0
GKL 114090 단기차입금 0 0
GKL 114090 유동성장기차입금 0 0
GKL 114090 유동성사채 0 0
GKL 114090 기타유동금융부채 0 0
GKL 114090 기타유동부채 7,153,356,865 10,203,948,240
GKL 114090 당기법인세부채 0 0
GKL 114090 유동리스부채 0 0
GKL 114090 비유동부채 22,345,852,367 25,454,387,264
GKL 114090 사채 0 0
GKL 114090 장기차입금 0 0
GKL 114090 기타비유동금융부채 0 0
GKL 114090 이연법인세부채 0 0
GKL 114090 비유동리스부채 0 0
GKL 114090 부채총계 234,629,271,196 194,278,364,494
GKL 114090 자본금 30,927,835,000 30,927,835,000
GKL 114090 자본잉여금 21,259,086,010 21,259,086,010
GKL 114090 자본조정 0 0
GKL 114090 기타포괄손익누계액 337,240,839 240,390,955
GKL 114090 이익잉여금(결손금) 0 0
GKL 114090 자본총계 439,820,830,190 456,239,879,844
GKL 114090 자본과부채총계 0 0
date : 2016-06-30
GKL 114090 유동자산 483,838,795,122 494,009,241,597
GKL 114090 현금및현금성자산 165,362,368,445 194,821,913,200
GKL 114090 매출채권 및 기타유동채권
GKL 114090 재고자산 2,083,179,218 1,837,336,113
GKL 114090 기타유동금융자산 0 0
GKL 114090 기타유동자산 1,647,489,194 556,461,738
GKL 114090 매각예정비유동자산 0 0
GKL 114090 비유동자산 156,054,485,620 156,509,002,741
GKL 114090 장기금융상품 0 0
GKL 114090 기타포괄손익-공정가치 0 0
GKL 114090 당기손익인식공정가치측정금융자산 0 0
GKL 114090 종속회사투자 0 0
GKL 114090 관계회사투자 0 0
GKL 114090 렌탈자산 0 0
GKL 114090 유형자산 79,097,149,945 77,987,872,007
GKL 114090 무형자산 9,604,954,565 9,825,513,871
GKL 114090 기타비유동금융자산 6,382,330,860 7,097,224,033
GKL 114090 기타비유동자산 1,595,163,749 1,411,217,839
GKL 114090 사용권자산 0 0
GKL 114090 이연법인세자산 23,378,064,789 25,243,426,606
GKL 114090 자산총계 639,893,280,742 650,518,244,338
GKL 114090 유동부채 148,563,751,363 168,823,977,230
GKL 114090 단기매입채무 0 0
GKL 114090 단기차입금 0 0
GKL 114090 유동성장기차입금 0 0
GKL 114090 유동성사채 0 0
GKL 114090 기타유동금융부채 0 0
GKL 114090 기타유동부채 8,165,103,073 10,203,948,240
GKL 114090 당기법인세부채 0 0
GKL 114090 유동리스부채 0 0
GKL 114090 비유동부채 26,256,350,160 25,454,387,264
GKL 114090 사채 0 0
GKL 114090 장기차입금 0 0
GKL 114090 기타비유동금융부채 0 0
GKL 114090 이연법인세부채 0 0
GKL 114090 비유동리스부채 0 0
GKL 114090 부채총계 174,820,101,523 194,278,364,494
GKL 114090 자본금 30,927,835,000 30,927,835,000
GKL 114090 자본잉여금 21,259,086,010 21,259,086,010
GKL 114090 자본조정 0 0
GKL 114090 기타포괄손익누계액 -13,470,408 240,390,955
GKL 114090 이익잉여금(결손금) 0 0
GKL 114090 자본총계 465,073,179,219 456,239,879,844
GKL 114090 자본과부채총계 0 0
date : 2016-09-30
GKL 114090 유동자산 495,253,383,567 494,009,241,597
GKL 114090 현금및현금성자산 110,369,117,261 194,821,913,200
GKL 114090 매출채권 및 기타유동채권
GKL 114090 재고자산 1,831,830,180 1,837,336,113
GKL 114090 기타유동금융자산 0 0
GKL 114090 기타유동자산 2,199,743,508 556,461,738
GKL 114090 매각예정비유동자산 0 0
GKL 114090 비유동자산 161,306,593,889 156,509,002,741
GKL 114090 장기금융상품 0 0
GKL 114090 기타포괄손익-공정가치 0 0
GKL 114090 당기손익인식공정가치측정금융자산 0 0
GKL 114090 종속회사투자 0 0
GKL 114090 관계회사투자 0 0
GKL 114090 렌탈자산 0 0
GKL 114090 유형자산 91,315,858,188 77,987,872,007
GKL 114090 무형자산 9,494,990,251 9,825,513,871
GKL 114090 기타비유동금융자산 1,377,161,230 7,097,224,033
GKL 114090 기타비유동자산 1,550,664,902 1,411,217,839
GKL 114090 사용권자산 0 0
GKL 114090 이연법인세자산 22,906,277,998 25,243,426,606
GKL 114090 자산총계 656,559,977,456 650,518,244,338
GKL 114090 유동부채 142,223,633,931 168,823,977,230
GKL 114090 단기매입채무 0 0
GKL 114090 단기차입금 0 0
GKL 114090 유동성장기차입금 0 0
GKL 114090 유동성사채 0 0
GKL 114090 기타유동금융부채 0 0
GKL 114090 기타유동부채 9,787,368,677 10,203,948,240
GKL 114090 당기법인세부채 0 0
GKL 114090 유동리스부채 0 0
GKL 114090 비유동부채 29,547,623,669 25,454,387,264
GKL 114090 사채 0 0
GKL 114090 장기차입금 0 0
GKL 114090 기타비유동금융부채 0 0
GKL 114090 이연법인세부채 0 0
GKL 114090 비유동리스부채 0 0
GKL 114090 부채총계 171,771,257,600 194,278,364,494
GKL 114090 자본금 30,927,835,000 30,927,835,000
GKL 114090 자본잉여금 21,259,086,010 21,259,086,010
GKL 114090 자본조정 0 0
GKL 114090 기타포괄손익누계액 -4,541,455 240,390,955
GKL 114090 이익잉여금(결손금) 0 0
GKL 114090 자본총계 484,788,719,856 456,239,879,844
GKL 114090 자본과부채총계 0 0
date : 2016-12-31
GKL 114090 유동자산 557,605,411,485 494,009,241,597
GKL 114090 현금및현금성자산 191,339,897,618 194,821,913,200
GKL 114090 매출채권 및 기타유동채권
GKL 114090 재고자산 2,009,944,336 1,837,336,113
GKL 114090 기타유동금융자산 0 0
GKL 114090 기타유동자산 1,347,456,999 556,461,738
GKL 114090 매각예정비유동자산 0 0
GKL 114090 비유동자산 172,572,237,871 156,509,002,741
GKL 114090 장기금융상품 0 0
GKL 114090 기타포괄손익-공정가치 0 0
GKL 114090 당기손익인식공정가치측정금융자산 0 0
GKL 114090 종속회사투자 0 0
GKL 114090 관계회사투자 0 0
GKL 114090 렌탈자산 0 0
GKL 114090 유형자산 98,643,012,927 77,987,872,007
GKL 114090 무형자산 9,411,509,457 9,825,513,871
GKL 114090 기타비유동금융자산 1,683,124,480 7,097,224,033
GKL 114090 기타비유동자산 1,502,594,207 1,411,217,839
GKL 114090 사용권자산 0 0
GKL 114090 이연법인세자산 26,737,857,985 25,243,426,606
GKL 114090 자산총계 730,177,649,356 650,518,244,338
GKL 114090 유동부채 185,942,765,883 168,823,977,230
GKL 114090 단기매입채무 0 0
GKL 114090 단기차입금 0 0
GKL 114090 유동성장기차입금 0 0
GKL 114090 유동성사채 0 0
GKL 114090 기타유동금융부채 0 0
GKL 114090 기타유동부채 11,615,400,962 10,203,948,240
GKL 114090 당기법인세부채 0 0
GKL 114090 유동리스부채 0 0
GKL 114090 비유동부채 25,508,493,366 25,454,387,264
GKL 114090 사채 0 0
GKL 114090 장기차입금 0 0
GKL 114090 기타비유동금융부채 0 0
GKL 114090 이연법인세부채 0 0
GKL 114090 비유동리스부채 0 0
GKL 114090 부채총계 211,451,259,249 194,278,364,494
GKL 114090 자본금 30,927,835,000 30,927,835,000
GKL 114090 자본잉여금 21,259,086,010 21,259,086,010
GKL 114090 자본조정 0 0
GKL 114090 기타포괄손익누계액 221,499,985 240,390,955
GKL 114090 이익잉여금(결손금) 0 0
GKL 114090 자본총계 518,726,390,107 456,239,879,844
GKL 114090 자본과부채총계 0 0
date : 2017-03-31
GKL 114090 유동자산 573,647,618,633 557,605,411,485
GKL 114090 현금및현금성자산 127,472,662,237 191,339,897,618
GKL 114090 매출채권 및 기타유동채권
GKL 114090 재고자산 2,068,758,082 2,009,944,336
GKL 114090 기타유동금융자산 0 0
GKL 114090 기타유동자산 1,595,619,914 1,347,456,999
GKL 114090 매각예정비유동자산 0 0
GKL 114090 비유동자산 174,271,594,545 172,572,237,871
GKL 114090 장기금융상품 0 0
GKL 114090 기타포괄손익-공정가치 0 0
GKL 114090 당기손익인식공정가치측정금융자산 0 0
GKL 114090 종속회사투자 0 0
GKL 114090 관계회사투자 0 0
GKL 114090 렌탈자산 0 0
GKL 114090 유형자산 96,460,185,696 98,643,012,927
GKL 114090 무형자산 9,301,182,619 9,411,509,457
GKL 114090 기타비유동금융자산 1,834,847,620 1,683,124,480
GKL 114090 기타비유동자산 1,454,523,511 1,502,594,207
GKL 114090 사용권자산 0 0
GKL 114090 이연법인세자산 31,275,178,814 26,737,857,985
GKL 114090 자산총계 747,919,213,178 730,177,649,356
GKL 114090 유동부채 237,492,211,536 185,942,765,883
GKL 114090 단기매입채무 0 0
GKL 114090 단기차입금 0 0
GKL 114090 유동성장기차입금 0 0
GKL 114090 유동성사채 0 0
GKL 114090 기타유동금융부채 0 0
GKL 114090 기타유동부채 9,578,859,077 11,615,400,962
GKL 114090 당기법인세부채 0 0
GKL 114090 유동리스부채 0 0
GKL 114090 비유동부채 27,855,484,034 25,508,493,366
GKL 114090 사채 0 0
GKL 114090 장기차입금 0 0
GKL 114090 기타비유동금융부채 0 0
GKL 114090 이연법인세부채 0 0
GKL 114090 비유동리스부채 0 0
GKL 114090 부채총계 265,347,695,570 211,451,259,249
GKL 114090 자본금 30,927,835,000 30,927,835,000
GKL 114090 자본잉여금 21,259,086,010 21,259,086,010
GKL 114090 자본조정 0 0
GKL 114090 기타포괄손익누계액 348,221,088 221,499,985
GKL 114090 이익잉여금(결손금) 0 0
GKL 114090 자본총계 482,571,517,608 518,726,390,107
GKL 114090 자본과부채총계 0 0
date : 2017-06-30
GKL 114090 유동자산 500,757,208,170 557,605,411,485
GKL 114090 현금및현금성자산 143,584,776,915 191,339,897,618
GKL 114090 매출채권 및 기타유동채권
GKL 114090 재고자산 2,745,279,506 2,009,944,336
GKL 114090 기타유동금융자산 0 0
GKL 114090 기타유동자산 1,292,217,904 1,347,456,999
GKL 114090 매각예정비유동자산 0 0
GKL 114090 비유동자산 166,775,045,336 172,572,237,871
GKL 114090 장기금융상품 0 0
GKL 114090 기타포괄손익-공정가치 0 0
GKL 114090 당기손익인식공정가치측정금융자산 0 0
GKL 114090 종속회사투자 0 0
GKL 114090 관계회사투자 0 0
GKL 114090 렌탈자산 0 0
GKL 114090 유형자산 97,258,051,186 98,643,012,927
GKL 114090 무형자산 9,189,731,971 9,411,509,457
GKL 114090 기타비유동금융자산 1,779,987,671 1,683,124,480
GKL 114090 기타비유동자산 1,406,452,815 1,502,594,207
GKL 114090 사용권자산 0 0
GKL 114090 이연법인세자산 24,531,955,572 26,737,857,985
GKL 114090 자산총계 667,532,253,506 730,177,649,356
GKL 114090 유동부채 141,137,004,392 185,942,765,883
GKL 114090 단기매입채무 0 0
GKL 114090 단기차입금 0 0
GKL 114090 유동성장기차입금 0 0
GKL 114090 유동성사채 0 0
GKL 114090 기타유동금융부채 0 0
GKL 114090 기타유동부채 10,164,719,646 11,615,400,962
GKL 114090 당기법인세부채 0 0
GKL 114090 유동리스부채 0 0
GKL 114090 비유동부채 28,442,358,538 25,508,493,366
GKL 114090 사채 0 0
GKL 114090 장기차입금 0 0
GKL 114090 기타비유동금융부채 0 0
GKL 114090 이연법인세부채 0 0
GKL 114090 비유동리스부채 0 0
GKL 114090 부채총계 169,579,362,930 211,451,259,249
GKL 114090 자본금 30,927,835,000 30,927,835,000
GKL 114090 자본잉여금 21,259,086,010 21,259,086,010
GKL 114090 자본조정 0 0
GKL 114090 기타포괄손익누계액 305,727,165 221,499,985
GKL 114090 이익잉여금(결손금) 0 0
GKL 114090 자본총계 497,952,890,576 518,726,390,107
GKL 114090 자본과부채총계 0 0
date : 2017-09-30
GKL 114090 유동자산 556,963,248,730 557,605,411,485
GKL 114090 현금및현금성자산 215,428,650,736 191,339,897,618
GKL 114090 매출채권 10,796,327,200 12,536,368,200
GKL 114090 재고자산 2,208,337,672 2,009,944,336
GKL 114090 기타유동금융자산 320,026,554,934 344,007,492,189
GKL 114090 기타유동자산 0 0
GKL 114090 매각예정비유동자산 0 0
GKL 114090 비유동자산 168,364,824,254 172,572,237,871
GKL 114090 장기금융상품 0 0
GKL 114090 기타포괄손익-공정가치 0 0
GKL 114090 당기손익인식공정가치측정금융자산 0 0
GKL 114090 종속회사투자 0 0
GKL 114090 관계회사투자 0 0
GKL 114090 렌탈자산 0 0
GKL 114090 유형자산 94,629,134,738 98,643,012,927
GKL 114090 무형자산 2,188,346 0
GKL 114090 기타비유동금융자산 888,218,070 1,683,124,480
GKL 114090 기타비유동자산 1,358,382,119 1,502,594,207
GKL 114090 사용권자산 0 0
GKL 114090 이연법인세자산 29,238,627,007 26,737,857,985
GKL 114090 자산총계 725,328,072,984 730,177,649,356
GKL 114090 유동부채 172,135,533,064 185,942,765,883
GKL 114090 단기매입채무 0 0
GKL 114090 단기차입금 0 0
GKL 114090 유동성장기차입금 0 0
GKL 114090 유동성사채 0 0
GKL 114090 기타유동금융부채 166,666,699 0
GKL 114090 기타유동부채 5,392,350,026 5,416,705,303
GKL 114090 당기법인세부채 18,987,307,305 23,801,799,805
GKL 114090 유동리스부채 0 0
GKL 114090 비유동부채 30,322,082,730 25,508,493,366
GKL 114090 사채 0 0
GKL 114090 장기차입금 236,111,053 0
GKL 114090 기타비유동금융부채 0 0
GKL 114090 이연법인세부채 0 0
GKL 114090 비유동리스부채 0 0
GKL 114090 부채총계 202,457,615,794 211,451,259,249
GKL 114090 자본금 30,927,835,000 30,927,835,000
GKL 114090 자본잉여금 21,259,086,010 21,259,086,010
GKL 114090 자본조정 0 0
GKL 114090 기타포괄손익누계액 -121,193,506 221,499,985
GKL 114090 이익잉여금(결손금) 470,804,729,686 466,317,969,112
GKL 114090 자본총계 522,870,457,190 518,726,390,107
GKL 114090 자본과부채총계 725,328,072,984 730,177,649,356
date : 2017-12-31
GKL 114090 유동자산 566,196,748,457 557,605,411,485
GKL 114090 현금및현금성자산 125,440,442,767 191,339,897,618
GKL 114090 매출채권 11,757,201,200 12,536,368,200
GKL 114090 재고자산 2,293,829,941 2,009,944,336
GKL 114090 기타유동금융자산 418,804,549,306 344,007,492,189
GKL 114090 기타유동자산 0 0
GKL 114090 매각예정비유동자산 0 0
GKL 114090 비유동자산 165,707,562,798 172,572,237,871
GKL 114090 장기금융상품 0 0
GKL 114090 기타포괄손익-공정가치 0 0
GKL 114090 당기손익인식공정가치측정금융자산 0 0
GKL 114090 종속회사투자 0 0
GKL 114090 관계회사투자 0 0
GKL 114090 렌탈자산 0 0
GKL 114090 유형자산 92,958,457,626 98,643,012,927
GKL 114090 무형자산 355,552,346 0
GKL 114090 기타비유동금융자산 891,561,610 1,683,124,480
GKL 114090 기타비유동자산 1,310,311,423 1,502,594,207
GKL 114090 사용권자산 0 0
GKL 114090 이연법인세자산 28,008,251,614 26,737,857,985
GKL 114090 자산총계 731,904,311,255 730,177,649,356
GKL 114090 유동부채 169,546,689,001 185,942,765,883
GKL 114090 단기매입채무 0 0
GKL 114090 단기차입금 0 0
GKL 114090 유동성장기차입금 166,666,699 0
GKL 114090 유동성사채 0 0
GKL 114090 기타유동금융부채 166,666,699 0
GKL 114090 기타유동부채 5,559,410,364 5,416,705,303
GKL 114090 당기법인세부채 20,372,958,484 23,801,799,805
GKL 114090 유동리스부채 0 0
GKL 114090 비유동부채 30,305,174,475 25,508,493,366
GKL 114090 사채 0 0
GKL 114090 장기차입금 194,444,389 0
GKL 114090 기타비유동금융부채 0 0
GKL 114090 이연법인세부채 0 0
GKL 114090 비유동리스부채 0 0
GKL 114090 부채총계 199,851,863,476 211,451,259,249
GKL 114090 자본금 30,927,835,000 30,927,835,000
GKL 114090 자본잉여금 21,259,086,010 21,259,086,010
GKL 114090 자본조정 0 0
GKL 114090 기타포괄손익누계액 0 221,499,985
GKL 114090 이익잉여금(결손금) 479,865,526,769 466,317,969,112
GKL 114090 자본총계 532,052,447,779 518,726,390,107
GKL 114090 자본과부채총계 731,904,311,255 730,177,649,356
date : 2018-03-31
GKL 114090 유동자산 608,261,077,053 566,196,748,457
GKL 114090 현금및현금성자산 83,674,166,056 125,440,442,767
GKL 114090 매출채권 및 기타유동채권
GKL 114090 재고자산 2,632,127,871 2,293,829,941
GKL 114090 기타유동금융자산 501,017,843,343 418,804,549,306
GKL 114090 기타유동자산 1,618,921,018 917,910,261
GKL 114090 매각예정비유동자산 0 0
GKL 114090 비유동자산 165,954,512,406 165,707,562,798
GKL 114090 장기금융상품 0 0
GKL 114090 기타포괄손익-공정가치 0 0
GKL 114090 당기손익인식공정가치측정금융자산 0 0
GKL 114090 종속회사투자 0 0
GKL 114090 관계회사투자 0 0
GKL 114090 렌탈자산 0 0
GKL 114090 유형자산 90,294,146,387 92,958,457,626
GKL 114090 무형자산 9,360,876,604 9,452,058,527
GKL 114090 기타비유동금융자산 852,231,420 891,561,610
GKL 114090 기타비유동자산 1,262,240,727 1,310,311,423
GKL 114090 사용권자산 0 0
GKL 114090 이연법인세자산 31,542,631,689 28,008,251,614
GKL 114090 자산총계 774,215,589,459 731,904,311,255
GKL 114090 유동부채 229,290,046,406 169,546,689,001
GKL 114090 단기매입채무 0 0
GKL 114090 단기차입금 0 0
GKL 114090 유동성장기차입금 0 0
GKL 114090 유동성사채 0 0
GKL 114090 기타유동금융부채 166,666,699 166,666,699
GKL 114090 기타유동부채 8,969,006,455 9,013,520,348
GKL 114090 당기법인세부채 26,389,070,076 20,372,958,484
GKL 114090 유동리스부채 0 0
GKL 114090 비유동부채 32,632,178,078 30,305,174,475
GKL 114090 사채 0 0
GKL 114090 장기차입금 0 0
GKL 114090 기타비유동금융부채 0 0
GKL 114090 이연법인세부채 0 0
GKL 114090 비유동리스부채 0 0
GKL 114090 부채총계 261,922,224,484 199,851,863,476
GKL 114090 자본금 30,927,835,000 30,927,835,000
GKL 114090 자본잉여금 21,259,086,010 21,259,086,010
GKL 114090 자본조정 0 0
GKL 114090 기타포괄손익누계액 0 0
GKL 114090 이익잉여금(결손금) 460,106,443,965 479,865,526,769
GKL 114090 자본총계 512,293,364,975 532,052,447,779
GKL 114090 자본과부채총계 774,215,589,459 731,904,311,255
date : 2018-06-30
GKL 114090 유동자산 556,177,885,300 566,196,748,457
GKL 114090 현금및현금성자산 144,521,118,012 125,440,442,767
GKL 114090 매출채권 및 기타유동채권
GKL 114090 재고자산 2,707,211,359 2,293,829,941
GKL 114090 기타유동금융자산 390,022,000,000 418,804,549,306
GKL 114090 기타유동자산 1,293,035,497 917,910,261
GKL 114090 매각예정비유동자산 0 0
GKL 114090 비유동자산 157,530,096,770 165,707,562,798
GKL 114090 장기금융상품 0 0
GKL 114090 기타포괄손익-공정가치 0 0
GKL 114090 당기손익인식공정가치측정금융자산 0 0
GKL 114090 종속회사투자 0 0
GKL 114090 관계회사투자 0 0
GKL 114090 렌탈자산 0 0
GKL 114090 유형자산 86,754,865,941 92,958,457,626
GKL 114090 무형자산 9,449,001,782 9,452,058,527
GKL 114090 기타비유동금융자산 834,795,860 891,561,610
GKL 114090 기타비유동자산 1,214,170,031 1,310,311,423
GKL 114090 사용권자산 0 0
GKL 114090 이연법인세자산 25,615,423,701 28,008,251,614
GKL 114090 자산총계 713,707,982,070 731,904,311,255
GKL 114090 유동부채 139,284,461,782 169,546,689,001
GKL 114090 단기매입채무 0 0
GKL 114090 단기차입금 0 0
GKL 114090 유동성장기차입금 0 0
GKL 114090 유동성사채 0 0
GKL 114090 기타유동금융부채 166,666,699 166,666,699
GKL 114090 기타유동부채 9,408,858,438 9,013,520,348
GKL 114090 당기법인세부채 13,234,318,154 20,372,958,484
GKL 114090 유동리스부채 0 0
GKL 114090 비유동부채 34,956,725,988 30,305,174,475
GKL 114090 사채 0 0
GKL 114090 장기차입금 0 0
GKL 114090 기타비유동금융부채 111,111,061 194,444,389
GKL 114090 이연법인세부채 0 0
GKL 114090 비유동리스부채 0 0
GKL 114090 부채총계 174,241,187,770 199,851,863,476
GKL 114090 자본금 30,927,835,000 30,927,835,000
GKL 114090 자본잉여금 21,259,086,010 21,259,086,010
GKL 114090 자본조정 0 0
GKL 114090 기타포괄손익누계액 0 0
GKL 114090 이익잉여금(결손금) 487,279,873,290 479,865,526,769
GKL 114090 자본총계 539,466,794,300 532,052,447,779
GKL 114090 자본과부채총계 713,707,982,070 731,904,311,255
date : 2018-09-30
GKL 114090 유동자산 553,125,506,318 566,196,748,457
GKL 114090 현금및현금성자산 113,771,145,256 125,440,442,767
GKL 114090 매출채권 및 기타유동채권
GKL 114090 재고자산 2,043,451,740 2,293,829,941
GKL 114090 기타유동금융자산 414,025,178,219 418,804,549,306
GKL 114090 기타유동자산 996,438,379 917,910,261
GKL 114090 매각예정비유동자산 0 0
GKL 114090 비유동자산 209,009,216,612 165,707,562,798
GKL 114090 장기금융상품 0 0
GKL 114090 기타포괄손익-공정가치 0 0
GKL 114090 당기손익인식공정가치측정금융자산 0 0
GKL 114090 종속회사투자 0 0
GKL 114090 관계회사투자 0 0
GKL 114090 렌탈자산 0 0
GKL 114090 유형자산 85,660,019,483 92,958,457,626
GKL 114090 무형자산 9,712,115,722 9,452,058,527
GKL 114090 기타비유동금융자산 50,802,862,910 891,561,610
GKL 114090 기타비유동자산 1,166,099,335 1,310,311,423
GKL 114090 사용권자산 0 0
GKL 114090 이연법인세자산 28,798,362,676 28,008,251,614
GKL 114090 자산총계 762,134,722,930 731,904,311,255
GKL 114090 유동부채 167,053,390,065 169,546,689,001
GKL 114090 단기매입채무 0 0
GKL 114090 단기차입금 0 0
GKL 114090 유동성장기차입금 0 0
GKL 114090 유동성사채 0 0
GKL 114090 기타유동금융부채 166,666,699 166,666,699
GKL 114090 기타유동부채 8,667,057,769 9,013,520,348
GKL 114090 당기법인세부채 17,157,612,155 20,372,958,484
GKL 114090 유동리스부채 0 0
GKL 114090 비유동부채 37,288,264,392 30,305,174,475
GKL 114090 사채 0 0
GKL 114090 장기차입금 0 0
GKL 114090 기타비유동금융부채 69,444,397 194,444,389
GKL 114090 이연법인세부채 0 0
GKL 114090 비유동리스부채 0 0
GKL 114090 부채총계 204,341,654,457 199,851,863,476
GKL 114090 자본금 30,927,835,000 30,927,835,000
GKL 114090 자본잉여금 21,259,086,010 21,259,086,010
GKL 114090 자본조정 0 0
GKL 114090 기타포괄손익누계액 0 0
GKL 114090 이익잉여금(결손금) 505,606,147,463 479,865,526,769
GKL 114090 자본총계 557,793,068,473 532,052,447,779
GKL 114090 자본과부채총계 762,134,722,930 731,904,311,255
date : 2018-12-31
GKL 114090 유동자산 455,109,823,071 566,196,748,457
GKL 114090 현금및현금성자산 130,745,635,868 125,440,442,767
GKL 114090 매출채권 및 기타유동채권
GKL 114090 재고자산 2,456,504,592 2,293,829,941
GKL 114090 기타유동금융자산 0 0
GKL 114090 기타유동자산 759,077,951 917,910,261
GKL 114090 매각예정비유동자산 0 0
GKL 114090 비유동자산 310,735,481,219 165,707,562,798
GKL 114090 장기금융상품 0 0
GKL 114090 기타포괄손익-공정가치 0 0
GKL 114090 당기손익인식공정가치측정금융자산 0 0
GKL 114090 종속회사투자 0 0
GKL 114090 관계회사투자 0 0
GKL 114090 렌탈자산 0 0
GKL 114090 유형자산 85,479,888,485 92,958,457,626
GKL 114090 무형자산 9,592,139,233 9,452,058,527
GKL 114090 기타비유동금융자산 150,827,610,950 891,561,610
GKL 114090 기타비유동자산 1,118,028,639 1,310,311,423
GKL 114090 사용권자산 0 0
GKL 114090 이연법인세자산 29,217,953,909 28,008,251,614
GKL 114090 자산총계 765,845,304,290 731,904,311,255
GKL 114090 유동부채 168,797,612,012 169,546,689,001
GKL 114090 단기매입채무 0 0
GKL 114090 단기차입금 0 0
GKL 114090 유동성장기차입금 0 0
GKL 114090 유동성사채 0 0
GKL 114090 기타유동금융부채 166,666,699 166,666,699
GKL 114090 기타유동부채 9,963,419,707 9,013,520,348
GKL 114090 당기법인세부채 13,961,052,883 20,372,958,484
GKL 114090 유동리스부채 0 0
GKL 114090 비유동부채 35,023,691,056 30,305,174,475
GKL 114090 사채 0 0
GKL 114090 장기차입금 0 0
GKL 114090 기타비유동금융부채 27,777,733 194,444,389
GKL 114090 이연법인세부채 0 0
GKL 114090 비유동리스부채 0 0
GKL 114090 부채총계 203,821,303,068 199,851,863,476
GKL 114090 자본금 30,927,835,000 30,927,835,000
GKL 114090 자본잉여금 21,259,086,010 21,259,086,010
GKL 114090 자본조정 0 0
GKL 114090 기타포괄손익누계액 0 221,499,985
GKL 114090 이익잉여금(결손금) 509,837,080,212 479,865,526,769
GKL 114090 자본총계 562,024,001,222 532,052,447,779
GKL 114090 자본과부채총계 765,845,304,290 731,904,311,255
date : 2019-03-31
GKL 114090 유동자산 481,540,055,278 455,109,823,071
GKL 114090 현금및현금성자산 91,488,874,697 130,745,635,868
GKL 114090 매출채권 및 기타유동채권
GKL 114090 재고자산 2,503,887,298 2,456,504,592
GKL 114090 기타유동금융자산 0 0
GKL 114090 기타유동자산 1,837,371,612 759,077,951
GKL 114090 매각예정비유동자산 0 0
GKL 114090 비유동자산 415,423,194,391 310,735,481,219
GKL 114090 장기금융상품 0 0
GKL 114090 기타포괄손익-공정가치 0 0
GKL 114090 당기손익인식공정가치측정금융자산 0 0
GKL 114090 종속회사투자 0 0
GKL 114090 관계회사투자 0 0
GKL 114090 렌탈자산 0 0
GKL 114090 유형자산 81,997,814,744 85,479,888,485
GKL 114090 무형자산 9,607,087,505 9,592,139,233
GKL 114090 기타비유동금융자산 150,807,876,160 150,827,610,950
GKL 114090 기타비유동자산 182,464,125 1,118,028,639
GKL 114090 사용권자산 103,851,329,483 0
GKL 114090 이연법인세자산 34,419,716,498 29,217,953,909
GKL 114090 자산총계 896,963,249,669 765,845,304,290
GKL 114090 유동부채 240,650,759,928 168,797,612,012
GKL 114090 단기매입채무 0 0
GKL 114090 단기차입금 0 0
GKL 114090 유동성장기차입금 0 0
GKL 114090 유동성사채 0 0
GKL 114090 기타유동금융부채 20,545,972,852 166,666,699
GKL 114090 기타유동부채 8,831,257,834 9,963,419,707
GKL 114090 당기법인세부채 20,184,075,254 13,961,052,883
GKL 114090 유동리스부채 0 0
GKL 114090 비유동부채 125,929,790,973 35,023,691,056
GKL 114090 사채 0 0
GKL 114090 장기차입금 0 0
GKL 114090 기타비유동금융부채 88,519,277,909 27,777,733
GKL 114090 이연법인세부채 0 0
GKL 114090 비유동리스부채 0 0
GKL 114090 부채총계 366,580,550,901 203,821,303,068
GKL 114090 자본금 30,927,835,000 30,927,835,000
GKL 114090 자본잉여금 21,259,086,010 21,259,086,010
GKL 114090 자본조정 0 0
GKL 114090 기타포괄손익누계액 0 0
GKL 114090 이익잉여금(결손금) 478,195,777,758 509,837,080,212
GKL 114090 자본총계 530,382,698,768 562,024,001,222
GKL 114090 자본과부채총계 896,963,249,669 765,845,304,290
