date : 2015-12-31
웰크론강원 114190 유동자산 58,744,702,653 48,800,730,307
웰크론강원 114190 현금및현금성자산 28,833,575,022 11,986,632,999
웰크론강원 114190 매출채권 15,745,124,301 25,063,243,950
웰크론강원 114190 재고자산 1,233,999,232 1,736,908,938
웰크론강원 114190 기타유동금융자산 0 0
웰크론강원 114190 기타유동자산 2,334,567,648 342,317,496
웰크론강원 114190 매각예정비유동자산 0 0
웰크론강원 114190 비유동자산 22,194,316,461 18,236,908,259
웰크론강원 114190 장기금융상품 0 0
웰크론강원 114190 기타포괄손익-공정가치 0 0
웰크론강원 114190 당기손익인식공정가치측정금융자산 0 0
웰크론강원 114190 종속회사투자 0 0
웰크론강원 114190 관계회사투자 0 0
웰크론강원 114190 렌탈자산 0 0
웰크론강원 114190 유형자산 9,712,090,671 10,004,091,478
웰크론강원 114190 무형자산 1,590,088,746 1,724,088,746
웰크론강원 114190 기타비유동금융자산 407,604,885 162,513,216
웰크론강원 114190 기타비유동자산 1,664,937,430 1,688,937,430
웰크론강원 114190 사용권자산 0 0
웰크론강원 114190 이연법인세자산 387,169,441 397,008,394
웰크론강원 114190 자산총계 80,939,019,114 67,037,638,566
웰크론강원 114190 유동부채 26,044,865,073 16,587,078,415
웰크론강원 114190 단기매입채무 0 0
웰크론강원 114190 단기차입금 0 0
웰크론강원 114190 유동성장기차입금 0 0
웰크론강원 114190 유동성사채 0 0
웰크론강원 114190 기타유동금융부채 0 0
웰크론강원 114190 기타유동부채 17,086,166,050 7,637,294,495
웰크론강원 114190 당기법인세부채 0 0
웰크론강원 114190 유동리스부채 0 0
웰크론강원 114190 비유동부채 13,229,991 5,068,785
웰크론강원 114190 사채 0 0
웰크론강원 114190 장기차입금 0 0
웰크론강원 114190 기타비유동금융부채 0 0
웰크론강원 114190 이연법인세부채 0 0
웰크론강원 114190 비유동리스부채 0 0
웰크론강원 114190 부채총계 26,058,095,064 16,592,147,200
웰크론강원 114190 자본금 7,626,515,000 7,195,481,000
웰크론강원 114190 자본잉여금 14,503,666,250 13,082,610,512
웰크론강원 114190 자본조정 0 0
웰크론강원 114190 기타포괄손익누계액 1,190,195,946 -177,386,840
웰크론강원 114190 이익잉여금(결손금) 0 0
웰크론강원 114190 자본총계 54,880,924,050 50,445,491,366
웰크론강원 114190 자본과부채총계 80,939,019,114 67,037,638,566
date : 2016-03-31
웰크론강원 114190 유동자산 54,922,256,007 58,744,702,653
웰크론강원 114190 현금및현금성자산 19,340,557,267 28,833,575,022
웰크론강원 114190 매출채권 21,088,264,105 15,745,124,301
웰크론강원 114190 재고자산 1,325,727,386 1,233,999,232
웰크론강원 114190 기타유동금융자산 0 0
웰크론강원 114190 기타유동자산 2,255,593,510 2,334,567,648
웰크론강원 114190 매각예정비유동자산 0 0
웰크론강원 114190 비유동자산 22,155,362,620 22,194,316,461
웰크론강원 114190 장기금융상품 0 0
웰크론강원 114190 기타포괄손익-공정가치 0 0
웰크론강원 114190 당기손익인식공정가치측정금융자산 0 0
웰크론강원 114190 종속회사투자 0 0
웰크론강원 114190 관계회사투자 0 0
웰크론강원 114190 렌탈자산 0 0
웰크론강원 114190 유형자산 9,731,860,276 9,712,090,671
웰크론강원 114190 무형자산 1,501,400,746 1,590,088,746
웰크론강원 114190 기타비유동금융자산 341,169,536 407,604,885
웰크론강원 114190 기타비유동자산 1,664,937,430 1,664,937,430
웰크론강원 114190 사용권자산 0 0
웰크론강원 114190 이연법인세자산 387,169,441 387,169,441
웰크론강원 114190 자산총계 77,077,618,627 80,939,019,114
웰크론강원 114190 유동부채 21,474,669,696 26,044,865,073
웰크론강원 114190 단기매입채무 0 0
웰크론강원 114190 단기차입금 0 0
웰크론강원 114190 유동성장기차입금 0 0
웰크론강원 114190 유동성사채 0 0
웰크론강원 114190 기타유동금융부채 0 0
웰크론강원 114190 기타유동부채 13,034,986,052 17,086,166,050
웰크론강원 114190 당기법인세부채 0 0
웰크론강원 114190 유동리스부채 0 0
웰크론강원 114190 비유동부채 28,862,333 13,229,991
웰크론강원 114190 사채 0 0
웰크론강원 114190 장기차입금 0 0
웰크론강원 114190 기타비유동금융부채 0 0
웰크론강원 114190 이연법인세부채 0 0
웰크론강원 114190 비유동리스부채 0 0
웰크론강원 114190 부채총계 21,503,532,029 26,058,095,064
웰크론강원 114190 자본금 7,626,515,000 7,626,515,000
웰크론강원 114190 자본잉여금 14,503,666,250 14,503,666,250
웰크론강원 114190 자본조정 0 0
웰크론강원 114190 기타포괄손익누계액 1,631,359,715 1,190,195,946
웰크론강원 114190 이익잉여금(결손금) 0 0
웰크론강원 114190 자본총계 55,574,086,598 54,880,924,050
웰크론강원 114190 자본과부채총계 77,077,618,627 80,939,019,114
date : 2016-06-30
웰크론강원 114190 유동자산 48,056,856,237 58,744,702,653
웰크론강원 114190 현금및현금성자산 9,981,751,511 28,833,575,022
웰크론강원 114190 매출채권 25,743,648,238 15,745,124,301
웰크론강원 114190 재고자산 1,233,971,432 1,233,999,232
웰크론강원 114190 기타유동금융자산 0 0
웰크론강원 114190 기타유동자산 1,810,880,375 2,334,567,648
웰크론강원 114190 매각예정비유동자산 0 0
웰크론강원 114190 비유동자산 21,062,939,585 22,194,316,461
웰크론강원 114190 장기금융상품 0 0
웰크론강원 114190 기타포괄손익-공정가치 0 0
웰크론강원 114190 당기손익인식공정가치측정금융자산 0 0
웰크론강원 114190 종속회사투자 0 0
웰크론강원 114190 관계회사투자 0 0
웰크론강원 114190 렌탈자산 0 0
웰크론강원 114190 유형자산 9,640,152,275 9,712,090,671
웰크론강원 114190 무형자산 1,467,900,746 1,590,088,746
웰크론강원 114190 기타비유동금융자산 383,050,739 407,604,885
웰크론강원 114190 기타비유동자산 1,664,937,430 1,664,937,430
웰크론강원 114190 사용권자산 0 0
웰크론강원 114190 이연법인세자산 450,396,715 387,169,441
웰크론강원 114190 자산총계 69,119,795,822 80,939,019,114
웰크론강원 114190 유동부채 15,134,706,070 26,044,865,073
웰크론강원 114190 단기매입채무 0 0
웰크론강원 114190 단기차입금 0 0
웰크론강원 114190 유동성장기차입금 0 0
웰크론강원 114190 유동성사채 0 0
웰크론강원 114190 기타유동금융부채 0 0
웰크론강원 114190 기타유동부채 10,808,988,088 17,086,166,050
웰크론강원 114190 당기법인세부채 0 0
웰크론강원 114190 유동리스부채 0 0
웰크론강원 114190 비유동부채 4,597,113 13,229,991
웰크론강원 114190 사채 0 0
웰크론강원 114190 장기차입금 0 0
웰크론강원 114190 기타비유동금융부채 0 0
웰크론강원 114190 이연법인세부채 0 0
웰크론강원 114190 비유동리스부채 0 0
웰크론강원 114190 부채총계 15,139,303,183 26,058,095,064
웰크론강원 114190 자본금 7,626,515,000 7,626,515,000
웰크론강원 114190 자본잉여금 14,503,666,250 14,503,666,250
웰크론강원 114190 자본조정 0 0
웰크론강원 114190 기타포괄손익누계액 868,274,017 1,190,195,946
웰크론강원 114190 이익잉여금(결손금) 30,026,689,122 30,605,198,604
웰크론강원 114190 자본총계 53,980,492,639 54,880,924,050
웰크론강원 114190 자본과부채총계 69,119,795,822 80,939,019,114
date : 2016-09-30
웰크론강원 114190 유동자산 45,805,595,693 58,744,702,653
웰크론강원 114190 현금및현금성자산 9,990,289,230 28,833,575,022
웰크론강원 114190 매출채권 23,480,353,841 15,745,124,301
웰크론강원 114190 재고자산 1,461,681,432 1,233,999,232
웰크론강원 114190 기타유동금융자산 0 0
웰크론강원 114190 기타유동자산 2,212,669,536 2,334,567,648
웰크론강원 114190 매각예정비유동자산 0 0
웰크론강원 114190 비유동자산 21,413,190,020 22,194,316,461
웰크론강원 114190 장기금융상품 0 0
웰크론강원 114190 기타포괄손익-공정가치 0 0
웰크론강원 114190 당기손익인식공정가치측정금융자산 0 0
웰크론강원 114190 종속회사투자 0 0
웰크론강원 114190 관계회사투자 0 0
웰크론강원 114190 렌탈자산 0 0
웰크론강원 114190 유형자산 9,547,320,783 9,712,090,671
웰크론강원 114190 무형자산 1,434,400,746 1,590,088,746
웰크론강원 114190 기타비유동금융자산 458,686,327 407,604,885
웰크론강원 114190 기타비유동자산 1,664,937,430 1,664,937,430
웰크론강원 114190 사용권자산 0 0
웰크론강원 114190 이연법인세자산 769,596,286 387,169,441
웰크론강원 114190 자산총계 67,218,785,713 80,939,019,114
웰크론강원 114190 유동부채 15,466,180,258 26,044,865,073
웰크론강원 114190 단기매입채무 0 0
웰크론강원 114190 단기차입금 0 0
웰크론강원 114190 유동성장기차입금 0 0
웰크론강원 114190 유동성사채 0 0
웰크론강원 114190 기타유동금융부채 0 0
웰크론강원 114190 기타유동부채 11,878,032,802 17,086,166,050
웰크론강원 114190 당기법인세부채 0 0
웰크론강원 114190 유동리스부채 0 0
웰크론강원 114190 비유동부채 1,790,934 13,229,991
웰크론강원 114190 사채 0 0
웰크론강원 114190 장기차입금 0 0
웰크론강원 114190 기타비유동금융부채 0 0
웰크론강원 114190 이연법인세부채 0 0
웰크론강원 114190 비유동리스부채 0 0
웰크론강원 114190 부채총계 15,467,971,192 26,058,095,064
웰크론강원 114190 자본금 7,626,515,000 7,626,515,000
웰크론강원 114190 자본잉여금 14,503,666,250 14,503,666,250
웰크론강원 114190 자본조정 0 0
웰크론강원 114190 기타포괄손익누계액 1,019,817,141 1,190,195,946
웰크론강원 114190 이익잉여금(결손금) 27,645,467,880 30,605,198,604
웰크론강원 114190 자본총계 51,750,814,521 54,880,924,050
웰크론강원 114190 자본과부채총계 67,218,785,713 80,939,019,114
date : 2016-12-31
웰크론강원 114190 유동자산 49,882,032,927 58,744,702,653
웰크론강원 114190 현금및현금성자산 13,076,248,157 28,833,575,022
웰크론강원 114190 매출채권 26,798,623,185 15,745,124,301
웰크론강원 114190 재고자산 335,219,728 1,233,999,232
웰크론강원 114190 기타유동금융자산 0 0
웰크론강원 114190 기타유동자산 2,438,701,983 2,334,567,648
웰크론강원 114190 매각예정비유동자산 0 0
웰크론강원 114190 비유동자산 20,968,104,042 22,194,316,461
웰크론강원 114190 장기금융상품 0 0
웰크론강원 114190 기타포괄손익-공정가치 0 0
웰크론강원 114190 당기손익인식공정가치측정금융자산 0 0
웰크론강원 114190 종속회사투자 0 0
웰크론강원 114190 관계회사투자 0 0
웰크론강원 114190 렌탈자산 0 0
웰크론강원 114190 유형자산 9,490,733,684 9,712,090,671
웰크론강원 114190 무형자산 1,400,900,746 1,590,088,746
웰크론강원 114190 기타비유동금융자산 338,825,205 407,604,885
웰크론강원 114190 기타비유동자산 1,794,937,430 1,664,937,430
웰크론강원 114190 사용권자산 0 0
웰크론강원 114190 이연법인세자산 683,986,929 387,169,441
웰크론강원 114190 자산총계 70,850,136,969 80,939,019,114
웰크론강원 114190 유동부채 17,100,077,064 26,044,865,073
웰크론강원 114190 단기매입채무 0 0
웰크론강원 114190 단기차입금 0 0
웰크론강원 114190 유동성장기차입금 0 0
웰크론강원 114190 유동성사채 0 0
웰크론강원 114190 기타유동금융부채 0 0
웰크론강원 114190 기타유동부채 11,826,739,813 17,086,166,050
웰크론강원 114190 당기법인세부채 0 0
웰크론강원 114190 유동리스부채 0 0
웰크론강원 114190 비유동부채 3,703,728 13,229,991
웰크론강원 114190 사채 0 0
웰크론강원 114190 장기차입금 0 0
웰크론강원 114190 기타비유동금융부채 0 0
웰크론강원 114190 이연법인세부채 0 0
웰크론강원 114190 비유동리스부채 0 0
웰크론강원 114190 부채총계 17,103,780,792 26,058,095,064
웰크론강원 114190 자본금 7,626,515,000 7,626,515,000
웰크론강원 114190 자본잉여금 14,503,666,250 14,503,666,250
웰크론강원 114190 자본조정 0 0
웰크론강원 114190 기타포괄손익누계액 817,685,649 1,190,195,946
웰크론강원 114190 이익잉여금(결손금) 29,843,141,028 30,605,198,604
웰크론강원 114190 자본총계 53,746,356,177 54,880,924,050
웰크론강원 114190 자본과부채총계 70,850,136,969 80,939,019,114
date : 2017-03-31
웰크론강원 114190 유동자산 45,238,847,210 49,882,032,927
웰크론강원 114190 현금및현금성자산 13,477,324,950 13,076,248,157
웰크론강원 114190 매출채권 21,567,514,051 26,798,623,185
웰크론강원 114190 재고자산 315,015,200 335,219,728
웰크론강원 114190 기타유동금융자산 0 0
웰크론강원 114190 기타유동자산 1,931,002,719 2,438,701,983
웰크론강원 114190 매각예정비유동자산 0 0
웰크론강원 114190 비유동자산 20,913,678,063 20,968,104,042
웰크론강원 114190 장기금융상품 0 0
웰크론강원 114190 기타포괄손익-공정가치 0 0
웰크론강원 114190 당기손익인식공정가치측정금융자산 0 0
웰크론강원 114190 종속회사투자 0 0
웰크론강원 114190 관계회사투자 0 0
웰크론강원 114190 렌탈자산 0 0
웰크론강원 114190 유형자산 9,400,391,852 9,490,733,684
웰크론강원 114190 무형자산 1,367,400,746 1,400,900,746
웰크론강원 114190 기타비유동금융자산 399,650,238 338,825,205
웰크론강원 114190 기타비유동자산 1,795,737,430 1,794,937,430
웰크론강원 114190 사용권자산 0 0
웰크론강원 114190 이연법인세자산 683,986,929 683,986,929
웰크론강원 114190 자산총계 66,152,525,273 70,850,136,969
웰크론강원 114190 유동부채 12,953,928,640 17,100,077,064
웰크론강원 114190 단기매입채무 0 0
웰크론강원 114190 단기차입금 0 0
웰크론강원 114190 유동성장기차입금 0 0
웰크론강원 114190 유동성사채 0 0
웰크론강원 114190 기타유동금융부채 0 0
웰크론강원 114190 기타유동부채 8,310,706,644 11,826,739,813
웰크론강원 114190 당기법인세부채 0 0
웰크론강원 114190 유동리스부채 0 0
웰크론강원 114190 비유동부채 6,844,559 3,703,728
웰크론강원 114190 사채 0 0
웰크론강원 114190 장기차입금 0 0
웰크론강원 114190 기타비유동금융부채 0 0
웰크론강원 114190 이연법인세부채 0 0
웰크론강원 114190 비유동리스부채 0 0
웰크론강원 114190 부채총계 12,960,773,199 17,103,780,792
웰크론강원 114190 자본금 7,626,515,000 7,626,515,000
웰크론강원 114190 자본잉여금 14,503,666,250 14,503,666,250
웰크론강원 114190 자본조정 0 0
웰크론강원 114190 기타포괄손익누계액 899,883,369 817,685,649
웰크론강원 114190 이익잉여금(결손금) 29,206,339,205 29,843,141,028
웰크론강원 114190 자본총계 53,191,752,074 53,746,356,177
웰크론강원 114190 자본과부채총계 66,152,525,273 70,850,136,969
date : 2017-06-30
웰크론강원 114190 유동자산 53,702,156,949 49,882,032,927
웰크론강원 114190 현금및현금성자산 15,538,188,419 13,076,248,157
웰크론강원 114190 매출채권 29,282,168,347 26,798,623,185
웰크론강원 114190 재고자산 240,245,460 335,219,728
웰크론강원 114190 기타유동금융자산 0 0
웰크론강원 114190 기타유동자산 1,457,514,625 2,438,701,983
웰크론강원 114190 매각예정비유동자산 0 0
웰크론강원 114190 비유동자산 20,588,965,930 20,968,104,042
웰크론강원 114190 장기금융상품 0 0
웰크론강원 114190 기타포괄손익-공정가치 0 0
웰크론강원 114190 당기손익인식공정가치측정금융자산 0 0
웰크론강원 114190 종속회사투자 0 0
웰크론강원 114190 관계회사투자 0 0
웰크론강원 114190 렌탈자산 0 0
웰크론강원 114190 유형자산 9,334,470,155 9,490,733,684
웰크론강원 114190 무형자산 925,100,746 1,400,900,746
웰크론강원 114190 기타비유동금융자산 464,468,735 338,825,205
웰크론강원 114190 기타비유동자산 1,810,637,430 1,794,937,430
웰크론강원 114190 사용권자산 0 0
웰크론강원 114190 이연법인세자산 554,312,296 683,986,929
웰크론강원 114190 자산총계 74,291,122,879 70,850,136,969
웰크론강원 114190 유동부채 19,964,342,834 17,100,077,064
웰크론강원 114190 단기매입채무 0 0
웰크론강원 114190 단기차입금 0 0
웰크론강원 114190 유동성장기차입금 0 0
웰크론강원 114190 유동성사채 0 0
웰크론강원 114190 기타유동금융부채 0 0
웰크론강원 114190 기타유동부채 9,050,641,074 11,826,739,813
웰크론강원 114190 당기법인세부채 0 0
웰크론강원 114190 유동리스부채 0 0
웰크론강원 114190 비유동부채 18,107,964 3,703,728
웰크론강원 114190 사채 0 0
웰크론강원 114190 장기차입금 0 0
웰크론강원 114190 기타비유동금융부채 0 0
웰크론강원 114190 이연법인세부채 0 0
웰크론강원 114190 비유동리스부채 0 0
웰크론강원 114190 부채총계 19,982,450,798 17,103,780,792
웰크론강원 114190 자본금 7,626,515,000 7,626,515,000
웰크론강원 114190 자본잉여금 14,503,666,250 14,503,666,250
웰크론강원 114190 자본조정 0 0
웰크론강원 114190 기타포괄손익누계액 565,000,187 817,685,649
웰크론강원 114190 이익잉여금(결손금) 30,658,142,394 29,843,141,028
웰크론강원 114190 자본총계 54,308,672,081 53,746,356,177
웰크론강원 114190 자본과부채총계 74,291,122,879 70,850,136,969
date : 2017-09-30
웰크론강원 114190 유동자산 68,589,197,168 49,882,032,927
웰크론강원 114190 현금및현금성자산 13,850,544,828 13,076,248,157
웰크론강원 114190 매출채권 44,869,894,426 26,798,623,185
웰크론강원 114190 재고자산 824,524,086 335,219,728
웰크론강원 114190 기타유동금융자산 0 0
웰크론강원 114190 기타유동자산 1,922,901,840 2,438,701,983
웰크론강원 114190 매각예정비유동자산 0 0
웰크론강원 114190 비유동자산 20,819,775,025 20,968,104,042
웰크론강원 114190 장기금융상품 0 0
웰크론강원 114190 기타포괄손익-공정가치 0 0
웰크론강원 114190 당기손익인식공정가치측정금융자산 0 0
웰크론강원 114190 종속회사투자 0 0
웰크론강원 114190 관계회사투자 0 0
웰크론강원 114190 렌탈자산 0 0
웰크론강원 114190 유형자산 9,283,210,819 9,490,733,684
웰크론강원 114190 무형자산 891,600,746 1,400,900,746
웰크론강원 114190 기타비유동금융자산 514,372,731 338,825,205
웰크론강원 114190 기타비유동자산 1,814,637,430 1,794,937,430
웰크론강원 114190 사용권자산 0 0
웰크론강원 114190 이연법인세자산 852,870,661 683,986,929
웰크론강원 114190 자산총계 89,408,972,193 70,850,136,969
웰크론강원 114190 유동부채 34,620,668,832 17,100,077,064
웰크론강원 114190 단기매입채무 0 0
웰크론강원 114190 단기차입금 2,061,038,947 17,100,077,064
웰크론강원 114190 유동성장기차입금 0 0
웰크론강원 114190 유동성사채 0 0
웰크론강원 114190 기타유동금융부채 0 0
웰크론강원 114190 기타유동부채 15,635,511,803 11,826,739,813
웰크론강원 114190 당기법인세부채 0 0
웰크론강원 114190 유동리스부채 0 0
웰크론강원 114190 비유동부채 18,444,483 3,703,728
웰크론강원 114190 사채 0 0
웰크론강원 114190 장기차입금 0 0
웰크론강원 114190 기타비유동금융부채 0 0
웰크론강원 114190 이연법인세부채 0 0
웰크론강원 114190 비유동리스부채 0 0
웰크론강원 114190 부채총계 34,639,113,315 17,103,780,792
웰크론강원 114190 자본금 7,626,515,000 7,626,515,000
웰크론강원 114190 자본잉여금 14,717,378,672 14,503,666,250
웰크론강원 114190 자본조정 0 0
웰크론강원 114190 기타포괄손익누계액 500,885,965 817,685,649
웰크론강원 114190 이익잉여금(결손금) 31,183,443,413 29,843,141,028
웰크론강원 114190 자본총계 54,769,858,878 53,746,356,177
웰크론강원 114190 자본과부채총계 89,408,972,193 70,850,136,969
date : 2017-12-31
웰크론강원 114190 유동자산 66,557,787,965 49,882,032,927
웰크론강원 114190 현금및현금성자산 13,574,773,600 13,076,248,157
웰크론강원 114190 매출채권 45,443,616,448 26,798,623,185
웰크론강원 114190 재고자산 361,381,713 335,219,728
웰크론강원 114190 기타유동금융자산 0 0
웰크론강원 114190 기타유동자산 1,399,920,626 2,438,701,983
웰크론강원 114190 매각예정비유동자산 0 0
웰크론강원 114190 비유동자산 21,223,628,476 20,968,104,042
웰크론강원 114190 장기금융상품 0 0
웰크론강원 114190 기타포괄손익-공정가치 0 0
웰크론강원 114190 당기손익인식공정가치측정금융자산 0 0
웰크론강원 114190 종속회사투자 0 0
웰크론강원 114190 관계회사투자 0 0
웰크론강원 114190 렌탈자산 0 0
웰크론강원 114190 유형자산 9,242,858,925 9,490,733,684
웰크론강원 114190 무형자산 864,492,413 1,400,900,746
웰크론강원 114190 기타비유동금융자산 541,854,543 338,825,205
웰크론강원 114190 기타비유동자산 1,832,142,665 1,794,937,430
웰크론강원 114190 사용권자산 0 0
웰크론강원 114190 이연법인세자산 1,674,933,927 683,986,929
웰크론강원 114190 자산총계 87,781,416,441 70,850,136,969
웰크론강원 114190 유동부채 36,681,992,542 17,100,077,064
웰크론강원 114190 단기매입채무 0 0
웰크론강원 114190 단기차입금 0 17,100,077,064
웰크론강원 114190 유동성장기차입금 0 0
웰크론강원 114190 유동성사채 0 0
웰크론강원 114190 기타유동금융부채 0 0
웰크론강원 114190 기타유동부채 21,309,990,938 11,826,739,813
웰크론강원 114190 당기법인세부채 0 0
웰크론강원 114190 유동리스부채 0 0
웰크론강원 114190 비유동부채 3,982,403,996 3,703,728
웰크론강원 114190 사채 2,813,493,801 3,703,728
웰크론강원 114190 장기차입금 0 0
웰크론강원 114190 기타비유동금융부채 0 0
웰크론강원 114190 이연법인세부채 0 0
웰크론강원 114190 비유동리스부채 0 0
웰크론강원 114190 부채총계 40,664,396,538 17,103,780,792
웰크론강원 114190 자본금 7,626,515,000 7,626,515,000
웰크론강원 114190 자본잉여금 14,717,378,672 14,503,666,250
웰크론강원 114190 자본조정 0 0
웰크론강원 114190 기타포괄손익누계액 479,656,569 817,685,649
웰크론강원 114190 이익잉여금(결손금) 23,551,833,834 29,843,141,028
웰크론강원 114190 자본총계 47,117,019,903 53,746,356,177
웰크론강원 114190 자본과부채총계 87,781,416,441 70,850,136,969
date : 2018-03-31
웰크론강원 114190 유동자산 65,070,008,863 66,557,787,965
웰크론강원 114190 현금및현금성자산 8,577,973,453 13,574,773,600
웰크론강원 114190 매출채권 50,346,286,612 45,443,616,448
웰크론강원 114190 재고자산 584,479,510 361,381,713
웰크론강원 114190 기타유동금융자산 0 0
웰크론강원 114190 기타유동자산 786,735,134 1,399,920,626
웰크론강원 114190 매각예정비유동자산 0 0
웰크론강원 114190 비유동자산 21,905,283,269 21,223,628,476
웰크론강원 114190 장기금융상품 0 0
웰크론강원 114190 기타포괄손익-공정가치 0 0
웰크론강원 114190 당기손익인식공정가치측정금융자산 0 0
웰크론강원 114190 종속회사투자 0 0
웰크론강원 114190 관계회사투자 0 0
웰크론강원 114190 렌탈자산 0 0
웰크론강원 114190 유형자산 9,106,027,665 9,242,858,925
웰크론강원 114190 무형자산 890,806,349 864,492,413
웰크론강원 114190 기타비유동금융자산 581,440,777 541,854,543
웰크론강원 114190 기타비유동자산 1,836,642,665 1,832,142,665
웰크론강원 114190 사용권자산 0 0
웰크론강원 114190 이연법인세자산 1,674,945,440 1,674,933,927
웰크론강원 114190 자산총계 86,975,292,132 87,781,416,441
웰크론강원 114190 유동부채 36,067,352,842 36,681,992,542
웰크론강원 114190 단기매입채무 0 0
웰크론강원 114190 단기차입금 6,135,969,986 36,681,992,542
웰크론강원 114190 유동성장기차입금 0 0
웰크론강원 114190 유동성사채 0 0
웰크론강원 114190 기타유동금융부채 0 0
웰크론강원 114190 기타유동부채 18,563,666,048 21,309,990,938
웰크론강원 114190 당기법인세부채 0 0
웰크론강원 114190 유동리스부채 0 0
웰크론강원 114190 비유동부채 4,078,861,753 3,982,403,996
웰크론강원 114190 사채 2,914,759,884 2,813,493,801
웰크론강원 114190 장기차입금 0 0
웰크론강원 114190 기타비유동금융부채 0 0
웰크론강원 114190 이연법인세부채 0 0
웰크론강원 114190 비유동리스부채 0 0
웰크론강원 114190 부채총계 40,146,214,595 40,664,396,538
웰크론강원 114190 자본금 7,626,515,000 7,626,515,000
웰크론강원 114190 자본잉여금 14,717,378,672 14,717,378,672
웰크론강원 114190 자본조정 0 0
웰크론강원 114190 기타포괄손익누계액 1,229,065,549 479,656,569
웰크론강원 114190 이익잉여금(결손금) 22,514,482,488 23,551,833,834
웰크론강원 114190 자본총계 46,829,077,537 47,117,019,903
웰크론강원 114190 자본과부채총계 86,975,292,132 87,781,416,441
date : 2018-06-30
웰크론강원 114190 유동자산 76,114,211,904 66,557,787,965
웰크론강원 114190 현금및현금성자산 27,979,134,652 13,574,773,600
웰크론강원 114190 매출채권 41,799,985,680 45,443,616,448
웰크론강원 114190 재고자산 544,279,510 361,381,713
웰크론강원 114190 기타유동금융자산 0 0
웰크론강원 114190 기타유동자산 538,475,910 1,386,300,039
웰크론강원 114190 매각예정비유동자산 0 0
웰크론강원 114190 비유동자산 23,821,930,718 21,223,628,476
웰크론강원 114190 장기금융상품 0 0
웰크론강원 114190 기타포괄손익-공정가치 0 0
웰크론강원 114190 당기손익인식공정가치측정금융자산 0 0
웰크론강원 114190 종속회사투자 0 0
웰크론강원 114190 관계회사투자 0 0
웰크론강원 114190 렌탈자산 0 0
웰크론강원 114190 유형자산 9,017,230,228 9,242,858,925
웰크론강원 114190 무형자산 853,923,437 864,492,413
웰크론강원 114190 기타비유동금융자산 6,871,965,634 4,217,152,156
웰크론강원 114190 기타비유동자산 1,829,482,665 1,824,782,665
웰크론강원 114190 사용권자산 0 0
웰크론강원 114190 이연법인세자산 1,999,415,434 1,674,933,927
웰크론강원 114190 자산총계 99,936,142,622 87,781,416,441
웰크론강원 114190 유동부채 49,952,701,033 36,681,992,542
웰크론강원 114190 단기매입채무 0 0
웰크론강원 114190 단기차입금 1,175,174,218 36,681,992,542
웰크론강원 114190 유동성장기차입금 0 0
웰크론강원 114190 유동성사채 0 0
웰크론강원 114190 기타유동금융부채 0 0
웰크론강원 114190 기타유동부채 15,661,957,584 19,955,623,555
웰크론강원 114190 당기법인세부채 0 0
웰크론강원 114190 유동리스부채 0 0
웰크론강원 114190 비유동부채 4,269,093,816 3,982,403,996
웰크론강원 114190 사채 0 0
웰크론강원 114190 장기차입금 0 0
웰크론강원 114190 기타비유동금융부채 0 0
웰크론강원 114190 이연법인세부채 0 0
웰크론강원 114190 비유동리스부채 0 0
웰크론강원 114190 부채총계 54,221,794,849 40,664,396,538
웰크론강원 114190 자본금 7,626,515,000 7,626,515,000
웰크론강원 114190 자본잉여금 14,717,378,672 14,717,378,672
웰크론강원 114190 자본조정 0 0
웰크론강원 114190 기타포괄손익누계액 346,974,814 479,656,569
웰크론강원 114190 이익잉여금(결손금) 22,281,843,459 23,551,833,834
웰크론강원 114190 자본총계 45,714,347,773 47,117,019,903
웰크론강원 114190 자본과부채총계 99,936,142,622 87,781,416,441
date : 2018-09-30
웰크론강원 114190 유동자산 77,804,691,319 66,557,787,965
웰크론강원 114190 현금및현금성자산 26,467,163,308 13,574,773,600
웰크론강원 114190 매출채권 45,109,068,115 45,443,616,448
웰크론강원 114190 재고자산 544,279,510 361,381,713
웰크론강원 114190 기타유동금융자산 0 0
웰크론강원 114190 기타유동자산 166,032,661 1,386,300,039
웰크론강원 114190 매각예정비유동자산 0 0
웰크론강원 114190 비유동자산 24,198,103,640 21,223,628,476
웰크론강원 114190 장기금융상품 0 0
웰크론강원 114190 기타포괄손익-공정가치 0 0
웰크론강원 114190 당기손익인식공정가치측정금융자산 0 0
웰크론강원 114190 종속회사투자 0 0
웰크론강원 114190 관계회사투자 0 0
웰크론강원 114190 렌탈자산 0 0
웰크론강원 114190 유형자산 8,932,301,870 9,242,858,925
웰크론강원 114190 무형자산 817,040,525 864,492,413
웰크론강원 114190 기타비유동금융자산 7,522,308,092 4,217,152,156
웰크론강원 114190 기타비유동자산 1,823,782,665 1,824,782,665
웰크론강원 114190 사용권자산 0 0
웰크론강원 114190 이연법인세자산 1,977,010,088 1,674,933,927
웰크론강원 114190 자산총계 102,002,794,959 87,781,416,441
웰크론강원 114190 유동부채 51,832,997,129 36,681,992,542
웰크론강원 114190 단기매입채무 0 0
웰크론강원 114190 단기차입금 517,828,000 36,681,992,542
웰크론강원 114190 유동성장기차입금 0 0
웰크론강원 114190 유동성사채 0 0
웰크론강원 114190 기타유동금융부채 0 0
웰크론강원 114190 기타유동부채 10,490,374,139 19,955,623,555
웰크론강원 114190 당기법인세부채 0 0
웰크론강원 114190 유동리스부채 0 0
웰크론강원 114190 비유동부채 4,368,000,616 3,982,403,996
웰크론강원 114190 사채 0 0
웰크론강원 114190 장기차입금 0 0
웰크론강원 114190 기타비유동금융부채 1,220,705,000 1,147,005,000
웰크론강원 114190 이연법인세부채 0 0
웰크론강원 114190 비유동리스부채 0 0
웰크론강원 114190 부채총계 56,200,997,745 40,664,396,538
웰크론강원 114190 자본금 7,626,515,000 7,626,515,000
웰크론강원 114190 자본잉여금 14,717,378,672 14,717,378,672
웰크론강원 114190 자본조정 0 0
웰크론강원 114190 기타포괄손익누계액 803,317,215 479,656,569
웰크론강원 114190 이익잉여금(결손금) 21,912,950,499 23,551,833,834
웰크론강원 114190 자본총계 45,801,797,214 47,117,019,903
웰크론강원 114190 자본과부채총계 102,002,794,959 87,781,416,441
date : 2018-12-31
웰크론강원 114190 유동자산 70,097,813,693 66,557,787,965
웰크론강원 114190 현금및현금성자산 19,284,502,317 13,574,773,600
웰크론강원 114190 매출채권 41,663,688,587 45,443,616,448
웰크론강원 114190 재고자산 543,736,665 361,381,713
웰크론강원 114190 기타유동금융자산 0 0
웰크론강원 114190 기타유동자산 141,452,987 1,386,300,039
웰크론강원 114190 매각예정비유동자산 0 0
웰크론강원 114190 비유동자산 19,521,936,702 21,223,628,476
웰크론강원 114190 장기금융상품 0 0
웰크론강원 114190 기타포괄손익-공정가치 0 0
웰크론강원 114190 당기손익인식공정가치측정금융자산 0 0
웰크론강원 114190 종속회사투자 0 0
웰크론강원 114190 관계회사투자 0 0
웰크론강원 114190 렌탈자산 0 0
웰크론강원 114190 유형자산 8,853,091,791 9,242,858,925
웰크론강원 114190 무형자산 780,158,613 864,492,413
웰크론강원 114190 기타비유동금융자산 4,354,969,222 4,217,152,156
웰크론강원 114190 기타비유동자산 1,824,382,665 1,824,782,665
웰크론강원 114190 사용권자산 0 0
웰크론강원 114190 이연법인세자산 909,574,281 1,674,933,927
웰크론강원 114190 자산총계 89,619,750,395 87,781,416,441
웰크론강원 114190 유동부채 40,299,771,673 36,681,992,542
웰크론강원 114190 단기매입채무 0 0
웰크론강원 114190 단기차입금 0 0
웰크론강원 114190 유동성장기차입금 0 0
웰크론강원 114190 유동성사채 0 0
웰크론강원 114190 기타유동금융부채 0 0
웰크론강원 114190 기타유동부채 7,184,612,786 19,955,623,555
웰크론강원 114190 당기법인세부채 0 0
웰크론강원 114190 유동리스부채 0 0
웰크론강원 114190 비유동부채 33,624,445 3,982,403,996
웰크론강원 114190 사채 0 0
웰크론강원 114190 장기차입금 0 0
웰크론강원 114190 기타비유동금융부채 1,147,005,000 3,982,403,996
웰크론강원 114190 이연법인세부채 0 0
웰크론강원 114190 비유동리스부채 0 0
웰크론강원 114190 부채총계 40,333,396,118 40,664,396,538
웰크론강원 114190 자본금 7,683,448,000 7,626,515,000
웰크론강원 114190 자본잉여금 15,021,970,222 14,717,378,672
웰크론강원 114190 자본조정 0 0
웰크론강원 114190 기타포괄손익누계액 -471,424,367 479,656,569
웰크론강원 114190 이익잉여금(결손금) 26,310,724,594 23,551,833,834
웰크론강원 114190 자본총계 49,286,354,277 47,117,019,903
웰크론강원 114190 자본과부채총계 89,619,750,395 87,781,416,441
date : 2019-03-31
웰크론강원 114190 유동자산 63,898,761,844 70,097,813,693
웰크론강원 114190 현금및현금성자산 15,526,062,257 19,284,502,317
웰크론강원 114190 매출채권 42,178,491,802 41,663,688,587
웰크론강원 114190 재고자산 543,736,665 543,736,665
웰크론강원 114190 기타유동금융자산 0 0
웰크론강원 114190 기타유동자산 102,681,922 141,452,987
웰크론강원 114190 매각예정비유동자산 0 0
웰크론강원 114190 비유동자산 26,278,938,167 19,521,936,702
웰크론강원 114190 장기금융상품 0 0
웰크론강원 114190 기타포괄손익-공정가치 0 0
웰크론강원 114190 당기손익인식공정가치측정금융자산 0 0
웰크론강원 114190 종속회사투자 0 0
웰크론강원 114190 관계회사투자 0 0
웰크론강원 114190 렌탈자산 0 0
웰크론강원 114190 유형자산 8,771,320,368 8,853,091,791
웰크론강원 114190 무형자산 838,847,997 780,158,613
웰크론강원 114190 기타비유동금융자산 10,360,748,186 4,354,969,222
웰크론강원 114190 기타비유동자산 2,083,258,038 1,824,382,665
웰크론강원 114190 사용권자산 538,367,817 780,158,613
웰크론강원 114190 이연법인세자산 909,574,281 909,574,281
웰크론강원 114190 자산총계 90,177,700,011 89,619,750,395
웰크론강원 114190 유동부채 38,811,641,149 40,299,771,673
웰크론강원 114190 단기매입채무 0 0
웰크론강원 114190 단기차입금 0 0
웰크론강원 114190 유동성장기차입금 0 0
웰크론강원 114190 유동성사채 0 0
웰크론강원 114190 기타유동금융부채 0 0
웰크론강원 114190 기타유동부채 11,603,929,156 7,184,612,786
웰크론강원 114190 당기법인세부채 0 0
웰크론강원 114190 유동리스부채 0 0
웰크론강원 114190 비유동부채 487,936,530 33,624,445
웰크론강원 114190 사채 0 0
웰크론강원 114190 장기차입금 0 0
웰크론강원 114190 기타비유동금융부채 0 0
웰크론강원 114190 이연법인세부채 0 0
웰크론강원 114190 비유동리스부채 0 0
웰크론강원 114190 부채총계 39,299,577,679 40,333,396,118
웰크론강원 114190 자본금 7,848,147,000 7,683,448,000
웰크론강원 114190 자본잉여금 15,730,624,266 15,021,970,222
웰크론강원 114190 자본조정 0 0
웰크론강원 114190 기타포괄손익누계액 1,467,474,793 -471,424,367
웰크론강원 114190 이익잉여금(결손금) 25,090,240,445 26,310,724,594
웰크론강원 114190 자본총계 50,878,122,332 49,286,354,277
웰크론강원 114190 자본과부채총계 90,177,700,011 89,619,750,395
