date : 2019-03-31
지스마트글로벌 114570 유동자산 66,726,818,055 65,945,295,243
지스마트글로벌 114570 현금및현금성자산 790,614,172 5,055,359,483
지스마트글로벌 114570 매출채권 및 기타유동채권
지스마트글로벌 114570 재고자산 10,846,343,295 10,581,705,339
지스마트글로벌 114570 기타유동자산 8,703,452,536 4,836,668,945
지스마트글로벌 114570 비유동자산 107,134,676,981 87,598,494,803
지스마트글로벌 114570 장기금융상품 321,837,542 0
지스마트글로벌 114570 유형자산 29,960,667,943 6,134,363,905
지스마트글로벌 114570 무형자산 14,709,018,723 19,429,841,917
지스마트글로벌 114570 이연법인세자산 170,751,846 170,751,846
지스마트글로벌 114570 자산총계 173,861,495,036 153,543,790,046
지스마트글로벌 114570 유동부채 21,986,146,985 21,980,138,966
지스마트글로벌 114570 단기차입금 10,513,100,000 10,650,000,000
지스마트글로벌 114570 기타유동부채 2,202,776,119 3,014,570,461
지스마트글로벌 114570 비유동부채 30,384,550,811 21,189,819,332
지스마트글로벌 114570 장기차입금 10,000,000,000 0
지스마트글로벌 114570 부채총계 52,370,697,796 43,169,958,298
지스마트글로벌 114570 자본금 46,947,570,500 43,586,226,000
지스마트글로벌 114570 기타포괄손익누계액 -1,219,775,786 -1,219,775,786
지스마트글로벌 114570 이익잉여금(결손금) 22,590,031,322 23,125,257,994
지스마트글로벌 114570 자본총계 121,490,797,240 110,373,831,748
지스마트글로벌 114570 자본과부채총계 173,861,495,036 153,543,790,046
