date : 2019-03-31
씨엔플러스 115530 유동자산 12,608,081,615 12,839,110,339
씨엔플러스 115530 현금및현금성자산 2,450,317,920 266,655,287
씨엔플러스 115530 매출채권 및 기타유동채권
씨엔플러스 115530 재고자산 2,183,535,415 2,822,031,578
씨엔플러스 115530 기타유동금융자산 0 0
씨엔플러스 115530 기타유동자산 176,880,329 341,699,690
씨엔플러스 115530 비유동자산 7,315,059,935 24,344,489,468
씨엔플러스 115530 장기금융상품 100,000,000 70,000,000
씨엔플러스 115530 기타비유동금융자산 0 0
씨엔플러스 115530 유형자산 984,982,968 17,932,617,717
씨엔플러스 115530 무형자산 13,924,085 15,718,869
씨엔플러스 115530 이연법인세자산 0 0
씨엔플러스 115530 자산총계 19,923,141,550 37,183,599,807
씨엔플러스 115530 유동부채 8,140,128,776 19,490,710,473
씨엔플러스 115530 기타유동금융부채 2,089,024,763 11,557,165,888
씨엔플러스 115530 당기법인세부채 0 0
씨엔플러스 115530 기타유동부채 143,049,726 204,762,045
씨엔플러스 115530 비유동부채 952,652,430 2,415,665,932
씨엔플러스 115530 기타비유동금융부채 952,652,430 892,451,518
씨엔플러스 115530 이연법인세부채 0 1,523,214,414
씨엔플러스 115530 부채총계 9,092,781,206 21,906,376,405
씨엔플러스 115530 자본금 4,268,168,100 4,268,168,100
씨엔플러스 115530 자본잉여금 29,154,550,516 29,154,550,516
씨엔플러스 115530 기타포괄손익누계액 0 5,400,487,470
씨엔플러스 115530 이익잉여금(결손금) -22,592,358,272 -23,545,982,684
씨엔플러스 115530 자본총계 10,830,360,344 15,277,223,402
씨엔플러스 115530 자본과부채총계 19,923,141,550 37,183,599,807
