date : 2017-09-30
모트렉스 118990 유동자산 140,192,496,352 82,533,137,798
모트렉스 118990 현금및현금성자산 1,566,390,064 5,393,359,950
모트렉스 118990 매출채권 및 기타유동채권
모트렉스 118990 재고자산 27,398,073,767 27,903,070,516
모트렉스 118990 기타유동금융자산 61,662,965,413 6,917,997,936
모트렉스 118990 기타유동자산 660,405,957 628,058,621
모트렉스 118990 매각예정비유동자산 0 0
모트렉스 118990 비유동자산 46,966,588,695 41,427,294,024
모트렉스 118990 장기금융상품 0 0
모트렉스 118990 기타포괄손익-공정가치 0 0
모트렉스 118990 당기손익인식공정가치측정금융자산 0 0
모트렉스 118990 종속회사투자 0 0
모트렉스 118990 관계회사투자 0 0
모트렉스 118990 렌탈자산 0 0
모트렉스 118990 유형자산 16,878,660,061 16,694,243,574
모트렉스 118990 무형자산 18,736,145,812 16,099,099,989
모트렉스 118990 기타비유동금융자산 2,621,895,820 1,110,351,464
모트렉스 118990 기타비유동자산 0 0
모트렉스 118990 사용권자산 0 0
모트렉스 118990 이연법인세자산 3,635,134,747 3,037,984,550
모트렉스 118990 자산총계 187,159,085,047 123,960,431,822
모트렉스 118990 유동부채 47,744,132,952 54,671,706,698
모트렉스 118990 단기매입채무 0 0
모트렉스 118990 단기차입금 17,302,156,800 22,311,400,000
모트렉스 118990 유동성장기차입금 762,760,000 1,937,760,000
모트렉스 118990 유동성사채 0 0
모트렉스 118990 기타유동금융부채 225,206,252 225,206,252
모트렉스 118990 기타유동부채 317,469,427 488,034,342
모트렉스 118990 당기법인세부채 1,647,750,232 1,281,378,619
모트렉스 118990 유동리스부채 0 0
모트렉스 118990 비유동부채 7,008,316,859 7,846,131,045
모트렉스 118990 사채 0 0
모트렉스 118990 장기차입금 1,659,960,000 2,213,280,000
모트렉스 118990 기타비유동금융부채 100,000,000 100,000,000
모트렉스 118990 이연법인세부채 1,073,469,600 2,094,438,500
모트렉스 118990 비유동리스부채 0 0
모트렉스 118990 부채총계 54,752,449,811 62,517,837,743
모트렉스 118990 자본금 2,668,054,500 497,070,000
모트렉스 118990 자본잉여금 57,184,023,077 1,496,970,000
모트렉스 118990 자본조정 0 0
모트렉스 118990 기타포괄손익누계액 -178,179,806 -198,485,396
모트렉스 118990 이익잉여금(결손금) 0 0
모트렉스 118990 자본총계 132,406,635,236 61,442,594,079
모트렉스 118990 자본과부채총계 187,159,085,047 123,960,431,822
date : 2017-12-31
모트렉스 118990 유동자산 123,017,235,084 82,533,137,798
모트렉스 118990 현금및현금성자산 3,781,657,529 5,393,359,950
모트렉스 118990 매출채권 및 기타유동채권
모트렉스 118990 재고자산 25,980,356,256 27,903,070,516
모트렉스 118990 기타유동금융자산 25,297,850,000 6,917,997,936
모트렉스 118990 기타유동자산 384,623,564 628,058,621
모트렉스 118990 매각예정비유동자산 0 0
모트렉스 118990 비유동자산 59,543,867,471 41,427,294,024
모트렉스 118990 장기금융상품 0 0
모트렉스 118990 기타포괄손익-공정가치 0 0
모트렉스 118990 당기손익인식공정가치측정금융자산 0 0
모트렉스 118990 종속회사투자 0 0
모트렉스 118990 관계회사투자 0 0
모트렉스 118990 렌탈자산 0 0
모트렉스 118990 유형자산 17,294,059,171 16,694,243,574
모트렉스 118990 무형자산 21,173,494,129 16,099,099,989
모트렉스 118990 기타비유동금융자산 8,230,626,526 1,110,351,464
모트렉스 118990 기타비유동자산 0 0
모트렉스 118990 사용권자산 0 0
모트렉스 118990 이연법인세자산 3,283,290,622 3,037,984,550
모트렉스 118990 자산총계 182,561,102,555 123,960,431,822
모트렉스 118990 유동부채 43,413,631,954 54,671,706,698
모트렉스 118990 단기매입채무 0 0
모트렉스 118990 단기차입금 9,921,800,000 22,311,400,000
모트렉스 118990 유동성장기차입금 762,760,000 1,937,760,000
모트렉스 118990 유동성사채 0 0
모트렉스 118990 기타유동금융부채 490,300,404 225,206,252
모트렉스 118990 기타유동부채 650,706,760 488,034,342
모트렉스 118990 당기법인세부채 1,364,971,738 1,281,378,619
모트렉스 118990 유동리스부채 0 0
모트렉스 118990 비유동부채 4,845,267,092 7,846,131,045
모트렉스 118990 사채 0 0
모트렉스 118990 장기차입금 1,475,520,000 2,213,280,000
모트렉스 118990 기타비유동금융부채 100,000,000 2,213,280,000
모트렉스 118990 이연법인세부채 0 0
모트렉스 118990 비유동리스부채 0 0
모트렉스 118990 부채총계 48,258,899,046 62,517,837,743
모트렉스 118990 자본금 2,706,054,500 497,070,000
모트렉스 118990 자본잉여금 59,304,048,757 1,496,970,000
모트렉스 118990 자본조정 -6,435,994,860 1,496,970,000
모트렉스 118990 기타포괄손익누계액 -179,190,087 -198,485,396
모트렉스 118990 이익잉여금(결손금) 0 0
모트렉스 118990 자본총계 134,302,203,509 61,442,594,079
모트렉스 118990 자본과부채총계 182,561,102,555 123,960,431,822
date : 2018-03-31
모트렉스 118990 유동자산 115,643,826,359 123,017,235,084
모트렉스 118990 현금및현금성자산 517,241,169 3,781,657,529
모트렉스 118990 매출채권 및 기타유동채권
모트렉스 118990 재고자산 24,162,548,179 25,980,356,256
모트렉스 118990 기타유동금융자산 25,372,484,500 25,297,850,000
모트렉스 118990 기타유동자산 1,870,525,581 384,623,564
모트렉스 118990 매각예정비유동자산 0 0
모트렉스 118990 비유동자산 62,314,083,618 59,543,867,471
모트렉스 118990 장기금융상품 0 0
모트렉스 118990 기타포괄손익-공정가치 0 0
모트렉스 118990 당기손익인식공정가치측정금융자산 0 0
모트렉스 118990 종속회사투자 0 0
모트렉스 118990 관계회사투자 0 0
모트렉스 118990 렌탈자산 0 0
모트렉스 118990 유형자산 17,845,413,601 17,294,059,171
모트렉스 118990 무형자산 23,671,461,244 21,173,494,129
모트렉스 118990 기타비유동금융자산 8,442,927,032 8,230,626,526
모트렉스 118990 기타비유동자산 0 0
모트렉스 118990 사용권자산 0 0
모트렉스 118990 이연법인세자산 2,656,604,850 3,283,290,622
모트렉스 118990 자산총계 177,957,909,977 182,561,102,555
모트렉스 118990 유동부채 37,345,777,445 43,413,631,954
모트렉스 118990 단기매입채무 0 0
모트렉스 118990 단기차입금 8,441,145,683 9,921,800,000
모트렉스 118990 유동성장기차입금 712,760,000 762,760,000
모트렉스 118990 유동성사채 0 0
모트렉스 118990 기타유동금융부채 390,300,404 490,300,404
모트렉스 118990 기타유동부채 4,493,986,648 650,706,760
모트렉스 118990 당기법인세부채 783,999,904 1,364,971,738
모트렉스 118990 유동리스부채 0 0
모트렉스 118990 비유동부채 3,749,813,500 4,845,267,092
모트렉스 118990 사채 0 0
모트렉스 118990 장기차입금 1,316,080,000 1,475,520,000
모트렉스 118990 기타비유동금융부채 37,485,000 1,475,520,000
모트렉스 118990 이연법인세부채 0 0
모트렉스 118990 비유동리스부채 0 0
모트렉스 118990 부채총계 41,095,590,945 48,258,899,046
모트렉스 118990 자본금 2,725,054,500 2,706,054,500
모트렉스 118990 자본잉여금 60,430,375,994 59,304,048,757
모트렉스 118990 자본조정 -7,504,399,540 -6,435,994,860
모트렉스 118990 기타포괄손익누계액 -182,785,990 -179,190,087
모트렉스 118990 이익잉여금(결손금) 0 0
모트렉스 118990 자본총계 136,862,319,032 134,302,203,509
모트렉스 118990 자본과부채총계 177,957,909,977 182,561,102,555
date : 2018-06-30
모트렉스 118990 유동자산 105,827,770,850 123,017,235,084
모트렉스 118990 현금및현금성자산 3,841,233,508 3,781,657,529
모트렉스 118990 매출채권 및 기타유동채권
모트렉스 118990 재고자산 24,695,231,288 25,980,356,256
모트렉스 118990 기타유동금융자산 9,942,785,600 25,297,850,000
모트렉스 118990 기타유동자산 2,227,823,615 384,623,564
모트렉스 118990 매각예정비유동자산 0 0
모트렉스 118990 비유동자산 71,657,253,665 59,543,867,471
모트렉스 118990 장기금융상품 0 0
모트렉스 118990 기타포괄손익-공정가치 0 0
모트렉스 118990 당기손익인식공정가치측정금융자산 0 0
모트렉스 118990 종속회사투자 0 0
모트렉스 118990 관계회사투자 0 0
모트렉스 118990 렌탈자산 0 0
모트렉스 118990 유형자산 22,752,507,741 17,294,059,171
모트렉스 118990 무형자산 25,864,329,334 21,173,494,129
모트렉스 118990 기타비유동금융자산 8,351,390,301 8,230,626,526
모트렉스 118990 기타비유동자산 0 0
모트렉스 118990 사용권자산 0 0
모트렉스 118990 이연법인세자산 4,806,519,952 3,283,290,622
모트렉스 118990 자산총계 177,485,024,515 182,561,102,555
모트렉스 118990 유동부채 36,063,060,438 43,413,631,954
모트렉스 118990 단기매입채무 0 0
모트렉스 118990 단기차입금 9,098,300,000 9,921,800,000
모트렉스 118990 유동성장기차입금 737,760,000 762,760,000
모트렉스 118990 유동성사채 0 0
모트렉스 118990 기타유동금융부채 390,300,404 490,300,404
모트렉스 118990 기타유동부채 1,318,530,026 650,706,760
모트렉스 118990 당기법인세부채 470,405,649 1,364,971,738
모트렉스 118990 유동리스부채 0 0
모트렉스 118990 비유동부채 6,019,102,442 4,845,267,092
모트렉스 118990 사채 0 0
모트렉스 118990 장기차입금 3,131,640,000 1,475,520,000
모트렉스 118990 기타비유동금융부채 108,485,000 1,475,520,000
모트렉스 118990 이연법인세부채 0 0
모트렉스 118990 비유동리스부채 0 0
모트렉스 118990 부채총계 42,082,162,880 48,258,899,046
모트렉스 118990 자본금 2,725,054,500 2,706,054,500
모트렉스 118990 자본잉여금 60,430,375,994 59,304,048,757
모트렉스 118990 자본조정 -12,886,598,420 -6,435,994,860
모트렉스 118990 기타포괄손익누계액 -190,114,522 -179,190,087
모트렉스 118990 이익잉여금(결손금) 0 0
모트렉스 118990 자본총계 135,402,861,635 134,302,203,509
모트렉스 118990 자본과부채총계 177,485,024,515 182,561,102,555
date : 2018-09-30
모트렉스 118990 유동자산 88,836,562,391 123,017,235,084
모트렉스 118990 현금및현금성자산 2,848,957,844 3,781,657,529
모트렉스 118990 매출채권 및 기타유동채권
모트렉스 118990 재고자산 29,028,685,702 25,980,356,256
모트렉스 118990 기타유동금융자산 10,799,473,600 25,297,850,000
모트렉스 118990 기타유동자산 1,726,655,106 384,623,564
모트렉스 118990 매각예정비유동자산 0 0
모트렉스 118990 비유동자산 75,612,310,981 59,543,867,471
모트렉스 118990 장기금융상품 0 0
모트렉스 118990 기타포괄손익-공정가치 0 0
모트렉스 118990 당기손익인식공정가치측정금융자산 0 0
모트렉스 118990 종속회사투자 0 0
모트렉스 118990 관계회사투자 0 0
모트렉스 118990 렌탈자산 0 0
모트렉스 118990 유형자산 25,034,398,548 17,294,059,171
모트렉스 118990 무형자산 27,418,856,199 21,173,494,129
모트렉스 118990 기타비유동금융자산 8,465,508,307 8,230,626,526
모트렉스 118990 기타비유동자산 0 0
모트렉스 118990 사용권자산 0 0
모트렉스 118990 이연법인세자산 4,769,430,361 3,283,290,622
모트렉스 118990 자산총계 164,448,873,372 182,561,102,555
모트렉스 118990 유동부채 27,981,104,867 43,413,631,954
모트렉스 118990 단기매입채무 0 0
모트렉스 118990 단기차입금 7,938,400,000 9,921,800,000
모트렉스 118990 유동성장기차입금 562,760,000 762,760,000
모트렉스 118990 유동성사채 0 0
모트렉스 118990 기타유동금융부채 390,300,404 490,300,404
모트렉스 118990 기타유동부채 1,383,590,947 650,706,760
모트렉스 118990 당기법인세부채 292,886,570 1,364,971,738
모트렉스 118990 유동리스부채 0 0
모트렉스 118990 비유동부채 5,270,459,590 4,845,267,092
모트렉스 118990 사채 0 0
모트렉스 118990 장기차입금 2,422,200,000 1,475,520,000
모트렉스 118990 기타비유동금융부채 90,500,000 1,475,520,000
모트렉스 118990 이연법인세부채 0 0
모트렉스 118990 비유동리스부채 0 0
모트렉스 118990 부채총계 33,251,564,457 48,258,899,046
모트렉스 118990 자본금 2,725,054,500 2,706,054,500
모트렉스 118990 자본잉여금 60,430,375,994 59,304,048,757
모트렉스 118990 자본조정 0 0
모트렉스 118990 기타포괄손익누계액 -225,155,063 -179,190,087
모트렉스 118990 이익잉여금(결손금) 0 0
모트렉스 118990 자본총계 131,197,308,915 134,302,203,509
모트렉스 118990 자본과부채총계 164,448,873,372 182,561,102,555
date : 2018-12-31
모트렉스 118990 유동자산 80,665,202,016 123,017,235,084
모트렉스 118990 현금및현금성자산 903,033,617 3,781,657,529
모트렉스 118990 매출채권 및 기타유동채권
모트렉스 118990 재고자산 28,212,109,581 25,980,356,256
모트렉스 118990 기타유동금융자산 6,301,698,300 25,297,850,000
모트렉스 118990 기타유동자산 2,908,380,680 384,623,564
모트렉스 118990 매각예정비유동자산 0 0
모트렉스 118990 비유동자산 132,432,636,466 59,543,867,471
모트렉스 118990 장기금융상품 0 0
모트렉스 118990 기타포괄손익-공정가치 0 0
모트렉스 118990 당기손익인식공정가치측정금융자산 0 0
모트렉스 118990 종속회사투자 0 0
모트렉스 118990 관계회사투자 0 0
모트렉스 118990 렌탈자산 0 0
모트렉스 118990 유형자산 29,369,263,732 17,294,059,171
모트렉스 118990 무형자산 30,048,059,637 21,173,494,129
모트렉스 118990 기타비유동금융자산 7,218,185,267 8,230,626,526
모트렉스 118990 기타비유동자산 0 0
모트렉스 118990 사용권자산 0 0
모트렉스 118990 이연법인세자산 5,062,229,260 3,283,290,622
모트렉스 118990 자산총계 213,097,838,482 182,561,102,555
모트렉스 118990 유동부채 59,901,647,907 43,413,631,954
모트렉스 118990 단기매입채무 0 0
모트렉스 118990 단기차입금 32,451,100,000 9,921,800,000
모트렉스 118990 유동성장기차입금 0 0
모트렉스 118990 유동성사채 0 0
모트렉스 118990 기타유동금융부채 715,261,182 490,300,404
모트렉스 118990 기타유동부채 1,774,555,727 650,706,760
모트렉스 118990 당기법인세부채 1,364,971,738 1,281,378,619
모트렉스 118990 유동리스부채 0 0
모트렉스 118990 비유동부채 23,021,861,578 4,845,267,092
모트렉스 118990 사채 0 0
모트렉스 118990 장기차입금 3,500,260,000 1,475,520,000
모트렉스 118990 기타비유동금융부채 90,500,000 100,000,000
모트렉스 118990 이연법인세부채 0 0
모트렉스 118990 비유동리스부채 0 0
모트렉스 118990 부채총계 82,923,509,485 48,258,899,046
모트렉스 118990 자본금 2,725,054,500 2,706,054,500
모트렉스 118990 자본잉여금 60,430,375,994 59,304,048,757
모트렉스 118990 자본조정 -12,886,598,420 -6,435,994,860
모트렉스 118990 기타포괄손익누계액 -179,190,087 -198,485,396
모트렉스 118990 이익잉여금(결손금) 0 0
모트렉스 118990 자본총계 130,174,328,997 134,302,203,509
모트렉스 118990 자본과부채총계 213,097,838,482 182,561,102,555
date : 2019-03-31
모트렉스 118990 유동자산 75,251,278,072 80,665,202,016
모트렉스 118990 현금및현금성자산 3,029,541,194 903,033,617
모트렉스 118990 매출채권 및 기타유동채권
모트렉스 118990 재고자산 23,089,258,915 28,212,109,581
모트렉스 118990 기타유동금융자산 6,487,560,000 6,301,698,300
모트렉스 118990 기타유동자산 3,237,693,564 2,908,380,680
모트렉스 118990 매각예정비유동자산 0 0
모트렉스 118990 비유동자산 141,171,030,448 132,432,636,466
모트렉스 118990 장기금융상품 0 0
모트렉스 118990 기타포괄손익-공정가치 0 0
모트렉스 118990 당기손익인식공정가치측정금융자산 0 0
모트렉스 118990 종속회사투자 0 0
모트렉스 118990 관계회사투자 0 0
모트렉스 118990 렌탈자산 0 0
모트렉스 118990 유형자산 37,566,749,822 29,369,263,732
모트렉스 118990 무형자산 31,286,494,878 30,048,059,637
모트렉스 118990 기타비유동금융자산 6,932,699,426 7,218,185,267
모트렉스 118990 기타비유동자산 0 0
모트렉스 118990 사용권자산 0 0
모트렉스 118990 이연법인세자산 5,062,229,260 5,062,229,260
모트렉스 118990 자산총계 216,422,308,520 213,097,838,482
모트렉스 118990 유동부채 60,853,615,336 59,901,647,907
모트렉스 118990 단기매입채무 0 0
모트렉스 118990 단기차입금 38,121,430,768 32,451,100,000
모트렉스 118990 유동성장기차입금 0 0
모트렉스 118990 유동성사채 0 0
모트렉스 118990 기타유동금융부채 814,611,182 715,261,182
모트렉스 118990 기타유동부채 2,620,397,855 1,774,555,727
모트렉스 118990 당기법인세부채 0 0
모트렉스 118990 유동리스부채 0 0
모트렉스 118990 비유동부채 31,352,582,406 23,021,861,578
모트렉스 118990 사채 0 0
모트렉스 118990 장기차입금 4,390,820,000 3,500,260,000
모트렉스 118990 기타비유동금융부채 90,500,000 90,500,000
모트렉스 118990 이연법인세부채 0 0
모트렉스 118990 비유동리스부채 7,503,101,848 90,500,000
모트렉스 118990 부채총계 92,206,197,742 82,923,509,485
모트렉스 118990 자본금 2,725,054,500 2,725,054,500
모트렉스 118990 자본잉여금 60,430,375,994 60,430,375,994
모트렉스 118990 자본조정 0 0
모트렉스 118990 기타포괄손익누계액 0 0
모트렉스 118990 이익잉여금(결손금) 73,947,278,704 79,905,496,923
모트렉스 118990 자본총계 124,216,110,778 130,174,328,997
모트렉스 118990 자본과부채총계 216,422,308,520 213,097,838,482
