date : 2019-03-31
에스디시스템 121890 유동자산 18,624,402,440 24,399,709,571
에스디시스템 121890 현금및현금성자산 2,371,090,073 7,400,247,415
에스디시스템 121890 매출채권 및 기타유동채권
에스디시스템 121890 재고자산 3,958,891,061 4,616,966,464
에스디시스템 121890 기타유동자산 178,955,523 202,264,686
에스디시스템 121890 비유동자산 9,996,628,140 10,354,203,700
에스디시스템 121890 장기금융상품 4,739,174,125 4,650,905,532
에스디시스템 121890 유형자산 3,953,285,765 4,389,930,312
에스디시스템 121890 무형자산 557,420,250 566,619,856
에스디시스템 121890 자산총계 28,621,030,580 34,753,913,271
에스디시스템 121890 유동부채 12,164,775,001 16,555,554,639
에스디시스템 121890 기타유동부채 601,940,224 869,495,834
에스디시스템 121890 비유동부채 848,792,921 1,444,430,904
에스디시스템 121890 부채총계 13,013,567,922 17,999,985,543
에스디시스템 121890 자본금 4,381,339,000 4,381,339,000
에스디시스템 121890 이익잉여금(결손금) -2,217,735,955 -1,071,270,885
에스디시스템 121890 자본총계 15,607,462,658 16,753,927,728
에스디시스템 121890 자본과부채총계 28,621,030,580 34,753,913,271
