date : 2019-03-31
와이지엔터테인먼트 122870 유동자산 149,616,719,602 140,021,625,430
와이지엔터테인먼트 122870 현금및현금성자산 4,993,003,384 22,394,063,561
와이지엔터테인먼트 122870 매출채권 23,221,288,815 14,953,791,089
와이지엔터테인먼트 122870 기타유동금융자산 5,673,279,144 8,631,918,296
와이지엔터테인먼트 122870 재고자산 6,581,290,803 9,151,873,094
와이지엔터테인먼트 122870 기타유동자산 22,304,019,917 19,659,351,214
와이지엔터테인먼트 122870 비유동자산 331,108,940,068 313,681,165,564
와이지엔터테인먼트 122870 기타비유동금융자산 17,090,818,058 16,837,425,883
와이지엔터테인먼트 122870 유형자산 105,366,924,255 96,304,427,846
와이지엔터테인먼트 122870 무형자산 7,878,342,505 8,323,664,509
와이지엔터테인먼트 122870 이연법인세자산 5,170,570,814 5,170,570,814
와이지엔터테인먼트 122870 자산총계 480,725,659,670 453,702,790,994
와이지엔터테인먼트 122870 유동부채 54,451,032,955 39,479,139,910
와이지엔터테인먼트 122870 당기법인세부채 5,377,342,783 0
와이지엔터테인먼트 122870 기타유동부채 2,519,483,053 786,992,769
와이지엔터테인먼트 122870 비유동부채 69,848,701,947 68,237,895,515
와이지엔터테인먼트 122870 부채총계 124,299,734,902 107,717,035,425
와이지엔터테인먼트 122870 자본금 9,255,746,500 9,253,046,500
와이지엔터테인먼트 122870 자본잉여금 208,388,466,174 208,188,444,774
와이지엔터테인먼트 122870 자본조정 3,293,058,303 3,006,039,686
와이지엔터테인먼트 122870 기타포괄손익누계액 -683,591,539 -683,591,539
와이지엔터테인먼트 122870 이익잉여금(결손금) 136,172,245,330 126,221,816,148
와이지엔터테인먼트 122870 자본총계 356,425,924,768 345,985,755,569
와이지엔터테인먼트 122870 자본과부채총계 480,725,659,670 453,702,790,994
