date : 2019-03-31
이엠넷 123570 유동자산 43,749,107,624 44,101,861,071
이엠넷 123570 현금및현금성자산 3,460,361,410 4,621,808,866
이엠넷 123570 매출채권 2,896,152,860 2,580,639,760
이엠넷 123570 기타유동금융자산 355,384,035 335,445,606
이엠넷 123570 기타유동자산 1,009,301,881 928,505,326
이엠넷 123570 비유동자산 22,334,431,373 22,335,467,247
이엠넷 123570 유형자산 9,612,938,219 9,626,277,462
이엠넷 123570 무형자산 118,121,051 120,450,932
이엠넷 123570 기타비유동금융자산 448,808,680 437,808,680
이엠넷 123570 이연법인세자산 1,803,032,361 1,803,032,361
이엠넷 123570 자산총계 66,083,538,997 66,437,328,318
이엠넷 123570 유동부채 12,368,404,519 13,304,706,175
이엠넷 123570 당기법인세부채 1,038,190,175 2,076,624,076
이엠넷 123570 기타유동금융부채 1,816,105,533 1,287,464,142
이엠넷 123570 기타유동부채 3,787,901,821 2,573,192,636
이엠넷 123570 비유동부채 4,556,370,059 4,552,000,702
이엠넷 123570 기타비유동금융부채 11,559,007 0
이엠넷 123570 부채총계 16,924,774,578 17,856,706,877
이엠넷 123570 자본금 11,138,039,000 11,138,039,000
이엠넷 123570 이익잉여금(결손금) 33,158,241,835 32,580,098,857
이엠넷 123570 자본총계 49,158,764,419 48,580,621,441
이엠넷 123570 자본과부채총계 66,083,538,997 66,437,328,318
