date : 2019-03-31
알톤스포츠 123750 유동자산 30,539,625,407 31,388,166,986
알톤스포츠 123750 현금및현금성자산 6,233,899,766 4,181,666,106
알톤스포츠 123750 매출채권 13,809,104,335 13,837,601,192
알톤스포츠 123750 재고자산 5,551,786,822 6,908,987,316
알톤스포츠 123750 기타유동자산 2,306,293,434 4,218,765,955
알톤스포츠 123750 비유동자산 16,810,060,651 16,914,095,489
알톤스포츠 123750 유형자산 8,253,021,118 8,397,493,119
알톤스포츠 123750 무형자산 678,004,761 745,664,398
알톤스포츠 123750 자산총계 47,349,686,058 48,302,262,475
알톤스포츠 123750 유동부채 20,504,662,302 20,310,650,067
알톤스포츠 123750 단기차입금 16,916,201,407 14,333,057,349
알톤스포츠 123750 기타유동부채 969,995,660 875,858,673
알톤스포츠 123750 비유동부채 53,319,953 49,515,033
알톤스포츠 123750 부채총계 20,557,982,255 20,360,165,100
알톤스포츠 123750 자본금 6,373,148,500 6,373,148,500
알톤스포츠 123750 이익잉여금(결손금) -5,582,922,478 -4,432,528,906
알톤스포츠 123750 자본총계 26,791,703,803 27,942,097,375
알톤스포츠 123750 자본과부채총계 47,349,686,058 48,302,262,475
