date : 2019-03-31
한일진공 123840 유동자산 54,663,361,098 106,935,109,976
한일진공 123840 현금및현금성자산 37,332,894,092 64,880,686,070
한일진공 123840 매출채권 및 기타유동채권
한일진공 123840 재고자산 8,681,414,702 8,036,851,914
한일진공 123840 기타유동자산 79,321,085 189,699,181
한일진공 123840 비유동자산 97,466,849,422 49,101,953,695
한일진공 123840 장기금융상품 32,547,710 32,547,710
한일진공 123840 유형자산 14,745,204,867 14,810,387,023
한일진공 123840 무형자산 647,518,128 720,311,074
한일진공 123840 사용권자산 319,139,094 0
한일진공 123840 이연법인세자산 972,701,086 399,416,321
한일진공 123840 자산총계 152,130,210,520 156,037,063,671
한일진공 123840 유동부채 13,292,727,436 17,155,056,689
한일진공 123840 당기법인세부채 157,924,639 296,338,721
한일진공 123840 기타유동부채 3,141,759,126 3,245,868,526
한일진공 123840 비유동부채 3,175,631,649 3,507,391,476
한일진공 123840 부채총계 16,468,359,085 20,662,448,165
한일진공 123840 자본금 5,560,681,600 5,497,788,600
한일진공 123840 자본잉여금 73,618,603,084 72,788,057,530
한일진공 123840 기타포괄손익누계액 1,866,496,169 1,866,496,169
한일진공 123840 이익잉여금(결손금) 55,002,754,696 55,608,957,321
한일진공 123840 자본총계 135,661,851,435 135,374,615,506
한일진공 123840 자본과부채총계 152,130,210,520 156,037,063,671
