date : 2015-12-31
하이비젼시스템 126700 유동자산 59,661,026,061 62,687,129,536
하이비젼시스템 126700 현금및현금성자산 15,592,672,860 7,737,676,644
하이비젼시스템 126700 매출채권 및 기타유동채권
하이비젼시스템 126700 재고자산 9,300,956,541 6,629,257,921
하이비젼시스템 126700 기타유동금융자산 0 0
하이비젼시스템 126700 기타유동자산 202,524,736 57,646,035
하이비젼시스템 126700 매각예정비유동자산 0 0
하이비젼시스템 126700 비유동자산 27,404,979,760 16,215,938,912
하이비젼시스템 126700 장기금융상품 0 0
하이비젼시스템 126700 기타포괄손익-공정가치 0 0
하이비젼시스템 126700 당기손익인식공정가치측정금융자산 0 0
하이비젼시스템 126700 종속회사투자 0 0
하이비젼시스템 126700 관계회사투자 0 0
하이비젼시스템 126700 렌탈자산 0 0
하이비젼시스템 126700 유형자산 12,523,822,365 11,972,776,627
하이비젼시스템 126700 무형자산 7,953,071,723 1,465,179,439
하이비젼시스템 126700 기타비유동금융자산 0 0
하이비젼시스템 126700 기타비유동자산 0 0
하이비젼시스템 126700 사용권자산 0 0
하이비젼시스템 126700 이연법인세자산 1,018,603,250 60,494,257
하이비젼시스템 126700 자산총계 87,066,005,821 78,903,068,448
하이비젼시스템 126700 유동부채 11,288,940,386 9,805,346,481
하이비젼시스템 126700 단기매입채무 0 0
하이비젼시스템 126700 단기차입금 0 0
하이비젼시스템 126700 유동성장기차입금 666,640,000 666,640,000
하이비젼시스템 126700 유동성사채 0 0
하이비젼시스템 126700 기타유동금융부채 1,464,368,521 305,937,643
하이비젼시스템 126700 기타유동부채 0 0
하이비젼시스템 126700 당기법인세부채 69,051,299 666,640,000
하이비젼시스템 126700 유동리스부채 0 0
하이비젼시스템 126700 비유동부채 78,400,000 1,428,220,857
하이비젼시스템 126700 사채 0 0
하이비젼시스템 126700 장기차입금 666,640,000 1,333,280,000
하이비젼시스템 126700 기타비유동금융부채 0 0
하이비젼시스템 126700 이연법인세부채 6,545,846 1,333,280,000
하이비젼시스템 126700 비유동리스부채 0 0
하이비젼시스템 126700 부채총계 11,367,340,386 11,233,567,338
하이비젼시스템 126700 자본금 7,471,056,000 7,471,056,000
하이비젼시스템 126700 자본잉여금 0 0
하이비젼시스템 126700 자본조정 0 0
하이비젼시스템 126700 기타포괄손익누계액 0 0
하이비젼시스템 126700 이익잉여금(결손금) 55,978,400,745 47,215,229,022
하이비젼시스템 126700 자본총계 75,698,665,435 67,669,501,110
하이비젼시스템 126700 자본과부채총계 87,066,005,821 78,903,068,448
date : 2016-03-31
하이비젼시스템 126700 유동자산 56,394,214,148 59,661,026,061
하이비젼시스템 126700 현금및현금성자산 14,476,802,322 15,592,672,860
하이비젼시스템 126700 매출채권 및 기타유동채권
하이비젼시스템 126700 재고자산 10,260,400,132 9,300,956,541
하이비젼시스템 126700 기타유동금융자산 0 0
하이비젼시스템 126700 기타유동자산 256,946,019 202,524,736
하이비젼시스템 126700 매각예정비유동자산 0 0
하이비젼시스템 126700 비유동자산 27,181,544,729 27,404,979,760
하이비젼시스템 126700 장기금융상품 0 0
하이비젼시스템 126700 기타포괄손익-공정가치 0 0
하이비젼시스템 126700 당기손익인식공정가치측정금융자산 0 0
하이비젼시스템 126700 종속회사투자 0 0
하이비젼시스템 126700 관계회사투자 0 0
하이비젼시스템 126700 렌탈자산 0 0
하이비젼시스템 126700 유형자산 12,428,817,614 12,523,822,365
하이비젼시스템 126700 무형자산 7,805,167,666 7,953,071,723
하이비젼시스템 126700 기타비유동금융자산 0 0
하이비젼시스템 126700 기타비유동자산 0 0
하이비젼시스템 126700 사용권자산 0 0
하이비젼시스템 126700 이연법인세자산 1,021,894,714 1,018,603,250
하이비젼시스템 126700 자산총계 83,575,758,877 87,066,005,821
하이비젼시스템 126700 유동부채 8,624,364,962 11,288,940,386
하이비젼시스템 126700 단기매입채무 0 0
하이비젼시스템 126700 단기차입금 0 0
하이비젼시스템 126700 유동성장기차입금 499,980,000 666,640,000
하이비젼시스템 126700 유동성사채 0 0
하이비젼시스템 126700 기타유동금융부채 1,989,584,889 1,464,368,521
하이비젼시스템 126700 기타유동부채 0 0
하이비젼시스템 126700 당기법인세부채 69,051,299 666,640,000
하이비젼시스템 126700 유동리스부채 0 0
하이비젼시스템 126700 비유동부채 78,400,000 78,400,000
하이비젼시스템 126700 사채 0 0
하이비젼시스템 126700 장기차입금 666,640,000 78,400,000
하이비젼시스템 126700 기타비유동금융부채 0 0
하이비젼시스템 126700 이연법인세부채 0 78,400,000
하이비젼시스템 126700 비유동리스부채 0 0
하이비젼시스템 126700 부채총계 8,702,764,962 11,367,340,386
하이비젼시스템 126700 자본금 0 0
하이비젼시스템 126700 자본잉여금 0 0
하이비젼시스템 126700 자본조정 0 0
하이비젼시스템 126700 기타포괄손익누계액 0 0
하이비젼시스템 126700 이익잉여금(결손금) 55,335,446,125 55,978,400,745
하이비젼시스템 126700 자본총계 74,872,993,915 75,698,665,435
하이비젼시스템 126700 자본과부채총계 83,575,758,877 87,066,005,821
date : 2016-06-30
하이비젼시스템 126700 유동자산 60,199,460,195 59,661,026,061
하이비젼시스템 126700 현금및현금성자산 10,366,715,805 15,592,672,860
하이비젼시스템 126700 매출채권 및 기타유동채권
하이비젼시스템 126700 재고자산 16,146,696,296 9,300,956,541
하이비젼시스템 126700 기타유동금융자산 0 0
하이비젼시스템 126700 기타유동자산 139,571,775 202,524,736
하이비젼시스템 126700 매각예정비유동자산 0 0
하이비젼시스템 126700 비유동자산 27,681,925,120 27,404,979,760
하이비젼시스템 126700 장기금융상품 0 0
하이비젼시스템 126700 기타포괄손익-공정가치 0 0
하이비젼시스템 126700 당기손익인식공정가치측정금융자산 0 0
하이비젼시스템 126700 종속회사투자 0 0
하이비젼시스템 126700 관계회사투자 0 0
하이비젼시스템 126700 렌탈자산 0 0
하이비젼시스템 126700 유형자산 12,312,346,590 12,523,822,365
하이비젼시스템 126700 무형자산 7,429,944,331 7,953,071,723
하이비젼시스템 126700 기타비유동금융자산 0 0
하이비젼시스템 126700 기타비유동자산 0 0
하이비젼시스템 126700 사용권자산 0 0
하이비젼시스템 126700 이연법인세자산 1,670,951,280 1,018,603,250
하이비젼시스템 126700 자산총계 87,881,385,315 87,066,005,821
하이비젼시스템 126700 유동부채 11,357,421,984 11,288,940,386
하이비젼시스템 126700 단기매입채무 0 0
하이비젼시스템 126700 단기차입금 0 0
하이비젼시스템 126700 유동성장기차입금 333,320,000 666,640,000
하이비젼시스템 126700 유동성사채 0 0
하이비젼시스템 126700 기타유동금융부채 488,817,926 1,464,368,521
하이비젼시스템 126700 기타유동부채 0 0
하이비젼시스템 126700 당기법인세부채 2,295,928 69,051,299
하이비젼시스템 126700 유동리스부채 0 0
하이비젼시스템 126700 비유동부채 86,133,262 78,400,000
하이비젼시스템 126700 사채 0 0
하이비젼시스템 126700 장기차입금 666,640,000 78,400,000
하이비젼시스템 126700 기타비유동금융부채 0 0
하이비젼시스템 126700 이연법인세부채 0 0
하이비젼시스템 126700 비유동리스부채 0 0
하이비젼시스템 126700 부채총계 11,443,555,246 11,367,340,386
하이비젼시스템 126700 자본금 0 0
하이비젼시스템 126700 자본잉여금 0 0
하이비젼시스템 126700 자본조정 0 0
하이비젼시스템 126700 기타포괄손익누계액 0 0
하이비젼시스템 126700 이익잉여금(결손금) 56,900,282,279 55,978,400,745
하이비젼시스템 126700 자본총계 76,437,830,069 75,698,665,435
하이비젼시스템 126700 자본과부채총계 87,881,385,315 87,066,005,821
date : 2016-09-30
하이비젼시스템 126700 유동자산 61,550,930,135 59,661,026,061
하이비젼시스템 126700 현금및현금성자산 19,084,380,667 15,592,672,860
하이비젼시스템 126700 매출채권 및 기타유동채권
하이비젼시스템 126700 재고자산 13,118,439,423 9,300,956,541
하이비젼시스템 126700 기타유동금융자산 0 0
하이비젼시스템 126700 기타유동자산 430,751,408 202,524,736
하이비젼시스템 126700 매각예정비유동자산 0 0
하이비젼시스템 126700 비유동자산 26,997,594,025 27,404,979,760
하이비젼시스템 126700 장기금융상품 0 0
하이비젼시스템 126700 기타포괄손익-공정가치 0 0
하이비젼시스템 126700 당기손익인식공정가치측정금융자산 0 0
하이비젼시스템 126700 종속회사투자 0 0
하이비젼시스템 126700 관계회사투자 0 0
하이비젼시스템 126700 렌탈자산 0 0
하이비젼시스템 126700 유형자산 12,124,466,779 12,523,822,365
하이비젼시스템 126700 무형자산 7,008,643,724 7,953,071,723
하이비젼시스템 126700 기타비유동금융자산 0 0
하이비젼시스템 126700 기타비유동자산 0 0
하이비젼시스템 126700 사용권자산 0 0
하이비젼시스템 126700 이연법인세자산 1,585,808,985 1,018,603,250
하이비젼시스템 126700 자산총계 88,548,524,160 87,066,005,821
하이비젼시스템 126700 유동부채 10,669,655,827 11,288,940,386
하이비젼시스템 126700 단기매입채무 0 0
하이비젼시스템 126700 단기차입금 0 0
하이비젼시스템 126700 유동성장기차입금 166,660,000 666,640,000
하이비젼시스템 126700 유동성사채 0 0
하이비젼시스템 126700 기타유동금융부채 1,908,653,018 1,464,368,521
하이비젼시스템 126700 기타유동부채 0 0
하이비젼시스템 126700 당기법인세부채 16,208,169 0
하이비젼시스템 126700 유동리스부채 0 0
하이비젼시스템 126700 비유동부채 117,459,032 78,400,000
하이비젼시스템 126700 사채 0 0
하이비젼시스템 126700 장기차입금 0 0
하이비젼시스템 126700 기타비유동금융부채 0 0
하이비젼시스템 126700 이연법인세부채 0 0
하이비젼시스템 126700 비유동리스부채 0 0
하이비젼시스템 126700 부채총계 10,787,114,859 11,367,340,386
하이비젼시스템 126700 자본금 7,471,056,000 7,471,056,000
하이비젼시스템 126700 자본잉여금 0 0
하이비젼시스템 126700 자본조정 0 0
하이비젼시스템 126700 기타포괄손익누계액 0 0
하이비젼시스템 126700 이익잉여금(결손금) 58,223,861,511 55,978,400,745
하이비젼시스템 126700 자본총계 77,761,409,301 75,698,665,435
하이비젼시스템 126700 자본과부채총계 88,548,524,160 87,066,005,821
date : 2016-12-31
하이비젼시스템 126700 유동자산 73,635,430,897 59,661,026,061
하이비젼시스템 126700 현금및현금성자산 11,613,699,039 15,592,672,860
하이비젼시스템 126700 매출채권 및 기타유동채권
하이비젼시스템 126700 재고자산 11,952,569,669 9,300,956,541
하이비젼시스템 126700 기타유동금융자산 0 0
하이비젼시스템 126700 기타유동자산 201,598,821 202,524,736
하이비젼시스템 126700 매각예정비유동자산 0 0
하이비젼시스템 126700 비유동자산 23,752,694,191 27,404,979,760
하이비젼시스템 126700 장기금융상품 0 0
하이비젼시스템 126700 기타포괄손익-공정가치 0 0
하이비젼시스템 126700 당기손익인식공정가치측정금융자산 0 0
하이비젼시스템 126700 종속회사투자 0 0
하이비젼시스템 126700 관계회사투자 0 0
하이비젼시스템 126700 렌탈자산 0 0
하이비젼시스템 126700 유형자산 11,953,936,575 12,523,822,365
하이비젼시스템 126700 무형자산 4,165,817,909 7,953,071,723
하이비젼시스템 126700 기타비유동금융자산 0 0
하이비젼시스템 126700 기타비유동자산 0 0
하이비젼시스템 126700 사용권자산 0 0
하이비젼시스템 126700 이연법인세자산 2,241,016,782 1,018,603,250
하이비젼시스템 126700 자산총계 97,388,125,088 87,066,005,821
하이비젼시스템 126700 유동부채 19,242,257,963 11,288,940,386
하이비젼시스템 126700 단기매입채무 0 0
하이비젼시스템 126700 단기차입금 0 0
하이비젼시스템 126700 유동성장기차입금 0 666,640,000
하이비젼시스템 126700 유동성사채 0 0
하이비젼시스템 126700 기타유동금융부채 2,292,671,783 1,464,368,521
하이비젼시스템 126700 기타유동부채 0 0
하이비젼시스템 126700 당기법인세부채 81,629,815 0
하이비젼시스템 126700 유동리스부채 0 0
하이비젼시스템 126700 비유동부채 119,561,916 78,400,000
하이비젼시스템 126700 사채 0 0
하이비젼시스템 126700 장기차입금 0 0
하이비젼시스템 126700 기타비유동금융부채 0 0
하이비젼시스템 126700 이연법인세부채 0 0
하이비젼시스템 126700 비유동리스부채 0 0
하이비젼시스템 126700 부채총계 19,361,819,879 11,367,340,386
하이비젼시스템 126700 자본금 7,471,056,000 7,471,056,000
하이비젼시스템 126700 자본잉여금 0 0
하이비젼시스템 126700 자본조정 0 0
하이비젼시스템 126700 기타포괄손익누계액 0 0
하이비젼시스템 126700 이익잉여금(결손금) 58,370,096,485 55,978,400,745
하이비젼시스템 126700 자본총계 78,026,305,209 75,698,665,435
하이비젼시스템 126700 자본과부채총계 97,388,125,088 87,066,005,821
date : 2017-03-31
하이비젼시스템 126700 유동자산 65,156,625,580 73,635,430,897
하이비젼시스템 126700 현금및현금성자산 25,440,260,939 11,613,699,039
하이비젼시스템 126700 매출채권 및 기타유동채권
하이비젼시스템 126700 재고자산 18,374,222,521 11,952,569,669
하이비젼시스템 126700 기타유동금융자산 0 0
하이비젼시스템 126700 기타유동자산 283,757,158 201,598,821
하이비젼시스템 126700 매각예정비유동자산 0 0
하이비젼시스템 126700 비유동자산 25,138,147,442 23,752,694,191
하이비젼시스템 126700 장기금융상품 0 0
하이비젼시스템 126700 기타포괄손익-공정가치 0 0
하이비젼시스템 126700 당기손익인식공정가치측정금융자산 0 0
하이비젼시스템 126700 종속회사투자 0 0
하이비젼시스템 126700 관계회사투자 0 0
하이비젼시스템 126700 렌탈자산 0 0
하이비젼시스템 126700 유형자산 12,536,675,407 11,953,936,575
하이비젼시스템 126700 무형자산 3,930,400,813 4,165,817,909
하이비젼시스템 126700 기타비유동금융자산 0 0
하이비젼시스템 126700 기타비유동자산 0 0
하이비젼시스템 126700 사용권자산 0 0
하이비젼시스템 126700 이연법인세자산 2,506,812,595 2,241,016,782
하이비젼시스템 126700 자산총계 90,294,773,022 97,388,125,088
하이비젼시스템 126700 유동부채 15,563,504,618 19,242,257,963
하이비젼시스템 126700 단기매입채무 0 0
하이비젼시스템 126700 단기차입금 0 0
하이비젼시스템 126700 유동성장기차입금 0 0
하이비젼시스템 126700 유동성사채 0 0
하이비젼시스템 126700 기타유동금융부채 2,753,032,614 2,292,671,783
하이비젼시스템 126700 기타유동부채 0 0
하이비젼시스템 126700 당기법인세부채 65,714,985 81,629,815
하이비젼시스템 126700 유동리스부채 0 0
하이비젼시스템 126700 비유동부채 130,935,807 119,561,916
하이비젼시스템 126700 사채 0 0
하이비젼시스템 126700 장기차입금 0 0
하이비젼시스템 126700 기타비유동금융부채 0 0
하이비젼시스템 126700 이연법인세부채 0 0
하이비젼시스템 126700 비유동리스부채 0 0
하이비젼시스템 126700 부채총계 15,694,440,425 19,361,819,879
하이비젼시스템 126700 자본금 7,471,056,000 7,471,056,000
하이비젼시스템 126700 자본잉여금 0 0
하이비젼시스템 126700 자본조정 0 0
하이비젼시스템 126700 기타포괄손익누계액 0 0
하이비젼시스템 126700 이익잉여금(결손금) 57,930,598,363 58,370,096,485
하이비젼시스템 126700 자본총계 74,600,332,597 78,026,305,209
하이비젼시스템 126700 자본과부채총계 90,294,773,022 97,388,125,088
date : 2017-06-30
하이비젼시스템 126700 유동자산 87,856,017,625 73,635,430,897
하이비젼시스템 126700 현금및현금성자산 3,743,206,884 11,613,699,039
하이비젼시스템 126700 매출채권 및 기타유동채권
하이비젼시스템 126700 재고자산 41,784,255,928 11,952,569,669
하이비젼시스템 126700 기타유동금융자산 0 0
하이비젼시스템 126700 기타유동자산 6,429,065,820 201,598,821
하이비젼시스템 126700 매각예정비유동자산 0 0
하이비젼시스템 126700 비유동자산 24,669,697,122 23,752,694,191
하이비젼시스템 126700 장기금융상품 0 0
하이비젼시스템 126700 기타포괄손익-공정가치 0 0
하이비젼시스템 126700 당기손익인식공정가치측정금융자산 0 0
하이비젼시스템 126700 종속회사투자 0 0
하이비젼시스템 126700 관계회사투자 0 0
하이비젼시스템 126700 렌탈자산 0 0
하이비젼시스템 126700 유형자산 13,707,516,212 11,953,936,575
하이비젼시스템 126700 무형자산 2,782,556,198 4,165,817,909
하이비젼시스템 126700 기타비유동금융자산 0 0
하이비젼시스템 126700 기타비유동자산 0 0
하이비젼시스템 126700 사용권자산 0 0
하이비젼시스템 126700 이연법인세자산 2,092,302,770 2,241,016,782
하이비젼시스템 126700 자산총계 112,525,714,747 97,388,125,088
하이비젼시스템 126700 유동부채 33,956,898,109 19,242,257,963
하이비젼시스템 126700 단기매입채무 0 0
하이비젼시스템 126700 단기차입금 874,193,627 0
하이비젼시스템 126700 유동성장기차입금 0 0
하이비젼시스템 126700 유동성사채 0 0
하이비젼시스템 126700 기타유동금융부채 1,657,715,365 2,697,692,859
하이비젼시스템 126700 기타유동부채 0 0
하이비젼시스템 126700 당기법인세부채 76,212,758 81,629,815
하이비젼시스템 126700 유동리스부채 0 0
하이비젼시스템 126700 비유동부채 78,400,000 119,561,916
하이비젼시스템 126700 사채 0 0
하이비젼시스템 126700 장기차입금 0 0
하이비젼시스템 126700 기타비유동금융부채 0 0
하이비젼시스템 126700 이연법인세부채 0 0
하이비젼시스템 126700 비유동리스부채 0 0
하이비젼시스템 126700 부채총계 34,035,298,109 19,361,819,879
하이비젼시스템 126700 자본금 7,471,056,000 7,471,056,000
하이비젼시스템 126700 자본잉여금 0 0
하이비젼시스템 126700 자본조정 0 0
하이비젼시스템 126700 기타포괄손익누계액 0 0
하이비젼시스템 126700 이익잉여금(결손금) 61,820,682,404 58,370,096,485
하이비젼시스템 126700 자본총계 78,490,416,638 78,026,305,209
하이비젼시스템 126700 자본과부채총계 112,525,714,747 97,388,125,088
date : 2017-09-30
하이비젼시스템 126700 유동자산 103,744,134,763 73,635,430,897
하이비젼시스템 126700 현금및현금성자산 21,022,850,870 11,613,699,039
하이비젼시스템 126700 매출채권 및 기타유동채권
하이비젼시스템 126700 재고자산 33,884,768,347 11,952,569,669
하이비젼시스템 126700 기타유동금융자산 0 0
하이비젼시스템 126700 기타유동자산 2,830,192,652 201,598,821
하이비젼시스템 126700 매각예정비유동자산 0 0
하이비젼시스템 126700 비유동자산 41,375,226,511 23,752,694,191
하이비젼시스템 126700 장기금융상품 4,610,426,000 1,774,266,000
하이비젼시스템 126700 기타포괄손익-공정가치 0 0
하이비젼시스템 126700 당기손익인식공정가치측정금융자산 0 0
하이비젼시스템 126700 종속회사투자 0 0
하이비젼시스템 126700 관계회사투자 0 0
하이비젼시스템 126700 렌탈자산 0 0
하이비젼시스템 126700 유형자산 25,253,471,141 11,953,936,575
하이비젼시스템 126700 무형자산 2,353,101,904 4,165,817,909
하이비젼시스템 126700 기타비유동금융자산 0 0
하이비젼시스템 126700 기타비유동자산 0 0
하이비젼시스템 126700 사용권자산 0 0
하이비젼시스템 126700 이연법인세자산 911,177,953 2,241,016,782
하이비젼시스템 126700 자산총계 145,119,361,274 97,388,125,088
하이비젼시스템 126700 유동부채 55,999,395,806 19,242,257,963
하이비젼시스템 126700 단기매입채무 0 0
하이비젼시스템 126700 단기차입금 13,000,000,000 0
하이비젼시스템 126700 유동성장기차입금 0 0
하이비젼시스템 126700 유동성사채 0 0
하이비젼시스템 126700 기타유동금융부채 0 0
하이비젼시스템 126700 기타유동부채 915,898,618 2,292,671,783
하이비젼시스템 126700 당기법인세부채 18,082,002,025 81,629,815
하이비젼시스템 126700 유동리스부채 0 0
하이비젼시스템 126700 비유동부채 129,441,548 119,561,916
하이비젼시스템 126700 사채 0 0
하이비젼시스템 126700 장기차입금 0 0
하이비젼시스템 126700 기타비유동금융부채 0 0
하이비젼시스템 126700 이연법인세부채 0 0
하이비젼시스템 126700 비유동리스부채 0 0
하이비젼시스템 126700 부채총계 56,128,837,354 19,361,819,879
하이비젼시스템 126700 자본금 7,471,056,000 7,471,056,000
하이비젼시스템 126700 자본잉여금 0 0
하이비젼시스템 126700 자본조정 0 0
하이비젼시스템 126700 기타포괄손익누계액 0 0
하이비젼시스템 126700 이익잉여금(결손금) 72,320,789,686 58,370,096,485
하이비젼시스템 126700 자본총계 88,990,523,920 78,026,305,209
하이비젼시스템 126700 자본과부채총계 145,119,361,274 97,388,125,088
date : 2017-12-31
하이비젼시스템 126700 유동자산 112,090,724,281 73,635,430,897
하이비젼시스템 126700 현금및현금성자산 28,813,879,595 11,613,699,039
하이비젼시스템 126700 매출채권 및 기타유동채권
하이비젼시스템 126700 재고자산 34,978,815,821 11,952,569,669
하이비젼시스템 126700 기타유동금융자산 0 0
하이비젼시스템 126700 기타유동자산 4,001,225,558 201,598,821
하이비젼시스템 126700 매각예정비유동자산 0 0
하이비젼시스템 126700 비유동자산 41,243,242,836 23,752,694,191
하이비젼시스템 126700 장기금융상품 1,654,046,000 1,774,266,000
하이비젼시스템 126700 기타포괄손익-공정가치 0 0
하이비젼시스템 126700 당기손익인식공정가치측정금융자산 0 0
하이비젼시스템 126700 종속회사투자 0 0
하이비젼시스템 126700 관계회사투자 0 0
하이비젼시스템 126700 렌탈자산 0 0
하이비젼시스템 126700 유형자산 26,321,906,286 11,953,936,575
하이비젼시스템 126700 무형자산 683,791,188 4,165,817,909
하이비젼시스템 126700 기타비유동금융자산 0 0
하이비젼시스템 126700 기타비유동자산 0 0
하이비젼시스템 126700 사용권자산 0 0
하이비젼시스템 126700 이연법인세자산 1,577,577,999 2,241,016,782
하이비젼시스템 126700 자산총계 153,333,967,117 97,388,125,088
하이비젼시스템 126700 유동부채 58,632,518,685 19,242,257,963
하이비젼시스템 126700 단기매입채무 0 0
하이비젼시스템 126700 단기차입금 13,000,000,000 0
하이비젼시스템 126700 유동성장기차입금 0 0
하이비젼시스템 126700 유동성사채 0 0
하이비젼시스템 126700 기타유동금융부채 0 0
하이비젼시스템 126700 기타유동부채 5,497,320,086 2,292,671,783
하이비젼시스템 126700 당기법인세부채 3,096,421,088 81,629,815
하이비젼시스템 126700 유동리스부채 0 0
하이비젼시스템 126700 비유동부채 259,393,077 119,561,916
하이비젼시스템 126700 사채 0 0
하이비젼시스템 126700 장기차입금 0 0
하이비젼시스템 126700 기타비유동금융부채 0 0
하이비젼시스템 126700 이연법인세부채 0 0
하이비젼시스템 126700 비유동리스부채 0 0
하이비젼시스템 126700 부채총계 58,891,911,762 19,361,819,879
하이비젼시스템 126700 자본금 7,471,056,000 7,471,056,000
하이비젼시스템 126700 자본잉여금 0 0
하이비젼시스템 126700 자본조정 0 0
하이비젼시스템 126700 기타포괄손익누계액 0 0
하이비젼시스템 126700 이익잉여금(결손금) 77,548,064,869 58,370,096,485
하이비젼시스템 126700 자본총계 94,442,055,355 78,026,305,209
하이비젼시스템 126700 자본과부채총계 153,333,967,117 97,388,125,088
date : 2018-03-31
하이비젼시스템 126700 유동자산 104,871,594,421 112,090,724,281
하이비젼시스템 126700 현금및현금성자산 16,594,914,102 28,813,879,595
하이비젼시스템 126700 매출채권 및 기타유동채권
하이비젼시스템 126700 재고자산 40,097,762,459 34,978,815,821
하이비젼시스템 126700 기타유동금융자산 0 0
하이비젼시스템 126700 기타유동자산 3,883,121,664 4,001,225,558
하이비젼시스템 126700 매각예정비유동자산 0 0
하이비젼시스템 126700 비유동자산 45,533,303,595 41,243,242,836
하이비젼시스템 126700 장기금융상품 727,666,000 1,654,046,000
하이비젼시스템 126700 기타포괄손익-공정가치 0 0
하이비젼시스템 126700 당기손익인식공정가치측정금융자산 0 0
하이비젼시스템 126700 종속회사투자 0 0
하이비젼시스템 126700 관계회사투자 0 0
하이비젼시스템 126700 렌탈자산 0 0
하이비젼시스템 126700 유형자산 30,642,826,975 26,321,906,286
하이비젼시스템 126700 무형자산 728,870,737 683,791,188
하이비젼시스템 126700 기타비유동금융자산 0 0
하이비젼시스템 126700 기타비유동자산 0 0
하이비젼시스템 126700 사용권자산 0 0
하이비젼시스템 126700 이연법인세자산 1,484,142,411 1,577,577,999
하이비젼시스템 126700 자산총계 150,404,898,016 153,333,967,117
하이비젼시스템 126700 유동부채 51,829,652,916 58,632,518,685
하이비젼시스템 126700 단기매입채무 0 0
하이비젼시스템 126700 단기차입금 13,000,000,000 13,000,000,000
하이비젼시스템 126700 유동성장기차입금 0 0
하이비젼시스템 126700 유동성사채 0 0
하이비젼시스템 126700 기타유동금융부채 0 0
하이비젼시스템 126700 기타유동부채 6,089,297,660 5,497,320,086
하이비젼시스템 126700 당기법인세부채 3,514,192,933 3,096,421,088
하이비젼시스템 126700 유동리스부채 0 0
하이비젼시스템 126700 비유동부채 357,660,865 259,393,077
하이비젼시스템 126700 사채 0 0
하이비젼시스템 126700 장기차입금 0 0
하이비젼시스템 126700 기타비유동금융부채 0 0
하이비젼시스템 126700 이연법인세부채 0 0
하이비젼시스템 126700 비유동리스부채 0 0
하이비젼시스템 126700 부채총계 52,187,313,781 58,891,911,762
하이비젼시스템 126700 자본금 7,471,056,000 7,471,056,000
하이비젼시스템 126700 자본잉여금 0 0
하이비젼시스템 126700 자본조정 0 0
하이비젼시스템 126700 기타포괄손익누계액 0 0
하이비젼시스템 126700 이익잉여금(결손금) 81,383,639,749 77,548,064,869
하이비젼시스템 126700 자본총계 98,217,584,235 94,442,055,355
하이비젼시스템 126700 자본과부채총계 150,404,898,016 153,333,967,117
date : 2018-06-30
하이비젼시스템 126700 유동자산 111,249,711,385 112,090,724,281
하이비젼시스템 126700 현금및현금성자산 8,273,346,850 28,813,879,595
하이비젼시스템 126700 매출채권 및 기타유동채권
하이비젼시스템 126700 재고자산 42,592,509,517 34,978,815,821
하이비젼시스템 126700 기타유동금융자산 0 0
하이비젼시스템 126700 기타유동자산 5,210,886,344 4,001,225,558
하이비젼시스템 126700 매각예정비유동자산 0 0
하이비젼시스템 126700 비유동자산 49,781,081,695 41,243,242,836
하이비젼시스템 126700 장기금융상품 801,286,000 1,654,046,000
하이비젼시스템 126700 기타포괄손익-공정가치 측정 금융자산
하이비젼시스템 126700 당기손익인식공정가치측정금융자산 0 0
하이비젼시스템 126700 종속회사투자 0 0
하이비젼시스템 126700 관계회사투자 0 0
하이비젼시스템 126700 렌탈자산 0 0
하이비젼시스템 126700 유형자산 34,354,938,764 26,321,906,286
하이비젼시스템 126700 무형자산 726,347,832 683,791,188
하이비젼시스템 126700 기타비유동금융자산 0 0
하이비젼시스템 126700 기타비유동자산 0 0
하이비젼시스템 126700 사용권자산 0 0
하이비젼시스템 126700 이연법인세자산 1,380,501,019 1,577,577,999
하이비젼시스템 126700 자산총계 161,030,793,080 153,333,967,117
하이비젼시스템 126700 유동부채 54,362,018,784 58,632,518,685
하이비젼시스템 126700 단기매입채무 0 0
하이비젼시스템 126700 단기차입금 13,000,000,000 13,000,000,000
하이비젼시스템 126700 유동성장기차입금 0 0
하이비젼시스템 126700 유동성사채 0 0
하이비젼시스템 126700 기타유동금융부채 0 0
하이비젼시스템 126700 기타유동부채 3,741,067,388 5,497,320,086
하이비젼시스템 126700 당기법인세부채 2,577,603,088 3,096,421,088
하이비젼시스템 126700 유동리스부채 0 0
하이비젼시스템 126700 비유동부채 318,983,449 259,393,077
하이비젼시스템 126700 사채 0 0
하이비젼시스템 126700 장기차입금 0 0
하이비젼시스템 126700 기타비유동금융부채 0 0
하이비젼시스템 126700 이연법인세부채 0 0
하이비젼시스템 126700 비유동리스부채 0 0
하이비젼시스템 126700 부채총계 54,681,002,233 58,891,911,762
하이비젼시스템 126700 자본금 7,471,056,000 7,471,056,000
하이비젼시스템 126700 자본잉여금 0 0
하이비젼시스템 126700 자본조정 0 0
하이비젼시스템 126700 기타포괄손익누계액 0 0
하이비젼시스템 126700 이익잉여금(결손금) 89,724,970,771 77,548,064,869
하이비젼시스템 126700 자본총계 106,349,790,847 94,442,055,355
하이비젼시스템 126700 자본과부채총계 161,030,793,080 153,333,967,117
date : 2018-09-30
하이비젼시스템 126700 유동자산 101,267,720,060 112,090,724,281
하이비젼시스템 126700 현금및현금성자산 17,469,708,259 28,813,879,595
하이비젼시스템 126700 매출채권 및 기타유동채권
하이비젼시스템 126700 재고자산 33,890,862,433 34,978,815,821
하이비젼시스템 126700 기타유동금융자산 0 0
하이비젼시스템 126700 기타유동자산 3,307,491,962 4,001,225,558
하이비젼시스템 126700 매각예정비유동자산 0 0
하이비젼시스템 126700 비유동자산 56,367,107,704 41,243,242,836
하이비젼시스템 126700 장기금융상품 874,906,000 1,654,046,000
하이비젼시스템 126700 기타포괄손익-공정가치 측정 금융자산
하이비젼시스템 126700 당기손익인식공정가치측정금융자산 0 0
하이비젼시스템 126700 종속회사투자 0 0
하이비젼시스템 126700 관계회사투자 0 0
하이비젼시스템 126700 렌탈자산 0 0
하이비젼시스템 126700 유형자산 41,349,557,670 26,321,906,286
하이비젼시스템 126700 무형자산 723,724,821 683,791,188
하이비젼시스템 126700 기타비유동금융자산 0 0
하이비젼시스템 126700 기타비유동자산 0 0
하이비젼시스템 126700 사용권자산 0 0
하이비젼시스템 126700 이연법인세자산 920,206,548 1,577,577,999
하이비젼시스템 126700 자산총계 157,634,827,764 153,333,967,117
하이비젼시스템 126700 유동부채 46,290,959,228 58,632,518,685
하이비젼시스템 126700 단기매입채무 0 0
하이비젼시스템 126700 단기차입금 12,000,000,000 13,000,000,000
하이비젼시스템 126700 유동성장기차입금 0 0
하이비젼시스템 126700 유동성사채 0 0
하이비젼시스템 126700 기타유동금융부채 0 0
하이비젼시스템 126700 기타유동부채 5,786,313,062 5,497,320,086
하이비젼시스템 126700 당기법인세부채 2,208,900,592 3,096,421,088
하이비젼시스템 126700 유동리스부채 0 0
하이비젼시스템 126700 비유동부채 327,708,954 259,393,077
하이비젼시스템 126700 사채 0 0
하이비젼시스템 126700 장기차입금 0 0
하이비젼시스템 126700 기타비유동금융부채 0 0
하이비젼시스템 126700 이연법인세부채 0 0
하이비젼시스템 126700 비유동리스부채 0 0
하이비젼시스템 126700 부채총계 46,618,668,182 58,891,911,762
하이비젼시스템 126700 자본금 7,471,056,000 7,471,056,000
하이비젼시스템 126700 자본잉여금 0 0
하이비젼시스템 126700 자본조정 0 0
하이비젼시스템 126700 기타포괄손익누계액 0 0
하이비젼시스템 126700 이익잉여금(결손금) 96,179,099,687 77,548,064,869
하이비젼시스템 126700 자본총계 111,016,159,582 94,442,055,355
하이비젼시스템 126700 자본과부채총계 157,634,827,764 153,333,967,117
date : 2018-12-31
하이비젼시스템 126700 유동자산 97,309,601,255 112,090,724,281
하이비젼시스템 126700 현금및현금성자산 46,002,300,007 28,813,879,595
하이비젼시스템 126700 매출채권 및 기타유동채권
하이비젼시스템 126700 재고자산 25,966,622,887 34,978,815,821
하이비젼시스템 126700 기타유동금융자산 0 0
하이비젼시스템 126700 기타유동자산 2,421,575,882 4,001,225,558
하이비젼시스템 126700 매각예정비유동자산 0 0
하이비젼시스템 126700 비유동자산 59,836,624,767 41,243,242,836
하이비젼시스템 126700 장기금융상품 988,526,000 1,654,046,000
하이비젼시스템 126700 기타포괄손익-공정가치 측정 금융자산
하이비젼시스템 126700 당기손익인식공정가치측정금융자산 0 0
하이비젼시스템 126700 종속회사투자 0 0
하이비젼시스템 126700 관계회사투자 0 0
하이비젼시스템 126700 렌탈자산 0 0
하이비젼시스템 126700 유형자산 43,684,412,784 26,321,906,286
하이비젼시스템 126700 무형자산 703,450,974 683,791,188
하이비젼시스템 126700 기타비유동금융자산 0 0
하이비젼시스템 126700 기타비유동자산 0 0
하이비젼시스템 126700 사용권자산 0 0
하이비젼시스템 126700 이연법인세자산 842,199,538 1,577,577,999
하이비젼시스템 126700 자산총계 157,146,226,022 153,333,967,117
하이비젼시스템 126700 유동부채 43,089,839,159 58,632,518,685
하이비젼시스템 126700 단기매입채무 0 0
하이비젼시스템 126700 단기차입금 12,000,000,000 13,000,000,000
하이비젼시스템 126700 유동성장기차입금 0 0
하이비젼시스템 126700 유동성사채 0 0
하이비젼시스템 126700 기타유동금융부채 0 0
하이비젼시스템 126700 기타유동부채 3,824,089,604 5,497,320,086
하이비젼시스템 126700 당기법인세부채 2,454,682,779 3,096,421,088
하이비젼시스템 126700 유동리스부채 0 0
하이비젼시스템 126700 비유동부채 210,000,000 259,393,077
하이비젼시스템 126700 사채 0 0
하이비젼시스템 126700 장기차입금 0 0
하이비젼시스템 126700 기타비유동금융부채 0 0
하이비젼시스템 126700 이연법인세부채 0 0
하이비젼시스템 126700 비유동리스부채 0 0
하이비젼시스템 126700 부채총계 43,299,839,159 58,891,911,762
하이비젼시스템 126700 자본금 7,471,056,000 7,471,056,000
하이비젼시스템 126700 자본잉여금 0 0
하이비젼시스템 126700 자본조정 0 0
하이비젼시스템 126700 기타포괄손익누계액 0 0
하이비젼시스템 126700 이익잉여금(결손금) 99,923,123,279 77,548,064,869
하이비젼시스템 126700 자본총계 113,846,386,863 94,442,055,355
하이비젼시스템 126700 자본과부채총계 157,146,226,022 153,333,967,117
date : 2019-03-31
하이비젼시스템 126700 유동자산 98,581,355,998 97,309,601,255
하이비젼시스템 126700 현금및현금성자산 28,248,022,004 46,002,300,007
하이비젼시스템 126700 매출채권 및 기타유동채권
하이비젼시스템 126700 재고자산 25,465,645,053 25,966,622,887
하이비젼시스템 126700 기타유동금융자산 0 0
하이비젼시스템 126700 기타유동자산 3,007,778,660 2,421,575,882
하이비젼시스템 126700 매각예정비유동자산 0 0
하이비젼시스템 126700 비유동자산 60,111,533,134 59,836,624,767
하이비젼시스템 126700 장기금융상품 1,121,446,000 988,526,000
하이비젼시스템 126700 기타포괄손익-공정가치 측정 금융자산
하이비젼시스템 126700 당기손익인식공정가치측정금융자산 0 0
하이비젼시스템 126700 종속회사투자 0 0
하이비젼시스템 126700 관계회사투자 0 0
하이비젼시스템 126700 렌탈자산 0 0
하이비젼시스템 126700 유형자산 43,604,228,077 43,684,412,784
하이비젼시스템 126700 무형자산 1,021,069,987 703,450,974
하이비젼시스템 126700 기타비유동금융자산 0 0
하이비젼시스템 126700 기타비유동자산 0 0
하이비젼시스템 126700 사용권자산 0 0
하이비젼시스템 126700 이연법인세자산 897,883,836 842,199,538
하이비젼시스템 126700 자산총계 158,692,889,132 157,146,226,022
하이비젼시스템 126700 유동부채 42,503,906,938 43,089,839,159
하이비젼시스템 126700 단기매입채무 0 0
하이비젼시스템 126700 단기차입금 4,000,000,000 12,000,000,000
하이비젼시스템 126700 유동성장기차입금 0 0
하이비젼시스템 126700 유동성사채 0 0
하이비젼시스템 126700 기타유동금융부채 0 0
하이비젼시스템 126700 기타유동부채 2,857,025,142 3,824,089,604
하이비젼시스템 126700 당기법인세부채 2,988,233,412 2,454,682,779
하이비젼시스템 126700 유동리스부채 0 0
하이비젼시스템 126700 비유동부채 291,005,153 210,000,000
하이비젼시스템 126700 사채 0 0
하이비젼시스템 126700 장기차입금 0 0
하이비젼시스템 126700 기타비유동금융부채 0 0
하이비젼시스템 126700 이연법인세부채 0 0
하이비젼시스템 126700 비유동리스부채 0 0
하이비젼시스템 126700 부채총계 42,794,912,091 43,299,839,159
하이비젼시스템 126700 자본금 7,471,056,000 7,471,056,000
하이비젼시스템 126700 자본잉여금 0 0
하이비젼시스템 126700 자본조정 0 0
하이비젼시스템 126700 기타포괄손익누계액 0 0
하이비젼시스템 126700 이익잉여금(결손금) 101,889,933,456 99,923,123,279
하이비젼시스템 126700 자본총계 115,897,977,041 113,846,386,863
하이비젼시스템 126700 자본과부채총계 158,692,889,132 157,146,226,022
