date : 2019-03-31
한미약품 128940 유동자산 424,682,494,849 355,899,415,356
한미약품 128940 현금및현금성자산 14,602,984,450 10,260,701,307
한미약품 128940 재고자산 208,122,915,054 182,274,393,543
한미약품 128940 기타유동자산 28,184,988,540 28,402,918,218
한미약품 128940 비유동자산 1,099,683,015,880 1,037,932,916,387
한미약품 128940 기타포괄손익-공정가치 측정 금융자산
한미약품 128940 유형자산 814,529,821,587 787,923,201,042
한미약품 128940 무형자산 36,949,238,299 35,421,289,211
한미약품 128940 이연법인세자산 84,586,419,159 83,268,172,216
한미약품 128940 기타비유동금융자산 16,224,127,596 17,279,317,376
한미약품 128940 기타비유동자산 10,445,618,243 8,082,903,500
한미약품 128940 자산총계 1,524,365,510,729 1,393,832,331,743
한미약품 128940 유동부채 539,920,686,718 388,784,674,016
한미약품 128940 단기차입금 272,100,000,000 180,000,000,000
한미약품 128940 유동성장기차입금 40,000,000,000 10,000,000,000
한미약품 128940 당기법인세부채 752,713,127 430,343,374
한미약품 128940 기타유동금융부채 5,662,345,000 0
한미약품 128940 기타유동부채 21,481,463,284 36,035,902,531
한미약품 128940 비유동부채 437,539,229,379 450,208,820,211
한미약품 128940 장기차입금 188,000,000,000 208,000,000,000
한미약품 128940 사채 198,577,378,588 197,929,293,551
한미약품 128940 기타비유동금융부채 1,603,474,092 523,788,172
한미약품 128940 부채총계 977,459,916,097 838,993,494,227
한미약품 128940 자본금 29,030,460,000 28,464,227,500
한미약품 128940 이익잉여금(결손금) 140,842,107,334 145,487,739,265
한미약품 128940 자본총계 546,905,594,632 554,838,837,516
한미약품 128940 자본과부채총계 1,524,365,510,729 1,393,832,331,743
