date : 2015-12-31
CJ 130960 유동자산 828,100,473,467 941,381,831,655
CJ 130960 현금및현금성자산 23,487,105,397 13,911,715,323
CJ 130960 매출채권 및 기타유동채권
CJ 130960 재고자산 3,770,426,099 4,989,067,717
CJ 130960 기타유동금융자산 330,569,310,385 496,557,724,368
CJ 130960 기타유동자산 0 0
CJ 130960 매각예정비유동자산 0 0
CJ 130960 비유동자산 1,103,876,904,118 1,114,377,474,193
CJ 130960 장기금융상품 0 0
CJ 130960 기타포괄손익-공정가치 0 0
CJ 130960 당기손익인식공정가치측정금융자산 0 0
CJ 130960 종속회사투자 0 0
CJ 130960 관계회사투자 0 0
CJ 130960 렌탈자산 0 0
CJ 130960 유형자산 73,996,469,305 85,639,147,106
CJ 130960 무형자산 624,607,098,466 673,734,567,189
CJ 130960 기타비유동금융자산 21,077,145,471 19,824,780,016
CJ 130960 기타비유동자산 0 0
CJ 130960 사용권자산 0 0
CJ 130960 이연법인세자산 51,886,216,360 38,431,301,479
CJ 130960 자산총계 1,931,977,377,585 2,055,759,305,848
CJ 130960 유동부채 525,493,593,968 469,019,560,564
CJ 130960 단기매입채무 53,433,273,870 10,972,047,020
CJ 130960 단기차입금 0 0
CJ 130960 유동성장기차입금 71,249,950,000 1,083,370,000
CJ 130960 유동성사채 49,969,815,810 99,924,350,466
CJ 130960 기타유동금융부채 134,226,844,809 136,129,042,015
CJ 130960 기타유동부채 0 0
CJ 130960 당기법인세부채 0 0
CJ 130960 유동리스부채 0 0
CJ 130960 비유동부채 143,722,293,544 261,085,270,487
CJ 130960 사채 99,906,927,180 149,737,504,299
CJ 130960 장기차입금 31,083,290,000 102,333,240,000
CJ 130960 기타비유동금융부채 1,255,955,522 1,305,097,500
CJ 130960 이연법인세부채 0 0
CJ 130960 비유동리스부채 0 0
CJ 130960 부채총계 669,215,887,512 730,104,831,051
CJ 130960 자본금 193,660,445,000 193,660,445,000
CJ 130960 자본잉여금 0 0
CJ 130960 자본조정 0 0
CJ 130960 기타포괄손익누계액 0 0
CJ 130960 이익잉여금(결손금) -3,508,848,068 60,700,245,582
CJ 130960 자본총계 1,262,761,490,073 1,325,654,474,797
CJ 130960 자본과부채총계 1,931,977,377,585 2,055,759,305,848
date : 2016-03-31
CJ 130960 유동자산 620,281,393,716 828,100,473,467
CJ 130960 현금및현금성자산 25,407,850,291 23,487,105,397
CJ 130960 매출채권 및 기타유동채권
CJ 130960 재고자산 2,850,388,321 3,770,426,099
CJ 130960 기타유동금융자산 135,036,314,978 330,569,310,385
CJ 130960 기타유동자산 0 0
CJ 130960 매각예정비유동자산 0 0
CJ 130960 비유동자산 1,259,521,079,567 1,103,876,904,118
CJ 130960 장기금융상품 0 0
CJ 130960 기타포괄손익-공정가치 0 0
CJ 130960 당기손익인식공정가치측정금융자산 0 0
CJ 130960 종속회사투자 0 0
CJ 130960 관계회사투자 0 0
CJ 130960 렌탈자산 0 0
CJ 130960 유형자산 248,731,770,796 73,996,469,305
CJ 130960 무형자산 608,192,531,197 624,607,098,466
CJ 130960 기타비유동금융자산 19,279,491,815 21,077,145,471
CJ 130960 기타비유동자산 0 0
CJ 130960 사용권자산 0 0
CJ 130960 이연법인세자산 48,720,460,854 51,886,216,360
CJ 130960 자산총계 1,879,802,473,283 1,931,977,377,585
CJ 130960 유동부채 570,558,781,421 525,493,593,968
CJ 130960 단기매입채무 35,412,499,236 53,433,273,870
CJ 130960 단기차입금 0 0
CJ 130960 유동성장기차입금 71,166,620,000 71,249,950,000
CJ 130960 유동성사채 149,912,726,041 49,969,815,810
CJ 130960 기타유동금융부채 137,563,233,055 134,226,844,809
CJ 130960 기타유동부채 0 0
CJ 130960 당기법인세부채 0 0
CJ 130960 유동리스부채 0 0
CJ 130960 비유동부채 45,829,462,771 143,722,293,544
CJ 130960 사채 99,906,927,180 149,737,504,299
CJ 130960 장기차입금 30,833,300,000 31,083,290,000
CJ 130960 기타비유동금융부채 1,390,618,822 1,255,955,522
CJ 130960 이연법인세부채 0 0
CJ 130960 비유동리스부채 0 0
CJ 130960 부채총계 616,388,244,192 669,215,887,512
CJ 130960 자본금 193,660,445,000 193,660,445,000
CJ 130960 자본잉여금 0 0
CJ 130960 자본조정 0 0
CJ 130960 기타포괄손익누계액 0 0
CJ 130960 이익잉여금(결손금) -2,856,109,050 -3,508,848,068
CJ 130960 자본총계 1,263,414,229,091 1,262,761,490,073
CJ 130960 자본과부채총계 1,879,802,473,283 1,931,977,377,585
date : 2016-06-30
CJ 130960 유동자산 567,388,693,423 828,100,473,467
CJ 130960 현금및현금성자산 36,044,628,104 23,487,105,397
CJ 130960 매출채권 및 기타유동채권
CJ 130960 재고자산 3,218,949,640 3,770,426,099
CJ 130960 기타유동금융자산 109,636,160,718 330,569,310,385
CJ 130960 기타유동자산 0 0
CJ 130960 매각예정비유동자산 0 0
CJ 130960 비유동자산 1,422,342,048,092 1,103,876,904,118
CJ 130960 장기금융상품 0 0
CJ 130960 기타포괄손익-공정가치 0 0
CJ 130960 당기손익인식공정가치측정금융자산 0 0
CJ 130960 종속회사투자 0 0
CJ 130960 관계회사투자 0 0
CJ 130960 렌탈자산 0 0
CJ 130960 유형자산 247,788,147,556 73,996,469,305
CJ 130960 무형자산 586,353,648,051 624,607,098,466
CJ 130960 기타비유동금융자산 15,113,105,228 21,077,145,471
CJ 130960 기타비유동자산 0 0
CJ 130960 사용권자산 0 0
CJ 130960 이연법인세자산 46,755,240,783 51,886,216,360
CJ 130960 자산총계 1,989,730,741,515 1,931,977,377,585
CJ 130960 유동부채 558,589,095,057 525,493,593,968
CJ 130960 단기매입채무 20,764,256,359 53,433,273,870
CJ 130960 단기차입금 0 0
CJ 130960 유동성장기차입금 70,999,960,000 71,249,950,000
CJ 130960 유동성사채 149,948,772,466 49,969,815,810
CJ 130960 기타유동금융부채 147,002,453,649 134,226,844,809
CJ 130960 기타유동부채 0 0
CJ 130960 당기법인세부채 0 0
CJ 130960 유동리스부채 0 0
CJ 130960 비유동부채 170,086,568,689 143,722,293,544
CJ 130960 사채 119,585,980,000 99,906,927,180
CJ 130960 장기차입금 30,666,640,000 31,083,290,000
CJ 130960 기타비유동금융부채 1,812,657,040 1,255,955,522
CJ 130960 이연법인세부채 0 0
CJ 130960 비유동리스부채 0 0
CJ 130960 부채총계 728,675,663,746 669,215,887,512
CJ 130960 자본금 193,660,445,000 193,660,445,000
CJ 130960 자본잉여금 0 0
CJ 130960 자본조정 0 0
CJ 130960 기타포괄손익누계액 0 0
CJ 130960 이익잉여금(결손금) -5,215,260,372 -3,508,848,068
CJ 130960 자본총계 1,261,055,077,769 1,262,761,490,073
CJ 130960 자본과부채총계 1,989,730,741,515 1,931,977,377,585
date : 2016-09-30
CJ 130960 유동자산 526,107,711,402 828,100,473,467
CJ 130960 현금및현금성자산 19,916,376,666 23,487,105,397
CJ 130960 매출채권 및 기타유동채권
CJ 130960 재고자산 4,218,500,535 3,770,426,099
CJ 130960 기타유동금융자산 77,032,216,116 330,569,310,385
CJ 130960 기타유동자산 0 0
CJ 130960 매각예정비유동자산 0 0
CJ 130960 비유동자산 1,452,023,169,813 1,103,876,904,118
CJ 130960 장기금융상품 0 0
CJ 130960 기타포괄손익-공정가치 0 0
CJ 130960 당기손익인식공정가치측정금융자산 0 0
CJ 130960 종속회사투자 0 0
CJ 130960 관계회사투자 0 0
CJ 130960 렌탈자산 0 0
CJ 130960 유형자산 247,339,591,560 73,996,469,305
CJ 130960 무형자산 585,176,125,433 624,607,098,466
CJ 130960 기타비유동금융자산 19,086,717,353 21,077,145,471
CJ 130960 기타비유동자산 0 0
CJ 130960 사용권자산 0 0
CJ 130960 이연법인세자산 49,097,117,965 51,886,216,360
CJ 130960 자산총계 1,978,130,881,215 1,931,977,377,585
CJ 130960 유동부채 548,990,834,088 525,493,593,968
CJ 130960 단기매입채무 29,719,953,089 53,433,273,870
CJ 130960 단기차입금 30,000,000,000 53,433,273,870
CJ 130960 유동성장기차입금 70,833,300,000 71,249,950,000
CJ 130960 유동성사채 99,971,391,668 49,969,815,810
CJ 130960 기타유동금융부채 144,904,884,331 134,226,844,809
CJ 130960 기타유동부채 0 0
CJ 130960 당기법인세부채 0 0
CJ 130960 유동리스부채 0 0
CJ 130960 비유동부채 173,920,018,824 143,722,293,544
CJ 130960 사채 119,613,558,684 99,906,927,180
CJ 130960 장기차입금 30,499,980,000 31,083,290,000
CJ 130960 기타비유동금융부채 3,284,456,000 1,255,955,522
CJ 130960 이연법인세부채 0 0
CJ 130960 비유동리스부채 0 0
CJ 130960 부채총계 722,910,852,912 669,215,887,512
CJ 130960 자본금 193,660,445,000 193,660,445,000
CJ 130960 자본잉여금 0 0
CJ 130960 자본조정 0 0
CJ 130960 기타포괄손익누계액 0 0
CJ 130960 이익잉여금(결손금) -11,050,309,838 -3,508,848,068
CJ 130960 자본총계 1,255,220,028,303 1,262,761,490,073
CJ 130960 자본과부채총계 1,978,130,881,215 1,931,977,377,585
date : 2016-12-31
CJ 130960 유동자산 617,184,858,262 828,100,473,467
CJ 130960 현금및현금성자산 12,975,906,895 23,487,105,397
CJ 130960 매출채권 및 기타유동채권
CJ 130960 재고자산 467,259,542 3,770,426,099
CJ 130960 기타유동금융자산 145,583,150,776 330,569,310,385
CJ 130960 기타유동자산 0 0
CJ 130960 매각예정비유동자산 0 0
CJ 130960 비유동자산 1,474,843,093,876 1,103,876,904,118
CJ 130960 장기금융상품 0 0
CJ 130960 기타포괄손익-공정가치 0 0
CJ 130960 당기손익인식공정가치측정금융자산 0 0
CJ 130960 종속회사투자 0 0
CJ 130960 관계회사투자 0 0
CJ 130960 렌탈자산 0 0
CJ 130960 유형자산 245,134,461,846 73,996,469,305
CJ 130960 무형자산 548,697,152,608 624,607,098,466
CJ 130960 기타비유동금융자산 26,326,975,878 21,077,145,471
CJ 130960 기타비유동자산 0 0
CJ 130960 사용권자산 0 0
CJ 130960 이연법인세자산 51,989,944,301 51,886,216,360
CJ 130960 자산총계 2,092,027,952,138 1,931,977,377,585
CJ 130960 유동부채 666,044,432,734 525,493,593,968
CJ 130960 단기매입채무 36,367,549,947 53,433,273,870
CJ 130960 단기차입금 170,000,000,000 0
CJ 130960 유동성장기차입금 749,970,000 71,249,950,000
CJ 130960 유동성사채 99,992,950,794 49,969,815,810
CJ 130960 기타유동금융부채 127,964,813,159 134,226,844,809
CJ 130960 기타유동부채 0 0
CJ 130960 당기법인세부채 0 0
CJ 130960 유동리스부채 0 0
CJ 130960 비유동부채 175,831,363,108 143,722,293,544
CJ 130960 사채 119,641,414,646 99,906,927,180
CJ 130960 장기차입금 30,333,320,000 31,083,290,000
CJ 130960 기타비유동금융부채 2,429,327,100 1,255,955,522
CJ 130960 이연법인세부채 0 0
CJ 130960 비유동리스부채 0 0
CJ 130960 부채총계 841,875,795,842 669,215,887,512
CJ 130960 자본금 193,660,445,000 193,660,445,000
CJ 130960 자본잉여금 0 0
CJ 130960 자본조정 0 0
CJ 130960 기타포괄손익누계액 0 0
CJ 130960 이익잉여금(결손금) -7,918,985,099 -3,508,848,068
CJ 130960 자본총계 1,250,152,156,296 1,262,761,490,073
CJ 130960 자본과부채총계 2,092,027,952,138 1,931,977,377,585
date : 2017-03-31
CJ 130960 유동자산 548,027,963,526 617,184,858,262
CJ 130960 현금및현금성자산 8,727,826,493 12,975,906,895
CJ 130960 매출채권 및 기타유동채권
CJ 130960 재고자산 500,698,019 467,259,542
CJ 130960 기타유동금융자산 110,734,747,049 145,583,150,776
CJ 130960 기타유동자산 0 0
CJ 130960 매각예정비유동자산 0 0
CJ 130960 비유동자산 1,455,138,311,399 1,474,843,093,876
CJ 130960 장기금융상품 0 0
CJ 130960 기타포괄손익-공정가치 0 0
CJ 130960 당기손익인식공정가치측정금융자산 0 0
CJ 130960 종속회사투자 0 0
CJ 130960 관계회사투자 0 0
CJ 130960 렌탈자산 0 0
CJ 130960 유형자산 246,515,403,109 245,134,461,846
CJ 130960 무형자산 529,814,208,520 548,697,152,608
CJ 130960 기타비유동금융자산 23,684,095,449 26,326,975,878
CJ 130960 기타비유동자산 0 0
CJ 130960 사용권자산 0 0
CJ 130960 이연법인세자산 50,344,988,066 51,989,944,301
CJ 130960 자산총계 2,003,166,274,925 2,092,027,952,138
CJ 130960 유동부채 425,655,898,194 666,044,432,734
CJ 130960 단기매입채무 26,258,926,664 36,367,549,947
CJ 130960 단기차입금 65,000,000,000 170,000,000,000
CJ 130960 유동성장기차입금 666,640,000 749,970,000
CJ 130960 유동성사채 0 99,992,950,794
CJ 130960 기타유동금융부채 101,952,703,150 127,964,813,159
CJ 130960 기타유동부채 0 0
CJ 130960 당기법인세부채 0 0
CJ 130960 유동리스부채 0 0
CJ 130960 비유동부채 328,261,093,912 175,831,363,108
CJ 130960 사채 269,199,301,434 119,641,414,646
CJ 130960 장기차입금 30,166,660,000 30,333,320,000
CJ 130960 기타비유동금융부채 2,885,025,000 2,429,327,100
CJ 130960 이연법인세부채 0 0
CJ 130960 비유동리스부채 0 0
CJ 130960 부채총계 753,916,992,106 841,875,795,842
CJ 130960 자본금 193,660,445,000 193,660,445,000
CJ 130960 자본잉여금 0 0
CJ 130960 자본조정 0 0
CJ 130960 기타포괄손익누계액 0 0
CJ 130960 이익잉여금(결손금) -8,821,858,576 -7,918,985,099
CJ 130960 자본총계 1,249,249,282,819 1,250,152,156,296
CJ 130960 자본과부채총계 2,003,166,274,925 2,092,027,952,138
date : 2017-06-30
CJ 130960 유동자산 560,694,443,025 617,184,858,262
CJ 130960 현금및현금성자산 14,447,823,034 12,975,906,895
CJ 130960 매출채권 및 기타유동채권
CJ 130960 재고자산 406,301,963 467,259,542
CJ 130960 기타유동금융자산 93,775,698,501 145,583,150,776
CJ 130960 기타유동자산 0 0
CJ 130960 매각예정비유동자산 0 0
CJ 130960 비유동자산 1,610,845,290,869 1,474,843,093,876
CJ 130960 장기금융상품 0 0
CJ 130960 기타포괄손익-공정가치 0 0
CJ 130960 당기손익인식공정가치측정금융자산 0 0
CJ 130960 종속회사투자 0 0
CJ 130960 관계회사투자 0 0
CJ 130960 렌탈자산 0 0
CJ 130960 유형자산 251,513,085,093 245,134,461,846
CJ 130960 무형자산 553,785,332,786 548,697,152,608
CJ 130960 기타비유동금융자산 24,919,839,380 26,326,975,878
CJ 130960 기타비유동자산 0 0
CJ 130960 사용권자산 0 0
CJ 130960 이연법인세자산 49,251,569,940 51,989,944,301
CJ 130960 자산총계 2,171,539,733,894 2,092,027,952,138
CJ 130960 유동부채 568,260,015,327 666,044,432,734
CJ 130960 단기매입채무 36,669,295,732 36,367,549,947
CJ 130960 단기차입금 210,000,000,000 170,000,000,000
CJ 130960 유동성장기차입금 583,310,000 749,970,000
CJ 130960 유동성사채 0 99,992,950,794
CJ 130960 기타유동금융부채 87,690,559,974 127,964,813,159
CJ 130960 기타유동부채 0 0
CJ 130960 당기법인세부채 0 0
CJ 130960 유동리스부채 0 0
CJ 130960 비유동부채 351,452,499,347 175,831,363,108
CJ 130960 사채 289,228,339,715 119,641,414,646
CJ 130960 장기차입금 30,083,330,000 30,333,320,000
CJ 130960 기타비유동금융부채 2,876,236,500 2,429,327,100
CJ 130960 이연법인세부채 0 0
CJ 130960 비유동리스부채 0 0
CJ 130960 부채총계 919,712,514,674 841,875,795,842
CJ 130960 자본금 193,660,445,000 193,660,445,000
CJ 130960 자본잉여금 0 0
CJ 130960 자본조정 0 0
CJ 130960 기타포괄손익누계액 0 0
CJ 130960 이익잉여금(결손금) -6,243,922,175 -7,918,985,099
CJ 130960 자본총계 1,251,827,219,220 1,250,152,156,296
CJ 130960 자본과부채총계 2,171,539,733,894 2,092,027,952,138
date : 2017-09-30
CJ 130960 유동자산 609,609,259,492 617,184,858,262
CJ 130960 현금및현금성자산 12,905,137,995 12,975,906,895
CJ 130960 매출채권 355,586,529,497 354,291,383,171
CJ 130960 재고자산 535,778,983 467,259,542
CJ 130960 기타유동금융자산 110,607,027,468 145,583,150,776
CJ 130960 기타유동자산 9,978,824,122 7,640,385,011
CJ 130960 매각예정비유동자산 0 0
CJ 130960 비유동자산 1,629,034,685,976 1,474,843,093,876
CJ 130960 장기금융상품 0 0
CJ 130960 기타포괄손익-공정가치 0 0
CJ 130960 당기손익인식공정가치측정금융자산 0 0
CJ 130960 종속회사투자 0 0
CJ 130960 관계회사투자 0 0
CJ 130960 렌탈자산 0 0
CJ 130960 유형자산 260,626,583,670 245,134,461,846
CJ 130960 무형자산 546,286,380,486 548,697,152,608
CJ 130960 기타비유동금융자산 22,504,616,067 26,326,975,878
CJ 130960 기타비유동자산 49,891,237,997 45,688,917,066
CJ 130960 사용권자산 0 0
CJ 130960 이연법인세자산 47,356,864,840 51,989,944,301
CJ 130960 자산총계 2,238,643,945,468 2,092,027,952,138
CJ 130960 유동부채 460,612,137,133 666,044,432,734
CJ 130960 단기매입채무 36,011,959,611 36,367,549,947
CJ 130960 단기차입금 105,000,000,000 170,000,000,000
CJ 130960 유동성장기차입금 499,980,000 749,970,000
CJ 130960 유동성사채 0 99,992,950,794
CJ 130960 기타유동금융부채 97,204,913,411 127,964,813,159
CJ 130960 기타유동부채 76,069,988,554 73,834,830,503
CJ 130960 당기법인세부채 0 0
CJ 130960 유동리스부채 0 0
CJ 130960 비유동부채 513,838,240,355 175,831,363,108
CJ 130960 사채 448,809,573,708 119,641,414,646
CJ 130960 장기차입금 30,000,000,000 30,333,320,000
CJ 130960 기타비유동금융부채 2,876,236,500 2,429,327,100
CJ 130960 이연법인세부채 0 0
CJ 130960 비유동리스부채 0 0
CJ 130960 부채총계 974,450,377,488 841,875,795,842
CJ 130960 자본금 193,660,445,000 193,660,445,000
CJ 130960 자본잉여금 966,613,970,120 966,613,970,120
CJ 130960 자본조정 0 0
CJ 130960 기타포괄손익누계액 0 0
CJ 130960 이익잉여금(결손금) 6,122,426,585 -7,918,985,099
CJ 130960 자본총계 1,264,193,567,980 1,250,152,156,296
CJ 130960 자본과부채총계 2,238,643,945,468 2,092,027,952,138
date : 2017-12-31
CJ 130960 유동자산 650,044,082,873 617,184,858,262
CJ 130960 현금및현금성자산 17,506,846,332 12,975,906,895
CJ 130960 매출채권 379,189,791,185 354,291,383,171
CJ 130960 재고자산 309,789,046 467,259,542
CJ 130960 기타유동금융자산 128,117,894,245 145,583,150,776
CJ 130960 기타유동자산 9,969,687,774 7,640,385,011
CJ 130960 매각예정비유동자산 0 0
CJ 130960 비유동자산 1,623,251,672,501 1,474,843,093,876
CJ 130960 장기금융상품 0 0
CJ 130960 기타포괄손익-공정가치 0 0
CJ 130960 당기손익인식공정가치측정금융자산 0 0
CJ 130960 종속회사투자 0 0
CJ 130960 관계회사투자 0 0
CJ 130960 렌탈자산 0 0
CJ 130960 유형자산 266,958,409,849 245,134,461,846
CJ 130960 무형자산 544,767,186,939 548,697,152,608
CJ 130960 기타비유동금융자산 27,323,537,867 26,326,975,878
CJ 130960 기타비유동자산 47,326,063,342 45,688,917,066
CJ 130960 사용권자산 0 0
CJ 130960 이연법인세자산 51,976,416,255 51,989,944,301
CJ 130960 자산총계 2,273,295,755,374 2,092,027,952,138
CJ 130960 유동부채 535,556,244,846 666,044,432,734
CJ 130960 단기매입채무 0 0
CJ 130960 단기차입금 105,000,000,000 170,000,000,000
CJ 130960 유동성장기차입금 30,333,320,000 749,970,000
CJ 130960 유동성사채 0 99,992,950,794
CJ 130960 기타유동금융부채 93,842,551,053 127,964,813,159
CJ 130960 기타유동부채 83,335,413,981 73,834,830,503
CJ 130960 당기법인세부채 0 0
CJ 130960 유동리스부채 0 0
CJ 130960 비유동부채 491,738,551,686 175,831,363,108
CJ 130960 사채 448,902,365,922 119,641,414,646
CJ 130960 장기차입금 0 30,333,320,000
CJ 130960 기타비유동금융부채 2,681,071,800 2,429,327,100
CJ 130960 이연법인세부채 0 0
CJ 130960 비유동리스부채 0 0
CJ 130960 부채총계 1,027,294,796,532 841,875,795,842
CJ 130960 자본금 193,660,445,000 193,660,445,000
CJ 130960 자본잉여금 966,613,970,120 966,613,970,120
CJ 130960 자본조정 0 0
CJ 130960 기타포괄손익누계액 0 0
CJ 130960 이익잉여금(결손금) 1,782,949,633 -7,918,985,099
CJ 130960 자본총계 1,246,000,958,842 1,250,152,156,296
CJ 130960 자본과부채총계 2,273,295,755,374 2,092,027,952,138
date : 2018-03-31
CJ 130960 유동자산 640,039,026,509 650,044,082,873
CJ 130960 현금및현금성자산 15,464,775,331 17,506,846,332
CJ 130960 매출채권 386,665,189,231 379,189,791,185
CJ 130960 재고자산 1,375,338,254 309,789,046
CJ 130960 기타유동금융자산 100,559,211,110 128,117,894,245
CJ 130960 기타유동자산 12,576,683,982 9,969,687,774
CJ 130960 매각예정비유동자산 0 0
CJ 130960 비유동자산 1,588,830,261,668 1,623,251,672,501
CJ 130960 장기금융상품 0 0
CJ 130960 기타포괄손익-공정가치 측정 금융자산
CJ 130960 당기손익인식공정가치측정금융자산 0 0
CJ 130960 종속회사투자 0 0
CJ 130960 관계회사투자 0 0
CJ 130960 렌탈자산 0 0
CJ 130960 유형자산 270,499,853,282 266,958,409,849
CJ 130960 무형자산 536,118,299,035 544,767,186,939
CJ 130960 기타비유동금융자산 30,770,443,927 27,323,537,867
CJ 130960 기타비유동자산 47,672,374,496 47,326,063,342
CJ 130960 사용권자산 0 0
CJ 130960 이연법인세자산 50,284,000,244 51,976,416,255
CJ 130960 자산총계 2,228,869,288,177 2,273,295,755,374
CJ 130960 유동부채 500,459,145,079 535,556,244,846
CJ 130960 단기매입채무 0 0
CJ 130960 단기차입금 105,000,000,000 105,000,000,000
CJ 130960 유동성장기차입금 30,166,660,000 30,333,320,000
CJ 130960 유동성사채 0 0
CJ 130960 기타유동금융부채 81,076,018,624 93,842,551,053
CJ 130960 기타유동부채 79,687,005,380 83,335,413,981
CJ 130960 당기법인세부채 0 0
CJ 130960 유동리스부채 0 0
CJ 130960 비유동부채 493,867,924,195 491,738,551,686
CJ 130960 사채 448,995,627,503 448,902,365,922
CJ 130960 장기차입금 0 0
CJ 130960 기타비유동금융부채 2,477,507,300 2,681,071,800
CJ 130960 이연법인세부채 0 0
CJ 130960 비유동리스부채 0 0
CJ 130960 부채총계 994,327,069,274 1,027,294,796,532
CJ 130960 자본금 193,660,445,000 193,660,445,000
CJ 130960 자본잉여금 966,613,970,120 966,613,970,120
CJ 130960 자본조정 0 0
CJ 130960 기타포괄손익누계액 0 0
CJ 130960 이익잉여금(결손금) -9,666,630,375 1,782,949,633
CJ 130960 자본총계 1,234,542,218,903 1,246,000,958,842
CJ 130960 자본과부채총계 2,228,869,288,177 2,273,295,755,374
