date : 2015-12-31
액트 131400 유동자산 15,016,942,986 21,143,593,770
액트 131400 현금및현금성자산 1,804,416,992 2,033,051,826
액트 131400 매출채권 및 기타유동채권
액트 131400 재고자산 4,863,931,553 9,611,021,806
액트 131400 기타유동금융자산 0 56,120,360
액트 131400 기타유동자산 0 0
액트 131400 매각예정비유동자산 0 0
액트 131400 비유동자산 36,428,533,938 37,586,939,789
액트 131400 장기금융상품 0 0
액트 131400 기타포괄손익-공정가치 0 0
액트 131400 당기손익인식공정가치측정금융자산 0 0
액트 131400 종속회사투자 0 0
액트 131400 관계회사투자 0 0
액트 131400 렌탈자산 0 0
액트 131400 유형자산 31,948,398,491 31,665,780,345
액트 131400 무형자산 338,222,519 372,764,269
액트 131400 기타비유동금융자산 231,332,320 275,144,052
액트 131400 기타비유동자산 0 0
액트 131400 사용권자산 0 0
액트 131400 이연법인세자산 0 0
액트 131400 자산총계 51,445,476,924 58,730,533,559
액트 131400 유동부채 20,421,269,858 14,820,683,143
액트 131400 단기매입채무 0 0
액트 131400 단기차입금 14,019,000,000 6,205,000,000
액트 131400 유동성장기차입금 0 0
액트 131400 유동성사채 0 0
액트 131400 기타유동금융부채 0 0
액트 131400 기타유동부채 820,658,493 905,331,708
액트 131400 당기법인세부채 0 0
액트 131400 유동리스부채 0 0
액트 131400 비유동부채 4,002,535,427 8,552,685,571
액트 131400 사채 0 0
액트 131400 장기차입금 3,000,000,000 5,000,000,000
액트 131400 기타비유동금융부채 9,434,097 0
액트 131400 이연법인세부채 0 2,060,890,400
액트 131400 비유동리스부채 0 0
액트 131400 부채총계 24,423,805,285 23,373,368,714
액트 131400 자본금 7,500,000,000 7,500,000,000
액트 131400 자본잉여금 10,369,297,348 10,369,297,348
액트 131400 자본조정 -2,621,598,008 -2,664,552,122
액트 131400 기타포괄손익누계액 9,635,140,569 9,638,481,264
액트 131400 이익잉여금(결손금) 2,138,831,730 10,513,938,355
액트 131400 자본총계 27,021,671,639 35,357,164,845
액트 131400 자본과부채총계 51,445,476,924 58,730,533,559
date : 2016-03-31
액트 131400 유동자산 16,974,380,928 15,016,942,986
액트 131400 현금및현금성자산 1,204,830,144 1,804,416,992
액트 131400 매출채권 및 기타유동채권
액트 131400 재고자산 5,041,747,710 4,863,931,553
액트 131400 기타유동금융자산 0 0
액트 131400 기타유동자산 0 0
액트 131400 매각예정비유동자산 0 0
액트 131400 비유동자산 36,648,150,777 36,428,533,938
액트 131400 장기금융상품 0 0
액트 131400 기타포괄손익-공정가치 0 0
액트 131400 당기손익인식공정가치측정금융자산 0 0
액트 131400 종속회사투자 0 0
액트 131400 관계회사투자 0 0
액트 131400 렌탈자산 0 0
액트 131400 유형자산 32,180,745,452 31,948,398,491
액트 131400 무형자산 329,190,976 338,222,519
액트 131400 기타비유동금융자산 227,633,741 231,332,320
액트 131400 기타비유동자산 0 0
액트 131400 사용권자산 0 0
액트 131400 이연법인세자산 0 0
액트 131400 자산총계 53,622,531,705 51,445,476,924
액트 131400 유동부채 25,267,773,717 20,421,269,858
액트 131400 단기매입채무 0 0
액트 131400 단기차입금 16,707,000,000 14,019,000,000
액트 131400 유동성장기차입금 0 0
액트 131400 유동성사채 0 0
액트 131400 기타유동금융부채 0 0
액트 131400 기타유동부채 885,093,789 820,658,493
액트 131400 당기법인세부채 0 0
액트 131400 유동리스부채 0 0
액트 131400 비유동부채 2,089,287,379 4,002,535,427
액트 131400 사채 0 0
액트 131400 장기차입금 1,000,000,000 3,000,000,000
액트 131400 기타비유동금융부채 13,491,255 9,434,097
액트 131400 이연법인세부채 0 0
액트 131400 비유동리스부채 0 0
액트 131400 부채총계 27,357,061,096 24,423,805,285
액트 131400 자본금 7,500,000,000 7,500,000,000
액트 131400 자본잉여금 10,369,297,348 10,369,297,348
액트 131400 자본조정 -2,618,180,086 -2,621,598,008
액트 131400 기타포괄손익누계액 9,632,255,677 9,635,140,569
액트 131400 이익잉여금(결손금) 1,382,097,670 2,138,831,730
액트 131400 자본총계 26,265,470,609 27,021,671,639
액트 131400 자본과부채총계 53,622,531,705 51,445,476,924
date : 2016-06-30
액트 131400 유동자산 34,588,409,243 15,016,942,986
액트 131400 현금및현금성자산 14,398,744,169 1,804,416,992
액트 131400 매출채권 및 기타유동채권
액트 131400 재고자산 5,542,473,699 4,863,931,553
액트 131400 기타유동금융자산 0 0
액트 131400 기타유동자산 0 0
액트 131400 매각예정비유동자산 0 0
액트 131400 비유동자산 36,993,502,350 36,428,533,938
액트 131400 장기금융상품 0 0
액트 131400 기타포괄손익-공정가치 0 0
액트 131400 당기손익인식공정가치측정금융자산 0 0
액트 131400 종속회사투자 0 0
액트 131400 관계회사투자 0 0
액트 131400 렌탈자산 0 0
액트 131400 유형자산 32,403,788,400 31,948,398,491
액트 131400 무형자산 323,337,100 338,222,519
액트 131400 기타비유동금융자산 225,092,242 231,332,320
액트 131400 기타비유동자산 0 0
액트 131400 사용권자산 0 0
액트 131400 이연법인세자산 0 0
액트 131400 자산총계 71,581,911,593 51,445,476,924
액트 131400 유동부채 37,325,781,442 20,421,269,858
액트 131400 단기매입채무 0 0
액트 131400 단기차입금 26,836,809,034 14,019,000,000
액트 131400 유동성장기차입금 0 0
액트 131400 유동성사채 0 0
액트 131400 기타유동금융부채 0 0
액트 131400 기타유동부채 876,738,817 820,658,493
액트 131400 당기법인세부채 0 0
액트 131400 유동리스부채 0 0
액트 131400 비유동부채 2,520,100,763 4,002,535,427
액트 131400 사채 0 0
액트 131400 장기차입금 1,470,000,000 3,000,000,000
액트 131400 기타비유동금융부채 20,446,966 9,434,097
액트 131400 이연법인세부채 0 0
액트 131400 비유동리스부채 0 0
액트 131400 부채총계 39,845,882,205 24,423,805,285
액트 131400 자본금 8,453,381,500 7,500,000,000
액트 131400 자본잉여금 15,411,231,773 10,369,297,348
액트 131400 자본조정 -2,617,609,129 -2,621,598,008
액트 131400 기타포괄손익누계액 9,630,273,308 9,635,140,569
액트 131400 이익잉여금(결손금) 858,751,936 2,138,831,730
액트 131400 자본총계 31,736,029,388 27,021,671,639
액트 131400 자본과부채총계 71,581,911,593 51,445,476,924
date : 2016-09-30
액트 131400 유동자산 24,986,281,036 15,016,942,986
액트 131400 현금및현금성자산 2,517,504,311 1,804,416,992
액트 131400 매출채권 및 기타유동채권
액트 131400 재고자산 5,589,032,334 4,863,931,553
액트 131400 기타유동금융자산 1,548,092,122 0
액트 131400 기타유동자산 0 0
액트 131400 매각예정비유동자산 0 0
액트 131400 비유동자산 37,449,782,180 36,428,533,938
액트 131400 장기금융상품 0 0
액트 131400 기타포괄손익-공정가치 0 0
액트 131400 당기손익인식공정가치측정금융자산 0 0
액트 131400 종속회사투자 0 0
액트 131400 관계회사투자 0 0
액트 131400 렌탈자산 0 0
액트 131400 유형자산 32,057,157,152 31,948,398,491
액트 131400 무형자산 324,659,970 338,222,519
액트 131400 기타비유동금융자산 1,004,996,450 231,332,320
액트 131400 기타비유동자산 0 0
액트 131400 사용권자산 0 0
액트 131400 이연법인세자산 0 0
액트 131400 자산총계 62,436,063,216 51,445,476,924
액트 131400 유동부채 28,886,082,209 20,421,269,858
액트 131400 단기매입채무 0 0
액트 131400 단기차입금 18,934,820,000 14,019,000,000
액트 131400 유동성장기차입금 0 0
액트 131400 유동성사채 0 0
액트 131400 기타유동금융부채 0 0
액트 131400 기타유동부채 867,669,690 820,658,493
액트 131400 당기법인세부채 0 0
액트 131400 유동리스부채 0 0
액트 131400 비유동부채 2,770,162,627 4,002,535,427
액트 131400 사채 0 0
액트 131400 장기차입금 1,770,000,000 3,000,000,000
액트 131400 기타비유동금융부채 25,185,207 9,434,097
액트 131400 이연법인세부채 0 0
액트 131400 비유동리스부채 0 0
액트 131400 부채총계 31,656,244,836 24,423,805,285
액트 131400 자본금 8,453,381,500 7,500,000,000
액트 131400 자본잉여금 15,411,231,773 10,369,297,348
액트 131400 자본조정 -2,605,376,568 -2,621,598,008
액트 131400 기타포괄손익누계액 9,692,601,360 9,635,140,569
액트 131400 이익잉여금(결손금) -172,019,685 2,138,831,730
액트 131400 자본총계 30,779,818,380 27,021,671,639
액트 131400 자본과부채총계 62,436,063,216 51,445,476,924
date : 2016-12-31
액트 131400 유동자산 22,702,223,923 15,016,942,986
액트 131400 현금및현금성자산 2,976,346,395 1,804,416,992
액트 131400 매출채권 및 기타유동채권
액트 131400 재고자산 3,242,951,403 4,863,931,553
액트 131400 기타유동금융자산 876,210,304 897,772,682
액트 131400 기타유동자산 0 0
액트 131400 매각예정비유동자산 0 0
액트 131400 비유동자산 43,513,826,754 36,428,533,938
액트 131400 장기금융상품 0 0
액트 131400 기타포괄손익-공정가치 0 0
액트 131400 당기손익인식공정가치측정금융자산 0 0
액트 131400 종속회사투자 0 0
액트 131400 관계회사투자 0 0
액트 131400 렌탈자산 0 0
액트 131400 유형자산 36,501,136,142 31,948,398,491
액트 131400 무형자산 344,725,954 338,222,519
액트 131400 기타비유동금융자산 1,004,996,450 231,332,320
액트 131400 기타비유동자산 0 0
액트 131400 사용권자산 0 0
액트 131400 이연법인세자산 0 0
액트 131400 자산총계 66,216,050,677 51,445,476,924
액트 131400 유동부채 30,440,882,391 20,421,269,858
액트 131400 단기매입채무 0 0
액트 131400 단기차입금 18,476,796,692 14,019,000,000
액트 131400 유동성장기차입금 0 0
액트 131400 유동성사채 0 0
액트 131400 기타유동금융부채 0 0
액트 131400 기타유동부채 962,495,807 820,658,493
액트 131400 당기법인세부채 0 0
액트 131400 유동리스부채 0 0
액트 131400 비유동부채 2,372,318,916 4,002,535,427
액트 131400 사채 3,490,381,298 820,658,493
액트 131400 장기차입금 1,645,000,002 3,000,000,000
액트 131400 기타비유동금융부채 35,677,392 9,434,097
액트 131400 이연법인세부채 0 0
액트 131400 비유동리스부채 0 0
액트 131400 부채총계 32,813,201,307 24,423,805,285
액트 131400 자본금 8,453,381,500 7,500,000,000
액트 131400 자본잉여금 15,411,231,773 10,369,297,348
액트 131400 자본조정 -2,075,147,430 -2,621,598,008
액트 131400 기타포괄손익누계액 14,478,441,360 9,635,140,569
액트 131400 이익잉여금(결손금) -2,865,057,833 2,138,831,730
액트 131400 자본총계 33,402,849,370 27,021,671,639
액트 131400 자본과부채총계 66,216,050,677 51,445,476,924
date : 2017-03-31
액트 131400 유동자산 22,414,348,911 22,702,223,923
액트 131400 현금및현금성자산 3,829,761,742 2,976,346,395
액트 131400 매출채권 및 기타유동채권
액트 131400 재고자산 3,398,744,480 3,242,951,403
액트 131400 기타유동금융자산 891,705,122 876,210,304
액트 131400 기타유동자산 0 0
액트 131400 매각예정비유동자산 0 0
액트 131400 비유동자산 42,979,831,795 43,513,826,754
액트 131400 장기금융상품 0 0
액트 131400 기타포괄손익-공정가치 0 0
액트 131400 당기손익인식공정가치측정금융자산 0 0
액트 131400 종속회사투자 0 0
액트 131400 관계회사투자 0 0
액트 131400 렌탈자산 0 0
액트 131400 유형자산 35,983,577,601 36,501,136,142
액트 131400 무형자산 322,289,536 344,725,954
액트 131400 기타비유동금융자산 1,004,996,450 1,004,996,450
액트 131400 기타비유동자산 0 0
액트 131400 사용권자산 0 0
액트 131400 이연법인세자산 0 0
액트 131400 자산총계 65,394,180,706 66,216,050,677
액트 131400 유동부채 29,733,807,613 30,440,882,391
액트 131400 단기매입채무 0 0
액트 131400 단기차입금 17,502,020,874 18,476,796,692
액트 131400 유동성장기차입금 0 0
액트 131400 유동성사채 0 0
액트 131400 기타유동금융부채 0 0
액트 131400 기타유동부채 1,183,488,759 962,495,807
액트 131400 당기법인세부채 0 0
액트 131400 유동리스부채 0 0
액트 131400 비유동부채 2,267,338,816 2,372,318,916
액트 131400 사채 3,286,064,036 3,490,381,298
액트 131400 장기차입금 1,520,000,004 1,645,000,002
액트 131400 기타비유동금융부채 48,464,257 35,677,392
액트 131400 이연법인세부채 0 0
액트 131400 비유동리스부채 0 0
액트 131400 부채총계 32,001,146,429 32,813,201,307
액트 131400 자본금 8,453,381,500 8,453,381,500
액트 131400 자본잉여금 15,411,231,773 15,411,231,773
액트 131400 자본조정 -2,065,840,045 -2,075,147,430
액트 131400 기타포괄손익누계액 14,478,441,360 14,478,441,360
액트 131400 이익잉여금(결손금) -2,884,180,311 -2,865,057,833
액트 131400 자본총계 33,393,034,277 33,402,849,370
액트 131400 자본과부채총계 65,394,180,706 66,216,050,677
date : 2017-06-30
액트 131400 유동자산 23,395,683,906 22,702,223,923
액트 131400 현금및현금성자산 4,064,979,134 2,976,346,395
액트 131400 매출채권 및 기타유동채권
액트 131400 재고자산 4,621,814,898 3,242,951,403
액트 131400 기타유동금융자산 1,101,823,696 876,210,304
액트 131400 기타유동자산 0 0
액트 131400 매각예정비유동자산 0 0
액트 131400 비유동자산 40,772,663,140 43,513,826,754
액트 131400 장기금융상품 0 0
액트 131400 기타포괄손익-공정가치 0 0
액트 131400 당기손익인식공정가치측정금융자산 0 0
액트 131400 종속회사투자 0 0
액트 131400 관계회사투자 0 0
액트 131400 렌탈자산 0 0
액트 131400 유형자산 36,132,977,281 36,501,136,142
액트 131400 무형자산 340,817,451 344,725,954
액트 131400 기타비유동금융자산 5,000,000 1,004,996,450
액트 131400 기타비유동자산 0 0
액트 131400 사용권자산 0 0
액트 131400 이연법인세자산 0 0
액트 131400 자산총계 64,168,347,046 66,216,050,677
액트 131400 유동부채 30,019,717,107 30,440,882,391
액트 131400 단기매입채무 0 0
액트 131400 단기차입금 16,833,464,031 18,476,796,692
액트 131400 유동성장기차입금 0 0
액트 131400 유동성사채 0 0
액트 131400 기타유동금융부채 0 0
액트 131400 기타유동부채 1,423,463,253 962,495,807
액트 131400 당기법인세부채 0 0
액트 131400 유동리스부채 0 0
액트 131400 비유동부채 1,713,214,885 2,372,318,916
액트 131400 사채 2,833,766,614 3,490,381,298
액트 131400 장기차입금 895,000,014 1,645,000,002
액트 131400 기타비유동금융부채 54,377,292 35,677,392
액트 131400 이연법인세부채 0 0
액트 131400 비유동리스부채 0 0
액트 131400 부채총계 31,732,931,992 32,813,201,307
액트 131400 자본금 8,453,381,500 8,453,381,500
액트 131400 자본잉여금 15,533,123,753 15,411,231,773
액트 131400 자본조정 -2,187,732,025 -2,075,147,430
액트 131400 기타포괄손익누계액 14,478,441,360 14,478,441,360
액트 131400 이익잉여금(결손금) -3,841,799,534 -2,865,057,833
액트 131400 자본총계 32,435,415,054 33,402,849,370
액트 131400 자본과부채총계 64,168,347,046 66,216,050,677
date : 2017-09-30
액트 131400 유동자산 35,948,615,408 22,702,223,923
액트 131400 현금및현금성자산 3,556,451,719 2,976,346,395
액트 131400 매출채권 및 기타유동채권
액트 131400 재고자산 7,905,171,762 3,242,951,403
액트 131400 기타유동금융자산 0 1,000,000,000
액트 131400 기타유동자산 1,435,226,302 876,210,304
액트 131400 매각예정비유동자산 0 0
액트 131400 비유동자산 41,114,695,551 43,513,826,754
액트 131400 장기금융상품 0 0
액트 131400 기타포괄손익-공정가치 0 0
액트 131400 당기손익인식공정가치측정금융자산 0 0
액트 131400 종속회사투자 0 0
액트 131400 관계회사투자 0 0
액트 131400 렌탈자산 0 0
액트 131400 유형자산 36,484,143,452 36,501,136,142
액트 131400 무형자산 342,433,691 344,725,954
액트 131400 기타비유동금융자산 5,000,000 1,004,996,450
액트 131400 기타비유동자산 0 0
액트 131400 사용권자산 0 0
액트 131400 이연법인세자산 0 0
액트 131400 자산총계 77,063,310,959 66,216,050,677
액트 131400 유동부채 41,028,818,469 30,440,882,391
액트 131400 단기매입채무 0 0
액트 131400 단기차입금 0 0
액트 131400 유동성장기차입금 0 0
액트 131400 유동성사채 0 0
액트 131400 기타유동금융부채 0 0
액트 131400 기타유동부채 1,955,363,231 962,495,807
액트 131400 당기법인세부채 0 0
액트 131400 유동리스부채 0 0
액트 131400 비유동부채 1,934,250,086 2,372,318,916
액트 131400 사채 0 0
액트 131400 장기차입금 0 0
액트 131400 기타비유동금융부채 0 0
액트 131400 이연법인세부채 0 0
액트 131400 비유동리스부채 0 0
액트 131400 부채총계 42,963,068,555 32,813,201,307
액트 131400 자본금 8,453,381,500 8,453,381,500
액트 131400 자본잉여금 15,573,754,413 15,411,231,773
액트 131400 자본조정 -2,228,362,685 -2,075,147,430
액트 131400 기타포괄손익누계액 14,478,441,360 14,478,441,360
액트 131400 이익잉여금(결손금) -2,176,972,184 -2,865,057,833
액트 131400 자본총계 34,100,242,404 33,402,849,370
액트 131400 자본과부채총계 77,063,310,959 66,216,050,677
date : 2017-12-31
액트 131400 유동자산 29,544,690,602 22,702,223,923
액트 131400 현금및현금성자산 7,875,037,176 2,976,346,395
액트 131400 매출채권 및 기타유동채권
액트 131400 재고자산 5,897,037,563 3,242,951,403
액트 131400 기타유동금융자산 0 1,000,000,000
액트 131400 기타유동자산 559,989,977 876,210,304
액트 131400 매각예정비유동자산 0 0
액트 131400 비유동자산 40,405,951,334 43,513,826,754
액트 131400 장기금융상품 0 0
액트 131400 기타포괄손익-공정가치 0 0
액트 131400 당기손익인식공정가치측정금융자산 0 0
액트 131400 종속회사투자 0 0
액트 131400 관계회사투자 0 0
액트 131400 렌탈자산 0 0
액트 131400 유형자산 35,736,431,300 36,501,136,142
액트 131400 무형자산 333,717,626 344,725,954
액트 131400 기타비유동금융자산 24,432,000 1,004,996,450
액트 131400 기타비유동자산 0 0
액트 131400 사용권자산 0 0
액트 131400 이연법인세자산 0 0
액트 131400 자산총계 69,950,641,936 66,216,050,677
액트 131400 유동부채 33,702,610,187 30,440,882,391
액트 131400 단기매입채무 0 0
액트 131400 단기차입금 0 0
액트 131400 유동성장기차입금 0 0
액트 131400 유동성사채 0 0
액트 131400 기타유동금융부채 45,561,351 0
액트 131400 기타유동부채 2,015,764,509 962,495,807
액트 131400 당기법인세부채 0 0
액트 131400 유동리스부채 0 0
액트 131400 비유동부채 1,237,381,374 2,372,318,916
액트 131400 사채 0 0
액트 131400 장기차입금 0 0
액트 131400 기타비유동금융부채 0 0
액트 131400 이연법인세부채 0 0
액트 131400 비유동리스부채 0 0
액트 131400 부채총계 34,939,991,561 32,813,201,307
액트 131400 자본금 8,683,381,500 8,453,381,500
액트 131400 자본잉여금 16,592,581,466 15,411,231,773
액트 131400 자본조정 -2,547,989,738 -2,075,147,430
액트 131400 기타포괄손익누계액 14,478,441,360 14,478,441,360
액트 131400 이익잉여금(결손금) -2,195,764,213 -2,865,057,833
액트 131400 자본총계 35,010,650,375 33,402,849,370
액트 131400 자본과부채총계 69,950,641,936 66,216,050,677
date : 2018-03-31
액트 131400 유동자산 22,586,929,558 29,544,690,602
액트 131400 현금및현금성자산 7,730,560,850 7,875,037,176
액트 131400 매출채권 및 기타유동채권
액트 131400 재고자산 4,210,813,603 5,897,037,563
액트 131400 기타유동금융자산 0 0
액트 131400 기타유동자산 1,015,975,472 559,989,977
액트 131400 매각예정비유동자산 0 0
액트 131400 비유동자산 40,880,637,955 40,405,951,334
액트 131400 장기금융상품 0 0
액트 131400 기타포괄손익-공정가치 0 0
액트 131400 당기손익인식공정가치측정금융자산 0 0
액트 131400 종속회사투자 0 0
액트 131400 관계회사투자 0 0
액트 131400 렌탈자산 0 0
액트 131400 유형자산 36,177,810,034 35,736,431,300
액트 131400 무형자산 327,427,513 333,717,626
액트 131400 기타비유동금융자산 53,580,000 24,432,000
액트 131400 기타비유동자산 0 0
액트 131400 사용권자산 0 0
액트 131400 이연법인세자산 0 0
액트 131400 자산총계 63,467,567,513 69,950,641,936
액트 131400 유동부채 26,364,647,904 33,702,610,187
액트 131400 단기매입채무 0 0
액트 131400 단기차입금 0 0
액트 131400 유동성장기차입금 0 0
액트 131400 유동성사채 0 0
액트 131400 기타유동금융부채 28,356,983 45,561,351
액트 131400 기타유동부채 1,572,428,485 2,015,764,509
액트 131400 당기법인세부채 0 0
액트 131400 유동리스부채 0 0
액트 131400 비유동부채 1,935,989,517 1,237,381,374
액트 131400 사채 0 0
액트 131400 장기차입금 0 0
액트 131400 기타비유동금융부채 0 0
액트 131400 이연법인세부채 0 0
액트 131400 비유동리스부채 0 0
액트 131400 부채총계 28,300,637,421 34,939,991,561
액트 131400 자본금 8,683,381,500 8,683,381,500
액트 131400 자본잉여금 13,643,311,736 16,592,581,466
액트 131400 자본조정 -2,607,582,183 -2,547,989,738
액트 131400 기타포괄손익누계액 14,478,441,360 14,478,441,360
액트 131400 이익잉여금(결손금) 969,377,679 -2,195,764,213
액트 131400 자본총계 35,166,930,092 35,010,650,375
액트 131400 자본과부채총계 63,467,567,513 69,950,641,936
date : 2018-06-30
액트 131400 유동자산 20,604,881,683 29,544,690,602
액트 131400 현금및현금성자산 4,627,173,829 7,875,037,176
액트 131400 매출채권 0 0
액트 131400 재고자산 4,584,841,993 5,897,037,563
액트 131400 기타유동금융자산 0 0
액트 131400 기타유동자산 866,455,808 559,989,977
액트 131400 매각예정비유동자산 0 0
액트 131400 비유동자산 42,448,329,533 40,405,951,334
액트 131400 장기금융상품 0 0
액트 131400 기타포괄손익-공정가치 0 0
액트 131400 당기손익인식공정가치측정금융자산 0 0
액트 131400 종속회사투자 0 0
액트 131400 관계회사투자 0 0
액트 131400 렌탈자산 0 0
액트 131400 유형자산 37,887,356,595 35,736,431,300
액트 131400 무형자산 427,128,330 333,717,626
액트 131400 기타비유동금융자산 0 0
액트 131400 기타비유동자산 0 0
액트 131400 사용권자산 0 0
액트 131400 이연법인세자산 0 0
액트 131400 자산총계 63,053,211,216 69,950,641,936
액트 131400 유동부채 24,924,403,913 33,702,610,187
액트 131400 단기매입채무 0 0
액트 131400 단기차입금 0 0
액트 131400 유동성장기차입금 0 0
액트 131400 유동성사채 0 0
액트 131400 기타유동금융부채 0 0
액트 131400 기타유동부채 1,571,498,437 2,015,764,509
액트 131400 당기법인세부채 0 0
액트 131400 유동리스부채 0 0
액트 131400 비유동부채 1,711,932,492 1,237,381,374
액트 131400 사채 0 0
액트 131400 장기차입금 0 0
액트 131400 기타비유동금융부채 0 0
액트 131400 이연법인세부채 0 0
액트 131400 비유동리스부채 0 0
액트 131400 부채총계 26,636,336,405 34,939,991,561
액트 131400 자본금 8,683,381,500 8,683,381,500
액트 131400 자본잉여금 13,643,311,736 16,592,581,466
액트 131400 자본조정 -2,607,582,183 -2,547,989,738
액트 131400 기타포괄손익누계액 14,478,441,360 14,478,441,360
액트 131400 이익잉여금(결손금) 2,219,322,398 -2,195,764,213
액트 131400 자본총계 36,416,874,811 35,010,650,375
액트 131400 자본과부채총계 63,053,211,216 69,950,641,936
date : 2018-09-30
액트 131400 유동자산 23,579,248,194 29,544,690,602
액트 131400 현금및현금성자산 7,743,343,058 7,875,037,176
액트 131400 매출채권 0 0
액트 131400 재고자산 3,900,184,832 5,897,037,563
액트 131400 기타유동금융자산 0 0
액트 131400 기타유동자산 923,673,165 559,989,977
액트 131400 매각예정비유동자산 0 0
액트 131400 비유동자산 42,168,890,808 40,405,951,334
액트 131400 장기금융상품 0 0
액트 131400 기타포괄손익-공정가치 0 0
액트 131400 당기손익인식공정가치측정금융자산 0 0
액트 131400 종속회사투자 0 0
액트 131400 관계회사투자 0 0
액트 131400 렌탈자산 0 0
액트 131400 유형자산 35,407,253,280 35,736,431,300
액트 131400 무형자산 346,029,147 333,717,626
액트 131400 기타비유동금융자산 0 0
액트 131400 기타비유동자산 0 0
액트 131400 사용권자산 0 0
액트 131400 이연법인세자산 0 0
액트 131400 자산총계 65,748,139,002 69,950,641,936
액트 131400 유동부채 26,040,217,035 33,702,610,187
액트 131400 단기매입채무 0 0
액트 131400 단기차입금 0 0
액트 131400 유동성장기차입금 0 0
액트 131400 유동성사채 0 0
액트 131400 기타유동금융부채 0 0
액트 131400 기타유동부채 1,576,434,369 2,015,764,509
액트 131400 당기법인세부채 0 0
액트 131400 유동리스부채 0 0
액트 131400 비유동부채 1,719,739,399 1,237,381,374
액트 131400 사채 0 0
액트 131400 장기차입금 0 0
액트 131400 기타비유동금융부채 0 0
액트 131400 이연법인세부채 0 0
액트 131400 비유동리스부채 0 0
액트 131400 부채총계 27,759,956,434 34,939,991,561
액트 131400 자본금 8,683,381,500 8,683,381,500
액트 131400 자본잉여금 13,643,311,736 16,592,581,466
액트 131400 자본조정 -2,607,582,183 -2,547,989,738
액트 131400 기타포괄손익누계액 14,478,441,360 14,478,441,360
액트 131400 이익잉여금(결손금) 3,790,630,155 -2,195,764,213
액트 131400 자본총계 37,988,182,568 35,010,650,375
액트 131400 자본과부채총계 65,748,139,002 69,950,641,936
date : 2018-12-31
액트 131400 유동자산 21,943,420,850 29,544,690,602
액트 131400 현금및현금성자산 10,899,512,923 7,875,037,176
액트 131400 매출채권 0 0
액트 131400 재고자산 3,280,879,561 5,897,037,563
액트 131400 기타유동금융자산 0 0
액트 131400 기타유동자산 902,521,598 559,989,977
액트 131400 매각예정비유동자산 0 0
액트 131400 비유동자산 40,798,266,065 40,405,951,334
액트 131400 장기금융상품 0 0
액트 131400 기타포괄손익-공정가치 0 0
액트 131400 당기손익인식공정가치측정금융자산 0 0
액트 131400 종속회사투자 0 0
액트 131400 관계회사투자 0 0
액트 131400 렌탈자산 0 0
액트 131400 유형자산 35,077,521,804 35,736,431,300
액트 131400 무형자산 353,229,964 333,717,626
액트 131400 기타비유동금융자산 0 0
액트 131400 기타비유동자산 0 0
액트 131400 사용권자산 0 0
액트 131400 이연법인세자산 0 0
액트 131400 자산총계 62,741,686,915 69,950,641,936
액트 131400 유동부채 24,888,502,261 33,702,610,187
액트 131400 단기매입채무 0 0
액트 131400 단기차입금 0 0
액트 131400 유동성장기차입금 0 0
액트 131400 유동성사채 0 0
액트 131400 기타유동금융부채 47,316,134 45,561,351
액트 131400 기타유동부채 1,434,827,022 2,015,764,509
액트 131400 당기법인세부채 0 0
액트 131400 유동리스부채 0 0
액트 131400 비유동부채 1,816,750,377 1,237,381,374
액트 131400 사채 0 0
액트 131400 장기차입금 0 0
액트 131400 기타비유동금융부채 0 0
액트 131400 이연법인세부채 0 0
액트 131400 비유동리스부채 0 0
액트 131400 부채총계 26,705,252,638 34,939,991,561
액트 131400 자본금 8,683,381,500 8,683,381,500
액트 131400 자본잉여금 13,643,311,736 16,592,581,466
액트 131400 자본조정 -2,624,742,183 -2,547,989,738
액트 131400 기타포괄손익누계액 14,478,441,360 14,478,441,360
액트 131400 이익잉여금(결손금) 1,856,041,864 -2,195,764,213
액트 131400 자본총계 36,036,434,277 35,010,650,375
액트 131400 자본과부채총계 62,741,686,915 69,950,641,936
date : 2019-03-31
액트 131400 유동자산 22,420,190,081 21,943,420,850
액트 131400 현금및현금성자산 9,847,354,916 10,899,512,923
액트 131400 매출채권 0 0
액트 131400 재고자산 2,439,379,785 3,280,879,561
액트 131400 기타유동금융자산 0 0
액트 131400 기타유동자산 1,017,876,560 902,521,598
액트 131400 매각예정비유동자산 0 0
액트 131400 비유동자산 42,650,092,619 40,798,266,065
액트 131400 장기금융상품 0 0
액트 131400 기타포괄손익-공정가치 0 0
액트 131400 당기손익인식공정가치측정금융자산 0 0
액트 131400 종속회사투자 0 0
액트 131400 관계회사투자 0 0
액트 131400 렌탈자산 0 0
액트 131400 유형자산 34,643,529,291 35,077,521,804
액트 131400 무형자산 372,055,031 353,229,964
액트 131400 기타비유동금융자산 0 0
액트 131400 기타비유동자산 0 0
액트 131400 사용권자산 0 0
액트 131400 이연법인세자산 0 0
액트 131400 자산총계 65,070,282,700 62,741,686,915
액트 131400 유동부채 26,891,351,775 24,888,502,261
액트 131400 단기매입채무 0 0
액트 131400 단기차입금 0 0
액트 131400 유동성장기차입금 0 0
액트 131400 유동성사채 0 0
액트 131400 기타유동금융부채 29,929,528 47,316,134
액트 131400 기타유동부채 944,042,079 1,434,827,022
액트 131400 당기법인세부채 0 0
액트 131400 유동리스부채 0 0
액트 131400 비유동부채 1,574,037,473 1,816,750,377
액트 131400 사채 0 0
액트 131400 장기차입금 0 0
액트 131400 기타비유동금융부채 0 0
액트 131400 이연법인세부채 0 0
액트 131400 비유동리스부채 0 0
액트 131400 부채총계 28,465,389,248 26,705,252,638
액트 131400 자본금 8,683,381,500 8,683,381,500
액트 131400 자본잉여금 13,643,311,736 13,643,311,736
액트 131400 자본조정 -2,622,973,885 -2,624,742,183
액트 131400 기타포괄손익누계액 14,478,441,360 14,478,441,360
액트 131400 이익잉여금(결손금) 2,422,732,741 1,856,041,864
액트 131400 자본총계 36,604,893,452 36,036,434,277
액트 131400 자본과부채총계 65,070,282,700 62,741,686,915
