date : 2015-12-31
화진 134780 유동자산 37,303,127,650 32,464,976,493
화진 134780 현금및현금성자산 7,153,292,909 9,017,659,376
화진 134780 매출채권 및 기타유동채권
화진 134780 재고자산 3,217,736,916 3,357,273,972
화진 134780 기타유동금융자산 12,083,562,501 1,028,995,526
화진 134780 기타유동자산 0 0
화진 134780 매각예정비유동자산 0 0
화진 134780 비유동자산 60,132,258,234 59,018,265,804
화진 134780 장기금융상품 0 0
화진 134780 기타포괄손익-공정가치 0 0
화진 134780 당기손익인식공정가치측정금융자산 0 0
화진 134780 종속회사투자 0 0
화진 134780 관계회사투자 0 0
화진 134780 렌탈자산 0 0
화진 134780 유형자산 40,422,118,050 39,097,437,853
화진 134780 무형자산 504,108,000 706,787,001
화진 134780 기타비유동금융자산 1,088,486,789 755,689,025
화진 134780 기타비유동자산 0 0
화진 134780 사용권자산 0 0
화진 134780 이연법인세자산 1,298,495,423 287,381,202
화진 134780 자산총계 97,435,385,884 91,483,242,297
화진 134780 유동부채 13,298,824,227 16,100,244,734
화진 134780 단기매입채무 0 0
화진 134780 단기차입금 0 0
화진 134780 유동성장기차입금 1,040,000,000 193,000,000
화진 134780 유동성사채 0 0
화진 134780 기타유동금융부채 3,153,535,907 8,128,457,177
화진 134780 기타유동부채 0 0
화진 134780 당기법인세부채 1,065,859,912 774,378,562
화진 134780 유동리스부채 0 0
화진 134780 비유동부채 15,504,876,539 11,477,549,377
화진 134780 사채 0 0
화진 134780 장기차입금 13,915,000,000 9,955,000,000
화진 134780 기타비유동금융부채 0 0
화진 134780 이연법인세부채 0 0
화진 134780 비유동리스부채 0 0
화진 134780 부채총계 28,803,700,766 27,577,794,111
화진 134780 자본금 6,165,000,000 6,165,000,000
화진 134780 자본잉여금 0 0
화진 134780 자본조정 0 0
화진 134780 기타포괄손익누계액 -2,101,548 3,513,999
화진 134780 이익잉여금(결손금) 47,388,525,835 42,238,028,866
화진 134780 자본총계 68,631,685,118 63,905,448,186
화진 134780 자본과부채총계 97,435,385,884 91,483,242,297
date : 2016-03-31
화진 134780 유동자산 38,067,743,524 37,303,127,650
화진 134780 현금및현금성자산 6,115,482,656 7,153,292,909
화진 134780 매출채권 및 기타유동채권
화진 134780 재고자산 3,306,945,428 3,217,736,916
화진 134780 기타유동금융자산 11,772,290,107 12,083,562,501
화진 134780 기타유동자산 0 0
화진 134780 매각예정비유동자산 0 0
화진 134780 비유동자산 59,921,074,886 60,132,258,234
화진 134780 장기금융상품 0 0
화진 134780 기타포괄손익-공정가치 0 0
화진 134780 당기손익인식공정가치측정금융자산 0 0
화진 134780 종속회사투자 0 0
화진 134780 관계회사투자 0 0
화진 134780 렌탈자산 0 0
화진 134780 유형자산 40,225,259,647 40,422,118,050
화진 134780 무형자산 486,818,000 504,108,000
화진 134780 기타비유동금융자산 1,175,851,844 1,088,486,789
화진 134780 기타비유동자산 0 0
화진 134780 사용권자산 0 0
화진 134780 이연법인세자산 1,298,495,423 1,298,495,423
화진 134780 자산총계 97,988,818,410 97,435,385,884
화진 134780 유동부채 14,697,116,711 13,298,824,227
화진 134780 단기매입채무 0 0
화진 134780 단기차입금 0 0
화진 134780 유동성장기차입금 780,000,000 1,040,000,000
화진 134780 유동성사채 0 0
화진 134780 기타유동금융부채 5,636,591,725 3,153,535,907
화진 134780 기타유동부채 0 0
화진 134780 당기법인세부채 287,895,027 1,065,859,912
화진 134780 유동리스부채 0 0
화진 134780 비유동부채 15,765,754,817 15,504,876,539
화진 134780 사채 0 0
화진 134780 장기차입금 13,915,000,000 13,915,000,000
화진 134780 기타비유동금융부채 0 0
화진 134780 이연법인세부채 1,634,159 0
화진 134780 비유동리스부채 0 0
화진 134780 부채총계 30,462,871,528 28,803,700,766
화진 134780 자본금 6,165,000,000 6,165,000,000
화진 134780 자본잉여금 0 0
화진 134780 자본조정 0 0
화진 134780 기타포괄손익누계액 1,030,089 -2,101,548
화진 134780 이익잉여금(결손금) 46,893,032,562 47,388,525,835
화진 134780 자본총계 67,525,946,882 68,631,685,118
화진 134780 자본과부채총계 97,988,818,410 97,435,385,884
date : 2016-06-30
화진 134780 유동자산 39,364,522,903 37,303,127,650
화진 134780 현금및현금성자산 8,212,151,247 7,153,292,909
화진 134780 매출채권 및 기타유동채권
화진 134780 재고자산 2,859,419,814 3,217,736,916
화진 134780 기타유동금융자산 11,275,288,349 12,083,562,501
화진 134780 기타유동자산 0 0
화진 134780 매각예정비유동자산 0 0
화진 134780 비유동자산 59,118,121,478 60,132,258,234
화진 134780 장기금융상품 0 0
화진 134780 기타포괄손익-공정가치 0 0
화진 134780 당기손익인식공정가치측정금융자산 0 0
화진 134780 종속회사투자 0 0
화진 134780 관계회사투자 0 0
화진 134780 렌탈자산 0 0
화진 134780 유형자산 39,458,288,377 40,422,118,050
화진 134780 무형자산 469,528,000 504,108,000
화진 134780 기타비유동금융자산 1,168,530,376 1,088,486,789
화진 134780 기타비유동자산 0 0
화진 134780 사용권자산 0 0
화진 134780 이연법인세자산 1,302,124,753 1,298,495,423
화진 134780 자산총계 98,482,644,381 97,435,385,884
화진 134780 유동부채 13,136,412,989 13,298,824,227
화진 134780 단기매입채무 0 0
화진 134780 단기차입금 0 0
화진 134780 유동성장기차입금 1,564,050,000 1,040,000,000
화진 134780 유동성사채 0 0
화진 134780 기타유동금융부채 2,824,930,019 3,153,535,907
화진 134780 기타유동부채 0 0
화진 134780 당기법인세부채 779,936,097 1,065,859,912
화진 134780 유동리스부채 0 0
화진 134780 비유동부채 15,668,618,058 15,504,876,539
화진 134780 사채 0 0
화진 134780 장기차입금 13,370,950,000 13,915,000,000
화진 134780 기타비유동금융부채 0 0
화진 134780 이연법인세부채 0 0
화진 134780 비유동리스부채 0 0
화진 134780 부채총계 28,805,031,047 28,803,700,766
화진 134780 자본금 6,165,000,000 6,165,000,000
화진 134780 자본잉여금 0 0
화진 134780 자본조정 0 0
화진 134780 기타포괄손익누계액 -4,864,479 -2,101,548
화진 134780 이익잉여금(결손금) 49,050,593,582 47,388,525,835
화진 134780 자본총계 69,677,613,334 68,631,685,118
화진 134780 자본과부채총계 98,482,644,381 97,435,385,884
date : 2016-09-30
화진 134780 유동자산 38,895,314,027 37,303,127,650
화진 134780 현금및현금성자산 11,686,892,549 7,153,292,909
화진 134780 매출채권 및 기타유동채권
화진 134780 재고자산 3,095,817,196 3,217,736,916
화진 134780 기타유동금융자산 11,991,606,998 12,083,562,501
화진 134780 기타유동자산 0 0
화진 134780 매각예정비유동자산 0 0
화진 134780 비유동자산 59,661,592,541 60,132,258,234
화진 134780 장기금융상품 0 0
화진 134780 기타포괄손익-공정가치 0 0
화진 134780 당기손익인식공정가치측정금융자산 0 0
화진 134780 종속회사투자 0 0
화진 134780 관계회사투자 0 0
화진 134780 렌탈자산 0 0
화진 134780 유형자산 38,912,380,634 40,422,118,050
화진 134780 무형자산 336,738,000 504,108,000
화진 134780 기타비유동금융자산 1,190,632,463 1,088,486,789
화진 134780 기타비유동자산 0 0
화진 134780 사용권자산 0 0
화진 134780 이연법인세자산 1,302,191,472 1,298,495,423
화진 134780 자산총계 98,556,906,568 97,435,385,884
화진 134780 유동부채 13,264,779,321 13,298,824,227
화진 134780 단기매입채무 0 0
화진 134780 단기차입금 0 0
화진 134780 유동성장기차입금 2,087,900,000 1,040,000,000
화진 134780 유동성사채 0 0
화진 134780 기타유동금융부채 3,123,123,138 3,153,535,907
화진 134780 기타유동부채 0 0
화진 134780 당기법인세부채 634,160,699 1,065,859,912
화진 134780 유동리스부채 0 0
화진 134780 비유동부채 14,759,854,420 15,504,876,539
화진 134780 사채 0 0
화진 134780 장기차입금 12,087,100,000 13,915,000,000
화진 134780 기타비유동금융부채 0 0
화진 134780 이연법인세부채 0 0
화진 134780 비유동리스부채 0 0
화진 134780 부채총계 28,024,633,741 28,803,700,766
화진 134780 자본금 6,165,000,000 6,165,000,000
화진 134780 자본잉여금 0 0
화진 134780 자본조정 0 0
화진 134780 기타포괄손익누계액 -1,347,365 -2,101,548
화진 134780 이익잉여금(결손금) 50,249,129,621 47,388,525,835
화진 134780 자본총계 70,532,272,827 68,631,685,118
화진 134780 자본과부채총계 98,556,906,568 97,435,385,884
date : 2016-12-31
화진 134780 유동자산 42,165,670,575 37,303,127,650
화진 134780 현금및현금성자산 13,802,200,714 7,153,292,909
화진 134780 매출채권 및 기타유동채권
화진 134780 재고자산 3,368,931,134 3,217,736,916
화진 134780 기타유동금융자산 12,226,277,219 12,083,562,501
화진 134780 기타유동자산 0 0
화진 134780 매각예정비유동자산 0 0
화진 134780 비유동자산 57,164,251,662 60,132,258,234
화진 134780 장기금융상품 0 0
화진 134780 기타포괄손익-공정가치 0 0
화진 134780 당기손익인식공정가치측정금융자산 0 0
화진 134780 종속회사투자 0 0
화진 134780 관계회사투자 0 0
화진 134780 렌탈자산 0 0
화진 134780 유형자산 36,877,050,979 40,422,118,050
화진 134780 무형자산 333,948,000 504,108,000
화진 134780 기타비유동금융자산 1,208,364,675 1,088,486,789
화진 134780 기타비유동자산 0 0
화진 134780 사용권자산 0 0
화진 134780 이연법인세자산 1,470,142,285 1,298,495,423
화진 134780 자산총계 99,329,922,237 97,435,385,884
화진 134780 유동부채 15,241,603,249 13,298,824,227
화진 134780 단기매입채무 0 0
화진 134780 단기차입금 0 0
화진 134780 유동성장기차입금 2,611,750,000 1,040,000,000
화진 134780 유동성사채 0 0
화진 134780 기타유동금융부채 3,022,124,455 3,153,535,907
화진 134780 기타유동부채 0 0
화진 134780 당기법인세부채 477,475,992 1,065,859,912
화진 134780 유동리스부채 0 0
화진 134780 비유동부채 13,275,107,872 15,504,876,539
화진 134780 사채 0 0
화진 134780 장기차입금 11,303,250,000 13,915,000,000
화진 134780 기타비유동금융부채 0 0
화진 134780 이연법인세부채 0 0
화진 134780 비유동리스부채 0 0
화진 134780 부채총계 28,516,711,121 28,803,700,766
화진 134780 자본금 6,165,000,000 6,165,000,000
화진 134780 자본잉여금 0 0
화진 134780 자본조정 0 0
화진 134780 기타포괄손익누계액 -1,307,398 -2,101,548
화진 134780 이익잉여금(결손금) 50,530,027,943 47,388,525,835
화진 134780 자본총계 70,813,211,116 68,631,685,118
화진 134780 자본과부채총계 99,329,922,237 97,435,385,884
date : 2017-03-31
화진 134780 유동자산 40,614,915,398 42,165,670,575
화진 134780 현금및현금성자산 12,889,824,613 13,802,200,714
화진 134780 매출채권 및 기타유동채권
화진 134780 재고자산 2,963,710,552 3,368,931,134
화진 134780 기타유동금융자산 13,017,030,543 12,226,277,219
화진 134780 기타유동자산 0 0
화진 134780 매각예정비유동자산 0 0
화진 134780 비유동자산 55,236,791,551 57,164,251,662
화진 134780 장기금융상품 0 0
화진 134780 기타포괄손익-공정가치 0 0
화진 134780 당기손익인식공정가치측정금융자산 0 0
화진 134780 종속회사투자 0 0
화진 134780 관계회사투자 0 0
화진 134780 렌탈자산 0 0
화진 134780 유형자산 36,120,284,286 36,877,050,979
화진 134780 무형자산 331,158,000 333,948,000
화진 134780 기타비유동금융자산 1,239,980,152 1,208,364,675
화진 134780 기타비유동자산 0 0
화진 134780 사용권자산 0 0
화진 134780 이연법인세자산 1,470,623,390 1,470,142,285
화진 134780 자산총계 95,851,706,949 99,329,922,237
화진 134780 유동부채 14,854,759,959 15,241,603,249
화진 134780 단기매입채무 0 0
화진 134780 단기차입금 0 0
화진 134780 유동성장기차입금 3,135,600,000 2,611,750,000
화진 134780 유동성사채 0 0
화진 134780 기타유동금융부채 3,881,564,282 3,022,124,455
화진 134780 기타유동부채 0 0
화진 134780 당기법인세부채 340,777,120 477,475,992
화진 134780 유동리스부채 0 0
화진 134780 비유동부채 12,858,761,344 13,275,107,872
화진 134780 사채 0 0
화진 134780 장기차입금 10,519,400,000 11,303,250,000
화진 134780 기타비유동금융부채 0 0
화진 134780 이연법인세부채 0 0
화진 134780 비유동리스부채 0 0
화진 134780 부채총계 27,713,521,303 28,516,711,121
화진 134780 자본금 6,165,000,000 6,165,000,000
화진 134780 자본잉여금 0 0
화진 134780 자본조정 0 0
화진 134780 기타포괄손익누계액 -1,067,595 -1,307,398
화진 134780 이익잉여금(결손금) 49,401,115,910 50,530,027,943
화진 134780 자본총계 68,138,185,646 70,813,211,116
화진 134780 자본과부채총계 95,851,706,949 99,329,922,237
date : 2017-06-30
화진 134780 유동자산 40,838,649,723 42,165,670,575
화진 134780 현금및현금성자산 14,014,383,325 13,802,200,714
화진 134780 매출채권 및 기타유동채권
화진 134780 재고자산 3,278,864,626 3,368,931,134
화진 134780 기타유동금융자산 12,045,715,403 12,226,277,219
화진 134780 기타유동자산 0 0
화진 134780 매각예정비유동자산 0 0
화진 134780 비유동자산 54,822,505,518 57,164,251,662
화진 134780 장기금융상품 0 0
화진 134780 기타포괄손익-공정가치 0 0
화진 134780 당기손익인식공정가치측정금융자산 0 0
화진 134780 종속회사투자 0 0
화진 134780 관계회사투자 0 0
화진 134780 렌탈자산 0 0
화진 134780 유형자산 35,689,645,011 36,877,050,979
화진 134780 무형자산 328,368,000 333,948,000
화진 134780 기타비유동금융자산 1,252,221,548 1,208,364,675
화진 134780 기타비유동자산 0 0
화진 134780 사용권자산 0 0
화진 134780 이연법인세자산 1,477,525,236 1,470,142,285
화진 134780 자산총계 95,661,155,241 99,329,922,237
화진 134780 유동부채 14,647,676,871 15,241,603,249
화진 134780 단기매입채무 0 0
화진 134780 단기차입금 0 0
화진 134780 유동성장기차입금 3,135,400,000 2,611,750,000
화진 134780 유동성사채 0 0
화진 134780 기타유동금융부채 3,237,975,368 3,022,124,455
화진 134780 기타유동부채 0 0
화진 134780 당기법인세부채 402,475,982 477,475,992
화진 134780 유동리스부채 0 0
화진 134780 비유동부채 12,459,901,275 13,275,107,872
화진 134780 사채 0 0
화진 134780 장기차입금 9,735,550,000 11,303,250,000
화진 134780 기타비유동금융부채 0 0
화진 134780 이연법인세부채 0 0
화진 134780 비유동리스부채 0 0
화진 134780 부채총계 27,107,578,146 28,516,711,121
화진 134780 자본금 6,165,000,000 6,165,000,000
화진 134780 자본잉여금 0 0
화진 134780 자본조정 0 0
화진 134780 기타포괄손익누계액 -5,503,954 -1,307,398
화진 134780 이익잉여금(결손금) 50,576,531,208 50,530,027,943
화진 134780 자본총계 68,553,577,095 70,813,211,116
화진 134780 자본과부채총계 95,661,155,241 99,329,922,237
date : 2017-09-30
화진 134780 유동자산 30,474,197,858 42,165,670,575
화진 134780 현금및현금성자산 7,022,855,627 13,802,200,714
화진 134780 매출채권 8,601,580,969 11,686,439,636
화진 134780 재고자산 3,231,548,935 3,368,931,134
화진 134780 기타유동금융자산 333,583,951 630,831,889
화진 134780 기타유동자산 0 0
화진 134780 매각예정비유동자산 0 0
화진 134780 비유동자산 64,066,517,839 57,164,251,662
화진 134780 장기금융상품 346,659,615 238,470,255
화진 134780 기타포괄손익-공정가치 0 0
화진 134780 당기손익인식공정가치측정금융자산 0 0
화진 134780 종속회사투자 0 0
화진 134780 관계회사투자 0 0
화진 134780 렌탈자산 0 0
화진 134780 유형자산 35,496,017,808 36,877,050,979
화진 134780 무형자산 325,578,000 333,948,000
화진 134780 기타비유동금융자산 0 1,200,000,000
화진 134780 기타비유동자산 0 0
화진 134780 사용권자산 0 0
화진 134780 이연법인세자산 1,481,008,728 1,470,142,285
화진 134780 자산총계 94,540,715,697 99,329,922,237
화진 134780 유동부채 14,792,369,084 15,241,603,249
화진 134780 단기매입채무 4,858,730,862 6,027,354,680
화진 134780 단기차입금 0 0
화진 134780 유동성장기차입금 3,135,400,000 2,611,750,000
화진 134780 유동성사채 0 0
화진 134780 기타유동금융부채 4,054,027,408 3,022,124,455
화진 134780 기타유동부채 0 0
화진 134780 당기법인세부채 257,448,163 477,475,992
화진 134780 유동리스부채 0 0
화진 134780 비유동부채 10,723,752,989 13,275,107,872
화진 134780 사채 0 0
화진 134780 장기차입금 8,951,700,000 11,303,250,000
화진 134780 기타비유동금융부채 0 0
화진 134780 이연법인세부채 0 0
화진 134780 비유동리스부채 0 0
화진 134780 부채총계 25,516,122,073 28,516,711,121
화진 134780 자본금 6,165,000,000 6,165,000,000
화진 134780 자본잉여금 0 0
화진 134780 자본조정 0 0
화진 134780 기타포괄손익누계액 -12,138,509 -1,307,398
화진 134780 이익잉여금(결손금) 51,054,182,292 50,530,027,943
화진 134780 자본총계 69,024,593,624 70,813,211,116
화진 134780 자본과부채총계 94,540,715,697 99,329,922,237
date : 2017-12-31
화진 134780 유동자산 29,863,848,215 42,165,670,575
화진 134780 현금및현금성자산 5,530,111,555 13,802,200,714
화진 134780 매출채권 9,146,333,837 11,686,439,636
화진 134780 재고자산 2,977,916,388 3,368,931,134
화진 134780 기타유동금융자산 4,787,339,560 630,831,889
화진 134780 기타유동자산 0 0
화진 134780 매각예정비유동자산 0 0
화진 134780 비유동자산 57,509,284,872 57,164,251,662
화진 134780 장기금융상품 422,717,675 238,470,255
화진 134780 기타포괄손익-공정가치 0 0
화진 134780 당기손익인식공정가치측정금융자산 0 0
화진 134780 종속회사투자 0 0
화진 134780 관계회사투자 0 0
화진 134780 렌탈자산 0 0
화진 134780 유형자산 35,074,727,016 36,877,050,979
화진 134780 무형자산 337,038,000 333,948,000
화진 134780 기타비유동금융자산 1,200,000,000 333,948,000
화진 134780 기타비유동자산 0 0
화진 134780 사용권자산 0 0
화진 134780 이연법인세자산 1,998,743,168 1,470,142,285
화진 134780 자산총계 87,373,133,087 99,329,922,237
화진 134780 유동부채 20,108,900,303 15,241,603,249
화진 134780 단기매입채무 4,458,511,106 6,027,354,680
화진 134780 단기차입금 0 0
화진 134780 유동성장기차입금 3,135,400,000 2,611,750,000
화진 134780 유동성사채 0 0
화진 134780 기타유동금융부채 3,084,417,487 3,022,124,455
화진 134780 기타유동부채 0 0
화진 134780 당기법인세부채 290,206,246 477,475,992
화진 134780 유동리스부채 0 0
화진 134780 비유동부채 14,520,293,194 13,275,107,872
화진 134780 사채 0 0
화진 134780 장기차입금 12,167,850,000 11,303,250,000
화진 134780 기타비유동금융부채 0 0
화진 134780 이연법인세부채 0 0
화진 134780 비유동리스부채 0 0
화진 134780 부채총계 34,629,193,497 28,516,711,121
화진 134780 자본금 12,019,724,000 6,165,000,000
화진 134780 자본잉여금 0 0
화진 134780 자본조정 0 0
화진 134780 기타포괄손익누계액 -12,378,312 -1,307,398
화진 134780 이익잉여금(결손금) 34,812,407,851 50,530,027,943
화진 134780 자본총계 52,743,939,590 70,813,211,116
화진 134780 자본과부채총계 87,373,133,087 99,329,922,237
date : 2018-03-31
화진 134780 유동자산 34,998,939,814 29,863,848,215
화진 134780 현금및현금성자산 7,998,371,255 5,530,111,555
화진 134780 매출채권 10,402,515,917 9,146,333,837
화진 134780 재고자산 3,007,456,643 2,977,916,388
화진 134780 기타유동금융자산 4,282,950,288 4,787,339,560
화진 134780 기타유동자산 0 0
화진 134780 매각예정비유동자산 0 0
화진 134780 비유동자산 65,811,070,556 57,509,284,872
화진 134780 장기금융상품 498,728,161 422,717,675
화진 134780 기타포괄손익-공정가치 0 0
화진 134780 당기손익인식공정가치측정금융자산 0 0
화진 134780 종속회사투자 0 0
화진 134780 관계회사투자 0 0
화진 134780 렌탈자산 0 0
화진 134780 유형자산 34,300,147,646 35,074,727,016
화진 134780 무형자산 331,998,000 337,038,000
화진 134780 기타비유동금융자산 0 337,038,000
화진 134780 기타비유동자산 0 0
화진 134780 사용권자산 0 0
화진 134780 이연법인세자산 2,003,009,672 1,998,743,168
화진 134780 자산총계 100,810,010,370 87,373,133,087
화진 134780 유동부채 19,848,744,791 20,108,900,303
화진 134780 단기매입채무 5,107,323,218 4,458,511,106
화진 134780 단기차입금 0 0
화진 134780 유동성장기차입금 3,135,400,000 3,135,400,000
화진 134780 유동성사채 0 0
화진 134780 기타유동금융부채 2,174,893,190 3,084,417,487
화진 134780 기타유동부채 0 0
화진 134780 당기법인세부채 284,586,996 290,206,246
화진 134780 유동리스부채 0 0
화진 134780 비유동부채 26,894,348,787 14,520,293,194
화진 134780 사채 0 0
화진 134780 장기차입금 11,384,000,000 12,167,850,000
화진 134780 기타비유동금융부채 0 0
화진 134780 이연법인세부채 0 0
화진 134780 비유동리스부채 0 0
화진 134780 부채총계 46,743,093,578 34,629,193,497
화진 134780 자본금 12,019,724,000 12,019,724,000
화진 134780 자본잉여금 0 0
화진 134780 자본조정 0 0
화진 134780 기타포괄손익누계액 -12,997,804 -12,378,312
화진 134780 이익잉여금(결손금) 33,832,300,066 34,812,407,851
화진 134780 자본총계 54,066,916,792 52,743,939,590
화진 134780 자본과부채총계 100,810,010,370 87,373,133,087
date : 2018-06-30
화진 134780 유동자산 34,042,716,161 29,863,848,215
화진 134780 현금및현금성자산 6,530,727,065 5,530,111,555
화진 134780 매출채권 및 기타유동채권
화진 134780 재고자산 3,411,542,094 2,977,916,388
화진 134780 기타유동금융자산 3,157,477,484 4,986,432,163
화진 134780 기타유동자산 716,629,578 258,914,425
화진 134780 매각예정비유동자산 0 0
화진 134780 비유동자산 75,055,339,500 57,509,284,872
화진 134780 장기금융상품 574,845,025 422,717,675
화진 134780 기타포괄손익-공정가치 측정 금융자산
화진 134780 당기손익인식공정가치측정금융자산 0 0
화진 134780 종속회사투자 0 0
화진 134780 관계회사투자 0 0
화진 134780 렌탈자산 0 0
화진 134780 유형자산 33,793,297,859 35,074,727,016
화진 134780 무형자산 299,814,000 337,038,000
화진 134780 기타비유동금융자산 10,217,714,659 3,336,033,290
화진 134780 기타비유동자산 0 0
화진 134780 사용권자산 0 0
화진 134780 이연법인세자산 1,998,743,168 1,998,743,168
화진 134780 자산총계 109,098,055,661 87,373,133,087
화진 134780 유동부채 42,102,005,722 20,108,900,303
화진 134780 단기매입채무 6,307,665,454 4,458,511,106
화진 134780 단기차입금 7,000,000,000 7,000,000,000
화진 134780 유동성장기차입금 3,135,400,000 3,135,400,000
화진 134780 유동성사채 0 0
화진 134780 기타유동금융부채 3,112,537,653 3,847,273,177
화진 134780 기타유동부채 677,013,308 670,875,806
화진 134780 당기법인세부채 380,288,022 290,206,246
화진 134780 유동리스부채 0 0
화진 134780 비유동부채 13,668,199,216 14,520,293,194
화진 134780 사채 0 0
화진 134780 장기차입금 10,600,150,000 12,167,850,000
화진 134780 기타비유동금융부채 0 0
화진 134780 이연법인세부채 0 0
화진 134780 비유동리스부채 0 0
화진 134780 부채총계 55,770,204,938 34,629,193,497
화진 134780 자본금 12,019,724,000 12,019,724,000
화진 134780 자본잉여금 9,647,513,870 9,647,513,870
화진 134780 자본조정 0 0
화진 134780 기타포괄손익누계액 -987,823,272 -12,378,312
화진 134780 이익잉여금(결손금) 36,371,763,944 34,812,407,851
화진 134780 자본총계 53,327,850,723 52,743,939,590
화진 134780 자본과부채총계 109,098,055,661 87,373,133,087
date : 2018-09-30
화진 134780 유동자산 31,503,313,617 29,863,848,215
화진 134780 현금및현금성자산 4,758,121,478 5,530,111,555
화진 134780 매출채권 및 기타유동채권
화진 134780 재고자산 3,017,298,926 2,977,916,388
화진 134780 기타유동금융자산 2,856,448,002 4,986,432,163
화진 134780 기타유동자산 1,095,034,584 258,914,425
화진 134780 매각예정비유동자산 0 0
화진 134780 비유동자산 74,731,668,438 57,509,284,872
화진 134780 장기금융상품 20,000,000 422,717,675
화진 134780 기타포괄손익-공정가치 측정 금융자산
화진 134780 당기손익인식공정가치측정금융자산 0 0
화진 134780 종속회사투자 0 0
화진 134780 관계회사투자 0 0
화진 134780 렌탈자산 0 0
화진 134780 유형자산 33,665,295,591 35,074,727,016
화진 134780 무형자산 295,704,000 337,038,000
화진 134780 기타비유동금융자산 8,716,408,850 3,336,033,290
화진 134780 기타비유동자산 0 0
화진 134780 사용권자산 0 0
화진 134780 이연법인세자산 1,998,743,168 1,998,743,168
화진 134780 자산총계 106,234,982,055 87,373,133,087
화진 134780 유동부채 41,933,423,990 20,108,900,303
화진 134780 단기매입채무 5,953,007,408 4,458,511,106
화진 134780 단기차입금 7,000,000,000 7,000,000,000
화진 134780 유동성장기차입금 3,135,400,000 3,135,400,000
화진 134780 유동성사채 0 0
화진 134780 기타유동금융부채 3,569,719,451 3,847,273,177
화진 134780 기타유동부채 728,629,943 670,875,806
화진 134780 당기법인세부채 -292,504,249 290,206,246
화진 134780 유동리스부채 0 0
화진 134780 비유동부채 12,249,042,696 14,520,293,194
화진 134780 사채 0 0
화진 134780 장기차입금 9,816,300,000 12,167,850,000
화진 134780 기타비유동금융부채 0 0
화진 134780 이연법인세부채 0 0
화진 134780 비유동리스부채 0 0
화진 134780 부채총계 54,182,466,686 34,629,193,497
화진 134780 자본금 12,019,724,000 12,019,724,000
화진 134780 자본잉여금 9,647,513,870 9,647,513,870
화진 134780 자본조정 0 0
화진 134780 기타포괄손익누계액 -987,843,256 -12,378,312
화진 134780 이익잉여금(결손금) 35,096,448,574 34,812,407,851
화진 134780 자본총계 52,052,515,369 52,743,939,590
화진 134780 자본과부채총계 106,234,982,055 87,373,133,087
date : 2018-12-31
화진 134780 유동자산 18,106,157,746 29,863,848,215
화진 134780 현금및현금성자산 3,100,248,846 5,530,111,555
화진 134780 매출채권 0 0
화진 134780 재고자산 3,081,345,003 2,977,916,388
화진 134780 기타유동금융자산 339,720,553 334,667,041
화진 134780 기타유동자산 908,972,977 258,914,425
화진 134780 매각예정비유동자산 0 0
화진 134780 비유동자산 66,998,983,989 57,509,284,872
화진 134780 장기금융상품 422,717,675 238,470,255
화진 134780 기타포괄손익-공정가치 측정 금융자산
화진 134780 당기손익인식공정가치측정금융자산 0 0
화진 134780 종속회사투자 0 0
화진 134780 관계회사투자 0 0
화진 134780 렌탈자산 0 0
화진 134780 유형자산 32,861,902,943 35,074,727,016
화진 134780 무형자산 299,454,000 957,248,629
화진 134780 기타비유동금융자산 1,200,000,000 금융자산
화진 134780 기타비유동자산 0 0
화진 134780 사용권자산 0 0
화진 134780 이연법인세자산 1,998,743,168 1,470,142,285
화진 134780 자산총계 85,105,141,735 87,373,133,087
화진 134780 유동부채 37,617,051,036 20,108,900,303
화진 134780 단기매입채무 0 0
화진 134780 단기차입금 5,127,561,871 7,000,000,000
화진 134780 유동성장기차입금 3,135,400,000 3,135,400,000
화진 134780 유동성사채 0 0
화진 134780 기타유동금융부채 4,193,723,439 3,847,273,177
화진 134780 기타유동부채 1,933,035,761 670,875,806
화진 134780 당기법인세부채 0 290,206,246
화진 134780 유동리스부채 0 0
화진 134780 비유동부채 12,026,963,089 14,520,293,194
화진 134780 사채 0 0
화진 134780 장기차입금 9,032,450,000 12,167,850,000
화진 134780 기타비유동금융부채 0 0
화진 134780 이연법인세부채 0 0
화진 134780 비유동리스부채 0 0
화진 134780 부채총계 49,644,014,125 34,629,193,497
화진 134780 자본금 12,019,724,000 12,019,724,000
화진 134780 자본잉여금 9,647,513,870 9,647,513,870
화진 134780 자본조정 0 0
화진 134780 기타포괄손익누계액 -1,736,557,471 -12,378,312
화진 134780 이익잉여금(결손금) 19,253,775,030 34,812,407,851
화진 134780 자본총계 35,461,127,610 52,743,939,590
화진 134780 자본과부채총계 85,105,141,735 87,373,133,087
date : 2019-03-31
화진 134780 유동자산 18,567,715,697 18,106,157,746
화진 134780 현금및현금성자산 1,281,933,844 3,100,248,846
화진 134780 매출채권 0 0
화진 134780 재고자산 3,298,560,401 3,081,345,003
화진 134780 기타유동금융자산 339,720,553 339,720,553
화진 134780 기타유동자산 1,073,850,049 908,972,977
화진 134780 매각예정비유동자산 0 0
화진 134780 비유동자산 64,058,716,606 66,998,983,989
화진 134780 장기금융상품 0 0
화진 134780 기타포괄손익-공정가치 측정 금융자산
화진 134780 당기손익인식공정가치측정금융자산 0 0
화진 134780 종속회사투자 0 0
화진 134780 관계회사투자 0 0
화진 134780 렌탈자산 0 0
화진 134780 유형자산 32,040,470,234 32,861,902,943
화진 134780 무형자산 298,704,000 299,454,000
화진 134780 기타비유동금융자산 0 금융자산
화진 134780 기타비유동자산 0 299,454,000
화진 134780 사용권자산 0 0
화진 134780 이연법인세자산 0 299,454,000
화진 134780 자산총계 82,626,432,303 85,105,141,735
화진 134780 유동부채 36,660,241,870 37,617,051,036
화진 134780 단기매입채무 0 0
화진 134780 단기차입금 4,210,743,457 5,127,561,871
화진 134780 유동성장기차입금 3,135,400,000 3,135,400,000
화진 134780 유동성사채 0 0
화진 134780 기타유동금융부채 3,633,889,975 4,193,723,439
화진 134780 기타유동부채 1,698,542,797 1,933,035,761
화진 134780 당기법인세부채 0 0
화진 134780 유동리스부채 0 0
화진 134780 비유동부채 12,066,347,807 12,026,963,089
화진 134780 사채 0 0
화진 134780 장기차입금 8,248,600,000 9,032,450,000
화진 134780 기타비유동금융부채 533,644,594 9,032,450,000
화진 134780 이연법인세부채 0 0
화진 134780 비유동리스부채 0 0
화진 134780 부채총계 48,726,589,677 49,644,014,125
화진 134780 자본금 12,019,724,000 12,019,724,000
화진 134780 자본잉여금 9,647,513,870 9,647,513,870
화진 134780 자본조정 0 0
화진 134780 기타포괄손익누계액 -1,725,122,757 -1,736,557,471
화진 134780 이익잉여금(결손금) 17,681,055,332 19,253,775,030
화진 134780 자본총계 33,899,842,626 35,461,127,610
화진 134780 자본과부채총계 82,626,432,303 85,105,141,735
