date : 2019-03-31
쎄미시스코 136510 유동자산 22,048,259,036 23,459,616,294
쎄미시스코 136510 현금및현금성자산 9,620,614,523 12,079,688,736
쎄미시스코 136510 매출채권 및 기타유동채권
쎄미시스코 136510 재고자산 3,560,402,191 3,239,738,203
쎄미시스코 136510 기타유동자산 1,043,281,476 515,534,444
쎄미시스코 136510 비유동자산 0 0
쎄미시스코 136510 비유동자산 19,306,051,451 19,206,947,310
쎄미시스코 136510 기타비유동금융자산 418,915,487 385,437,064
쎄미시스코 136510 유형자산 13,861,970,838 14,073,685,831
쎄미시스코 136510 무형자산 2,704,647,906 2,881,241,503
쎄미시스코 136510 기타비유동자산 109,252,131 107,691,146
쎄미시스코 136510 이연법인세자산 1,030,959,901 557,799,092
쎄미시스코 136510 자산총계 41,354,310,487 42,666,563,604
쎄미시스코 136510 유동부채 8,631,483,128 8,374,773,806
쎄미시스코 136510 단기차입금 6,288,000,000 6,288,000,000
쎄미시스코 136510 기타유동부채 137,359,250 11,817,922
쎄미시스코 136510 비유동부채 1,861,431,063 1,825,115,366
쎄미시스코 136510 부채총계 10,492,914,191 10,199,889,172
쎄미시스코 136510 자본금 2,700,000,000 2,700,000,000
쎄미시스코 136510 자본잉여금 12,290,709,843 12,290,709,843
쎄미시스코 136510 이익잉여금(결손금) 18,545,507,439 20,184,649,692
쎄미시스코 136510 자본총계 30,861,396,296 32,466,674,432
쎄미시스코 136510 자본과부채총계 41,354,310,487 42,666,563,604
