date : 2019-03-31
넥스트아이 137940 유동자산 38,572,122,907 34,886,303,766
넥스트아이 137940 현금및현금성자산 12,258,961,366 23,620,215,484
넥스트아이 137940 매출채권 5,857,960,556 3,901,347,746
넥스트아이 137940 기타포괄손익-공정가치 측정 금융자산
넥스트아이 137940 재고자산 1,251,446,102 1,276,726,611
넥스트아이 137940 기타유동자산 4,688,751,348 3,719,904,466
넥스트아이 137940 매각예정비유동자산 0 0
넥스트아이 137940 비유동자산 58,695,386,982 62,045,177,595
넥스트아이 137940 장기금융상품 8,542,554 7,160,852
넥스트아이 137940 기타포괄손익-공정가치 측정 금융자산
넥스트아이 137940 유형자산 9,348,381,323 9,397,103,721
넥스트아이 137940 무형자산 173,060,719 194,503,633
넥스트아이 137940 자산총계 97,267,509,889 96,931,481,361
넥스트아이 137940 유동부채 36,717,245,905 14,167,904,497
넥스트아이 137940 기타유동부채 450,471,873 150,072,566
넥스트아이 137940 비유동부채 653,978,418 21,923,132,079
넥스트아이 137940 장기차입금 11,000,000,000 0
넥스트아이 137940 부채총계 37,371,224,323 36,091,036,576
넥스트아이 137940 자본금 7,927,357,300 7,927,357,300
넥스트아이 137940 기타포괄손익누계액 13,092,616 12,139,850
넥스트아이 137940 이익잉여금(결손금) 8,866,406,985 9,811,518,970
넥스트아이 137940 자본총계 59,896,285,566 60,840,444,785
넥스트아이 137940 자본과부채총계 97,267,509,889 96,931,481,361
