date : 2017-12-31
비즈니스온 138580 유동자산 33,774,606,001 11,538,882,231
비즈니스온 138580 현금및현금성자산 4,463,331,089 4,687,010,475
비즈니스온 138580 매출채권 2,040,012,977 1,282,781,949
비즈니스온 138580 재고자산 0 0
비즈니스온 138580 기타유동금융자산 0 0
비즈니스온 138580 기타유동자산 225,177,095 194,501,395
비즈니스온 138580 매각예정비유동자산 0 0
비즈니스온 138580 비유동자산 2,172,184,364 5,226,725,331
비즈니스온 138580 장기금융상품 1,102,421,092 5,226,725,331
비즈니스온 138580 기타포괄손익-공정가치 0 0
비즈니스온 138580 당기손익인식공정가치측정금융자산 0 0
비즈니스온 138580 종속회사투자 0 0
비즈니스온 138580 관계회사투자 0 0
비즈니스온 138580 렌탈자산 0 0
비즈니스온 138580 유형자산 169,405,242 118,748,726
비즈니스온 138580 무형자산 1,406,640,418 1,292,646,821
비즈니스온 138580 기타비유동금융자산 159,993,818 1,659,993,818
비즈니스온 138580 기타비유동자산 0 0
비즈니스온 138580 사용권자산 0 0
비즈니스온 138580 이연법인세자산 436,144,886 1,052,914,874
비즈니스온 138580 자산총계 35,946,790,365 16,765,607,562
비즈니스온 138580 유동부채 3,556,963,211 4,448,177,507
비즈니스온 138580 단기매입채무 0 0
비즈니스온 138580 단기차입금 0 0
비즈니스온 138580 유동성장기차입금 0 0
비즈니스온 138580 유동성사채 0 0
비즈니스온 138580 기타유동금융부채 0 0
비즈니스온 138580 기타유동부채 1,776,004,449 1,774,028,478
비즈니스온 138580 당기법인세부채 383,178,940 612,940,916
비즈니스온 138580 유동리스부채 0 0
비즈니스온 138580 비유동부채 324,359,496 2,553,537,959
비즈니스온 138580 사채 0 0
비즈니스온 138580 장기차입금 0 0
비즈니스온 138580 기타비유동금융부채 0 0
비즈니스온 138580 이연법인세부채 0 0
비즈니스온 138580 비유동리스부채 0 0
비즈니스온 138580 부채총계 3,881,322,707 7,001,715,466
비즈니스온 138580 자본금 4,772,470,000 3,795,000,000
비즈니스온 138580 자본잉여금 18,325,070,210 2,400,000,000
비즈니스온 138580 자본조정 0 0
비즈니스온 138580 기타포괄손익누계액 0 0
비즈니스온 138580 이익잉여금(결손금) 8,966,840,040 3,568,892,096
비즈니스온 138580 자본총계 32,065,467,658 9,763,892,096
비즈니스온 138580 자본과부채총계 35,946,790,365 16,765,607,562
date : 2018-03-31
비즈니스온 138580 유동자산 35,482,295,863 33,774,606,001
비즈니스온 138580 현금및현금성자산 6,650,069,130 4,463,331,089
비즈니스온 138580 매출채권 2,497,673,673 2,040,012,977
비즈니스온 138580 재고자산 0 0
비즈니스온 138580 기타유동금융자산 0 0
비즈니스온 138580 기타유동자산 272,932,728 225,177,095
비즈니스온 138580 매각예정비유동자산 0 0
비즈니스온 138580 비유동자산 2,180,234,143 2,126,378,364
비즈니스온 138580 장기금융상품 0 2,126,378,364
비즈니스온 138580 기타포괄손익-공정가치 0 0
비즈니스온 138580 당기손익인식공정가치측정금융자산 0 0
비즈니스온 138580 종속회사투자 0 0
비즈니스온 138580 관계회사투자 0 0
비즈니스온 138580 렌탈자산 0 0
비즈니스온 138580 유형자산 175,614,592 169,405,242
비즈니스온 138580 무형자산 1,455,786,847 1,406,640,418
비즈니스온 138580 기타비유동금융자산 158,493,818 159,993,818
비즈니스온 138580 기타비유동자산 0 0
비즈니스온 138580 사용권자산 0 0
비즈니스온 138580 이연법인세자산 390,338,886 390,338,886
비즈니스온 138580 자산총계 37,662,530,006 35,900,984,365
비즈니스온 138580 유동부채 5,630,515,589 3,564,135,941
비즈니스온 138580 단기매입채무 0 0
비즈니스온 138580 단기차입금 0 0
비즈니스온 138580 유동성장기차입금 0 0
비즈니스온 138580 유동성사채 0 0
비즈니스온 138580 기타유동금융부채 0 0
비즈니스온 138580 기타유동부채 1,808,821,883 1,776,004,449
비즈니스온 138580 당기법인세부채 724,338,391 390,351,670
비즈니스온 138580 유동리스부채 0 0
비즈니스온 138580 비유동부채 385,555,291 324,359,496
비즈니스온 138580 사채 0 0
비즈니스온 138580 장기차입금 0 0
비즈니스온 138580 기타비유동금융부채 0 0
비즈니스온 138580 이연법인세부채 0 0
비즈니스온 138580 비유동리스부채 0 0
비즈니스온 138580 부채총계 6,016,070,880 3,888,495,437
비즈니스온 138580 자본금 4,772,470,000 4,772,470,000
비즈니스온 138580 자본잉여금 18,325,070,210 18,325,070,210
비즈니스온 138580 자본조정 0 0
비즈니스온 138580 기타포괄손익누계액 0 0
비즈니스온 138580 이익잉여금(결손금) 8,548,070,738 8,914,100,540
비즈니스온 138580 자본총계 31,646,459,126 32,012,488,928
비즈니스온 138580 자본과부채총계 37,662,530,006 35,900,984,365
date : 2018-06-30
비즈니스온 138580 유동자산 34,220,911,088 33,774,606,001
비즈니스온 138580 현금및현금성자산 4,935,402,124 4,463,331,089
비즈니스온 138580 매출채권 및 기타채권
비즈니스온 138580 재고자산 0 0
비즈니스온 138580 기타유동금융자산 0 0
비즈니스온 138580 기타유동자산 155,875,747 225,177,095
비즈니스온 138580 매각예정비유동자산 0 0
비즈니스온 138580 비유동자산 2,353,571,646 2,126,378,364
비즈니스온 138580 장기금융상품 0 0
비즈니스온 138580 기타포괄손익-공정가치 0 0
비즈니스온 138580 당기손익인식공정가치측정금융자산 0 0
비즈니스온 138580 종속회사투자 0 0
비즈니스온 138580 관계회사투자 0 0
비즈니스온 138580 렌탈자산 0 0
비즈니스온 138580 유형자산 161,380,738 169,405,242
비즈니스온 138580 무형자산 1,643,358,204 1,406,640,418
비즈니스온 138580 기타비유동금융자산 158,493,818 159,993,818
비즈니스온 138580 기타비유동자산 0 0
비즈니스온 138580 사용권자산 0 0
비즈니스온 138580 이연법인세자산 390,338,886 390,338,886
비즈니스온 138580 자산총계 36,574,482,734 35,900,984,365
비즈니스온 138580 유동부채 2,968,017,489 3,564,135,941
비즈니스온 138580 단기매입채무 0 0
비즈니스온 138580 단기차입금 0 0
비즈니스온 138580 유동성장기차입금 0 0
비즈니스온 138580 유동성사채 0 0
비즈니스온 138580 기타유동금융부채 0 0
비즈니스온 138580 기타유동부채 1,773,135,743 1,776,004,449
비즈니스온 138580 당기법인세부채 357,461,768 390,351,670
비즈니스온 138580 유동리스부채 0 0
비즈니스온 138580 비유동부채 322,280,739 324,359,496
비즈니스온 138580 사채 0 0
비즈니스온 138580 장기차입금 0 0
비즈니스온 138580 기타비유동금융부채 0 0
비즈니스온 138580 이연법인세부채 0 0
비즈니스온 138580 비유동리스부채 0 0
비즈니스온 138580 부채총계 3,290,298,228 3,888,495,437
비즈니스온 138580 자본금 4,772,470,000 4,772,470,000
비즈니스온 138580 자본잉여금 18,325,070,210 18,325,070,210
비즈니스온 138580 자본조정 0 0
비즈니스온 138580 기타포괄손익누계액 0 0
비즈니스온 138580 이익잉여금(결손금) 0 0
비즈니스온 138580 자본총계 33,284,184,506 32,012,488,928
비즈니스온 138580 자본과부채총계 36,574,482,734 35,900,984,365
date : 2018-09-30
비즈니스온 138580 유동자산 35,499,715,969 33,774,606,001
비즈니스온 138580 현금및현금성자산 6,659,571,162 4,463,331,089
비즈니스온 138580 매출채권 및 기타채권
비즈니스온 138580 재고자산 0 0
비즈니스온 138580 기타유동금융자산 0 0
비즈니스온 138580 기타유동자산 125,023,740 225,177,095
비즈니스온 138580 매각예정비유동자산 0 0
비즈니스온 138580 비유동자산 2,732,467,641 2,126,378,364
비즈니스온 138580 장기금융상품 300,000,000 2,126,378,364
비즈니스온 138580 기타포괄손익-공정가치 0 0
비즈니스온 138580 당기손익인식공정가치측정금융자산 0 0
비즈니스온 138580 종속회사투자 0 0
비즈니스온 138580 관계회사투자 0 0
비즈니스온 138580 렌탈자산 0 0
비즈니스온 138580 유형자산 154,449,004 169,405,242
비즈니스온 138580 무형자산 1,729,185,933 1,406,640,418
비즈니스온 138580 기타비유동금융자산 158,493,818 159,993,818
비즈니스온 138580 기타비유동자산 0 0
비즈니스온 138580 사용권자산 0 0
비즈니스온 138580 이연법인세자산 390,338,886 390,338,886
비즈니스온 138580 자산총계 38,232,183,610 35,900,984,365
비즈니스온 138580 유동부채 2,990,582,243 3,564,135,941
비즈니스온 138580 단기매입채무 0 0
비즈니스온 138580 단기차입금 0 0
비즈니스온 138580 유동성장기차입금 0 0
비즈니스온 138580 유동성사채 0 0
비즈니스온 138580 기타유동금융부채 0 0
비즈니스온 138580 기타유동부채 1,796,685,036 1,776,004,449
비즈니스온 138580 당기법인세부채 357,461,772 390,351,670
비즈니스온 138580 유동리스부채 0 0
비즈니스온 138580 비유동부채 391,860,511 324,359,496
비즈니스온 138580 사채 0 0
비즈니스온 138580 장기차입금 0 0
비즈니스온 138580 기타비유동금융부채 0 0
비즈니스온 138580 이연법인세부채 0 0
비즈니스온 138580 비유동리스부채 0 0
비즈니스온 138580 부채총계 3,382,442,754 3,888,495,437
비즈니스온 138580 자본금 4,772,470,000 4,772,470,000
비즈니스온 138580 자본잉여금 18,325,070,210 18,325,070,210
비즈니스온 138580 자본조정 0 0
비즈니스온 138580 기타포괄손익누계액 0 0
비즈니스온 138580 이익잉여금(결손금) 0 0
비즈니스온 138580 자본총계 34,849,740,856 32,012,488,928
비즈니스온 138580 자본과부채총계 38,232,183,610 35,900,984,365
date : 2018-12-31
비즈니스온 138580 유동자산 37,039,297,649 33,774,606,001
비즈니스온 138580 현금및현금성자산 4,180,208,783 4,463,331,089
비즈니스온 138580 매출채권 0 0
비즈니스온 138580 재고자산 0 0
비즈니스온 138580 기타유동금융자산 0 0
비즈니스온 138580 기타유동자산 301,226,846 225,177,095
비즈니스온 138580 매각예정비유동자산 0 0
비즈니스온 138580 비유동자산 2,747,820,731 2,126,378,364
비즈니스온 138580 장기금융상품 300,000,000 0
비즈니스온 138580 기타포괄손익-공정가치 0 0
비즈니스온 138580 당기손익인식공정가치측정금융자산 0 0
비즈니스온 138580 종속회사투자 0 0
비즈니스온 138580 관계회사투자 0 0
비즈니스온 138580 렌탈자산 0 0
비즈니스온 138580 유형자산 147,803,292 169,405,242
비즈니스온 138580 무형자산 1,901,773,912 1,406,640,418
비즈니스온 138580 기타비유동금융자산 158,493,818 159,993,818
비즈니스온 138580 기타비유동자산 0 0
비즈니스온 138580 사용권자산 0 0
비즈니스온 138580 이연법인세자산 239,749,709 390,338,886
비즈니스온 138580 자산총계 39,787,118,380 35,900,984,365
비즈니스온 138580 유동부채 4,047,029,162 3,564,135,941
비즈니스온 138580 단기매입채무 0 0
비즈니스온 138580 단기차입금 0 0
비즈니스온 138580 유동성장기차입금 0 0
비즈니스온 138580 유동성사채 0 0
비즈니스온 138580 기타유동금융부채 0 0
비즈니스온 138580 기타유동부채 1,693,041,540 1,776,004,449
비즈니스온 138580 당기법인세부채 630,560,377 390,351,670
비즈니스온 138580 유동리스부채 0 0
비즈니스온 138580 비유동부채 333,114,349 324,359,496
비즈니스온 138580 사채 0 0
비즈니스온 138580 장기차입금 0 0
비즈니스온 138580 기타비유동금융부채 0 0
비즈니스온 138580 이연법인세부채 0 0
비즈니스온 138580 비유동리스부채 0 0
비즈니스온 138580 부채총계 4,380,143,511 3,888,495,437
비즈니스온 138580 자본금 4,772,470,000 4,772,470,000
비즈니스온 138580 자본잉여금 18,325,070,210 18,325,070,210
비즈니스온 138580 자본조정 0 0
비즈니스온 138580 기타포괄손익누계액 0 0
비즈니스온 138580 이익잉여금(결손금) 12,309,434,659 8,914,100,540
비즈니스온 138580 자본총계 35,406,974,869 32,012,488,928
비즈니스온 138580 자본과부채총계 39,787,118,380 35,900,984,365
date : 2019-03-31
비즈니스온 138580 유동자산 38,026,275,035 37,039,297,649
비즈니스온 138580 현금및현금성자산 5,583,425,090 4,180,208,783
비즈니스온 138580 매출채권 0 0
비즈니스온 138580 재고자산 0 0
비즈니스온 138580 기타유동금융자산 0 0
비즈니스온 138580 기타유동자산 214,187,402 301,226,846
비즈니스온 138580 매각예정비유동자산 0 0
비즈니스온 138580 비유동자산 3,552,802,336 2,747,820,731
비즈니스온 138580 장기금융상품 300,000,000 300,000,000
비즈니스온 138580 기타포괄손익-공정가치 0 0
비즈니스온 138580 당기손익인식공정가치측정금융자산 0 0
비즈니스온 138580 종속회사투자 0 0
비즈니스온 138580 관계회사투자 0 0
비즈니스온 138580 렌탈자산 0 0
비즈니스온 138580 유형자산 198,130,654 147,803,292
비즈니스온 138580 무형자산 1,974,581,125 1,901,773,912
비즈니스온 138580 기타비유동금융자산 135,730,893 158,493,818
비즈니스온 138580 기타비유동자산 704,609,955 0
비즈니스온 138580 사용권자산 0 0
비즈니스온 138580 이연법인세자산 239,749,709 239,749,709
비즈니스온 138580 자산총계 41,579,077,371 39,787,118,380
비즈니스온 138580 유동부채 5,773,132,515 4,047,029,162
비즈니스온 138580 단기매입채무 0 0
비즈니스온 138580 단기차입금 0 0
비즈니스온 138580 유동성장기차입금 0 0
비즈니스온 138580 유동성사채 0 0
비즈니스온 138580 기타유동금융부채 0 0
비즈니스온 138580 기타유동부채 1,705,892,294 1,693,041,540
비즈니스온 138580 당기법인세부채 850,616,273 630,560,377
비즈니스온 138580 유동리스부채 0 0
비즈니스온 138580 비유동부채 1,118,203,908 333,114,349
비즈니스온 138580 사채 0 0
비즈니스온 138580 장기차입금 0 0
비즈니스온 138580 기타비유동금융부채 0 0
비즈니스온 138580 이연법인세부채 0 0
비즈니스온 138580 비유동리스부채 0 0
비즈니스온 138580 부채총계 6,891,336,423 4,380,143,511
비즈니스온 138580 자본금 4,772,470,000 4,772,470,000
비즈니스온 138580 자본잉여금 18,325,070,210 18,325,070,210
비즈니스온 138580 자본조정 0 0
비즈니스온 138580 기타포괄손익누계액 0 0
비즈니스온 138580 이익잉여금(결손금) 11,590,200,738 12,309,434,659
비즈니스온 138580 자본총계 34,687,740,948 35,406,974,869
비즈니스온 138580 자본과부채총계 41,579,077,371 39,787,118,380
