date : 2015-12-31
엘아이에스 138690 유동자산 36,524,795,212 28,467,016,324
엘아이에스 138690 현금및현금성자산 20,058,389,831 6,233,762,781
엘아이에스 138690 매출채권 0 0
엘아이에스 138690 재고자산 5,358,753,859 5,377,193,364
엘아이에스 138690 기타유동금융자산 0 0
엘아이에스 138690 기타유동자산 1,688,847,057 374,386,342
엘아이에스 138690 매각예정비유동자산 0 0
엘아이에스 138690 비유동자산 50,625,454,171 16,040,864,112
엘아이에스 138690 장기금융상품 0 0
엘아이에스 138690 기타포괄손익-공정가치 0 0
엘아이에스 138690 당기손익인식공정가치측정금융자산 0 0
엘아이에스 138690 종속회사투자 0 0
엘아이에스 138690 관계회사투자 0 0
엘아이에스 138690 렌탈자산 0 0
엘아이에스 138690 유형자산 11,870,811,722 13,378,333,901
엘아이에스 138690 무형자산 1,727,647,024 1,202,644,855
엘아이에스 138690 기타비유동금융자산 0 0
엘아이에스 138690 기타비유동자산 2,892,186,512 907,861,422
엘아이에스 138690 사용권자산 0 0
엘아이에스 138690 이연법인세자산 3,787,461,393 2,006,852,456
엘아이에스 138690 자산총계 87,150,249,383 44,507,880,436
엘아이에스 138690 유동부채 29,481,832,263 29,851,356,763
엘아이에스 138690 단기매입채무 0 0
엘아이에스 138690 단기차입금 4,950,000,000 12,795,723,846
엘아이에스 138690 유동성장기차입금 0 0
엘아이에스 138690 유동성사채 0 0
엘아이에스 138690 기타유동금융부채 0 0
엘아이에스 138690 기타유동부채 1,706,486,824 421,193,164
엘아이에스 138690 당기법인세부채 0 0
엘아이에스 138690 유동리스부채 0 0
엘아이에스 138690 비유동부채 3,315,651,823 4,011,481,814
엘아이에스 138690 사채 0 0
엘아이에스 138690 장기차입금 580,590,000 1,804,710,000
엘아이에스 138690 기타비유동금융부채 0 0
엘아이에스 138690 이연법인세부채 0 0
엘아이에스 138690 비유동리스부채 0 0
엘아이에스 138690 부채총계 32,797,484,086 33,862,838,577
엘아이에스 138690 자본금 6,076,471,500 4,874,266,000
엘아이에스 138690 자본잉여금 45,139,696,903 31,094,146,238
엘아이에스 138690 자본조정 0 0
엘아이에스 138690 기타포괄손익누계액 0 0
엘아이에스 138690 이익잉여금(결손금) -806,710,917 -26,202,700,381
엘아이에스 138690 자본총계 54,352,765,297 10,645,041,859
엘아이에스 138690 자본과부채총계 87,150,249,383 44,507,880,436
date : 2016-03-31
엘아이에스 138690 유동자산 29,813,449,315 36,524,795,212
엘아이에스 138690 현금및현금성자산 8,514,010,479 20,058,389,831
엘아이에스 138690 매출채권 0 0
엘아이에스 138690 재고자산 5,389,107,830 5,358,753,859
엘아이에스 138690 기타유동금융자산 0 0
엘아이에스 138690 기타유동자산 1,688,376,900 1,688,847,057
엘아이에스 138690 매각예정비유동자산 0 0
엘아이에스 138690 비유동자산 57,760,415,380 50,625,454,171
엘아이에스 138690 장기금융상품 0 0
엘아이에스 138690 기타포괄손익-공정가치 0 0
엘아이에스 138690 당기손익인식공정가치측정금융자산 0 0
엘아이에스 138690 종속회사투자 0 0
엘아이에스 138690 관계회사투자 0 0
엘아이에스 138690 렌탈자산 0 0
엘아이에스 138690 유형자산 11,917,623,519 11,870,811,722
엘아이에스 138690 무형자산 1,955,278,172 1,727,647,024
엘아이에스 138690 기타비유동금융자산 0 0
엘아이에스 138690 기타비유동자산 2,934,788,616 2,892,186,512
엘아이에스 138690 사용권자산 0 0
엘아이에스 138690 이연법인세자산 3,787,461,393 3,787,461,393
엘아이에스 138690 자산총계 87,573,864,695 87,150,249,383
엘아이에스 138690 유동부채 29,259,472,986 27,906,433,626
엘아이에스 138690 단기매입채무 0 0
엘아이에스 138690 단기차입금 4,950,000,000 4,950,000,000
엘아이에스 138690 유동성장기차입금 0 0
엘아이에스 138690 유동성사채 0 0
엘아이에스 138690 기타유동금융부채 0 0
엘아이에스 138690 기타유동부채 2,267,421,590 1,706,486,824
엘아이에스 138690 당기법인세부채 0 0
엘아이에스 138690 유동리스부채 0 0
엘아이에스 138690 비유동부채 3,321,146,571 3,315,651,823
엘아이에스 138690 사채 0 0
엘아이에스 138690 장기차입금 387,060,000 580,590,000
엘아이에스 138690 기타비유동금융부채 0 0
엘아이에스 138690 이연법인세부채 0 0
엘아이에스 138690 비유동리스부채 0 0
엘아이에스 138690 부채총계 32,580,619,557 31,222,085,449
엘아이에스 138690 자본금 6,076,471,500 6,076,471,500
엘아이에스 138690 자본잉여금 46,581,023,875 46,581,023,875
엘아이에스 138690 자본조정 0 0
엘아이에스 138690 기타포괄손익누계액 0 0
엘아이에스 138690 이익잉여금(결손금) -3,207,247,506 -2,272,328,710
엘아이에스 138690 자본총계 54,993,245,138 55,928,163,934
엘아이에스 138690 자본과부채총계 87,573,864,695 87,150,249,383
date : 2016-06-30
엘아이에스 138690 유동자산 26,048,579,733 36,524,795,212
엘아이에스 138690 현금및현금성자산 1,261,811,734 20,058,389,831
엘아이에스 138690 매출채권 0 0
엘아이에스 138690 재고자산 6,102,783,995 5,358,753,859
엘아이에스 138690 기타유동금융자산 0 0
엘아이에스 138690 기타유동자산 3,923,280,798 1,688,847,057
엘아이에스 138690 매각예정비유동자산 0 0
엘아이에스 138690 비유동자산 59,393,187,055 50,625,454,171
엘아이에스 138690 장기금융상품 0 0
엘아이에스 138690 기타포괄손익-공정가치 0 0
엘아이에스 138690 당기손익인식공정가치측정금융자산 0 0
엘아이에스 138690 종속회사투자 0 0
엘아이에스 138690 관계회사투자 0 0
엘아이에스 138690 렌탈자산 0 0
엘아이에스 138690 유형자산 11,398,791,944 11,870,811,722
엘아이에스 138690 무형자산 1,619,135,842 1,727,647,024
엘아이에스 138690 기타비유동금융자산 0 0
엘아이에스 138690 기타비유동자산 2,330,850,327 2,892,186,512
엘아이에스 138690 사용권자산 0 0
엘아이에스 138690 이연법인세자산 3,958,623,020 3,787,461,393
엘아이에스 138690 자산총계 85,441,766,788 87,150,249,383
엘아이에스 138690 유동부채 22,252,137,947 27,906,433,626
엘아이에스 138690 단기매입채무 0 0
엘아이에스 138690 단기차입금 2,930,000,000 4,950,000,000
엘아이에스 138690 유동성장기차입금 0 0
엘아이에스 138690 유동성사채 0 0
엘아이에스 138690 기타유동금융부채 0 0
엘아이에스 138690 기타유동부채 2,178,968,469 1,706,486,824
엘아이에스 138690 당기법인세부채 0 0
엘아이에스 138690 유동리스부채 0 0
엘아이에스 138690 비유동부채 5,202,932,927 3,315,651,823
엘아이에스 138690 사채 0 0
엘아이에스 138690 장기차입금 2,193,530,000 580,590,000
엘아이에스 138690 기타비유동금융부채 0 0
엘아이에스 138690 이연법인세부채 0 0
엘아이에스 138690 비유동리스부채 0 0
엘아이에스 138690 부채총계 27,455,070,874 31,222,085,449
엘아이에스 138690 자본금 6,301,314,500 6,076,471,500
엘아이에스 138690 자본잉여금 52,362,959,435 46,581,023,875
엘아이에스 138690 자본조정 0 0
엘아이에스 138690 기타포괄손익누계액 0 0
엘아이에스 138690 이익잉여금(결손금) -5,068,043,312 -2,272,328,710
엘아이에스 138690 자본총계 57,986,695,914 55,928,163,934
엘아이에스 138690 자본과부채총계 85,441,766,788 87,150,249,383
date : 2016-09-30
엘아이에스 138690 유동자산 27,283,299,764 36,524,795,212
엘아이에스 138690 현금및현금성자산 971,603,499 20,058,389,831
엘아이에스 138690 매출채권 0 0
엘아이에스 138690 재고자산 5,769,000,813 5,358,753,859
엘아이에스 138690 기타유동금융자산 0 0
엘아이에스 138690 기타유동자산 7,454,988,602 1,688,847,057
엘아이에스 138690 매각예정비유동자산 0 0
엘아이에스 138690 비유동자산 55,309,467,608 50,625,454,171
엘아이에스 138690 장기금융상품 0 0
엘아이에스 138690 기타포괄손익-공정가치 0 0
엘아이에스 138690 당기손익인식공정가치측정금융자산 0 0
엘아이에스 138690 종속회사투자 0 0
엘아이에스 138690 관계회사투자 0 0
엘아이에스 138690 렌탈자산 0 0
엘아이에스 138690 유형자산 9,832,281,715 11,870,811,722
엘아이에스 138690 무형자산 1,487,754,698 1,727,647,024
엘아이에스 138690 기타비유동금융자산 0 0
엘아이에스 138690 기타비유동자산 2,525,767,885 2,892,186,512
엘아이에스 138690 사용권자산 0 0
엘아이에스 138690 이연법인세자산 4,008,581,964 3,787,461,393
엘아이에스 138690 자산총계 82,592,767,372 87,150,249,383
엘아이에스 138690 유동부채 30,098,177,349 27,906,433,626
엘아이에스 138690 단기매입채무 0 0
엘아이에스 138690 단기차입금 4,454,120,000 4,950,000,000
엘아이에스 138690 유동성장기차입금 0 0
엘아이에스 138690 유동성사채 0 0
엘아이에스 138690 기타유동금융부채 0 0
엘아이에스 138690 기타유동부채 6,454,835,267 1,706,486,824
엘아이에스 138690 당기법인세부채 0 0
엘아이에스 138690 유동리스부채 0 0
엘아이에스 138690 비유동부채 5,341,496,220 3,315,651,823
엘아이에스 138690 사채 0 0
엘아이에스 138690 장기차입금 2,000,000,000 580,590,000
엘아이에스 138690 기타비유동금융부채 0 0
엘아이에스 138690 이연법인세부채 0 0
엘아이에스 138690 비유동리스부채 0 0
엘아이에스 138690 부채총계 35,439,673,569 31,222,085,449
엘아이에스 138690 자본금 6,301,314,500 6,076,471,500
엘아이에스 138690 자본잉여금 52,362,959,435 46,581,023,875
엘아이에스 138690 자본조정 0 0
엘아이에스 138690 기타포괄손익누계액 0 0
엘아이에스 138690 이익잉여금(결손금) -15,940,759,087 -2,272,328,710
엘아이에스 138690 자본총계 47,153,093,803 55,928,163,934
엘아이에스 138690 자본과부채총계 82,592,767,372 87,150,249,383
date : 2016-12-31
엘아이에스 138690 유동자산 53,764,951,102 36,524,795,212
엘아이에스 138690 현금및현금성자산 3,445,345,990 20,058,389,831
엘아이에스 138690 매출채권 0 0
엘아이에스 138690 재고자산 30,053,091,870 5,358,753,859
엘아이에스 138690 기타유동금융자산 0 0
엘아이에스 138690 기타유동자산 2,241,214,254 1,688,847,057
엘아이에스 138690 매각예정비유동자산 0 0
엘아이에스 138690 비유동자산 53,840,184,574 51,501,247,131
엘아이에스 138690 장기금융상품 0 0
엘아이에스 138690 기타포괄손익-공정가치 0 0
엘아이에스 138690 당기손익인식공정가치측정금융자산 0 0
엘아이에스 138690 종속회사투자 0 0
엘아이에스 138690 관계회사투자 0 0
엘아이에스 138690 렌탈자산 0 0
엘아이에스 138690 유형자산 10,017,979,999 11,870,811,722
엘아이에스 138690 무형자산 1,361,556,328 1,727,647,024
엘아이에스 138690 기타비유동금융자산 0 0
엘아이에스 138690 기타비유동자산 2,654,727,043 2,892,186,512
엘아이에스 138690 사용권자산 0 0
엘아이에스 138690 이연법인세자산 8,877,563,150 4,663,254,353
엘아이에스 138690 자산총계 107,605,135,676 88,026,042,343
엘아이에스 138690 유동부채 45,198,135,554 31,887,310,721
엘아이에스 138690 단기매입채무 0 0
엘아이에스 138690 단기차입금 3,705,181,089 4,950,000,000
엘아이에스 138690 유동성장기차입금 0 0
엘아이에스 138690 유동성사채 0 0
엘아이에스 138690 기타유동금융부채 0 0
엘아이에스 138690 기타유동부채 4,955,255,714 1,706,486,824
엘아이에스 138690 당기법인세부채 0 0
엘아이에스 138690 유동리스부채 0 0
엘아이에스 138690 비유동부채 14,466,436,107 3,315,651,823
엘아이에스 138690 사채 0 0
엘아이에스 138690 장기차입금 2,000,000,000 580,590,000
엘아이에스 138690 기타비유동금융부채 0 0
엘아이에스 138690 이연법인세부채 0 0
엘아이에스 138690 비유동리스부채 0 0
엘아이에스 138690 부채총계 59,664,571,661 35,202,962,544
엘아이에스 138690 자본금 6,773,717,000 6,076,471,500
엘아이에스 138690 자본잉여금 59,180,505,554 45,169,303,588
엘아이에스 138690 자본조정 0 0
엘아이에스 138690 기타포괄손익누계액 0 0
엘아이에스 138690 이익잉여금(결손금) -19,122,759,798 -366,588,365
엘아이에스 138690 자본총계 47,940,564,015 52,823,079,799
엘아이에스 138690 자본과부채총계 107,605,135,676 88,026,042,343
date : 2017-03-31
엘아이에스 138690 유동자산 51,869,565,541 53,764,951,102
엘아이에스 138690 현금및현금성자산 1,361,151,399 3,445,345,990
엘아이에스 138690 매출채권 0 0
엘아이에스 138690 재고자산 19,943,900,727 30,053,091,870
엘아이에스 138690 기타유동금융자산 0 0
엘아이에스 138690 기타유동자산 2,133,521,712 2,241,214,254
엘아이에스 138690 매각예정비유동자산 0 0
엘아이에스 138690 비유동자산 53,804,796,808 53,840,184,574
엘아이에스 138690 장기금융상품 0 0
엘아이에스 138690 기타포괄손익-공정가치 0 0
엘아이에스 138690 당기손익인식공정가치측정금융자산 0 0
엘아이에스 138690 종속회사투자 0 0
엘아이에스 138690 관계회사투자 0 0
엘아이에스 138690 렌탈자산 0 0
엘아이에스 138690 유형자산 8,962,843,290 10,017,979,999
엘아이에스 138690 무형자산 1,199,717,398 1,361,556,328
엘아이에스 138690 기타비유동금융자산 0 0
엘아이에스 138690 기타비유동자산 2,400,932,356 2,654,727,043
엘아이에스 138690 사용권자산 0 0
엘아이에스 138690 이연법인세자산 8,755,183,310 8,877,563,150
엘아이에스 138690 자산총계 105,674,362,349 107,605,135,676
엘아이에스 138690 유동부채 36,832,036,521 45,198,135,554
엘아이에스 138690 단기매입채무 0 0
엘아이에스 138690 단기차입금 8,132,800,000 3,705,181,089
엘아이에스 138690 유동성장기차입금 0 0
엘아이에스 138690 유동성사채 0 0
엘아이에스 138690 기타유동금융부채 0 0
엘아이에스 138690 기타유동부채 4,881,757,252 4,955,255,714
엘아이에스 138690 당기법인세부채 0 0
엘아이에스 138690 유동리스부채 0 0
엘아이에스 138690 비유동부채 22,062,181,734 14,466,436,107
엘아이에스 138690 사채 0 0
엘아이에스 138690 장기차입금 2,000,000,000 2,000,000,000
엘아이에스 138690 기타비유동금융부채 0 0
엘아이에스 138690 이연법인세부채 0 0
엘아이에스 138690 비유동리스부채 0 0
엘아이에스 138690 부채총계 58,894,218,255 59,664,571,661
엘아이에스 138690 자본금 6,773,717,000 6,773,717,000
엘아이에스 138690 자본잉여금 59,180,505,554 59,180,505,554
엘아이에스 138690 자본조정 0 0
엘아이에스 138690 기타포괄손익누계액 0 0
엘아이에스 138690 이익잉여금(결손금) -20,686,195,384 -19,122,759,798
엘아이에스 138690 자본총계 46,780,144,094 47,940,564,015
엘아이에스 138690 자본과부채총계 105,674,362,349 107,605,135,676
date : 2017-06-30
엘아이에스 138690 유동자산 46,215,162,259 53,764,951,102
엘아이에스 138690 현금및현금성자산 3,048,496,028 3,445,345,990
엘아이에스 138690 매출채권 0 0
엘아이에스 138690 재고자산 7,250,133,334 30,053,091,870
엘아이에스 138690 기타유동금융자산 0 0
엘아이에스 138690 기타유동자산 540,683,473 2,241,214,254
엘아이에스 138690 매각예정비유동자산 0 0
엘아이에스 138690 비유동자산 40,535,254,071 53,840,184,574
엘아이에스 138690 장기금융상품 0 0
엘아이에스 138690 기타포괄손익-공정가치 0 0
엘아이에스 138690 당기손익인식공정가치측정금융자산 0 0
엘아이에스 138690 종속회사투자 0 0
엘아이에스 138690 관계회사투자 0 0
엘아이에스 138690 렌탈자산 0 0
엘아이에스 138690 유형자산 8,796,071,846 10,017,979,999
엘아이에스 138690 무형자산 1,066,540,147 1,361,556,328
엘아이에스 138690 기타비유동금융자산 0 0
엘아이에스 138690 기타비유동자산 2,136,610,635 2,654,727,043
엘아이에스 138690 사용권자산 0 0
엘아이에스 138690 이연법인세자산 8,710,891,488 8,877,563,150
엘아이에스 138690 자산총계 86,750,416,330 107,605,135,676
엘아이에스 138690 유동부채 28,583,432,208 45,198,135,554
엘아이에스 138690 단기매입채무 0 0
엘아이에스 138690 단기차입금 2,800,000,000 3,705,181,089
엘아이에스 138690 유동성장기차입금 0 0
엘아이에스 138690 유동성사채 0 0
엘아이에스 138690 기타유동금융부채 0 0
엘아이에스 138690 기타유동부채 873,815,168 4,955,255,714
엘아이에스 138690 당기법인세부채 5,087,196 3,705,181,089
엘아이에스 138690 유동리스부채 0 0
엘아이에스 138690 비유동부채 12,910,477,176 14,466,436,107
엘아이에스 138690 사채 0 0
엘아이에스 138690 장기차입금 2,000,000,000 2,000,000,000
엘아이에스 138690 기타비유동금융부채 0 0
엘아이에스 138690 이연법인세부채 0 0
엘아이에스 138690 비유동리스부채 0 0
엘아이에스 138690 부채총계 41,493,909,384 59,664,571,661
엘아이에스 138690 자본금 6,828,166,000 6,773,717,000
엘아이에스 138690 자본잉여금 0 0
엘아이에스 138690 자본조정 0 0
엘아이에스 138690 기타포괄손익누계액 0 0
엘아이에스 138690 이익잉여금(결손금) -22,749,171,297 -19,122,759,798
엘아이에스 138690 자본총계 45,256,506,946 47,940,564,015
엘아이에스 138690 자본과부채총계 86,750,416,330 107,605,135,676
date : 2017-09-30
엘아이에스 138690 유동자산 61,655,270,658 53,764,951,102
엘아이에스 138690 현금및현금성자산 167,645,360 3,445,345,990
엘아이에스 138690 매출채권 및 기타채권
엘아이에스 138690 재고자산 17,468,424,603 30,053,091,870
엘아이에스 138690 기타유동금융자산 0 0
엘아이에스 138690 기타유동자산 6,513,613,525 2,241,214,254
엘아이에스 138690 매각예정비유동자산 0 0
엘아이에스 138690 비유동자산 43,644,297,273 53,840,184,574
엘아이에스 138690 장기금융상품 0 0
엘아이에스 138690 기타포괄손익-공정가치 0 0
엘아이에스 138690 당기손익인식공정가치측정금융자산 0 0
엘아이에스 138690 종속회사투자 0 0
엘아이에스 138690 관계회사투자 0 0
엘아이에스 138690 렌탈자산 0 0
엘아이에스 138690 유형자산 9,121,874,017 10,017,979,999
엘아이에스 138690 무형자산 943,299,092 1,361,556,328
엘아이에스 138690 기타비유동금융자산 0 0
엘아이에스 138690 기타비유동자산 1,895,092,721 2,654,727,043
엘아이에스 138690 사용권자산 0 0
엘아이에스 138690 이연법인세자산 8,710,891,488 8,877,563,150
엘아이에스 138690 자산총계 105,299,567,931 107,605,135,676
엘아이에스 138690 유동부채 56,102,333,098 45,198,135,554
엘아이에스 138690 단기매입채무 0 0
엘아이에스 138690 단기차입금 6,219,600,000 3,705,181,089
엘아이에스 138690 유동성장기차입금 0 0
엘아이에스 138690 유동성사채 0 0
엘아이에스 138690 기타유동금융부채 0 0
엘아이에스 138690 기타유동부채 1,142,031,918 4,955,255,714
엘아이에스 138690 당기법인세부채 5,087,196 0
엘아이에스 138690 유동리스부채 0 0
엘아이에스 138690 비유동부채 5,389,766,951 14,466,436,107
엘아이에스 138690 사채 0 0
엘아이에스 138690 장기차입금 2,000,000,000 2,000,000,000
엘아이에스 138690 기타비유동금융부채 0 0
엘아이에스 138690 이연법인세부채 0 0
엘아이에스 138690 비유동리스부채 0 0
엘아이에스 138690 부채총계 61,492,100,049 59,664,571,661
엘아이에스 138690 자본금 6,856,733,000 6,773,717,000
엘아이에스 138690 자본잉여금 60,504,614,810 59,180,505,554
엘아이에스 138690 자본조정 0 0
엘아이에스 138690 기타포괄손익누계액 0 0
엘아이에스 138690 이익잉여금(결손금) -25,509,437,751 -19,122,759,798
엘아이에스 138690 자본총계 43,807,467,882 47,940,564,015
엘아이에스 138690 자본과부채총계 105,299,567,931 107,605,135,676
date : 2017-12-31
엘아이에스 138690 유동자산 73,666,936,240 47,377,450,492
엘아이에스 138690 현금및현금성자산 6,741,810,287 3,445,345,990
엘아이에스 138690 매출채권 및 기타채권
엘아이에스 138690 재고자산 49,745,206,773 30,053,091,870
엘아이에스 138690 기타유동금융자산 0 0
엘아이에스 138690 기타유동자산 2,359,101,686 2,241,214,254
엘아이에스 138690 매각예정비유동자산 0 0
엘아이에스 138690 비유동자산 71,440,200,779 60,227,685,184
엘아이에스 138690 장기금융상품 0 0
엘아이에스 138690 기타포괄손익-공정가치 0 0
엘아이에스 138690 당기손익인식공정가치측정금융자산 0 0
엘아이에스 138690 종속회사투자 0 0
엘아이에스 138690 관계회사투자 0 0
엘아이에스 138690 렌탈자산 0 0
엘아이에스 138690 유형자산 38,426,919,837 10,017,979,999
엘아이에스 138690 무형자산 568,176,211 1,361,556,328
엘아이에스 138690 기타비유동금융자산 0 0
엘아이에스 138690 기타비유동자산 1,874,196,033 2,654,727,043
엘아이에스 138690 사용권자산 0 0
엘아이에스 138690 이연법인세자산 12,828,056,160 8,877,563,150
엘아이에스 138690 자산총계 145,107,137,019 107,605,135,676
엘아이에스 138690 유동부채 114,545,435,538 45,198,135,554
엘아이에스 138690 단기매입채무 0 0
엘아이에스 138690 단기차입금 40,196,000,000 3,705,181,089
엘아이에스 138690 유동성장기차입금 0 0
엘아이에스 138690 유동성사채 0 0
엘아이에스 138690 기타유동금융부채 0 0
엘아이에스 138690 기타유동부채 1,534,464,900 4,955,255,714
엘아이에스 138690 당기법인세부채 20,682,244 0
엘아이에스 138690 유동리스부채 0 0
엘아이에스 138690 비유동부채 13,929,844,761 14,466,436,107
엘아이에스 138690 사채 0 0
엘아이에스 138690 장기차입금 9,000,000,000 2,000,000,000
엘아이에스 138690 기타비유동금융부채 0 0
엘아이에스 138690 이연법인세부채 0 0
엘아이에스 138690 비유동리스부채 0 0
엘아이에스 138690 부채총계 128,475,280,299 59,664,571,661
엘아이에스 138690 자본금 6,965,017,000 6,773,717,000
엘아이에스 138690 자본잉여금 62,556,398,994 59,180,505,554
엘아이에스 138690 자본조정 0 0
엘아이에스 138690 기타포괄손익누계액 0 0
엘아이에스 138690 이익잉여금(결손금) -54,607,741,392 -19,122,759,798
엘아이에스 138690 자본총계 16,631,856,720 47,940,564,015
엘아이에스 138690 자본과부채총계 145,107,137,019 107,605,135,676
date : 2018-03-31
엘아이에스 138690 유동자산 86,096,679,281 73,666,936,240
엘아이에스 138690 현금및현금성자산 1,902,356,358 6,741,810,287
엘아이에스 138690 매출채권 및 기타채권
엘아이에스 138690 재고자산 44,801,312,693 49,745,206,773
엘아이에스 138690 기타유동금융자산 0 0
엘아이에스 138690 기타유동자산 1,571,314,185 2,359,101,686
엘아이에스 138690 매각예정비유동자산 0 0
엘아이에스 138690 비유동자산 80,840,821,640 72,928,664,507
엘아이에스 138690 장기금융상품 0 0
엘아이에스 138690 기타포괄손익-공정가치 0 0
엘아이에스 138690 당기손익인식공정가치측정금융자산 0 0
엘아이에스 138690 종속회사투자 0 0
엘아이에스 138690 관계회사투자 0 0
엘아이에스 138690 렌탈자산 0 0
엘아이에스 138690 유형자산 41,239,397,659 38,426,919,837
엘아이에스 138690 무형자산 509,358,297 568,176,211
엘아이에스 138690 기타비유동금융자산 0 0
엘아이에스 138690 기타비유동자산 1,841,804,905 1,874,196,033
엘아이에스 138690 사용권자산 0 0
엘아이에스 138690 이연법인세자산 14,316,519,888 14,316,519,888
엘아이에스 138690 자산총계 166,937,500,921 146,595,600,747
엘아이에스 138690 유동부채 131,100,247,250 114,524,753,294
엘아이에스 138690 단기매입채무 0 0
엘아이에스 138690 단기차입금 43,232,476,400 40,196,000,000
엘아이에스 138690 유동성장기차입금 0 0
엘아이에스 138690 유동성사채 0 0
엘아이에스 138690 기타유동금융부채 0 0
엘아이에스 138690 기타유동부채 2,166,583,080 1,534,464,900
엘아이에스 138690 당기법인세부채 0 0
엘아이에스 138690 유동리스부채 0 0
엘아이에스 138690 비유동부채 7,212,537,543 13,929,844,761
엘아이에스 138690 사채 0 0
엘아이에스 138690 장기차입금 2,000,000,000 9,000,000,000
엘아이에스 138690 기타비유동금융부채 0 0
엘아이에스 138690 이연법인세부채 0 0
엘아이에스 138690 비유동리스부채 0 0
엘아이에스 138690 부채총계 138,312,784,793 128,454,598,055
엘아이에스 138690 자본금 7,251,112,000 6,965,017,000
엘아이에스 138690 자본잉여금 68,031,208,607 62,556,398,994
엘아이에스 138690 자본조정 0 0
엘아이에스 138690 기타포괄손익누계액 0 0
엘아이에스 138690 이익잉여금(결손금) -48,086,332,358 -53,098,595,420
엘아이에스 138690 자본총계 28,624,716,128 18,141,002,692
엘아이에스 138690 자본과부채총계 166,937,500,921 146,595,600,747
date : 2018-06-30
엘아이에스 138690 유동자산 109,361,136,766 73,666,936,240
엘아이에스 138690 현금및현금성자산 2,302,868,982 6,741,810,287
엘아이에스 138690 매출채권 및 기타채권
엘아이에스 138690 재고자산 58,166,371,692 49,745,206,773
엘아이에스 138690 기타유동금융자산 0 0
엘아이에스 138690 기타유동자산 1,556,559,483 2,359,101,686
엘아이에스 138690 매각예정비유동자산 0 0
엘아이에스 138690 비유동자산 85,889,249,566 71,440,200,779
엘아이에스 138690 장기금융상품 0 0
엘아이에스 138690 기타포괄손익-공정가치 0 0
엘아이에스 138690 당기손익인식공정가치측정금융자산 0 0
엘아이에스 138690 종속회사투자 0 0
엘아이에스 138690 관계회사투자 0 0
엘아이에스 138690 렌탈자산 0 0
엘아이에스 138690 유형자산 45,079,266,525 38,426,919,837
엘아이에스 138690 무형자산 449,928,611 568,176,211
엘아이에스 138690 기타비유동금융자산 0 0
엘아이에스 138690 기타비유동자산 1,655,733,642 1,874,196,033
엘아이에스 138690 사용권자산 0 0
엘아이에스 138690 이연법인세자산 10,868,099,160 12,828,056,160
엘아이에스 138690 자산총계 195,250,386,332 145,107,137,019
엘아이에스 138690 유동부채 161,285,200,617 114,545,435,538
엘아이에스 138690 단기매입채무 0 0
엘아이에스 138690 단기차입금 54,271,092,615 40,196,000,000
엘아이에스 138690 유동성장기차입금 0 0
엘아이에스 138690 유동성사채 0 0
엘아이에스 138690 기타유동금융부채 0 0
엘아이에스 138690 기타유동부채 152,048,860 1,534,464,900
엘아이에스 138690 당기법인세부채 0 20,682,244
엘아이에스 138690 유동리스부채 0 0
엘아이에스 138690 비유동부채 5,377,028,437 13,929,844,761
엘아이에스 138690 사채 0 0
엘아이에스 138690 장기차입금 0 9,000,000,000
엘아이에스 138690 기타비유동금융부채 0 0
엘아이에스 138690 이연법인세부채 0 0
엘아이에스 138690 비유동리스부채 0 0
엘아이에스 138690 부채총계 166,662,229,054 128,475,280,299
엘아이에스 138690 자본금 7,386,545,500 6,965,017,000
엘아이에스 138690 자본잉여금 70,652,485,017 62,556,398,994
엘아이에스 138690 자본조정 0 0
엘아이에스 138690 기타포괄손익누계액 0 0
엘아이에스 138690 이익잉여금(결손금) -50,749,900,727 -54,607,741,392
엘아이에스 138690 자본총계 28,588,157,278 16,631,856,720
엘아이에스 138690 자본과부채총계 195,250,386,332 145,107,137,019
date : 2018-09-30
엘아이에스 138690 유동자산 59,215,971,044 73,666,936,240
엘아이에스 138690 현금및현금성자산 8,076,181,382 6,741,810,287
엘아이에스 138690 매출채권 및 기타채권
엘아이에스 138690 재고자산 27,018,812,259 49,745,206,773
엘아이에스 138690 기타유동금융자산 0 0
엘아이에스 138690 기타유동자산 1,729,095,804 2,359,101,686
엘아이에스 138690 매각예정비유동자산 0 0
엘아이에스 138690 비유동자산 95,049,722,835 71,440,200,779
엘아이에스 138690 장기금융상품 0 0
엘아이에스 138690 기타포괄손익-공정가치 0 0
엘아이에스 138690 당기손익인식공정가치측정금융자산 0 0
엘아이에스 138690 종속회사투자 0 0
엘아이에스 138690 관계회사투자 0 0
엘아이에스 138690 렌탈자산 0 0
엘아이에스 138690 유형자산 47,571,708,337 38,426,919,837
엘아이에스 138690 무형자산 413,848,173 568,176,211
엘아이에스 138690 기타비유동금융자산 0 0
엘아이에스 138690 기타비유동자산 1,448,515,358 1,874,196,033
엘아이에스 138690 사용권자산 0 0
엘아이에스 138690 이연법인세자산 10,545,802,378 12,828,056,160
엘아이에스 138690 자산총계 154,265,693,879 145,107,137,019
엘아이에스 138690 유동부채 106,510,731,326 114,545,435,538
엘아이에스 138690 단기매입채무 0 0
엘아이에스 138690 단기차입금 37,575,832,889 40,196,000,000
엘아이에스 138690 유동성장기차입금 0 0
엘아이에스 138690 유동성사채 0 0
엘아이에스 138690 기타유동금융부채 0 0
엘아이에스 138690 기타유동부채 147,892,010 1,534,464,900
엘아이에스 138690 당기법인세부채 0 20,682,244
엘아이에스 138690 유동리스부채 0 0
엘아이에스 138690 비유동부채 6,980,214,196 13,929,844,761
엘아이에스 138690 사채 0 0
엘아이에스 138690 장기차입금 0 9,000,000,000
엘아이에스 138690 기타비유동금융부채 0 0
엘아이에스 138690 이연법인세부채 0 0
엘아이에스 138690 비유동리스부채 0 0
엘아이에스 138690 부채총계 113,490,945,522 128,475,280,299
엘아이에스 138690 자본금 7,578,756,000 6,965,017,000
엘아이에스 138690 자본잉여금 73,847,507,552 62,556,398,994
엘아이에스 138690 자본조정 0 0
엘아이에스 138690 기타포괄손익누계액 0 0
엘아이에스 138690 이익잉여금(결손금) -41,800,680,401 -54,607,741,392
엘아이에스 138690 자본총계 40,774,748,357 16,631,856,720
엘아이에스 138690 자본과부채총계 154,265,693,879 145,107,137,019
date : 2018-12-31
엘아이에스 138690 유동자산 28,603,161,460 73,666,936,240
엘아이에스 138690 현금및현금성자산 1,055,381,877 6,741,810,287
엘아이에스 138690 매출채권 0 0
엘아이에스 138690 재고자산 13,342,824,180 49,745,206,773
엘아이에스 138690 기타유동금융자산 0 0
엘아이에스 138690 기타유동자산 1,047,366,773 2,359,101,686
엘아이에스 138690 매각예정비유동자산 0 0
엘아이에스 138690 비유동자산 97,717,391,609 71,440,200,779
엘아이에스 138690 장기금융상품 0 0
엘아이에스 138690 기타포괄손익-공정가치 0 0
엘아이에스 138690 당기손익인식공정가치측정금융자산 0 0
엘아이에스 138690 종속회사투자 0 0
엘아이에스 138690 관계회사투자 0 0
엘아이에스 138690 렌탈자산 0 0
엘아이에스 138690 유형자산 50,515,945,682 38,426,919,837
엘아이에스 138690 무형자산 376,037,734 568,176,211
엘아이에스 138690 기타비유동금융자산 0 0
엘아이에스 138690 기타비유동자산 488,711,231 1,874,196,033
엘아이에스 138690 사용권자산 0 0
엘아이에스 138690 이연법인세자산 10,128,404,933 12,828,056,160
엘아이에스 138690 자산총계 126,320,553,069 145,107,137,019
엘아이에스 138690 유동부채 82,672,911,459 114,545,435,538
엘아이에스 138690 단기매입채무 0 0
엘아이에스 138690 단기차입금 28,715,434,783 40,196,000,000
엘아이에스 138690 유동성장기차입금 0 0
엘아이에스 138690 유동성사채 0 0
엘아이에스 138690 기타유동금융부채 0 0
엘아이에스 138690 기타유동부채 1,290,680,481 1,534,464,900
엘아이에스 138690 당기법인세부채 393,445,258 20,682,244
엘아이에스 138690 유동리스부채 0 0
엘아이에스 138690 비유동부채 5,726,259,067 13,929,844,761
엘아이에스 138690 사채 0 0
엘아이에스 138690 장기차입금 0 9,000,000,000
엘아이에스 138690 기타비유동금융부채 0 0
엘아이에스 138690 이연법인세부채 0 0
엘아이에스 138690 비유동리스부채 0 0
엘아이에스 138690 부채총계 88,399,170,526 128,475,280,299
엘아이에스 138690 자본금 7,712,392,000 6,965,017,000
엘아이에스 138690 자본잉여금 76,308,664,823 62,556,398,994
엘아이에스 138690 자본조정 0 0
엘아이에스 138690 기타포괄손익누계액 0 0
엘아이에스 138690 이익잉여금(결손금) -47,016,562,320 -54,607,741,392
엘아이에스 138690 자본총계 37,921,382,543 16,631,856,720
엘아이에스 138690 자본과부채총계 126,320,553,069 145,107,137,019
date : 2019-03-31
엘아이에스 138690 유동자산 45,258,319,509 28,603,161,460
엘아이에스 138690 현금및현금성자산 6,946,876,483 1,055,381,877
엘아이에스 138690 매출채권 0 0
엘아이에스 138690 재고자산 15,019,985,592 13,342,824,180
엘아이에스 138690 기타유동금융자산 0 0
엘아이에스 138690 기타유동자산 1,863,963,103 1,047,366,773
엘아이에스 138690 매각예정비유동자산 0 0
엘아이에스 138690 비유동자산 103,678,699,169 97,717,391,609
엘아이에스 138690 장기금융상품 0 0
엘아이에스 138690 기타포괄손익-공정가치 0 0
엘아이에스 138690 당기손익인식공정가치측정금융자산 0 0
엘아이에스 138690 종속회사투자 0 0
엘아이에스 138690 관계회사투자 0 0
엘아이에스 138690 렌탈자산 0 0
엘아이에스 138690 유형자산 51,037,166,062 50,515,945,682
엘아이에스 138690 무형자산 344,974,318 376,037,734
엘아이에스 138690 기타비유동금융자산 0 0
엘아이에스 138690 기타비유동자산 459,966,567 488,711,231
엘아이에스 138690 사용권자산 0 0
엘아이에스 138690 이연법인세자산 9,927,065,773 10,128,404,933
엘아이에스 138690 자산총계 148,937,018,678 126,320,553,069
엘아이에스 138690 유동부채 84,212,873,283 82,672,911,459
엘아이에스 138690 단기매입채무 0 0
엘아이에스 138690 단기차입금 21,350,000,000 28,715,434,783
엘아이에스 138690 유동성장기차입금 0 0
엘아이에스 138690 유동성사채 0 0
엘아이에스 138690 기타유동금융부채 0 0
엘아이에스 138690 기타유동부채 306,389,107 1,290,680,481
엘아이에스 138690 당기법인세부채 393,445,258 393,445,258
엘아이에스 138690 유동리스부채 0 0
엘아이에스 138690 비유동부채 23,990,680,033 5,726,259,067
엘아이에스 138690 사채 0 0
엘아이에스 138690 장기차입금 17,833,330,000 0
엘아이에스 138690 기타비유동금융부채 0 0
엘아이에스 138690 이연법인세부채 0 0
엘아이에스 138690 비유동리스부채 0 0
엘아이에스 138690 부채총계 108,203,553,316 88,399,170,526
엘아이에스 138690 자본금 7,764,802,500 7,712,392,000
엘아이에스 138690 자본잉여금 77,342,638,496 76,308,664,823
엘아이에스 138690 자본조정 0 0
엘아이에스 138690 기타포괄손익누계액 0 0
엘아이에스 138690 이익잉여금(결손금) -45,967,602,481 -47,016,562,320
엘아이에스 138690 자본총계 40,733,465,362 37,921,382,543
엘아이에스 138690 자본과부채총계 148,937,018,678 126,320,553,069
