date : 2019-03-31
알에스오토메이션 140670 유동자산 48,457,851,248 48,425,262,576
알에스오토메이션 140670 현금및현금성자산 6,485,486,261 3,039,693,526
알에스오토메이션 140670 매출채권 및 기타유동채권
알에스오토메이션 140670 매출채권 21,426,542,924 24,275,729,804
알에스오토메이션 140670 재고자산 16,472,610,682 17,114,054,875
알에스오토메이션 140670 비유동자산 22,885,244,168 23,173,135,071
알에스오토메이션 140670 장기금융상품 1,519,114,373 1,395,235,467
알에스오토메이션 140670 유형자산 16,003,839,398 16,226,273,108
알에스오토메이션 140670 무형자산 2,776,365,874 2,965,701,973
알에스오토메이션 140670 무형자산 2,664,134,025 2,864,046,022
알에스오토메이션 140670 이연법인세자산 2,335,924,523 2,335,924,523
알에스오토메이션 140670 자산총계 71,343,095,416 71,598,397,647
알에스오토메이션 140670 유동부채 26,346,778,966 26,932,886,494
알에스오토메이션 140670 단기매입채무 11,801,888,254 12,524,136,792
알에스오토메이션 140670 단기차입금 12,554,588,011 12,560,939,311
알에스오토메이션 140670 유동성장기차입금 0 0
알에스오토메이션 140670 비유동부채 5,407,039,576 5,280,428,545
알에스오토메이션 140670 장기차입금 4,000,000,000 4,000,000,000
알에스오토메이션 140670 부채총계 31,753,818,542 32,213,315,039
알에스오토메이션 140670 자본금 4,551,570,000 4,551,570,000
알에스오토메이션 140670 자본잉여금 15,750,698,973 15,739,857,834
알에스오토메이션 140670 이익잉여금(결손금) 19,290,319,901 19,096,125,635
알에스오토메이션 140670 자본총계 39,589,276,874 39,385,082,608
알에스오토메이션 140670 자본과부채총계 71,343,095,416 71,598,397,647
