date : 2019-03-31
바이오리더스 142760 유동자산 36,415,831,470 17,585,780,971
바이오리더스 142760 현금및현금성자산 10,717,493,988 6,560,659,628
바이오리더스 142760 매출채권 및 기타유동채권
바이오리더스 142760 기타유동금융자산 19,791,072,466 5,390,796,923
바이오리더스 142760 기타유동자산 383,254,189 254,353,324
바이오리더스 142760 재고자산 1,360,761,827 1,827,853,878
바이오리더스 142760 비유동자산 68,800,298,889 68,960,426,519
바이오리더스 142760 기타비유동금융자산 8,672,809 8,672,809
바이오리더스 142760 유형자산 3,378,103,442 3,494,423,607
바이오리더스 142760 무형자산 349,963,018 365,052,803
바이오리더스 142760 자산총계 105,216,130,359 86,546,207,490
바이오리더스 142760 유동부채 50,633,390,862 50,408,529,160
바이오리더스 142760 기타유동금융부채 48,025,894,057 48,563,383,900
바이오리더스 142760 기타유동부채 1,270,449,121 271,365,013
바이오리더스 142760 비유동부채 460,812,713 457,268,961
바이오리더스 142760 기타비유동금융부채 0 0
바이오리더스 142760 부채총계 51,094,203,575 50,865,798,121
바이오리더스 142760 자본금 8,841,492,500 7,980,155,000
바이오리더스 142760 자본잉여금 105,151,907,611 84,955,207,868
바이오리더스 142760 이익잉여금(결손금) -61,267,820,183 -58,448,009,235
바이오리더스 142760 자본총계 54,121,926,784 35,680,409,369
바이오리더스 142760 자본과부채총계 105,216,130,359 86,546,207,490
