date : 2016-12-31
핸즈코퍼레이션 143210 유동자산 299,426,955,271 292,894,676,585
핸즈코퍼레이션 143210 현금및현금성자산 59,731,544,538 12,350,229,783
핸즈코퍼레이션 143210 매출채권 0 0
핸즈코퍼레이션 143210 재고자산 112,698,416,384 110,161,085,291
핸즈코퍼레이션 143210 기타유동금융자산 0 0
핸즈코퍼레이션 143210 기타유동자산 0 0
핸즈코퍼레이션 143210 매각예정비유동자산 0 0
핸즈코퍼레이션 143210 비유동자산 214,439,012,217 221,054,524,115
핸즈코퍼레이션 143210 장기금융상품 1,912,414,649 1,834,508,000
핸즈코퍼레이션 143210 기타포괄손익-공정가치 0 0
핸즈코퍼레이션 143210 당기손익인식공정가치측정금융자산 0 0
핸즈코퍼레이션 143210 종속회사투자 0 0
핸즈코퍼레이션 143210 관계회사투자 0 0
핸즈코퍼레이션 143210 렌탈자산 0 0
핸즈코퍼레이션 143210 유형자산 161,114,187,714 171,989,197,112
핸즈코퍼레이션 143210 무형자산 10,676,432,060 11,021,313,442
핸즈코퍼레이션 143210 기타비유동금융자산 0 0
핸즈코퍼레이션 143210 기타비유동자산 0 0
핸즈코퍼레이션 143210 사용권자산 0 0
핸즈코퍼레이션 143210 이연법인세자산 0 0
핸즈코퍼레이션 143210 자산총계 513,865,967,488 513,949,200,700
핸즈코퍼레이션 143210 유동부채 219,381,433,721 313,146,469,684
핸즈코퍼레이션 143210 단기매입채무 0 0
핸즈코퍼레이션 143210 단기차입금 134,234,406,188 219,335,362,082
핸즈코퍼레이션 143210 유동성장기차입금 0 0
핸즈코퍼레이션 143210 유동성사채 0 0
핸즈코퍼레이션 143210 기타유동금융부채 0 0
핸즈코퍼레이션 143210 기타유동부채 1,365,793,679 1,290,282,471
핸즈코퍼레이션 143210 당기법인세부채 4,032,428,437 4,940,719,075
핸즈코퍼레이션 143210 유동리스부채 0 0
핸즈코퍼레이션 143210 비유동부채 49,448,193,187 49,313,276,957
핸즈코퍼레이션 143210 사채 0 0
핸즈코퍼레이션 143210 장기차입금 16,255,400,000 12,733,700,000
핸즈코퍼레이션 143210 기타비유동금융부채 0 0
핸즈코퍼레이션 143210 이연법인세부채 9,953,820,735 10,034,014,462
핸즈코퍼레이션 143210 비유동리스부채 0 0
핸즈코퍼레이션 143210 부채총계 268,829,626,908 362,459,746,641
핸즈코퍼레이션 143210 자본금 10,823,400,000 1,034,050,000
핸즈코퍼레이션 143210 자본잉여금 88,378,008,429 21,377,630,726
핸즈코퍼레이션 143210 자본조정 0 0
핸즈코퍼레이션 143210 기타포괄손익누계액 49,716,904 -2,297,897,621
핸즈코퍼레이션 143210 이익잉여금(결손금) 0 0
핸즈코퍼레이션 143210 자본총계 245,036,340,580 151,489,454,059
핸즈코퍼레이션 143210 자본과부채총계 513,865,967,488 513,949,200,700
date : 2017-03-31
핸즈코퍼레이션 143210 유동자산 277,503,325,205 299,426,955,271
핸즈코퍼레이션 143210 현금및현금성자산 49,044,668,008 59,731,544,538
핸즈코퍼레이션 143210 매출채권 0 0
핸즈코퍼레이션 143210 재고자산 93,614,478,239 112,698,416,384
핸즈코퍼레이션 143210 기타유동금융자산 0 0
핸즈코퍼레이션 143210 기타유동자산 0 0
핸즈코퍼레이션 143210 매각예정비유동자산 0 0
핸즈코퍼레이션 143210 비유동자산 212,504,541,783 214,439,012,217
핸즈코퍼레이션 143210 장기금융상품 1,896,514,262 1,912,414,649
핸즈코퍼레이션 143210 기타포괄손익-공정가치 0 0
핸즈코퍼레이션 143210 당기손익인식공정가치측정금융자산 0 0
핸즈코퍼레이션 143210 종속회사투자 0 0
핸즈코퍼레이션 143210 관계회사투자 0 0
핸즈코퍼레이션 143210 렌탈자산 0 0
핸즈코퍼레이션 143210 유형자산 159,236,954,548 161,114,187,714
핸즈코퍼레이션 143210 무형자산 10,588,797,489 10,676,432,060
핸즈코퍼레이션 143210 기타비유동금융자산 0 0
핸즈코퍼레이션 143210 기타비유동자산 0 0
핸즈코퍼레이션 143210 사용권자산 0 0
핸즈코퍼레이션 143210 이연법인세자산 0 0
핸즈코퍼레이션 143210 자산총계 490,007,866,988 513,865,967,488
핸즈코퍼레이션 143210 유동부채 192,041,734,951 219,381,433,721
핸즈코퍼레이션 143210 단기매입채무 0 0
핸즈코퍼레이션 143210 단기차입금 127,297,997,542 134,234,406,188
핸즈코퍼레이션 143210 유동성장기차입금 0 0
핸즈코퍼레이션 143210 유동성사채 0 0
핸즈코퍼레이션 143210 기타유동금융부채 0 0
핸즈코퍼레이션 143210 기타유동부채 1,228,957,442 1,365,793,679
핸즈코퍼레이션 143210 당기법인세부채 5,035,069,465 4,032,428,437
핸즈코퍼레이션 143210 유동리스부채 0 0
핸즈코퍼레이션 143210 비유동부채 48,567,037,816 49,448,193,187
핸즈코퍼레이션 143210 사채 0 0
핸즈코퍼레이션 143210 장기차입금 15,116,100,000 16,255,400,000
핸즈코퍼레이션 143210 기타비유동금융부채 0 0
핸즈코퍼레이션 143210 이연법인세부채 8,973,073,566 9,953,820,735
핸즈코퍼레이션 143210 비유동리스부채 0 0
핸즈코퍼레이션 143210 부채총계 240,608,772,767 268,829,626,908
핸즈코퍼레이션 143210 자본금 10,931,634,000 10,823,400,000
핸즈코퍼레이션 143210 자본잉여금 88,378,008,429 88,378,008,429
핸즈코퍼레이션 143210 자본조정 0 0
핸즈코퍼레이션 143210 기타포괄손익누계액 -17,105,718 49,716,904
핸즈코퍼레이션 143210 이익잉여금(결손금) 0 0
핸즈코퍼레이션 143210 자본총계 249,399,094,221 245,036,340,580
핸즈코퍼레이션 143210 자본과부채총계 490,007,866,988 513,865,967,488
date : 2017-06-30
핸즈코퍼레이션 143210 유동자산 273,942,512,600 299,426,955,271
핸즈코퍼레이션 143210 현금및현금성자산 78,418,131,473 59,731,544,538
핸즈코퍼레이션 143210 매출채권 0 0
핸즈코퍼레이션 143210 재고자산 83,697,529,642 112,698,416,384
핸즈코퍼레이션 143210 기타유동금융자산 0 0
핸즈코퍼레이션 143210 기타유동자산 0 0
핸즈코퍼레이션 143210 매각예정비유동자산 0 0
핸즈코퍼레이션 143210 비유동자산 210,284,178,887 214,439,012,217
핸즈코퍼레이션 143210 장기금융상품 1,946,466,110 1,912,414,649
핸즈코퍼레이션 143210 기타포괄손익-공정가치 0 0
핸즈코퍼레이션 143210 당기손익인식공정가치측정금융자산 0 0
핸즈코퍼레이션 143210 종속회사투자 0 0
핸즈코퍼레이션 143210 관계회사투자 0 0
핸즈코퍼레이션 143210 렌탈자산 0 0
핸즈코퍼레이션 143210 유형자산 156,775,263,369 161,114,187,714
핸즈코퍼레이션 143210 무형자산 10,523,429,552 10,676,432,060
핸즈코퍼레이션 143210 기타비유동금융자산 0 0
핸즈코퍼레이션 143210 기타비유동자산 0 0
핸즈코퍼레이션 143210 사용권자산 0 0
핸즈코퍼레이션 143210 이연법인세자산 0 0
핸즈코퍼레이션 143210 자산총계 484,226,691,487 513,865,967,488
핸즈코퍼레이션 143210 유동부채 182,343,316,585 219,381,433,721
핸즈코퍼레이션 143210 단기매입채무 0 0
핸즈코퍼레이션 143210 단기차입금 127,009,009,451 134,234,406,188
핸즈코퍼레이션 143210 유동성장기차입금 0 0
핸즈코퍼레이션 143210 유동성사채 0 0
핸즈코퍼레이션 143210 기타유동금융부채 0 0
핸즈코퍼레이션 143210 기타유동부채 1,481,032,863 1,365,793,679
핸즈코퍼레이션 143210 당기법인세부채 9,215,913,940 4,032,428,437
핸즈코퍼레이션 143210 유동리스부채 0 0
핸즈코퍼레이션 143210 비유동부채 46,770,636,713 49,448,193,187
핸즈코퍼레이션 143210 사채 0 0
핸즈코퍼레이션 143210 장기차입금 14,139,600,000 16,255,400,000
핸즈코퍼레이션 143210 기타비유동금융부채 0 0
핸즈코퍼레이션 143210 이연법인세부채 8,052,140,797 9,953,820,735
핸즈코퍼레이션 143210 비유동리스부채 0 0
핸즈코퍼레이션 143210 부채총계 229,113,953,298 268,829,626,908
핸즈코퍼레이션 143210 자본금 10,931,634,000 10,823,400,000
핸즈코퍼레이션 143210 자본잉여금 88,378,008,429 88,378,008,429
핸즈코퍼레이션 143210 자본조정 0 0
핸즈코퍼레이션 143210 기타포괄손익누계액 116,447,557 49,716,904
핸즈코퍼레이션 143210 이익잉여금(결손금) 0 0
핸즈코퍼레이션 143210 자본총계 255,112,738,189 245,036,340,580
핸즈코퍼레이션 143210 자본과부채총계 484,226,691,487 513,865,967,488
date : 2017-09-30
핸즈코퍼레이션 143210 유동자산 275,873,066,205 299,426,955,271
핸즈코퍼레이션 143210 현금및현금성자산 87,904,292,624 59,731,544,538
핸즈코퍼레이션 143210 매출채권 및 기타채권
핸즈코퍼레이션 143210 재고자산 97,119,586,980 112,698,416,384
핸즈코퍼레이션 143210 기타유동금융자산 0 0
핸즈코퍼레이션 143210 기타유동자산 0 0
핸즈코퍼레이션 143210 매각예정비유동자산 0 0
핸즈코퍼레이션 143210 비유동자산 211,205,689,726 214,439,012,217
핸즈코퍼레이션 143210 장기금융상품 2,106,264,171 1,912,414,649
핸즈코퍼레이션 143210 기타포괄손익-공정가치 0 0
핸즈코퍼레이션 143210 당기손익인식공정가치측정금융자산 0 0
핸즈코퍼레이션 143210 종속회사투자 0 0
핸즈코퍼레이션 143210 관계회사투자 0 0
핸즈코퍼레이션 143210 렌탈자산 0 0
핸즈코퍼레이션 143210 유형자산 156,590,186,920 161,114,187,714
핸즈코퍼레이션 143210 무형자산 10,465,803,305 10,676,432,060
핸즈코퍼레이션 143210 기타비유동금융자산 0 0
핸즈코퍼레이션 143210 기타비유동자산 0 0
핸즈코퍼레이션 143210 사용권자산 0 0
핸즈코퍼레이션 143210 이연법인세자산 0 0
핸즈코퍼레이션 143210 자산총계 487,078,755,931 513,865,967,488
핸즈코퍼레이션 143210 유동부채 179,669,051,980 219,381,433,721
핸즈코퍼레이션 143210 단기매입채무 0 0
핸즈코퍼레이션 143210 단기차입금 118,005,852,660 134,234,406,188
핸즈코퍼레이션 143210 유동성장기차입금 0 0
핸즈코퍼레이션 143210 유동성사채 0 0
핸즈코퍼레이션 143210 기타유동금융부채 0 0
핸즈코퍼레이션 143210 기타유동부채 1,559,164,039 1,365,793,679
핸즈코퍼레이션 143210 당기법인세부채 9,194,742,034 4,032,428,437
핸즈코퍼레이션 143210 유동리스부채 0 0
핸즈코퍼레이션 143210 비유동부채 47,640,177,225 49,448,193,187
핸즈코퍼레이션 143210 사채 0 0
핸즈코퍼레이션 143210 장기차입금 13,146,700,000 16,255,400,000
핸즈코퍼레이션 143210 기타비유동금융부채 0 0
핸즈코퍼레이션 143210 이연법인세부채 8,094,503,676 9,953,820,735
핸즈코퍼레이션 143210 비유동리스부채 0 0
핸즈코퍼레이션 143210 부채총계 227,309,229,205 268,829,626,908
핸즈코퍼레이션 143210 자본금 10,931,634,000 10,823,400,000
핸즈코퍼레이션 143210 자본잉여금 88,378,008,429 88,378,008,429
핸즈코퍼레이션 143210 자본조정 0 0
핸즈코퍼레이션 143210 기타포괄손익누계액 -33,392,561 49,716,904
핸즈코퍼레이션 143210 이익잉여금(결손금) 0 0
핸즈코퍼레이션 143210 자본총계 259,769,526,726 245,036,340,580
핸즈코퍼레이션 143210 자본과부채총계 487,078,755,931 513,865,967,488
date : 2017-12-31
핸즈코퍼레이션 143210 유동자산 243,665,986,610 299,426,955,271
핸즈코퍼레이션 143210 현금및현금성자산 54,781,391,760 59,731,544,538
핸즈코퍼레이션 143210 매출채권 및 기타채권
핸즈코퍼레이션 143210 재고자산 109,027,905,077 112,698,416,384
핸즈코퍼레이션 143210 기타유동금융자산 0 0
핸즈코퍼레이션 143210 기타유동자산 0 0
핸즈코퍼레이션 143210 매각예정비유동자산 0 0
핸즈코퍼레이션 143210 비유동자산 243,294,858,013 214,439,012,217
핸즈코퍼레이션 143210 장기금융상품 2,267,114,258 1,912,414,649
핸즈코퍼레이션 143210 기타포괄손익-공정가치 0 0
핸즈코퍼레이션 143210 당기손익인식공정가치측정금융자산 0 0
핸즈코퍼레이션 143210 종속회사투자 0 0
핸즈코퍼레이션 143210 관계회사투자 0 0
핸즈코퍼레이션 143210 렌탈자산 0 0
핸즈코퍼레이션 143210 유형자산 155,043,804,605 161,114,187,714
핸즈코퍼레이션 143210 무형자산 10,933,140,222 10,676,432,060
핸즈코퍼레이션 143210 기타비유동금융자산 0 0
핸즈코퍼레이션 143210 기타비유동자산 0 0
핸즈코퍼레이션 143210 사용권자산 0 0
핸즈코퍼레이션 143210 이연법인세자산 0 0
핸즈코퍼레이션 143210 자산총계 486,960,844,623 513,865,967,488
핸즈코퍼레이션 143210 유동부채 184,491,768,231 219,381,433,721
핸즈코퍼레이션 143210 단기매입채무 0 0
핸즈코퍼레이션 143210 단기차입금 117,472,036,739 134,234,406,188
핸즈코퍼레이션 143210 유동성장기차입금 0 0
핸즈코퍼레이션 143210 유동성사채 0 0
핸즈코퍼레이션 143210 기타유동금융부채 0 0
핸즈코퍼레이션 143210 기타유동부채 3,915,164,948 1,365,793,679
핸즈코퍼레이션 143210 당기법인세부채 5,633,888,259 4,032,428,437
핸즈코퍼레이션 143210 유동리스부채 0 0
핸즈코퍼레이션 143210 비유동부채 43,817,221,194 49,448,193,187
핸즈코퍼레이션 143210 사채 0 0
핸즈코퍼레이션 143210 장기차입금 12,071,400,000 16,255,400,000
핸즈코퍼레이션 143210 기타비유동금융부채 0 0
핸즈코퍼레이션 143210 이연법인세부채 7,866,074,736 9,953,820,735
핸즈코퍼레이션 143210 비유동리스부채 0 0
핸즈코퍼레이션 143210 부채총계 228,308,989,425 268,829,626,908
핸즈코퍼레이션 143210 자본금 10,931,634,000 10,823,400,000
핸즈코퍼레이션 143210 자본잉여금 88,378,008,429 88,378,008,429
핸즈코퍼레이션 143210 자본조정 0 0
핸즈코퍼레이션 143210 기타포괄손익누계액 58,775,587 49,716,904
핸즈코퍼레이션 143210 이익잉여금(결손금) 0 0
핸즈코퍼레이션 143210 자본총계 258,651,855,198 245,036,340,580
핸즈코퍼레이션 143210 자본과부채총계 486,960,844,623 513,865,967,488
date : 2018-03-31
핸즈코퍼레이션 143210 유동자산 266,426,189,227 243,665,986,610
핸즈코퍼레이션 143210 현금및현금성자산 58,830,434,988 54,781,391,760
핸즈코퍼레이션 143210 매출채권 및 기타채권
핸즈코퍼레이션 143210 재고자산 110,834,471,272 109,027,905,077
핸즈코퍼레이션 143210 기타유동금융자산 0 0
핸즈코퍼레이션 143210 기타유동자산 0 0
핸즈코퍼레이션 143210 매각예정비유동자산 0 0
핸즈코퍼레이션 143210 비유동자산 242,364,654,811 243,294,858,013
핸즈코퍼레이션 143210 장기금융상품 2,428,947,433 2,267,114,258
핸즈코퍼레이션 143210 기타포괄손익-공정가치 0 0
핸즈코퍼레이션 143210 당기손익인식공정가치측정금융자산 0 0
핸즈코퍼레이션 143210 종속회사투자 0 0
핸즈코퍼레이션 143210 관계회사투자 0 0
핸즈코퍼레이션 143210 렌탈자산 0 0
핸즈코퍼레이션 143210 유형자산 152,935,031,602 155,043,804,605
핸즈코퍼레이션 143210 무형자산 10,889,920,139 10,933,140,222
핸즈코퍼레이션 143210 기타비유동금융자산 0 0
핸즈코퍼레이션 143210 기타비유동자산 0 0
핸즈코퍼레이션 143210 사용권자산 0 0
핸즈코퍼레이션 143210 이연법인세자산 0 0
핸즈코퍼레이션 143210 자산총계 508,790,844,038 486,960,844,623
핸즈코퍼레이션 143210 유동부채 208,523,771,931 184,491,768,231
핸즈코퍼레이션 143210 단기매입채무 0 0
핸즈코퍼레이션 143210 단기차입금 136,685,493,798 117,472,036,739
핸즈코퍼레이션 143210 유동성장기차입금 0 0
핸즈코퍼레이션 143210 유동성사채 0 0
핸즈코퍼레이션 143210 기타유동금융부채 0 0
핸즈코퍼레이션 143210 기타유동부채 7,275,813,311 3,915,164,948
핸즈코퍼레이션 143210 당기법인세부채 3,911,179,278 5,633,888,259
핸즈코퍼레이션 143210 유동리스부채 0 0
핸즈코퍼레이션 143210 비유동부채 44,786,074,351 43,817,221,194
핸즈코퍼레이션 143210 사채 0 0
핸즈코퍼레이션 143210 장기차입금 11,066,500,000 12,071,400,000
핸즈코퍼레이션 143210 기타비유동금융부채 0 0
핸즈코퍼레이션 143210 이연법인세부채 6,939,679,068 7,866,074,736
핸즈코퍼레이션 143210 비유동리스부채 0 0
핸즈코퍼레이션 143210 부채총계 253,309,846,282 228,308,989,425
핸즈코퍼레이션 143210 자본금 10,931,634,000 10,931,634,000
핸즈코퍼레이션 143210 자본잉여금 88,378,008,429 88,378,008,429
핸즈코퍼레이션 143210 자본조정 0 0
핸즈코퍼레이션 143210 기타포괄손익누계액 -2,257,686,651 58,775,587
핸즈코퍼레이션 143210 이익잉여금(결손금) 0 0
핸즈코퍼레이션 143210 자본총계 255,480,997,756 258,651,855,198
핸즈코퍼레이션 143210 자본과부채총계 508,790,844,038 486,960,844,623
date : 2018-06-30
핸즈코퍼레이션 143210 유동자산 257,159,697,285 243,665,986,610
핸즈코퍼레이션 143210 현금및현금성자산 40,414,719,685 54,781,391,760
핸즈코퍼레이션 143210 매출채권 0 0
핸즈코퍼레이션 143210 재고자산 117,052,146,907 109,027,905,077
핸즈코퍼레이션 143210 기타유동금융자산 0 0
핸즈코퍼레이션 143210 기타유동자산 0 0
핸즈코퍼레이션 143210 매각예정비유동자산 0 0
핸즈코퍼레이션 143210 비유동자산 239,606,670,531 243,294,858,013
핸즈코퍼레이션 143210 장기금융상품 2,592,127,296 2,267,114,258
핸즈코퍼레이션 143210 기타포괄손익-공정가치 0 0
핸즈코퍼레이션 143210 당기손익인식공정가치측정금융자산 0 0
핸즈코퍼레이션 143210 종속회사투자 0 0
핸즈코퍼레이션 143210 관계회사투자 0 0
핸즈코퍼레이션 143210 렌탈자산 0 0
핸즈코퍼레이션 143210 유형자산 149,989,087,379 155,043,804,605
핸즈코퍼레이션 143210 무형자산 10,825,812,815 10,933,140,222
핸즈코퍼레이션 143210 기타비유동금융자산 0 0
핸즈코퍼레이션 143210 기타비유동자산 0 0
핸즈코퍼레이션 143210 사용권자산 0 0
핸즈코퍼레이션 143210 이연법인세자산 0 0
핸즈코퍼레이션 143210 자산총계 496,766,367,816 486,960,844,623
핸즈코퍼레이션 143210 유동부채 198,915,427,951 184,491,768,231
핸즈코퍼레이션 143210 단기매입채무 0 0
핸즈코퍼레이션 143210 단기차입금 120,813,428,162 117,472,036,739
핸즈코퍼레이션 143210 유동성장기차입금 0 0
핸즈코퍼레이션 143210 유동성사채 0 0
핸즈코퍼레이션 143210 기타유동금융부채 0 0
핸즈코퍼레이션 143210 기타유동부채 6,850,570,409 3,915,164,948
핸즈코퍼레이션 143210 당기법인세부채 5,633,888,259 117,472,036,739
핸즈코퍼레이션 143210 유동리스부채 0 0
핸즈코퍼레이션 143210 비유동부채 44,782,512,825 43,817,221,194
핸즈코퍼레이션 143210 사채 0 0
핸즈코퍼레이션 143210 장기차입금 10,000,000,000 12,071,400,000
핸즈코퍼레이션 143210 기타비유동금융부채 0 0
핸즈코퍼레이션 143210 이연법인세부채 7,290,833,899 7,866,074,736
핸즈코퍼레이션 143210 비유동리스부채 0 0
핸즈코퍼레이션 143210 부채총계 243,697,940,776 228,308,989,425
핸즈코퍼레이션 143210 자본금 10,931,634,000 10,931,634,000
핸즈코퍼레이션 143210 자본잉여금 88,378,008,429 88,378,008,429
핸즈코퍼레이션 143210 자본조정 0 0
핸즈코퍼레이션 143210 기타포괄손익누계액 -2,227,661,443 58,775,587
핸즈코퍼레이션 143210 이익잉여금(결손금) 0 0
핸즈코퍼레이션 143210 자본총계 253,068,427,040 258,651,855,198
핸즈코퍼레이션 143210 자본과부채총계 496,766,367,816 486,960,844,623
date : 2018-09-30
핸즈코퍼레이션 143210 유동자산 245,148,197,707 243,665,986,610
핸즈코퍼레이션 143210 현금및현금성자산 19,804,817,678 54,781,391,760
핸즈코퍼레이션 143210 매출채권 0 0
핸즈코퍼레이션 143210 재고자산 110,262,985,832 109,027,905,077
핸즈코퍼레이션 143210 기타유동금융자산 0 0
핸즈코퍼레이션 143210 기타유동자산 0 0
핸즈코퍼레이션 143210 매각예정비유동자산 0 0
핸즈코퍼레이션 143210 비유동자산 237,546,432,561 243,294,858,013
핸즈코퍼레이션 143210 장기금융상품 2,756,565,236 2,267,114,258
핸즈코퍼레이션 143210 기타포괄손익-공정가치 0 0
핸즈코퍼레이션 143210 당기손익인식공정가치측정금융자산 0 0
핸즈코퍼레이션 143210 종속회사투자 0 0
핸즈코퍼레이션 143210 관계회사투자 0 0
핸즈코퍼레이션 143210 렌탈자산 0 0
핸즈코퍼레이션 143210 유형자산 147,698,186,654 155,043,804,605
핸즈코퍼레이션 143210 무형자산 10,768,932,472 10,933,140,222
핸즈코퍼레이션 143210 기타비유동금융자산 0 0
핸즈코퍼레이션 143210 기타비유동자산 0 0
핸즈코퍼레이션 143210 사용권자산 0 0
핸즈코퍼레이션 143210 이연법인세자산 0 0
핸즈코퍼레이션 143210 자산총계 482,694,630,268 486,960,844,623
핸즈코퍼레이션 143210 유동부채 198,309,065,359 184,491,768,231
핸즈코퍼레이션 143210 단기매입채무 0 0
핸즈코퍼레이션 143210 단기차입금 113,752,141,016 117,472,036,739
핸즈코퍼레이션 143210 유동성장기차입금 0 0
핸즈코퍼레이션 143210 유동성사채 0 0
핸즈코퍼레이션 143210 기타유동금융부채 0 0
핸즈코퍼레이션 143210 기타유동부채 10,640,741,355 3,915,164,948
핸즈코퍼레이션 143210 당기법인세부채 666,990,752 5,633,888,259
핸즈코퍼레이션 143210 유동리스부채 0 0
핸즈코퍼레이션 143210 비유동부채 34,706,780,265 43,817,221,194
핸즈코퍼레이션 143210 사채 0 0
핸즈코퍼레이션 143210 장기차입금 12,071,400,000 43,817,221,194
핸즈코퍼레이션 143210 기타비유동금융부채 0 0
핸즈코퍼레이션 143210 이연법인세부채 5,612,029,028 7,866,074,736
핸즈코퍼레이션 143210 비유동리스부채 0 0
핸즈코퍼레이션 143210 부채총계 233,015,845,624 228,308,989,425
핸즈코퍼레이션 143210 자본금 10,931,634,000 10,931,634,000
핸즈코퍼레이션 143210 자본잉여금 88,378,008,429 88,378,008,429
핸즈코퍼레이션 143210 자본조정 0 0
핸즈코퍼레이션 143210 기타포괄손익누계액 -2,230,621,889 58,775,587
핸즈코퍼레이션 143210 이익잉여금(결손금) 0 0
핸즈코퍼레이션 143210 자본총계 249,678,784,644 258,651,855,198
핸즈코퍼레이션 143210 자본과부채총계 482,694,630,268 486,960,844,623
date : 2018-12-31
핸즈코퍼레이션 143210 유동자산 222,041,182,936 243,665,986,610
핸즈코퍼레이션 143210 현금및현금성자산 14,856,740,016 54,781,391,760
핸즈코퍼레이션 143210 매출채권 0 0
핸즈코퍼레이션 143210 재고자산 112,204,505,352 109,027,905,077
핸즈코퍼레이션 143210 기타유동금융자산 0 0
핸즈코퍼레이션 143210 기타유동자산 0 0
핸즈코퍼레이션 143210 매각예정비유동자산 0 0
핸즈코퍼레이션 143210 비유동자산 269,198,911,298 243,294,858,013
핸즈코퍼레이션 143210 장기금융상품 2,922,746,795 2,267,114,258
핸즈코퍼레이션 143210 기타포괄손익-공정가치 0 0
핸즈코퍼레이션 143210 당기손익인식공정가치측정금융자산 0 0
핸즈코퍼레이션 143210 종속회사투자 0 0
핸즈코퍼레이션 143210 관계회사투자 0 0
핸즈코퍼레이션 143210 렌탈자산 0 0
핸즈코퍼레이션 143210 유형자산 146,174,392,551 155,043,804,605
핸즈코퍼레이션 143210 무형자산 10,728,441,993 10,933,140,222
핸즈코퍼레이션 143210 기타비유동금융자산 0 0
핸즈코퍼레이션 143210 기타비유동자산 0 0
핸즈코퍼레이션 143210 사용권자산 0 0
핸즈코퍼레이션 143210 이연법인세자산 0 0
핸즈코퍼레이션 143210 자산총계 491,240,094,234 486,960,844,623
핸즈코퍼레이션 143210 유동부채 202,998,601,665 184,491,768,231
핸즈코퍼레이션 143210 단기매입채무 0 0
핸즈코퍼레이션 143210 단기차입금 115,560,456,678 117,472,036,739
핸즈코퍼레이션 143210 유동성장기차입금 0 0
핸즈코퍼레이션 143210 유동성사채 0 0
핸즈코퍼레이션 143210 기타유동금융부채 0 0
핸즈코퍼레이션 143210 기타유동부채 10,641,186,706 3,915,164,948
핸즈코퍼레이션 143210 당기법인세부채 1,128,846,758 5,633,888,259
핸즈코퍼레이션 143210 유동리스부채 0 0
핸즈코퍼레이션 143210 비유동부채 36,784,637,114 43,817,221,194
핸즈코퍼레이션 143210 사채 0 0
핸즈코퍼레이션 143210 장기차입금 12,071,400,000 16,255,400,000
핸즈코퍼레이션 143210 기타비유동금융부채 0 0
핸즈코퍼레이션 143210 이연법인세부채 5,531,242,376 7,866,074,736
핸즈코퍼레이션 143210 비유동리스부채 0 0
핸즈코퍼레이션 143210 부채총계 239,783,238,779 228,308,989,425
핸즈코퍼레이션 143210 자본금 10,931,634,000 10,931,634,000
핸즈코퍼레이션 143210 자본잉여금 88,378,008,429 88,378,008,429
핸즈코퍼레이션 143210 자본조정 0 0
핸즈코퍼레이션 143210 기타포괄손익누계액 -2,467,587,460 58,775,587
핸즈코퍼레이션 143210 이익잉여금(결손금) 0 0
핸즈코퍼레이션 143210 자본총계 251,456,855,455 258,651,855,198
핸즈코퍼레이션 143210 자본과부채총계 491,240,094,234 486,960,844,623
date : 2019-03-31
핸즈코퍼레이션 143210 유동자산 256,490,357,695 222,041,182,936
핸즈코퍼레이션 143210 현금및현금성자산 21,845,787,534 14,856,740,016
핸즈코퍼레이션 143210 매출채권 0 0
핸즈코퍼레이션 143210 재고자산 111,430,735,804 112,204,505,352
핸즈코퍼레이션 143210 기타유동금융자산 0 0
핸즈코퍼레이션 143210 기타유동자산 0 0
핸즈코퍼레이션 143210 매각예정비유동자산 0 0
핸즈코퍼레이션 143210 비유동자산 298,382,092,873 269,198,911,298
핸즈코퍼레이션 143210 장기금융상품 3,087,025,352 2,922,746,795
핸즈코퍼레이션 143210 기타포괄손익-공정가치 0 0
핸즈코퍼레이션 143210 당기손익인식공정가치측정금융자산 0 0
핸즈코퍼레이션 143210 종속회사투자 0 0
핸즈코퍼레이션 143210 관계회사투자 0 0
핸즈코퍼레이션 143210 렌탈자산 0 0
핸즈코퍼레이션 143210 유형자산 143,263,029,881 146,174,392,551
핸즈코퍼레이션 143210 무형자산 10,696,722,178 10,728,441,993
핸즈코퍼레이션 143210 기타비유동금융자산 0 0
핸즈코퍼레이션 143210 기타비유동자산 0 0
핸즈코퍼레이션 143210 사용권자산 9,888,335,889 2,922,746,795
핸즈코퍼레이션 143210 이연법인세자산 0 0
핸즈코퍼레이션 143210 자산총계 554,872,450,568 491,240,094,234
핸즈코퍼레이션 143210 유동부채 241,011,373,435 202,998,601,665
핸즈코퍼레이션 143210 단기매입채무 0 0
핸즈코퍼레이션 143210 단기차입금 127,190,117,667 115,560,456,678
핸즈코퍼레이션 143210 유동성장기차입금 0 0
핸즈코퍼레이션 143210 유동성사채 0 0
핸즈코퍼레이션 143210 기타유동금융부채 0 0
핸즈코퍼레이션 143210 기타유동부채 13,173,941,251 10,641,186,706
핸즈코퍼레이션 143210 당기법인세부채 1,164,976,619 1,128,846,758
핸즈코퍼레이션 143210 유동리스부채 0 0
핸즈코퍼레이션 143210 비유동부채 64,172,707,031 36,784,637,114
핸즈코퍼레이션 143210 사채 0 0
핸즈코퍼레이션 143210 장기차입금 0 0
핸즈코퍼레이션 143210 기타비유동금융부채 0 0
핸즈코퍼레이션 143210 이연법인세부채 5,152,402,285 5,531,242,376
핸즈코퍼레이션 143210 비유동리스부채 0 0
핸즈코퍼레이션 143210 부채총계 305,184,080,466 239,783,238,779
핸즈코퍼레이션 143210 자본금 10,931,634,000 10,931,634,000
핸즈코퍼레이션 143210 자본잉여금 88,378,008,429 88,378,008,429
핸즈코퍼레이션 143210 자본조정 0 0
핸즈코퍼레이션 143210 기타포괄손익누계액 -2,457,580,353 -2,467,587,460
핸즈코퍼레이션 143210 이익잉여금(결손금) 0 0
핸즈코퍼레이션 143210 자본총계 249,688,370,102 251,456,855,455
핸즈코퍼레이션 143210 자본과부채총계 554,872,450,568 491,240,094,234
