date : 2019-03-31
코오롱머티리얼 144620 유동자산 118,204,350,491 112,076,905,820
코오롱머티리얼 144620 현금및현금성자산 3,453,254,177 3,661,479,258
코오롱머티리얼 144620 매출채권 및 기타유동채권
코오롱머티리얼 144620 재고자산 12,575,563,174 57,356,993,385
코오롱머티리얼 144620 기타유동자산 192,522,171 1,033,560,261
코오롱머티리얼 144620 비유동자산 68,303,855,701 94,622,800,591
코오롱머티리얼 144620 유형자산 38,227,722,302 75,575,903,440
코오롱머티리얼 144620 무형자산 8,525,537,859 8,811,865,351
코오롱머티리얼 144620 기타비유동금융자산 8,914,236,337 8,609,663,789
코오롱머티리얼 144620 기타포괄손익-공정가치 측정 금융자산
코오롱머티리얼 144620 기타비유동자산 2,000,000 2,000,000
코오롱머티리얼 144620 자산총계 186,508,206,192 206,699,706,411
코오롱머티리얼 144620 유동부채 101,817,404,171 144,726,161,596
코오롱머티리얼 144620 단기매입채무 15,848,464,531 55,103,207,723
코오롱머티리얼 144620 단기차입금 39,544,146,920 66,850,143,717
코오롱머티리얼 144620 기타유동부채 1,397,669,886 599,450,637
코오롱머티리얼 144620 비유동부채 15,419,435,858 9,752,405,002
코오롱머티리얼 144620 부채총계 117,236,840,029 154,478,566,598
코오롱머티리얼 144620 자본금 54,000,000,000 45,000,000,000
코오롱머티리얼 144620 자본잉여금 106,371,470,863 89,631,470,863
코오롱머티리얼 144620 이익잉여금(결손금) -91,100,104,700 -82,410,331,050
코오롱머티리얼 144620 자본총계 69,271,366,163 52,221,139,813
코오롱머티리얼 144620 자본과부채총계 186,508,206,192 206,699,706,411
