date : 2019-03-31
뉴파워프라즈마 144960 유동자산 72,343,947,565 68,961,393,055
뉴파워프라즈마 144960 현금및현금성자산 5,821,946,860 7,170,752,100
뉴파워프라즈마 144960 매출채권 6,618,540,282 9,877,696,412
뉴파워프라즈마 144960 재고자산 7,977,524,167 6,386,704,461
뉴파워프라즈마 144960 비유동자산 74,921,578,506 74,519,663,585
뉴파워프라즈마 144960 유형자산 38,842,526,682 38,440,499,345
뉴파워프라즈마 144960 무형자산 2,373,277,271 2,451,619,982
뉴파워프라즈마 144960 이연법인세자산 0 0
뉴파워프라즈마 144960 자산총계 147,265,526,071 143,481,056,640
뉴파워프라즈마 144960 유동부채 12,638,694,945 11,904,490,874
뉴파워프라즈마 144960 단기차입금 4,100,000,000 4,100,000,000
뉴파워프라즈마 144960 당기법인세부채 593,413,781 455,197,570
뉴파워프라즈마 144960 비유동부채 2,306,066,171 1,646,124,977
뉴파워프라즈마 144960 비유동리스부채 427,537,672 0
뉴파워프라즈마 144960 이연법인세부채 292,538,551 143,210,634
뉴파워프라즈마 144960 부채총계 14,944,761,116 13,550,615,851
뉴파워프라즈마 144960 자본금 4,125,168,500 4,125,168,500
뉴파워프라즈마 144960 기타포괄손익누계액 0 0
뉴파워프라즈마 144960 자본총계 132,320,764,955 129,930,440,789
뉴파워프라즈마 144960 자본과부채총계 147,265,526,071 143,481,056,640
