date : 2019-03-31
세화아이엠씨 145210 유동자산 40,215,696,208 49,974,007,523
세화아이엠씨 145210 현금및현금성자산 734,680,351 2,132,257,745
세화아이엠씨 145210 매출채권 및 기타수취채권
세화아이엠씨 145210 재고자산 4,069,138,148 6,922,536,757
세화아이엠씨 145210 기타유동자산 242,607,176 138,442,354
세화아이엠씨 145210 매각예정비유동자산 11,144,476,946 11,144,476,946
세화아이엠씨 145210 비유동자산 90,628,225,800 84,413,410,511
세화아이엠씨 145210 장기금융상품 9,909,204,629 2,389,204,629
세화아이엠씨 145210 유형자산 60,195,804,461 61,397,998,033
세화아이엠씨 145210 무형자산 1,371,376,141 1,473,344,780
세화아이엠씨 145210 이연법인세자산 4,236,486,300 4,236,486,300
세화아이엠씨 145210 자산총계 130,843,922,008 134,387,418,034
세화아이엠씨 145210 유동부채 117,429,160,364 119,561,994,368
세화아이엠씨 145210 기타유동부채 4,835,537,865 5,531,628,985
세화아이엠씨 145210 당기법인세부채 4,233,399,547 4,239,020,057
세화아이엠씨 145210 비유동부채 7,803,431,669 7,622,643,598
세화아이엠씨 145210 장기차입금 5,000,000,000 5,000,000,000
세화아이엠씨 145210 부채총계 125,232,592,033 127,184,637,966
세화아이엠씨 145210 자본금 14,701,033,500 14,701,033,500
세화아이엠씨 145210 이익잉여금(결손금) -76,053,853,352 -74,462,403,259
세화아이엠씨 145210 기타포괄손익누계액 -1,717,101,727 -1,717,101,727
세화아이엠씨 145210 자본총계 5,611,329,975 7,202,780,068
세화아이엠씨 145210 자본과부채총계 130,843,922,008 134,387,418,034
