date : 2019-03-31
모다 149940 유동자산 1,274,005,051 6,950,258,300
모다 149940 현금및현금성자산 530,239,499 975,514,514
모다 149940 매출채권 및 기타유동채권
모다 149940 기타유동금융자산 0 0
모다 149940 기타유동자산 188,294,719 190,716,134
모다 149940 재고자산 4,124,803,356 0
모다 149940 비유동자산 40,282,477,740 47,728,471,384
모다 149940 기타비유동금융자산 163,994,294 163,994,294
모다 149940 유형자산 1,644,727,722 1,821,331,079
모다 149940 무형자산 379,081,773 0
모다 149940 자산총계 41,556,482,791 54,678,729,684
모다 149940 유동부채 39,376,162,558 42,007,330,045
모다 149940 기타유동부채 335,427,408 336,878,708
모다 149940 비유동부채 166,370,868 0
모다 149940 부채총계 39,542,533,426 42,007,330,045
모다 149940 자본금 10,580,204,500 10,580,204,500
모다 149940 자본잉여금 74,881,710,206 74,881,710,206
모다 149940 기타포괄손익누계액 -28,605,151,076 -28,916,692,623
모다 149940 이익잉여금(결손금) -89,273,460,317 -78,304,468,496
모다 149940 자본총계 2,013,949,365 12,671,399,639
모다 149940 자본과부채총계 41,556,482,791 54,678,729,684
