date : 2019-03-31
하이골드3호 153360 유동자산 37,760,360,914 37,283,872,701
하이골드3호 153360 현금및현금성자산 122,351,876 25,615,973
하이골드3호 153360 매출채권 및 기타유동채권
하이골드3호 153360 비유동자산 2,240 2,240
하이골드3호 153360 기타비유동자산 0 0
하이골드3호 153360 자산총계 37,760,363,154 37,283,874,941
하이골드3호 153360 유동부채 4,081,684,825 4,889,457,631
하이골드3호 153360 비유동부채 0 0
하이골드3호 153360 부채총계 4,081,684,825 4,889,457,631
하이골드3호 153360 자본금 80,748,950,000 80,748,950,000
하이골드3호 153360 자본잉여금 28,263,190 28,263,190
하이골드3호 153360 이익잉여금(결손금) -47,098,534,861 -48,382,795,880
하이골드3호 153360 자본총계 33,678,678,329 32,394,417,310
하이골드3호 153360 자본과부채총계 37,760,363,154 37,283,874,941
