date : 2018-12-31
농업회사법인아시아종묘 154030 유동자산 20,792,450,005 19,445,542,696
농업회사법인아시아종묘 154030 현금및현금성자산 6,095,288,637 3,004,927,857
농업회사법인아시아종묘 154030 매출채권 4,327,432,411 6,929,767,171
농업회사법인아시아종묘 154030 재고자산 10,878,800,134 10,197,439,488
농업회사법인아시아종묘 154030 기타유동금융자산 0 0
농업회사법인아시아종묘 154030 기타유동자산 0 0
농업회사법인아시아종묘 154030 매각예정비유동자산 0 0
농업회사법인아시아종묘 154030 비유동자산 14,841,441,451 14,756,850,024
농업회사법인아시아종묘 154030 장기금융상품 509,137,891 450,390,593
농업회사법인아시아종묘 154030 기타포괄손익-공정가치 0 0
농업회사법인아시아종묘 154030 당기손익인식공정가치측정금융자산 0 0
농업회사법인아시아종묘 154030 종속회사투자 0 0
농업회사법인아시아종묘 154030 관계회사투자 0 0
농업회사법인아시아종묘 154030 렌탈자산 0 0
농업회사법인아시아종묘 154030 유형자산 10,161,007,346 10,107,147,721
농업회사법인아시아종묘 154030 무형자산 1,415,895,771 1,439,099,730
농업회사법인아시아종묘 154030 기타비유동금융자산 0 0
농업회사법인아시아종묘 154030 기타비유동자산 0 0
농업회사법인아시아종묘 154030 사용권자산 0 0
농업회사법인아시아종묘 154030 이연법인세자산 2,091,064,796 2,189,044,791
농업회사법인아시아종묘 154030 자산총계 35,633,891,456 34,202,392,720
농업회사법인아시아종묘 154030 유동부채 10,343,156,407 13,028,499,687
농업회사법인아시아종묘 154030 단기매입채무 985,489,073 1,896,966,051
농업회사법인아시아종묘 154030 단기차입금 6,457,993,060 7,234,281,336
농업회사법인아시아종묘 154030 유동성장기차입금 662,500,000 700,000,000
농업회사법인아시아종묘 154030 유동성사채 0 0
농업회사법인아시아종묘 154030 기타유동금융부채 0 0
농업회사법인아시아종묘 154030 기타유동부채 0 0
농업회사법인아시아종묘 154030 당기법인세부채 0 0
농업회사법인아시아종묘 154030 유동리스부채 0 0
농업회사법인아시아종묘 154030 비유동부채 6,934,884,150 2,400,000,000
농업회사법인아시아종묘 154030 사채 0 0
농업회사법인아시아종묘 154030 장기차입금 2,400,000,000 2,400,000,000
농업회사법인아시아종묘 154030 기타비유동금융부채 0 0
농업회사법인아시아종묘 154030 이연법인세부채 0 0
농업회사법인아시아종묘 154030 비유동리스부채 0 0
농업회사법인아시아종묘 154030 부채총계 17,278,040,557 15,428,499,687
농업회사법인아시아종묘 154030 자본금 4,699,478,500 4,607,769,500
농업회사법인아시아종묘 154030 자본잉여금 13,380,858,478 12,483,185,012
농업회사법인아시아종묘 154030 자본조정 0 0
농업회사법인아시아종묘 154030 기타포괄손익누계액 0 0
농업회사법인아시아종묘 154030 이익잉여금(결손금) 275,513,921 1,682,938,521
농업회사법인아시아종묘 154030 자본총계 18,355,850,899 18,773,893,033
농업회사법인아시아종묘 154030 자본과부채총계 35,633,891,456 34,202,392,720
date : 2018-03-31
농업회사법인아시아종묘 154030 유동자산 20,706,776,586 18,536,053,152
농업회사법인아시아종묘 154030 현금및현금성자산 3,652,112,833 1,568,874,690
농업회사법인아시아종묘 154030 매출채권 8,963,414,939 9,530,403,583
농업회사법인아시아종묘 154030 재고자산 9,517,981,487 8,737,906,639
농업회사법인아시아종묘 154030 기타유동금융자산 0 0
농업회사법인아시아종묘 154030 기타유동자산 0 0
농업회사법인아시아종묘 154030 매각예정비유동자산 0 0
농업회사법인아시아종묘 154030 비유동자산 14,676,393,195 14,428,184,171
농업회사법인아시아종묘 154030 장기금융상품 373,751,510 216,170,856
농업회사법인아시아종묘 154030 기타포괄손익-공정가치 0 0
농업회사법인아시아종묘 154030 당기손익인식공정가치측정금융자산 0 0
농업회사법인아시아종묘 154030 종속회사투자 0 0
농업회사법인아시아종묘 154030 관계회사투자 0 0
농업회사법인아시아종묘 154030 렌탈자산 0 0
농업회사법인아시아종묘 154030 유형자산 10,070,871,438 10,204,685,519
농업회사법인아시아종묘 154030 무형자산 1,461,948,582 1,509,551,319
농업회사법인아시아종묘 154030 기타비유동금융자산 0 0
농업회사법인아시아종묘 154030 기타비유동자산 0 0
농업회사법인아시아종묘 154030 사용권자산 0 0
농업회사법인아시아종묘 154030 이연법인세자산 2,229,929,915 2,196,959,727
농업회사법인아시아종묘 154030 자산총계 35,383,169,781 32,964,237,323
농업회사법인아시아종묘 154030 유동부채 12,570,291,021 15,411,314,256
농업회사법인아시아종묘 154030 단기매입채무 809,480,993 531,463,868
농업회사법인아시아종묘 154030 단기차입금 6,770,000,000 9,759,776,670
농업회사법인아시아종묘 154030 유동성장기차입금 150,000,000 150,000,000
농업회사법인아시아종묘 154030 유동성사채 1,440,000,000 1,440,000,000
농업회사법인아시아종묘 154030 기타유동금융부채 0 0
농업회사법인아시아종묘 154030 기타유동부채 0 0
농업회사법인아시아종묘 154030 당기법인세부채 0 11,687,558
농업회사법인아시아종묘 154030 유동리스부채 0 0
농업회사법인아시아종묘 154030 비유동부채 1,939,711,913 714,711,913
농업회사법인아시아종묘 154030 사채 0 0
농업회사법인아시아종묘 154030 장기차입금 1,925,000,000 700,000,000
농업회사법인아시아종묘 154030 기타비유동금융부채 0 0
농업회사법인아시아종묘 154030 이연법인세부채 0 0
농업회사법인아시아종묘 154030 비유동리스부채 0 0
농업회사법인아시아종묘 154030 부채총계 14,510,002,934 16,126,026,169
농업회사법인아시아종묘 154030 자본금 4,607,769,500 4,092,769,500
농업회사법인아시아종묘 154030 자본잉여금 12,483,185,012 8,680,743,012
농업회사법인아시아종묘 154030 자본조정 0 0
농업회사법인아시아종묘 154030 기타포괄손익누계액 0 0
농업회사법인아시아종묘 154030 이익잉여금(결손금) 3,782,212,335 4,064,698,642
농업회사법인아시아종묘 154030 자본총계 20,873,166,847 16,838,211,154
농업회사법인아시아종묘 154030 자본과부채총계 35,383,169,781 32,964,237,323
date : 2018-06-30
농업회사법인아시아종묘 154030 유동자산 19,404,688,098 18,536,053,152
농업회사법인아시아종묘 154030 현금및현금성자산 3,832,363,515 1,568,874,690
농업회사법인아시아종묘 154030 매출채권 6,988,405,038 9,530,403,583
농업회사법인아시아종묘 154030 재고자산 10,053,986,335 8,737,906,639
농업회사법인아시아종묘 154030 기타유동금융자산 0 0
농업회사법인아시아종묘 154030 기타유동자산 0 0
농업회사법인아시아종묘 154030 매각예정비유동자산 0 0
농업회사법인아시아종묘 154030 비유동자산 14,787,972,824 14,428,184,171
농업회사법인아시아종묘 154030 장기금융상품 390,928,109 216,170,856
농업회사법인아시아종묘 154030 기타포괄손익-공정가치 0 0
농업회사법인아시아종묘 154030 당기손익인식공정가치측정금융자산 0 0
농업회사법인아시아종묘 154030 종속회사투자 0 0
농업회사법인아시아종묘 154030 관계회사투자 0 0
농업회사법인아시아종묘 154030 렌탈자산 0 0
농업회사법인아시아종묘 154030 유형자산 10,164,504,329 10,204,685,519
농업회사법인아시아종묘 154030 무형자산 1,458,454,057 1,509,551,319
농업회사법인아시아종묘 154030 기타비유동금융자산 0 0
농업회사법인아시아종묘 154030 기타비유동자산 0 0
농업회사법인아시아종묘 154030 사용권자산 0 0
농업회사법인아시아종묘 154030 이연법인세자산 2,231,607,079 2,196,959,727
농업회사법인아시아종묘 154030 자산총계 34,192,660,922 32,964,237,323
농업회사법인아시아종묘 154030 유동부채 12,457,891,470 15,411,314,256
농업회사법인아시아종묘 154030 단기매입채무 1,462,653,429 531,463,868
농업회사법인아시아종묘 154030 단기차입금 6,562,512,564 9,759,776,670
농업회사법인아시아종묘 154030 유동성장기차입금 737,500,000 150,000,000
농업회사법인아시아종묘 154030 유동성사채 0 1,440,000,000
농업회사법인아시아종묘 154030 기타유동금융부채 0 0
농업회사법인아시아종묘 154030 기타유동부채 0 0
농업회사법인아시아종묘 154030 당기법인세부채 0 11,687,558
농업회사법인아시아종묘 154030 유동리스부채 0 0
농업회사법인아시아종묘 154030 비유동부채 2,414,711,913 714,711,913
농업회사법인아시아종묘 154030 사채 0 0
농업회사법인아시아종묘 154030 장기차입금 2,400,000,000 700,000,000
농업회사법인아시아종묘 154030 기타비유동금융부채 0 0
농업회사법인아시아종묘 154030 이연법인세부채 0 0
농업회사법인아시아종묘 154030 비유동리스부채 0 0
농업회사법인아시아종묘 154030 부채총계 14,872,603,383 16,126,026,169
농업회사법인아시아종묘 154030 자본금 4,607,769,500 4,092,769,500
농업회사법인아시아종묘 154030 자본잉여금 12,483,185,012 8,680,743,012
농업회사법인아시아종묘 154030 자본조정 0 0
농업회사법인아시아종묘 154030 기타포괄손익누계액 0 0
농업회사법인아시아종묘 154030 이익잉여금(결손금) 2,229,103,027 4,064,698,642
농업회사법인아시아종묘 154030 자본총계 19,320,057,539 16,838,211,154
농업회사법인아시아종묘 154030 자본과부채총계 34,192,660,922 32,964,237,323
date : 2018-09-30
농업회사법인아시아종묘 154030 유동자산 19,445,542,696 18,536,053,152
농업회사법인아시아종묘 154030 현금및현금성자산 3,004,927,857 1,568,874,690
농업회사법인아시아종묘 154030 매출채권 6,929,767,171 9,530,403,583
농업회사법인아시아종묘 154030 재고자산 10,197,439,488 8,737,906,639
농업회사법인아시아종묘 154030 기타유동금융자산 0 0
농업회사법인아시아종묘 154030 기타유동자산 0 0
농업회사법인아시아종묘 154030 매각예정비유동자산 0 0
농업회사법인아시아종묘 154030 비유동자산 14,756,850,024 14,428,184,171
농업회사법인아시아종묘 154030 장기금융상품 450,390,593 216,170,856
농업회사법인아시아종묘 154030 기타포괄손익-공정가치 0 0
농업회사법인아시아종묘 154030 당기손익인식공정가치측정금융자산 0 0
농업회사법인아시아종묘 154030 종속회사투자 0 0
농업회사법인아시아종묘 154030 관계회사투자 0 0
농업회사법인아시아종묘 154030 렌탈자산 0 0
농업회사법인아시아종묘 154030 유형자산 10,107,147,721 10,204,685,519
농업회사법인아시아종묘 154030 무형자산 1,439,099,730 1,509,551,319
농업회사법인아시아종묘 154030 기타비유동금융자산 0 0
농업회사법인아시아종묘 154030 기타비유동자산 0 0
농업회사법인아시아종묘 154030 사용권자산 0 0
농업회사법인아시아종묘 154030 이연법인세자산 2,189,044,791 2,196,959,727
농업회사법인아시아종묘 154030 자산총계 34,202,392,720 32,964,237,323
농업회사법인아시아종묘 154030 유동부채 13,028,499,687 15,411,314,256
농업회사법인아시아종묘 154030 단기매입채무 1,896,966,051 531,463,868
농업회사법인아시아종묘 154030 단기차입금 7,234,281,336 9,759,776,670
농업회사법인아시아종묘 154030 유동성장기차입금 700,000,000 150,000,000
농업회사법인아시아종묘 154030 유동성사채 0 1,440,000,000
농업회사법인아시아종묘 154030 기타유동금융부채 0 0
농업회사법인아시아종묘 154030 기타유동부채 0 0
농업회사법인아시아종묘 154030 당기법인세부채 0 11,687,558
농업회사법인아시아종묘 154030 유동리스부채 0 0
농업회사법인아시아종묘 154030 비유동부채 2,400,000,000 714,711,913
농업회사법인아시아종묘 154030 사채 0 0
농업회사법인아시아종묘 154030 장기차입금 2,400,000,000 700,000,000
농업회사법인아시아종묘 154030 기타비유동금융부채 0 0
농업회사법인아시아종묘 154030 이연법인세부채 0 0
농업회사법인아시아종묘 154030 비유동리스부채 0 0
농업회사법인아시아종묘 154030 부채총계 15,428,499,687 16,126,026,169
농업회사법인아시아종묘 154030 자본금 4,607,769,500 4,092,769,500
농업회사법인아시아종묘 154030 자본잉여금 12,483,185,012 8,680,743,012
농업회사법인아시아종묘 154030 자본조정 0 0
농업회사법인아시아종묘 154030 기타포괄손익누계액 0 0
농업회사법인아시아종묘 154030 이익잉여금(결손금) 1,682,938,521 4,064,698,642
농업회사법인아시아종묘 154030 자본총계 18,773,893,033 16,838,211,154
농업회사법인아시아종묘 154030 자본과부채총계 34,202,392,720 32,964,237,323
