date : 2019-03-31
바다로19호 155900 유동자산 3,239,040,528 3,071,532,868
바다로19호 155900 현금및현금성자산 2,062,879,139 2,023,336,108
바다로19호 155900 비유동자산 46,269,843,197 46,106,839,982
바다로19호 155900 자산총계 49,508,883,725 49,178,372,850
바다로19호 155900 유동부채 3,342,806,824 3,123,754,342
바다로19호 155900 기타유동금융부채 346,244,589 241,817,723
바다로19호 155900 비유동부채 164,525,682 164,525,682
바다로19호 155900 부채총계 3,507,332,506 3,288,280,024
바다로19호 155900 자본금 76,000,020,000 76,000,020,000
바다로19호 155900 자본잉여금 138,682,000 138,682,000
바다로19호 155900 이익잉여금(결손금) -30,137,150,781 -30,248,609,174
바다로19호 155900 자본총계 46,001,551,219 45,890,092,826
바다로19호 155900 자본과부채총계 49,508,883,725 49,178,372,850
