date : 2019-03-31
제로투세븐 159580 유동자산 83,467,027,307 79,118,168,506
제로투세븐 159580 현금및현금성자산 12,053,197,233 18,144,726,340
제로투세븐 159580 매출채권 21,257,668,913 19,759,052,375
제로투세븐 159580 재고자산 46,616,824,130 38,893,247,180
제로투세븐 159580 비유동자산 56,612,890,120 47,147,927,734
제로투세븐 159580 유형자산 17,185,343,792 16,592,339,936
제로투세븐 159580 무형자산 19,586,181,337 19,899,140,020
제로투세븐 159580 자산총계 140,079,917,427 126,266,096,240
제로투세븐 159580 유동부채 54,875,251,259 50,872,806,932
제로투세븐 159580 유동성사채 20,000,000,000 20,000,000,000
제로투세븐 159580 당기법인세부채 383,251,370 438,025,470
제로투세븐 159580 유동리스부채 1,833,507,194 0
제로투세븐 159580 비유동부채 21,707,802,824 14,142,514,197
제로투세븐 159580 사채 10,000,000,000 10,000,000,000
제로투세븐 159580 비유동리스부채 7,359,322,294 0
제로투세븐 159580 이연법인세부채 1,609,109,670 1,653,049,747
제로투세븐 159580 부채총계 76,583,054,083 65,015,321,129
제로투세븐 159580 자본금 10,016,318,000 10,016,318,000
제로투세븐 159580 이익잉여금(결손금) -9,702,451,208 -11,948,539,441
제로투세븐 159580 자본총계 63,496,863,344 61,250,775,111
제로투세븐 159580 자본과부채총계 140,079,917,427 126,266,096,240
