date : 2019-03-31
선익시스템 171090 유동자산 79,753,766,022 79,838,254,353
선익시스템 171090 현금및현금성자산 16,927,285,248 34,891,674,544
선익시스템 171090 매출채권 및 기타유동채권
선익시스템 171090 매출채권 3,425,447,189 5,767,567,357
선익시스템 171090 재고자산 16,467,717,476 17,655,149,457
선익시스템 171090 기타유동자산 1,452,328,854 1,428,958,137
선익시스템 171090 비유동자산 37,139,148,834 35,660,498,265
선익시스템 171090 유형자산 27,512,427,809 26,205,875,957
선익시스템 171090 무형자산 1,389,985,013 854,172,915
선익시스템 171090 이연법인세자산 2,197,989,780 2,551,261,367
선익시스템 171090 자산총계 116,892,914,856 115,498,752,618
선익시스템 171090 유동부채 30,300,239,639 29,647,222,795
선익시스템 171090 단기매입채무 6,431,778,103 6,636,544,641
선익시스템 171090 유동리스부채 201,225,081 0
선익시스템 171090 당기법인세부채 114,144,077 5,596,706
선익시스템 171090 기타유동부채 68,968,171 191,357,471
선익시스템 171090 비유동부채 1,844,647,651 1,609,868,527
선익시스템 171090 비유동리스부채 98,689,692 0
선익시스템 171090 부채총계 32,144,887,290 31,257,091,322
선익시스템 171090 자본금 4,499,647,500 4,499,647,500
선익시스템 171090 자본잉여금 46,296,777,696 46,296,777,696
선익시스템 171090 이익잉여금(결손금) 34,925,574,395 33,947,463,191
선익시스템 171090 자본총계 84,748,027,566 84,241,661,296
선익시스템 171090 자본과부채총계 116,892,914,856 115,498,752,618
