date : 2019-03-31
SKC코오롱PI 178920 유동자산 102,260,424,728 105,904,436,881
SKC코오롱PI 178920 현금및현금성자산 21,328,542,658 11,202,834,020
SKC코오롱PI 178920 매출채권 25,388,546,410 25,529,354,825
SKC코오롱PI 178920 재고자산 52,286,829,284 51,525,294,877
SKC코오롱PI 178920 기타유동자산 3,078,733,635 7,201,145,309
SKC코오롱PI 178920 비유동자산 272,022,052,448 266,460,948,181
SKC코오롱PI 178920 무형자산 6,321,581,832 6,486,418,243
SKC코오롱PI 178920 유형자산 259,525,944,665 253,966,171,358
SKC코오롱PI 178920 기타비유동금융자산 5,000,000 5,000,000
SKC코오롱PI 178920 기타비유동자산 537,377,842 474,972,527
SKC코오롱PI 178920 자산총계 374,282,477,176 372,365,385,062
SKC코오롱PI 178920 유동부채 82,569,100,760 58,764,116,912
SKC코오롱PI 178920 단기매입채무 8,833,197,298 13,542,107,538
SKC코오롱PI 178920 단기차입금 16,149,743,703 2,092,327,219
SKC코오롱PI 178920 유동성장기차입금 12,833,160,000 12,833,160,000
SKC코오롱PI 178920 당기법인세부채 686,668,083 2,967,789,981
SKC코오롱PI 178920 기타유동부채 2,390,043,474 1,939,968,535
SKC코오롱PI 178920 비유동부채 55,274,868,496 54,886,949,849
SKC코오롱PI 178920 장기차입금 38,416,580,000 38,624,870,000
SKC코오롱PI 178920 이연법인세부채 14,202,195,773 13,857,323,575
SKC코오롱PI 178920 부채총계 137,843,969,256 113,651,066,761
SKC코오롱PI 178920 자본금 14,683,161,000 14,683,161,000
SKC코오롱PI 178920 이익잉여금(결손금) 112,346,525,187 134,622,335,568
SKC코오롱PI 178920 자본총계 236,438,507,920 258,714,318,301
SKC코오롱PI 178920 자본과부채총계 374,282,477,176 372,365,385,062
