date : 2019-03-31
한진칼 180640 유동자산 211,450,255,019 300,536,146,599
한진칼 180640 현금및현금성자산 58,511,662,445 9,572,415,357
한진칼 180640 매출채권 및 기타유동채권
한진칼 180640 기타유동금융자산 263,886,000 263,886,000
한진칼 180640 기타유동자산 721,653,685 655,639,165
한진칼 180640 비유동자산 1,714,866,787,717 1,716,027,050,950
한진칼 180640 유형자산 10,264,082,488 10,277,907,674
한진칼 180640 사용권자산 440,830,188 0
한진칼 180640 무형자산 1,146,119,082 1,155,908,547
한진칼 180640 이연법인세자산 7,524,922,312 8,964,668,893
한진칼 180640 자산총계 1,926,317,042,736 2,016,563,197,549
한진칼 180640 유동부채 306,783,986,673 337,685,315,950
한진칼 180640 단기차입금 210,000,000,000 329,000,000,000
한진칼 180640 유동리스부채 402,573,215 0
한진칼 180640 기타유동금융부채 4,644,495,800 4,652,375,800
한진칼 180640 기타유동부채 1,169,330,032 1,187,531,933
한진칼 180640 비유동부채 83,278,924,974 152,602,895,009
한진칼 180640 사채 69,779,799,401 0
한진칼 180640 장기차입금 80,000,000,000 80,000,000,000
한진칼 180640 비유동리스부채 41,342,718 0
한진칼 180640 부채총계 390,062,911,647 490,288,210,959
한진칼 180640 자본금 149,268,060,000 149,268,060,000
한진칼 180640 이익잉여금(결손금) 183,770,017,312 173,790,872,813
한진칼 180640 자본총계 1,536,254,131,089 1,526,274,986,590
한진칼 180640 자본과부채총계 1,926,317,042,736 2,016,563,197,549
