date : 2019-03-31
큐브엔터 182360 유동자산 19,725,954,558 18,412,059,411
큐브엔터 182360 현금및현금성자산 4,292,200,666 12,070,788,933
큐브엔터 182360 매출채권 4,395,518,967 2,631,013,884
큐브엔터 182360 기타유동금융자산 1,150,342,221 959,205,109
큐브엔터 182360 기타유동자산 3,859,421,917 2,736,534,185
큐브엔터 182360 비유동자산 12,428,650,968 10,181,648,577
큐브엔터 182360 기타비유동금융자산 2,256,470,481 2,303,597,372
큐브엔터 182360 유형자산 3,048,029,739 872,350,799
큐브엔터 182360 무형자산 4,307,811,835 1,289,361,493
큐브엔터 182360 기타비유동자산 2,100,000,000 5,000,000,000
큐브엔터 182360 이연법인세자산 685,819,881 685,819,881
큐브엔터 182360 자산총계 32,154,605,526 28,593,707,988
큐브엔터 182360 유동부채 12,145,246,713 11,014,568,234
큐브엔터 182360 기타유동금융부채 382,076,279 183,917,698
큐브엔터 182360 당기법인세부채 43,462,434 0
큐브엔터 182360 기타유동부채 7,911,563,956 7,322,333,048
큐브엔터 182360 비유동부채 3,153,567,653 877,442,680
큐브엔터 182360 기타비유동금융부채 2,218,249,133 0
큐브엔터 182360 부채총계 15,298,814,366 11,892,010,914
큐브엔터 182360 자본금 2,657,376,700 2,657,376,700
큐브엔터 182360 자본잉여금 20,687,919,824 20,687,919,824
큐브엔터 182360 이익잉여금(결손금) -6,584,938,061 -6,739,032,147
큐브엔터 182360 자본총계 16,855,791,160 16,701,697,074
