date : 2019-03-31
테라셈 182690 현금및현금성자산 144,675,405 768,569,767
테라셈 182690 매출채권 1,583,877,581 1,389,301,532
테라셈 182690 재고자산 951,626,753 1,075,388,609
테라셈 182690 기타유동금융자산 1,473,441,423 1,397,722,640
테라셈 182690 기타유동자산 225,430,335 412,010,733
테라셈 182690 유형자산 4,911,211,210 5,121,721,567
테라셈 182690 무형자산 77,628,020 80,412,269
테라셈 182690 기타비유동금융자산 5,198,550,000 5,119,750,000
테라셈 182690 자산총계 15,771,518,581 16,569,954,971
테라셈 182690 단기차입금 5,500,000,000 5,500,000,000
테라셈 182690 기타유동금융부채 1,569,038,798 1,364,260,611
테라셈 182690 기타유동부채 31,873,925 213,865,940
테라셈 182690 부채총계 9,680,542,058 9,524,881,209
테라셈 182690 자본총계 6,090,976,523 7,045,073,762
