date : 2015-12-31
SGA솔루션즈 184230 유동자산 31,971,099,983 25,431,495,851
SGA솔루션즈 184230 현금및현금성자산 9,716,394,845 714,206,963
SGA솔루션즈 184230 매출채권 및 기타유동채권
SGA솔루션즈 184230 재고자산 5,757,450,827 1,205,168,363
SGA솔루션즈 184230 기타유동금융자산 2,100,000,000 15,500,414,097
SGA솔루션즈 184230 기타유동자산 0 0
SGA솔루션즈 184230 매각예정비유동자산 0 0
SGA솔루션즈 184230 비유동자산 11,972,060,503 8,208,554,737
SGA솔루션즈 184230 장기금융상품 0 0
SGA솔루션즈 184230 기타포괄손익-공정가치 0 0
SGA솔루션즈 184230 당기손익인식공정가치측정금융자산 0 0
SGA솔루션즈 184230 종속회사투자 0 0
SGA솔루션즈 184230 관계회사투자 0 0
SGA솔루션즈 184230 렌탈자산 0 0
SGA솔루션즈 184230 유형자산 355,167,321 397,289,378
SGA솔루션즈 184230 무형자산 4,801,827,939 4,172,496,624
SGA솔루션즈 184230 기타비유동금융자산 3,175,025,350 319,622,200
SGA솔루션즈 184230 기타비유동자산 0 0
SGA솔루션즈 184230 사용권자산 0 0
SGA솔루션즈 184230 이연법인세자산 429,739,893 1,103,183,652
SGA솔루션즈 184230 자산총계 43,943,160,486 33,640,050,588
SGA솔루션즈 184230 유동부채 11,075,498,336 3,606,488,955
SGA솔루션즈 184230 단기매입채무 0 0
SGA솔루션즈 184230 단기차입금 5,457,002,262 1,226,886,483
SGA솔루션즈 184230 유동성장기차입금 79,992,000 79,992,000
SGA솔루션즈 184230 유동성사채 0 0
SGA솔루션즈 184230 기타유동금융부채 0 0
SGA솔루션즈 184230 기타유동부채 0 0
SGA솔루션즈 184230 당기법인세부채 194,753,570 11,331,659
SGA솔루션즈 184230 유동리스부채 0 0
SGA솔루션즈 184230 비유동부채 862,100,921 1,431,006,171
SGA솔루션즈 184230 사채 0 0
SGA솔루션즈 184230 장기차입금 79,992,000 119,988,000
SGA솔루션즈 184230 기타비유동금융부채 0 0
SGA솔루션즈 184230 이연법인세부채 0 0
SGA솔루션즈 184230 비유동리스부채 0 0
SGA솔루션즈 184230 부채총계 11,937,599,257 5,037,495,126
SGA솔루션즈 184230 자본금 2,310,031,000 2,247,631,000
SGA솔루션즈 184230 자본잉여금 24,899,438,705 24,406,079,655
SGA솔루션즈 184230 자본조정 0 0
SGA솔루션즈 184230 기타포괄손익누계액 -92,121,241 2,001,495
SGA솔루션즈 184230 이익잉여금(결손금) 0 0
SGA솔루션즈 184230 자본총계 32,005,561,229 28,602,555,462
SGA솔루션즈 184230 자본과부채총계 43,943,160,486 33,640,050,588
date : 2015-06-30
레드비씨 184230 유동자산 25,431,495,851 9,708,251,631
레드비씨 184230 현금및현금성자산 714,206,963 290,699,406
레드비씨 184230 매출채권 및 기타유동채권
레드비씨 184230 재고자산 1,205,168,363 236,900,000
레드비씨 184230 기타유동금융자산 15,500,414,097 174,703,371
레드비씨 184230 기타유동자산 0 0
레드비씨 184230 매각예정비유동자산 0 0
레드비씨 184230 비유동자산 8,208,554,737 5,585,791,595
레드비씨 184230 장기금융상품 0 0
레드비씨 184230 기타포괄손익-공정가치 0 0
레드비씨 184230 당기손익인식공정가치측정금융자산 0 0
레드비씨 184230 종속회사투자 0 0
레드비씨 184230 관계회사투자 0 0
레드비씨 184230 렌탈자산 0 0
레드비씨 184230 유형자산 397,289,378 69,351,238
레드비씨 184230 무형자산 4,172,496,624 3,913,810,324
레드비씨 184230 기타비유동금융자산 319,622,200 737,349,111
레드비씨 184230 기타비유동자산 0 0
레드비씨 184230 사용권자산 0 0
레드비씨 184230 이연법인세자산 1,103,183,652 699,418,039
레드비씨 184230 자산총계 33,640,050,588 15,294,043,226
레드비씨 184230 유동부채 3,606,488,955 4,654,118,356
레드비씨 184230 단기매입채무 0 0
레드비씨 184230 단기차입금 1,226,886,483 2,540,402,900
레드비씨 184230 유동성장기차입금 79,992,000 0
레드비씨 184230 유동성사채 0 0
레드비씨 184230 기타유동금융부채 0 0
레드비씨 184230 기타유동부채 0 0
레드비씨 184230 당기법인세부채 11,331,659 18,132,437
레드비씨 184230 유동리스부채 0 0
레드비씨 184230 비유동부채 1,431,006,171 4,237,240,849
레드비씨 184230 사채 0 0
레드비씨 184230 장기차입금 119,988,000 0
레드비씨 184230 기타비유동금융부채 0 0
레드비씨 184230 이연법인세부채 0 0
레드비씨 184230 비유동리스부채 0 0
레드비씨 184230 부채총계 5,037,495,126 8,891,359,205
레드비씨 184230 자본금 2,247,631,000 1,884,769,500
레드비씨 184230 자본잉여금 0 0
레드비씨 184230 자본조정 0 0
레드비씨 184230 기타포괄손익누계액 2,001,495 -46,364,464
레드비씨 184230 이익잉여금(결손금) 1,949,715,101 -1,599,910,364
레드비씨 184230 자본총계 28,602,555,462 6,402,684,021
레드비씨 184230 자본과부채총계 33,640,050,588 15,294,043,226
date : 2016-03-31
SGA솔루션즈 184230 유동자산 47,848,591,771 31,971,099,983
SGA솔루션즈 184230 현금및현금성자산 7,274,331,121 9,716,394,845
SGA솔루션즈 184230 매출채권 및 기타채권
SGA솔루션즈 184230 재고자산 6,108,823,553 5,757,450,827
SGA솔루션즈 184230 기타유동금융자산 0 0
SGA솔루션즈 184230 기타유동자산 159,161,178 218,133,719
SGA솔루션즈 184230 매각예정비유동자산 0 0
SGA솔루션즈 184230 비유동자산 12,229,910,922 11,972,060,503
SGA솔루션즈 184230 장기금융상품 0 0
SGA솔루션즈 184230 기타포괄손익-공정가치 0 0
SGA솔루션즈 184230 당기손익인식공정가치측정금융자산 0 0
SGA솔루션즈 184230 종속회사투자 0 0
SGA솔루션즈 184230 관계회사투자 0 0
SGA솔루션즈 184230 렌탈자산 0 0
SGA솔루션즈 184230 유형자산 325,434,945 355,167,321
SGA솔루션즈 184230 무형자산 4,968,673,704 4,801,827,939
SGA솔루션즈 184230 기타비유동금융자산 0 0
SGA솔루션즈 184230 기타비유동자산 0 0
SGA솔루션즈 184230 사용권자산 0 0
SGA솔루션즈 184230 이연법인세자산 429,739,893 429,739,893
SGA솔루션즈 184230 자산총계 60,078,502,693 43,943,160,486
SGA솔루션즈 184230 유동부채 8,813,852,623 11,075,498,336
SGA솔루션즈 184230 단기매입채무 0 0
SGA솔루션즈 184230 단기차입금 5,471,282,663 5,457,002,262
SGA솔루션즈 184230 유동성장기차입금 0 0
SGA솔루션즈 184230 유동성사채 0 0
SGA솔루션즈 184230 기타유동금융부채 0 0
SGA솔루션즈 184230 기타유동부채 69,653,794 69,538,211
SGA솔루션즈 184230 당기법인세부채 116,594,550 194,753,570
SGA솔루션즈 184230 유동리스부채 0 0
SGA솔루션즈 184230 비유동부채 15,728,179,069 862,100,921
SGA솔루션즈 184230 사채 0 0
SGA솔루션즈 184230 장기차입금 59,994,000 79,992,000
SGA솔루션즈 184230 기타비유동금융부채 0 0
SGA솔루션즈 184230 이연법인세부채 0 0
SGA솔루션즈 184230 비유동리스부채 0 0
SGA솔루션즈 184230 부채총계 24,542,031,692 11,937,599,257
SGA솔루션즈 184230 자본금 2,310,031,000 2,310,031,000
SGA솔루션즈 184230 자본잉여금 24,899,438,705 24,899,438,705
SGA솔루션즈 184230 자본조정 0 0
SGA솔루션즈 184230 기타포괄손익누계액 28,615,789 -92,121,241
SGA솔루션즈 184230 이익잉여금(결손금) 5,124,366,269 4,891,303,768
SGA솔루션즈 184230 자본총계 35,536,471,001 32,005,561,229
SGA솔루션즈 184230 자본과부채총계 60,078,502,693 43,943,160,486
date : 2016-06-30
SGA솔루션즈 184230 유동자산 50,585,551,023 31,971,099,983
SGA솔루션즈 184230 현금및현금성자산 3,160,034,297 9,716,394,845
SGA솔루션즈 184230 매출채권 및 기타채권
SGA솔루션즈 184230 재고자산 6,606,373,343 5,757,450,827
SGA솔루션즈 184230 기타유동금융자산 0 0
SGA솔루션즈 184230 기타유동자산 275,981,114 218,133,719
SGA솔루션즈 184230 매각예정비유동자산 0 0
SGA솔루션즈 184230 비유동자산 21,439,547,707 11,972,060,503
SGA솔루션즈 184230 장기금융상품 0 0
SGA솔루션즈 184230 기타포괄손익-공정가치 0 0
SGA솔루션즈 184230 당기손익인식공정가치측정금융자산 0 0
SGA솔루션즈 184230 종속회사투자 0 0
SGA솔루션즈 184230 관계회사투자 0 0
SGA솔루션즈 184230 렌탈자산 0 0
SGA솔루션즈 184230 유형자산 424,730,005 355,167,321
SGA솔루션즈 184230 무형자산 9,129,074,429 4,801,827,939
SGA솔루션즈 184230 기타비유동금융자산 0 0
SGA솔루션즈 184230 기타비유동자산 0 0
SGA솔루션즈 184230 사용권자산 0 0
SGA솔루션즈 184230 이연법인세자산 369,708,783 429,739,893
SGA솔루션즈 184230 자산총계 72,025,098,730 43,943,160,486
SGA솔루션즈 184230 유동부채 19,561,230,161 11,075,498,336
SGA솔루션즈 184230 단기매입채무 0 0
SGA솔루션즈 184230 단기차입금 7,688,127,784 5,457,002,262
SGA솔루션즈 184230 유동성장기차입금 0 0
SGA솔루션즈 184230 유동성사채 0 0
SGA솔루션즈 184230 기타유동금융부채 0 0
SGA솔루션즈 184230 기타유동부채 130,084,910 69,538,211
SGA솔루션즈 184230 당기법인세부채 48,513,140 194,753,570
SGA솔루션즈 184230 유동리스부채 0 0
SGA솔루션즈 184230 비유동부채 15,710,809,973 862,100,921
SGA솔루션즈 184230 사채 0 0
SGA솔루션즈 184230 장기차입금 79,992,000 79,992,000
SGA솔루션즈 184230 기타비유동금융부채 0 0
SGA솔루션즈 184230 이연법인세부채 0 0
SGA솔루션즈 184230 비유동리스부채 0 0
SGA솔루션즈 184230 부채총계 35,272,040,134 11,937,599,257
SGA솔루션즈 184230 자본금 2,565,593,600 2,310,031,000
SGA솔루션즈 184230 자본잉여금 26,459,788,876 24,899,438,705
SGA솔루션즈 184230 자본조정 0 0
SGA솔루션즈 184230 기타포괄손익누계액 -140,499,785 -92,121,241
SGA솔루션즈 184230 이익잉여금(결손금) 5,294,167,282 4,891,303,768
SGA솔루션즈 184230 자본총계 36,753,058,596 32,005,561,229
SGA솔루션즈 184230 자본과부채총계 72,025,098,730 43,943,160,486
date : 2016-09-30
SGA솔루션즈 184230 유동자산 29,768,145,055 31,971,099,983
SGA솔루션즈 184230 현금및현금성자산 2,171,193,000 9,716,394,845
SGA솔루션즈 184230 매출채권 및 기타채권
SGA솔루션즈 184230 재고자산 8,444,956,943 5,757,450,827
SGA솔루션즈 184230 기타유동금융자산 0 0
SGA솔루션즈 184230 기타유동자산 305,955,453 218,133,719
SGA솔루션즈 184230 매각예정비유동자산 0 0
SGA솔루션즈 184230 비유동자산 36,496,224,953 11,972,060,503
SGA솔루션즈 184230 장기금융상품 0 0
SGA솔루션즈 184230 기타포괄손익-공정가치 0 0
SGA솔루션즈 184230 당기손익인식공정가치측정금융자산 0 0
SGA솔루션즈 184230 종속회사투자 0 0
SGA솔루션즈 184230 관계회사투자 0 0
SGA솔루션즈 184230 렌탈자산 0 0
SGA솔루션즈 184230 유형자산 390,629,823 355,167,321
SGA솔루션즈 184230 무형자산 9,201,848,578 4,801,827,939
SGA솔루션즈 184230 기타비유동금융자산 0 0
SGA솔루션즈 184230 기타비유동자산 0 0
SGA솔루션즈 184230 사용권자산 0 0
SGA솔루션즈 184230 이연법인세자산 369,708,783 429,739,893
SGA솔루션즈 184230 자산총계 66,264,370,008 43,943,160,486
SGA솔루션즈 184230 유동부채 12,839,921,619 11,075,498,336
SGA솔루션즈 184230 단기매입채무 0 0
SGA솔루션즈 184230 단기차입금 6,271,220,602 5,457,002,262
SGA솔루션즈 184230 유동성장기차입금 0 0
SGA솔루션즈 184230 유동성사채 0 0
SGA솔루션즈 184230 기타유동금융부채 0 0
SGA솔루션즈 184230 기타유동부채 137,517,851 69,538,211
SGA솔루션즈 184230 당기법인세부채 48,513,140 194,753,570
SGA솔루션즈 184230 유동리스부채 0 0
SGA솔루션즈 184230 비유동부채 15,872,915,220 862,100,921
SGA솔루션즈 184230 사채 0 0
SGA솔루션즈 184230 장기차입금 79,992,000 79,992,000
SGA솔루션즈 184230 기타비유동금융부채 0 0
SGA솔루션즈 184230 이연법인세부채 0 0
SGA솔루션즈 184230 비유동리스부채 0 0
SGA솔루션즈 184230 부채총계 28,712,836,839 11,937,599,257
SGA솔루션즈 184230 자본금 2,565,593,600 2,310,031,000
SGA솔루션즈 184230 자본잉여금 26,459,788,876 24,899,438,705
SGA솔루션즈 184230 자본조정 0 0
SGA솔루션즈 184230 기타포괄손익누계액 -471,268,731 -92,121,241
SGA솔루션즈 184230 이익잉여금(결손금) 6,645,040,801 4,891,303,768
SGA솔루션즈 184230 자본총계 37,551,533,169 32,005,561,229
SGA솔루션즈 184230 자본과부채총계 66,264,370,008 43,943,160,486
date : 2016-12-31
SGA솔루션즈 184230 유동자산 30,643,515,768 31,971,099,983
SGA솔루션즈 184230 현금및현금성자산 2,123,280,620 9,716,394,845
SGA솔루션즈 184230 매출채권 및 기타채권
SGA솔루션즈 184230 재고자산 6,417,830,174 5,757,450,827
SGA솔루션즈 184230 기타유동금융자산 0 0
SGA솔루션즈 184230 기타유동자산 134,148,026 218,133,719
SGA솔루션즈 184230 매각예정비유동자산 0 0
SGA솔루션즈 184230 비유동자산 36,576,972,255 11,972,060,503
SGA솔루션즈 184230 장기금융상품 0 0
SGA솔루션즈 184230 기타포괄손익-공정가치 0 0
SGA솔루션즈 184230 당기손익인식공정가치측정금융자산 0 0
SGA솔루션즈 184230 종속회사투자 0 0
SGA솔루션즈 184230 관계회사투자 0 0
SGA솔루션즈 184230 렌탈자산 0 0
SGA솔루션즈 184230 유형자산 520,751,317 355,167,321
SGA솔루션즈 184230 무형자산 9,415,402,660 4,801,827,939
SGA솔루션즈 184230 기타비유동금융자산 0 0
SGA솔루션즈 184230 기타비유동자산 0 0
SGA솔루션즈 184230 사용권자산 0 0
SGA솔루션즈 184230 이연법인세자산 429,739,893 1,103,183,652
SGA솔루션즈 184230 자산총계 67,220,488,023 43,943,160,486
SGA솔루션즈 184230 유동부채 13,432,131,515 11,075,498,336
SGA솔루션즈 184230 단기매입채무 0 0
SGA솔루션즈 184230 단기차입금 4,851,411,631 5,457,002,262
SGA솔루션즈 184230 유동성장기차입금 79,992,000 79,992,000
SGA솔루션즈 184230 유동성사채 0 0
SGA솔루션즈 184230 기타유동금융부채 0 0
SGA솔루션즈 184230 기타유동부채 262,249,056 69,538,211
SGA솔루션즈 184230 당기법인세부채 729,008,002 194,753,570
SGA솔루션즈 184230 유동리스부채 0 0
SGA솔루션즈 184230 비유동부채 14,576,035,263 862,100,921
SGA솔루션즈 184230 사채 0 0
SGA솔루션즈 184230 장기차입금 79,992,000 119,988,000
SGA솔루션즈 184230 기타비유동금융부채 0 0
SGA솔루션즈 184230 이연법인세부채 332,001,640 119,988,000
SGA솔루션즈 184230 비유동리스부채 0 0
SGA솔루션즈 184230 부채총계 28,008,166,778 11,937,599,257
SGA솔루션즈 184230 자본금 2,565,593,600 2,310,031,000
SGA솔루션즈 184230 자본잉여금 26,152,032,945 24,899,438,705
SGA솔루션즈 184230 자본조정 0 0
SGA솔루션즈 184230 기타포괄손익누계액 -346,960,314 -92,121,241
SGA솔루션즈 184230 이익잉여금(결손금) 7,906,801,685 4,891,303,768
SGA솔루션즈 184230 자본총계 39,212,321,245 32,005,561,229
SGA솔루션즈 184230 자본과부채총계 67,220,488,023 43,943,160,486
date : 2017-03-31
SGA솔루션즈 184230 유동자산 28,124,535,034 30,643,515,768
SGA솔루션즈 184230 현금및현금성자산 396,814,272 2,123,280,620
SGA솔루션즈 184230 매출채권 및 기타채권
SGA솔루션즈 184230 재고자산 6,991,886,074 6,417,830,174
SGA솔루션즈 184230 기타유동금융자산 0 0
SGA솔루션즈 184230 기타유동자산 376,692,868 134,148,026
SGA솔루션즈 184230 매각예정비유동자산 0 0
SGA솔루션즈 184230 비유동자산 35,718,398,948 36,576,972,255
SGA솔루션즈 184230 장기금융상품 0 0
SGA솔루션즈 184230 기타포괄손익-공정가치 0 0
SGA솔루션즈 184230 당기손익인식공정가치측정금융자산 0 0
SGA솔루션즈 184230 종속회사투자 0 0
SGA솔루션즈 184230 관계회사투자 0 0
SGA솔루션즈 184230 렌탈자산 0 0
SGA솔루션즈 184230 유형자산 469,009,471 520,751,317
SGA솔루션즈 184230 무형자산 9,687,967,230 9,415,402,660
SGA솔루션즈 184230 기타비유동금융자산 0 0
SGA솔루션즈 184230 기타비유동자산 0 0
SGA솔루션즈 184230 사용권자산 0 0
SGA솔루션즈 184230 이연법인세자산 429,739,893 기타채권
SGA솔루션즈 184230 자산총계 63,842,933,982 67,220,488,023
SGA솔루션즈 184230 유동부채 9,676,432,005 13,432,131,515
SGA솔루션즈 184230 단기매입채무 0 0
SGA솔루션즈 184230 단기차입금 4,673,263,748 4,851,411,631
SGA솔루션즈 184230 유동성장기차입금 53,328,000 79,992,000
SGA솔루션즈 184230 유동성사채 0 0
SGA솔루션즈 184230 기타유동금융부채 0 0
SGA솔루션즈 184230 기타유동부채 271,489,376 262,249,056
SGA솔루션즈 184230 당기법인세부채 431,914,272 729,008,002
SGA솔루션즈 184230 유동리스부채 0 0
SGA솔루션즈 184230 비유동부채 14,507,421,431 14,576,035,263
SGA솔루션즈 184230 사채 0 0
SGA솔루션즈 184230 장기차입금 79,992,000 14,576,035,263
SGA솔루션즈 184230 기타비유동금융부채 0 0
SGA솔루션즈 184230 이연법인세부채 332,001,640 332,001,640
SGA솔루션즈 184230 비유동리스부채 0 0
SGA솔루션즈 184230 부채총계 24,183,853,436 28,008,166,778
SGA솔루션즈 184230 자본금 2,578,903,200 2,565,593,600
SGA솔루션즈 184230 자본잉여금 26,512,981,972 26,152,032,945
SGA솔루션즈 184230 자본조정 0 0
SGA솔루션즈 184230 기타포괄손익누계액 -463,252,478 -346,960,314
SGA솔루션즈 184230 이익잉여금(결손금) 8,154,493,049 7,906,801,685
SGA솔루션즈 184230 자본총계 39,659,080,546 39,212,321,245
SGA솔루션즈 184230 자본과부채총계 63,842,933,982 67,220,488,023
date : 2017-06-30
SGA솔루션즈 184230 유동자산 28,900,921,263 30,643,515,768
SGA솔루션즈 184230 현금및현금성자산 5,380,905,471 2,123,280,620
SGA솔루션즈 184230 매출채권 및 기타채권
SGA솔루션즈 184230 재고자산 8,099,541,374 6,417,830,174
SGA솔루션즈 184230 기타유동금융자산 0 0
SGA솔루션즈 184230 기타유동자산 1,871,716,963 134,148,026
SGA솔루션즈 184230 매각예정비유동자산 0 0
SGA솔루션즈 184230 비유동자산 36,367,018,635 36,576,972,255
SGA솔루션즈 184230 장기금융상품 0 0
SGA솔루션즈 184230 기타포괄손익-공정가치 0 0
SGA솔루션즈 184230 당기손익인식공정가치측정금융자산 0 0
SGA솔루션즈 184230 종속회사투자 0 0
SGA솔루션즈 184230 관계회사투자 0 0
SGA솔루션즈 184230 렌탈자산 0 0
SGA솔루션즈 184230 유형자산 501,463,825 520,751,317
SGA솔루션즈 184230 무형자산 9,869,217,526 9,415,402,660
SGA솔루션즈 184230 기타비유동금융자산 0 0
SGA솔루션즈 184230 기타비유동자산 0 0
SGA솔루션즈 184230 사용권자산 0 0
SGA솔루션즈 184230 이연법인세자산 0 0
SGA솔루션즈 184230 자산총계 65,267,939,898 67,220,488,023
SGA솔루션즈 184230 유동부채 9,839,320,863 13,432,131,515
SGA솔루션즈 184230 단기매입채무 0 0
SGA솔루션즈 184230 단기차입금 4,200,000,000 4,851,411,631
SGA솔루션즈 184230 유동성장기차입금 39,996,000 79,992,000
SGA솔루션즈 184230 유동성사채 0 0
SGA솔루션즈 184230 기타유동금융부채 0 0
SGA솔루션즈 184230 기타유동부채 213,828,062 262,249,056
SGA솔루션즈 184230 당기법인세부채 635,791,075 729,008,002
SGA솔루션즈 184230 유동리스부채 0 0
SGA솔루션즈 184230 비유동부채 10,260,705,679 14,576,035,263
SGA솔루션즈 184230 사채 0 0
SGA솔루션즈 184230 장기차입금 0 0
SGA솔루션즈 184230 기타비유동금융부채 0 0
SGA솔루션즈 184230 이연법인세부채 119,863,913 332,001,640
SGA솔루션즈 184230 비유동리스부채 0 0
SGA솔루션즈 184230 부채총계 20,100,026,542 28,008,166,778
SGA솔루션즈 184230 자본금 2,826,017,700 2,565,593,600
SGA솔루션즈 184230 자본잉여금 31,632,380,616 26,152,032,945
SGA솔루션즈 184230 자본조정 0 0
SGA솔루션즈 184230 기타포괄손익누계액 815,043,824 -346,960,314
SGA솔루션즈 184230 이익잉여금(결손금) 8,112,063,918 7,906,801,685
SGA솔루션즈 184230 자본총계 45,167,913,356 39,212,321,245
SGA솔루션즈 184230 자본과부채총계 65,267,939,898 67,220,488,023
date : 2017-09-30
SGA솔루션즈 184230 유동자산 24,563,111,809 30,643,515,768
SGA솔루션즈 184230 현금및현금성자산 1,712,631,368 2,123,280,620
SGA솔루션즈 184230 매출채권 및 기타유동채권
SGA솔루션즈 184230 재고자산 7,329,207,754 6,417,830,174
SGA솔루션즈 184230 기타유동금융자산 5,015,897,974 기타유동채권
SGA솔루션즈 184230 기타유동자산 247,649,572 134,148,026
SGA솔루션즈 184230 매각예정비유동자산 0 0
SGA솔루션즈 184230 비유동자산 41,551,904,994 36,576,972,255
SGA솔루션즈 184230 장기금융상품 4,392,206,000 278,286,000
SGA솔루션즈 184230 기타포괄손익-공정가치 0 0
SGA솔루션즈 184230 당기손익인식공정가치측정금융자산 0 0
SGA솔루션즈 184230 종속회사투자 0 0
SGA솔루션즈 184230 관계회사투자 0 0
SGA솔루션즈 184230 렌탈자산 0 0
SGA솔루션즈 184230 유형자산 613,938,903 520,751,317
SGA솔루션즈 184230 무형자산 10,027,113,729 9,415,402,660
SGA솔루션즈 184230 기타비유동금융자산 0 0
SGA솔루션즈 184230 기타비유동자산 0 0
SGA솔루션즈 184230 사용권자산 0 0
SGA솔루션즈 184230 이연법인세자산 0 0
SGA솔루션즈 184230 자산총계 66,115,016,803 67,220,488,023
SGA솔루션즈 184230 유동부채 10,538,720,619 13,432,131,515
SGA솔루션즈 184230 단기매입채무 0 0
SGA솔루션즈 184230 단기차입금 3,500,000,000 4,851,411,631
SGA솔루션즈 184230 유동성장기차입금 19,998,000 79,992,000
SGA솔루션즈 184230 유동성사채 0 0
SGA솔루션즈 184230 기타유동금융부채 0 0
SGA솔루션즈 184230 기타유동부채 154,682,248 262,249,056
SGA솔루션즈 184230 당기법인세부채 485,992,595 729,008,002
SGA솔루션즈 184230 유동리스부채 0 0
SGA솔루션즈 184230 비유동부채 4,992,412,455 14,576,035,263
SGA솔루션즈 184230 사채 0 0
SGA솔루션즈 184230 장기차입금 0 0
SGA솔루션즈 184230 기타비유동금융부채 0 0
SGA솔루션즈 184230 이연법인세부채 119,863,913 332,001,640
SGA솔루션즈 184230 비유동리스부채 0 0
SGA솔루션즈 184230 부채총계 15,531,133,074 28,008,166,778
SGA솔루션즈 184230 자본금 3,106,406,900 2,565,593,600
SGA솔루션즈 184230 자본잉여금 37,883,899,247 26,152,032,945
SGA솔루션즈 184230 자본조정 0 0
SGA솔루션즈 184230 기타포괄손익누계액 4,042,132 -346,960,314
SGA솔루션즈 184230 이익잉여금(결손금) 9,047,925,072 7,906,801,685
SGA솔루션즈 184230 자본총계 50,583,883,729 39,212,321,245
SGA솔루션즈 184230 자본과부채총계 66,115,016,803 67,220,488,023
date : 2017-12-31
SGA솔루션즈 184230 유동자산 25,295,455,691 30,643,515,768
SGA솔루션즈 184230 현금및현금성자산 1,372,414,593 2,123,280,620
SGA솔루션즈 184230 매출채권 및 기타유동채권
SGA솔루션즈 184230 재고자산 6,785,558,770 6,417,830,174
SGA솔루션즈 184230 기타유동금융자산 0 0
SGA솔루션즈 184230 기타유동자산 378,058,901 134,148,026
SGA솔루션즈 184230 매각예정비유동자산 0 0
SGA솔루션즈 184230 비유동자산 40,164,732,120 36,576,972,255
SGA솔루션즈 184230 장기금융상품 0 0
SGA솔루션즈 184230 기타포괄손익-공정가치 0 0
SGA솔루션즈 184230 당기손익인식공정가치측정금융자산 0 0
SGA솔루션즈 184230 종속회사투자 0 0
SGA솔루션즈 184230 관계회사투자 0 0
SGA솔루션즈 184230 렌탈자산 0 0
SGA솔루션즈 184230 유형자산 749,979,622 520,751,317
SGA솔루션즈 184230 무형자산 9,687,601,578 9,415,402,660
SGA솔루션즈 184230 기타비유동금융자산 188,438,353 940,243,011
SGA솔루션즈 184230 기타비유동자산 0 0
SGA솔루션즈 184230 사용권자산 0 0
SGA솔루션즈 184230 이연법인세자산 528,710,227 429,739,893
SGA솔루션즈 184230 자산총계 65,460,187,811 67,220,488,023
SGA솔루션즈 184230 유동부채 11,145,754,881 13,432,131,515
SGA솔루션즈 184230 단기매입채무 0 0
SGA솔루션즈 184230 단기차입금 3,500,000,000 4,851,411,631
SGA솔루션즈 184230 유동성장기차입금 79,992,000 79,992,000
SGA솔루션즈 184230 유동성사채 0 0
SGA솔루션즈 184230 기타유동금융부채 0 0
SGA솔루션즈 184230 기타유동부채 141,458,727 262,249,056
SGA솔루션즈 184230 당기법인세부채 59,255,690 729,008,002
SGA솔루션즈 184230 유동리스부채 0 0
SGA솔루션즈 184230 비유동부채 3,242,322,368 14,576,035,263
SGA솔루션즈 184230 사채 0 0
SGA솔루션즈 184230 장기차입금 79,992,000 14,576,035,263
SGA솔루션즈 184230 기타비유동금융부채 0 0
SGA솔루션즈 184230 이연법인세부채 332,001,640 14,576,035,263
SGA솔루션즈 184230 비유동리스부채 0 0
SGA솔루션즈 184230 부채총계 14,388,077,249 28,008,166,778
SGA솔루션즈 184230 자본금 3,194,249,700 2,565,593,600
SGA솔루션즈 184230 자본잉여금 39,883,905,649 26,152,032,945
SGA솔루션즈 184230 자본조정 0 0
SGA솔루션즈 184230 기타포괄손익누계액 -618,167,647 -346,960,314
SGA솔루션즈 184230 이익잉여금(결손금) 8,459,240,278 7,906,801,685
SGA솔루션즈 184230 자본총계 51,072,110,562 39,212,321,245
SGA솔루션즈 184230 자본과부채총계 65,460,187,811 67,220,488,023
date : 2018-03-31
SGA솔루션즈 184230 유동자산 20,332,607,402 25,295,455,691
SGA솔루션즈 184230 현금및현금성자산 1,983,953,830 1,372,414,593
SGA솔루션즈 184230 매출채권 및 기타유동채권
SGA솔루션즈 184230 재고자산 6,418,579,390 6,785,558,770
SGA솔루션즈 184230 기타유동금융자산 0 기타유동채권
SGA솔루션즈 184230 기타유동자산 484,999,875 378,058,901
SGA솔루션즈 184230 매각예정비유동자산 0 0
SGA솔루션즈 184230 비유동자산 41,209,633,485 40,164,732,120
SGA솔루션즈 184230 장기금융상품 0 0
SGA솔루션즈 184230 기타포괄손익-공정가치 0 0
SGA솔루션즈 184230 당기손익인식공정가치측정금융자산 0 0
SGA솔루션즈 184230 종속회사투자 0 0
SGA솔루션즈 184230 관계회사투자 0 0
SGA솔루션즈 184230 렌탈자산 0 0
SGA솔루션즈 184230 유형자산 1,002,256,491 749,979,622
SGA솔루션즈 184230 무형자산 9,750,904,947 9,687,601,578
SGA솔루션즈 184230 기타비유동금융자산 124,000,000 188,438,353
SGA솔루션즈 184230 기타비유동자산 0 0
SGA솔루션즈 184230 사용권자산 0 0
SGA솔루션즈 184230 이연법인세자산 528,710,227 528,710,227
SGA솔루션즈 184230 자산총계 61,542,240,887 65,460,187,811
SGA솔루션즈 184230 유동부채 8,413,063,425 11,145,754,881
SGA솔루션즈 184230 단기매입채무 0 0
SGA솔루션즈 184230 단기차입금 3,500,000,000 3,500,000,000
SGA솔루션즈 184230 유동성장기차입금 0 0
SGA솔루션즈 184230 유동성사채 0 0
SGA솔루션즈 184230 기타유동금융부채 0 0
SGA솔루션즈 184230 기타유동부채 137,512,887 141,458,727
SGA솔루션즈 184230 당기법인세부채 59,255,690 59,255,690
SGA솔루션즈 184230 유동리스부채 0 0
SGA솔루션즈 184230 비유동부채 2,536,257,970 3,242,322,368
SGA솔루션즈 184230 사채 0 3,242,322,368
SGA솔루션즈 184230 장기차입금 0 3,242,322,368
SGA솔루션즈 184230 기타비유동금융부채 0 0
SGA솔루션즈 184230 이연법인세부채 0 3,242,322,368
SGA솔루션즈 184230 비유동리스부채 0 0
SGA솔루션즈 184230 부채총계 10,949,321,395 14,388,077,249
SGA솔루션즈 184230 자본금 3,231,960,200 3,194,249,700
SGA솔루션즈 184230 자본잉여금 40,753,566,391 39,883,905,649
SGA솔루션즈 184230 자본조정 0 0
SGA솔루션즈 184230 기타포괄손익누계액 -810,195,972 -618,167,647
SGA솔루션즈 184230 이익잉여금(결손금) 7,273,035,702 8,459,240,278
SGA솔루션즈 184230 자본총계 50,592,919,492 51,072,110,562
SGA솔루션즈 184230 자본과부채총계 61,542,240,887 65,460,187,811
date : 2018-06-30
SGA솔루션즈 184230 유동자산 32,882,040,078 25,295,455,691
SGA솔루션즈 184230 현금및현금성자산 13,287,514,619 1,372,414,593
SGA솔루션즈 184230 매출채권 및 기타유동채권
SGA솔루션즈 184230 재고자산 5,910,584,608 6,785,558,770
SGA솔루션즈 184230 기타유동금융자산 2,500,000,000 0
SGA솔루션즈 184230 기타유동자산 1,145,486,196 378,058,901
SGA솔루션즈 184230 매각예정비유동자산 0 0
SGA솔루션즈 184230 비유동자산 40,919,443,304 40,164,732,120
SGA솔루션즈 184230 장기금융상품 0 0
SGA솔루션즈 184230 기타포괄손익-공정가치 측정 금융자산
SGA솔루션즈 184230 당기손익인식공정가치측정금융자산 0 0
SGA솔루션즈 184230 종속회사투자 0 0
SGA솔루션즈 184230 관계회사투자 0 0
SGA솔루션즈 184230 렌탈자산 0 0
SGA솔루션즈 184230 유형자산 883,230,922 749,979,622
SGA솔루션즈 184230 무형자산 8,063,134,691 9,687,601,578
SGA솔루션즈 184230 기타비유동금융자산 84,000,000 188,438,353
SGA솔루션즈 184230 기타비유동자산 0 0
SGA솔루션즈 184230 사용권자산 0 0
SGA솔루션즈 184230 이연법인세자산 0 528,710,227
SGA솔루션즈 184230 자산총계 73,801,483,382 65,460,187,811
SGA솔루션즈 184230 유동부채 10,288,804,958 11,145,754,881
SGA솔루션즈 184230 단기매입채무 0 0
SGA솔루션즈 184230 단기차입금 3,500,000,000 3,500,000,000
SGA솔루션즈 184230 유동성장기차입금 0 0
SGA솔루션즈 184230 유동성사채 0 0
SGA솔루션즈 184230 기타유동금융부채 0 0
SGA솔루션즈 184230 기타유동부채 146,650,685 141,458,727
SGA솔루션즈 184230 당기법인세부채 48,513,140 59,255,690
SGA솔루션즈 184230 유동리스부채 0 0
SGA솔루션즈 184230 비유동부채 10,521,984,889 3,242,322,368
SGA솔루션즈 184230 사채 0 0
SGA솔루션즈 184230 장기차입금 0 0
SGA솔루션즈 184230 기타비유동금융부채 0 0
SGA솔루션즈 184230 이연법인세부채 489,357,417 0
SGA솔루션즈 184230 비유동리스부채 0 0
SGA솔루션즈 184230 부채총계 20,810,789,847 14,388,077,249
SGA솔루션즈 184230 자본금 3,390,509,800 3,194,249,700
SGA솔루션즈 184230 자본잉여금 40,753,566,391 39,883,905,649
SGA솔루션즈 184230 자본조정 0 0
SGA솔루션즈 184230 기타포괄손익누계액 -985,841,966 -618,167,647
SGA솔루션즈 184230 이익잉여금(결손금) 5,939,477,611 8,459,240,278
SGA솔루션즈 184230 자본총계 52,990,693,535 51,072,110,562
SGA솔루션즈 184230 자본과부채총계 73,801,483,382 65,460,187,811
date : 2018-09-30
SGA솔루션즈 184230 유동자산 22,111,816,071 25,295,455,691
SGA솔루션즈 184230 현금및현금성자산 5,391,958,600 1,372,414,593
SGA솔루션즈 184230 매출채권 및 기타유동채권
SGA솔루션즈 184230 재고자산 5,542,419,168 6,785,558,770
SGA솔루션즈 184230 기타유동금융자산 0 기타유동채권
SGA솔루션즈 184230 기타유동자산 1,238,187,185 378,058,901
SGA솔루션즈 184230 매각예정비유동자산 0 0
SGA솔루션즈 184230 비유동자산 46,358,968,795 40,164,732,120
SGA솔루션즈 184230 장기금융상품 0 0
SGA솔루션즈 184230 기타포괄손익-공정가치 측정 금융자산
SGA솔루션즈 184230 당기손익인식공정가치측정금융자산 0 0
SGA솔루션즈 184230 종속회사투자 0 0
SGA솔루션즈 184230 관계회사투자 0 0
SGA솔루션즈 184230 렌탈자산 0 0
SGA솔루션즈 184230 유형자산 780,265,716 749,979,622
SGA솔루션즈 184230 무형자산 8,070,740,404 9,687,601,578
SGA솔루션즈 184230 기타비유동금융자산 0 188,438,353
SGA솔루션즈 184230 기타비유동자산 0 0
SGA솔루션즈 184230 사용권자산 0 0
SGA솔루션즈 184230 이연법인세자산 0 528,710,227
SGA솔루션즈 184230 자산총계 68,470,784,866 65,460,187,811
SGA솔루션즈 184230 유동부채 3,303,174,854 11,145,754,881
SGA솔루션즈 184230 단기매입채무 0 0
SGA솔루션즈 184230 단기차입금 0 3,500,000,000
SGA솔루션즈 184230 유동성장기차입금 0 0
SGA솔루션즈 184230 유동성사채 0 0
SGA솔루션즈 184230 기타유동금융부채 0 0
SGA솔루션즈 184230 기타유동부채 134,665,002 141,458,727
SGA솔루션즈 184230 당기법인세부채 48,513,140 59,255,690
SGA솔루션즈 184230 유동리스부채 0 0
SGA솔루션즈 184230 비유동부채 13,323,735,908 3,242,322,368
SGA솔루션즈 184230 사채 0 0
SGA솔루션즈 184230 장기차입금 0 0
SGA솔루션즈 184230 기타비유동금융부채 0 0
SGA솔루션즈 184230 이연법인세부채 489,357,417 3,242,322,368
SGA솔루션즈 184230 비유동리스부채 0 0
SGA솔루션즈 184230 부채총계 16,626,910,762 14,388,077,249
SGA솔루션즈 184230 자본금 3,390,509,800 3,194,249,700
SGA솔루션즈 184230 자본잉여금 40,753,566,391 39,883,905,649
SGA솔루션즈 184230 자본조정 0 0
SGA솔루션즈 184230 기타포괄손익누계액 -1,296,521,423 -618,167,647
SGA솔루션즈 184230 이익잉여금(결손금) 5,089,013,322 8,459,240,278
SGA솔루션즈 184230 자본총계 51,843,874,104 51,072,110,562
SGA솔루션즈 184230 자본과부채총계 68,470,784,866 65,460,187,811
date : 2018-12-31
SGA솔루션즈 184230 유동자산 20,780,351,815 25,295,455,691
SGA솔루션즈 184230 현금및현금성자산 5,315,380,292 1,372,414,593
SGA솔루션즈 184230 매출채권 및 기타유동채권
SGA솔루션즈 184230 재고자산 3,573,519,538 6,785,558,770
SGA솔루션즈 184230 기타유동금융자산 3,000,000,000 0
SGA솔루션즈 184230 기타유동자산 408,125,204 378,058,901
SGA솔루션즈 184230 매각예정비유동자산 0 0
SGA솔루션즈 184230 비유동자산 46,712,268,475 40,164,732,120
SGA솔루션즈 184230 장기금융상품 0 0
SGA솔루션즈 184230 기타포괄손익-공정가치 측정 금융자산
SGA솔루션즈 184230 당기손익인식공정가치측정금융자산 0 0
SGA솔루션즈 184230 종속회사투자 0 0
SGA솔루션즈 184230 관계회사투자 0 0
SGA솔루션즈 184230 렌탈자산 0 0
SGA솔루션즈 184230 유형자산 660,247,991 749,979,622
SGA솔루션즈 184230 무형자산 7,466,654,744 9,687,601,578
SGA솔루션즈 184230 기타비유동금융자산 0 188,438,353
SGA솔루션즈 184230 기타비유동자산 0 0
SGA솔루션즈 184230 사용권자산 0 0
SGA솔루션즈 184230 이연법인세자산 178,017,257 528,710,227
SGA솔루션즈 184230 자산총계 67,492,620,290 65,460,187,811
SGA솔루션즈 184230 유동부채 9,514,755,650 11,145,754,881
SGA솔루션즈 184230 단기매입채무 0 0
SGA솔루션즈 184230 단기차입금 2,200,000,000 3,500,000,000
SGA솔루션즈 184230 유동성장기차입금 0 0
SGA솔루션즈 184230 유동성사채 0 0
SGA솔루션즈 184230 기타유동금융부채 0 0
SGA솔루션즈 184230 기타유동부채 173,588,807 141,458,727
SGA솔루션즈 184230 당기법인세부채 48,513,140 59,255,690
SGA솔루션즈 184230 유동리스부채 0 0
SGA솔루션즈 184230 비유동부채 10,442,458,893 3,242,322,368
SGA솔루션즈 184230 사채 0 0
SGA솔루션즈 184230 장기차입금 0 0
SGA솔루션즈 184230 기타비유동금융부채 0 0
SGA솔루션즈 184230 이연법인세부채 0 0
SGA솔루션즈 184230 비유동리스부채 0 0
SGA솔루션즈 184230 부채총계 19,957,214,543 14,388,077,249
SGA솔루션즈 184230 자본금 3,390,509,800 3,194,249,700
SGA솔루션즈 184230 자본잉여금 40,753,566,391 39,883,905,649
SGA솔루션즈 184230 자본조정 0 0
SGA솔루션즈 184230 기타포괄손익누계액 -1,567,933,559 -618,167,647
SGA솔루션즈 184230 이익잉여금(결손금) 1,037,632,786 8,459,240,278
SGA솔루션즈 184230 자본총계 47,535,405,747 51,072,110,562
SGA솔루션즈 184230 자본과부채총계 67,492,620,290 65,460,187,811
date : 2019-03-31
SGA솔루션즈 184230 유동자산 14,502,760,170 20,780,351,815
SGA솔루션즈 184230 현금및현금성자산 2,084,505,551 5,315,380,292
SGA솔루션즈 184230 매출채권 및 기타유동채권
SGA솔루션즈 184230 재고자산 3,415,698,351 3,573,519,538
SGA솔루션즈 184230 기타유동금융자산 3,000,000,000 기타유동채권
SGA솔루션즈 184230 기타유동자산 273,861,068 408,125,204
SGA솔루션즈 184230 매각예정비유동자산 0 0
SGA솔루션즈 184230 비유동자산 47,987,196,597 46,712,268,475
SGA솔루션즈 184230 장기금융상품 0 0
SGA솔루션즈 184230 기타포괄손익-공정가치 측정 금융자산
SGA솔루션즈 184230 당기손익인식공정가치측정금융자산 0 0
SGA솔루션즈 184230 종속회사투자 0 0
SGA솔루션즈 184230 관계회사투자 0 0
SGA솔루션즈 184230 렌탈자산 0 0
SGA솔루션즈 184230 유형자산 586,494,841 660,247,991
SGA솔루션즈 184230 무형자산 7,532,477,647 7,466,654,744
SGA솔루션즈 184230 기타비유동금융자산 0 금융자산
SGA솔루션즈 184230 기타비유동자산 0 0
SGA솔루션즈 184230 사용권자산 0 0
SGA솔루션즈 184230 이연법인세자산 178,017,257 178,017,257
SGA솔루션즈 184230 자산총계 62,489,956,767 67,492,620,290
SGA솔루션즈 184230 유동부채 5,472,408,430 9,514,755,650
SGA솔루션즈 184230 단기매입채무 0 0
SGA솔루션즈 184230 단기차입금 2,200,000,000 2,200,000,000
SGA솔루션즈 184230 유동성장기차입금 0 0
SGA솔루션즈 184230 유동성사채 0 0
SGA솔루션즈 184230 기타유동금융부채 0 0
SGA솔루션즈 184230 기타유동부채 148,146,536 173,588,807
SGA솔루션즈 184230 당기법인세부채 48,513,140 48,513,140
SGA솔루션즈 184230 유동리스부채 0 0
SGA솔루션즈 184230 비유동부채 10,648,906,619 10,442,458,893
SGA솔루션즈 184230 사채 0 0
SGA솔루션즈 184230 장기차입금 0 0
SGA솔루션즈 184230 기타비유동금융부채 0 0
SGA솔루션즈 184230 이연법인세부채 0 0
SGA솔루션즈 184230 비유동리스부채 0 0
SGA솔루션즈 184230 부채총계 16,121,315,049 19,957,214,543
SGA솔루션즈 184230 자본금 3,390,509,800 3,390,509,800
SGA솔루션즈 184230 자본잉여금 40,753,566,391 40,753,566,391
SGA솔루션즈 184230 자본조정 0 0
SGA솔루션즈 184230 기타포괄손익누계액 -1,641,599,822 -1,567,933,559
SGA솔루션즈 184230 이익잉여금(결손금) -69,477,897 1,037,632,786
SGA솔루션즈 184230 자본총계 46,368,641,718 47,535,405,747
SGA솔루션즈 184230 자본과부채총계 62,489,956,767 67,492,620,290
