date : 2019-03-31
신화콘텍 187270 유동자산 34,027,905,679 34,459,146,810
신화콘텍 187270 현금및현금성자산 9,170,359,922 13,694,853,723
신화콘텍 187270 매출채권 및 기타유동채권
신화콘텍 187270 재고자산 4,174,604,827 4,116,164,258
신화콘텍 187270 기타유동자산 1,985,580,259 222,004,857
신화콘텍 187270 비유동자산 50,193,782,044 49,369,180,034
신화콘텍 187270 유형자산 33,060,499,369 32,610,992,838
신화콘텍 187270 무형자산 832,936,451 708,903,812
신화콘텍 187270 이연법인세자산 1,156,714,369 1,157,633,611
신화콘텍 187270 자산총계 84,221,687,723 83,828,326,844
신화콘텍 187270 유동부채 13,248,081,363 11,994,362,647
신화콘텍 187270 단기차입금 7,109,960,000 6,746,350,000
신화콘텍 187270 당기법인세부채 154,125,915 63,558,761
신화콘텍 187270 기타유동부채 89,104,929 70,473,449
신화콘텍 187270 비유동부채 17,331,279,391 17,703,320,109
신화콘텍 187270 장기차입금 16,524,411,600 16,951,771,600
신화콘텍 187270 부채총계 30,579,360,754 29,697,682,756
신화콘텍 187270 자본금 5,071,922,500 5,071,922,500
신화콘텍 187270 자본잉여금 23,889,665,806 23,889,665,806
신화콘텍 187270 이익잉여금(결손금) 26,680,077,617 26,536,017,011
신화콘텍 187270 자본총계 53,642,326,969 54,130,644,088
신화콘텍 187270 자본과부채총계 84,221,687,723 83,828,326,844
