date : 2019-03-31
제노포커스 187420 유동자산 17,280,713,215 18,404,170,336
제노포커스 187420 현금및현금성자산 575,170,478 1,325,422,905
제노포커스 187420 매출채권 및 기타유동채권
제노포커스 187420 재고자산 1,626,827,252 1,629,775,584
제노포커스 187420 기타유동자산 255,661,687 293,874,663
제노포커스 187420 비유동자산 48,610,000,452 46,623,877,538
제노포커스 187420 유형자산 22,632,431,833 21,743,072,244
제노포커스 187420 무형자산 5,808,586,657 5,440,005,846
제노포커스 187420 이연법인세자산 1,346,845,487 1,405,360,064
제노포커스 187420 자산총계 65,890,713,667 65,028,047,874
제노포커스 187420 유동부채 2,368,389,656 1,731,505,315
제노포커스 187420 기타유동부채 71,875,245 84,766,560
제노포커스 187420 비유동부채 1,535,270,265 1,616,152,269
제노포커스 187420 장기차입금 1,408,000,000 1,408,000,000
제노포커스 187420 기타비유동금융부채 86,996,384 0
제노포커스 187420 부채총계 3,903,659,921 3,347,657,584
제노포커스 187420 자본금 10,901,651,500 10,901,651,500
제노포커스 187420 자본잉여금 50,926,181,037 50,926,181,037
제노포커스 187420 기타포괄손익누계액 167,427,499 -40,033,274
제노포커스 187420 이익잉여금(결손금) -644,451,972 -687,085,927
제노포커스 187420 자본총계 61,987,053,746 61,680,390,290
제노포커스 187420 자본과부채총계 65,890,713,667 65,028,047,874
