date : 2019-03-31
흥국에프엔비 189980 유동자산 35,947,781,674 33,997,057,048
흥국에프엔비 189980 현금및현금성자산 1,187,094,855 1,616,367,141
흥국에프엔비 189980 매출채권 및 기타유동채권
흥국에프엔비 189980 재고자산 12,571,956,312 11,560,039,052
흥국에프엔비 189980 기타유동자산 1,017,679,877 905,619,183
흥국에프엔비 189980 비유동자산 46,151,246,225 46,439,188,093
흥국에프엔비 189980 장기금융상품 2,845,329,545 2,721,110,258
흥국에프엔비 189980 유형자산 37,875,694,472 38,157,263,152
흥국에프엔비 189980 무형자산 1,516,881,717 1,533,319,197
흥국에프엔비 189980 이연법인세자산 511,016,148 630,171,143
흥국에프엔비 189980 자산총계 82,099,027,899 80,436,245,141
흥국에프엔비 189980 유동부채 22,798,246,512 21,490,139,252
흥국에프엔비 189980 유동리스부채 113,849,750 0
흥국에프엔비 189980 기타유동부채 1,053,854,887 225,215,466
흥국에프엔비 189980 당기법인세부채 1,099,944,750 945,675,156
흥국에프엔비 189980 비유동부채 395,024,450 255,608,901
흥국에프엔비 189980 비유동리스부채 50,644,369 0
흥국에프엔비 189980 부채총계 23,193,270,962 21,745,748,153
흥국에프엔비 189980 자본금 3,670,645,500 3,670,645,500
흥국에프엔비 189980 자본잉여금 34,670,472,578 34,670,472,578
흥국에프엔비 189980 이익잉여금(결손금) 30,518,552,459 30,307,407,760
흥국에프엔비 189980 자본총계 58,905,756,937 58,690,496,988
흥국에프엔비 189980 자본과부채총계 82,099,027,899 80,436,245,141
