date : 2015-12-31
육일씨엔에쓰 191410 유동자산 26,856,708,565 38,127,789,436
육일씨엔에쓰 191410 현금및현금성자산 9,365,362,022 14,069,709,828
육일씨엔에쓰 191410 매출채권 및 기타유동채권
육일씨엔에쓰 191410 재고자산 3,677,720,830 6,683,023,714
육일씨엔에쓰 191410 기타유동금융자산 5,171,073,670 480,000,000
육일씨엔에쓰 191410 기타유동자산 2,291,014,073 2,212,692,415
육일씨엔에쓰 191410 매각예정비유동자산 0 0
육일씨엔에쓰 191410 비유동자산 32,434,403,124 29,141,631,366
육일씨엔에쓰 191410 장기금융상품 226,000,000 29,141,631,366
육일씨엔에쓰 191410 기타포괄손익-공정가치 0 0
육일씨엔에쓰 191410 당기손익인식공정가치측정금융자산 0 0
육일씨엔에쓰 191410 종속회사투자 0 0
육일씨엔에쓰 191410 관계회사투자 0 0
육일씨엔에쓰 191410 렌탈자산 0 0
육일씨엔에쓰 191410 유형자산 15,765,072,395 16,380,326,711
육일씨엔에쓰 191410 무형자산 140,811,319 179,718,523
육일씨엔에쓰 191410 기타비유동금융자산 262,790,800 271,290,800
육일씨엔에쓰 191410 기타비유동자산 0 0
육일씨엔에쓰 191410 사용권자산 0 0
육일씨엔에쓰 191410 이연법인세자산 574,320,469 353,320,805
육일씨엔에쓰 191410 자산총계 59,291,111,689 67,269,420,802
육일씨엔에쓰 191410 유동부채 17,331,554,906 40,169,661,283
육일씨엔에쓰 191410 단기매입채무 0 0
육일씨엔에쓰 191410 단기차입금 8,500,000,000 10,768,985,521
육일씨엔에쓰 191410 유동성장기차입금 0 0
육일씨엔에쓰 191410 유동성사채 0 0
육일씨엔에쓰 191410 기타유동금융부채 9,000,000,000 9,000,000,000
육일씨엔에쓰 191410 기타유동부채 3,708,084,480 5,871,400,267
육일씨엔에쓰 191410 당기법인세부채 1,132,600,264 2,823,914,701
육일씨엔에쓰 191410 유동리스부채 0 0
육일씨엔에쓰 191410 비유동부채 8,931,750,749 9,307,014,433
육일씨엔에쓰 191410 사채 0 0
육일씨엔에쓰 191410 장기차입금 7,905,890,014 8,440,220,000
육일씨엔에쓰 191410 기타비유동금융부채 0 0
육일씨엔에쓰 191410 이연법인세부채 74,667,965 8,440,220,000
육일씨엔에쓰 191410 비유동리스부채 0 0
육일씨엔에쓰 191410 부채총계 26,263,305,655 49,476,675,716
육일씨엔에쓰 191410 자본금 4,261,490,000 3,900,990,000
육일씨엔에쓰 191410 자본잉여금 0 0
육일씨엔에쓰 191410 자본조정 0 0
육일씨엔에쓰 191410 기타포괄손익누계액 0 0
육일씨엔에쓰 191410 이익잉여금(결손금) 0 0
육일씨엔에쓰 191410 자본총계 33,027,806,034 17,792,745,086
육일씨엔에쓰 191410 자본과부채총계 59,291,111,689 67,269,420,802
date : 2016-03-31
육일씨엔에쓰 191410 유동자산 25,961,675,084 26,856,708,565
육일씨엔에쓰 191410 현금및현금성자산 3,692,646,764 9,365,362,022
육일씨엔에쓰 191410 매출채권 및 기타유동채권
육일씨엔에쓰 191410 재고자산 4,914,794,398 3,677,720,830
육일씨엔에쓰 191410 기타유동금융자산 6,021,791,509 5,171,073,670
육일씨엔에쓰 191410 기타유동자산 2,775,371,146 2,291,014,073
육일씨엔에쓰 191410 매각예정비유동자산 0 0
육일씨엔에쓰 191410 비유동자산 32,108,954,940 32,434,403,124
육일씨엔에쓰 191410 장기금융상품 0 32,434,403,124
육일씨엔에쓰 191410 기타포괄손익-공정가치 0 0
육일씨엔에쓰 191410 당기손익인식공정가치측정금융자산 0 0
육일씨엔에쓰 191410 종속회사투자 0 0
육일씨엔에쓰 191410 관계회사투자 0 0
육일씨엔에쓰 191410 렌탈자산 0 0
육일씨엔에쓰 191410 유형자산 15,281,083,628 15,765,072,395
육일씨엔에쓰 191410 무형자산 132,203,185 140,811,319
육일씨엔에쓰 191410 기타비유동금융자산 373,870,800 262,790,800
육일씨엔에쓰 191410 기타비유동자산 0 0
육일씨엔에쓰 191410 사용권자산 0 0
육일씨엔에쓰 191410 이연법인세자산 641,086,976 574,320,469
육일씨엔에쓰 191410 자산총계 58,070,630,024 59,291,111,689
육일씨엔에쓰 191410 유동부채 16,331,460,554 17,331,554,906
육일씨엔에쓰 191410 단기매입채무 0 0
육일씨엔에쓰 191410 단기차입금 8,500,000,000 8,500,000,000
육일씨엔에쓰 191410 유동성장기차입금 0 0
육일씨엔에쓰 191410 유동성사채 0 0
육일씨엔에쓰 191410 기타유동금융부채 9,000,000,000 1,132,600,264
육일씨엔에쓰 191410 기타유동부채 3,202,150,828 3,708,084,480
육일씨엔에쓰 191410 당기법인세부채 868,026,575 1,132,600,264
육일씨엔에쓰 191410 유동리스부채 0 0
육일씨엔에쓰 191410 비유동부채 8,483,182,015 8,931,750,749
육일씨엔에쓰 191410 사채 0 0
육일씨엔에쓰 191410 장기차입금 7,432,700,016 7,905,890,014
육일씨엔에쓰 191410 기타비유동금융부채 0 0
육일씨엔에쓰 191410 이연법인세부채 0 7,905,890,014
육일씨엔에쓰 191410 비유동리스부채 0 0
육일씨엔에쓰 191410 부채총계 24,814,642,569 26,263,305,655
육일씨엔에쓰 191410 자본금 4,261,490,000 4,261,490,000
육일씨엔에쓰 191410 자본잉여금 0 0
육일씨엔에쓰 191410 자본조정 0 0
육일씨엔에쓰 191410 기타포괄손익누계액 0 0
육일씨엔에쓰 191410 이익잉여금(결손금) 0 0
육일씨엔에쓰 191410 자본총계 33,255,987,455 33,027,806,034
육일씨엔에쓰 191410 자본과부채총계 58,070,630,024 59,291,111,689
date : 2016-06-30
육일씨엔에쓰 191410 유동자산 24,631,468,360 26,856,708,565
육일씨엔에쓰 191410 현금및현금성자산 171,894,691 9,365,362,022
육일씨엔에쓰 191410 매출채권 및 기타유동채권
육일씨엔에쓰 191410 재고자산 5,917,076,590 3,677,720,830
육일씨엔에쓰 191410 기타유동금융자산 6,157,453,878 5,171,073,670
육일씨엔에쓰 191410 기타유동자산 3,459,648,811 2,291,014,073
육일씨엔에쓰 191410 매각예정비유동자산 0 0
육일씨엔에쓰 191410 비유동자산 31,700,497,417 32,434,403,124
육일씨엔에쓰 191410 장기금융상품 0 32,434,403,124
육일씨엔에쓰 191410 기타포괄손익-공정가치 0 0
육일씨엔에쓰 191410 당기손익인식공정가치측정금융자산 0 0
육일씨엔에쓰 191410 종속회사투자 0 0
육일씨엔에쓰 191410 관계회사투자 0 0
육일씨엔에쓰 191410 렌탈자산 0 0
육일씨엔에쓰 191410 유형자산 14,743,542,978 15,765,072,395
육일씨엔에쓰 191410 무형자산 123,597,043 140,811,319
육일씨엔에쓰 191410 기타비유동금융자산 393,370,800 262,790,800
육일씨엔에쓰 191410 기타비유동자산 0 0
육일씨엔에쓰 191410 사용권자산 0 0
육일씨엔에쓰 191410 이연법인세자산 777,735,691 574,320,469
육일씨엔에쓰 191410 자산총계 56,331,965,777 59,291,111,689
육일씨엔에쓰 191410 유동부채 17,776,076,792 17,331,554,906
육일씨엔에쓰 191410 단기매입채무 0 0
육일씨엔에쓰 191410 단기차입금 10,800,000,000 8,500,000,000
육일씨엔에쓰 191410 유동성장기차입금 0 0
육일씨엔에쓰 191410 유동성사채 0 0
육일씨엔에쓰 191410 기타유동금융부채 9,000,000,000 2,823,914,701
육일씨엔에쓰 191410 기타유동부채 3,248,059,563 3,708,084,480
육일씨엔에쓰 191410 당기법인세부채 1,132,600,264 2,823,914,701
육일씨엔에쓰 191410 유동리스부채 0 0
육일씨엔에쓰 191410 비유동부채 8,358,534,528 8,931,750,749
육일씨엔에쓰 191410 사채 0 0
육일씨엔에쓰 191410 장기차입금 7,249,510,018 7,905,890,014
육일씨엔에쓰 191410 기타비유동금융부채 35,000,000 7,905,890,014
육일씨엔에쓰 191410 이연법인세부채 0 0
육일씨엔에쓰 191410 비유동리스부채 0 0
육일씨엔에쓰 191410 부채총계 26,134,611,320 26,263,305,655
육일씨엔에쓰 191410 자본금 4,261,490,000 4,261,490,000
육일씨엔에쓰 191410 자본잉여금 0 0
육일씨엔에쓰 191410 자본조정 0 0
육일씨엔에쓰 191410 기타포괄손익누계액 0 0
육일씨엔에쓰 191410 이익잉여금(결손금) 0 0
육일씨엔에쓰 191410 자본총계 30,197,354,457 33,027,806,034
육일씨엔에쓰 191410 자본과부채총계 56,331,965,777 59,291,111,689
date : 2016-09-30
육일씨엔에쓰 191410 유동자산 27,182,976,665 26,856,708,565
육일씨엔에쓰 191410 현금및현금성자산 1,883,391,706 9,365,362,022
육일씨엔에쓰 191410 매출채권 및 기타유동채권
육일씨엔에쓰 191410 재고자산 7,883,833,793 3,677,720,830
육일씨엔에쓰 191410 기타유동금융자산 7,074,788,350 5,171,073,670
육일씨엔에쓰 191410 기타유동자산 1,169,904,024 2,291,014,073
육일씨엔에쓰 191410 매각예정비유동자산 0 0
육일씨엔에쓰 191410 비유동자산 31,312,961,309 32,434,403,124
육일씨엔에쓰 191410 장기금융상품 0 32,434,403,124
육일씨엔에쓰 191410 기타포괄손익-공정가치 0 0
육일씨엔에쓰 191410 당기손익인식공정가치측정금융자산 0 0
육일씨엔에쓰 191410 종속회사투자 0 0
육일씨엔에쓰 191410 관계회사투자 0 0
육일씨엔에쓰 191410 렌탈자산 0 0
육일씨엔에쓰 191410 유형자산 14,352,002,743 15,765,072,395
육일씨엔에쓰 191410 무형자산 117,878,305 140,811,319
육일씨엔에쓰 191410 기타비유동금융자산 388,330,800 262,790,800
육일씨엔에쓰 191410 기타비유동자산 0 0
육일씨엔에쓰 191410 사용권자산 0 0
육일씨엔에쓰 191410 이연법인세자산 874,313,425 574,320,469
육일씨엔에쓰 191410 자산총계 58,495,937,974 59,291,111,689
육일씨엔에쓰 191410 유동부채 20,066,387,331 17,331,554,906
육일씨엔에쓰 191410 단기매입채무 0 0
육일씨엔에쓰 191410 단기차입금 11,500,000,000 8,500,000,000
육일씨엔에쓰 191410 유동성장기차입금 0 0
육일씨엔에쓰 191410 유동성사채 0 0
육일씨엔에쓰 191410 기타유동금융부채 9,000,000,000 2,823,914,701
육일씨엔에쓰 191410 기타유동부채 3,007,840,876 3,708,084,480
육일씨엔에쓰 191410 당기법인세부채 1,132,600,264 2,823,914,701
육일씨엔에쓰 191410 유동리스부채 0 0
육일씨엔에쓰 191410 비유동부채 8,900,446,910 8,931,750,749
육일씨엔에쓰 191410 사채 0 0
육일씨엔에쓰 191410 장기차입금 7,609,653,354 7,905,890,014
육일씨엔에쓰 191410 기타비유동금융부채 35,000,000 7,905,890,014
육일씨엔에쓰 191410 이연법인세부채 0 0
육일씨엔에쓰 191410 비유동리스부채 0 0
육일씨엔에쓰 191410 부채총계 28,966,834,241 26,263,305,655
육일씨엔에쓰 191410 자본금 4,261,490,000 4,261,490,000
육일씨엔에쓰 191410 자본잉여금 0 0
육일씨엔에쓰 191410 자본조정 0 0
육일씨엔에쓰 191410 기타포괄손익누계액 0 0
육일씨엔에쓰 191410 이익잉여금(결손금) 0 0
육일씨엔에쓰 191410 자본총계 29,529,103,733 33,027,806,034
육일씨엔에쓰 191410 자본과부채총계 58,495,937,974 59,291,111,689
date : 2016-12-31
육일씨엔에쓰 191410 유동자산 42,559,494,504 26,856,708,565
육일씨엔에쓰 191410 현금및현금성자산 5,266,550,064 9,365,362,022
육일씨엔에쓰 191410 매출채권 및 기타유동채권
육일씨엔에쓰 191410 재고자산 11,775,425,684 3,677,720,830
육일씨엔에쓰 191410 기타유동금융자산 12,846,891,949 5,171,073,670
육일씨엔에쓰 191410 기타유동자산 3,251,056,009 2,291,014,073
육일씨엔에쓰 191410 매각예정비유동자산 0 0
육일씨엔에쓰 191410 비유동자산 30,710,521,274 32,434,403,124
육일씨엔에쓰 191410 장기금융상품 0 0
육일씨엔에쓰 191410 기타포괄손익-공정가치 0 0
육일씨엔에쓰 191410 당기손익인식공정가치측정금융자산 0 0
육일씨엔에쓰 191410 종속회사투자 0 0
육일씨엔에쓰 191410 관계회사투자 0 0
육일씨엔에쓰 191410 렌탈자산 0 0
육일씨엔에쓰 191410 유형자산 13,716,956,809 15,765,072,395
육일씨엔에쓰 191410 무형자산 112,160,563 140,811,319
육일씨엔에쓰 191410 기타비유동금융자산 382,830,800 262,790,800
육일씨엔에쓰 191410 기타비유동자산 0 0
육일씨엔에쓰 191410 사용권자산 0 0
육일씨엔에쓰 191410 이연법인세자산 928,834,856 574,320,469
육일씨엔에쓰 191410 자산총계 73,270,015,778 59,291,111,689
육일씨엔에쓰 191410 유동부채 36,376,371,680 17,331,554,906
육일씨엔에쓰 191410 단기매입채무 0 0
육일씨엔에쓰 191410 단기차입금 13,247,231,500 8,500,000,000
육일씨엔에쓰 191410 유동성장기차입금 0 0
육일씨엔에쓰 191410 유동성사채 0 0
육일씨엔에쓰 191410 기타유동금융부채 9,000,000,000 2,823,914,701
육일씨엔에쓰 191410 기타유동부채 4,147,180,827 3,708,084,480
육일씨엔에쓰 191410 당기법인세부채 1,132,600,264 2,823,914,701
육일씨엔에쓰 191410 유동리스부채 0 0
육일씨엔에쓰 191410 비유동부채 9,409,439,340 8,931,750,749
육일씨엔에쓰 191410 사채 0 0
육일씨엔에쓰 191410 장기차입금 8,083,858,990 7,905,890,014
육일씨엔에쓰 191410 기타비유동금융부채 35,000,000 7,905,890,014
육일씨엔에쓰 191410 이연법인세부채 0 7,905,890,014
육일씨엔에쓰 191410 비유동리스부채 0 0
육일씨엔에쓰 191410 부채총계 45,785,811,020 26,263,305,655
육일씨엔에쓰 191410 자본금 4,261,490,000 4,261,490,000
육일씨엔에쓰 191410 자본잉여금 0 0
육일씨엔에쓰 191410 자본조정 0 0
육일씨엔에쓰 191410 기타포괄손익누계액 0 0
육일씨엔에쓰 191410 이익잉여금(결손금) 0 0
육일씨엔에쓰 191410 자본총계 27,484,204,758 33,027,806,034
육일씨엔에쓰 191410 자본과부채총계 73,270,015,778 59,291,111,689
date : 2017-03-31
육일씨엔에쓰 191410 유동자산 63,668,822,767 42,559,494,504
육일씨엔에쓰 191410 현금및현금성자산 3,902,266,983 5,266,550,064
육일씨엔에쓰 191410 매출채권 및 기타유동채권
육일씨엔에쓰 191410 재고자산 14,165,142,482 11,775,425,684
육일씨엔에쓰 191410 기타유동금융자산 26,667,179,741 12,846,891,949
육일씨엔에쓰 191410 기타유동자산 4,646,501,522 3,251,056,009
육일씨엔에쓰 191410 매각예정비유동자산 0 0
육일씨엔에쓰 191410 비유동자산 28,397,616,394 30,710,521,274
육일씨엔에쓰 191410 장기금융상품 0 0
육일씨엔에쓰 191410 기타포괄손익-공정가치 0 0
육일씨엔에쓰 191410 당기손익인식공정가치측정금융자산 0 0
육일씨엔에쓰 191410 종속회사투자 0 0
육일씨엔에쓰 191410 관계회사투자 0 0
육일씨엔에쓰 191410 렌탈자산 0 0
육일씨엔에쓰 191410 유형자산 13,448,673,084 13,716,956,809
육일씨엔에쓰 191410 무형자산 107,245,303 112,160,563
육일씨엔에쓰 191410 기타비유동금융자산 382,330,800 382,830,800
육일씨엔에쓰 191410 기타비유동자산 0 0
육일씨엔에쓰 191410 사용권자산 0 0
육일씨엔에쓰 191410 이연법인세자산 400,326,751 928,834,856
육일씨엔에쓰 191410 자산총계 92,066,439,161 73,270,015,778
육일씨엔에쓰 191410 유동부채 47,871,606,578 36,376,371,680
육일씨엔에쓰 191410 단기매입채무 0 0
육일씨엔에쓰 191410 단기차입금 13,188,187,900 13,247,231,500
육일씨엔에쓰 191410 유동성장기차입금 0 0
육일씨엔에쓰 191410 유동성사채 0 0
육일씨엔에쓰 191410 기타유동금융부채 0 0
육일씨엔에쓰 191410 기타유동부채 8,962,416,022 4,147,180,827
육일씨엔에쓰 191410 당기법인세부채 0 0
육일씨엔에쓰 191410 유동리스부채 0 0
육일씨엔에쓰 191410 비유동부채 14,478,147,508 9,409,439,340
육일씨엔에쓰 191410 사채 1,500,000,000 9,409,439,340
육일씨엔에쓰 191410 장기차입금 7,524,873,777 8,083,858,990
육일씨엔에쓰 191410 기타비유동금융부채 35,863,925 35,000,000
육일씨엔에쓰 191410 이연법인세부채 0 0
육일씨엔에쓰 191410 비유동리스부채 0 0
육일씨엔에쓰 191410 부채총계 62,349,754,086 45,785,811,020
육일씨엔에쓰 191410 자본금 4,261,490,000 4,261,490,000
육일씨엔에쓰 191410 자본잉여금 0 0
육일씨엔에쓰 191410 자본조정 0 0
육일씨엔에쓰 191410 기타포괄손익누계액 0 0
육일씨엔에쓰 191410 이익잉여금(결손금) 0 0
육일씨엔에쓰 191410 자본총계 29,716,685,075 27,484,204,758
육일씨엔에쓰 191410 자본과부채총계 92,066,439,161 73,270,015,778
date : 2017-06-30
육일씨엔에쓰 191410 유동자산 55,784,323,614 42,559,494,504
육일씨엔에쓰 191410 현금및현금성자산 910,785,639 5,266,550,064
육일씨엔에쓰 191410 매출채권 및 기타유동채권
육일씨엔에쓰 191410 재고자산 11,162,335,812 11,775,425,684
육일씨엔에쓰 191410 기타유동금융자산 21,848,395,163 12,846,891,949
육일씨엔에쓰 191410 기타유동자산 10,320,749,696 3,251,056,009
육일씨엔에쓰 191410 매각예정비유동자산 0 0
육일씨엔에쓰 191410 비유동자산 28,182,121,721 30,710,521,274
육일씨엔에쓰 191410 장기금융상품 255,000,000 30,710,521,274
육일씨엔에쓰 191410 기타포괄손익-공정가치 0 0
육일씨엔에쓰 191410 당기손익인식공정가치측정금융자산 0 0
육일씨엔에쓰 191410 종속회사투자 0 0
육일씨엔에쓰 191410 관계회사투자 0 0
육일씨엔에쓰 191410 렌탈자산 0 0
육일씨엔에쓰 191410 유형자산 13,506,128,097 13,716,956,809
육일씨엔에쓰 191410 무형자산 103,378,060 112,160,563
육일씨엔에쓰 191410 기타비유동금융자산 181,330,800 382,830,800
육일씨엔에쓰 191410 기타비유동자산 0 0
육일씨엔에쓰 191410 사용권자산 0 0
육일씨엔에쓰 191410 이연법인세자산 87,942,098 928,834,856
육일씨엔에쓰 191410 자산총계 83,966,445,335 73,270,015,778
육일씨엔에쓰 191410 유동부채 37,810,074,064 36,376,371,680
육일씨엔에쓰 191410 단기매입채무 0 0
육일씨엔에쓰 191410 단기차입금 18,819,442,000 13,247,231,500
육일씨엔에쓰 191410 유동성장기차입금 0 0
육일씨엔에쓰 191410 유동성사채 0 0
육일씨엔에쓰 191410 기타유동금융부채 0 0
육일씨엔에쓰 191410 기타유동부채 8,371,884,920 4,147,180,827
육일씨엔에쓰 191410 당기법인세부채 0 0
육일씨엔에쓰 191410 유동리스부채 0 0
육일씨엔에쓰 191410 비유동부채 14,355,623,662 9,409,439,340
육일씨엔에쓰 191410 사채 1,500,000,000 9,409,439,340
육일씨엔에쓰 191410 장기차입금 7,144,253,626 8,083,858,990
육일씨엔에쓰 191410 기타비유동금융부채 35,000,000 35,000,000
육일씨엔에쓰 191410 이연법인세부채 0 0
육일씨엔에쓰 191410 비유동리스부채 0 0
육일씨엔에쓰 191410 부채총계 52,165,697,726 45,785,811,020
육일씨엔에쓰 191410 자본금 4,261,490,000 4,261,490,000
육일씨엔에쓰 191410 자본잉여금 0 0
육일씨엔에쓰 191410 자본조정 0 0
육일씨엔에쓰 191410 기타포괄손익누계액 0 0
육일씨엔에쓰 191410 이익잉여금(결손금) 0 0
육일씨엔에쓰 191410 자본총계 31,800,747,609 27,484,204,758
육일씨엔에쓰 191410 자본과부채총계 83,966,445,335 73,270,015,778
date : 2017-09-30
육일씨엔에쓰 191410 유동자산 86,209,038,757 42,559,494,504
육일씨엔에쓰 191410 현금및현금성자산 1,794,622,627 5,266,550,064
육일씨엔에쓰 191410 매출채권 및 기타유동채권
육일씨엔에쓰 191410 재고자산 18,037,430,928 11,775,425,684
육일씨엔에쓰 191410 기타유동금융자산 21,080,469,092 12,846,891,949
육일씨엔에쓰 191410 기타유동자산 11,688,065,929 3,251,056,009
육일씨엔에쓰 191410 매각예정비유동자산 0 0
육일씨엔에쓰 191410 비유동자산 28,095,556,640 30,710,521,274
육일씨엔에쓰 191410 장기금융상품 300,000,000 30,710,521,274
육일씨엔에쓰 191410 기타포괄손익-공정가치 0 0
육일씨엔에쓰 191410 당기손익인식공정가치측정금융자산 0 0
육일씨엔에쓰 191410 종속회사투자 0 0
육일씨엔에쓰 191410 관계회사투자 0 0
육일씨엔에쓰 191410 렌탈자산 0 0
육일씨엔에쓰 191410 유형자산 13,256,497,987 13,716,956,809
육일씨엔에쓰 191410 무형자산 99,510,813 112,160,563
육일씨엔에쓰 191410 기타비유동금융자산 218,330,800 382,830,800
육일씨엔에쓰 191410 기타비유동자산 0 0
육일씨엔에쓰 191410 사용권자산 0 0
육일씨엔에쓰 191410 이연법인세자산 183,572,162 928,834,856
육일씨엔에쓰 191410 자산총계 114,304,595,397 73,270,015,778
육일씨엔에쓰 191410 유동부채 67,323,999,475 36,376,371,680
육일씨엔에쓰 191410 단기매입채무 39,691,742,014 17,180,472,156
육일씨엔에쓰 191410 단기차입금 18,356,458,800 13,247,231,500
육일씨엔에쓰 191410 유동성장기차입금 0 0
육일씨엔에쓰 191410 유동성사채 0 0
육일씨엔에쓰 191410 기타유동금융부채 0 0
육일씨엔에쓰 191410 기타유동부채 7,253,064,273 4,147,180,827
육일씨엔에쓰 191410 당기법인세부채 0 0
육일씨엔에쓰 191410 유동리스부채 0 0
육일씨엔에쓰 191410 비유동부채 14,119,803,076 9,409,439,340
육일씨엔에쓰 191410 사채 1,500,000,000 9,409,439,340
육일씨엔에쓰 191410 장기차입금 6,642,382,960 8,083,858,990
육일씨엔에쓰 191410 기타비유동금융부채 35,000,000 35,000,000
육일씨엔에쓰 191410 이연법인세부채 0 0
육일씨엔에쓰 191410 비유동리스부채 0 0
육일씨엔에쓰 191410 부채총계 81,443,802,551 45,785,811,020
육일씨엔에쓰 191410 자본금 4,261,490,000 4,261,490,000
육일씨엔에쓰 191410 자본잉여금 0 0
육일씨엔에쓰 191410 자본조정 0 0
육일씨엔에쓰 191410 기타포괄손익누계액 0 0
육일씨엔에쓰 191410 이익잉여금(결손금) 16,166,718,767 13,503,908,058
육일씨엔에쓰 191410 자본총계 32,860,792,846 27,484,204,758
육일씨엔에쓰 191410 자본과부채총계 114,304,595,397 73,270,015,778
date : 2017-12-31
육일씨엔에쓰 191410 유동자산 80,032,108,089 42,559,494,504
육일씨엔에쓰 191410 현금및현금성자산 2,982,586,321 5,266,550,064
육일씨엔에쓰 191410 매출채권 및 기타유동채권
육일씨엔에쓰 191410 재고자산 22,819,333,471 11,775,425,684
육일씨엔에쓰 191410 기타유동금융자산 9,749,070,862 12,846,891,949
육일씨엔에쓰 191410 기타유동자산 6,884,773,621 3,251,056,009
육일씨엔에쓰 191410 매각예정비유동자산 0 0
육일씨엔에쓰 191410 비유동자산 37,219,326,194 30,710,521,274
육일씨엔에쓰 191410 장기금융상품 65,000,000 30,710,521,274
육일씨엔에쓰 191410 기타포괄손익-공정가치 0 0
육일씨엔에쓰 191410 당기손익인식공정가치측정금융자산 0 0
육일씨엔에쓰 191410 종속회사투자 0 0
육일씨엔에쓰 191410 관계회사투자 0 0
육일씨엔에쓰 191410 렌탈자산 0 0
육일씨엔에쓰 191410 유형자산 12,579,661,758 13,716,956,809
육일씨엔에쓰 191410 무형자산 483,506,127 112,160,563
육일씨엔에쓰 191410 기타비유동금융자산 9,392,504,748 382,830,800
육일씨엔에쓰 191410 기타비유동자산 0 0
육일씨엔에쓰 191410 사용권자산 0 0
육일씨엔에쓰 191410 이연법인세자산 671,706,475 928,834,856
육일씨엔에쓰 191410 자산총계 117,251,434,283 73,270,015,778
육일씨엔에쓰 191410 유동부채 71,231,745,007 36,376,371,680
육일씨엔에쓰 191410 단기매입채무 48,214,450,817 17,180,472,156
육일씨엔에쓰 191410 단기차입금 5,250,000,000 13,247,231,500
육일씨엔에쓰 191410 유동성장기차입금 0 0
육일씨엔에쓰 191410 유동성사채 0 0
육일씨엔에쓰 191410 기타유동금융부채 0 0
육일씨엔에쓰 191410 기타유동부채 7,197,839,457 4,147,180,827
육일씨엔에쓰 191410 당기법인세부채 424,150,883 1,132,600,264
육일씨엔에쓰 191410 유동리스부채 0 0
육일씨엔에쓰 191410 비유동부채 14,426,671,739 9,409,439,340
육일씨엔에쓰 191410 사채 1,500,000,000 9,409,439,340
육일씨엔에쓰 191410 장기차입금 6,388,452,108 8,083,858,990
육일씨엔에쓰 191410 기타비유동금융부채 35,000,000 35,000,000
육일씨엔에쓰 191410 이연법인세부채 0 0
육일씨엔에쓰 191410 비유동리스부채 0 0
육일씨엔에쓰 191410 부채총계 85,658,416,746 45,785,811,020
육일씨엔에쓰 191410 자본금 4,261,490,000 4,261,490,000
육일씨엔에쓰 191410 자본잉여금 0 0
육일씨엔에쓰 191410 자본조정 0 0
육일씨엔에쓰 191410 기타포괄손익누계액 0 0
육일씨엔에쓰 191410 이익잉여금(결손금) 15,447,536,936 13,503,908,058
육일씨엔에쓰 191410 자본총계 31,593,017,537 27,484,204,758
육일씨엔에쓰 191410 자본과부채총계 117,251,434,283 73,270,015,778
date : 2018-03-31
육일씨엔에쓰 191410 유동자산 55,083,797,593 80,032,108,089
육일씨엔에쓰 191410 현금및현금성자산 440,388,564 2,982,586,321
육일씨엔에쓰 191410 매출채권 및 기타유동채권
육일씨엔에쓰 191410 재고자산 15,768,747,552 22,819,333,471
육일씨엔에쓰 191410 기타유동금융자산 9,964,563,472 9,749,070,862
육일씨엔에쓰 191410 기타유동자산 3,016,181,739 6,884,773,621
육일씨엔에쓰 191410 매각예정비유동자산 0 0
육일씨엔에쓰 191410 비유동자산 37,887,722,718 37,219,326,194
육일씨엔에쓰 191410 장기금융상품 80,000,000 65,000,000
육일씨엔에쓰 191410 기타포괄손익-공정가치 0 0
육일씨엔에쓰 191410 당기손익인식공정가치측정금융자산 0 0
육일씨엔에쓰 191410 종속회사투자 0 0
육일씨엔에쓰 191410 관계회사투자 0 0
육일씨엔에쓰 191410 렌탈자산 0 0
육일씨엔에쓰 191410 유형자산 12,631,214,035 12,579,661,758
육일씨엔에쓰 191410 무형자산 538,670,632 483,506,127
육일씨엔에쓰 191410 기타비유동금융자산 9,326,003,748 9,392,504,748
육일씨엔에쓰 191410 기타비유동자산 0 0
육일씨엔에쓰 191410 사용권자산 0 0
육일씨엔에쓰 191410 이연법인세자산 1,295,585,007 671,706,475
육일씨엔에쓰 191410 자산총계 92,971,520,311 117,251,434,283
육일씨엔에쓰 191410 유동부채 49,418,334,834 71,231,745,007
육일씨엔에쓰 191410 단기매입채무 27,660,798,265 48,214,450,817
육일씨엔에쓰 191410 단기차입금 12,525,000,000 5,250,000,000
육일씨엔에쓰 191410 유동성장기차입금 0 0
육일씨엔에쓰 191410 유동성사채 1,500,000,000 0
육일씨엔에쓰 191410 기타유동금융부채 0 0
육일씨엔에쓰 191410 기타유동부채 6,132,437,959 7,197,839,457
육일씨엔에쓰 191410 당기법인세부채 424,150,883 7,197,839,457
육일씨엔에쓰 191410 유동리스부채 0 0
육일씨엔에쓰 191410 비유동부채 8,891,694,695 14,426,671,739
육일씨엔에쓰 191410 사채 0 1,500,000,000
육일씨엔에쓰 191410 장기차입금 5,843,572,904 6,388,452,108
육일씨엔에쓰 191410 기타비유동금융부채 35,000,000 35,000,000
육일씨엔에쓰 191410 이연법인세부채 0 0
육일씨엔에쓰 191410 비유동리스부채 0 0
육일씨엔에쓰 191410 부채총계 58,310,029,529 85,658,416,746
육일씨엔에쓰 191410 자본금 4,612,937,000 4,261,490,000
육일씨엔에쓰 191410 자본잉여금 0 0
육일씨엔에쓰 191410 자본조정 0 0
육일씨엔에쓰 191410 기타포괄손익누계액 0 0
육일씨엔에쓰 191410 이익잉여금(결손금) 14,819,368,343 15,447,536,936
육일씨엔에쓰 191410 자본총계 34,661,490,782 31,593,017,537
육일씨엔에쓰 191410 자본과부채총계 92,971,520,311 117,251,434,283
date : 2018-06-30
육일씨엔에쓰 191410 유동자산 58,295,044,542 80,032,108,089
육일씨엔에쓰 191410 현금및현금성자산 8,001,357,187 2,982,586,321
육일씨엔에쓰 191410 매출채권 24,884,598,763 33,290,118,372
육일씨엔에쓰 191410 재고자산 9,736,800,825 22,819,333,471
육일씨엔에쓰 191410 기타유동금융자산 13,282,561,757 16,599,944,248
육일씨엔에쓰 191410 기타유동자산 41,543,970 33,900,235
육일씨엔에쓰 191410 매각예정비유동자산 0 0
육일씨엔에쓰 191410 비유동자산 37,331,653,976 37,219,326,194
육일씨엔에쓰 191410 장기금융상품 110,000,000 65,000,000
육일씨엔에쓰 191410 기타포괄손익-공정가치 0 0
육일씨엔에쓰 191410 당기손익인식공정가치측정금융자산 0 0
육일씨엔에쓰 191410 종속회사투자 0 0
육일씨엔에쓰 191410 관계회사투자 0 0
육일씨엔에쓰 191410 렌탈자산 0 0
육일씨엔에쓰 191410 유형자산 11,624,685,595 12,579,661,758
육일씨엔에쓰 191410 무형자산 474,929,550 483,506,127
육일씨엔에쓰 191410 기타비유동금융자산 6,632,166,356 9,392,504,748
육일씨엔에쓰 191410 기타비유동자산 0 0
육일씨엔에쓰 191410 사용권자산 0 0
육일씨엔에쓰 191410 이연법인세자산 1,255,720,969 671,706,475
육일씨엔에쓰 191410 자산총계 95,626,698,518 117,251,434,283
육일씨엔에쓰 191410 유동부채 51,535,185,722 71,231,745,007
육일씨엔에쓰 191410 단기매입채무 25,968,690,863 48,214,450,817
육일씨엔에쓰 191410 단기차입금 13,275,000,000 5,250,000,000
육일씨엔에쓰 191410 유동성장기차입금 0 0
육일씨엔에쓰 191410 유동성사채 1,500,000,000 5,250,000,000
육일씨엔에쓰 191410 기타유동금융부채 4,927,324,210 6,985,360,007
육일씨엔에쓰 191410 기타유동부채 82,548,040 212,479,450
육일씨엔에쓰 191410 당기법인세부채 424,150,883 212,479,450
육일씨엔에쓰 191410 유동리스부채 0 0
육일씨엔에쓰 191410 비유동부채 9,466,850,345 14,426,671,739
육일씨엔에쓰 191410 사채 1,500,000,000 14,426,671,739
육일씨엔에쓰 191410 장기차입금 7,587,834,007 6,388,452,108
육일씨엔에쓰 191410 기타비유동금융부채 35,000,000 35,000,000
육일씨엔에쓰 191410 이연법인세부채 0 0
육일씨엔에쓰 191410 비유동리스부채 0 0
육일씨엔에쓰 191410 부채총계 61,002,036,067 85,658,416,746
육일씨엔에쓰 191410 자본금 4,681,511,000 4,261,490,000
육일씨엔에쓰 191410 자본잉여금 0 0
육일씨엔에쓰 191410 자본조정 0 0
육일씨엔에쓰 191410 기타포괄손익누계액 0 0
육일씨엔에쓰 191410 이익잉여금(결손금) 14,047,982,123 15,447,536,936
육일씨엔에쓰 191410 자본총계 34,624,662,451 31,593,017,537
육일씨엔에쓰 191410 자본과부채총계 95,626,698,518 117,251,434,283
date : 2018-09-30
육일씨엔에쓰 191410 유동자산 50,859,554,137 80,032,108,089
육일씨엔에쓰 191410 현금및현금성자산 3,396,078,692 2,982,586,321
육일씨엔에쓰 191410 매출채권 28,151,994,751 33,290,118,372
육일씨엔에쓰 191410 재고자산 8,681,293,933 22,819,333,471
육일씨엔에쓰 191410 기타유동금융자산 10,143,574,361 16,599,944,248
육일씨엔에쓰 191410 기타유동자산 39,756,908 33,900,235
육일씨엔에쓰 191410 매각예정비유동자산 0 0
육일씨엔에쓰 191410 비유동자산 36,991,785,979 37,219,326,194
육일씨엔에쓰 191410 장기금융상품 180,000,000 65,000,000
육일씨엔에쓰 191410 기타포괄손익-공정가치 0 0
육일씨엔에쓰 191410 당기손익인식공정가치측정금융자산 0 0
육일씨엔에쓰 191410 종속회사투자 0 0
육일씨엔에쓰 191410 관계회사투자 0 0
육일씨엔에쓰 191410 렌탈자산 0 0
육일씨엔에쓰 191410 유형자산 11,310,655,991 12,579,661,758
육일씨엔에쓰 191410 무형자산 450,498,638 483,506,127
육일씨엔에쓰 191410 기타비유동금융자산 6,649,656,356 9,392,504,748
육일씨엔에쓰 191410 기타비유동자산 0 0
육일씨엔에쓰 191410 사용권자산 0 0
육일씨엔에쓰 191410 이연법인세자산 1,177,521,278 671,706,475
육일씨엔에쓰 191410 자산총계 87,851,340,116 117,251,434,283
육일씨엔에쓰 191410 유동부채 44,173,738,917 71,231,745,007
육일씨엔에쓰 191410 단기매입채무 20,838,286,520 48,214,450,817
육일씨엔에쓰 191410 단기차입금 13,245,000,000 5,250,000,000
육일씨엔에쓰 191410 유동성장기차입금 0 0
육일씨엔에쓰 191410 유동성사채 1,500,000,000 5,250,000,000
육일씨엔에쓰 191410 기타유동금융부채 3,176,745,318 6,985,360,007
육일씨엔에쓰 191410 기타유동부채 876,671,871 212,479,450
육일씨엔에쓰 191410 당기법인세부채 424,150,883 212,479,450
육일씨엔에쓰 191410 유동리스부채 0 0
육일씨엔에쓰 191410 비유동부채 9,283,919,144 14,426,671,739
육일씨엔에쓰 191410 사채 1,500,000,000 14,426,671,739
육일씨엔에쓰 191410 장기차입금 7,331,226,186 6,388,452,108
육일씨엔에쓰 191410 기타비유동금융부채 35,000,000 35,000,000
육일씨엔에쓰 191410 이연법인세부채 0 0
육일씨엔에쓰 191410 비유동리스부채 0 0
육일씨엔에쓰 191410 부채총계 53,457,658,061 85,658,416,746
육일씨엔에쓰 191410 자본금 4,681,511,000 4,261,490,000
육일씨엔에쓰 191410 자본잉여금 0 0
육일씨엔에쓰 191410 자본조정 0 0
육일씨엔에쓰 191410 기타포괄손익누계액 0 0
육일씨엔에쓰 191410 이익잉여금(결손금) 13,817,001,727 15,447,536,936
육일씨엔에쓰 191410 자본총계 34,393,682,055 31,593,017,537
육일씨엔에쓰 191410 자본과부채총계 87,851,340,116 117,251,434,283
date : 2018-12-31
육일씨엔에쓰 191410 유동자산 42,745,769,441 80,032,108,089
육일씨엔에쓰 191410 현금및현금성자산 2,991,917,395 2,982,586,321
육일씨엔에쓰 191410 매출채권 28,309,612,520 33,290,118,372
육일씨엔에쓰 191410 재고자산 5,353,164,523 22,819,333,471
육일씨엔에쓰 191410 기타유동금융자산 5,440,567,950 16,599,944,248
육일씨엔에쓰 191410 기타유동자산 626,632,802 33,900,235
육일씨엔에쓰 191410 매각예정비유동자산 0 0
육일씨엔에쓰 191410 비유동자산 40,492,657,859 37,219,326,194
육일씨엔에쓰 191410 장기금융상품 275,000,000 65,000,000
육일씨엔에쓰 191410 기타포괄손익-공정가치 0 0
육일씨엔에쓰 191410 당기손익인식공정가치측정금융자산 0 0
육일씨엔에쓰 191410 종속회사투자 0 0
육일씨엔에쓰 191410 관계회사투자 0 0
육일씨엔에쓰 191410 렌탈자산 0 0
육일씨엔에쓰 191410 유형자산 10,861,596,701 12,579,661,758
육일씨엔에쓰 191410 무형자산 426,632,030 483,506,127
육일씨엔에쓰 191410 기타비유동금융자산 10,613,313,071 9,392,504,748
육일씨엔에쓰 191410 기타비유동자산 0 0
육일씨엔에쓰 191410 사용권자산 0 0
육일씨엔에쓰 191410 이연법인세자산 1,103,360,131 671,706,475
육일씨엔에쓰 191410 자산총계 83,238,427,300 117,251,434,283
육일씨엔에쓰 191410 유동부채 35,418,796,065 71,231,745,007
육일씨엔에쓰 191410 단기매입채무 10,296,665,409 48,214,450,817
육일씨엔에쓰 191410 단기차입금 15,240,833,334 5,250,000,000
육일씨엔에쓰 191410 유동성장기차입금 0 0
육일씨엔에쓰 191410 유동성사채 1,500,000,000 5,250,000,000
육일씨엔에쓰 191410 기타유동금융부채 2,612,330,841 6,985,360,007
육일씨엔에쓰 191410 기타유동부채 728,482,490 212,479,450
육일씨엔에쓰 191410 당기법인세부채 424,150,883 212,479,450
육일씨엔에쓰 191410 유동리스부채 0 0
육일씨엔에쓰 191410 비유동부채 4,320,924,465 14,426,671,739
육일씨엔에쓰 191410 사채 1,500,000,000 14,426,671,739
육일씨엔에쓰 191410 장기차입금 3,348,160,000 6,388,452,108
육일씨엔에쓰 191410 기타비유동금융부채 35,000,000 35,000,000
육일씨엔에쓰 191410 이연법인세부채 0 0
육일씨엔에쓰 191410 비유동리스부채 0 0
육일씨엔에쓰 191410 부채총계 39,739,720,530 85,658,416,746
육일씨엔에쓰 191410 자본금 5,861,591,000 4,261,490,000
육일씨엔에쓰 191410 자본잉여금 0 0
육일씨엔에쓰 191410 자본조정 0 0
육일씨엔에쓰 191410 기타포괄손익누계액 0 0
육일씨엔에쓰 191410 이익잉여금(결손금) 12,975,424,459 15,447,536,936
육일씨엔에쓰 191410 자본총계 43,498,706,770 31,593,017,537
육일씨엔에쓰 191410 자본과부채총계 83,238,427,300 117,251,434,283
date : 2019-03-31
육일씨엔에쓰 191410 유동자산 44,640,367,164 42,745,769,441
육일씨엔에쓰 191410 현금및현금성자산 3,440,669,249 2,991,917,395
육일씨엔에쓰 191410 매출채권 28,587,708,792 28,309,612,520
육일씨엔에쓰 191410 재고자산 6,879,606,579 5,353,164,523
육일씨엔에쓰 191410 기타유동금융자산 5,551,052,331 5,440,567,950
육일씨엔에쓰 191410 기타유동자산 174,873,701 626,632,802
육일씨엔에쓰 191410 매각예정비유동자산 0 0
육일씨엔에쓰 191410 비유동자산 40,937,888,443 40,492,657,859
육일씨엔에쓰 191410 장기금융상품 380,000,000 275,000,000
육일씨엔에쓰 191410 기타포괄손익-공정가치 0 0
육일씨엔에쓰 191410 당기손익인식공정가치측정금융자산 0 0
육일씨엔에쓰 191410 종속회사투자 0 0
육일씨엔에쓰 191410 관계회사투자 0 0
육일씨엔에쓰 191410 렌탈자산 0 0
육일씨엔에쓰 191410 유형자산 10,549,985,803 10,861,596,701
육일씨엔에쓰 191410 무형자산 403,705,013 426,632,030
육일씨엔에쓰 191410 기타비유동금융자산 10,719,966,071 10,613,313,071
육일씨엔에쓰 191410 기타비유동자산 0 0
육일씨엔에쓰 191410 사용권자산 437,056,809 10,861,596,701
육일씨엔에쓰 191410 이연법인세자산 1,245,116,611 1,103,360,131
육일씨엔에쓰 191410 자산총계 85,578,255,607 83,238,427,300
육일씨엔에쓰 191410 유동부채 37,843,303,729 35,418,796,065
육일씨엔에쓰 191410 단기매입채무 12,269,698,258 10,296,665,409
육일씨엔에쓰 191410 단기차입금 15,945,833,336 15,240,833,334
육일씨엔에쓰 191410 유동성장기차입금 0 0
육일씨엔에쓰 191410 유동성사채 1,500,000,000 15,240,833,334
육일씨엔에쓰 191410 기타유동금융부채 2,366,270,816 2,612,330,841
육일씨엔에쓰 191410 기타유동부채 287,645,104 728,482,490
육일씨엔에쓰 191410 당기법인세부채 0 728,482,490
육일씨엔에쓰 191410 유동리스부채 0 0
육일씨엔에쓰 191410 비유동부채 4,167,738,844 4,320,924,465
육일씨엔에쓰 191410 사채 0 4,320,924,465
육일씨엔에쓰 191410 장기차입금 3,133,620,000 3,348,160,000
육일씨엔에쓰 191410 기타비유동금융부채 35,000,000 35,000,000
육일씨엔에쓰 191410 이연법인세부채 0 0
육일씨엔에쓰 191410 비유동리스부채 173,941,259 4,320,924,465
육일씨엔에쓰 191410 부채총계 42,011,042,573 39,739,720,530
육일씨엔에쓰 191410 자본금 5,861,591,000 5,861,591,000
육일씨엔에쓰 191410 자본잉여금 0 0
육일씨엔에쓰 191410 자본조정 0 0
육일씨엔에쓰 191410 기타포괄손익누계액 0 0
육일씨엔에쓰 191410 이익잉여금(결손금) 13,043,930,723 12,975,424,459
육일씨엔에쓰 191410 자본총계 43,567,213,034 43,498,706,770
육일씨엔에쓰 191410 자본과부채총계 85,578,255,607 83,238,427,300
