date : 2019-03-31
더블유게임즈 192080 유동자산 70,653,604,464 63,444,051,324
더블유게임즈 192080 현금및현금성자산 7,989,601,757 7,234,595,551
더블유게임즈 192080 기타유동자산 784,952,962 1,259,962,106
더블유게임즈 192080 비유동자산 534,044,605,622 476,686,641,725
더블유게임즈 192080 유형자산 17,061,804,348 1,199,368,609
더블유게임즈 192080 무형자산 320,403,697 396,010,673
더블유게임즈 192080 이연법인세자산 1,642,273,923 1,961,629,636
더블유게임즈 192080 자산총계 604,698,210,086 540,130,693,049
더블유게임즈 192080 유동부채 35,950,497,198 21,048,151,814
더블유게임즈 192080 당기법인세부채 10,936,666,152 6,840,340,028
더블유게임즈 192080 기타유동부채 8,391,016,949 2,091,672,295
더블유게임즈 192080 비유동부채 16,376,108,336 828,371,780
더블유게임즈 192080 부채총계 52,326,605,534 21,876,523,594
더블유게임즈 192080 자본금 9,130,251,000 9,123,649,000
더블유게임즈 192080 자본잉여금 295,750,723,869 295,449,735,346
더블유게임즈 192080 기타포괄손익누계액 38,053,907,769 25,162,187,935
