date : 2019-03-31
감마누 192410 유동자산 9,184,651,582 11,489,993,977
감마누 192410 현금및현금성자산 1,775,927,305 3,002,434,011
감마누 192410 매출채권 및 기타유동채권
감마누 192410 매출채권 3,719,001,439 5,018,421,607
감마누 192410 재고자산 1,939,311,207 1,621,322,143
감마누 192410 기타유동금융자산 1,477,563,156 1,674,646,392
감마누 192410 기타유동자산 192,096,785 92,885,584
감마누 192410 비유동자산 46,199,267,837 45,463,909,214
감마누 192410 유형자산 2,120,276,415 2,275,933,355
감마누 192410 사용권자산 1,157,401,864 0
감마누 192410 무형자산 381,672,152 429,911,719
감마누 192410 기타비유동금융자산 9,580,249,798 9,798,396,532
감마누 192410 이연법인세자산 0 0
감마누 192410 자산총계 55,383,919,419 56,953,903,191
감마누 192410 유동부채 5,487,154,823 7,459,157,859
감마누 192410 단기매입채무 871,405,480 1,023,958,434
감마누 192410 단기차입금 2,200,000,000 0
감마누 192410 기타유동금융부채 1,097,225,701 1,013,973,889
감마누 192410 기타유동부채 268,186,973 1,221,220,424
감마누 192410 당기법인세부채 0 0
감마누 192410 비유동부채 11,880,074,708 11,749,040,471
감마누 192410 기타비유동금융부채 713,457,985 582,423,748
감마누 192410 부채총계 17,367,229,531 19,208,198,330
감마누 192410 자본금 11,912,002,500 11,912,002,500
감마누 192410 자본잉여금 13,402,667,000 13,402,667,000
감마누 192410 기타포괄손익누계액 0 0
감마누 192410 이익잉여금(결손금) 12,704,038,188 12,433,053,161
감마누 192410 자본총계 38,016,689,888 37,745,704,861
감마누 192410 자본과부채총계 55,383,919,419 56,953,903,191
