date : 2019-03-31
쿠쿠홀딩스 192400 유동자산 58,417,208,558 41,534,126,017
쿠쿠홀딩스 192400 현금및현금성자산 756,190,715 268,967,621
쿠쿠홀딩스 192400 매출채권 798,761,737 436,667,870
쿠쿠홀딩스 192400 기타포괄손익-공정가치 측정 금융자산
쿠쿠홀딩스 192400 기타유동자산 117,864,941 12,326,177
쿠쿠홀딩스 192400 비유동자산 548,778,959,638 550,115,610,660
쿠쿠홀딩스 192400 장기금융상품 62,997,543 53,997,894
쿠쿠홀딩스 192400 유형자산 25,339,039,280 25,395,734,432
쿠쿠홀딩스 192400 무형자산 998,767,118 1,019,750,846
쿠쿠홀딩스 192400 기타포괄손익-공정가치 측정 금융자산
쿠쿠홀딩스 192400 자산총계 607,196,168,196 591,649,736,677
쿠쿠홀딩스 192400 유동부채 19,774,348,629 3,867,727,136
쿠쿠홀딩스 192400 기타유동부채 75,903,002 94,117,226
쿠쿠홀딩스 192400 당기법인세부채 194,429,475 2,746,878,543
쿠쿠홀딩스 192400 비유동부채 36,031,032,152 36,160,875,318
쿠쿠홀딩스 192400 이연법인세부채 34,260,431,202 34,437,596,148
쿠쿠홀딩스 192400 부채총계 55,805,380,781 40,028,602,454
쿠쿠홀딩스 192400 자본금 3,556,218,500 3,556,218,500
쿠쿠홀딩스 192400 자본잉여금 224,196,571,921 224,196,571,921
쿠쿠홀딩스 192400 기타포괄손익누계액 439,860,613 426,839,514
쿠쿠홀딩스 192400 이익잉여금(결손금) 991,800,137,692 992,043,505,599
쿠쿠홀딩스 192400 자본총계 551,390,787,415 551,621,134,223
쿠쿠홀딩스 192400 자본과부채총계 607,196,168,196 591,649,736,677
