date : 2019-03-31
제이에스코퍼레이션 194370 유동자산 107,271,146,779 109,898,822,012
제이에스코퍼레이션 194370 현금및현금성자산 16,159,611,034 8,424,566,047
제이에스코퍼레이션 194370 기타유동금융자산 6,138,145,792 17,832,267,302
제이에스코퍼레이션 194370 매출채권 26,203,032,209 31,433,422,892
제이에스코퍼레이션 194370 재고자산 40,275,607,251 31,677,898,104
제이에스코퍼레이션 194370 기타유동자산 5,328,191,014 3,470,775,090
제이에스코퍼레이션 194370 비유동자산 78,217,828,433 70,245,424,330
제이에스코퍼레이션 194370 기타비유동자산 50,381,000 0
제이에스코퍼레이션 194370 기타비유동금융자산 8,582,942,865 8,514,640,887
제이에스코퍼레이션 194370 유형자산 1,658,930,094 1,812,511,597
제이에스코퍼레이션 194370 무형자산 962,962,763 976,464,394
제이에스코퍼레이션 194370 이연법인세자산 4,408,096,293 3,716,894,913
제이에스코퍼레이션 194370 자산총계 185,488,975,212 180,144,246,342
제이에스코퍼레이션 194370 유동부채 23,483,362,701 17,716,658,620
제이에스코퍼레이션 194370 단기매입채무 12,669,032,209 11,230,607,824
제이에스코퍼레이션 194370 단기차입금 0 116,962,931
제이에스코퍼레이션 194370 기타유동금융부채 8,085,862,164 4,660,871,293
제이에스코퍼레이션 194370 당기법인세부채 2,633,057,837 1,620,978,896
제이에스코퍼레이션 194370 기타유동부채 95,410,491 87,237,676
제이에스코퍼레이션 194370 비유동부채 770,000,000 770,000,000
제이에스코퍼레이션 194370 기타비유동금융부채 770,000,000 770,000,000
제이에스코퍼레이션 194370 부채총계 24,253,362,701 18,486,658,620
제이에스코퍼레이션 194370 자본금 1,333,560,100 1,333,560,100
제이에스코퍼레이션 194370 자본잉여금 40,160,657,928 40,160,657,928
제이에스코퍼레이션 194370 이익잉여금(결손금) 83,807,310,149 84,585,474,302
제이에스코퍼레이션 194370 자본총계 161,235,612,511 161,657,587,722
제이에스코퍼레이션 194370 자본과부채총계 185,488,975,212 180,144,246,342
