date : 2018-12-31
노바렉스 194700 유동자산 63,089,253,025 43,978,873,093
노바렉스 194700 현금및현금성자산 35,008,443,684 20,505,099,215
노바렉스 194700 매출채권 14,149,502,512 13,791,424,263
노바렉스 194700 재고자산 13,196,383,185 8,731,689,488
노바렉스 194700 기타유동금융자산 241,605,571 419,923,217
노바렉스 194700 기타유동자산 493,318,073 530,736,910
노바렉스 194700 매각예정비유동자산 0 0
노바렉스 194700 비유동자산 44,224,823,118 27,593,008,142
노바렉스 194700 장기금융상품 0 0
노바렉스 194700 기타포괄손익-공정가치 0 0
노바렉스 194700 당기손익인식공정가치측정금융자산 0 0
노바렉스 194700 종속회사투자 0 0
노바렉스 194700 관계회사투자 0 0
노바렉스 194700 렌탈자산 0 0
노바렉스 194700 유형자산 31,031,404,715 22,995,619,452
노바렉스 194700 무형자산 1,127,916,600 770,513,267
노바렉스 194700 기타비유동금융자산 4,899,461,268 1,548,871,410
노바렉스 194700 기타비유동자산 0 0
노바렉스 194700 사용권자산 0 0
노바렉스 194700 이연법인세자산 5,009,518,718 426,294,737
노바렉스 194700 자산총계 107,314,076,143 71,571,881,235
노바렉스 194700 유동부채 25,812,586,716 18,443,618,737
노바렉스 194700 단기매입채무 0 0
노바렉스 194700 단기차입금 0 0
노바렉스 194700 유동성장기차입금 0 0
노바렉스 194700 유동성사채 0 0
노바렉스 194700 기타유동금융부채 3,372,416,093 2,379,023,956
노바렉스 194700 기타유동부채 1,640,346,562 1,046,842,276
노바렉스 194700 당기법인세부채 6,060,817,999 754,601,270
노바렉스 194700 유동리스부채 0 0
노바렉스 194700 비유동부채 1,049,110,088 753,272,163
노바렉스 194700 사채 0 0
노바렉스 194700 장기차입금 0 0
노바렉스 194700 기타비유동금융부채 113,097,412 164,951,199
노바렉스 194700 이연법인세부채 0 0
노바렉스 194700 비유동리스부채 0 0
노바렉스 194700 부채총계 26,861,696,804 19,196,890,900
노바렉스 194700 자본금 4,501,870,000 3,823,970,000
노바렉스 194700 자본잉여금 0 0
노바렉스 194700 자본조정 0 0
노바렉스 194700 기타포괄손익누계액 0 0
노바렉스 194700 이익잉여금(결손금) 0 0
노바렉스 194700 자본총계 80,452,379,339 52,374,990,335
노바렉스 194700 자본과부채총계 107,314,076,143 71,571,881,235
date : 2019-03-31
노바렉스 194700 유동자산 68,260,072,001 63,089,253,025
노바렉스 194700 현금및현금성자산 29,844,859,743 35,008,443,684
노바렉스 194700 매출채권 19,488,644,495 14,149,502,512
노바렉스 194700 재고자산 16,934,220,543 13,196,383,185
노바렉스 194700 기타유동금융자산 364,748,217 241,605,571
노바렉스 194700 기타유동자산 1,627,599,003 493,318,073
노바렉스 194700 매각예정비유동자산 0 0
노바렉스 194700 비유동자산 49,214,329,115 44,224,823,118
노바렉스 194700 장기금융상품 0 0
노바렉스 194700 기타포괄손익-공정가치 0 0
노바렉스 194700 당기손익인식공정가치측정금융자산 0 0
노바렉스 194700 종속회사투자 0 0
노바렉스 194700 관계회사투자 0 0
노바렉스 194700 렌탈자산 0 0
노바렉스 194700 유형자산 34,400,367,582 31,031,404,715
노바렉스 194700 무형자산 1,244,934,835 1,127,916,600
노바렉스 194700 기타비유동금융자산 5,577,414,728 4,899,461,268
노바렉스 194700 기타비유동자산 0 0
노바렉스 194700 사용권자산 825,571,435 31,031,404,715
노바렉스 194700 이연법인세자산 5,009,518,718 5,009,518,718
노바렉스 194700 자산총계 117,474,401,116 107,314,076,143
노바렉스 194700 유동부채 33,554,378,956 25,812,586,716
노바렉스 194700 단기매입채무 0 0
노바렉스 194700 단기차입금 0 0
노바렉스 194700 유동성장기차입금 0 0
노바렉스 194700 유동성사채 0 0
노바렉스 194700 기타유동금융부채 5,627,938,396 3,372,416,093
노바렉스 194700 기타유동부채 838,015,306 1,640,346,562
노바렉스 194700 당기법인세부채 6,697,023,634 6,060,817,999
노바렉스 194700 유동리스부채 0 0
노바렉스 194700 비유동부채 2,146,630,948 1,049,110,088
노바렉스 194700 사채 0 0
노바렉스 194700 장기차입금 0 0
노바렉스 194700 기타비유동금융부채 915,716,959 113,097,412
노바렉스 194700 이연법인세부채 0 0
노바렉스 194700 비유동리스부채 0 0
노바렉스 194700 부채총계 35,701,009,904 26,861,696,804
노바렉스 194700 자본금 4,501,870,000 4,501,870,000
노바렉스 194700 자본잉여금 0 0
노바렉스 194700 자본조정 0 0
노바렉스 194700 기타포괄손익누계액 0 0
노바렉스 194700 이익잉여금(결손금) 0 0
노바렉스 194700 자본총계 81,773,391,212 80,452,379,339
노바렉스 194700 자본과부채총계 117,474,401,116 107,314,076,143
