date : 2019-03-31
유지인트 195990 유동자산 51,888,546,276 49,702,387,986
유지인트 195990 현금및현금성자산 7,235,367,768 3,810,652,618
유지인트 195990 매출채권 및 기타유동채권
유지인트 195990 기타유동금융자산 12,072,810,925 10,310,902,725
유지인트 195990 기타유동자산 879,849,216 1,105,849,355
유지인트 195990 재고자산 18,966,899,016 18,546,902,833
유지인트 195990 비유동자산 109,857,682,489 97,694,898,724
유지인트 195990 기타비유동금융자산 1,084,121,423 1,129,567,235
유지인트 195990 기타포괄손익-공정가치 측정 금융자산
유지인트 195990 유형자산 26,192,415,984 26,180,485,244
유지인트 195990 무형자산 153,044,394 168,621,192
유지인트 195990 기타비유동자산 0 0
유지인트 195990 이연법인세자산 1,172,959,721 1,708,252,942
유지인트 195990 자산총계 161,746,228,765 147,397,286,710
유지인트 195990 유동부채 35,451,572,148 39,821,336,760
유지인트 195990 단기차입금 1,582,873,943 20,000,000
유지인트 195990 기타유동금융부채 832,323,758 702,873,098
유지인트 195990 당기법인세부채 0 0
유지인트 195990 기타유동부채 134,041,847 130,686,028
유지인트 195990 유동성장기차입금 0 0
유지인트 195990 비유동부채 17,027,325,609 3,326,723,424
유지인트 195990 장기차입금 0 0
유지인트 195990 이연법인세부채 0 0
유지인트 195990 부채총계 52,478,897,757 43,148,060,184
유지인트 195990 자본금 52,562,431,500 49,231,126,000
유지인트 195990 자본잉여금 24,610,403,476 23,473,650,509
유지인트 195990 기타포괄손익누계액 -691,081,276 -622,185,593
유지인트 195990 이익잉여금(결손금) 27,148,141,567 28,510,985,042
유지인트 195990 자본총계 109,267,331,008 104,249,226,526
유지인트 195990 자본과부채총계 161,746,228,765 147,397,286,710
