date : 2015-12-31
웹스 196700 유동자산 29,251,068,851 17,542,365,784
웹스 196700 현금및현금성자산 14,612,732,430 6,008,226,464
웹스 196700 매출채권 및 기타유동채권
웹스 196700 재고자산 5,792,787,077 6,136,935,430
웹스 196700 기타유동금융자산 3,156,003,757 1,938,609,861
웹스 196700 기타유동자산 0 0
웹스 196700 매각예정비유동자산 0 0
웹스 196700 비유동자산 27,294,539,137 18,972,213,750
웹스 196700 장기금융상품 0 0
웹스 196700 기타포괄손익-공정가치 0 0
웹스 196700 당기손익인식공정가치측정금융자산 0 0
웹스 196700 종속회사투자 0 0
웹스 196700 관계회사투자 0 0
웹스 196700 렌탈자산 0 0
웹스 196700 유형자산 23,104,187,582 15,799,856,503
웹스 196700 무형자산 2,414,948,787 2,381,555,480
웹스 196700 기타비유동금융자산 287,048,960 378,212,348
웹스 196700 기타비유동자산 334,697,717 0
웹스 196700 사용권자산 0 0
웹스 196700 이연법인세자산 0 0
웹스 196700 자산총계 56,545,607,988 36,514,579,534
웹스 196700 유동부채 9,640,237,861 8,045,033,351
웹스 196700 단기매입채무 0 0
웹스 196700 단기차입금 4,208,573,620 3,798,573,620
웹스 196700 유동성장기차입금 1,860,000,000 532,000,000
웹스 196700 유동성사채 0 0
웹스 196700 기타유동금융부채 1,291,867,766 1,019,770,906
웹스 196700 기타유동부채 0 0
웹스 196700 당기법인세부채 161,436,577 330,313,319
웹스 196700 유동리스부채 0 0
웹스 196700 비유동부채 8,827,571,213 7,984,708,538
웹스 196700 사채 0 0
웹스 196700 장기차입금 8,380,000,000 6,605,808,707
웹스 196700 기타비유동금융부채 0 1,052,672,893
웹스 196700 이연법인세부채 123,384,086 242,830,048
웹스 196700 비유동리스부채 0 0
웹스 196700 부채총계 18,467,809,074 16,029,741,889
웹스 196700 자본금 3,424,619,000 2,303,000,000
웹스 196700 자본잉여금 0 0
웹스 196700 자본조정 0 0
웹스 196700 기타포괄손익누계액 0 0
웹스 196700 이익잉여금(결손금) 18,417,008,264 15,739,294,509
웹스 196700 자본총계 38,077,798,914 20,484,837,645
웹스 196700 자본과부채총계 56,545,607,988 36,514,579,534
date : 2016-03-31
웹스 196700 유동자산 28,120,910,393 29,251,068,851
웹스 196700 현금및현금성자산 12,906,126,927 14,612,732,430
웹스 196700 매출채권 및 기타유동채권
웹스 196700 재고자산 6,440,640,857 5,792,787,077
웹스 196700 기타유동금융자산 3,214,207,298 3,156,003,757
웹스 196700 기타유동자산 0 0
웹스 196700 매각예정비유동자산 0 0
웹스 196700 비유동자산 27,813,346,648 27,294,539,137
웹스 196700 장기금융상품 0 0
웹스 196700 기타포괄손익-공정가치 0 0
웹스 196700 당기손익인식공정가치측정금융자산 0 0
웹스 196700 종속회사투자 0 0
웹스 196700 관계회사투자 0 0
웹스 196700 렌탈자산 0 0
웹스 196700 유형자산 23,191,164,776 23,104,187,582
웹스 196700 무형자산 2,757,136,533 2,414,948,787
웹스 196700 기타비유동금융자산 286,972,960 287,048,960
웹스 196700 기타비유동자산 318,242,922 334,697,717
웹스 196700 사용권자산 0 0
웹스 196700 이연법인세자산 0 0
웹스 196700 자산총계 55,934,257,041 56,545,607,988
웹스 196700 유동부채 8,475,959,137 9,640,237,861
웹스 196700 단기매입채무 0 0
웹스 196700 단기차입금 4,208,573,620 4,208,573,620
웹스 196700 유동성장기차입금 1,820,000,000 1,860,000,000
웹스 196700 유동성사채 0 0
웹스 196700 기타유동금융부채 751,308,511 1,291,867,766
웹스 196700 기타유동부채 0 0
웹스 196700 당기법인세부채 148,983,420 161,436,577
웹스 196700 유동리스부채 0 0
웹스 196700 비유동부채 8,830,981,356 8,827,571,213
웹스 196700 사채 0 0
웹스 196700 장기차입금 8,380,000,000 8,380,000,000
웹스 196700 기타비유동금융부채 0 1,052,672,893
웹스 196700 이연법인세부채 123,384,086 123,384,086
웹스 196700 비유동리스부채 0 0
웹스 196700 부채총계 17,306,940,493 18,467,809,074
웹스 196700 자본금 3,424,619,000 3,424,619,000
웹스 196700 자본잉여금 0 0
웹스 196700 자본조정 0 0
웹스 196700 기타포괄손익누계액 0 0
웹스 196700 이익잉여금(결손금) 18,966,525,898 18,417,008,264
웹스 196700 자본총계 38,627,316,548 38,077,798,914
웹스 196700 자본과부채총계 55,934,257,041 56,545,607,988
date : 2016-06-30
웹스 196700 유동자산 21,222,524,773 29,251,068,851
웹스 196700 현금및현금성자산 8,259,099,292 14,612,732,430
웹스 196700 매출채권 및 기타유동채권
웹스 196700 재고자산 6,647,698,451 5,792,787,077
웹스 196700 기타유동금융자산 3,181,476,916 3,156,003,757
웹스 196700 기타유동자산 158,052,154 2,597,103,050
웹스 196700 매각예정비유동자산 0 0
웹스 196700 비유동자산 35,378,145,281 27,294,539,137
웹스 196700 장기금융상품 0 0
웹스 196700 기타포괄손익-공정가치 0 0
웹스 196700 당기손익인식공정가치측정금융자산 0 0
웹스 196700 종속회사투자 0 0
웹스 196700 관계회사투자 0 0
웹스 196700 렌탈자산 0 0
웹스 196700 유형자산 24,904,022,915 23,104,187,582
웹스 196700 무형자산 2,274,145,441 2,414,948,787
웹스 196700 기타비유동금융자산 176,107,598 206,328,050
웹스 196700 기타비유동자산 281,788,127 334,697,717
웹스 196700 사용권자산 0 0
웹스 196700 이연법인세자산 0 0
웹스 196700 자산총계 56,600,670,054 56,545,607,988
웹스 196700 유동부채 8,339,978,529 9,640,237,861
웹스 196700 단기매입채무 0 0
웹스 196700 단기차입금 4,208,573,620 4,208,573,620
웹스 196700 유동성장기차입금 1,860,000,000 1,860,000,000
웹스 196700 유동성사채 0 0
웹스 196700 기타유동금융부채 763,454,445 1,291,867,766
웹스 196700 기타유동부채 175,450,092 786,607,072
웹스 196700 당기법인세부채 135,319,335 161,436,577
웹스 196700 유동리스부채 0 0
웹스 196700 비유동부채 8,697,827,719 8,827,571,213
웹스 196700 사채 0 0
웹스 196700 장기차입금 8,200,000,000 8,380,000,000
웹스 196700 기타비유동금융부채 345,504,343 324,187,127
웹스 196700 이연법인세부채 152,323,376 123,384,086
웹스 196700 비유동리스부채 0 0
웹스 196700 부채총계 17,037,806,248 18,467,809,074
웹스 196700 자본금 3,424,619,000 3,424,619,000
웹스 196700 자본잉여금 16,235,900,749 16,235,900,749
웹스 196700 자본조정 0 0
웹스 196700 기타포괄손익누계액 0 0
웹스 196700 이익잉여금(결손금) 19,852,934,368 18,417,008,264
웹스 196700 자본총계 39,562,863,806 38,077,798,914
웹스 196700 자본과부채총계 56,600,670,054 56,545,607,988
date : 2016-09-30
웹스 196700 유동자산 23,235,621,384 29,251,068,851
웹스 196700 현금및현금성자산 7,404,840,279 14,612,732,430
웹스 196700 매출채권 및 기타유동채권
웹스 196700 재고자산 6,736,429,580 5,792,787,077
웹스 196700 기타유동금융자산 6,694,954,807 3,156,003,757
웹스 196700 기타유동자산 117,757,136 2,597,103,050
웹스 196700 매각예정비유동자산 0 0
웹스 196700 비유동자산 34,274,504,053 27,294,539,137
웹스 196700 장기금융상품 0 0
웹스 196700 기타포괄손익-공정가치 0 0
웹스 196700 당기손익인식공정가치측정금융자산 0 0
웹스 196700 종속회사투자 0 0
웹스 196700 관계회사투자 0 0
웹스 196700 렌탈자산 0 0
웹스 196700 유형자산 24,196,573,380 23,104,187,582
웹스 196700 무형자산 2,203,743,768 2,414,948,787
웹스 196700 기타비유동금융자산 179,107,598 206,328,050
웹스 196700 기타비유동자산 255,152,512 334,697,717
웹스 196700 사용권자산 0 0
웹스 196700 이연법인세자산 0 0
웹스 196700 자산총계 57,510,125,437 56,545,607,988
웹스 196700 유동부채 8,280,343,749 9,640,237,861
웹스 196700 단기매입채무 0 0
웹스 196700 단기차입금 4,208,573,620 4,208,573,620
웹스 196700 유동성장기차입금 1,820,000,000 1,860,000,000
웹스 196700 유동성사채 0 0
웹스 196700 기타유동금융부채 986,414,729 1,291,867,766
웹스 196700 기타유동부채 230,197,907 786,607,072
웹스 196700 당기법인세부채 0 0
웹스 196700 유동리스부채 0 0
웹스 196700 비유동부채 10,002,505,616 8,827,571,213
웹스 196700 사채 0 0
웹스 196700 장기차입금 9,600,000,000 8,380,000,000
웹스 196700 기타비유동금융부채 250,182,240 324,187,127
웹스 196700 이연법인세부채 152,323,376 123,384,086
웹스 196700 비유동리스부채 0 0
웹스 196700 부채총계 18,282,849,365 18,467,809,074
웹스 196700 자본금 3,424,619,000 3,424,619,000
웹스 196700 자본잉여금 16,235,900,749 16,235,900,749
웹스 196700 자본조정 0 0
웹스 196700 기타포괄손익누계액 0 0
웹스 196700 이익잉여금(결손금) 19,879,518,590 18,417,008,264
웹스 196700 자본총계 39,227,276,072 38,077,798,914
웹스 196700 자본과부채총계 57,510,125,437 56,545,607,988
date : 2016-12-31
웹스 196700 유동자산 26,409,883,245 29,251,068,851
웹스 196700 현금및현금성자산 7,614,762,610 14,612,732,430
웹스 196700 매출채권 및 기타유동채권
웹스 196700 재고자산 5,891,049,648 5,792,787,077
웹스 196700 기타유동금융자산 9,567,714,593 3,156,003,757
웹스 196700 기타유동자산 182,725,048 2,597,103,050
웹스 196700 매각예정비유동자산 0 0
웹스 196700 비유동자산 33,429,609,228 27,294,539,137
웹스 196700 장기금융상품 0 0
웹스 196700 기타포괄손익-공정가치 0 0
웹스 196700 당기손익인식공정가치측정금융자산 0 0
웹스 196700 종속회사투자 0 0
웹스 196700 관계회사투자 0 0
웹스 196700 렌탈자산 0 0
웹스 196700 유형자산 23,806,725,597 23,104,187,582
웹스 196700 무형자산 2,133,342,094 2,414,948,787
웹스 196700 기타비유동금융자산 182,930,474 206,328,050
웹스 196700 기타비유동자산 228,516,895 334,697,717
웹스 196700 사용권자산 0 0
웹스 196700 이연법인세자산 26,684,225 0
웹스 196700 자산총계 59,839,492,473 56,545,607,988
웹스 196700 유동부채 11,418,193,852 9,640,237,861
웹스 196700 단기매입채무 0 0
웹스 196700 단기차입금 5,608,573,620 4,208,573,620
웹스 196700 유동성장기차입금 1,860,000,000 1,860,000,000
웹스 196700 유동성사채 0 0
웹스 196700 기타유동금융부채 1,379,212,156 1,291,867,766
웹스 196700 기타유동부채 159,316,201 786,607,072
웹스 196700 당기법인세부채 296,786,791 161,436,577
웹스 196700 유동리스부채 0 0
웹스 196700 비유동부채 8,296,004,463 8,827,571,213
웹스 196700 사채 0 0
웹스 196700 장기차입금 8,060,000,000 8,380,000,000
웹스 196700 기타비유동금융부채 236,004,463 324,187,127
웹스 196700 이연법인세부채 0 123,384,086
웹스 196700 비유동리스부채 0 0
웹스 196700 부채총계 19,714,198,315 18,467,809,074
웹스 196700 자본금 3,424,619,000 3,424,619,000
웹스 196700 자본잉여금 16,235,900,749 16,235,900,749
웹스 196700 자본조정 0 0
웹스 196700 기타포괄손익누계액 0 0
웹스 196700 이익잉여금(결손금) 20,361,613,940 18,417,008,264
웹스 196700 자본총계 40,125,294,158 38,077,798,914
웹스 196700 자본과부채총계 59,839,492,473 56,545,607,988
date : 2017-03-31
웹스 196700 유동자산 24,567,175,864 26,409,883,245
웹스 196700 현금및현금성자산 6,232,647,276 7,614,762,610
웹스 196700 매출채권 및 기타유동채권
웹스 196700 재고자산 6,693,666,497 5,891,049,648
웹스 196700 기타유동금융자산 7,453,443,615 9,567,714,593
웹스 196700 기타유동자산 536,841,866 182,725,048
웹스 196700 매각예정비유동자산 0 0
웹스 196700 비유동자산 37,966,716,541 33,429,609,228
웹스 196700 장기금융상품 0 0
웹스 196700 기타포괄손익-공정가치 0 0
웹스 196700 당기손익인식공정가치측정금융자산 0 0
웹스 196700 종속회사투자 0 0
웹스 196700 관계회사투자 0 0
웹스 196700 렌탈자산 0 0
웹스 196700 유형자산 23,460,708,594 23,806,725,597
웹스 196700 무형자산 2,062,940,421 2,133,342,094
웹스 196700 기타비유동금융자산 185,290,474 182,930,474
웹스 196700 기타비유동자산 113,333,333 228,516,895
웹스 196700 사용권자산 0 0
웹스 196700 이연법인세자산 26,684,225 26,684,225
웹스 196700 자산총계 62,533,892,405 59,839,492,473
웹스 196700 유동부채 9,834,243,419 11,418,193,852
웹스 196700 단기매입채무 0 0
웹스 196700 단기차입금 5,608,551,470 5,608,573,620
웹스 196700 유동성장기차입금 1,780,000,000 1,860,000,000
웹스 196700 유동성사채 0 0
웹스 196700 기타유동금융부채 907,355,371 1,379,212,156
웹스 196700 기타유동부채 62,660,061 159,316,201
웹스 196700 당기법인세부채 183,426,251 296,786,791
웹스 196700 유동리스부채 0 0
웹스 196700 비유동부채 13,691,036,425 8,296,004,463
웹스 196700 사채 0 0
웹스 196700 장기차입금 13,560,000,000 8,060,000,000
웹스 196700 기타비유동금융부채 131,036,425 236,004,463
웹스 196700 이연법인세부채 0 0
웹스 196700 비유동리스부채 0 0
웹스 196700 부채총계 23,525,279,844 19,714,198,315
웹스 196700 자본금 3,424,619,000 3,424,619,000
웹스 196700 자본잉여금 16,235,900,749 16,235,900,749
웹스 196700 자본조정 0 0
웹스 196700 기타포괄손익누계액 0 0
웹스 196700 이익잉여금(결손금) 19,648,845,303 20,361,613,940
웹스 196700 자본총계 39,008,612,561 40,125,294,158
웹스 196700 자본과부채총계 62,533,892,405 59,839,492,473
date : 2017-06-30
웹스 196700 유동자산 25,548,757,876 26,409,883,245
웹스 196700 현금및현금성자산 6,585,331,814 7,614,762,610
웹스 196700 매출채권 및 기타유동채권
웹스 196700 재고자산 5,943,154,339 5,891,049,648
웹스 196700 기타유동금융자산 7,666,350,896 9,567,714,593
웹스 196700 기타유동자산 215,373,739 182,725,048
웹스 196700 매각예정비유동자산 0 0
웹스 196700 비유동자산 37,544,633,658 33,429,609,228
웹스 196700 장기금융상품 0 0
웹스 196700 기타포괄손익-공정가치 0 0
웹스 196700 당기손익인식공정가치측정금융자산 0 0
웹스 196700 종속회사투자 0 0
웹스 196700 관계회사투자 0 0
웹스 196700 렌탈자산 0 0
웹스 196700 유형자산 23,105,526,535 23,806,725,597
웹스 196700 무형자산 2,007,413,748 2,133,342,094
웹스 196700 기타비유동금융자산 118,935,380 182,930,474
웹스 196700 기타비유동자산 93,333,333 228,516,895
웹스 196700 사용권자산 0 0
웹스 196700 이연법인세자산 86,518,758 26,684,225
웹스 196700 자산총계 63,093,391,534 59,839,492,473
웹스 196700 유동부채 9,822,917,216 11,418,193,852
웹스 196700 단기매입채무 0 0
웹스 196700 단기차입금 5,608,500,000 5,608,573,620
웹스 196700 유동성장기차입금 1,820,000,000 1,860,000,000
웹스 196700 유동성사채 0 0
웹스 196700 기타유동금융부채 1,102,355,315 1,379,212,156
웹스 196700 기타유동부채 131,468,651 159,316,201
웹스 196700 당기법인세부채 18,065,654 296,786,791
웹스 196700 유동리스부채 0 0
웹스 196700 비유동부채 13,528,996,368 8,296,004,463
웹스 196700 사채 0 0
웹스 196700 장기차입금 13,380,000,000 8,060,000,000
웹스 196700 기타비유동금융부채 148,996,368 236,004,463
웹스 196700 이연법인세부채 0 0
웹스 196700 비유동리스부채 0 0
웹스 196700 부채총계 23,351,913,584 19,714,198,315
웹스 196700 자본금 3,424,619,000 3,424,619,000
웹스 196700 자본잉여금 16,235,900,749 16,235,900,749
웹스 196700 자본조정 0 0
웹스 196700 기타포괄손익누계액 -154,843,043 103,160,469
웹스 196700 이익잉여금(결손금) 20,213,162,175 20,361,613,940
웹스 196700 자본총계 39,741,477,950 40,125,294,158
웹스 196700 자본과부채총계 63,093,391,534 59,839,492,473
date : 2017-09-30
웹스 196700 유동자산 26,125,837,332 26,409,883,245
웹스 196700 현금및현금성자산 8,613,691,778 7,614,762,610
웹스 196700 매출채권 및 기타유동채권
웹스 196700 재고자산 5,937,497,570 5,891,049,648
웹스 196700 기타유동금융자산 7,583,975,807 9,567,714,593
웹스 196700 기타유동자산 126,672,289 182,725,048
웹스 196700 매각예정비유동자산 0 0
웹스 196700 비유동자산 36,538,043,867 33,429,609,228
웹스 196700 장기금융상품 0 0
웹스 196700 기타포괄손익-공정가치 0 0
웹스 196700 당기손익인식공정가치측정금융자산 0 0
웹스 196700 종속회사투자 0 0
웹스 196700 관계회사투자 0 0
웹스 196700 렌탈자산 0 0
웹스 196700 유형자산 22,645,043,928 23,806,725,597
웹스 196700 무형자산 1,936,637,075 2,133,342,094
웹스 196700 기타비유동금융자산 305,643,190 364,378,404
웹스 196700 기타비유동자산 93,333,333 228,516,895
웹스 196700 사용권자산 0 0
웹스 196700 이연법인세자산 86,518,758 26,684,225
웹스 196700 자산총계 62,663,881,199 59,839,492,473
웹스 196700 유동부채 9,487,499,391 11,418,193,852
웹스 196700 단기매입채무 0 0
웹스 196700 단기차입금 0 0
웹스 196700 유동성장기차입금 0 0
웹스 196700 유동성사채 0 0
웹스 196700 기타유동금융부채 800,669,790 1,379,212,156
웹스 196700 기타유동부채 7,570,273,894 7,627,889,821
웹스 196700 당기법인세부채 16,301,004 296,786,791
웹스 196700 유동리스부채 0 0
웹스 196700 비유동부채 13,484,849,084 8,296,004,463
웹스 196700 사채 0 0
웹스 196700 장기차입금 0 0
웹스 196700 기타비유동금융부채 184,849,084 236,004,463
웹스 196700 이연법인세부채 0 0
웹스 196700 비유동리스부채 0 0
웹스 196700 부채총계 22,972,348,475 19,714,198,315
웹스 196700 자본금 3,424,619,000 3,424,619,000
웹스 196700 자본잉여금 16,235,900,749 16,235,900,749
웹스 196700 자본조정 0 0
웹스 196700 기타포괄손익누계액 -127,503,044 103,160,469
웹스 196700 이익잉여금(결손금) 20,118,897,649 20,361,613,940
웹스 196700 자본총계 39,691,532,724 40,125,294,158
웹스 196700 자본과부채총계 62,663,881,199 59,839,492,473
date : 2017-12-31
웹스 196700 유동자산 25,590,126,054 26,409,883,245
웹스 196700 현금및현금성자산 10,223,124,550 7,614,762,610
웹스 196700 매출채권 및 기타유동채권
웹스 196700 재고자산 5,312,528,560 5,891,049,648
웹스 196700 기타유동금융자산 5,865,067,000 9,567,714,593
웹스 196700 기타유동자산 339,071,131 182,725,048
웹스 196700 매각예정비유동자산 0 0
웹스 196700 비유동자산 37,725,550,599 33,429,609,228
웹스 196700 장기금융상품 0 0
웹스 196700 기타포괄손익-공정가치 0 0
웹스 196700 당기손익인식공정가치측정금융자산 0 0
웹스 196700 종속회사투자 0 0
웹스 196700 관계회사투자 0 0
웹스 196700 렌탈자산 0 0
웹스 196700 유형자산 22,195,164,744 23,806,725,597
웹스 196700 무형자산 1,865,860,401 2,133,342,094
웹스 196700 기타비유동금융자산 3,084,966,870 364,378,404
웹스 196700 기타비유동자산 73,333,333 228,516,895
웹스 196700 사용권자산 0 0
웹스 196700 이연법인세자산 276,432,107 26,684,225
웹스 196700 자산총계 63,315,676,653 59,839,492,473
웹스 196700 유동부채 22,333,101,535 11,418,193,852
웹스 196700 단기매입채무 0 0
웹스 196700 단기차입금 0 0
웹스 196700 유동성장기차입금 0 0
웹스 196700 유동성사채 0 0
웹스 196700 기타유동금융부채 1,637,473,334 1,379,212,156
웹스 196700 기타유동부채 19,206,252,700 7,627,889,821
웹스 196700 당기법인세부채 0 296,786,791
웹스 196700 유동리스부채 0 0
웹스 196700 비유동부채 2,030,884,527 8,296,004,463
웹스 196700 사채 0 0
웹스 196700 장기차입금 0 0
웹스 196700 기타비유동금융부채 30,884,527 236,004,463
웹스 196700 이연법인세부채 0 0
웹스 196700 비유동리스부채 0 0
웹스 196700 부채총계 24,363,986,062 19,714,198,315
웹스 196700 자본금 3,424,619,000 3,424,619,000
웹스 196700 자본잉여금 16,235,900,749 16,235,900,749
웹스 196700 자본조정 0 0
웹스 196700 기타포괄손익누계액 -346,336,002 103,160,469
웹스 196700 이익잉여금(결손금) 19,585,177,195 20,361,613,940
웹스 196700 자본총계 38,951,690,591 40,125,294,158
웹스 196700 자본과부채총계 63,315,676,653 59,839,492,473
date : 2018-03-31
웹스 196700 유동자산 21,356,323,428 25,590,126,054
웹스 196700 현금및현금성자산 7,400,102,793 10,223,124,550
웹스 196700 매출채권 및 기타유동채권
웹스 196700 재고자산 5,888,930,498 5,312,528,560
웹스 196700 기타유동금융자산 4,276,800,484 5,865,067,000
웹스 196700 기타유동자산 205,713,935 339,071,131
웹스 196700 매각예정비유동자산 0 0
웹스 196700 비유동자산 41,900,959,823 37,725,550,599
웹스 196700 장기금융상품 0 0
웹스 196700 기타포괄손익-공정가치 0 0
웹스 196700 당기손익인식공정가치측정금융자산 0 0
웹스 196700 종속회사투자 0 0
웹스 196700 관계회사투자 0 0
웹스 196700 렌탈자산 0 0
웹스 196700 유형자산 21,682,008,817 22,195,164,744
웹스 196700 무형자산 1,795,083,728 1,865,860,401
웹스 196700 기타비유동금융자산 8,388,616,870 3,084,966,870
웹스 196700 기타비유동자산 73,333,333 73,333,333
웹스 196700 사용권자산 0 0
웹스 196700 이연법인세자산 307,484,859 276,432,107
웹스 196700 자산총계 63,257,283,251 63,315,676,653
웹스 196700 유동부채 21,591,534,837 22,333,101,535
웹스 196700 단기매입채무 0 0
웹스 196700 단기차입금 0 0
웹스 196700 유동성장기차입금 0 0
웹스 196700 유동성사채 0 0
웹스 196700 기타유동금융부채 957,636,890 1,637,473,334
웹스 196700 기타유동부채 19,710,875,040 19,206,252,700
웹스 196700 당기법인세부채 0 0
웹스 196700 유동리스부채 0 0
웹스 196700 비유동부채 3,032,662,297 2,030,884,527
웹스 196700 사채 0 0
웹스 196700 장기차입금 0 0
웹스 196700 기타비유동금융부채 52,662,297 30,884,527
웹스 196700 이연법인세부채 0 0
웹스 196700 비유동리스부채 0 0
웹스 196700 부채총계 24,624,197,134 24,363,986,062
웹스 196700 자본금 3,424,619,000 3,424,619,000
웹스 196700 자본잉여금 16,235,900,749 16,235,900,749
웹스 196700 자본조정 0 0
웹스 196700 기타포괄손익누계액 -456,432,123 -346,336,002
웹스 196700 이익잉여금(결손금) 19,359,967,892 19,585,177,195
웹스 196700 자본총계 38,633,086,117 38,951,690,591
웹스 196700 자본과부채총계 63,257,283,251 63,315,676,653
date : 2018-06-30
웹스 196700 유동자산 22,678,971,870 25,590,126,054
웹스 196700 현금및현금성자산 8,557,989,114 10,223,124,550
웹스 196700 매출채권 및 기타유동채권
웹스 196700 재고자산 5,400,134,496 5,312,528,560
웹스 196700 기타유동금융자산 4,415,333,178 5,865,067,000
웹스 196700 기타유동자산 273,784,031 339,071,131
웹스 196700 매각예정비유동자산 0 0
웹스 196700 비유동자산 41,229,326,977 37,725,550,599
웹스 196700 장기금융상품 0 0
웹스 196700 기타포괄손익-공정가치 0 0
웹스 196700 당기손익인식공정가치측정금융자산 0 0
웹스 196700 종속회사투자 0 0
웹스 196700 관계회사투자 0 0
웹스 196700 렌탈자산 0 0
웹스 196700 유형자산 21,233,633,698 22,195,164,744
웹스 196700 무형자산 1,724,307,055 1,865,860,401
웹스 196700 기타비유동금융자산 8,804,839,453 3,084,966,870
웹스 196700 기타비유동자산 53,333,333 73,333,333
웹스 196700 사용권자산 0 0
웹스 196700 이연법인세자산 235,920,718 276,432,107
웹스 196700 자산총계 63,908,298,847 63,315,676,653
웹스 196700 유동부채 21,593,246,775 22,333,101,535
웹스 196700 단기매입채무 0 0
웹스 196700 단기차입금 0 0
웹스 196700 유동성장기차입금 0 0
웹스 196700 유동성사채 0 0
웹스 196700 기타유동금융부채 1,055,379,384 1,637,473,334
웹스 196700 기타유동부채 19,575,853,309 19,206,252,700
웹스 196700 당기법인세부채 0 0
웹스 196700 유동리스부채 0 0
웹스 196700 비유동부채 3,033,834,886 2,030,884,527
웹스 196700 사채 0 0
웹스 196700 장기차입금 0 0
웹스 196700 기타비유동금융부채 73,834,886 30,884,527
웹스 196700 이연법인세부채 0 0
웹스 196700 비유동리스부채 0 0
웹스 196700 부채총계 24,627,081,661 24,363,986,062
웹스 196700 자본금 3,424,619,000 3,424,619,000
웹스 196700 자본잉여금 16,235,900,749 16,235,900,749
웹스 196700 자본조정 0 0
웹스 196700 기타포괄손익누계액 -268,421,697 -346,336,002
웹스 196700 이익잉여금(결손금) 19,803,202,017 19,585,177,195
웹스 196700 자본총계 39,281,217,186 38,951,690,591
웹스 196700 자본과부채총계 63,908,298,847 63,315,676,653
date : 2018-09-30
웹스 196700 유동자산 23,831,844,468 25,590,126,054
웹스 196700 현금및현금성자산 8,912,232,839 10,223,124,550
웹스 196700 매출채권 및 기타유동채권
웹스 196700 재고자산 6,225,396,719 5,312,528,560
웹스 196700 기타유동금융자산 4,307,037,537 5,865,067,000
웹스 196700 기타유동자산 713,115,185 339,071,131
웹스 196700 매각예정비유동자산 0 0
웹스 196700 비유동자산 40,102,829,832 37,725,550,599
웹스 196700 장기금융상품 0 0
웹스 196700 기타포괄손익-공정가치 0 0
웹스 196700 당기손익인식공정가치측정금융자산 0 0
웹스 196700 종속회사투자 0 0
웹스 196700 관계회사투자 0 0
웹스 196700 렌탈자산 0 0
웹스 196700 유형자산 20,854,743,732 22,195,164,744
웹스 196700 무형자산 1,653,530,382 1,865,860,401
웹스 196700 기타비유동금융자산 8,740,339,453 3,084,966,870
웹스 196700 기타비유동자산 53,333,333 73,333,333
웹스 196700 사용권자산 0 0
웹스 196700 이연법인세자산 235,920,718 276,432,107
웹스 196700 자산총계 63,934,674,300 63,315,676,653
웹스 196700 유동부채 22,145,732,482 22,333,101,535
웹스 196700 단기매입채무 0 0
웹스 196700 단기차입금 0 0
웹스 196700 유동성장기차입금 0 0
웹스 196700 유동성사채 0 0
웹스 196700 기타유동금융부채 1,125,672,099 1,637,473,334
웹스 196700 기타유동부채 19,348,912,917 19,206,252,700
웹스 196700 당기법인세부채 42,028,011 0
웹스 196700 유동리스부채 0 0
웹스 196700 비유동부채 3,009,650,994 2,030,884,527
웹스 196700 사채 0 0
웹스 196700 장기차입금 0 0
웹스 196700 기타비유동금융부채 89,650,994 30,884,527
웹스 196700 이연법인세부채 0 0
웹스 196700 비유동리스부채 0 0
웹스 196700 부채총계 25,155,383,476 24,363,986,062
웹스 196700 자본금 6,849,238,000 3,424,619,000
웹스 196700 자본잉여금 12,811,281,749 16,235,900,749
웹스 196700 자본조정 0 0
웹스 196700 기타포괄손익누계액 -320,925,733 -346,336,002
웹스 196700 이익잉여금(결손금) 19,336,707,608 19,585,177,195
웹스 196700 자본총계 38,779,290,824 38,951,690,591
웹스 196700 자본과부채총계 63,934,674,300 63,315,676,653
date : 2018-12-31
웹스 196700 유동자산 20,769,429,539 25,590,126,054
웹스 196700 현금및현금성자산 8,997,873,928 10,223,124,550
웹스 196700 매출채권 및 기타유동채권
웹스 196700 재고자산 6,251,726,985 5,312,528,560
웹스 196700 기타유동금융자산 384,258,052 5,865,067,000
웹스 196700 기타유동자산 266,905,437 339,071,131
웹스 196700 매각예정비유동자산 0 0
웹스 196700 비유동자산 43,287,623,569 37,725,550,599
웹스 196700 장기금융상품 0 0
웹스 196700 기타포괄손익-공정가치 0 0
웹스 196700 당기손익인식공정가치측정금융자산 0 0
웹스 196700 종속회사투자 0 0
웹스 196700 관계회사투자 0 0
웹스 196700 렌탈자산 0 0
웹스 196700 유형자산 20,473,899,293 22,195,164,744
웹스 196700 무형자산 1,582,753,708 1,865,860,401
웹스 196700 기타비유동금융자산 12,696,657,570 3,084,966,870
웹스 196700 기타비유동자산 33,333,333 73,333,333
웹스 196700 사용권자산 0 0
웹스 196700 이연법인세자산 409,623,049 276,432,107
웹스 196700 자산총계 64,057,053,108 63,315,676,653
웹스 196700 유동부채 24,045,140,345 22,333,101,535
웹스 196700 단기매입채무 0 0
웹스 196700 단기차입금 0 0
웹스 196700 유동성장기차입금 0 0
웹스 196700 유동성사채 0 0
웹스 196700 기타유동금융부채 1,169,767,302 1,637,473,334
웹스 196700 기타유동부채 19,416,284,215 19,206,252,700
웹스 196700 당기법인세부채 399,165,070 0
웹스 196700 유동리스부채 0 0
웹스 196700 비유동부채 991,779,665 2,030,884,527
웹스 196700 사채 0 0
웹스 196700 장기차입금 0 0
웹스 196700 기타비유동금융부채 91,779,665 30,884,527
웹스 196700 이연법인세부채 0 0
웹스 196700 비유동리스부채 0 0
웹스 196700 부채총계 25,036,920,010 24,363,986,062
웹스 196700 자본금 6,849,238,000 3,424,619,000
웹스 196700 자본잉여금 12,786,804,312 16,235,900,749
웹스 196700 자본조정 0 0
웹스 196700 기타포괄손익누계액 -296,048,450 -346,336,002
웹스 196700 이익잉여금(결손금) 19,560,077,953 19,585,177,195
웹스 196700 자본총계 39,020,133,098 38,951,690,591
웹스 196700 자본과부채총계 64,057,053,108 63,315,676,653
date : 2019-03-31
웹스 196700 유동자산 21,183,785,926 20,769,429,539
웹스 196700 현금및현금성자산 9,983,160,232 8,997,873,928
웹스 196700 매출채권 및 기타유동채권
웹스 196700 재고자산 6,619,822,016 6,251,726,985
웹스 196700 기타유동금융자산 443,138,471 384,258,052
웹스 196700 기타유동자산 297,202,762 266,905,437
웹스 196700 매각예정비유동자산 0 0
웹스 196700 비유동자산 42,390,228,914 43,287,623,569
웹스 196700 장기금융상품 0 0
웹스 196700 기타포괄손익-공정가치 0 0
웹스 196700 당기손익인식공정가치측정금융자산 0 0
웹스 196700 종속회사투자 0 0
웹스 196700 관계회사투자 0 0
웹스 196700 렌탈자산 0 0
웹스 196700 유형자산 20,115,177,684 20,473,899,293
웹스 196700 무형자산 1,511,977,035 1,582,753,708
웹스 196700 기타비유동금융자산 12,946,357,570 12,696,657,570
웹스 196700 기타비유동자산 33,333,333 33,333,333
웹스 196700 사용권자산 0 0
웹스 196700 이연법인세자산 409,623,049 409,623,049
웹스 196700 자산총계 63,574,014,840 64,057,053,108
웹스 196700 유동부채 23,733,352,862 24,045,140,345
웹스 196700 단기매입채무 0 0
웹스 196700 단기차입금 0 0
웹스 196700 유동성장기차입금 0 0
웹스 196700 유동성사채 0 0
웹스 196700 기타유동금융부채 889,936,545 1,169,767,302
웹스 196700 기타유동부채 19,445,367,497 19,416,284,215
웹스 196700 당기법인세부채 399,165,070 399,165,070
웹스 196700 유동리스부채 0 0
웹스 196700 비유동부채 892,122,285 991,779,665
웹스 196700 사채 0 0
웹스 196700 장기차입금 0 0
웹스 196700 기타비유동금융부채 52,122,285 91,779,665
웹스 196700 이연법인세부채 0 0
웹스 196700 비유동리스부채 0 0
웹스 196700 부채총계 24,625,475,147 25,036,920,010
웹스 196700 자본금 6,849,238,000 6,849,238,000
웹스 196700 자본잉여금 12,786,804,312 12,786,804,312
웹스 196700 자본조정 0 0
웹스 196700 기타포괄손익누계액 -276,128,974 -296,048,450
웹스 196700 이익잉여금(결손금) 19,452,791,947 19,560,077,953
웹스 196700 자본총계 38,948,539,693 39,020,133,098
웹스 196700 자본과부채총계 63,574,014,840 64,057,053,108
