date : 2017-03-31
고려시멘트 198440 유동자산 15,292,210,390 15,300,885,068
고려시멘트 198440 현금및현금성자산 15,241,173,465 15,070,942,448
고려시멘트 198440 매출채권 및 기타유동채권
고려시멘트 198440 재고자산 0 0
고려시멘트 198440 기타유동금융자산 0 0
고려시멘트 198440 기타유동자산 0 0
고려시멘트 198440 매각예정비유동자산 0 0
고려시멘트 198440 비유동자산 0 0
고려시멘트 198440 장기금융상품 0 0
고려시멘트 198440 기타포괄손익-공정가치 0 0
고려시멘트 198440 당기손익인식공정가치측정금융자산 0 0
고려시멘트 198440 종속회사투자 0 0
고려시멘트 198440 관계회사투자 0 0
고려시멘트 198440 렌탈자산 0 0
고려시멘트 198440 유형자산 0 0
고려시멘트 198440 무형자산 0 0
고려시멘트 198440 기타비유동금융자산 0 0
고려시멘트 198440 기타비유동자산 0 0
고려시멘트 198440 사용권자산 0 0
고려시멘트 198440 이연법인세자산 0 0
고려시멘트 198440 자산총계 15,292,210,390 15,300,885,068
고려시멘트 198440 유동부채 10,440,000 0
고려시멘트 198440 단기매입채무 0 0
고려시멘트 198440 단기차입금 0 0
고려시멘트 198440 유동성장기차입금 0 0
고려시멘트 198440 유동성사채 0 0
고려시멘트 198440 기타유동금융부채 0 0
고려시멘트 198440 기타유동부채 0 0
고려시멘트 198440 당기법인세부채 0 0
고려시멘트 198440 유동리스부채 0 0
고려시멘트 198440 비유동부채 1,428,316,407 1,458,071,502
고려시멘트 198440 사채 0 0
고려시멘트 198440 장기차입금 0 0
고려시멘트 198440 기타비유동금융부채 1,396,057,269 1,384,274,963
고려시멘트 198440 이연법인세부채 32,259,138 73,796,539
고려시멘트 198440 비유동리스부채 0 0
고려시멘트 198440 부채총계 1,438,756,407 1,458,071,502
고려시멘트 198440 자본금 700,000,000 700,000,000
고려시멘트 198440 자본잉여금 0 0
고려시멘트 198440 자본조정 0 0
고려시멘트 198440 기타포괄손익누계액 0 0
고려시멘트 198440 이익잉여금(결손금) 401,450,287 390,809,870
고려시멘트 198440 자본총계 13,853,453,983 13,842,813,566
고려시멘트 198440 자본과부채총계 15,292,210,390 15,300,885,068
date : 2017-06-30
고려시멘트 198440 유동자산 35,117,956,692 36,170,102,669
고려시멘트 198440 현금및현금성자산 349,959,892 3,264,036,088
고려시멘트 198440 매출채권 및 기타유동채권
고려시멘트 198440 재고자산 2,974,531,801 3,325,214,635
고려시멘트 198440 기타유동금융자산 6,045,679,000 45,679,000
고려시멘트 198440 기타유동자산 0 0
고려시멘트 198440 매각예정비유동자산 0 0
고려시멘트 198440 비유동자산 68,878,022,677 57,696,700,826
고려시멘트 198440 장기금융상품 0 0
고려시멘트 198440 기타포괄손익-공정가치 0 0
고려시멘트 198440 당기손익인식공정가치측정금융자산 0 0
고려시멘트 198440 종속회사투자 0 0
고려시멘트 198440 관계회사투자 0 0
고려시멘트 198440 렌탈자산 0 0
고려시멘트 198440 유형자산 52,604,097,163 52,472,475,450
고려시멘트 198440 무형자산 928,293,357 931,956,540
고려시멘트 198440 기타비유동금융자산 6,970,911,840 670,911,840
고려시멘트 198440 기타비유동자산 0 0
고려시멘트 198440 사용권자산 0 0
고려시멘트 198440 이연법인세자산 0 0
고려시멘트 198440 자산총계 103,995,979,369 93,866,803,495
고려시멘트 198440 유동부채 14,528,315,354 18,021,530,183
고려시멘트 198440 단기매입채무 0 0
고려시멘트 198440 단기차입금 3,800,000,000 18,021,530,183
고려시멘트 198440 유동성장기차입금 0 0
고려시멘트 198440 유동성사채 0 0
고려시멘트 198440 기타유동금융부채 0 0
고려시멘트 198440 기타유동부채 0 0
고려시멘트 198440 당기법인세부채 76,606,054 1,648,553,688
고려시멘트 198440 유동리스부채 0 0
고려시멘트 198440 비유동부채 14,206,395,945 12,364,760,845
고려시멘트 198440 사채 0 0
고려시멘트 198440 장기차입금 0 0
고려시멘트 198440 기타비유동금융부채 0 0
고려시멘트 198440 이연법인세부채 5,312,310,205 4,994,787,043
고려시멘트 198440 비유동리스부채 0 0
고려시멘트 198440 부채총계 28,734,711,299 30,386,291,028
고려시멘트 198440 자본금 3,047,996,000 2,347,996,000
고려시멘트 198440 자본잉여금 21,582,004,000 7,652,004,000
고려시멘트 198440 자본조정 -1,699,212,809 7,652,004,000
고려시멘트 198440 기타포괄손익누계액 21,787,779,191 21,787,779,191
고려시멘트 198440 이익잉여금(결손금) 30,542,701,688 31,692,733,276
고려시멘트 198440 자본총계 75,261,268,070 63,480,512,467
고려시멘트 198440 자본과부채총계 103,995,979,369 93,866,803,495
date : 2017-09-30
고려시멘트 198440 유동자산 36,186,945,969 36,170,102,669
고려시멘트 198440 현금및현금성자산 905,976,169 3,264,036,088
고려시멘트 198440 매출채권 및 기타채권
고려시멘트 198440 재고자산 4,799,691,692 3,325,214,635
고려시멘트 198440 기타유동금융자산 45,679,000 45,679,000
고려시멘트 198440 기타유동자산 0 0
고려시멘트 198440 매각예정비유동자산 0 0
고려시멘트 198440 비유동자산 74,607,866,569 57,696,700,826
고려시멘트 198440 장기금융상품 0 0
고려시멘트 198440 기타포괄손익-공정가치 0 0
고려시멘트 198440 당기손익인식공정가치측정금융자산 0 0
고려시멘트 198440 종속회사투자 0 0
고려시멘트 198440 관계회사투자 0 0
고려시멘트 198440 렌탈자산 0 0
고려시멘트 198440 유형자산 48,360,868,028 52,472,475,450
고려시멘트 198440 무형자산 925,462,733 931,956,540
고려시멘트 198440 기타비유동금융자산 2,972,961,840 670,911,840
고려시멘트 198440 기타비유동자산 0 0
고려시멘트 198440 사용권자산 0 0
고려시멘트 198440 이연법인세자산 0 0
고려시멘트 198440 자산총계 110,794,812,538 93,866,803,495
고려시멘트 198440 유동부채 14,895,292,819 18,021,530,183
고려시멘트 198440 단기매입채무 0 0
고려시멘트 198440 단기차입금 4,000,000,000 18,021,530,183
고려시멘트 198440 유동성장기차입금 0 0
고려시멘트 198440 유동성사채 0 0
고려시멘트 198440 기타유동금융부채 0 0
고려시멘트 198440 기타유동부채 2,308,743,538 5,551,065,600
고려시멘트 198440 당기법인세부채 256,743,884 1,648,553,688
고려시멘트 198440 유동리스부채 0 0
고려시멘트 198440 비유동부채 18,324,949,570 12,364,760,845
고려시멘트 198440 사채 0 0
고려시멘트 198440 장기차입금 4,000,000,000 12,364,760,845
고려시멘트 198440 기타비유동금융부채 0 0
고려시멘트 198440 이연법인세부채 5,307,184,567 4,994,787,043
고려시멘트 198440 비유동리스부채 0 0
고려시멘트 198440 부채총계 33,220,242,389 30,386,291,028
고려시멘트 198440 자본금 3,047,996,000 2,347,996,000
고려시멘트 198440 자본잉여금 21,582,004,000 7,652,004,000
고려시멘트 198440 자본조정 -1,699,212,809 7,652,004,000
고려시멘트 198440 기타포괄손익누계액 21,777,594,979 21,787,779,191
고려시멘트 198440 이익잉여금(결손금) 32,866,187,979 31,692,733,276
고려시멘트 198440 자본총계 77,574,570,149 63,480,512,467
고려시멘트 198440 자본과부채총계 110,794,812,538 93,866,803,495
date : 2017-12-31
고려시멘트 198440 유동자산 38,542,949,643 36,170,102,669
고려시멘트 198440 현금및현금성자산 674,613,662 3,264,036,088
고려시멘트 198440 매출채권 및 기타유동채권
고려시멘트 198440 재고자산 3,329,941,093 3,325,214,635
고려시멘트 198440 기타유동금융자산 4,055,250,000 45,679,000
고려시멘트 198440 기타유동자산 502,992,259 531,472,558
고려시멘트 198440 매각예정비유동자산 0 0
고려시멘트 198440 비유동자산 77,338,670,837 57,696,700,826
고려시멘트 198440 장기금융상품 0 0
고려시멘트 198440 기타포괄손익-공정가치 0 0
고려시멘트 198440 당기손익인식공정가치측정금융자산 0 0
고려시멘트 198440 종속회사투자 0 0
고려시멘트 198440 관계회사투자 0 0
고려시멘트 198440 렌탈자산 0 0
고려시멘트 198440 유형자산 47,901,220,159 52,472,475,450
고려시멘트 198440 무형자산 922,654,786 931,956,540
고려시멘트 198440 기타비유동금융자산 7,972,113,040 670,911,840
고려시멘트 198440 기타비유동자산 0 0
고려시멘트 198440 사용권자산 0 0
고려시멘트 198440 이연법인세자산 0 0
고려시멘트 198440 자산총계 115,881,620,480 93,866,803,495
고려시멘트 198440 유동부채 23,125,664,354 18,021,530,183
고려시멘트 198440 단기매입채무 0 0
고려시멘트 198440 단기차입금 6,571,428,568 18,021,530,183
고려시멘트 198440 유동성장기차입금 0 0
고려시멘트 198440 유동성사채 0 0
고려시멘트 198440 기타유동금융부채 0 0
고려시멘트 198440 기타유동부채 5,139,558,499 5,551,065,600
고려시멘트 198440 당기법인세부채 890,435,381 1,648,553,688
고려시멘트 198440 유동리스부채 0 0
고려시멘트 198440 비유동부채 15,361,847,789 12,364,760,845
고려시멘트 198440 사채 0 0
고려시멘트 198440 장기차입금 2,285,714,290 12,364,760,845
고려시멘트 198440 기타비유동금융부채 346,000,000 61,000,000
고려시멘트 198440 이연법인세부채 4,809,247,581 4,994,787,043
고려시멘트 198440 비유동리스부채 0 0
고려시멘트 198440 부채총계 38,487,512,143 30,386,291,028
고려시멘트 198440 자본금 3,047,996,000 2,347,996,000
고려시멘트 198440 자본잉여금 21,573,748,480 7,652,004,000
고려시멘트 198440 자본조정 0 0
고려시멘트 198440 기타포괄손익누계액 21,777,594,979 21,787,779,191
고려시멘트 198440 이익잉여금(결손금) 32,693,981,687 31,692,733,276
고려시멘트 198440 자본총계 77,394,108,337 63,480,512,467
고려시멘트 198440 자본과부채총계 115,881,620,480 93,866,803,495
date : 2018-03-31
고려시멘트 198440 유동자산 40,092,381,281 38,542,949,643
고려시멘트 198440 현금및현금성자산 3,030,741,207 674,613,662
고려시멘트 198440 매출채권 및 기타유동채권
고려시멘트 198440 재고자산 4,854,880,485 3,329,941,093
고려시멘트 198440 기타유동금융자산 4,049,250,000 4,055,250,000
고려시멘트 198440 기타유동자산 371,927,770 502,992,259
고려시멘트 198440 매각예정비유동자산 0 0
고려시멘트 198440 비유동자산 77,381,556,719 77,338,670,837
고려시멘트 198440 장기금융상품 0 0
고려시멘트 198440 기타포괄손익-공정가치 0 0
고려시멘트 198440 당기손익인식공정가치측정금융자산 0 0
고려시멘트 198440 종속회사투자 0 0
고려시멘트 198440 관계회사투자 0 0
고려시멘트 198440 렌탈자산 0 0
고려시멘트 198440 유형자산 47,521,618,955 47,901,220,159
고려시멘트 198440 무형자산 920,323,906 922,654,786
고려시멘트 198440 기타비유동금융자산 7,993,013,040 7,972,113,040
고려시멘트 198440 기타비유동자산 15,000,000 15,000,000
고려시멘트 198440 사용권자산 0 0
고려시멘트 198440 이연법인세자산 0 0
고려시멘트 198440 자산총계 117,473,938,000 115,881,620,480
고려시멘트 198440 유동부채 27,820,589,590 23,125,664,354
고려시멘트 198440 단기매입채무 0 0
고려시멘트 198440 단기차입금 8,328,571,426 6,571,428,568
고려시멘트 198440 유동성장기차입금 0 0
고려시멘트 198440 유동성사채 0 0
고려시멘트 198440 기타유동금융부채 0 0
고려시멘트 198440 기타유동부채 5,886,598,161 5,139,558,499
고려시멘트 198440 당기법인세부채 892,096,850 890,435,381
고려시멘트 198440 유동리스부채 0 0
고려시멘트 198440 비유동부채 15,111,997,043 15,361,847,789
고려시멘트 198440 사채 0 0
고려시멘트 198440 장기차입금 2,285,714,290 2,285,714,290
고려시멘트 198440 기타비유동금융부채 352,000,000 346,000,000
고려시멘트 198440 이연법인세부채 4,807,978,443 4,809,247,581
고려시멘트 198440 비유동리스부채 0 0
고려시멘트 198440 부채총계 42,932,586,633 38,487,512,143
고려시멘트 198440 자본금 3,100,396,000 3,047,996,000
고려시멘트 198440 자본잉여금 22,563,764,165 21,573,748,480
고려시멘트 198440 자본조정 0 0
고려시멘트 198440 기타포괄손익누계액 21,773,095,306 21,777,594,979
고려시멘트 198440 이익잉여금(결손금) 29,364,096,125 32,693,981,687
고려시멘트 198440 자본총계 74,541,351,367 77,394,108,337
고려시멘트 198440 자본과부채총계 117,473,938,000 115,881,620,480
date : 2018-06-30
고려시멘트 198440 유동자산 54,675,685,336 38,542,949,643
고려시멘트 198440 현금및현금성자산 4,906,234,373 674,613,662
고려시멘트 198440 매출채권 및 기타채권
고려시멘트 198440 재고자산 3,363,530,183 3,329,941,093
고려시멘트 198440 기타유동금융자산 4,036,250,000 4,055,250,000
고려시멘트 198440 기타유동자산 3,655,108,011 502,992,259
고려시멘트 198440 매각예정비유동자산 0 0
고려시멘트 198440 비유동자산 74,798,331,981 77,338,670,837
고려시멘트 198440 장기금융상품 0 0
고려시멘트 198440 기타포괄손익-공정가치 측정 금융자산
고려시멘트 198440 당기손익인식공정가치측정금융자산 0 0
고려시멘트 198440 종속회사투자 0 0
고려시멘트 198440 관계회사투자 0 0
고려시멘트 198440 렌탈자산 0 0
고려시멘트 198440 유형자산 47,151,898,504 47,901,220,159
고려시멘트 198440 무형자산 712,628,945 922,654,786
고려시멘트 198440 기타비유동금융자산 5,995,613,040 7,972,113,040
고려시멘트 198440 기타비유동자산 0 0
고려시멘트 198440 사용권자산 0 0
고려시멘트 198440 이연법인세자산 0 0
고려시멘트 198440 자산총계 129,474,017,317 115,881,620,480
고려시멘트 198440 유동부채 32,404,469,050 23,125,664,354
고려시멘트 198440 단기매입채무 0 0
고려시멘트 198440 단기차입금 11,700,000,000 5,200,000,000
고려시멘트 198440 유동성장기차입금 1,371,428,568 1,371,428,568
고려시멘트 198440 유동성사채 0 0
고려시멘트 198440 기타유동금융부채 0 0
고려시멘트 198440 기타유동부채 7,361,326,668 5,139,558,499
고려시멘트 198440 당기법인세부채 599,438,114 890,435,381
고려시멘트 198440 유동리스부채 0 0
고려시멘트 198440 비유동부채 11,839,826,352 15,361,847,789
고려시멘트 198440 사채 0 0
고려시멘트 198440 장기차입금 1,600,000,006 2,285,714,290
고려시멘트 198440 기타비유동금융부채 352,000,000 346,000,000
고려시멘트 198440 이연법인세부채 3,216,456,878 4,809,247,581
고려시멘트 198440 비유동리스부채 0 0
고려시멘트 198440 부채총계 44,244,295,402 38,487,512,143
고려시멘트 198440 자본금 3,197,996,000 3,047,996,000
고려시멘트 198440 자본잉여금 25,990,905,741 21,573,748,480
고려시멘트 198440 자본조정 0 0
고려시멘트 198440 기타포괄손익누계액 21,773,095,306 21,777,594,979
고려시멘트 198440 이익잉여금(결손금) 34,267,724,868 32,693,981,687
고려시멘트 198440 자본총계 85,229,721,915 77,394,108,337
고려시멘트 198440 자본과부채총계 129,474,017,317 115,881,620,480
date : 2018-09-30
고려시멘트 198440 유동자산 52,100,405,988 38,542,949,643
고려시멘트 198440 현금및현금성자산 3,046,182,295 674,613,662
고려시멘트 198440 매출채권 및 기타유동채권
고려시멘트 198440 재고자산 5,343,353,307 3,329,941,093
고려시멘트 198440 기타유동금융자산 6,032,250,000 4,055,250,000
고려시멘트 198440 기타유동자산 1,173,598,691 502,992,259
고려시멘트 198440 매각예정비유동자산 0 0
고려시멘트 198440 비유동자산 74,252,370,751 77,338,670,837
고려시멘트 198440 장기금융상품 0 0
고려시멘트 198440 기타포괄손익-공정가치 측정 금융자산
고려시멘트 198440 당기손익인식공정가치측정금융자산 0 0
고려시멘트 198440 종속회사투자 0 0
고려시멘트 198440 관계회사투자 0 0
고려시멘트 198440 렌탈자산 0 0
고려시멘트 198440 유형자산 46,919,705,451 47,901,220,159
고려시멘트 198440 무형자산 709,942,802 922,654,786
고려시멘트 198440 기타비유동금융자산 5,695,613,040 7,972,113,040
고려시멘트 198440 기타비유동자산 0 0
고려시멘트 198440 사용권자산 0 0
고려시멘트 198440 이연법인세자산 0 0
고려시멘트 198440 자산총계 126,352,776,739 115,881,620,480
고려시멘트 198440 유동부채 28,838,134,876 23,125,664,354
고려시멘트 198440 단기매입채무 0 0
고려시멘트 198440 단기차입금 11,300,000,000 5,200,000,000
고려시멘트 198440 유동성장기차입금 1,371,428,568 1,371,428,568
고려시멘트 198440 유동성사채 0 0
고려시멘트 198440 기타유동금융부채 0 0
고려시멘트 198440 기타유동부채 4,258,807,975 5,139,558,499
고려시멘트 198440 당기법인세부채 548,309,344 890,435,381
고려시멘트 198440 유동리스부채 0 0
고려시멘트 198440 비유동부채 11,196,323,361 15,361,847,789
고려시멘트 198440 사채 0 0
고려시멘트 198440 장기차입금 1,257,142,864 2,285,714,290
고려시멘트 198440 기타비유동금융부채 352,000,000 346,000,000
고려시멘트 198440 이연법인세부채 3,216,068,103 4,809,247,581
고려시멘트 198440 비유동리스부채 0 0
고려시멘트 198440 부채총계 40,034,458,237 38,487,512,143
고려시멘트 198440 자본금 3,197,996,000 3,047,996,000
고려시멘트 198440 자본잉여금 25,990,905,741 21,573,748,480
고려시멘트 198440 자본조정 0 0
고려시멘트 198440 기타포괄손익누계액 21,771,716,924 21,777,594,979
고려시멘트 198440 이익잉여금(결손금) 35,357,699,837 32,693,981,687
고려시멘트 198440 자본총계 86,318,318,502 77,394,108,337
고려시멘트 198440 자본과부채총계 126,352,776,739 115,881,620,480
date : 2018-12-31
고려시멘트 198440 유동자산 49,955,333,538 38,542,949,643
고려시멘트 198440 현금및현금성자산 957,078,924 674,613,662
고려시멘트 198440 매출채권 및 기타유동채권
고려시멘트 198440 재고자산 4,242,986,988 3,329,941,093
고려시멘트 198440 기타유동금융자산 4,024,250,000 4,055,250,000
고려시멘트 198440 기타유동자산 927,737,536 502,992,259
고려시멘트 198440 매각예정비유동자산 0 0
고려시멘트 198440 비유동자산 77,581,499,549 77,338,670,837
고려시멘트 198440 장기금융상품 0 0
고려시멘트 198440 기타포괄손익-공정가치 측정 금융자산
고려시멘트 198440 당기손익인식공정가치측정금융자산 0 0
고려시멘트 198440 종속회사투자 0 0
고려시멘트 198440 관계회사투자 0 0
고려시멘트 198440 렌탈자산 0 0
고려시멘트 198440 유형자산 48,776,543,949 47,901,220,159
고려시멘트 198440 무형자산 592,245,598 922,654,786
고려시멘트 198440 기타비유동금융자산 5,697,113,040 7,972,113,040
고려시멘트 198440 기타비유동자산 0 0
고려시멘트 198440 사용권자산 0 0
고려시멘트 198440 이연법인세자산 0 0
고려시멘트 198440 자산총계 127,536,833,087 115,881,620,480
고려시멘트 198440 유동부채 29,601,569,605 23,125,664,354
고려시멘트 198440 단기매입채무 0 0
고려시멘트 198440 단기차입금 11,800,000,000 5,200,000,000
고려시멘트 198440 유동성장기차입금 1,371,428,568 1,371,428,568
고려시멘트 198440 유동성사채 0 0
고려시멘트 198440 기타유동금융부채 0 0
고려시멘트 198440 기타유동부채 5,728,100,257 5,139,558,499
고려시멘트 198440 당기법인세부채 1,621,740,226 890,435,381
고려시멘트 198440 유동리스부채 0 0
고려시멘트 198440 비유동부채 11,424,301,677 15,361,847,789
고려시멘트 198440 사채 0 0
고려시멘트 198440 장기차입금 914,285,722 2,285,714,290
고려시멘트 198440 기타비유동금융부채 352,000,000 346,000,000
고려시멘트 198440 이연법인세부채 4,196,065,390 4,809,247,581
고려시멘트 198440 비유동리스부채 0 0
고려시멘트 198440 부채총계 41,025,871,282 38,487,512,143
고려시멘트 198440 자본금 3,197,996,000 3,047,996,000
고려시멘트 198440 자본잉여금 25,645,759,867 21,573,748,480
고려시멘트 198440 자본조정 0 0
고려시멘트 198440 기타포괄손익누계액 21,553,118,669 21,777,594,979
고려시멘트 198440 이익잉여금(결손금) 36,114,087,269 32,693,981,687
고려시멘트 198440 자본총계 86,510,961,805 77,394,108,337
고려시멘트 198440 자본과부채총계 127,536,833,087 115,881,620,480
date : 2019-03-31
고려시멘트 198440 유동자산 55,543,989,884 49,955,333,538
고려시멘트 198440 현금및현금성자산 1,309,418,489 957,078,924
고려시멘트 198440 매출채권 및 기타유동채권
고려시멘트 198440 재고자산 4,537,799,763 4,242,986,988
고려시멘트 198440 기타유동금융자산 5,596,449,200 4,024,250,000
고려시멘트 198440 기타유동자산 1,750,908,644 927,737,536
고려시멘트 198440 매각예정비유동자산 0 0
고려시멘트 198440 비유동자산 78,244,941,097 77,581,499,549
고려시멘트 198440 장기금융상품 0 0
고려시멘트 198440 기타포괄손익-공정가치 측정 금융자산
고려시멘트 198440 당기손익인식공정가치측정금융자산 0 0
고려시멘트 198440 종속회사투자 0 0
고려시멘트 198440 관계회사투자 0 0
고려시멘트 198440 렌탈자산 0 0
고려시멘트 198440 유형자산 48,339,300,892 48,776,543,949
고려시멘트 198440 무형자산 589,677,269 592,245,598
고려시멘트 198440 기타비유동금융자산 5,806,198,008 5,697,113,040
고려시멘트 198440 기타비유동자산 0 0
고려시멘트 198440 사용권자산 0 0
고려시멘트 198440 이연법인세자산 0 0
고려시멘트 198440 자산총계 133,788,930,981 127,536,833,087
고려시멘트 198440 유동부채 38,310,685,012 29,601,569,605
고려시멘트 198440 단기매입채무 0 0
고려시멘트 198440 단기차입금 15,500,000,000 11,800,000,000
고려시멘트 198440 유동성장기차입금 1,371,428,568 1,371,428,568
고려시멘트 198440 유동성사채 0 0
고려시멘트 198440 기타유동금융부채 0 0
고려시멘트 198440 기타유동부채 6,051,670,996 5,728,100,257
고려시멘트 198440 당기법인세부채 1,621,782,016 1,621,740,226
고려시멘트 198440 유동리스부채 0 0
고려시멘트 198440 비유동부채 11,288,004,285 11,424,301,677
고려시멘트 198440 사채 0 0
고려시멘트 198440 장기차입금 571,428,580 914,285,722
고려시멘트 198440 기타비유동금융부채 352,000,000 352,000,000
고려시멘트 198440 이연법인세부채 4,196,065,390 4,196,065,390
고려시멘트 198440 비유동리스부채 0 0
고려시멘트 198440 부채총계 49,598,689,297 41,025,871,282
고려시멘트 198440 자본금 3,197,996,000 3,197,996,000
고려시멘트 198440 자본잉여금 25,645,759,867 25,645,759,867
고려시멘트 198440 자본조정 0 0
고려시멘트 198440 기타포괄손익누계액 21,553,118,669 21,553,118,669
고려시멘트 198440 이익잉여금(결손금) 33,793,367,148 36,114,087,269
고려시멘트 198440 자본총계 84,190,241,684 86,510,961,805
고려시멘트 198440 자본과부채총계 133,788,930,981 127,536,833,087
