date : 2015-12-31
하이셈 200470 유동자산 20,241,376,918 18,775,705,604
하이셈 200470 현금및현금성자산 2,150,055,046 17,090,976,726
하이셈 200470 매출채권 952,998,923 1,084,125,745
하이셈 200470 재고자산 419,787,478 1,084,125,745
하이셈 200470 기타유동금융자산 0 0
하이셈 200470 기타유동자산 155,790,996 235,115,459
하이셈 200470 매각예정비유동자산 0 0
하이셈 200470 비유동자산 36,909,219,925 45,085,842,960
하이셈 200470 장기금융상품 0 0
하이셈 200470 기타포괄손익-공정가치 0 0
하이셈 200470 당기손익인식공정가치측정금융자산 0 0
하이셈 200470 종속회사투자 0 0
하이셈 200470 관계회사투자 0 0
하이셈 200470 렌탈자산 0 0
하이셈 200470 유형자산 35,099,001,098 42,956,944,032
하이셈 200470 무형자산 140,607,850 107,704,820
하이셈 200470 기타비유동금융자산 0 0
하이셈 200470 기타비유동자산 0 0
하이셈 200470 사용권자산 0 0
하이셈 200470 이연법인세자산 1,546,205,450 1,949,314,108
하이셈 200470 자산총계 57,150,596,843 63,861,548,564
하이셈 200470 유동부채 8,771,762,388 9,325,753,887
하이셈 200470 단기매입채무 0 0
하이셈 200470 단기차입금 0 0
하이셈 200470 유동성장기차입금 0 0
하이셈 200470 유동성사채 0 0
하이셈 200470 기타유동금융부채 0 0
하이셈 200470 기타유동부채 0 0
하이셈 200470 당기법인세부채 262,622,103 158,960,045
하이셈 200470 유동리스부채 0 0
하이셈 200470 비유동부채 4,501,096,651 8,416,790,286
하이셈 200470 사채 0 0
하이셈 200470 장기차입금 0 0
하이셈 200470 기타비유동금융부채 0 0
하이셈 200470 이연법인세부채 0 0
하이셈 200470 비유동리스부채 0 0
하이셈 200470 부채총계 13,272,859,039 17,742,544,173
하이셈 200470 자본금 8,776,840,000 8,776,840,000
하이셈 200470 자본잉여금 20,220,126,193 20,220,126,193
하이셈 200470 자본조정 0 0
하이셈 200470 기타포괄손익누계액 0 0
하이셈 200470 이익잉여금(결손금) 14,880,831,597 17,122,098,184
하이셈 200470 자본총계 43,877,737,804 46,119,004,391
하이셈 200470 자본과부채총계 57,150,596,843 63,861,548,564
date : 2016-03-31
하이셈 200470 유동자산 20,021,746,971 20,241,376,918
하이셈 200470 현금및현금성자산 2,613,754,740 2,150,055,046
하이셈 200470 매출채권 824,328,878 952,998,923
하이셈 200470 재고자산 196,732,318 419,787,478
하이셈 200470 기타유동금융자산 0 0
하이셈 200470 기타유동자산 76,877,066 155,790,996
하이셈 200470 매각예정비유동자산 0 0
하이셈 200470 비유동자산 34,879,506,082 36,909,219,925
하이셈 200470 장기금융상품 0 0
하이셈 200470 기타포괄손익-공정가치 0 0
하이셈 200470 당기손익인식공정가치측정금융자산 0 0
하이셈 200470 종속회사투자 0 0
하이셈 200470 관계회사투자 0 0
하이셈 200470 렌탈자산 0 0
하이셈 200470 유형자산 33,070,648,730 35,099,001,098
하이셈 200470 무형자산 133,246,375 140,607,850
하이셈 200470 기타비유동금융자산 0 0
하이셈 200470 기타비유동자산 0 0
하이셈 200470 사용권자산 0 0
하이셈 200470 이연법인세자산 1,546,205,450 1,546,205,450
하이셈 200470 자산총계 54,901,253,053 57,150,596,843
하이셈 200470 유동부채 8,858,098,673 8,771,762,388
하이셈 200470 단기매입채무 0 0
하이셈 200470 단기차입금 0 0
하이셈 200470 유동성장기차입금 0 0
하이셈 200470 유동성사채 0 0
하이셈 200470 기타유동금융부채 0 0
하이셈 200470 기타유동부채 0 0
하이셈 200470 당기법인세부채 262,622,103 8,771,762,388
하이셈 200470 유동리스부채 0 0
하이셈 200470 비유동부채 3,563,819,433 4,501,096,651
하이셈 200470 사채 0 0
하이셈 200470 장기차입금 0 0
하이셈 200470 기타비유동금융부채 0 0
하이셈 200470 이연법인세부채 0 0
하이셈 200470 비유동리스부채 0 0
하이셈 200470 부채총계 12,421,918,106 13,272,859,039
하이셈 200470 자본금 8,776,840,000 8,776,840,000
하이셈 200470 자본잉여금 20,220,126,193 20,220,126,193
하이셈 200470 자본조정 0 0
하이셈 200470 기타포괄손익누계액 0 0
하이셈 200470 이익잉여금(결손금) 13,482,428,740 14,880,831,597
하이셈 200470 자본총계 42,479,334,947 43,877,737,804
하이셈 200470 자본과부채총계 54,901,253,053 57,150,596,843
date : 2016-06-30
하이셈 200470 유동자산 19,690,795,768 20,241,376,918
하이셈 200470 현금및현금성자산 2,631,985,969 2,150,055,046
하이셈 200470 매출채권 679,685,142 952,998,923
하이셈 200470 재고자산 103,675,215 419,787,478
하이셈 200470 기타유동금융자산 0 0
하이셈 200470 기타유동자산 76,245,819 155,790,996
하이셈 200470 매각예정비유동자산 0 0
하이셈 200470 비유동자산 32,089,360,995 36,909,219,925
하이셈 200470 장기금융상품 0 0
하이셈 200470 기타포괄손익-공정가치 0 0
하이셈 200470 당기손익인식공정가치측정금융자산 0 0
하이셈 200470 종속회사투자 0 0
하이셈 200470 관계회사투자 0 0
하이셈 200470 렌탈자산 0 0
하이셈 200470 유형자산 31,138,155,852 35,099,001,098
하이셈 200470 무형자산 126,329,582 140,607,850
하이셈 200470 기타비유동금융자산 0 0
하이셈 200470 기타비유동자산 0 0
하이셈 200470 사용권자산 0 0
하이셈 200470 이연법인세자산 689,470,034 1,546,205,450
하이셈 200470 자산총계 51,780,156,763 57,150,596,843
하이셈 200470 유동부채 8,704,573,525 8,771,762,388
하이셈 200470 단기매입채무 0 0
하이셈 200470 단기차입금 0 0
하이셈 200470 유동성장기차입금 0 0
하이셈 200470 유동성사채 0 0
하이셈 200470 기타유동금융부채 0 0
하이셈 200470 기타유동부채 0 0
하이셈 200470 당기법인세부채 262,622,103 8,771,762,388
하이셈 200470 유동리스부채 0 0
하이셈 200470 비유동부채 2,673,410,095 4,501,096,651
하이셈 200470 사채 0 0
하이셈 200470 장기차입금 0 0
하이셈 200470 기타비유동금융부채 0 0
하이셈 200470 이연법인세부채 0 0
하이셈 200470 비유동리스부채 0 0
하이셈 200470 부채총계 11,377,983,620 13,272,859,039
하이셈 200470 자본금 8,776,840,000 8,776,840,000
하이셈 200470 자본잉여금 20,220,126,193 20,220,126,193
하이셈 200470 자본조정 0 0
하이셈 200470 기타포괄손익누계액 0 0
하이셈 200470 이익잉여금(결손금) 11,405,266,936 14,880,831,597
하이셈 200470 자본총계 40,402,173,143 43,877,737,804
하이셈 200470 자본과부채총계 51,780,156,763 57,150,596,843
date : 2016-09-30
하이셈 200470 유동자산 20,213,705,760 20,241,376,918
하이셈 200470 현금및현금성자산 3,153,155,103 2,150,055,046
하이셈 200470 매출채권 685,928,419 952,998,923
하이셈 200470 재고자산 86,838,022 419,787,478
하이셈 200470 기타유동금융자산 0 0
하이셈 200470 기타유동자산 63,574,931 155,790,996
하이셈 200470 매각예정비유동자산 0 0
하이셈 200470 비유동자산 30,381,981,684 36,909,219,925
하이셈 200470 장기금융상품 0 0
하이셈 200470 기타포괄손익-공정가치 0 0
하이셈 200470 당기손익인식공정가치측정금융자산 0 0
하이셈 200470 종속회사투자 0 0
하이셈 200470 관계회사투자 0 0
하이셈 200470 렌탈자산 0 0
하이셈 200470 유형자산 29,430,983,340 35,099,001,098
하이셈 200470 무형자산 120,122,783 140,607,850
하이셈 200470 기타비유동금융자산 0 0
하이셈 200470 기타비유동자산 0 0
하이셈 200470 사용권자산 0 0
하이셈 200470 이연법인세자산 689,470,034 1,546,205,450
하이셈 200470 자산총계 50,595,687,444 57,150,596,843
하이셈 200470 유동부채 8,698,759,779 8,771,762,388
하이셈 200470 단기매입채무 0 0
하이셈 200470 단기차입금 0 0
하이셈 200470 유동성장기차입금 0 0
하이셈 200470 유동성사채 0 0
하이셈 200470 기타유동금융부채 0 0
하이셈 200470 기타유동부채 0 0
하이셈 200470 당기법인세부채 262,622,103 8,771,762,388
하이셈 200470 유동리스부채 0 0
하이셈 200470 비유동부채 1,764,491,067 4,501,096,651
하이셈 200470 사채 0 0
하이셈 200470 장기차입금 0 0
하이셈 200470 기타비유동금융부채 0 0
하이셈 200470 이연법인세부채 0 0
하이셈 200470 비유동리스부채 0 0
하이셈 200470 부채총계 10,463,250,846 13,272,859,039
하이셈 200470 자본금 8,776,840,000 8,776,840,000
하이셈 200470 자본잉여금 20,220,126,193 20,220,126,193
하이셈 200470 자본조정 0 0
하이셈 200470 기타포괄손익누계액 0 0
하이셈 200470 이익잉여금(결손금) 11,135,530,391 14,880,831,597
하이셈 200470 자본총계 40,132,436,598 43,877,737,804
하이셈 200470 자본과부채총계 50,595,687,444 57,150,596,843
date : 2016-12-31
하이셈 200470 유동자산 20,959,713,462 20,241,376,918
하이셈 200470 현금및현금성자산 3,836,385,234 2,150,055,046
하이셈 200470 매출채권 906,204,204 952,998,923
하이셈 200470 재고자산 419,787,478 952,998,923
하이셈 200470 기타유동금융자산 0 0
하이셈 200470 기타유동자산 127,714,857 155,790,996
하이셈 200470 매각예정비유동자산 0 0
하이셈 200470 비유동자산 28,454,084,614 36,909,219,925
하이셈 200470 장기금융상품 0 0
하이셈 200470 기타포괄손익-공정가치 0 0
하이셈 200470 당기손익인식공정가치측정금융자산 0 0
하이셈 200470 종속회사투자 0 0
하이셈 200470 관계회사투자 0 0
하이셈 200470 렌탈자산 0 0
하이셈 200470 유형자산 27,214,329,974 35,099,001,098
하이셈 200470 무형자산 104,175,020 140,607,850
하이셈 200470 기타비유동금융자산 0 0
하이셈 200470 기타비유동자산 0 0
하이셈 200470 사용권자산 0 0
하이셈 200470 이연법인세자산 989,738,818 1,546,205,450
하이셈 200470 자산총계 49,413,798,076 57,150,596,843
하이셈 200470 유동부채 8,837,656,039 8,771,762,388
하이셈 200470 단기매입채무 0 0
하이셈 200470 단기차입금 0 0
하이셈 200470 유동성장기차입금 0 0
하이셈 200470 유동성사채 0 0
하이셈 200470 기타유동금융부채 0 0
하이셈 200470 기타유동부채 0 0
하이셈 200470 당기법인세부채 262,622,103 8,771,762,388
하이셈 200470 유동리스부채 0 0
하이셈 200470 비유동부채 398,365,125 4,501,096,651
하이셈 200470 사채 0 0
하이셈 200470 장기차입금 0 0
하이셈 200470 기타비유동금융부채 0 0
하이셈 200470 이연법인세부채 0 0
하이셈 200470 비유동리스부채 0 0
하이셈 200470 부채총계 9,236,021,164 13,272,859,039
하이셈 200470 자본금 8,776,840,000 8,776,840,000
하이셈 200470 자본잉여금 20,220,126,193 20,220,126,193
하이셈 200470 자본조정 0 0
하이셈 200470 기타포괄손익누계액 0 0
하이셈 200470 이익잉여금(결손금) 11,180,870,705 14,880,831,597
하이셈 200470 자본총계 40,177,776,912 43,877,737,804
하이셈 200470 자본과부채총계 49,413,798,076 57,150,596,843
date : 2017-03-31
하이셈 200470 유동자산 21,365,091,749 20,959,713,462
하이셈 200470 현금및현금성자산 2,117,032,008 3,836,385,234
하이셈 200470 매출채권 952,780,867 906,204,204
하이셈 200470 재고자산 419,787,478 906,204,204
하이셈 200470 기타유동금융자산 0 0
하이셈 200470 기타유동자산 126,635,350 127,714,857
하이셈 200470 매각예정비유동자산 0 0
하이셈 200470 비유동자산 27,201,573,975 28,454,084,614
하이셈 200470 장기금융상품 0 0
하이셈 200470 기타포괄손익-공정가치 0 0
하이셈 200470 당기손익인식공정가치측정금융자산 0 0
하이셈 200470 종속회사투자 0 0
하이셈 200470 관계회사투자 0 0
하이셈 200470 렌탈자산 0 0
하이셈 200470 유형자산 25,924,482,459 27,214,329,974
하이셈 200470 무형자산 135,511,896 104,175,020
하이셈 200470 기타비유동금융자산 0 0
하이셈 200470 기타비유동자산 0 0
하이셈 200470 사용권자산 0 0
하이셈 200470 이연법인세자산 989,738,818 989,738,818
하이셈 200470 자산총계 48,566,665,724 49,413,798,076
하이셈 200470 유동부채 8,468,955,094 8,837,656,039
하이셈 200470 단기매입채무 0 0
하이셈 200470 단기차입금 0 0
하이셈 200470 유동성장기차입금 0 0
하이셈 200470 유동성사채 0 0
하이셈 200470 기타유동금융부채 0 0
하이셈 200470 기타유동부채 0 0
하이셈 200470 당기법인세부채 0 8,837,656,039
하이셈 200470 유동리스부채 0 0
하이셈 200470 비유동부채 398,365,125 4,501,096,651
하이셈 200470 사채 0 0
하이셈 200470 장기차입금 0 0
하이셈 200470 기타비유동금융부채 0 0
하이셈 200470 이연법인세부채 0 0
하이셈 200470 비유동리스부채 0 0
하이셈 200470 부채총계 8,468,955,094 9,236,021,164
하이셈 200470 자본금 8,776,840,000 8,776,840,000
하이셈 200470 자본잉여금 20,220,126,193 20,220,126,193
하이셈 200470 자본조정 0 0
하이셈 200470 기타포괄손익누계액 0 0
하이셈 200470 이익잉여금(결손금) 11,100,804,423 11,180,870,705
하이셈 200470 자본총계 40,097,710,630 40,177,776,912
하이셈 200470 자본과부채총계 48,566,665,724 49,413,798,076
date : 2017-06-30
하이셈 200470 유동자산 25,762,762,891 20,959,713,462
하이셈 200470 현금및현금성자산 11,536,188,822 3,836,385,234
하이셈 200470 매출채권 1,027,566,020 906,204,204
하이셈 200470 재고자산 0 0
하이셈 200470 기타유동금융자산 0 0
하이셈 200470 기타유동자산 1,813,869,955 127,714,857
하이셈 200470 매각예정비유동자산 0 0
하이셈 200470 비유동자산 43,356,825,429 28,454,084,614
하이셈 200470 장기금융상품 0 0
하이셈 200470 기타포괄손익-공정가치 0 0
하이셈 200470 당기손익인식공정가치측정금융자산 0 0
하이셈 200470 종속회사투자 0 0
하이셈 200470 관계회사투자 0 0
하이셈 200470 렌탈자산 0 0
하이셈 200470 유형자산 42,181,668,283 27,214,329,974
하이셈 200470 무형자산 128,921,739 104,175,020
하이셈 200470 기타비유동금융자산 0 0
하이셈 200470 기타비유동자산 0 0
하이셈 200470 사용권자산 0 0
하이셈 200470 이연법인세자산 880,566,675 989,738,818
하이셈 200470 자산총계 69,119,588,320 49,413,798,076
하이셈 200470 유동부채 16,241,995,963 8,837,656,039
하이셈 200470 단기매입채무 0 0
하이셈 200470 단기차입금 0 0
하이셈 200470 유동성장기차입금 0 0
하이셈 200470 유동성사채 0 0
하이셈 200470 기타유동금융부채 0 0
하이셈 200470 기타유동부채 0 0
하이셈 200470 당기법인세부채 0 0
하이셈 200470 유동리스부채 0 0
하이셈 200470 비유동부채 12,352,000,000 398,365,125
하이셈 200470 사채 0 0
하이셈 200470 장기차입금 0 0
하이셈 200470 기타비유동금융부채 0 0
하이셈 200470 이연법인세부채 0 0
하이셈 200470 비유동리스부채 0 0
하이셈 200470 부채총계 28,593,995,963 9,236,021,164
하이셈 200470 자본금 8,776,840,000 8,776,840,000
하이셈 200470 자본잉여금 20,220,126,193 20,220,126,193
하이셈 200470 자본조정 0 0
하이셈 200470 기타포괄손익누계액 0 0
하이셈 200470 이익잉여금(결손금) 11,528,686,150 11,180,870,705
하이셈 200470 자본총계 40,525,592,357 40,177,776,912
하이셈 200470 자본과부채총계 69,119,588,320 49,413,798,076
date : 2017-09-30
하이셈 200470 유동자산 27,614,875,572 20,959,713,462
하이셈 200470 현금및현금성자산 20,316,713,810 3,836,385,234
하이셈 200470 매출채권 1,039,834,282 906,204,204
하이셈 200470 재고자산 0 906,204,204
하이셈 200470 기타유동금융자산 0 0
하이셈 200470 기타유동자산 3,651,447,331 127,714,857
하이셈 200470 매각예정비유동자산 0 0
하이셈 200470 비유동자산 44,024,045,394 28,454,084,614
하이셈 200470 장기금융상품 122,000,000 104,000,000
하이셈 200470 기타포괄손익-공정가치 0 0
하이셈 200470 당기손익인식공정가치측정금융자산 0 0
하이셈 200470 종속회사투자 0 0
하이셈 200470 관계회사투자 0 0
하이셈 200470 렌탈자산 0 0
하이셈 200470 유형자산 42,848,106,891 27,214,329,974
하이셈 200470 무형자산 121,611,026 104,175,020
하이셈 200470 기타비유동금융자산 1,000 1,000
하이셈 200470 기타비유동자산 0 0
하이셈 200470 사용권자산 0 0
하이셈 200470 이연법인세자산 880,566,675 989,738,818
하이셈 200470 자산총계 71,638,920,966 49,413,798,076
하이셈 200470 유동부채 14,659,184,196 8,837,656,039
하이셈 200470 단기매입채무 0 0
하이셈 200470 단기차입금 3,500,000,000 3,500,000,000
하이셈 200470 유동성장기차입금 2,431,240,000 3,974,960,000
하이셈 200470 유동성사채 0 0
하이셈 200470 기타유동금융부채 0 0
하이셈 200470 기타유동부채 0 0
하이셈 200470 당기법인세부채 0 0
하이셈 200470 유동리스부채 0 0
하이셈 200470 비유동부채 15,937,500,000 398,365,125
하이셈 200470 사채 0 0
하이셈 200470 장기차입금 0 0
하이셈 200470 기타비유동금융부채 0 0
하이셈 200470 이연법인세부채 0 0
하이셈 200470 비유동리스부채 0 0
하이셈 200470 부채총계 30,596,684,196 9,236,021,164
하이셈 200470 자본금 8,776,840,000 8,776,840,000
하이셈 200470 자본잉여금 20,220,126,193 20,220,126,193
하이셈 200470 자본조정 0 0
하이셈 200470 기타포괄손익누계액 0 0
하이셈 200470 이익잉여금(결손금) 12,045,330,563 11,180,870,705
하이셈 200470 자본총계 41,042,236,770 40,177,776,912
하이셈 200470 자본과부채총계 71,638,920,966 49,413,798,076
date : 2017-12-31
하이셈 200470 유동자산 22,854,190,975 20,959,713,462
하이셈 200470 현금및현금성자산 15,559,929,338 3,836,385,234
하이셈 200470 매출채권 1,133,215,145 906,204,204
하이셈 200470 재고자산 419,787,478 906,204,204
하이셈 200470 기타유동금융자산 0 0
하이셈 200470 기타유동자산 586,514,022 127,714,857
하이셈 200470 매각예정비유동자산 0 0
하이셈 200470 비유동자산 46,036,978,570 28,454,084,614
하이셈 200470 장기금융상품 837,334,298 104,000,000
하이셈 200470 기타포괄손익-공정가치 0 0
하이셈 200470 당기손익인식공정가치측정금융자산 0 0
하이셈 200470 종속회사투자 0 0
하이셈 200470 관계회사투자 0 0
하이셈 200470 렌탈자산 0 0
하이셈 200470 유형자산 44,187,278,693 27,214,329,974
하이셈 200470 무형자산 85,245,312 104,175,020
하이셈 200470 기타비유동금융자산 1,000 1,000
하이셈 200470 기타비유동자산 0 0
하이셈 200470 사용권자산 0 0
하이셈 200470 이연법인세자산 877,060,462 989,738,818
하이셈 200470 자산총계 68,891,169,545 49,413,798,076
하이셈 200470 유동부채 10,199,015,914 8,837,656,039
하이셈 200470 단기매입채무 0 0
하이셈 200470 단기차입금 3,500,000,000 3,500,000,000
하이셈 200470 유동성장기차입금 2,500,000,000 3,974,960,000
하이셈 200470 유동성사채 0 0
하이셈 200470 기타유동금융부채 0 0
하이셈 200470 기타유동부채 0 0
하이셈 200470 당기법인세부채 0 0
하이셈 200470 유동리스부채 0 0
하이셈 200470 비유동부채 17,875,000,000 398,365,125
하이셈 200470 사채 0 0
하이셈 200470 장기차입금 0 0
하이셈 200470 기타비유동금융부채 0 0
하이셈 200470 이연법인세부채 0 0
하이셈 200470 비유동리스부채 0 0
하이셈 200470 부채총계 28,074,015,914 9,236,021,164
하이셈 200470 자본금 8,776,840,000 8,776,840,000
하이셈 200470 자본잉여금 20,220,126,193 20,220,126,193
하이셈 200470 자본조정 0 0
하이셈 200470 기타포괄손익누계액 0 0
하이셈 200470 이익잉여금(결손금) 11,820,247,424 11,180,870,705
하이셈 200470 자본총계 40,817,153,631 40,177,776,912
하이셈 200470 자본과부채총계 68,891,169,545 49,413,798,076
date : 2018-03-31
하이셈 200470 유동자산 25,101,020,710 22,854,190,975
하이셈 200470 현금및현금성자산 17,889,074,079 15,559,929,338
하이셈 200470 매출채권 1,210,311,308 1,133,215,145
하이셈 200470 재고자산 0 0
하이셈 200470 기타유동금융자산 0 0
하이셈 200470 기타유동자산 880,532,838 586,514,022
하이셈 200470 매각예정비유동자산 0 0
하이셈 200470 비유동자산 51,448,505,650 46,036,978,570
하이셈 200470 장기금융상품 527,458,963 837,334,298
하이셈 200470 기타포괄손익-공정가치 0 0
하이셈 200470 당기손익인식공정가치측정금융자산 0 0
하이셈 200470 종속회사투자 0 0
하이셈 200470 관계회사투자 0 0
하이셈 200470 렌탈자산 0 0
하이셈 200470 유형자산 50,133,796,645 44,187,278,693
하이셈 200470 무형자산 145,814,534 85,245,312
하이셈 200470 기타비유동금융자산 1,000 1,000
하이셈 200470 기타비유동자산 0 0
하이셈 200470 사용권자산 0 0
하이셈 200470 이연법인세자산 601,295,703 877,060,462
하이셈 200470 자산총계 76,549,526,360 68,891,169,545
하이셈 200470 유동부채 17,691,329,151 10,199,015,914
하이셈 200470 단기매입채무 0 0
하이셈 200470 단기차입금 0 0
하이셈 200470 유동성장기차입금 0 0
하이셈 200470 유동성사채 0 0
하이셈 200470 기타유동금융부채 0 0
하이셈 200470 기타유동부채 185,883,265 96,751,815
하이셈 200470 당기법인세부채 0 0
하이셈 200470 유동리스부채 0 0
하이셈 200470 비유동부채 16,625,000,000 17,875,000,000
하이셈 200470 사채 0 0
하이셈 200470 장기차입금 16,625,000,000 17,875,000,000
하이셈 200470 기타비유동금융부채 0 0
하이셈 200470 이연법인세부채 0 0
하이셈 200470 비유동리스부채 0 0
하이셈 200470 부채총계 34,316,329,151 28,074,015,914
하이셈 200470 자본금 8,776,840,000 8,776,840,000
하이셈 200470 자본잉여금 20,220,126,193 20,220,126,193
하이셈 200470 자본조정 0 0
하이셈 200470 기타포괄손익누계액 0 0
하이셈 200470 이익잉여금(결손금) 13,236,291,002 11,820,247,424
하이셈 200470 자본총계 42,233,197,209 40,817,153,631
하이셈 200470 자본과부채총계 76,549,526,360 68,891,169,545
date : 2018-06-30
하이셈 200470 유동자산 29,247,255,487 22,854,190,975
하이셈 200470 현금및현금성자산 24,682,193,614 15,559,929,338
하이셈 200470 매출채권 및 기타유동채권
하이셈 200470 재고자산 0 0
하이셈 200470 기타유동금융자산 0 0
하이셈 200470 기타유동자산 2,815,351,581 586,514,022
하이셈 200470 매각예정비유동자산 0 0
하이셈 200470 비유동자산 75,737,024,672 46,036,978,570
하이셈 200470 장기금융상품 501,135,748 837,334,298
하이셈 200470 기타포괄손익-공정가치 0 0
하이셈 200470 당기손익인식공정가치측정금융자산 0 0
하이셈 200470 종속회사투자 0 0
하이셈 200470 관계회사투자 0 0
하이셈 200470 렌탈자산 0 0
하이셈 200470 유형자산 74,443,853,046 44,187,278,693
하이셈 200470 무형자산 281,885,571 85,245,312
하이셈 200470 기타비유동금융자산 1,000 1,000
하이셈 200470 기타비유동자산 0 0
하이셈 200470 사용권자산 0 0
하이셈 200470 이연법인세자산 470,010,502 877,060,462
하이셈 200470 자산총계 104,984,280,159 68,891,169,545
하이셈 200470 유동부채 23,274,301,217 10,199,015,914
하이셈 200470 단기매입채무 0 0
하이셈 200470 단기차입금 0 0
하이셈 200470 유동성장기차입금 0 0
하이셈 200470 유동성사채 0 0
하이셈 200470 기타유동금융부채 0 0
하이셈 200470 기타유동부채 87,778,445 96,751,815
하이셈 200470 당기법인세부채 0 0
하이셈 200470 유동리스부채 0 0
하이셈 200470 비유동부채 35,375,000,000 17,875,000,000
하이셈 200470 사채 0 0
하이셈 200470 장기차입금 35,375,000,000 17,875,000,000
하이셈 200470 기타비유동금융부채 0 0
하이셈 200470 이연법인세부채 0 0
하이셈 200470 비유동리스부채 0 0
하이셈 200470 부채총계 58,649,301,217 28,074,015,914
하이셈 200470 자본금 8,776,840,000 8,776,840,000
하이셈 200470 자본잉여금 20,220,126,193 20,220,126,193
하이셈 200470 자본조정 0 0
하이셈 200470 기타포괄손익누계액 0 0
하이셈 200470 이익잉여금(결손금) 17,338,072,735 11,820,247,424
하이셈 200470 자본총계 46,334,978,942 40,817,153,631
하이셈 200470 자본과부채총계 104,984,280,159 68,891,169,545
date : 2018-09-30
하이셈 200470 유동자산 18,968,754,141 22,854,190,975
하이셈 200470 현금및현금성자산 15,763,728,867 15,559,929,338
하이셈 200470 매출채권 및 기타유동채권
하이셈 200470 재고자산 0 0
하이셈 200470 기타유동금융자산 0 0
하이셈 200470 기타유동자산 1,238,305,001 586,514,022
하이셈 200470 매각예정비유동자산 0 0
하이셈 200470 비유동자산 83,096,713,868 46,036,978,570
하이셈 200470 장기금융상품 402,572,613 837,334,298
하이셈 200470 기타포괄손익-공정가치 측정 금융자산
하이셈 200470 당기손익인식공정가치측정금융자산 0 0
하이셈 200470 종속회사투자 0 0
하이셈 200470 관계회사투자 0 0
하이셈 200470 렌탈자산 0 0
하이셈 200470 유형자산 82,209,864,629 44,187,278,693
하이셈 200470 무형자산 444,136,821 85,245,312
하이셈 200470 기타비유동금융자산 0 0
하이셈 200470 기타비유동자산 0 0
하이셈 200470 사용권자산 0 0
하이셈 200470 이연법인세자산 877,060,462 85,245,312
하이셈 200470 자산총계 102,065,468,009 68,891,169,545
하이셈 200470 유동부채 12,567,440,157 10,199,015,914
하이셈 200470 단기매입채무 0 0
하이셈 200470 단기차입금 0 0
하이셈 200470 유동성장기차입금 0 0
하이셈 200470 유동성사채 0 0
하이셈 200470 기타유동금융부채 0 0
하이셈 200470 기타유동부채 129,406,185 96,751,815
하이셈 200470 당기법인세부채 0 0
하이셈 200470 유동리스부채 0 0
하이셈 200470 비유동부채 36,808,583,719 17,875,000,000
하이셈 200470 사채 0 0
하이셈 200470 장기차입금 32,875,000,000 17,875,000,000
하이셈 200470 기타비유동금융부채 0 0
하이셈 200470 이연법인세부채 159,842,367 17,875,000,000
하이셈 200470 비유동리스부채 0 0
하이셈 200470 부채총계 49,376,023,876 28,074,015,914
하이셈 200470 자본금 8,776,840,000 8,776,840,000
하이셈 200470 자본잉여금 21,178,484,893 20,220,126,193
하이셈 200470 자본조정 0 0
하이셈 200470 기타포괄손익누계액 0 0
하이셈 200470 이익잉여금(결손금) 22,734,179,226 11,820,247,424
하이셈 200470 자본총계 52,689,444,133 40,817,153,631
하이셈 200470 자본과부채총계 102,065,468,009 68,891,169,545
date : 2018-12-31
하이셈 200470 유동자산 35,455,984,045 22,854,190,975
하이셈 200470 현금및현금성자산 32,848,889,440 15,559,929,338
하이셈 200470 매출채권 및 기타유동채권
하이셈 200470 재고자산 0 0
하이셈 200470 기타유동금융자산 0 0
하이셈 200470 기타유동자산 826,173,646 586,514,022
하이셈 200470 매각예정비유동자산 0 0
하이셈 200470 비유동자산 87,706,064,589 46,036,978,570
하이셈 200470 장기금융상품 1,304,676,493 837,334,298
하이셈 200470 기타포괄손익-공정가치 측정 금융자산
하이셈 200470 당기손익인식공정가치측정금융자산 0 0
하이셈 200470 종속회사투자 0 0
하이셈 200470 관계회사투자 0 0
하이셈 200470 렌탈자산 0 0
하이셈 200470 유형자산 84,522,689,780 44,187,278,693
하이셈 200470 무형자산 418,936,013 85,245,312
하이셈 200470 기타비유동금융자산 0 0
하이셈 200470 기타비유동자산 56,613,361 877,060,462
하이셈 200470 사용권자산 0 0
하이셈 200470 이연법인세자산 1,364,858,274 877,060,462
하이셈 200470 자산총계 123,162,048,634 68,891,169,545
하이셈 200470 유동부채 31,993,065,297 10,199,015,914
하이셈 200470 단기매입채무 0 0
하이셈 200470 단기차입금 0 0
하이셈 200470 유동성장기차입금 0 0
하이셈 200470 유동성사채 0 0
하이셈 200470 기타유동금융부채 0 0
하이셈 200470 기타유동부채 1,600,040,895 96,751,815
하이셈 200470 당기법인세부채 1,091,284,116 10,199,015,914
하이셈 200470 유동리스부채 0 0
하이셈 200470 비유동부채 34,610,148,334 17,875,000,000
하이셈 200470 사채 0 0
하이셈 200470 장기차입금 30,375,000,000 17,875,000,000
하이셈 200470 기타비유동금융부채 0 0
하이셈 200470 이연법인세부채 0 0
하이셈 200470 비유동리스부채 0 0
하이셈 200470 부채총계 66,603,213,631 28,074,015,914
하이셈 200470 자본금 8,776,840,000 8,776,840,000
하이셈 200470 자본잉여금 21,178,484,893 20,220,126,193
하이셈 200470 자본조정 0 0
하이셈 200470 기타포괄손익누계액 0 0
하이셈 200470 이익잉여금(결손금) 26,603,570,096 11,820,247,424
하이셈 200470 자본총계 56,558,835,003 40,817,153,631
하이셈 200470 자본과부채총계 123,162,048,634 68,891,169,545
date : 2019-03-31
하이셈 200470 유동자산 28,177,731,949 35,455,984,045
하이셈 200470 현금및현금성자산 25,990,505,744 32,848,889,440
하이셈 200470 매출채권 및 기타유동채권
하이셈 200470 재고자산 0 0
하이셈 200470 기타유동금융자산 0 0
하이셈 200470 기타유동자산 630,729,909 826,173,646
하이셈 200470 매각예정비유동자산 0 0
하이셈 200470 비유동자산 88,403,030,386 87,706,064,589
하이셈 200470 장기금융상품 1,181,794,181 1,304,676,493
하이셈 200470 기타포괄손익-공정가치 측정 금융자산
하이셈 200470 당기손익인식공정가치측정금융자산 0 0
하이셈 200470 종속회사투자 0 0
하이셈 200470 관계회사투자 0 0
하이셈 200470 렌탈자산 0 0
하이셈 200470 유형자산 85,359,920,589 84,522,689,780
하이셈 200470 무형자산 394,733,313 418,936,013
하이셈 200470 기타비유동금융자산 0 0
하이셈 200470 기타비유동자산 56,613,361 56,613,361
하이셈 200470 사용권자산 0 0
하이셈 200470 이연법인세자산 1,364,858,274 1,364,858,274
하이셈 200470 자산총계 116,580,762,335 123,162,048,634
하이셈 200470 유동부채 25,919,840,952 31,993,065,297
하이셈 200470 단기매입채무 0 0
하이셈 200470 단기차입금 0 0
하이셈 200470 유동성장기차입금 0 0
하이셈 200470 유동성사채 0 0
하이셈 200470 기타유동금융부채 0 0
하이셈 200470 기타유동부채 1,708,016,905 1,600,040,895
하이셈 200470 당기법인세부채 552,956,525 1,091,284,116
하이셈 200470 유동리스부채 0 0
하이셈 200470 비유동부채 32,184,867,843 34,610,148,334
하이셈 200470 사채 0 0
하이셈 200470 장기차입금 27,875,000,000 30,375,000,000
하이셈 200470 기타비유동금융부채 0 0
하이셈 200470 이연법인세부채 0 0
하이셈 200470 비유동리스부채 0 0
하이셈 200470 부채총계 58,104,708,795 66,603,213,631
하이셈 200470 자본금 8,776,840,000 8,776,840,000
하이셈 200470 자본잉여금 21,178,484,893 21,178,484,893
하이셈 200470 자본조정 0 0
하이셈 200470 기타포괄손익누계액 0 0
하이셈 200470 이익잉여금(결손금) 28,520,788,633 26,603,570,096
하이셈 200470 자본총계 58,476,053,540 56,558,835,003
하이셈 200470 자본과부채총계 116,580,762,335 123,162,048,634
