date : 2019-03-31
유니온커뮤니티 203450 유동자산 34,458,571,731 30,684,058,264
유니온커뮤니티 203450 현금및현금성자산 5,414,131,364 4,916,140,793
유니온커뮤니티 203450 매출채권 14,343,600,256 13,170,261,269
유니온커뮤니티 203450 기타유동금융자산 207,619,618 218,896,933
유니온커뮤니티 203450 기타유동자산 474,328,330 447,813,033
유니온커뮤니티 203450 재고자산 9,042,164,943 8,133,945,401
유니온커뮤니티 203450 비유동자산 17,639,580,809 17,607,797,001
유니온커뮤니티 203450 기타비유동금융자산 680,845,703 1,082,021,703
유니온커뮤니티 203450 기타비유동자산 0 0
유니온커뮤니티 203450 유형자산 10,119,158,678 9,664,485,414
유니온커뮤니티 203450 무형자산 1,638,902,739 1,543,761,736
유니온커뮤니티 203450 이연법인세자산 2,240,690,116 2,350,631,702
유니온커뮤니티 203450 자산총계 52,098,152,540 48,291,855,265
유니온커뮤니티 203450 유동부채 14,600,868,568 11,521,020,419
유니온커뮤니티 203450 기타유동금융부채 680,966,978 640,448,985
유니온커뮤니티 203450 기타유동부채 1,163,341,323 239,803,615
유니온커뮤니티 203450 단기차입금 4,000,000,000 4,000,000,000
유니온커뮤니티 203450 유동성장기차입금 4,000,000,000 4,000,000,000
유니온커뮤니티 203450 당기법인세부채 77,370,256 53,365,015
유니온커뮤니티 203450 비유동부채 4,895,943,826 4,351,600,886
유니온커뮤니티 203450 장기차입금 1,000,000,000 1,000,000,000
유니온커뮤니티 203450 기타비유동금융부채 475,274,032 60,000,000
유니온커뮤니티 203450 부채총계 19,496,812,394 15,872,621,305
유니온커뮤니티 203450 자본금 7,339,503,500 7,339,503,500
유니온커뮤니티 203450 기타포괄손익누계액 0 0
유니온커뮤니티 203450 이익잉여금(결손금) 10,770,691,103 10,510,087,687
유니온커뮤니티 203450 자본총계 32,601,340,146 32,419,233,960
유니온커뮤니티 203450 자본과부채총계 52,098,152,540 48,291,855,265
