date : 2019-03-31
모두투어리츠 204210 유동자산 4,334,924,996 5,835,514,944
모두투어리츠 204210 현금및현금성자산 3,588,744,226 5,384,577,096
모두투어리츠 204210 매출채권 및 기타채권
모두투어리츠 204210 기타유동자산 76,906,070 3,442,200
모두투어리츠 204210 비유동자산 76,572,449,064 74,563,769,661
모두투어리츠 204210 유형자산 361,990,090 415,623,193
모두투어리츠 204210 무형자산 4,969,296 5,661,167
모두투어리츠 204210 이연법인세자산 0 0
모두투어리츠 204210 자산총계 80,907,374,060 80,399,284,605
모두투어리츠 204210 유동부채 22,025,694,666 21,261,064,812
모두투어리츠 204210 단기차입금 0 0
모두투어리츠 204210 유동성장기차입금 21,000,000,000 21,000,000,000
모두투어리츠 204210 당기법인세부채 185,993,825 133,565,817
모두투어리츠 204210 기타유동부채 655,985,472 30,437,517
모두투어리츠 204210 비유동부채 17,336,217,511 17,213,285,615
모두투어리츠 204210 장기차입금 0 0
모두투어리츠 204210 사채 17,089,739,368 16,770,851,438
모두투어리츠 204210 기타비유동금융부채 64,174,108 365,191,424
모두투어리츠 204210 이연법인세부채 5,838,119 990,815
모두투어리츠 204210 부채총계 39,361,912,177 38,474,350,427
모두투어리츠 204210 자본금 39,134,075,000 39,134,075,000
모두투어리츠 204210 자본잉여금 2,021,164,527 2,021,164,527
모두투어리츠 204210 기타포괄손익누계액 -142,532,605 -143,762,911
모두투어리츠 204210 자본총계 41,545,461,883 41,924,934,178
모두투어리츠 204210 자본과부채총계 80,907,374,060 80,399,284,605
