date : 2019-03-31
만도 204320 유동자산 852,527,729,246 776,918,289,993
만도 204320 현금및현금성자산 71,696,128,417 58,443,922,939
만도 204320 매출채권 542,281,371,385 502,674,752,755
만도 204320 재고자산 141,590,088,291 128,596,830,519
만도 204320 비유동자산 1,923,685,162,992 1,937,097,284,765
만도 204320 이연법인세자산 104,605,672,060 108,715,369,199
만도 204320 유형자산 897,173,733,487 910,018,159,097
만도 204320 사용권자산 11,872,251,886 0
만도 204320 무형자산 181,517,462,982 191,803,162,039
만도 204320 자산총계 2,776,212,892,238 2,714,015,574,758
만도 204320 유동부채 914,226,342,851 1,037,383,257,762
만도 204320 단기차입금 0 0
만도 204320 유동성장기차입금 285,644,203,216 386,770,468,728
만도 204320 비유동부채 965,175,530,734 769,887,692,719
만도 204320 사채 498,689,518,468 498,528,679,893
만도 204320 장기차입금 212,625,294,884 32,244,216,186
만도 204320 부채총계 1,879,401,873,585 1,807,270,950,481
만도 204320 자본금 46,957,120,000 46,957,120,000
만도 204320 기타포괄손익누계액 -3,380,433,710 -3,013,140,717
만도 204320 자본총계 896,811,018,653 906,744,624,277
만도 204320 자본총계 2,776,212,892,238 2,714,015,574,758
