date : 2019-03-31
엔터메이트 206400 유동자산 20,109,790,804 17,041,858,602
엔터메이트 206400 현금및현금성자산 14,413,368,901 10,624,484,247
엔터메이트 206400 매출채권 1,879,672,735 3,108,673,789
엔터메이트 206400 기타유동금융자산 916,399,763 824,546,644
엔터메이트 206400 기타유동자산 2,144,349,405 1,594,333,922
엔터메이트 206400 비유동자산 6,986,967,717 7,067,267,702
엔터메이트 206400 기타비유동금융자산 48,363,620 48,363,620
엔터메이트 206400 유형자산 70,445,872 83,871,027
엔터메이트 206400 무형자산 438,912,291 505,787,121
엔터메이트 206400 자산총계 27,096,758,521 24,109,126,304
엔터메이트 206400 유동부채 6,636,935,068 16,548,188,448
엔터메이트 206400 기타유동금융부채 1,293,283,875 2,012,203,734
엔터메이트 206400 기타유동부채 418,504,619 341,713,680
엔터메이트 206400 비유동부채 225,696,338 202,331,646
엔터메이트 206400 기타비유동금융부채 3,900,000 3,900,000
엔터메이트 206400 부채총계 6,862,631,406 16,750,520,094
엔터메이트 206400 자본금 6,437,522,600 4,543,583,300
엔터메이트 206400 이익잉여금(결손금) -31,665,529,096 -32,037,519,282
엔터메이트 206400 자본총계 20,234,127,115 7,358,606,210
엔터메이트 206400 자본과부채총계 27,096,758,521 24,109,126,304
