date : 2019-03-31
정다운 208140 유동자산 56,276,580,950 53,880,931,302
정다운 208140 현금및현금성자산 7,772,127,592 3,643,336,657
정다운 208140 매출채권 및 기타유동채권
정다운 208140 재고자산 7,692,579,009 8,016,982,248
정다운 208140 기타유동자산 2,351,061,108 2,476,211,056
정다운 208140 비유동자산 38,815,812,603 40,072,719,791
정다운 208140 기타포괄손익-공정가치 측정 금융자산
정다운 208140 유형자산 22,303,897,376 22,342,874,080
정다운 208140 무형자산 60,362,075 33,657,621
정다운 208140 이연법인세자산 745,091,477 745,091,477
정다운 208140 자산총계 95,092,393,553 93,953,651,093
정다운 208140 유동부채 34,246,855,941 34,399,736,082
정다운 208140 단기차입금 20,500,000,000 20,500,000,000
정다운 208140 유동성장기차입금 5,463,343,334 5,130,009,996
정다운 208140 당기법인세부채 2,239,262,413 2,008,247,621
정다운 208140 기타유동부채 856,411,593 210,592,414
정다운 208140 비유동부채 12,179,682,962 11,718,532,173
정다운 208140 장기차입금 10,192,196,667 10,458,866,671
정다운 208140 부채총계 46,426,538,903 46,118,268,255
정다운 208140 자본금 2,052,982,400 2,052,982,400
정다운 208140 자본잉여금 12,512,227,770 12,512,227,770
정다운 208140 이익잉여금(결손금) 33,967,327,000 33,148,274,553
정다운 208140 자본총계 48,665,854,650 47,835,382,838
정다운 208140 자본과부채총계 95,092,393,553 93,953,651,093
