date : 2015-12-31
AP위성통신 211270 유동자산 33,710,743,981 27,854,543,987
AP위성통신 211270 현금및현금성자산 17,692,810,924 18,774,455,071
AP위성통신 211270 매출채권 및 기타채권
AP위성통신 211270 재고자산 2,653,766,468 3,212,277,462
AP위성통신 211270 기타유동금융자산 0 0
AP위성통신 211270 기타유동자산 342,422,219 447,656,146
AP위성통신 211270 매각예정비유동자산 0 0
AP위성통신 211270 비유동자산 8,396,348,966 8,593,880,571
AP위성통신 211270 장기금융상품 0 0
AP위성통신 211270 기타포괄손익-공정가치 0 0
AP위성통신 211270 당기손익인식공정가치측정금융자산 0 0
AP위성통신 211270 종속회사투자 0 0
AP위성통신 211270 관계회사투자 0 0
AP위성통신 211270 렌탈자산 0 0
AP위성통신 211270 유형자산 6,536,903,355 6,820,069,844
AP위성통신 211270 무형자산 239,166,815 291,858,230
AP위성통신 211270 기타비유동금융자산 0 0
AP위성통신 211270 기타비유동자산 0 0
AP위성통신 211270 사용권자산 0 0
AP위성통신 211270 이연법인세자산 0 0
AP위성통신 211270 자산총계 42,107,092,947 36,448,424,558
AP위성통신 211270 유동부채 4,165,453,520 7,237,363,394
AP위성통신 211270 단기매입채무 0 0
AP위성통신 211270 단기차입금 0 0
AP위성통신 211270 유동성장기차입금 0 0
AP위성통신 211270 유동성사채 0 0
AP위성통신 211270 기타유동금융부채 0 0
AP위성통신 211270 기타유동부채 1,752,213,255 3,396,833,578
AP위성통신 211270 당기법인세부채 1,089,233,488 1,429,113,613
AP위성통신 211270 유동리스부채 0 0
AP위성통신 211270 비유동부채 363,938,946 343,886,986
AP위성통신 211270 사채 0 0
AP위성통신 211270 장기차입금 0 0
AP위성통신 211270 기타비유동금융부채 0 0
AP위성통신 211270 이연법인세부채 5,807,641 24,010,433
AP위성통신 211270 비유동리스부채 0 0
AP위성통신 211270 부채총계 4,529,392,466 7,581,250,380
AP위성통신 211270 자본금 4,871,000,000 4,871,000,000
AP위성통신 211270 자본잉여금 0 0
AP위성통신 211270 자본조정 0 0
AP위성통신 211270 기타포괄손익누계액 0 0
AP위성통신 211270 이익잉여금(결손금) 16,948,270,051 8,553,284,064
AP위성통신 211270 자본총계 37,577,700,481 28,867,174,178
AP위성통신 211270 자본과부채총계 42,107,092,947 36,448,424,558
date : 2016-03-31
AP위성통신 211270 유동자산 63,580,828,072 33,710,743,981
AP위성통신 211270 현금및현금성자산 55,401,433,753 17,692,810,924
AP위성통신 211270 매출채권 및 기타채권
AP위성통신 211270 재고자산 3,560,169,282 2,653,766,468
AP위성통신 211270 기타유동금융자산 0 0
AP위성통신 211270 기타유동자산 400,992,275 342,422,219
AP위성통신 211270 매각예정비유동자산 0 0
AP위성통신 211270 비유동자산 8,278,163,039 8,396,348,966
AP위성통신 211270 장기금융상품 0 0
AP위성통신 211270 기타포괄손익-공정가치 0 0
AP위성통신 211270 당기손익인식공정가치측정금융자산 0 0
AP위성통신 211270 종속회사투자 0 0
AP위성통신 211270 관계회사투자 0 0
AP위성통신 211270 렌탈자산 0 0
AP위성통신 211270 유형자산 6,414,959,604 6,536,903,355
AP위성통신 211270 무형자산 212,872,068 239,166,815
AP위성통신 211270 기타비유동금융자산 0 0
AP위성통신 211270 기타비유동자산 0 0
AP위성통신 211270 사용권자산 0 0
AP위성통신 211270 이연법인세자산 0 0
AP위성통신 211270 자산총계 71,858,991,111 42,107,092,947
AP위성통신 211270 유동부채 3,783,636,638 4,165,453,520
AP위성통신 211270 단기매입채무 0 0
AP위성통신 211270 단기차입금 0 0
AP위성통신 211270 유동성장기차입금 0 0
AP위성통신 211270 유동성사채 0 0
AP위성통신 211270 기타유동금융부채 0 0
AP위성통신 211270 기타유동부채 1,110,110,378 1,752,213,255
AP위성통신 211270 당기법인세부채 644,008,488 1,089,233,488
AP위성통신 211270 유동리스부채 0 0
AP위성통신 211270 비유동부채 222,812,566 363,938,946
AP위성통신 211270 사채 0 0
AP위성통신 211270 장기차입금 0 0
AP위성통신 211270 기타비유동금융부채 0 0
AP위성통신 211270 이연법인세부채 5,807,641 5,807,641
AP위성통신 211270 비유동리스부채 0 0
AP위성통신 211270 부채총계 4,006,449,204 4,529,392,466
AP위성통신 211270 자본금 6,548,870,000 4,871,000,000
AP위성통신 211270 자본잉여금 0 0
AP위성통신 211270 자본조정 0 0
AP위성통신 211270 기타포괄손익누계액 0 0
AP위성통신 211270 이익잉여금(결손금) 15,577,574,591 16,948,270,051
AP위성통신 211270 자본총계 67,852,541,907 37,577,700,481
AP위성통신 211270 자본과부채총계 71,858,991,111 42,107,092,947
date : 2016-06-30
AP위성통신 211270 유동자산 64,232,454,410 33,710,743,981
AP위성통신 211270 현금및현금성자산 38,146,021,429 17,692,810,924
AP위성통신 211270 매출채권 및 기타채권
AP위성통신 211270 재고자산 3,382,384,172 2,653,766,468
AP위성통신 211270 기타유동금융자산 0 0
AP위성통신 211270 기타유동자산 366,569,825 342,422,219
AP위성통신 211270 매각예정비유동자산 0 0
AP위성통신 211270 비유동자산 8,651,099,917 8,396,348,966
AP위성통신 211270 장기금융상품 0 0
AP위성통신 211270 기타포괄손익-공정가치 0 0
AP위성통신 211270 당기손익인식공정가치측정금융자산 0 0
AP위성통신 211270 종속회사투자 0 0
AP위성통신 211270 관계회사투자 0 0
AP위성통신 211270 렌탈자산 0 0
AP위성통신 211270 유형자산 6,712,167,202 6,536,903,355
AP위성통신 211270 무형자산 195,633,472 239,166,815
AP위성통신 211270 기타비유동금융자산 0 0
AP위성통신 211270 기타비유동자산 0 0
AP위성통신 211270 사용권자산 0 0
AP위성통신 211270 이연법인세자산 6,664,716 0
AP위성통신 211270 자산총계 72,883,554,327 42,107,092,947
AP위성통신 211270 유동부채 3,378,038,699 4,165,453,520
AP위성통신 211270 단기매입채무 0 0
AP위성통신 211270 단기차입금 0 0
AP위성통신 211270 유동성장기차입금 0 0
AP위성통신 211270 유동성사채 0 0
AP위성통신 211270 기타유동금융부채 0 0
AP위성통신 211270 기타유동부채 297,239,335 1,752,213,255
AP위성통신 211270 당기법인세부채 195,613,305 1,089,233,488
AP위성통신 211270 유동리스부채 0 0
AP위성통신 211270 비유동부채 534,866,257 363,938,946
AP위성통신 211270 사채 0 0
AP위성통신 211270 장기차입금 0 0
AP위성통신 211270 기타비유동금융부채 0 0
AP위성통신 211270 이연법인세부채 0 5,807,641
AP위성통신 211270 비유동리스부채 0 0
AP위성통신 211270 부채총계 3,912,904,956 4,529,392,466
AP위성통신 211270 자본금 6,548,870,000 4,871,000,000
AP위성통신 211270 자본잉여금 0 0
AP위성통신 211270 자본조정 0 0
AP위성통신 211270 기타포괄손익누계액 0 0
AP위성통신 211270 이익잉여금(결손금) 17,633,302,675 16,948,270,051
AP위성통신 211270 자본총계 68,970,649,371 37,577,700,481
AP위성통신 211270 자본과부채총계 72,883,554,327 42,107,092,947
date : 2016-09-30
AP위성통신 211270 유동자산 57,015,344,939 33,710,743,981
AP위성통신 211270 현금및현금성자산 47,397,301,554 17,692,810,924
AP위성통신 211270 매출채권 및 기타채권
AP위성통신 211270 재고자산 4,422,166,450 2,653,766,468
AP위성통신 211270 기타유동금융자산 0 0
AP위성통신 211270 기타유동자산 307,363,659 342,422,219
AP위성통신 211270 매각예정비유동자산 0 0
AP위성통신 211270 비유동자산 10,495,666,614 8,396,348,966
AP위성통신 211270 장기금융상품 0 0
AP위성통신 211270 기타포괄손익-공정가치 0 0
AP위성통신 211270 당기손익인식공정가치측정금융자산 0 0
AP위성통신 211270 종속회사투자 0 0
AP위성통신 211270 관계회사투자 0 0
AP위성통신 211270 렌탈자산 0 0
AP위성통신 211270 유형자산 6,643,874,189 6,536,903,355
AP위성통신 211270 무형자산 189,625,127 239,166,815
AP위성통신 211270 기타비유동금융자산 0 0
AP위성통신 211270 기타비유동자산 0 0
AP위성통신 211270 사용권자산 0 0
AP위성통신 211270 이연법인세자산 0 0
AP위성통신 211270 자산총계 67,511,011,553 42,107,092,947
AP위성통신 211270 유동부채 2,039,096,448 4,165,453,520
AP위성통신 211270 단기매입채무 0 0
AP위성통신 211270 단기차입금 0 0
AP위성통신 211270 유동성장기차입금 0 0
AP위성통신 211270 유동성사채 0 0
AP위성통신 211270 기타유동금융부채 0 0
AP위성통신 211270 기타유동부채 212,873,676 1,752,213,255
AP위성통신 211270 당기법인세부채 17,783,279 1,089,233,488
AP위성통신 211270 유동리스부채 0 0
AP위성통신 211270 비유동부채 554,815,950 363,938,946
AP위성통신 211270 사채 0 0
AP위성통신 211270 장기차입금 0 0
AP위성통신 211270 기타비유동금융부채 0 0
AP위성통신 211270 이연법인세부채 0 5,807,641
AP위성통신 211270 비유동리스부채 0 0
AP위성통신 211270 부채총계 2,593,912,398 4,529,392,466
AP위성통신 211270 자본금 6,548,870,000 4,871,000,000
AP위성통신 211270 자본잉여금 0 0
AP위성통신 211270 자본조정 0 0
AP위성통신 211270 기타포괄손익누계액 0 0
AP위성통신 211270 이익잉여금(결손금) 15,519,145,729 16,948,270,051
AP위성통신 211270 자본총계 64,917,099,155 37,577,700,481
AP위성통신 211270 자본과부채총계 67,511,011,553 42,107,092,947
date : 2016-12-31
AP위성 211270 유동자산 65,862,604,350 33,710,743,981
AP위성 211270 현금및현금성자산 47,733,992,437 17,692,810,924
AP위성 211270 매출채권 및 기타채권
AP위성 211270 재고자산 5,979,697,944 2,653,766,468
AP위성 211270 기타유동금융자산 0 0
AP위성 211270 기타유동자산 4,662,177,237 342,422,219
AP위성 211270 매각예정비유동자산 0 0
AP위성 211270 비유동자산 20,127,017,952 8,396,348,966
AP위성 211270 장기금융상품 0 0
AP위성 211270 기타포괄손익-공정가치 0 0
AP위성 211270 당기손익인식공정가치측정금융자산 0 0
AP위성 211270 종속회사투자 0 0
AP위성 211270 관계회사투자 0 0
AP위성 211270 렌탈자산 0 0
AP위성 211270 유형자산 6,867,057,241 6,536,903,355
AP위성 211270 무형자산 12,374,917,478 239,166,815
AP위성 211270 기타비유동금융자산 0 0
AP위성 211270 기타비유동자산 0 0
AP위성 211270 사용권자산 0 0
AP위성 211270 이연법인세자산 570,213,233 0
AP위성 211270 자산총계 85,989,622,302 42,107,092,947
AP위성 211270 유동부채 5,112,017,954 4,165,453,520
AP위성 211270 단기매입채무 0 0
AP위성 211270 단기차입금 0 0
AP위성 211270 유동성장기차입금 0 0
AP위성 211270 유동성사채 0 0
AP위성 211270 기타유동금융부채 0 0
AP위성 211270 기타유동부채 3,395,635,969 1,752,213,255
AP위성 211270 당기법인세부채 250,283,168 1,089,233,488
AP위성 211270 유동리스부채 0 0
AP위성 211270 비유동부채 196,016,726 363,938,946
AP위성 211270 사채 0 0
AP위성 211270 장기차입금 0 0
AP위성 211270 기타비유동금융부채 0 0
AP위성 211270 이연법인세부채 0 5,807,641
AP위성 211270 비유동리스부채 0 0
AP위성 211270 부채총계 5,308,034,680 4,529,392,466
AP위성 211270 자본금 7,507,402,000 4,871,000,000
AP위성 211270 자본잉여금 0 0
AP위성 211270 자본조정 0 0
AP위성 211270 기타포괄손익누계액 0 0
AP위성 211270 이익잉여금(결손금) 23,111,401,532 16,948,270,051
AP위성 211270 자본총계 80,681,587,622 37,577,700,481
AP위성 211270 자본과부채총계 85,989,622,302 42,107,092,947
date : 2017-03-31
AP위성 211270 유동자산 68,977,642,321 65,862,604,350
AP위성 211270 현금및현금성자산 52,592,150,487 47,733,992,437
AP위성 211270 매출채권 및 기타채권
AP위성 211270 재고자산 7,119,438,822 5,979,697,944
AP위성 211270 기타유동금융자산 0 0
AP위성 211270 기타유동자산 4,587,030,388 4,662,177,237
AP위성 211270 매각예정비유동자산 0 0
AP위성 211270 비유동자산 19,954,924,478 20,127,017,952
AP위성 211270 장기금융상품 0 0
AP위성 211270 기타포괄손익-공정가치 0 0
AP위성 211270 당기손익인식공정가치측정금융자산 0 0
AP위성 211270 종속회사투자 0 0
AP위성 211270 관계회사투자 0 0
AP위성 211270 렌탈자산 0 0
AP위성 211270 유형자산 6,719,676,934 6,867,057,241
AP위성 211270 무형자산 12,350,204,311 12,374,917,478
AP위성 211270 기타비유동금융자산 0 0
AP위성 211270 기타비유동자산 0 0
AP위성 211270 사용권자산 0 0
AP위성 211270 이연법인세자산 570,213,233 570,213,233
AP위성 211270 자산총계 88,932,566,799 85,989,622,302
AP위성 211270 유동부채 10,698,416,829 5,112,017,954
AP위성 211270 단기매입채무 0 0
AP위성 211270 단기차입금 0 0
AP위성 211270 유동성장기차입금 0 0
AP위성 211270 유동성사채 0 0
AP위성 211270 기타유동금융부채 0 0
AP위성 211270 기타유동부채 8,575,348,410 3,395,635,969
AP위성 211270 당기법인세부채 140,117,271 250,283,168
AP위성 211270 유동리스부채 0 0
AP위성 211270 비유동부채 160,158,912 196,016,726
AP위성 211270 사채 0 0
AP위성 211270 장기차입금 0 0
AP위성 211270 기타비유동금융부채 0 0
AP위성 211270 이연법인세부채 0 0
AP위성 211270 비유동리스부채 0 0
AP위성 211270 부채총계 10,858,575,741 5,308,034,680
AP위성 211270 자본금 7,507,402,000 7,507,402,000
AP위성 211270 자본잉여금 0 0
AP위성 211270 자본조정 0 0
AP위성 211270 기타포괄손익누계액 0 0
AP위성 211270 이익잉여금(결손금) 19,593,331,227 23,111,401,532
AP위성 211270 자본총계 78,073,991,058 80,681,587,622
AP위성 211270 자본과부채총계 88,932,566,799 85,989,622,302
date : 2017-06-30
AP위성 211270 유동자산 75,808,247,504 65,862,604,350
AP위성 211270 현금및현금성자산 54,719,870,353 47,733,992,437
AP위성 211270 매출채권 및 기타채권
AP위성 211270 재고자산 10,624,632,372 5,979,697,944
AP위성 211270 기타유동금융자산 0 0
AP위성 211270 기타유동자산 7,181,185,558 4,662,177,237
AP위성 211270 매각예정비유동자산 0 0
AP위성 211270 비유동자산 20,829,108,502 20,127,017,952
AP위성 211270 장기금융상품 0 0
AP위성 211270 기타포괄손익-공정가치 0 0
AP위성 211270 당기손익인식공정가치측정금융자산 0 0
AP위성 211270 종속회사투자 0 0
AP위성 211270 관계회사투자 0 0
AP위성 211270 렌탈자산 0 0
AP위성 211270 유형자산 6,644,156,155 6,867,057,241
AP위성 211270 무형자산 12,327,125,415 12,374,917,478
AP위성 211270 기타비유동금융자산 0 0
AP위성 211270 기타비유동자산 0 0
AP위성 211270 사용권자산 0 0
AP위성 211270 이연법인세자산 1,639,996,932 570,213,233
AP위성 211270 자산총계 96,637,356,006 85,989,622,302
AP위성 211270 유동부채 16,881,843,029 5,112,017,954
AP위성 211270 단기매입채무 0 0
AP위성 211270 단기차입금 0 0
AP위성 211270 유동성장기차입금 0 0
AP위성 211270 유동성사채 0 0
AP위성 211270 기타유동금융부채 0 0
AP위성 211270 기타유동부채 12,011,855,157 3,395,635,969
AP위성 211270 당기법인세부채 250,283,168 5,112,017,954
AP위성 211270 유동리스부채 0 0
AP위성 211270 비유동부채 520,730,761 196,016,726
AP위성 211270 사채 0 0
AP위성 211270 장기차입금 0 0
AP위성 211270 기타비유동금융부채 0 0
AP위성 211270 이연법인세부채 0 0
AP위성 211270 비유동리스부채 0 0
AP위성 211270 부채총계 17,402,573,790 5,308,034,680
AP위성 211270 자본금 7,507,402,000 7,507,402,000
AP위성 211270 자본잉여금 0 0
AP위성 211270 자본조정 0 0
AP위성 211270 기타포괄손익누계액 0 0
AP위성 211270 이익잉여금(결손금) 20,350,876,785 23,111,401,532
AP위성 211270 자본총계 79,234,782,216 80,681,587,622
AP위성 211270 자본과부채총계 96,637,356,006 85,989,622,302
date : 2017-09-30
AP위성 211270 유동자산 75,540,907,578 65,862,604,350
AP위성 211270 현금및현금성자산 48,620,435,747 47,733,992,437
AP위성 211270 매출채권 2,358,508,691 7,098,824,545
AP위성 211270 재고자산 12,895,037,252 5,979,697,944
AP위성 211270 기타유동금융자산 0 0
AP위성 211270 기타유동자산 0 0
AP위성 211270 매각예정비유동자산 0 0
AP위성 211270 비유동자산 20,634,356,023 20,127,017,952
AP위성 211270 장기금융상품 0 0
AP위성 211270 기타포괄손익-공정가치 0 0
AP위성 211270 당기손익인식공정가치측정금융자산 0 0
AP위성 211270 종속회사투자 0 0
AP위성 211270 관계회사투자 0 0
AP위성 211270 렌탈자산 0 0
AP위성 211270 유형자산 6,551,444,508 6,867,057,241
AP위성 211270 무형자산 264,565,293 329,398,188
AP위성 211270 기타비유동금융자산 1,772,826,932 885,043,233
AP위성 211270 기타비유동자산 0 0
AP위성 211270 사용권자산 0 0
AP위성 211270 이연법인세자산 0 0
AP위성 211270 자산총계 96,175,263,601 85,989,622,302
AP위성 211270 유동부채 14,980,713,023 5,112,017,954
AP위성 211270 단기매입채무 1,329,237,208 426,118,733
AP위성 211270 단기차입금 0 0
AP위성 211270 유동성장기차입금 0 0
AP위성 211270 유동성사채 0 0
AP위성 211270 기타유동금융부채 0 0
AP위성 211270 기타유동부채 0 0
AP위성 211270 당기법인세부채 0 0
AP위성 211270 유동리스부채 0 0
AP위성 211270 비유동부채 580,246,406 196,016,726
AP위성 211270 사채 0 0
AP위성 211270 장기차입금 0 0
AP위성 211270 기타비유동금융부채 0 0
AP위성 211270 이연법인세부채 0 0
AP위성 211270 비유동리스부채 0 0
AP위성 211270 부채총계 15,560,959,429 5,308,034,680
AP위성 211270 자본금 7,507,402,000 7,507,402,000
AP위성 211270 자본잉여금 60,400,266,833 60,400,266,833
AP위성 211270 자본조정 0 0
AP위성 211270 기타포괄손익누계액 0 0
AP위성 211270 이익잉여금(결손금) 21,600,022,446 23,111,401,532
AP위성 211270 자본총계 80,614,304,172 80,681,587,622
AP위성 211270 자본과부채총계 96,175,263,601 85,989,622,302
date : 2017-12-31
AP위성 211270 유동자산 83,805,747,490 65,862,604,350
AP위성 211270 현금및현금성자산 45,693,973,444 47,733,992,437
AP위성 211270 매출채권 7,737,554,618 7,098,824,545
AP위성 211270 재고자산 10,495,425,814 5,979,697,944
AP위성 211270 기타유동금융자산 0 0
AP위성 211270 기타유동자산 0 0
AP위성 211270 매각예정비유동자산 0 0
AP위성 211270 비유동자산 19,910,023,852 20,127,017,952
AP위성 211270 장기금융상품 0 0
AP위성 211270 기타포괄손익-공정가치 0 0
AP위성 211270 당기손익인식공정가치측정금융자산 0 0
AP위성 211270 종속회사투자 0 0
AP위성 211270 관계회사투자 0 0
AP위성 211270 렌탈자산 0 0
AP위성 211270 유형자산 6,512,055,965 6,867,057,241
AP위성 211270 무형자산 291,021,296 329,398,188
AP위성 211270 기타비유동금융자산 0 0
AP위성 211270 기타비유동자산 0 0
AP위성 211270 사용권자산 0 0
AP위성 211270 이연법인세자산 755,397,301 570,213,233
AP위성 211270 자산총계 103,715,771,342 85,989,622,302
AP위성 211270 유동부채 21,208,347,584 5,112,017,954
AP위성 211270 단기매입채무 1,652,257,401 426,118,733
AP위성 211270 단기차입금 0 0
AP위성 211270 유동성장기차입금 0 0
AP위성 211270 유동성사채 0 0
AP위성 211270 기타유동금융부채 6,374,648 17,239,167
AP위성 211270 기타유동부채 0 0
AP위성 211270 당기법인세부채 0 0
AP위성 211270 유동리스부채 0 0
AP위성 211270 비유동부채 455,604,898 196,016,726
AP위성 211270 사채 0 0
AP위성 211270 장기차입금 0 0
AP위성 211270 기타비유동금융부채 0 0
AP위성 211270 이연법인세부채 5,807,641 196,016,726
AP위성 211270 비유동리스부채 0 0
AP위성 211270 부채총계 21,663,952,482 5,308,034,680
AP위성 211270 자본금 7,507,402,000 7,507,402,000
AP위성 211270 자본잉여금 60,400,266,833 60,400,266,833
AP위성 211270 자본조정 0 0
AP위성 211270 기타포괄손익누계액 0 0
AP위성 211270 이익잉여금(결손금) 22,978,119,518 23,111,401,532
AP위성 211270 자본총계 82,051,818,860 80,681,587,622
AP위성 211270 자본과부채총계 103,715,771,342 85,989,622,302
date : 2018-03-31
AP위성 211270 유동자산 77,587,237,937 83,805,747,490
AP위성 211270 현금및현금성자산 40,124,324,539 45,693,973,444
AP위성 211270 매출채권 4,270,929,344 7,737,554,618
AP위성 211270 재고자산 10,890,041,250 10,495,425,814
AP위성 211270 기타유동금융자산 0 0
AP위성 211270 기타유동자산 0 0
AP위성 211270 매각예정비유동자산 0 0
AP위성 211270 비유동자산 19,851,462,114 19,910,023,852
AP위성 211270 장기금융상품 0 0
AP위성 211270 기타포괄손익-공정가치 0 0
AP위성 211270 당기손익인식공정가치측정금융자산 0 0
AP위성 211270 종속회사투자 0 0
AP위성 211270 관계회사투자 0 0
AP위성 211270 렌탈자산 0 0
AP위성 211270 유형자산 6,449,998,437 6,512,055,965
AP위성 211270 무형자산 264,517,086 291,021,296
AP위성 211270 기타비유동금융자산 0 0
AP위성 211270 기타비유동자산 0 0
AP위성 211270 사용권자산 0 0
AP위성 211270 이연법인세자산 755,397,301 755,397,301
AP위성 211270 자산총계 97,438,700,051 103,715,771,342
AP위성 211270 유동부채 15,845,241,920 21,208,347,584
AP위성 211270 단기매입채무 1,422,848,192 1,652,257,401
AP위성 211270 단기차입금 0 0
AP위성 211270 유동성장기차입금 0 0
AP위성 211270 유동성사채 0 0
AP위성 211270 기타유동금융부채 4,310,680 6,374,648
AP위성 211270 기타유동부채 0 0
AP위성 211270 당기법인세부채 0 0
AP위성 211270 유동리스부채 0 0
AP위성 211270 비유동부채 314,963,349 455,604,898
AP위성 211270 사채 0 0
AP위성 211270 장기차입금 0 0
AP위성 211270 기타비유동금융부채 0 0
AP위성 211270 이연법인세부채 0 455,604,898
AP위성 211270 비유동리스부채 0 0
AP위성 211270 부채총계 16,160,205,269 21,663,952,482
AP위성 211270 자본금 7,507,402,000 7,507,402,000
AP위성 211270 자본잉여금 60,425,535,333 60,400,266,833
AP위성 211270 자본조정 0 0
AP위성 211270 기타포괄손익누계액 0 0
AP위성 211270 이익잉여금(결손금) 21,676,421,375 22,978,119,518
AP위성 211270 자본총계 81,278,494,782 82,051,818,860
AP위성 211270 자본과부채총계 97,438,700,051 103,715,771,342
date : 2018-06-30
AP위성 211270 유동자산 78,873,496,352 83,805,747,490
AP위성 211270 현금및현금성자산 38,442,765,897 45,693,973,444
AP위성 211270 매출채권 3,502,200,547 7,737,554,618
AP위성 211270 재고자산 11,151,963,109 10,495,425,814
AP위성 211270 기타유동금융자산 0 0
AP위성 211270 기타유동자산 0 0
AP위성 211270 매각예정비유동자산 0 0
AP위성 211270 비유동자산 19,781,990,782 19,910,023,852
AP위성 211270 장기금융상품 0 0
AP위성 211270 기타포괄손익-공정가치 0 0
AP위성 211270 당기손익인식공정가치측정금융자산 0 0
AP위성 211270 종속회사투자 0 0
AP위성 211270 관계회사투자 0 0
AP위성 211270 렌탈자산 0 0
AP위성 211270 유형자산 6,292,737,519 6,512,055,965
AP위성 211270 무형자산 238,086,209 291,021,296
AP위성 211270 기타비유동금융자산 0 0
AP위성 211270 기타비유동자산 0 0
AP위성 211270 사용권자산 0 0
AP위성 211270 이연법인세자산 869,617,764 755,397,301
AP위성 211270 자산총계 98,655,487,134 103,715,771,342
AP위성 211270 유동부채 14,889,554,253 21,208,347,584
AP위성 211270 단기매입채무 1,250,566,921 1,652,257,401
AP위성 211270 단기차입금 0 0
AP위성 211270 유동성장기차입금 0 0
AP위성 211270 유동성사채 0 0
AP위성 211270 기타유동금융부채 156,506,030 6,374,648
AP위성 211270 기타유동부채 0 0
AP위성 211270 당기법인세부채 0 0
AP위성 211270 유동리스부채 0 0
AP위성 211270 비유동부채 231,232,917 455,604,898
AP위성 211270 사채 0 0
AP위성 211270 장기차입금 0 0
AP위성 211270 기타비유동금융부채 0 0
AP위성 211270 이연법인세부채 0 455,604,898
AP위성 211270 비유동리스부채 0 0
AP위성 211270 부채총계 15,120,787,170 21,663,952,482
AP위성 211270 자본금 7,507,402,000 7,507,402,000
AP위성 211270 자본잉여금 60,400,266,833 60,400,266,833
AP위성 211270 자본조정 0 0
AP위성 211270 기타포괄손익누계액 0 0
AP위성 211270 이익잉여금(결손금) 23,713,676,129 22,978,119,518
AP위성 211270 자본총계 83,534,699,964 82,051,818,860
AP위성 211270 자본과부채총계 98,655,487,134 103,715,771,342
date : 2018-09-30
AP위성 211270 유동자산 76,853,218,510 83,805,747,490
AP위성 211270 현금및현금성자산 43,141,771,130 45,693,973,444
AP위성 211270 매출채권 4,550,107,734 7,737,554,618
AP위성 211270 재고자산 11,006,386,171 10,495,425,814
AP위성 211270 기타유동금융자산 0 0
AP위성 211270 기타유동자산 0 0
AP위성 211270 매각예정비유동자산 0 0
AP위성 211270 비유동자산 19,714,122,401 19,910,023,852
AP위성 211270 장기금융상품 0 0
AP위성 211270 기타포괄손익-공정가치 0 0
AP위성 211270 당기손익인식공정가치측정금융자산 0 0
AP위성 211270 종속회사투자 0 0
AP위성 211270 관계회사투자 0 0
AP위성 211270 렌탈자산 0 0
AP위성 211270 유형자산 6,166,810,948 6,512,055,965
AP위성 211270 무형자산 246,144,399 291,021,296
AP위성 211270 기타비유동금융자산 0 0
AP위성 211270 기타비유동자산 0 0
AP위성 211270 사용권자산 0 0
AP위성 211270 이연법인세자산 869,617,764 755,397,301
AP위성 211270 자산총계 96,567,340,911 103,715,771,342
AP위성 211270 유동부채 13,120,950,827 21,208,347,584
AP위성 211270 단기매입채무 405,649,147 1,652,257,401
AP위성 211270 단기차입금 0 0
AP위성 211270 유동성장기차입금 0 0
AP위성 211270 유동성사채 0 0
AP위성 211270 기타유동금융부채 241,680,870 6,374,648
AP위성 211270 기타유동부채 0 0
AP위성 211270 당기법인세부채 0 0
AP위성 211270 유동리스부채 0 0
AP위성 211270 비유동부채 253,216,755 455,604,898
AP위성 211270 사채 0 0
AP위성 211270 장기차입금 0 0
AP위성 211270 기타비유동금융부채 0 0
AP위성 211270 이연법인세부채 0 455,604,898
AP위성 211270 비유동리스부채 0 0
AP위성 211270 부채총계 13,374,167,582 21,663,952,482
AP위성 211270 자본금 7,507,402,000 7,507,402,000
AP위성 211270 자본잉여금 60,384,947,033 60,400,266,833
AP위성 211270 자본조정 0 0
AP위성 211270 기타포괄손익누계액 0 0
AP위성 211270 이익잉여금(결손금) 23,860,837,567 22,978,119,518
AP위성 211270 자본총계 83,193,173,329 82,051,818,860
AP위성 211270 자본과부채총계 96,567,340,911 103,715,771,342
date : 2018-12-31
AP위성 211270 유동자산 82,489,530,736 83,805,747,490
AP위성 211270 현금및현금성자산 51,814,820,267 45,693,973,444
AP위성 211270 매출채권 6,472,488,351 7,737,554,618
AP위성 211270 재고자산 10,490,785,695 10,495,425,814
AP위성 211270 기타유동금융자산 0 0
AP위성 211270 기타유동자산 0 0
AP위성 211270 매각예정비유동자산 0 0
AP위성 211270 비유동자산 17,214,200,163 19,910,023,852
AP위성 211270 장기금융상품 0 0
AP위성 211270 기타포괄손익-공정가치 0 0
AP위성 211270 당기손익인식공정가치측정금융자산 0 0
AP위성 211270 종속회사투자 0 0
AP위성 211270 관계회사투자 0 0
AP위성 211270 렌탈자산 0 0
AP위성 211270 유형자산 6,021,009,159 6,512,055,965
AP위성 211270 무형자산 218,179,292 291,021,296
AP위성 211270 기타비유동금융자산 0 0
AP위성 211270 기타비유동자산 0 0
AP위성 211270 사용권자산 0 0
AP위성 211270 이연법인세자산 893,305,499 755,397,301
AP위성 211270 자산총계 99,703,730,899 103,715,771,342
AP위성 211270 유동부채 17,916,585,430 21,208,347,584
AP위성 211270 단기매입채무 1,393,039,241 1,652,257,401
AP위성 211270 단기차입금 0 0
AP위성 211270 유동성장기차입금 0 0
AP위성 211270 유동성사채 0 0
AP위성 211270 기타유동금융부채 80,180,484 6,374,648
AP위성 211270 기타유동부채 0 0
AP위성 211270 당기법인세부채 0 0
AP위성 211270 유동리스부채 0 0
AP위성 211270 비유동부채 286,582,644 455,604,898
AP위성 211270 사채 0 0
AP위성 211270 장기차입금 0 0
AP위성 211270 기타비유동금융부채 0 0
AP위성 211270 이연법인세부채 0 0
AP위성 211270 비유동리스부채 0 0
AP위성 211270 부채총계 18,203,168,074 21,663,952,482
AP위성 211270 자본금 7,507,402,000 7,507,402,000
AP위성 211270 자본잉여금 60,400,266,833 60,400,266,833
AP위성 211270 자본조정 0 0
AP위성 211270 기타포괄손익누계액 0 0
AP위성 211270 이익잉여금(결손금) 22,135,627,068 22,978,119,518
AP위성 211270 자본총계 81,500,562,825 82,051,818,860
AP위성 211270 자본과부채총계 99,703,730,899 103,715,771,342
date : 2019-03-31
AP위성 211270 유동자산 77,167,241,009 82,489,530,736
AP위성 211270 현금및현금성자산 52,212,704,874 51,814,820,267
AP위성 211270 매출채권 3,957,061,560 6,472,488,351
AP위성 211270 재고자산 9,401,104,306 10,490,785,695
AP위성 211270 기타유동금융자산 0 0
AP위성 211270 기타유동자산 0 0
AP위성 211270 매각예정비유동자산 0 0
AP위성 211270 비유동자산 17,035,025,585 17,214,200,163
AP위성 211270 장기금융상품 0 0
AP위성 211270 기타포괄손익-공정가치 0 0
AP위성 211270 당기손익인식공정가치측정금융자산 0 0
AP위성 211270 종속회사투자 0 0
AP위성 211270 관계회사투자 0 0
AP위성 211270 렌탈자산 0 0
AP위성 211270 유형자산 5,874,724,188 6,021,009,159
AP위성 211270 무형자산 195,289,685 218,179,292
AP위성 211270 기타비유동금융자산 0 0
AP위성 211270 기타비유동자산 0 0
AP위성 211270 사용권자산 0 0
AP위성 211270 이연법인세자산 893,305,499 893,305,499
AP위성 211270 자산총계 94,202,266,594 99,703,730,899
AP위성 211270 유동부채 11,639,758,270 17,916,585,430
AP위성 211270 단기매입채무 445,404,744 1,393,039,241
AP위성 211270 단기차입금 0 0
AP위성 211270 유동성장기차입금 0 0
AP위성 211270 유동성사채 0 0
AP위성 211270 기타유동금융부채 95,044,992 80,180,484
AP위성 211270 기타유동부채 0 0
AP위성 211270 당기법인세부채 0 0
AP위성 211270 유동리스부채 0 0
AP위성 211270 비유동부채 461,810,653 286,582,644
AP위성 211270 사채 0 0
AP위성 211270 장기차입금 0 0
AP위성 211270 기타비유동금융부채 0 0
AP위성 211270 이연법인세부채 0 0
AP위성 211270 비유동리스부채 0 0
AP위성 211270 부채총계 12,101,568,923 18,203,168,074
AP위성 211270 자본금 7,507,402,000 7,507,402,000
AP위성 211270 자본잉여금 60,400,266,833 60,400,266,833
AP위성 211270 자본조정 0 0
AP위성 211270 기타포괄손익누계액 0 0
AP위성 211270 이익잉여금(결손금) 22,714,590,520 22,135,627,068
AP위성 211270 자본총계 82,100,697,671 81,500,562,825
AP위성 211270 자본과부채총계 94,202,266,594 99,703,730,899
