date : 2015-12-31
덕산네오룩스 213420 유동자산 46,541,066,746 40,483,952,881
덕산네오룩스 213420 현금및현금성자산 22,807,441,941 512,940
덕산네오룩스 213420 매출채권 2,568,225,128 2,237,004,350
덕산네오룩스 213420 재고자산 9,081,396,016 6,432,923,046
덕산네오룩스 213420 기타유동금융자산 10,000,000,000 0
덕산네오룩스 213420 기타유동자산 1,587,204,193 1,303,401,773
덕산네오룩스 213420 매각예정비유동자산 0 0
덕산네오룩스 213420 비유동자산 67,673,197,960 67,930,567,590
덕산네오룩스 213420 장기금융상품 0 0
덕산네오룩스 213420 기타포괄손익-공정가치 0 0
덕산네오룩스 213420 당기손익인식공정가치측정금융자산 0 0
덕산네오룩스 213420 종속회사투자 0 0
덕산네오룩스 213420 관계회사투자 0 0
덕산네오룩스 213420 렌탈자산 0 0
덕산네오룩스 213420 유형자산 37,980,817,416 38,347,921,234
덕산네오룩스 213420 무형자산 29,117,380,544 29,012,646,356
덕산네오룩스 213420 기타비유동금융자산 0 0
덕산네오룩스 213420 기타비유동자산 0 0
덕산네오룩스 213420 사용권자산 0 0
덕산네오룩스 213420 이연법인세자산 0 0
덕산네오룩스 213420 자산총계 114,214,264,706 108,414,520,471
덕산네오룩스 213420 유동부채 5,999,497,764 3,202,553,874
덕산네오룩스 213420 단기매입채무 0 0
덕산네오룩스 213420 단기차입금 0 0
덕산네오룩스 213420 유동성장기차입금 0 0
덕산네오룩스 213420 유동성사채 0 0
덕산네오룩스 213420 기타유동금융부채 1,029,186,141 758,299,788
덕산네오룩스 213420 기타유동부채 1,205,315,768 297,752,384
덕산네오룩스 213420 당기법인세부채 63,662,745 0
덕산네오룩스 213420 유동리스부채 0 0
덕산네오룩스 213420 비유동부채 3,952,576,254 2,914,827,386
덕산네오룩스 213420 사채 0 0
덕산네오룩스 213420 장기차입금 0 0
덕산네오룩스 213420 기타비유동금융부채 575,374,822 427,702,196
덕산네오룩스 213420 이연법인세부채 2,634,197,890 2,301,039,857
덕산네오룩스 213420 비유동리스부채 0 0
덕산네오룩스 213420 부채총계 9,952,074,018 6,117,381,260
덕산네오룩스 213420 자본금 2,401,554,000 2,401,554,000
덕산네오룩스 213420 자본잉여금 0 0
덕산네오룩스 213420 자본조정 0 0
덕산네오룩스 213420 기타포괄손익누계액 0 0
덕산네오룩스 213420 이익잉여금(결손금) 0 0
덕산네오룩스 213420 자본총계 104,262,190,688 102,297,139,211
덕산네오룩스 213420 자본과부채총계 114,214,264,706 108,414,520,471
date : 2016-03-31
덕산네오룩스 213420 유동자산 47,358,712,123 46,541,066,746
덕산네오룩스 213420 현금및현금성자산 22,082,355,204 22,807,441,941
덕산네오룩스 213420 매출채권 6,078,572,172 2,568,225,128
덕산네오룩스 213420 재고자산 7,246,486,441 9,081,396,016
덕산네오룩스 213420 기타유동금융자산 10,000,000,000 10,000,000,000
덕산네오룩스 213420 기타유동자산 1,653,475,725 1,587,204,193
덕산네오룩스 213420 매각예정비유동자산 0 0
덕산네오룩스 213420 비유동자산 67,529,452,757 67,673,197,960
덕산네오룩스 213420 장기금융상품 0 0
덕산네오룩스 213420 기타포괄손익-공정가치 0 0
덕산네오룩스 213420 당기손익인식공정가치측정금융자산 0 0
덕산네오룩스 213420 종속회사투자 0 0
덕산네오룩스 213420 관계회사투자 0 0
덕산네오룩스 213420 렌탈자산 0 0
덕산네오룩스 213420 유형자산 37,634,898,659 37,980,817,416
덕산네오룩스 213420 무형자산 29,159,554,098 29,117,380,544
덕산네오룩스 213420 기타비유동금융자산 0 0
덕산네오룩스 213420 기타비유동자산 0 0
덕산네오룩스 213420 사용권자산 0 0
덕산네오룩스 213420 이연법인세자산 0 0
덕산네오룩스 213420 자산총계 114,888,164,880 114,214,264,706
덕산네오룩스 213420 유동부채 5,593,370,937 5,999,497,764
덕산네오룩스 213420 단기매입채무 0 0
덕산네오룩스 213420 단기차입금 1,000,000,000 0
덕산네오룩스 213420 유동성장기차입금 0 0
덕산네오룩스 213420 유동성사채 0 0
덕산네오룩스 213420 기타유동금융부채 1,724,615,490 1,029,186,141
덕산네오룩스 213420 기타유동부채 632,916,844 1,205,315,768
덕산네오룩스 213420 당기법인세부채 193,569,515 63,662,745
덕산네오룩스 213420 유동리스부채 0 0
덕산네오룩스 213420 비유동부채 4,288,165,443 3,952,576,254
덕산네오룩스 213420 사채 0 0
덕산네오룩스 213420 장기차입금 0 0
덕산네오룩스 213420 기타비유동금융부채 666,713,059 575,374,822
덕산네오룩스 213420 이연법인세부채 2,634,197,890 2,634,197,890
덕산네오룩스 213420 비유동리스부채 0 0
덕산네오룩스 213420 부채총계 9,881,536,380 9,952,074,018
덕산네오룩스 213420 자본금 2,401,554,000 2,401,554,000
덕산네오룩스 213420 자본잉여금 0 0
덕산네오룩스 213420 자본조정 0 0
덕산네오룩스 213420 기타포괄손익누계액 0 0
덕산네오룩스 213420 이익잉여금(결손금) 0 0
덕산네오룩스 213420 자본총계 105,006,628,500 104,262,190,688
덕산네오룩스 213420 자본과부채총계 114,888,164,880 114,214,264,706
date : 2016-06-30
덕산네오룩스 213420 유동자산 48,909,180,684 46,541,066,746
덕산네오룩스 213420 현금및현금성자산 26,109,614,812 22,807,441,941
덕산네오룩스 213420 매출채권 5,975,778,093 2,568,225,128
덕산네오룩스 213420 재고자산 5,110,673,723 9,081,396,016
덕산네오룩스 213420 기타유동금융자산 10,000,000,000 10,000,000,000
덕산네오룩스 213420 기타유동자산 1,392,935,243 1,587,204,193
덕산네오룩스 213420 매각예정비유동자산 0 0
덕산네오룩스 213420 비유동자산 66,803,463,089 67,673,197,960
덕산네오룩스 213420 장기금융상품 0 0
덕산네오룩스 213420 기타포괄손익-공정가치 0 0
덕산네오룩스 213420 당기손익인식공정가치측정금융자산 0 0
덕산네오룩스 213420 종속회사투자 0 0
덕산네오룩스 213420 관계회사투자 0 0
덕산네오룩스 213420 렌탈자산 0 0
덕산네오룩스 213420 유형자산 36,907,670,921 37,980,817,416
덕산네오룩스 213420 무형자산 29,195,792,168 29,117,380,544
덕산네오룩스 213420 기타비유동금융자산 0 0
덕산네오룩스 213420 기타비유동자산 0 0
덕산네오룩스 213420 사용권자산 0 0
덕산네오룩스 213420 이연법인세자산 0 0
덕산네오룩스 213420 자산총계 115,712,643,773 114,214,264,706
덕산네오룩스 213420 유동부채 5,404,259,554 5,999,497,764
덕산네오룩스 213420 단기매입채무 0 0
덕산네오룩스 213420 단기차입금 1,000,000,000 0
덕산네오룩스 213420 유동성장기차입금 0 0
덕산네오룩스 213420 유동성사채 0 0
덕산네오룩스 213420 기타유동금융부채 2,107,931,668 1,029,186,141
덕산네오룩스 213420 기타유동부채 895,486,904 1,205,315,768
덕산네오룩스 213420 당기법인세부채 0 63,662,745
덕산네오룩스 213420 유동리스부채 0 0
덕산네오룩스 213420 비유동부채 4,545,198,462 3,952,576,254
덕산네오룩스 213420 사채 0 0
덕산네오룩스 213420 장기차입금 0 0
덕산네오룩스 213420 기타비유동금융부채 708,736,231 575,374,822
덕산네오룩스 213420 이연법인세부채 2,634,197,890 2,634,197,890
덕산네오룩스 213420 비유동리스부채 0 0
덕산네오룩스 213420 부채총계 9,949,458,016 9,952,074,018
덕산네오룩스 213420 자본금 2,401,554,000 2,401,554,000
덕산네오룩스 213420 자본잉여금 0 0
덕산네오룩스 213420 자본조정 0 0
덕산네오룩스 213420 기타포괄손익누계액 0 0
덕산네오룩스 213420 이익잉여금(결손금) 0 0
덕산네오룩스 213420 자본총계 105,763,185,757 104,262,190,688
덕산네오룩스 213420 자본과부채총계 115,712,643,773 114,214,264,706
date : 2016-09-30
덕산네오룩스 213420 유동자산 49,138,819,475 46,541,066,746
덕산네오룩스 213420 현금및현금성자산 30,463,561,757 22,807,441,941
덕산네오룩스 213420 매출채권 1,408,650,365 2,568,225,128
덕산네오룩스 213420 재고자산 4,693,539,665 9,081,396,016
덕산네오룩스 213420 기타유동금융자산 10,000,000,000 10,000,000,000
덕산네오룩스 213420 기타유동자산 1,762,792,950 1,587,204,193
덕산네오룩스 213420 매각예정비유동자산 0 0
덕산네오룩스 213420 비유동자산 66,044,052,076 67,673,197,960
덕산네오룩스 213420 장기금융상품 0 0
덕산네오룩스 213420 기타포괄손익-공정가치 0 0
덕산네오룩스 213420 당기손익인식공정가치측정금융자산 0 0
덕산네오룩스 213420 종속회사투자 0 0
덕산네오룩스 213420 관계회사투자 0 0
덕산네오룩스 213420 렌탈자산 0 0
덕산네오룩스 213420 유형자산 36,085,442,518 37,980,817,416
덕산네오룩스 213420 무형자산 29,178,609,558 29,117,380,544
덕산네오룩스 213420 기타비유동금융자산 0 0
덕산네오룩스 213420 기타비유동자산 0 0
덕산네오룩스 213420 사용권자산 0 0
덕산네오룩스 213420 이연법인세자산 0 0
덕산네오룩스 213420 자산총계 115,182,871,551 114,214,264,706
덕산네오룩스 213420 유동부채 4,173,995,424 5,999,497,764
덕산네오룩스 213420 단기매입채무 0 0
덕산네오룩스 213420 단기차입금 1,000,000,000 0
덕산네오룩스 213420 유동성장기차입금 0 0
덕산네오룩스 213420 유동성사채 0 0
덕산네오룩스 213420 기타유동금융부채 1,660,786,171 1,029,186,141
덕산네오룩스 213420 기타유동부채 428,139,440 1,205,315,768
덕산네오룩스 213420 당기법인세부채 0 63,662,745
덕산네오룩스 213420 유동리스부채 0 0
덕산네오룩스 213420 비유동부채 4,785,496,071 3,952,576,254
덕산네오룩스 213420 사채 0 0
덕산네오룩스 213420 장기차입금 0 0
덕산네오룩스 213420 기타비유동금융부채 734,023,993 575,374,822
덕산네오룩스 213420 이연법인세부채 2,634,197,890 2,634,197,890
덕산네오룩스 213420 비유동리스부채 0 0
덕산네오룩스 213420 부채총계 8,959,491,495 9,952,074,018
덕산네오룩스 213420 자본금 2,401,554,000 2,401,554,000
덕산네오룩스 213420 자본잉여금 0 0
덕산네오룩스 213420 자본조정 0 0
덕산네오룩스 213420 기타포괄손익누계액 0 0
덕산네오룩스 213420 이익잉여금(결손금) 0 0
덕산네오룩스 213420 자본총계 106,223,380,056 104,262,190,688
덕산네오룩스 213420 자본과부채총계 115,182,871,551 114,214,264,706
date : 2016-12-31
덕산네오룩스 213420 유동자산 52,395,790,210 46,541,066,746
덕산네오룩스 213420 현금및현금성자산 29,270,472,984 22,807,441,941
덕산네오룩스 213420 매출채권 2,264,267,067 2,568,225,128
덕산네오룩스 213420 재고자산 6,630,850,375 9,081,396,016
덕산네오룩스 213420 기타유동금융자산 10,000,000,000 10,000,000,000
덕산네오룩스 213420 기타유동자산 1,404,829,564 1,587,204,193
덕산네오룩스 213420 매각예정비유동자산 0 0
덕산네오룩스 213420 비유동자산 65,739,957,419 67,673,197,960
덕산네오룩스 213420 장기금융상품 0 0
덕산네오룩스 213420 기타포괄손익-공정가치 0 0
덕산네오룩스 213420 당기손익인식공정가치측정금융자산 0 0
덕산네오룩스 213420 종속회사투자 0 0
덕산네오룩스 213420 관계회사투자 0 0
덕산네오룩스 213420 렌탈자산 0 0
덕산네오룩스 213420 유형자산 35,663,938,184 37,980,817,416
덕산네오룩스 213420 무형자산 29,296,019,235 29,117,380,544
덕산네오룩스 213420 기타비유동금융자산 0 0
덕산네오룩스 213420 기타비유동자산 0 0
덕산네오룩스 213420 사용권자산 0 0
덕산네오룩스 213420 이연법인세자산 0 0
덕산네오룩스 213420 자산총계 118,135,747,629 114,214,264,706
덕산네오룩스 213420 유동부채 5,919,043,966 5,999,497,764
덕산네오룩스 213420 단기매입채무 0 0
덕산네오룩스 213420 단기차입금 1,000,000,000 0
덕산네오룩스 213420 유동성장기차입금 0 0
덕산네오룩스 213420 유동성사채 0 0
덕산네오룩스 213420 기타유동금융부채 1,837,517,963 1,029,186,141
덕산네오룩스 213420 기타유동부채 603,932,362 1,205,315,768
덕산네오룩스 213420 당기법인세부채 93,042,125 63,662,745
덕산네오룩스 213420 유동리스부채 0 0
덕산네오룩스 213420 비유동부채 3,688,450,395 3,952,576,254
덕산네오룩스 213420 사채 0 0
덕산네오룩스 213420 장기차입금 0 0
덕산네오룩스 213420 기타비유동금융부채 776,249,290 575,374,822
덕산네오룩스 213420 이연법인세부채 2,332,826,109 2,634,197,890
덕산네오룩스 213420 비유동리스부채 0 0
덕산네오룩스 213420 부채총계 9,607,494,361 9,952,074,018
덕산네오룩스 213420 자본금 2,401,554,000 2,401,554,000
덕산네오룩스 213420 자본잉여금 0 0
덕산네오룩스 213420 자본조정 0 0
덕산네오룩스 213420 기타포괄손익누계액 0 0
덕산네오룩스 213420 이익잉여금(결손금) 0 0
덕산네오룩스 213420 자본총계 108,528,253,268 104,262,190,688
덕산네오룩스 213420 자본과부채총계 118,135,747,629 114,214,264,706
date : 2017-03-31
덕산네오룩스 213420 유동자산 59,119,696,837 52,395,790,210
덕산네오룩스 213420 현금및현금성자산 39,994,319,391 29,270,472,984
덕산네오룩스 213420 매출채권 3,643,285,833 2,264,267,067
덕산네오룩스 213420 재고자산 10,391,790,783 6,630,850,375
덕산네오룩스 213420 기타유동금융자산 0 10,000,000,000
덕산네오룩스 213420 기타유동자산 1,753,028,738 1,404,829,564
덕산네오룩스 213420 매각예정비유동자산 0 0
덕산네오룩스 213420 비유동자산 65,993,737,535 65,739,957,419
덕산네오룩스 213420 장기금융상품 0 0
덕산네오룩스 213420 기타포괄손익-공정가치 0 0
덕산네오룩스 213420 당기손익인식공정가치측정금융자산 0 0
덕산네오룩스 213420 종속회사투자 0 0
덕산네오룩스 213420 관계회사투자 0 0
덕산네오룩스 213420 렌탈자산 0 0
덕산네오룩스 213420 유형자산 35,915,007,053 35,663,938,184
덕산네오룩스 213420 무형자산 29,289,620,482 29,296,019,235
덕산네오룩스 213420 기타비유동금융자산 0 0
덕산네오룩스 213420 기타비유동자산 0 0
덕산네오룩스 213420 사용권자산 0 0
덕산네오룩스 213420 이연법인세자산 0 0
덕산네오룩스 213420 자산총계 125,113,434,372 118,135,747,629
덕산네오룩스 213420 유동부채 9,133,538,417 5,919,043,966
덕산네오룩스 213420 단기매입채무 0 0
덕산네오룩스 213420 단기차입금 1,000,000,000 1,000,000,000
덕산네오룩스 213420 유동성장기차입금 0 0
덕산네오룩스 213420 유동성사채 0 0
덕산네오룩스 213420 기타유동금융부채 2,290,581,761 1,837,517,963
덕산네오룩스 213420 기타유동부채 401,034,975 603,932,362
덕산네오룩스 213420 당기법인세부채 93,042,125 93,042,125
덕산네오룩스 213420 유동리스부채 0 0
덕산네오룩스 213420 비유동부채 3,911,487,988 3,688,450,395
덕산네오룩스 213420 사채 0 0
덕산네오룩스 213420 장기차입금 0 0
덕산네오룩스 213420 기타비유동금융부채 829,785,575 776,249,290
덕산네오룩스 213420 이연법인세부채 2,332,826,109 2,332,826,109
덕산네오룩스 213420 비유동리스부채 0 0
덕산네오룩스 213420 부채총계 13,045,026,405 9,607,494,361
덕산네오룩스 213420 자본금 2,401,554,000 2,401,554,000
덕산네오룩스 213420 자본잉여금 0 0
덕산네오룩스 213420 자본조정 0 0
덕산네오룩스 213420 기타포괄손익누계액 0 0
덕산네오룩스 213420 이익잉여금(결손금) 0 0
덕산네오룩스 213420 자본총계 112,068,407,967 108,528,253,268
덕산네오룩스 213420 자본과부채총계 125,113,434,372 118,135,747,629
date : 2017-06-30
덕산네오룩스 213420 유동자산 66,765,731,257 52,395,790,210
덕산네오룩스 213420 현금및현금성자산 38,054,284,059 29,270,472,984
덕산네오룩스 213420 매출채권 8,331,369,690 2,264,267,067
덕산네오룩스 213420 재고자산 15,060,108,638 6,630,850,375
덕산네오룩스 213420 기타유동금융자산 0 10,000,000,000
덕산네오룩스 213420 기타유동자산 2,185,646,818 1,404,829,564
덕산네오룩스 213420 매각예정비유동자산 0 0
덕산네오룩스 213420 비유동자산 67,920,408,331 65,739,957,419
덕산네오룩스 213420 장기금융상품 0 0
덕산네오룩스 213420 기타포괄손익-공정가치 0 0
덕산네오룩스 213420 당기손익인식공정가치측정금융자산 0 0
덕산네오룩스 213420 종속회사투자 0 0
덕산네오룩스 213420 관계회사투자 0 0
덕산네오룩스 213420 렌탈자산 0 0
덕산네오룩스 213420 유형자산 37,528,144,960 35,663,938,184
덕산네오룩스 213420 무형자산 29,433,153,371 29,296,019,235
덕산네오룩스 213420 기타비유동금융자산 0 0
덕산네오룩스 213420 기타비유동자산 0 0
덕산네오룩스 213420 사용권자산 0 0
덕산네오룩스 213420 이연법인세자산 0 0
덕산네오룩스 213420 자산총계 134,686,139,588 118,135,747,629
덕산네오룩스 213420 유동부채 14,977,135,941 5,919,043,966
덕산네오룩스 213420 단기매입채무 0 0
덕산네오룩스 213420 단기차입금 1,000,000,000 1,000,000,000
덕산네오룩스 213420 유동성장기차입금 0 0
덕산네오룩스 213420 유동성사채 0 0
덕산네오룩스 213420 기타유동금융부채 6,504,340,029 1,837,517,963
덕산네오룩스 213420 기타유동부채 2,518,329,020 603,932,362
덕산네오룩스 213420 당기법인세부채 10,088,317 93,042,125
덕산네오룩스 213420 유동리스부채 0 0
덕산네오룩스 213420 비유동부채 6,167,403,648 3,688,450,395
덕산네오룩스 213420 사채 0 0
덕산네오룩스 213420 장기차입금 0 0
덕산네오룩스 213420 기타비유동금융부채 440,611,722 776,249,290
덕산네오룩스 213420 이연법인세부채 3,383,981,219 2,332,826,109
덕산네오룩스 213420 비유동리스부채 0 0
덕산네오룩스 213420 부채총계 21,144,539,589 9,607,494,361
덕산네오룩스 213420 자본금 4,802,002,400 2,401,554,000
덕산네오룩스 213420 자본잉여금 0 0
덕산네오룩스 213420 자본조정 0 0
덕산네오룩스 213420 기타포괄손익누계액 0 0
덕산네오룩스 213420 이익잉여금(결손금) 0 0
덕산네오룩스 213420 자본총계 113,541,599,999 108,528,253,268
덕산네오룩스 213420 자본과부채총계 134,686,139,588 118,135,747,629
date : 2017-09-30
덕산네오룩스 213420 유동자산 69,489,018,819 52,395,790,210
덕산네오룩스 213420 현금및현금성자산 44,078,121,710 29,270,472,984
덕산네오룩스 213420 매출채권 7,441,398,130 2,264,267,067
덕산네오룩스 213420 재고자산 13,822,872,514 6,630,850,375
덕산네오룩스 213420 기타유동금융자산 0 10,000,000,000
덕산네오룩스 213420 기타유동자산 1,855,294,030 1,404,829,564
덕산네오룩스 213420 매각예정비유동자산 0 0
덕산네오룩스 213420 비유동자산 72,040,367,936 65,739,957,419
덕산네오룩스 213420 장기금융상품 0 0
덕산네오룩스 213420 기타포괄손익-공정가치 0 0
덕산네오룩스 213420 당기손익인식공정가치측정금융자산 0 0
덕산네오룩스 213420 종속회사투자 0 0
덕산네오룩스 213420 관계회사투자 0 0
덕산네오룩스 213420 렌탈자산 0 0
덕산네오룩스 213420 유형자산 41,866,405,800 35,663,938,184
덕산네오룩스 213420 무형자산 29,464,852,136 29,296,019,235
덕산네오룩스 213420 기타비유동금융자산 0 0
덕산네오룩스 213420 기타비유동자산 0 0
덕산네오룩스 213420 사용권자산 0 0
덕산네오룩스 213420 이연법인세자산 0 0
덕산네오룩스 213420 자산총계 141,529,386,755 118,135,747,629
덕산네오룩스 213420 유동부채 15,764,714,244 5,919,043,966
덕산네오룩스 213420 단기매입채무 0 0
덕산네오룩스 213420 단기차입금 1,000,000,000 1,000,000,000
덕산네오룩스 213420 유동성장기차입금 0 0
덕산네오룩스 213420 유동성사채 0 0
덕산네오룩스 213420 기타유동금융부채 6,844,992,506 1,837,517,963
덕산네오룩스 213420 기타유동부채 2,006,202,272 603,932,362
덕산네오룩스 213420 당기법인세부채 745,134,597 93,042,125
덕산네오룩스 213420 유동리스부채 0 0
덕산네오룩스 213420 비유동부채 6,651,812,618 3,688,450,395
덕산네오룩스 213420 사채 0 0
덕산네오룩스 213420 장기차입금 0 0
덕산네오룩스 213420 기타비유동금융부채 422,377,273 776,249,290
덕산네오룩스 213420 이연법인세부채 3,383,981,219 2,332,826,109
덕산네오룩스 213420 비유동리스부채 0 0
덕산네오룩스 213420 부채총계 22,416,526,862 9,607,494,361
덕산네오룩스 213420 자본금 4,802,002,400 2,401,554,000
덕산네오룩스 213420 자본잉여금 0 0
덕산네오룩스 213420 자본조정 0 0
덕산네오룩스 213420 기타포괄손익누계액 0 0
덕산네오룩스 213420 이익잉여금(결손금) 0 0
덕산네오룩스 213420 자본총계 119,112,859,893 108,528,253,268
덕산네오룩스 213420 자본과부채총계 141,529,386,755 118,135,747,629
date : 2017-12-31
덕산네오룩스 213420 유동자산 76,721,052,077 52,395,790,210
덕산네오룩스 213420 현금및현금성자산 47,719,537,118 29,270,472,984
덕산네오룩스 213420 매출채권 6,637,123,860 2,264,267,067
덕산네오룩스 213420 재고자산 17,882,849,169 6,630,850,375
덕산네오룩스 213420 기타유동금융자산 0 10,000,000,000
덕산네오룩스 213420 기타유동자산 2,137,475,259 1,404,829,564
덕산네오룩스 213420 매각예정비유동자산 0 0
덕산네오룩스 213420 비유동자산 72,523,870,114 65,739,957,419
덕산네오룩스 213420 장기금융상품 0 0
덕산네오룩스 213420 기타포괄손익-공정가치 0 0
덕산네오룩스 213420 당기손익인식공정가치측정금융자산 0 0
덕산네오룩스 213420 종속회사투자 0 0
덕산네오룩스 213420 관계회사투자 0 0
덕산네오룩스 213420 렌탈자산 0 0
덕산네오룩스 213420 유형자산 42,345,155,390 35,663,938,184
덕산네오룩스 213420 무형자산 29,525,807,264 29,296,019,235
덕산네오룩스 213420 기타비유동금융자산 0 0
덕산네오룩스 213420 기타비유동자산 0 0
덕산네오룩스 213420 사용권자산 0 0
덕산네오룩스 213420 이연법인세자산 0 0
덕산네오룩스 213420 자산총계 149,244,922,191 118,135,747,629
덕산네오룩스 213420 유동부채 19,614,192,193 5,919,043,966
덕산네오룩스 213420 단기매입채무 0 0
덕산네오룩스 213420 단기차입금 1,000,000,000 1,000,000,000
덕산네오룩스 213420 유동성장기차입금 0 0
덕산네오룩스 213420 유동성사채 0 0
덕산네오룩스 213420 기타유동금융부채 7,437,497,201 1,837,517,963
덕산네오룩스 213420 기타유동부채 2,778,031,763 603,932,362
덕산네오룩스 213420 당기법인세부채 322,616,301 93,042,125
덕산네오룩스 213420 유동리스부채 0 0
덕산네오룩스 213420 비유동부채 7,148,682,924 3,688,450,395
덕산네오룩스 213420 사채 0 0
덕산네오룩스 213420 장기차입금 0 0
덕산네오룩스 213420 기타비유동금융부채 433,930,550 776,249,290
덕산네오룩스 213420 이연법인세부채 3,582,954,094 2,332,826,109
덕산네오룩스 213420 비유동리스부채 0 0
덕산네오룩스 213420 부채총계 26,762,875,117 9,607,494,361
덕산네오룩스 213420 자본금 4,802,002,400 2,401,554,000
덕산네오룩스 213420 자본잉여금 0 0
덕산네오룩스 213420 자본조정 0 0
덕산네오룩스 213420 기타포괄손익누계액 0 0
덕산네오룩스 213420 이익잉여금(결손금) 0 0
덕산네오룩스 213420 자본총계 122,482,047,074 108,528,253,268
덕산네오룩스 213420 자본과부채총계 149,244,922,191 118,135,747,629
date : 2018-03-31
덕산네오룩스 213420 유동자산 66,297,094,156 76,721,052,077
덕산네오룩스 213420 현금및현금성자산 37,879,855,090 47,719,537,118
덕산네오룩스 213420 매출채권 8,408,890,362 6,637,123,860
덕산네오룩스 213420 재고자산 15,622,022,135 17,882,849,169
덕산네오룩스 213420 기타유동금융자산 0 0
덕산네오룩스 213420 기타유동자산 2,063,340,233 2,137,475,259
덕산네오룩스 213420 매각예정비유동자산 0 0
덕산네오룩스 213420 비유동자산 75,799,925,385 72,523,870,114
덕산네오룩스 213420 장기금융상품 0 0
덕산네오룩스 213420 기타포괄손익-공정가치 0 0
덕산네오룩스 213420 당기손익인식공정가치측정금융자산 0 0
덕산네오룩스 213420 종속회사투자 0 0
덕산네오룩스 213420 관계회사투자 0 0
덕산네오룩스 213420 렌탈자산 0 0
덕산네오룩스 213420 유형자산 44,457,466,388 42,345,155,390
덕산네오룩스 213420 무형자산 30,436,348,997 29,525,807,264
덕산네오룩스 213420 기타비유동금융자산 0 0
덕산네오룩스 213420 기타비유동자산 0 0
덕산네오룩스 213420 사용권자산 0 0
덕산네오룩스 213420 이연법인세자산 0 0
덕산네오룩스 213420 자산총계 142,097,019,541 149,244,922,191
덕산네오룩스 213420 유동부채 10,054,701,674 19,614,192,193
덕산네오룩스 213420 단기매입채무 0 0
덕산네오룩스 213420 단기차입금 1,000,000,000 1,000,000,000
덕산네오룩스 213420 유동성장기차입금 0 0
덕산네오룩스 213420 유동성사채 0 0
덕산네오룩스 213420 기타유동금융부채 5,823,839,792 7,437,497,201
덕산네오룩스 213420 기타유동부채 1,090,625,062 2,778,031,763
덕산네오룩스 213420 당기법인세부채 624,496,245 322,616,301
덕산네오룩스 213420 유동리스부채 0 0
덕산네오룩스 213420 비유동부채 6,357,745,923 7,148,682,924
덕산네오룩스 213420 사채 0 0
덕산네오룩스 213420 장기차입금 0 0
덕산네오룩스 213420 기타비유동금융부채 449,732,412 433,930,550
덕산네오룩스 213420 이연법인세부채 3,582,954,094 3,582,954,094
덕산네오룩스 213420 비유동리스부채 0 0
덕산네오룩스 213420 부채총계 16,412,447,597 26,762,875,117
덕산네오룩스 213420 자본금 4,802,002,400 4,802,002,400
덕산네오룩스 213420 자본잉여금 0 0
덕산네오룩스 213420 자본조정 0 0
덕산네오룩스 213420 기타포괄손익누계액 0 0
덕산네오룩스 213420 이익잉여금(결손금) 0 0
덕산네오룩스 213420 자본총계 125,684,571,944 122,482,047,074
덕산네오룩스 213420 자본과부채총계 142,097,019,541 149,244,922,191
date : 2018-06-30
덕산네오룩스 213420 유동자산 70,715,209,910 76,721,052,077
덕산네오룩스 213420 현금및현금성자산 41,575,706,767 47,719,537,118
덕산네오룩스 213420 매출채권 9,579,207,280 6,637,123,860
덕산네오룩스 213420 재고자산 15,224,008,133 17,882,849,169
덕산네오룩스 213420 기타유동금융자산 0 0
덕산네오룩스 213420 기타유동자산 2,161,272,378 2,137,475,259
덕산네오룩스 213420 매각예정비유동자산 0 0
덕산네오룩스 213420 비유동자산 76,493,350,808 72,523,870,114
덕산네오룩스 213420 장기금융상품 0 0
덕산네오룩스 213420 기타포괄손익-공정가치 0 0
덕산네오룩스 213420 당기손익인식공정가치측정금융자산 0 0
덕산네오룩스 213420 종속회사투자 0 0
덕산네오룩스 213420 관계회사투자 0 0
덕산네오룩스 213420 렌탈자산 0 0
덕산네오룩스 213420 유형자산 45,282,205,537 42,345,155,390
덕산네오룩스 213420 무형자산 30,455,696,281 29,525,807,264
덕산네오룩스 213420 기타비유동금융자산 0 0
덕산네오룩스 213420 기타비유동자산 0 0
덕산네오룩스 213420 사용권자산 0 0
덕산네오룩스 213420 이연법인세자산 0 0
덕산네오룩스 213420 자산총계 147,208,560,718 149,244,922,191
덕산네오룩스 213420 유동부채 11,212,342,999 19,614,192,193
덕산네오룩스 213420 단기매입채무 0 0
덕산네오룩스 213420 단기차입금 1,000,000,000 1,000,000,000
덕산네오룩스 213420 유동성장기차입금 0 0
덕산네오룩스 213420 유동성사채 0 0
덕산네오룩스 213420 기타유동금융부채 5,610,301,419 7,437,497,201
덕산네오룩스 213420 기타유동부채 1,156,858,632 2,778,031,763
덕산네오룩스 213420 당기법인세부채 142,964,939 322,616,301
덕산네오룩스 213420 유동리스부채 0 0
덕산네오룩스 213420 비유동부채 6,026,435,315 7,148,682,924
덕산네오룩스 213420 사채 0 0
덕산네오룩스 213420 장기차입금 0 0
덕산네오룩스 213420 기타비유동금융부채 484,125,541 433,930,550
덕산네오룩스 213420 이연법인세부채 3,685,617,070 3,582,954,094
덕산네오룩스 213420 비유동리스부채 0 0
덕산네오룩스 213420 부채총계 17,238,778,314 26,762,875,117
덕산네오룩스 213420 자본금 4,802,002,400 4,802,002,400
덕산네오룩스 213420 자본잉여금 0 0
덕산네오룩스 213420 자본조정 0 0
덕산네오룩스 213420 기타포괄손익누계액 0 0
덕산네오룩스 213420 이익잉여금(결손금) 0 0
덕산네오룩스 213420 자본총계 129,969,782,404 122,482,047,074
덕산네오룩스 213420 자본과부채총계 147,208,560,718 149,244,922,191
date : 2018-09-30
덕산네오룩스 213420 유동자산 65,741,029,302 76,721,052,077
덕산네오룩스 213420 현금및현금성자산 39,264,366,144 47,719,537,118
덕산네오룩스 213420 매출채권 7,830,024,665 6,637,123,860
덕산네오룩스 213420 재고자산 15,822,619,995 17,882,849,169
덕산네오룩스 213420 기타유동금융자산 0 0
덕산네오룩스 213420 기타유동자산 2,351,467,881 2,137,475,259
덕산네오룩스 213420 매각예정비유동자산 0 0
덕산네오룩스 213420 비유동자산 88,099,985,227 72,523,870,114
덕산네오룩스 213420 장기금융상품 0 0
덕산네오룩스 213420 기타포괄손익-공정가치 0 0
덕산네오룩스 213420 당기손익인식공정가치측정금융자산 0 0
덕산네오룩스 213420 종속회사투자 0 0
덕산네오룩스 213420 관계회사투자 0 0
덕산네오룩스 213420 렌탈자산 0 0
덕산네오룩스 213420 유형자산 45,480,409,701 42,345,155,390
덕산네오룩스 213420 무형자산 30,496,126,536 29,525,807,264
덕산네오룩스 213420 기타비유동금융자산 0 0
덕산네오룩스 213420 기타비유동자산 0 0
덕산네오룩스 213420 사용권자산 0 0
덕산네오룩스 213420 이연법인세자산 0 0
덕산네오룩스 213420 자산총계 153,841,014,529 149,244,922,191
덕산네오룩스 213420 유동부채 9,829,819,299 19,614,192,193
덕산네오룩스 213420 단기매입채무 0 0
덕산네오룩스 213420 단기차입금 1,000,000,000 1,000,000,000
덕산네오룩스 213420 유동성장기차입금 0 0
덕산네오룩스 213420 유동성사채 0 0
덕산네오룩스 213420 기타유동금융부채 3,767,293,393 7,437,497,201
덕산네오룩스 213420 기타유동부채 1,348,523,035 2,778,031,763
덕산네오룩스 213420 당기법인세부채 447,430,920 322,616,301
덕산네오룩스 213420 유동리스부채 0 0
덕산네오룩스 213420 비유동부채 5,963,207,442 7,148,682,924
덕산네오룩스 213420 사채 0 0
덕산네오룩스 213420 장기차입금 0 0
덕산네오룩스 213420 기타비유동금융부채 438,873,053 433,930,550
덕산네오룩스 213420 이연법인세부채 3,685,617,070 3,582,954,094
덕산네오룩스 213420 비유동리스부채 0 0
덕산네오룩스 213420 부채총계 15,793,026,741 26,762,875,117
덕산네오룩스 213420 자본금 4,802,002,400 4,802,002,400
덕산네오룩스 213420 자본잉여금 0 0
덕산네오룩스 213420 자본조정 0 0
덕산네오룩스 213420 기타포괄손익누계액 0 0
덕산네오룩스 213420 이익잉여금(결손금) 0 0
덕산네오룩스 213420 자본총계 138,047,987,788 122,482,047,074
덕산네오룩스 213420 자본과부채총계 153,841,014,529 149,244,922,191
date : 2018-12-31
덕산네오룩스 213420 유동자산 72,141,689,043 76,721,052,077
덕산네오룩스 213420 현금및현금성자산 38,165,674,623 47,719,537,118
덕산네오룩스 213420 매출채권 7,770,441,032 6,637,123,860
덕산네오룩스 213420 재고자산 23,455,388,991 17,882,849,169
덕산네오룩스 213420 기타유동금융자산 0 0
덕산네오룩스 213420 기타유동자산 2,285,620,372 2,137,475,259
덕산네오룩스 213420 매각예정비유동자산 0 0
덕산네오룩스 213420 비유동자산 88,181,123,408 72,523,870,114
덕산네오룩스 213420 장기금융상품 0 0
덕산네오룩스 213420 기타포괄손익-공정가치 0 0
덕산네오룩스 213420 당기손익인식공정가치측정금융자산 0 0
덕산네오룩스 213420 종속회사투자 0 0
덕산네오룩스 213420 관계회사투자 0 0
덕산네오룩스 213420 렌탈자산 0 0
덕산네오룩스 213420 유형자산 45,513,967,960 42,345,155,390
덕산네오룩스 213420 무형자산 30,577,816,458 29,525,807,264
덕산네오룩스 213420 기타비유동금융자산 0 0
덕산네오룩스 213420 기타비유동자산 0 0
덕산네오룩스 213420 사용권자산 0 0
덕산네오룩스 213420 이연법인세자산 0 0
덕산네오룩스 213420 자산총계 160,322,812,451 149,244,922,191
덕산네오룩스 213420 유동부채 13,681,612,837 19,614,192,193
덕산네오룩스 213420 단기매입채무 0 0
덕산네오룩스 213420 단기차입금 1,000,000,000 1,000,000,000
덕산네오룩스 213420 유동성장기차입금 0 0
덕산네오룩스 213420 유동성사채 0 0
덕산네오룩스 213420 기타유동금융부채 4,557,365,985 7,437,497,201
덕산네오룩스 213420 기타유동부채 1,862,274,701 2,778,031,763
덕산네오룩스 213420 당기법인세부채 1,490,414,420 322,616,301
덕산네오룩스 213420 유동리스부채 0 0
덕산네오룩스 213420 비유동부채 5,695,268,014 7,148,682,924
덕산네오룩스 213420 사채 0 0
덕산네오룩스 213420 장기차입금 0 0
덕산네오룩스 213420 기타비유동금융부채 463,116,918 433,930,550
덕산네오룩스 213420 이연법인세부채 4,187,810,980 3,582,954,094
덕산네오룩스 213420 비유동리스부채 0 0
덕산네오룩스 213420 부채총계 19,376,880,851 26,762,875,117
덕산네오룩스 213420 자본금 4,802,002,400 4,802,002,400
덕산네오룩스 213420 자본잉여금 0 0
덕산네오룩스 213420 자본조정 0 0
덕산네오룩스 213420 기타포괄손익누계액 0 0
덕산네오룩스 213420 이익잉여금(결손금) 0 0
덕산네오룩스 213420 자본총계 140,945,931,600 122,482,047,074
덕산네오룩스 213420 자본과부채총계 160,322,812,451 149,244,922,191
date : 2019-03-31
덕산네오룩스 213420 유동자산 71,723,731,347 72,141,689,043
덕산네오룩스 213420 현금및현금성자산 38,894,839,436 38,165,674,623
덕산네오룩스 213420 매출채권 6,836,152,129 7,770,441,032
덕산네오룩스 213420 재고자산 23,173,861,526 23,455,388,991
덕산네오룩스 213420 기타유동금융자산 0 0
덕산네오룩스 213420 기타유동자산 2,203,935,546 2,285,620,372
덕산네오룩스 213420 매각예정비유동자산 0 0
덕산네오룩스 213420 비유동자산 87,667,433,443 88,181,123,408
덕산네오룩스 213420 장기금융상품 0 0
덕산네오룩스 213420 기타포괄손익-공정가치 0 0
덕산네오룩스 213420 당기손익인식공정가치측정금융자산 0 0
덕산네오룩스 213420 종속회사투자 0 0
덕산네오룩스 213420 관계회사투자 0 0
덕산네오룩스 213420 렌탈자산 0 0
덕산네오룩스 213420 유형자산 44,912,691,520 45,513,967,960
덕산네오룩스 213420 무형자산 30,611,602,933 30,577,816,458
덕산네오룩스 213420 기타비유동금융자산 0 0
덕산네오룩스 213420 기타비유동자산 0 0
덕산네오룩스 213420 사용권자산 0 0
덕산네오룩스 213420 이연법인세자산 0 0
덕산네오룩스 213420 자산총계 159,391,164,790 160,322,812,451
덕산네오룩스 213420 유동부채 9,992,506,315 13,681,612,837
덕산네오룩스 213420 단기매입채무 0 0
덕산네오룩스 213420 단기차입금 1,000,000,000 1,000,000,000
덕산네오룩스 213420 유동성장기차입금 0 0
덕산네오룩스 213420 유동성사채 0 0
덕산네오룩스 213420 기타유동금융부채 3,738,222,191 4,557,365,985
덕산네오룩스 213420 기타유동부채 960,490,381 1,862,274,701
덕산네오룩스 213420 당기법인세부채 1,739,126,230 1,490,414,420
덕산네오룩스 213420 유동리스부채 0 0
덕산네오룩스 213420 비유동부채 6,438,276,226 5,695,268,014
덕산네오룩스 213420 사채 0 0
덕산네오룩스 213420 장기차입금 0 0
덕산네오룩스 213420 기타비유동금융부채 472,785,448 463,116,918
덕산네오룩스 213420 이연법인세부채 4,187,810,980 4,187,810,980
덕산네오룩스 213420 비유동리스부채 0 0
덕산네오룩스 213420 부채총계 16,430,782,541 19,376,880,851
덕산네오룩스 213420 자본금 4,802,002,400 4,802,002,400
덕산네오룩스 213420 자본잉여금 0 0
덕산네오룩스 213420 자본조정 0 0
덕산네오룩스 213420 기타포괄손익누계액 0 0
덕산네오룩스 213420 이익잉여금(결손금) 0 0
덕산네오룩스 213420 자본총계 142,960,382,249 140,945,931,600
덕산네오룩스 213420 자본과부채총계 159,391,164,790 160,322,812,451
