date : 2019-03-31
이노션 214320 유동자산 748,121,134,537 754,885,223,756
이노션 214320 현금및현금성자산 141,754,773,945 132,182,222,197
이노션 214320 매출채권 및 기타채권
이노션 214320 비유동자산 164,115,382,585 163,001,695,065
이노션 214320 장기금융상품 6,000,000 6,000,000
이노션 214320 유형자산 12,109,386,430 9,978,978,972
이노션 214320 무형자산 14,301,874,040 14,345,284,040
이노션 214320 이연법인세자산 285,881,227 0
이노션 214320 자산총계 912,236,517,122 917,886,918,821
이노션 214320 유동부채 296,989,739,365 282,699,819,571
이노션 214320 당기법인세부채 910,513,267 7,640,692,072
이노션 214320 비유동부채 7,021,620,139 3,914,988,115
이노션 214320 사채 10,000,000 10,000,000
이노션 214320 이연법인세부채 14,269,693 0
이노션 214320 부채총계 304,011,359,504 286,614,807,686
이노션 214320 자본금 10,000,000,000 10,000,000,000
이노션 214320 자본총계 608,225,157,618 631,272,111,135
이노션 214320 자본과부채총계 912,236,517,122 917,886,918,821
