date : 2019-03-31
아이쓰리시스템 214430 유동자산 53,495,703,988 57,876,971,017
아이쓰리시스템 214430 현금및현금성자산 7,989,088,283 11,391,075,522
아이쓰리시스템 214430 재고자산 28,391,561,028 24,942,275,464
아이쓰리시스템 214430 기타유동자산 998,582,950 477,871,424
아이쓰리시스템 214430 비유동자산 36,801,932,293 34,049,988,925
아이쓰리시스템 214430 장기금융상품 116,000,000 110,000,000
아이쓰리시스템 214430 유형자산 31,506,069,156 28,756,512,716
아이쓰리시스템 214430 무형자산 395,693,486 410,699,054
아이쓰리시스템 214430 이연법인세자산 4,064,674,153 4,085,993,356
아이쓰리시스템 214430 기타비유동자산 46,162,368 13,450,669
아이쓰리시스템 214430 자산총계 90,297,636,281 91,926,959,942
아이쓰리시스템 214430 유동부채 15,635,894,533 16,655,921,122
아이쓰리시스템 214430 기타유동금융부채 1,895,879,813 38,699,520
아이쓰리시스템 214430 당기법인세부채 148,012,677 103,545,570
아이쓰리시스템 214430 기타유동부채 3,017,764,200 2,817,108,236
아이쓰리시스템 214430 비유동부채 4,283,054,241 4,481,324,145
아이쓰리시스템 214430 장기차입금 3,323,305,394 3,641,450,010
아이쓰리시스템 214430 부채총계 19,918,948,774 21,137,245,267
아이쓰리시스템 214430 자본금 3,580,660,000 3,580,660,000
아이쓰리시스템 214430 자본총계 70,378,687,507 70,789,714,675
아이쓰리시스템 214430 자본과부채총계 90,297,636,281 91,926,959,942
