date : 2019-03-31
메가스터디교육 215200 유동자산 89,214,879,441 74,177,531,231
메가스터디교육 215200 현금및현금성자산 19,318,951,827 15,903,681,676
메가스터디교육 215200 매출채권 12,704,224,969 13,618,892,830
메가스터디교육 215200 재고자산 4,032,240,008 2,822,522,839
메가스터디교육 215200 기타유동자산 15,576,217,919 10,102,623,089
메가스터디교육 215200 비유동자산 298,866,655,030 269,865,437,569
메가스터디교육 215200 유형자산 158,910,992,166 154,477,530,783
메가스터디교육 215200 사용권자산 22,750,849,938 0
메가스터디교육 215200 무형자산 35,004,566,658 38,015,027,303
메가스터디교육 215200 기타비유동자산 12,398,595,442 11,144,804,603
메가스터디교육 215200 이연법인세자산 3,534,060,271 2,659,391,352
메가스터디교육 215200 자산총계 388,081,534,471 344,042,968,800
메가스터디교육 215200 유동부채 141,706,838,181 117,623,727,158
메가스터디교육 215200 당기법인세부채 12,786,738,946 9,792,528,021
메가스터디교육 215200 기타유동부채 3,272,457,923 1,677,866,047
메가스터디교육 215200 비유동부채 42,262,100,556 18,463,991,283
메가스터디교육 215200 부채총계 183,968,938,737 136,087,718,441
메가스터디교육 215200 자본금 1,176,188,000 1,176,188,000
메가스터디교육 215200 이익잉여금(결손금) 46,362,092,411 48,687,804,558
메가스터디교육 215200 자본총계 204,112,595,734 207,955,250,359
메가스터디교육 215200 자본과부채총계 388,081,534,471 344,042,968,800
