date : 2019-03-31
신라젠 215600 유동자산 207,465,282,564 114,580,964,941
신라젠 215600 현금및현금성자산 8,207,148,934 7,320,754,417
신라젠 215600 매출채권 및 기타유동채권
신라젠 215600 기타유동금융자산 30,975,005,000 10,975,005,000
신라젠 215600 기타유동자산 72,837,312 59,798,874
신라젠 215600 비유동자산 176,432,851,059 168,036,239,737
신라젠 215600 유형자산 1,188,292,710 1,242,492,691
신라젠 215600 무형자산 36,102,081,265 36,211,251,585
신라젠 215600 기타비유동금융자산 29,679,613,295 23,298,150,102
신라젠 215600 기타비유동자산 253,279,438 244,844,338
신라젠 215600 자산총계 383,898,133,623 282,617,204,678
신라젠 215600 유동부채 7,328,107,136 9,613,306,320
신라젠 215600 기타유동부채 1,209,446,126 1,131,858,886
신라젠 215600 비유동부채 94,221,215,352 12,095,150,364
신라젠 215600 부채총계 101,549,322,488 21,708,456,684
신라젠 215600 자본금 35,230,062,500 34,908,516,500
신라젠 215600 기타포괄손익누계액 3,335,700,000 3,335,700,000
신라젠 215600 이익잉여금(결손금) -130,279,484,926 -120,471,424,743
신라젠 215600 자본총계 282,348,811,135 260,908,747,994
신라젠 215600 자본과부채총계 383,898,133,623 282,617,204,678
