date : 2015-12-31
제너셈 217190 유동자산 27,440,328,024 12,699,593,447
제너셈 217190 현금및현금성자산 4,915,736,116 1,862,252,036
제너셈 217190 매출채권 및 기타유동채권
제너셈 217190 재고자산 4,866,680,473 2,947,454,453
제너셈 217190 기타유동금융자산 0 0
제너셈 217190 기타유동자산 130,263,680 46,389,843
제너셈 217190 매각예정비유동자산 0 0
제너셈 217190 비유동자산 17,579,899,082 12,411,272,728
제너셈 217190 장기금융상품 331,325,071 151,980,888
제너셈 217190 기타포괄손익-공정가치 0 0
제너셈 217190 당기손익인식공정가치측정금융자산 0 0
제너셈 217190 종속회사투자 0 0
제너셈 217190 관계회사투자 0 0
제너셈 217190 렌탈자산 0 0
제너셈 217190 유형자산 16,917,585,762 11,793,962,100
제너셈 217190 무형자산 149,782,249 145,930,740
제너셈 217190 기타비유동금융자산 0 0
제너셈 217190 기타비유동자산 0 0
제너셈 217190 사용권자산 0 0
제너셈 217190 이연법인세자산 0 0
제너셈 217190 자산총계 45,020,227,106 25,110,866,175
제너셈 217190 유동부채 12,269,771,137 10,033,838,825
제너셈 217190 단기매입채무 0 0
제너셈 217190 단기차입금 800,000,000 3,622,000,000
제너셈 217190 유동성장기차입금 4,814,666,670 657,333,332
제너셈 217190 유동성사채 0 0
제너셈 217190 기타유동금융부채 0 0
제너셈 217190 기타유동부채 589,359,109 1,718,109,798
제너셈 217190 당기법인세부채 238,987,988 149,905,984
제너셈 217190 유동리스부채 0 0
제너셈 217190 비유동부채 3,670,478,012 4,235,441,005
제너셈 217190 사채 0 0
제너셈 217190 장기차입금 2,630,000,000 3,082,666,670
제너셈 217190 기타비유동금융부채 0 0
제너셈 217190 이연법인세부채 705,476,900 515,527,890
제너셈 217190 비유동리스부채 0 0
제너셈 217190 부채총계 15,940,249,149 14,269,279,830
제너셈 217190 자본금 4,384,587,000 1,118,635,000
제너셈 217190 자본잉여금 0 0
제너셈 217190 자본조정 0 0
제너셈 217190 기타포괄손익누계액 0 0
제너셈 217190 이익잉여금(결손금) 10,469,319,196 6,256,186,384
제너셈 217190 자본총계 29,079,977,957 10,841,586,345
제너셈 217190 자본과부채총계 45,020,227,106 25,110,866,175
date : 2016-03-31
제너셈 217190 유동자산 24,784,493,739 27,440,328,024
제너셈 217190 현금및현금성자산 3,809,886,389 4,915,736,116
제너셈 217190 매출채권 및 기타유동채권
제너셈 217190 재고자산 5,224,227,701 4,866,680,473
제너셈 217190 기타유동금융자산 0 0
제너셈 217190 기타유동자산 180,005,526 130,263,680
제너셈 217190 매각예정비유동자산 0 0
제너셈 217190 비유동자산 18,065,465,305 17,579,899,082
제너셈 217190 장기금융상품 373,326,787 331,325,071
제너셈 217190 기타포괄손익-공정가치 0 0
제너셈 217190 당기손익인식공정가치측정금융자산 0 0
제너셈 217190 종속회사투자 0 0
제너셈 217190 관계회사투자 0 0
제너셈 217190 렌탈자산 0 0
제너셈 217190 유형자산 17,360,960,550 16,917,585,762
제너셈 217190 무형자산 149,971,968 149,782,249
제너셈 217190 기타비유동금융자산 0 0
제너셈 217190 기타비유동자산 0 0
제너셈 217190 사용권자산 0 0
제너셈 217190 이연법인세자산 0 0
제너셈 217190 자산총계 42,849,959,044 45,020,227,106
제너셈 217190 유동부채 10,776,047,749 12,269,771,137
제너셈 217190 단기매입채무 0 0
제너셈 217190 단기차입금 1,238,000,000 800,000,000
제너셈 217190 유동성장기차입금 4,486,000,000 4,814,666,670
제너셈 217190 유동성사채 0 0
제너셈 217190 기타유동금융부채 0 0
제너셈 217190 기타유동부채 1,592,018,719 589,359,109
제너셈 217190 당기법인세부채 90,467,078 238,987,988
제너셈 217190 유동리스부채 0 0
제너셈 217190 비유동부채 3,644,262,035 3,670,478,012
제너셈 217190 사채 0 0
제너셈 217190 장기차입금 2,630,000,000 2,630,000,000
제너셈 217190 기타비유동금융부채 0 0
제너셈 217190 이연법인세부채 705,476,900 705,476,900
제너셈 217190 비유동리스부채 0 0
제너셈 217190 부채총계 14,420,309,784 15,940,249,149
제너셈 217190 자본금 4,384,587,000 4,384,587,000
제너셈 217190 자본잉여금 0 0
제너셈 217190 자본조정 0 0
제너셈 217190 기타포괄손익누계액 0 0
제너셈 217190 이익잉여금(결손금) 9,669,480,499 10,469,319,196
제너셈 217190 자본총계 28,429,649,260 29,079,977,957
제너셈 217190 자본과부채총계 42,849,959,044 45,020,227,106
date : 2016-06-30
제너셈 217190 유동자산 24,123,099,966 27,440,328,024
제너셈 217190 현금및현금성자산 2,541,614,334 4,915,736,116
제너셈 217190 매출채권 및 기타유동채권
제너셈 217190 재고자산 5,062,513,119 4,866,680,473
제너셈 217190 기타유동금융자산 0 0
제너셈 217190 기타유동자산 254,594,176 130,263,680
제너셈 217190 매각예정비유동자산 0 0
제너셈 217190 비유동자산 20,257,104,294 17,579,899,082
제너셈 217190 장기금융상품 415,328,503 331,325,071
제너셈 217190 기타포괄손익-공정가치 0 0
제너셈 217190 당기손익인식공정가치측정금융자산 0 0
제너셈 217190 종속회사투자 0 0
제너셈 217190 관계회사투자 0 0
제너셈 217190 렌탈자산 0 0
제너셈 217190 유형자산 19,495,426,132 16,917,585,762
제너셈 217190 무형자산 150,123,659 149,782,249
제너셈 217190 기타비유동금융자산 0 0
제너셈 217190 기타비유동자산 0 0
제너셈 217190 사용권자산 0 0
제너셈 217190 이연법인세자산 0 0
제너셈 217190 자산총계 44,380,204,260 45,020,227,106
제너셈 217190 유동부채 13,329,515,464 12,269,771,137
제너셈 217190 단기매입채무 0 0
제너셈 217190 단기차입금 3,731,590,000 800,000,000
제너셈 217190 유동성장기차입금 4,324,000,000 4,814,666,670
제너셈 217190 유동성사채 0 0
제너셈 217190 기타유동금융부채 0 0
제너셈 217190 기타유동부채 0 0
제너셈 217190 당기법인세부채 0 238,987,988
제너셈 217190 유동리스부채 0 0
제너셈 217190 비유동부채 3,182,239,987 3,670,478,012
제너셈 217190 사채 0 0
제너셈 217190 장기차입금 2,430,000,000 2,630,000,000
제너셈 217190 기타비유동금융부채 0 0
제너셈 217190 이연법인세부채 446,315,219 705,476,900
제너셈 217190 비유동리스부채 0 0
제너셈 217190 부채총계 16,511,755,451 15,940,249,149
제너셈 217190 자본금 4,384,587,000 4,384,587,000
제너셈 217190 자본잉여금 0 0
제너셈 217190 자본조정 0 0
제너셈 217190 기타포괄손익누계액 0 0
제너셈 217190 이익잉여금(결손금) 9,433,081,660 10,469,319,196
제너셈 217190 자본총계 27,868,448,809 29,079,977,957
제너셈 217190 자본과부채총계 44,380,204,260 45,020,227,106
date : 2016-09-30
제너셈 217190 유동자산 21,844,643,034 27,440,328,024
제너셈 217190 현금및현금성자산 735,375,506 4,915,736,116
제너셈 217190 매출채권 및 기타유동채권
제너셈 217190 재고자산 7,087,855,604 4,866,680,473
제너셈 217190 기타유동금융자산 0 0
제너셈 217190 기타유동자산 262,468,583 130,263,680
제너셈 217190 매각예정비유동자산 0 0
제너셈 217190 비유동자산 23,495,319,139 17,579,899,082
제너셈 217190 장기금융상품 447,330,219 331,325,071
제너셈 217190 기타포괄손익-공정가치 0 0
제너셈 217190 당기손익인식공정가치측정금융자산 0 0
제너셈 217190 종속회사투자 0 0
제너셈 217190 관계회사투자 0 0
제너셈 217190 렌탈자산 0 0
제너셈 217190 유형자산 22,694,763,822 16,917,585,762
제너셈 217190 무형자산 157,499,098 149,782,249
제너셈 217190 기타비유동금융자산 0 0
제너셈 217190 기타비유동자산 0 0
제너셈 217190 사용권자산 0 0
제너셈 217190 이연법인세자산 0 0
제너셈 217190 자산총계 45,339,962,173 45,020,227,106
제너셈 217190 유동부채 15,737,253,172 12,269,771,137
제너셈 217190 단기매입채무 0 0
제너셈 217190 단기차입금 6,800,000,000 800,000,000
제너셈 217190 유동성장기차입금 4,162,000,000 4,814,666,670
제너셈 217190 유동성사채 0 0
제너셈 217190 기타유동금융부채 0 0
제너셈 217190 기타유동부채 885,942,978 589,359,109
제너셈 217190 당기법인세부채 0 238,987,988
제너셈 217190 유동리스부채 0 0
제너셈 217190 비유동부채 3,134,926,663 3,670,478,012
제너셈 217190 사채 0 0
제너셈 217190 장기차입금 2,430,000,000 2,630,000,000
제너셈 217190 기타비유동금융부채 0 0
제너셈 217190 이연법인세부채 446,315,219 705,476,900
제너셈 217190 비유동리스부채 0 0
제너셈 217190 부채총계 18,872,179,835 15,940,249,149
제너셈 217190 자본금 4,384,587,000 4,384,587,000
제너셈 217190 자본잉여금 0 0
제너셈 217190 자본조정 0 0
제너셈 217190 기타포괄손익누계액 0 0
제너셈 217190 이익잉여금(결손금) 0 0
제너셈 217190 자본총계 26,467,782,338 29,079,977,957
제너셈 217190 자본과부채총계 45,339,962,173 45,020,227,106
date : 2016-12-31
제너셈 217190 유동자산 22,787,574,285 27,440,328,024
제너셈 217190 현금및현금성자산 1,998,561,736 4,915,736,116
제너셈 217190 매출채권 및 기타유동채권
제너셈 217190 재고자산 6,753,974,080 4,866,680,473
제너셈 217190 기타유동금융자산 0 0
제너셈 217190 기타유동자산 257,437,357 130,263,680
제너셈 217190 매각예정비유동자산 0 0
제너셈 217190 비유동자산 27,227,395,237 17,579,899,082
제너셈 217190 장기금융상품 477,972,758 331,325,071
제너셈 217190 기타포괄손익-공정가치 0 0
제너셈 217190 당기손익인식공정가치측정금융자산 0 0
제너셈 217190 종속회사투자 0 0
제너셈 217190 관계회사투자 0 0
제너셈 217190 렌탈자산 0 0
제너셈 217190 유형자산 26,226,399,626 16,917,585,762
제너셈 217190 무형자산 162,216,853 149,782,249
제너셈 217190 기타비유동금융자산 0 0
제너셈 217190 기타비유동자산 0 0
제너셈 217190 사용권자산 0 0
제너셈 217190 이연법인세자산 0 0
제너셈 217190 자산총계 50,014,969,522 45,020,227,106
제너셈 217190 유동부채 8,319,201,723 12,269,771,137
제너셈 217190 단기매입채무 0 0
제너셈 217190 단기차입금 2,800,000,000 800,000,000
제너셈 217190 유동성장기차입금 648,000,000 4,814,666,670
제너셈 217190 유동성사채 0 0
제너셈 217190 기타유동금융부채 0 0
제너셈 217190 기타유동부채 663,913,260 589,359,109
제너셈 217190 당기법인세부채 0 238,987,988
제너셈 217190 유동리스부채 0 0
제너셈 217190 비유동부채 13,755,805,253 3,670,478,012
제너셈 217190 사채 0 0
제너셈 217190 장기차입금 9,782,000,000 2,630,000,000
제너셈 217190 기타비유동금융부채 0 0
제너셈 217190 이연법인세부채 302,004,787 705,476,900
제너셈 217190 비유동리스부채 0 0
제너셈 217190 부채총계 22,075,006,976 15,940,249,149
제너셈 217190 자본금 4,384,587,000 4,384,587,000
제너셈 217190 자본잉여금 0 0
제너셈 217190 자본조정 0 0
제너셈 217190 기타포괄손익누계액 0 0
제너셈 217190 이익잉여금(결손금) 8,778,267,186 10,469,319,196
제너셈 217190 자본총계 27,939,962,546 29,079,977,957
제너셈 217190 자본과부채총계 50,014,969,522 45,020,227,106
date : 2017-03-31
제너셈 217190 유동자산 23,925,909,176 22,787,574,285
제너셈 217190 현금및현금성자산 286,850,153 1,998,561,736
제너셈 217190 매출채권 및 기타유동채권
제너셈 217190 재고자산 9,525,167,664 6,753,974,080
제너셈 217190 기타유동금융자산 0 0
제너셈 217190 기타유동자산 890,517,857 257,437,357
제너셈 217190 매각예정비유동자산 0 0
제너셈 217190 비유동자산 27,285,156,244 27,227,395,237
제너셈 217190 장기금융상품 504,974,474 477,972,758
제너셈 217190 기타포괄손익-공정가치 0 0
제너셈 217190 당기손익인식공정가치측정금융자산 0 0
제너셈 217190 종속회사투자 0 0
제너셈 217190 관계회사투자 0 0
제너셈 217190 렌탈자산 0 0
제너셈 217190 유형자산 26,248,657,966 26,226,399,626
제너셈 217190 무형자산 170,717,804 162,216,853
제너셈 217190 기타비유동금융자산 0 0
제너셈 217190 기타비유동자산 0 0
제너셈 217190 사용권자산 0 0
제너셈 217190 이연법인세자산 0 0
제너셈 217190 자산총계 51,211,065,420 50,014,969,522
제너셈 217190 유동부채 10,169,021,589 8,319,201,723
제너셈 217190 단기매입채무 0 0
제너셈 217190 단기차입금 2,800,000,000 2,800,000,000
제너셈 217190 유동성장기차입금 486,000,000 648,000,000
제너셈 217190 유동성사채 0 0
제너셈 217190 기타유동금융부채 0 0
제너셈 217190 기타유동부채 762,276,027 663,913,260
제너셈 217190 당기법인세부채 0 0
제너셈 217190 유동리스부채 0 0
제너셈 217190 비유동부채 13,676,462,213 13,755,805,253
제너셈 217190 사채 0 0
제너셈 217190 장기차입금 9,782,000,000 9,782,000,000
제너셈 217190 기타비유동금융부채 0 0
제너셈 217190 이연법인세부채 113,293,606 302,004,787
제너셈 217190 비유동리스부채 0 0
제너셈 217190 부채총계 23,845,483,802 22,075,006,976
제너셈 217190 자본금 4,384,587,000 4,384,587,000
제너셈 217190 자본잉여금 0 0
제너셈 217190 자본조정 0 0
제너셈 217190 기타포괄손익누계액 0 0
제너셈 217190 이익잉여금(결손금) 8,203,886,258 8,778,267,186
제너셈 217190 자본총계 27,365,581,618 27,939,962,546
제너셈 217190 자본과부채총계 51,211,065,420 50,014,969,522
date : 2017-06-30
제너셈 217190 유동자산 23,461,947,161 22,787,574,285
제너셈 217190 현금및현금성자산 319,381,401 1,998,561,736
제너셈 217190 매출채권 및 기타유동채권
제너셈 217190 재고자산 9,415,240,596 6,753,974,080
제너셈 217190 기타유동금융자산 0 0
제너셈 217190 기타유동자산 65,236,827 257,437,357
제너셈 217190 매각예정비유동자산 0 0
제너셈 217190 비유동자산 27,389,865,310 27,227,395,237
제너셈 217190 장기금융상품 531,976,190 477,972,758
제너셈 217190 기타포괄손익-공정가치 0 0
제너셈 217190 당기손익인식공정가치측정금융자산 0 0
제너셈 217190 종속회사투자 0 0
제너셈 217190 관계회사투자 0 0
제너셈 217190 렌탈자산 0 0
제너셈 217190 유형자산 26,133,575,155 26,226,399,626
제너셈 217190 무형자산 383,507,965 162,216,853
제너셈 217190 기타비유동금융자산 0 0
제너셈 217190 기타비유동자산 0 0
제너셈 217190 사용권자산 0 0
제너셈 217190 이연법인세자산 0 0
제너셈 217190 자산총계 50,851,812,471 50,014,969,522
제너셈 217190 유동부채 10,292,347,114 8,319,201,723
제너셈 217190 단기매입채무 0 0
제너셈 217190 단기차입금 2,800,000,000 2,800,000,000
제너셈 217190 유동성장기차입금 648,000,000 648,000,000
제너셈 217190 유동성사채 0 0
제너셈 217190 기타유동금융부채 0 0
제너셈 217190 기타유동부채 0 0
제너셈 217190 당기법인세부채 0 0
제너셈 217190 유동리스부채 0 0
제너셈 217190 비유동부채 13,671,161,798 13,755,805,253
제너셈 217190 사채 0 0
제너셈 217190 장기차입금 9,458,000,000 9,782,000,000
제너셈 217190 기타비유동금융부채 0 0
제너셈 217190 이연법인세부채 298,889,617 302,004,787
제너셈 217190 비유동리스부채 0 0
제너셈 217190 부채총계 23,963,508,912 22,075,006,976
제너셈 217190 자본금 4,384,587,000 4,384,587,000
제너셈 217190 자본잉여금 0 0
제너셈 217190 자본조정 0 0
제너셈 217190 기타포괄손익누계액 0 0
제너셈 217190 이익잉여금(결손금) 7,726,608,199 8,778,267,186
제너셈 217190 자본총계 26,888,303,559 27,939,962,546
제너셈 217190 자본과부채총계 50,851,812,471 50,014,969,522
date : 2017-09-30
제너셈 217190 유동자산 25,308,440,340 22,787,574,285
제너셈 217190 현금및현금성자산 792,088,061 1,998,561,736
제너셈 217190 매출채권 및 기타유동채권
제너셈 217190 재고자산 9,445,796,154 6,753,974,080
제너셈 217190 기타유동금융자산 0 0
제너셈 217190 기타유동자산 319,285,719 257,437,357
제너셈 217190 매각예정비유동자산 0 0
제너셈 217190 비유동자산 27,183,429,957 27,227,395,237
제너셈 217190 장기금융상품 437,143,666 477,972,758
제너셈 217190 기타포괄손익-공정가치 0 0
제너셈 217190 당기손익인식공정가치측정금융자산 0 0
제너셈 217190 종속회사투자 0 0
제너셈 217190 관계회사투자 0 0
제너셈 217190 렌탈자산 0 0
제너셈 217190 유형자산 26,030,503,461 26,226,399,626
제너셈 217190 무형자산 374,976,830 162,216,853
제너셈 217190 기타비유동금융자산 0 0
제너셈 217190 기타비유동자산 0 0
제너셈 217190 사용권자산 0 0
제너셈 217190 이연법인세자산 0 0
제너셈 217190 자산총계 52,491,870,297 50,014,969,522
제너셈 217190 유동부채 10,942,674,303 8,319,201,723
제너셈 217190 단기매입채무 0 0
제너셈 217190 단기차입금 2,800,000,000 2,800,000,000
제너셈 217190 유동성장기차입금 0 0
제너셈 217190 유동성사채 0 0
제너셈 217190 기타유동금융부채 0 0
제너셈 217190 기타유동부채 2,162,398,040 663,913,260
제너셈 217190 당기법인세부채 0 0
제너셈 217190 유동리스부채 0 0
제너셈 217190 비유동부채 13,982,200,169 13,755,805,253
제너셈 217190 사채 0 0
제너셈 217190 장기차입금 9,782,000,000 9,782,000,000
제너셈 217190 기타비유동금융부채 0 0
제너셈 217190 이연법인세부채 298,889,617 302,004,787
제너셈 217190 비유동리스부채 0 0
제너셈 217190 부채총계 24,924,874,472 22,075,006,976
제너셈 217190 자본금 4,384,587,000 4,384,587,000
제너셈 217190 자본잉여금 0 0
제너셈 217190 자본조정 0 0
제너셈 217190 기타포괄손익누계액 0 0
제너셈 217190 이익잉여금(결손금) 0 0
제너셈 217190 자본총계 27,566,995,825 27,939,962,546
제너셈 217190 자본과부채총계 52,491,870,297 50,014,969,522
date : 2017-12-31
제너셈 217190 유동자산 17,426,606,404 22,787,574,285
제너셈 217190 현금및현금성자산 1,903,996,344 1,998,561,736
제너셈 217190 매출채권 및 기타채권
제너셈 217190 재고자산 5,233,745,974 6,753,974,080
제너셈 217190 기타유동금융자산 0 0
제너셈 217190 기타유동자산 132,432,812 257,437,357
제너셈 217190 매각예정비유동자산 0 0
제너셈 217190 비유동자산 27,021,903,852 27,227,395,237
제너셈 217190 장기금융상품 464,107,312 477,972,758
제너셈 217190 기타포괄손익-공정가치 0 0
제너셈 217190 당기손익인식공정가치측정금융자산 0 0
제너셈 217190 종속회사투자 0 0
제너셈 217190 관계회사투자 0 0
제너셈 217190 렌탈자산 0 0
제너셈 217190 유형자산 25,856,419,846 26,226,399,626
제너셈 217190 무형자산 360,570,694 162,216,853
제너셈 217190 기타비유동금융자산 0 0
제너셈 217190 기타비유동자산 0 0
제너셈 217190 사용권자산 0 0
제너셈 217190 이연법인세자산 0 0
제너셈 217190 자산총계 44,448,510,256 50,014,969,522
제너셈 217190 유동부채 12,832,742,671 8,319,201,723
제너셈 217190 단기매입채무 0 0
제너셈 217190 단기차입금 2,800,000,000 2,800,000,000
제너셈 217190 유동성장기차입금 1,048,000,000 648,000,000
제너셈 217190 유동성사채 0 0
제너셈 217190 기타유동금융부채 0 0
제너셈 217190 기타유동부채 1,849,673,651 663,913,260
제너셈 217190 당기법인세부채 0 0
제너셈 217190 유동리스부채 0 0
제너셈 217190 비유동부채 8,882,236,111 13,755,805,253
제너셈 217190 사채 0 0
제너셈 217190 장기차입금 8,734,000,000 9,782,000,000
제너셈 217190 기타비유동금융부채 0 0
제너셈 217190 이연법인세부채 0 302,004,787
제너셈 217190 비유동리스부채 0 0
제너셈 217190 부채총계 21,714,978,782 22,075,006,976
제너셈 217190 자본금 4,384,587,000 4,384,587,000
제너셈 217190 자본잉여금 0 0
제너셈 217190 자본조정 0 0
제너셈 217190 기타포괄손익누계액 0 0
제너셈 217190 이익잉여금(결손금) 0 0
제너셈 217190 자본총계 22,733,531,474 27,939,962,546
제너셈 217190 자본과부채총계 44,448,510,256 50,014,969,522
date : 2018-03-31
제너셈 217190 유동자산 17,415,221,136 17,426,606,404
제너셈 217190 현금및현금성자산 794,168,326 1,903,996,344
제너셈 217190 매출채권 및 기타유동채권
제너셈 217190 재고자산 7,021,626,172 5,233,745,974
제너셈 217190 기타유동금융자산 349,766,369 132,432,812
제너셈 217190 기타유동자산 0 0
제너셈 217190 매각예정비유동자산 0 0
제너셈 217190 비유동자산 27,924,193,426 27,021,903,852
제너셈 217190 장기금융상품 491,070,958 464,107,312
제너셈 217190 기타포괄손익-공정가치 0 0
제너셈 217190 당기손익인식공정가치측정금융자산 0 0
제너셈 217190 종속회사투자 0 0
제너셈 217190 관계회사투자 0 0
제너셈 217190 렌탈자산 0 0
제너셈 217190 유형자산 25,711,296,080 25,856,419,846
제너셈 217190 무형자산 1,380,020,388 360,570,694
제너셈 217190 기타비유동금융자산 0 0
제너셈 217190 기타비유동자산 0 0
제너셈 217190 사용권자산 0 0
제너셈 217190 이연법인세자산 0 0
제너셈 217190 자산총계 45,339,414,562 44,448,510,256
제너셈 217190 유동부채 15,297,531,253 12,832,742,671
제너셈 217190 단기매입채무 0 0
제너셈 217190 단기차입금 4,100,000,000 2,800,000,000
제너셈 217190 유동성장기차입금 0 0
제너셈 217190 유동성사채 3,921,691,836 3,829,769,665
제너셈 217190 기타유동금융부채 0 0
제너셈 217190 기타유동부채 2,051,953,913 1,849,673,651
제너셈 217190 당기법인세부채 0 0
제너셈 217190 유동리스부채 0 0
제너셈 217190 비유동부채 9,717,384,718 8,882,236,111
제너셈 217190 사채 0 0
제너셈 217190 장기차입금 8,734,000,000 8,734,000,000
제너셈 217190 기타비유동금융부채 0 0
제너셈 217190 이연법인세부채 0 0
제너셈 217190 비유동리스부채 0 0
제너셈 217190 부채총계 25,014,915,971 21,714,978,782
제너셈 217190 자본금 4,384,587,000 4,384,587,000
제너셈 217190 자본잉여금 0 0
제너셈 217190 자본조정 0 0
제너셈 217190 기타포괄손익누계액 0 0
제너셈 217190 이익잉여금(결손금) 1,162,803,231 3,571,836,114
제너셈 217190 자본총계 20,324,498,591 22,733,531,474
제너셈 217190 자본과부채총계 45,339,414,562 44,448,510,256
date : 2018-06-30
제너셈 217190 유동자산 17,056,402,375 17,426,606,404
제너셈 217190 현금및현금성자산 1,583,471,371 1,903,996,344
제너셈 217190 매출채권 및 기타유동채권
제너셈 217190 재고자산 6,359,892,406 5,233,745,974
제너셈 217190 기타유동금융자산 88,720,268 132,432,812
제너셈 217190 기타유동자산 0 0
제너셈 217190 매각예정비유동자산 0 0
제너셈 217190 비유동자산 28,140,993,786 27,021,903,852
제너셈 217190 장기금융상품 517,354,604 464,107,312
제너셈 217190 기타포괄손익-공정가치 측정 금융자산
제너셈 217190 당기손익인식공정가치측정금융자산 0 0
제너셈 217190 종속회사투자 0 0
제너셈 217190 관계회사투자 0 0
제너셈 217190 렌탈자산 0 0
제너셈 217190 유형자산 25,589,318,641 25,856,419,846
제너셈 217190 무형자산 1,387,750,541 360,570,694
제너셈 217190 기타비유동금융자산 0 0
제너셈 217190 기타비유동자산 0 0
제너셈 217190 사용권자산 0 0
제너셈 217190 이연법인세자산 0 0
제너셈 217190 자산총계 45,197,396,161 44,448,510,256
제너셈 217190 유동부채 16,699,630,059 12,832,742,671
제너셈 217190 단기매입채무 0 0
제너셈 217190 단기차입금 3,300,000,000 2,800,000,000
제너셈 217190 유동성장기차입금 0 0
제너셈 217190 유동성사채 4,018,996,092 3,829,769,665
제너셈 217190 기타유동금융부채 0 0
제너셈 217190 기타유동부채 1,963,892,980 1,849,673,651
제너셈 217190 당기법인세부채 0 0
제너셈 217190 유동리스부채 0 0
제너셈 217190 비유동부채 9,187,869,576 8,882,236,111
제너셈 217190 사채 0 0
제너셈 217190 장기차입금 8,210,000,000 8,734,000,000
제너셈 217190 기타비유동금융부채 750,000,000 0
제너셈 217190 이연법인세부채 0 0
제너셈 217190 비유동리스부채 0 0
제너셈 217190 부채총계 25,887,499,635 21,714,978,782
제너셈 217190 자본금 4,384,587,000 4,384,587,000
제너셈 217190 자본잉여금 0 0
제너셈 217190 자본조정 0 0
제너셈 217190 기타포괄손익누계액 0 0
제너셈 217190 이익잉여금(결손금) 148,201,166 3,571,836,114
제너셈 217190 자본총계 19,309,896,526 22,733,531,474
제너셈 217190 자본과부채총계 45,197,396,161 44,448,510,256
date : 2018-09-30
제너셈 217190 유동자산 17,821,895,705 17,426,606,404
제너셈 217190 현금및현금성자산 101,718,695 1,903,996,344
제너셈 217190 매출채권 및 기타유동채권
제너셈 217190 재고자산 8,128,138,185 5,233,745,974
제너셈 217190 기타유동금융자산 0 0
제너셈 217190 기타유동자산 214,849,545 132,432,812
제너셈 217190 매각예정비유동자산 0 0
제너셈 217190 비유동자산 27,960,876,243 27,021,903,852
제너셈 217190 장기금융상품 542,102,410 464,107,312
제너셈 217190 기타포괄손익-공정가치 0 0
제너셈 217190 당기손익인식공정가치측정금융자산 0 0
제너셈 217190 종속회사투자 0 0
제너셈 217190 관계회사투자 0 0
제너셈 217190 렌탈자산 0 0
제너셈 217190 유형자산 25,401,820,220 25,856,419,846
제너셈 217190 무형자산 1,373,493,613 360,570,694
제너셈 217190 기타비유동금융자산 0 0
제너셈 217190 기타비유동자산 0 0
제너셈 217190 사용권자산 0 0
제너셈 217190 이연법인세자산 0 0
제너셈 217190 자산총계 45,782,771,948 44,448,510,256
제너셈 217190 유동부채 17,457,653,772 12,832,742,671
제너셈 217190 단기매입채무 0 0
제너셈 217190 단기차입금 4,450,000,000 2,800,000,000
제너셈 217190 유동성장기차입금 786,000,000 1,048,000,000
제너셈 217190 유동성사채 4,111,689,820 3,829,769,665
제너셈 217190 기타유동금융부채 0 0
제너셈 217190 기타유동부채 1,844,379,270 1,849,673,651
제너셈 217190 당기법인세부채 0 0
제너셈 217190 유동리스부채 0 0
제너셈 217190 비유동부채 9,279,196,150 8,882,236,111
제너셈 217190 사채 0 0
제너셈 217190 장기차입금 8,210,000,000 8,734,000,000
제너셈 217190 기타비유동금융부채 0 0
제너셈 217190 이연법인세부채 0 0
제너셈 217190 비유동리스부채 0 0
제너셈 217190 부채총계 26,736,849,922 21,714,978,782
제너셈 217190 자본금 4,384,587,000 4,384,587,000
제너셈 217190 자본잉여금 0 0
제너셈 217190 자본조정 0 0
제너셈 217190 기타포괄손익누계액 0 0
제너셈 217190 이익잉여금(결손금) -115,773,334 3,571,836,114
제너셈 217190 자본총계 19,045,922,026 22,733,531,474
제너셈 217190 자본과부채총계 45,782,771,948 44,448,510,256
date : 2018-12-31
제너셈 217190 유동자산 17,336,443,447 17,426,606,404
제너셈 217190 현금및현금성자산 1,646,483,236 1,903,996,344
제너셈 217190 매출채권 및 기타채권
제너셈 217190 재고자산 4,432,600,064 5,233,745,974
제너셈 217190 기타유동금융자산 0 0
제너셈 217190 기타유동자산 254,997,807 132,432,812
제너셈 217190 매각예정비유동자산 0 0
제너셈 217190 비유동자산 30,534,721,218 27,021,903,852
제너셈 217190 장기금융상품 567,882,910 464,107,312
제너셈 217190 기타포괄손익-공정가치 측정 금융자산
제너셈 217190 당기손익인식공정가치측정금융자산 0 0
제너셈 217190 종속회사투자 0 0
제너셈 217190 관계회사투자 0 0
제너셈 217190 렌탈자산 0 0
제너셈 217190 유형자산 28,239,074,960 25,856,419,846
제너셈 217190 무형자산 1,374,303,348 360,570,694
제너셈 217190 기타비유동금융자산 0 0
제너셈 217190 기타비유동자산 0 0
제너셈 217190 사용권자산 0 0
제너셈 217190 이연법인세자산 0 0
제너셈 217190 자산총계 47,871,164,665 44,448,510,256
제너셈 217190 유동부채 20,555,160,648 12,832,742,671
제너셈 217190 단기매입채무 0 0
제너셈 217190 단기차입금 9,171,576,186 2,800,000,000
제너셈 217190 유동성장기차입금 1,048,000,000 1,048,000,000
제너셈 217190 유동성사채 839,504,875 3,829,769,665
제너셈 217190 기타유동금융부채 0 0
제너셈 217190 기타유동부채 2,019,656,810 1,849,673,651
제너셈 217190 당기법인세부채 0 0
제너셈 217190 유동리스부채 0 0
제너셈 217190 비유동부채 9,047,150,278 8,882,236,111
제너셈 217190 사채 0 0
제너셈 217190 장기차입금 7,686,000,000 8,734,000,000
제너셈 217190 기타비유동금융부채 750,000,000 0
제너셈 217190 이연법인세부채 0 0
제너셈 217190 비유동리스부채 0 0
제너셈 217190 부채총계 29,602,310,926 21,714,978,782
제너셈 217190 자본금 4,384,587,000 4,384,587,000
제너셈 217190 자본잉여금 0 0
제너셈 217190 자본조정 0 0
제너셈 217190 기타포괄손익누계액 0 0
제너셈 217190 이익잉여금(결손금) 0 0
제너셈 217190 자본총계 18,268,853,739 22,733,531,474
제너셈 217190 자본과부채총계 47,871,164,665 44,448,510,256
date : 2019-03-31
제너셈 217190 유동자산 14,673,911,638 17,336,443,447
제너셈 217190 현금및현금성자산 1,178,811,155 1,646,483,236
제너셈 217190 매출채권 및 기타채권
제너셈 217190 재고자산 5,504,806,597 4,432,600,064
제너셈 217190 기타유동금융자산 0 0
제너셈 217190 기타유동자산 249,624,178 254,997,807
제너셈 217190 매각예정비유동자산 0 0
제너셈 217190 비유동자산 30,486,024,532 30,534,721,218
제너셈 217190 장기금융상품 593,663,410 567,882,910
제너셈 217190 기타포괄손익-공정가치 측정 금융자산
제너셈 217190 당기손익인식공정가치측정금융자산 0 0
제너셈 217190 종속회사투자 0 0
제너셈 217190 관계회사투자 0 0
제너셈 217190 렌탈자산 0 0
제너셈 217190 유형자산 28,178,893,718 28,239,074,960
제너셈 217190 무형자산 1,360,007,404 1,374,303,348
제너셈 217190 기타비유동금융자산 0 0
제너셈 217190 기타비유동자산 0 0
제너셈 217190 사용권자산 0 0
제너셈 217190 이연법인세자산 0 0
제너셈 217190 자산총계 45,159,936,170 47,871,164,665
제너셈 217190 유동부채 17,673,038,066 20,555,160,648
제너셈 217190 단기매입채무 0 0
제너셈 217190 단기차입금 7,850,000,000 9,171,576,186
제너셈 217190 유동성장기차입금 1,048,000,000 1,048,000,000
제너셈 217190 유동성사채 430,464,585 839,504,875
제너셈 217190 기타유동금융부채 0 0
제너셈 217190 기타유동부채 2,278,192,620 2,019,656,810
제너셈 217190 당기법인세부채 0 0
제너셈 217190 유동리스부채 0 0
제너셈 217190 비유동부채 8,658,702,326 9,047,150,278
제너셈 217190 사채 0 0
제너셈 217190 장기차입금 7,424,000,000 7,686,000,000
제너셈 217190 기타비유동금융부채 750,000,000 750,000,000
제너셈 217190 이연법인세부채 0 0
제너셈 217190 비유동리스부채 0 0
제너셈 217190 부채총계 26,331,740,392 29,602,310,926
제너셈 217190 자본금 4,384,587,000 4,384,587,000
제너셈 217190 자본잉여금 0 0
제너셈 217190 자본조정 0 0
제너셈 217190 기타포괄손익누계액 0 0
제너셈 217190 이익잉여금(결손금) 0 0
제너셈 217190 자본총계 18,828,195,778 18,268,853,739
제너셈 217190 자본과부채총계 45,159,936,170 47,871,164,665
