date : 2019-03-31
디딤 217620 유동자산 25,412,848,178 22,995,956,298
디딤 217620 현금및현금성자산 7,638,890,437 8,154,759,112
디딤 217620 매출채권 4,488,053,213 4,067,337,316
디딤 217620 기타유동금융자산 376,959,659 163,189,208
디딤 217620 재고자산 10,887,903,794 8,798,054,044
디딤 217620 기타유동자산 1,308,952,325 1,260,616,618
디딤 217620 비유동자산 68,529,020,730 40,318,538,666
디딤 217620 기타비유동금융자산 10,136,473,901 9,609,193,981
디딤 217620 기타포괄손익-공정가치 측정 금융자산
디딤 217620 유형자산 12,923,925,081 12,841,193,450
디딤 217620 사용권자산 26,433,872,013 0
디딤 217620 무형자산 1,258,557,884 1,274,965,903
디딤 217620 기타비유동자산 1,691,499,838 3,477,097,186
디딤 217620 이연법인세자산 1,915,996,631 1,386,306,465
디딤 217620 자산총계 93,941,868,908 63,314,494,964
디딤 217620 유동부채 25,888,932,989 20,809,554,468
디딤 217620 단기차입금 9,351,607,753 10,426,997,435
디딤 217620 유동성장기차입금 1,845,464,000 2,504,344,000
디딤 217620 기타유동금융부채 3,649,422,530 3,198,295,325
디딤 217620 기타유동부채 1,567,553,179 1,786,596,044
디딤 217620 당기법인세부채 814,793,206 596,197,896
디딤 217620 비유동부채 33,607,801,709 8,322,902,862
디딤 217620 장기차입금 2,306,570,000 2,653,216,000
디딤 217620 사채 980,000,000 980,000,000
디딤 217620 기타비유동금융부채 1,649,822,064 1,577,525,137
디딤 217620 부채총계 59,496,734,698 29,132,457,330
디딤 217620 자본금 3,700,190,500 3,700,190,500
디딤 217620 기타포괄손익누계액 14,229,760 2,957,760
디딤 217620 자본총계 34,445,134,210 34,182,037,634
디딤 217620 자본과부채총계 93,941,868,908 63,314,494,964
