date : 2019-03-31
RFHIC 218410 유동자산 169,599,292,530 166,893,122,415
RFHIC 218410 현금및현금성자산 80,847,928,287 72,894,131,442
RFHIC 218410 매출채권 및 기타유동채권
RFHIC 218410 매출채권 21,157,508,157 23,684,527,669
RFHIC 218410 재고자산 42,922,936,408 45,007,437,453
RFHIC 218410 기타유동자산 2,065,425,560 1,875,365,564
RFHIC 218410 비유동자산 61,691,128,257 56,892,136,473
RFHIC 218410 장기금융상품 8,315,798,100 8,235,687,450
RFHIC 218410 유형자산 35,668,805,723 31,127,897,868
RFHIC 218410 무형자산 1,316,280,350 1,255,062,461
RFHIC 218410 이연법인세자산 592,751,678 610,376,021
RFHIC 218410 자산총계 231,290,420,787 223,785,258,888
RFHIC 218410 유동부채 47,267,305,698 43,750,221,124
RFHIC 218410 단기매입채무 11,095,711,890 8,762,724,129
RFHIC 218410 단기차입금 10,280,000,000 7,500,000,000
RFHIC 218410 비유동부채 23,938,714,139 23,452,000,561
RFHIC 218410 부채총계 71,206,019,837 67,202,221,685
RFHIC 218410 자본금 11,238,878,000 11,222,979,500
RFHIC 218410 자본잉여금 61,226,757,489 60,870,418,763
RFHIC 218410 기타포괄손익누계액 231,461,347 64,850,883
RFHIC 218410 기타포괄손익-공정가치 측정 금융자산
RFHIC 218410 이익잉여금(결손금) 87,005,671,104 84,006,053,564
RFHIC 218410 자본총계 160,084,400,950 156,583,037,203
RFHIC 218410 자본과부채총계 231,290,420,787 223,785,258,888
