date : 2017-12-31
링크제니시스 219420 유동자산 12,056,958,361 9,149,496,077
링크제니시스 219420 현금및현금성자산 1,873,968,861 2,489,488,076
링크제니시스 219420 매출채권 2,680,769,891 2,026,514,568
링크제니시스 219420 재고자산 25,567,735 0
링크제니시스 219420 기타유동금융자산 7,267,330,219 3,360,909,864
링크제니시스 219420 기타유동자산 0 0
링크제니시스 219420 매각예정비유동자산 0 0
링크제니시스 219420 비유동자산 3,128,086,182 2,943,082,965
링크제니시스 219420 장기금융상품 3,000,000 3,000,000
링크제니시스 219420 기타포괄손익-공정가치 0 0
링크제니시스 219420 당기손익인식공정가치측정금융자산 0 0
링크제니시스 219420 종속회사투자 0 0
링크제니시스 219420 관계회사투자 0 0
링크제니시스 219420 렌탈자산 0 0
링크제니시스 219420 유형자산 2,178,297,259 2,180,934,904
링크제니시스 219420 무형자산 10,349,009 13,887,484
링크제니시스 219420 기타비유동금융자산 69,431,616 27,411,624
링크제니시스 219420 기타비유동자산 0 0
링크제니시스 219420 사용권자산 0 0
링크제니시스 219420 이연법인세자산 124,800,358 309,694,846
링크제니시스 219420 자산총계 15,185,044,543 12,092,579,042
링크제니시스 219420 유동부채 1,404,891,899 1,847,169,934
링크제니시스 219420 단기매입채무 267,258,686 450,319,700
링크제니시스 219420 단기차입금 0 0
링크제니시스 219420 유동성장기차입금 124,999,992 83,333,360
링크제니시스 219420 유동성사채 0 0
링크제니시스 219420 기타유동금융부채 0 0
링크제니시스 219420 기타유동부채 0 0
링크제니시스 219420 당기법인세부채 251,001,349 38,449,140
링크제니시스 219420 유동리스부채 0 0
링크제니시스 219420 비유동부채 617,364,686 745,348,564
링크제니시스 219420 사채 0 0
링크제니시스 219420 장기차입금 591,666,648 716,666,640
링크제니시스 219420 기타비유동금융부채 0 0
링크제니시스 219420 이연법인세부채 0 0
링크제니시스 219420 비유동리스부채 0 0
링크제니시스 219420 부채총계 2,022,256,585 2,592,518,498
링크제니시스 219420 자본금 212,730,000 202,730,000
링크제니시스 219420 자본잉여금 6,704,097,681 5,761,695,000
링크제니시스 219420 자본조정 0 0
링크제니시스 219420 기타포괄손익누계액 0 0
링크제니시스 219420 이익잉여금(결손금) 9,077,180,277 6,366,855,544
링크제니시스 219420 자본총계 13,162,787,958 9,500,060,544
링크제니시스 219420 자본과부채총계 15,185,044,543 12,092,579,042
date : 2018-03-31
링크제니시스 219420 유동자산 21,849,708,363 12,056,958,361
링크제니시스 219420 현금및현금성자산 2,624,643,103 1,873,968,861
링크제니시스 219420 매출채권 978,475,606 2,680,769,891
링크제니시스 219420 재고자산 40,556,372 25,567,735
링크제니시스 219420 기타유동금융자산 0 0
링크제니시스 219420 기타유동자산 1,786,230,986 20,530,882
링크제니시스 219420 매각예정비유동자산 0 0
링크제니시스 219420 비유동자산 3,091,595,055 3,128,086,182
링크제니시스 219420 장기금융상품 3,000,000 3,000,000
링크제니시스 219420 기타포괄손익-공정가치 0 0
링크제니시스 219420 당기손익인식공정가치측정금융자산 0 0
링크제니시스 219420 종속회사투자 0 0
링크제니시스 219420 관계회사투자 0 0
링크제니시스 219420 렌탈자산 0 0
링크제니시스 219420 유형자산 2,148,321,826 2,178,297,259
링크제니시스 219420 무형자산 9,458,312 10,349,009
링크제니시스 219420 기타비유동금융자산 69,431,616 69,431,616
링크제니시스 219420 기타비유동자산 263,932,000 263,932,000
링크제니시스 219420 사용권자산 0 0
링크제니시스 219420 이연법인세자산 124,800,358 124,800,358
링크제니시스 219420 자산총계 24,941,303,418 15,185,044,543
링크제니시스 219420 유동부채 4,131,187,161 1,404,891,899
링크제니시스 219420 단기매입채무 0 0
링크제니시스 219420 단기차입금 0 0
링크제니시스 219420 유동성장기차입금 0 0
링크제니시스 219420 유동성사채 0 0
링크제니시스 219420 기타유동금융부채 0 0
링크제니시스 219420 기타유동부채 1,529,423,894 66,961,012
링크제니시스 219420 당기법인세부채 1,766,275,178 251,001,349
링크제니시스 219420 유동리스부채 0 0
링크제니시스 219420 비유동부채 586,114,688 617,364,686
링크제니시스 219420 사채 0 0
링크제니시스 219420 장기차입금 560,416,650 591,666,648
링크제니시스 219420 기타비유동금융부채 0 0
링크제니시스 219420 이연법인세부채 0 0
링크제니시스 219420 비유동리스부채 0 0
링크제니시스 219420 부채총계 4,717,301,849 2,022,256,585
링크제니시스 219420 자본금 1,000,000,000 212,730,000
링크제니시스 219420 자본잉여금 11,919,784,496 6,704,097,681
링크제니시스 219420 자본조정 0 0
링크제니시스 219420 기타포괄손익누계액 0 0
링크제니시스 219420 이익잉여금(결손금) 8,485,381,707 9,077,180,277
링크제니시스 219420 자본총계 20,224,001,569 13,162,787,958
링크제니시스 219420 자본과부채총계 24,941,303,418 15,185,044,543
date : 2018-06-30
링크제니시스 219420 유동자산 21,798,143,429 12,056,958,361
링크제니시스 219420 현금및현금성자산 2,296,674,742 1,873,968,861
링크제니시스 219420 매출채권 0 0
링크제니시스 219420 재고자산 39,792,350 25,567,735
링크제니시스 219420 기타유동금융자산 0 0
링크제니시스 219420 기타유동자산 1,295,881,646 20,530,882
링크제니시스 219420 매각예정비유동자산 0 0
링크제니시스 219420 비유동자산 3,180,720,790 3,128,086,182
링크제니시스 219420 장기금융상품 0 0
링크제니시스 219420 기타포괄손익-공정가치 0 0
링크제니시스 219420 당기손익인식공정가치측정금융자산 0 0
링크제니시스 219420 종속회사투자 0 0
링크제니시스 219420 관계회사투자 0 0
링크제니시스 219420 렌탈자산 0 0
링크제니시스 219420 유형자산 2,159,419,360 2,178,297,259
링크제니시스 219420 무형자산 8,640,498 10,349,009
링크제니시스 219420 기타비유동금융자산 442,731,691 386,723,685
링크제니시스 219420 기타비유동자산 0 0
링크제니시스 219420 사용권자산 0 0
링크제니시스 219420 이연법인세자산 137,683,596 124,800,358
링크제니시스 219420 자산총계 24,978,864,219 15,185,044,543
링크제니시스 219420 유동부채 3,754,866,847 1,404,891,899
링크제니시스 219420 단기매입채무 0 0
링크제니시스 219420 단기차입금 0 0
링크제니시스 219420 유동성장기차입금 424,999,992 124,999,992
링크제니시스 219420 유동성사채 0 0
링크제니시스 219420 기타유동금융부채 0 0
링크제니시스 219420 기타유동부채 1,014,241,299 66,961,012
링크제니시스 219420 당기법인세부채 1,438,207,743 251,001,349
링크제니시스 219420 유동리스부채 0 0
링크제니시스 219420 비유동부채 255,972,196 617,364,686
링크제니시스 219420 사채 0 0
링크제니시스 219420 장기차입금 229,166,652 591,666,648
링크제니시스 219420 기타비유동금융부채 0 0
링크제니시스 219420 이연법인세부채 0 0
링크제니시스 219420 비유동리스부채 0 0
링크제니시스 219420 부채총계 4,010,839,043 2,022,256,585
링크제니시스 219420 자본금 1,000,000,000 212,730,000
링크제니시스 219420 자본잉여금 11,919,784,496 6,704,097,681
링크제니시스 219420 자본조정 0 0
링크제니시스 219420 기타포괄손익누계액 0 0
링크제니시스 219420 이익잉여금(결손금) 9,229,405,314 9,077,180,277
링크제니시스 219420 자본총계 20,968,025,176 13,162,787,958
링크제니시스 219420 자본과부채총계 24,978,864,219 15,185,044,543
date : 2018-09-30
링크제니시스 219420 유동자산 31,013,219,765 12,056,958,361
링크제니시스 219420 현금및현금성자산 13,084,741,260 1,873,968,861
링크제니시스 219420 매출채권 0 0
링크제니시스 219420 재고자산 26,806,081 25,567,735
링크제니시스 219420 기타유동금융자산 0 0
링크제니시스 219420 기타유동자산 1,534,943,523 20,530,882
링크제니시스 219420 매각예정비유동자산 0 0
링크제니시스 219420 비유동자산 4,943,113,758 3,128,086,182
링크제니시스 219420 장기금융상품 0 0
링크제니시스 219420 기타포괄손익-공정가치 0 0
링크제니시스 219420 당기손익인식공정가치측정금융자산 0 0
링크제니시스 219420 종속회사투자 0 0
링크제니시스 219420 관계회사투자 0 0
링크제니시스 219420 렌탈자산 0 0
링크제니시스 219420 유형자산 2,137,496,041 2,178,297,259
링크제니시스 219420 무형자산 8,373,782 10,349,009
링크제니시스 219420 기타비유동금융자산 626,989,194 386,723,685
링크제니시스 219420 기타비유동자산 0 0
링크제니시스 219420 사용권자산 0 0
링크제니시스 219420 이연법인세자산 137,683,596 124,800,358
링크제니시스 219420 자산총계 35,956,333,523 15,185,044,543
링크제니시스 219420 유동부채 4,122,118,115 1,404,891,899
링크제니시스 219420 단기매입채무 0 0
링크제니시스 219420 단기차입금 0 0
링크제니시스 219420 유동성장기차입금 424,999,992 124,999,992
링크제니시스 219420 유동성사채 0 0
링크제니시스 219420 기타유동금융부채 0 0
링크제니시스 219420 기타유동부채 1,092,172,175 66,961,012
링크제니시스 219420 당기법인세부채 1,616,987,819 251,001,349
링크제니시스 219420 유동리스부채 0 0
링크제니시스 219420 비유동부채 224,722,198 617,364,686
링크제니시스 219420 사채 0 0
링크제니시스 219420 장기차입금 197,916,654 591,666,648
링크제니시스 219420 기타비유동금융부채 0 0
링크제니시스 219420 이연법인세부채 0 0
링크제니시스 219420 비유동리스부채 0 0
링크제니시스 219420 부채총계 4,346,840,313 2,022,256,585
링크제니시스 219420 자본금 1,121,212,100 212,730,000
링크제니시스 219420 자본잉여금 21,798,570,646 6,704,097,681
링크제니시스 219420 자본조정 0 0
링크제니시스 219420 기타포괄손익누계액 0 0
링크제니시스 219420 이익잉여금(결손금) 9,870,875,098 9,077,180,277
링크제니시스 219420 자본총계 31,609,493,210 13,162,787,958
링크제니시스 219420 자본과부채총계 35,956,333,523 15,185,044,543
date : 2018-12-31
링크제니시스 219420 유동자산 30,273,434,470 12,056,958,361
링크제니시스 219420 현금및현금성자산 5,476,502,914 1,873,968,861
링크제니시스 219420 매출채권 1,616,030,134 2,680,769,891
링크제니시스 219420 재고자산 34,090,585 25,567,735
링크제니시스 219420 기타유동금융자산 21,707,891,996 7,267,330,219
링크제니시스 219420 기타유동자산 0 0
링크제니시스 219420 매각예정비유동자산 0 0
링크제니시스 219420 비유동자산 5,037,186,919 3,128,086,182
링크제니시스 219420 장기금융상품 3,000,000 3,000,000
링크제니시스 219420 기타포괄손익-공정가치 0 0
링크제니시스 219420 당기손익인식공정가치측정금융자산 0 0
링크제니시스 219420 종속회사투자 0 0
링크제니시스 219420 관계회사투자 0 0
링크제니시스 219420 렌탈자산 0 0
링크제니시스 219420 유형자산 2,103,249,008 2,178,297,259
링크제니시스 219420 무형자산 7,125,852 10,349,009
링크제니시스 219420 기타비유동금융자산 73,761,390 69,431,616
링크제니시스 219420 기타비유동자산 422,010,000 263,932,000
링크제니시스 219420 사용권자산 0 0
링크제니시스 219420 이연법인세자산 576,102,107 124,800,358
링크제니시스 219420 자산총계 35,310,621,389 15,185,044,543
링크제니시스 219420 유동부채 4,447,888,938 1,404,891,899
링크제니시스 219420 단기매입채무 90,381,500 267,258,686
링크제니시스 219420 단기차입금 0 0
링크제니시스 219420 유동성장기차입금 424,999,992 124,999,992
링크제니시스 219420 유동성사채 0 0
링크제니시스 219420 기타유동금융부채 0 0
링크제니시스 219420 기타유동부채 0 0
링크제니시스 219420 당기법인세부채 1,501,879,809 251,001,349
링크제니시스 219420 유동리스부채 0 0
링크제니시스 219420 비유동부채 195,129,602 617,364,686
링크제니시스 219420 사채 0 0
링크제니시스 219420 장기차입금 166,666,656 591,666,648
링크제니시스 219420 기타비유동금융부채 0 0
링크제니시스 219420 이연법인세부채 0 0
링크제니시스 219420 비유동리스부채 0 0
링크제니시스 219420 부채총계 4,643,018,540 2,022,256,585
링크제니시스 219420 자본금 1,121,212,100 212,730,000
링크제니시스 219420 자본잉여금 21,798,570,646 6,704,097,681
링크제니시스 219420 자본조정 0 0
링크제니시스 219420 기타포괄손익누계액 0 0
링크제니시스 219420 이익잉여금(결손금) 10,925,300,637 9,077,180,277
링크제니시스 219420 자본총계 30,667,602,849 13,162,787,958
링크제니시스 219420 자본과부채총계 35,310,621,389 15,185,044,543
date : 2019-03-31
링크제니시스 219420 유동자산 29,738,928,274 30,273,434,470
링크제니시스 219420 현금및현금성자산 3,996,001,984 5,476,502,914
링크제니시스 219420 매출채권 및 기타유동채권
링크제니시스 219420 재고자산 26,802,116 34,090,585
링크제니시스 219420 기타유동금융자산 0 0
링크제니시스 219420 기타유동자산 1,386,897,252 1,219,688,567
링크제니시스 219420 매각예정비유동자산 0 0
링크제니시스 219420 비유동자산 5,052,033,995 5,037,186,919
링크제니시스 219420 장기금융상품 0 0
링크제니시스 219420 기타포괄손익-공정가치 0 0
링크제니시스 219420 당기손익인식공정가치측정금융자산 0 0
링크제니시스 219420 종속회사투자 0 0
링크제니시스 219420 관계회사투자 0 0
링크제니시스 219420 렌탈자산 0 0
링크제니시스 219420 유형자산 2,058,520,225 2,103,249,008
링크제니시스 219420 무형자산 0 0
링크제니시스 219420 기타비유동금융자산 0 0
링크제니시스 219420 기타비유동자산 0 0
링크제니시스 219420 사용권자산 0 0
링크제니시스 219420 이연법인세자산 576,102,107 576,102,107
링크제니시스 219420 자산총계 34,790,962,269 35,310,621,389
링크제니시스 219420 유동부채 3,645,441,767 4,447,888,938
링크제니시스 219420 단기매입채무 0 0
링크제니시스 219420 단기차입금 424,999,992 424,999,992
링크제니시스 219420 유동성장기차입금 0 0
링크제니시스 219420 유동성사채 0 0
링크제니시스 219420 기타유동금융부채 0 0
링크제니시스 219420 기타유동부채 52,464,813 52,078,010
링크제니시스 219420 당기법인세부채 803,959,279 1,501,879,809
링크제니시스 219420 유동리스부채 0 0
링크제니시스 219420 비유동부채 163,879,604 195,129,602
링크제니시스 219420 사채 0 0
링크제니시스 219420 장기차입금 135,416,658 166,666,656
링크제니시스 219420 기타비유동금융부채 0 0
링크제니시스 219420 이연법인세부채 0 0
링크제니시스 219420 비유동리스부채 0 0
링크제니시스 219420 부채총계 3,809,321,371 4,643,018,540
링크제니시스 219420 자본금 1,121,212,100 1,121,212,100
링크제니시스 219420 자본잉여금 21,798,570,646 21,798,570,646
링크제니시스 219420 자본조정 0 0
링크제니시스 219420 기타포괄손익누계액 0 21,798,570,646
링크제니시스 219420 이익잉여금(결손금) 11,239,338,686 10,925,300,637
링크제니시스 219420 자본총계 30,981,640,898 30,667,602,849
링크제니시스 219420 자본과부채총계 34,790,962,269 35,310,621,389
