date : 2016-12-31
핸디소프트 220180 유동자산 35,918,720,711 24,493,115,220
핸디소프트 220180 현금및현금성자산 21,072,639,667 12,261,972,675
핸디소프트 220180 매출채권 9,362,424,669 6,846,875,751
핸디소프트 220180 재고자산 4,295,618,375 4,687,704,612
핸디소프트 220180 기타유동금융자산 0 0
핸디소프트 220180 기타유동자산 165,456,403 239,820,946
핸디소프트 220180 매각예정비유동자산 0 0
핸디소프트 220180 비유동자산 14,338,332,558 13,343,288,580
핸디소프트 220180 장기금융상품 972,000,000 2,000,000
핸디소프트 220180 기타포괄손익-공정가치 0 0
핸디소프트 220180 당기손익인식공정가치측정금융자산 0 0
핸디소프트 220180 종속회사투자 0 0
핸디소프트 220180 관계회사투자 0 0
핸디소프트 220180 렌탈자산 0 0
핸디소프트 220180 유형자산 288,829,892 276,889,573
핸디소프트 220180 무형자산 1,103,416,756 903,903,289
핸디소프트 220180 기타비유동금융자산 0 0
핸디소프트 220180 기타비유동자산 160,000,000 903,903,289
핸디소프트 220180 사용권자산 0 0
핸디소프트 220180 이연법인세자산 3,222,019,929 3,528,539,737
핸디소프트 220180 자산총계 50,257,053,269 37,836,403,800
핸디소프트 220180 유동부채 10,935,908,973 11,108,679,476
핸디소프트 220180 단기매입채무 0 0
핸디소프트 220180 단기차입금 1,122,058,500 1,118,372,000
핸디소프트 220180 유동성장기차입금 0 0
핸디소프트 220180 유동성사채 0 0
핸디소프트 220180 기타유동금융부채 0 0
핸디소프트 220180 기타유동부채 3,869,983,614 3,966,310,417
핸디소프트 220180 당기법인세부채 34,692,751 1,118,372,000
핸디소프트 220180 유동리스부채 0 0
핸디소프트 220180 비유동부채 4,689,121,228 4,087,827,746
핸디소프트 220180 사채 0 0
핸디소프트 220180 장기차입금 0 0
핸디소프트 220180 기타비유동금융부채 0 0
핸디소프트 220180 이연법인세부채 0 0
핸디소프트 220180 비유동리스부채 0 0
핸디소프트 220180 부채총계 15,625,030,201 15,196,507,222
핸디소프트 220180 자본금 3,729,504,500 2,732,004,500
핸디소프트 220180 자본잉여금 0 0
핸디소프트 220180 자본조정 0 0
핸디소프트 220180 기타포괄손익누계액 0 0
핸디소프트 220180 이익잉여금(결손금) 0 0
핸디소프트 220180 자본총계 34,632,023,068 22,639,896,578
핸디소프트 220180 자본과부채총계 0 0
date : 2017-03-31
핸디소프트 220180 유동자산 33,138,211,293 35,918,720,711
핸디소프트 220180 현금및현금성자산 16,940,269,960 21,072,639,667
핸디소프트 220180 매출채권 6,077,095,765 9,362,424,669
핸디소프트 220180 재고자산 6,800,926,179 4,295,618,375
핸디소프트 220180 기타유동금융자산 0 0
핸디소프트 220180 기타유동자산 212,200,346 165,456,403
핸디소프트 220180 매각예정비유동자산 0 0
핸디소프트 220180 비유동자산 14,369,284,762 14,338,332,558
핸디소프트 220180 장기금융상품 972,000,000 972,000,000
핸디소프트 220180 기타포괄손익-공정가치 0 0
핸디소프트 220180 당기손익인식공정가치측정금융자산 0 0
핸디소프트 220180 종속회사투자 0 0
핸디소프트 220180 관계회사투자 0 0
핸디소프트 220180 렌탈자산 0 0
핸디소프트 220180 유형자산 331,459,240 288,829,892
핸디소프트 220180 무형자산 1,091,769,612 1,103,416,756
핸디소프트 220180 기타비유동금융자산 0 0
핸디소프트 220180 기타비유동자산 160,000,000 160,000,000
핸디소프트 220180 사용권자산 0 0
핸디소프트 220180 이연법인세자산 3,222,019,929 3,222,019,929
핸디소프트 220180 자산총계 47,507,496,055 50,257,053,269
핸디소프트 220180 유동부채 9,011,474,138 10,935,908,973
핸디소프트 220180 단기매입채무 0 0
핸디소프트 220180 단기차입금 1,109,715,100 1,122,058,500
핸디소프트 220180 유동성장기차입금 0 0
핸디소프트 220180 유동성사채 0 0
핸디소프트 220180 기타유동금융부채 0 0
핸디소프트 220180 기타유동부채 4,639,235,450 3,869,983,614
핸디소프트 220180 당기법인세부채 50,598,455 34,692,751
핸디소프트 220180 유동리스부채 0 0
핸디소프트 220180 비유동부채 4,840,585,813 4,689,121,228
핸디소프트 220180 사채 0 0
핸디소프트 220180 장기차입금 0 0
핸디소프트 220180 기타비유동금융부채 0 0
핸디소프트 220180 이연법인세부채 0 0
핸디소프트 220180 비유동리스부채 0 0
핸디소프트 220180 부채총계 13,852,059,951 15,625,030,201
핸디소프트 220180 자본금 3,729,504,500 3,729,504,500
핸디소프트 220180 자본잉여금 0 0
핸디소프트 220180 자본조정 0 0
핸디소프트 220180 기타포괄손익누계액 0 0
핸디소프트 220180 이익잉여금(결손금) 0 0
핸디소프트 220180 자본총계 33,655,436,104 34,632,023,068
핸디소프트 220180 자본과부채총계 0 0
date : 2017-06-30
핸디소프트 220180 유동자산 40,435,049,133 35,918,720,711
핸디소프트 220180 현금및현금성자산 5,617,565,247 21,072,639,667
핸디소프트 220180 매출채권 8,307,944,323 9,362,424,669
핸디소프트 220180 재고자산 9,073,171,280 4,295,618,375
핸디소프트 220180 기타유동금융자산 0 0
핸디소프트 220180 기타유동자산 971,971,488 165,456,403
핸디소프트 220180 매각예정비유동자산 0 0
핸디소프트 220180 비유동자산 24,329,632,712 14,338,332,558
핸디소프트 220180 장기금융상품 1,006,614,720 972,000,000
핸디소프트 220180 기타포괄손익-공정가치 0 0
핸디소프트 220180 당기손익인식공정가치측정금융자산 0 0
핸디소프트 220180 종속회사투자 0 0
핸디소프트 220180 관계회사투자 0 0
핸디소프트 220180 렌탈자산 0 0
핸디소프트 220180 유형자산 344,895,351 288,829,892
핸디소프트 220180 무형자산 3,602,317,431 1,103,416,756
핸디소프트 220180 기타비유동금융자산 0 0
핸디소프트 220180 기타비유동자산 160,000,000 160,000,000
핸디소프트 220180 사용권자산 0 0
핸디소프트 220180 이연법인세자산 3,163,992,131 3,222,019,929
핸디소프트 220180 자산총계 64,764,681,845 50,257,053,269
핸디소프트 220180 유동부채 12,112,344,222 10,935,908,973
핸디소프트 220180 단기매입채무 0 0
핸디소프트 220180 단기차입금 2,000,000,000 1,122,058,500
핸디소프트 220180 유동성장기차입금 0 0
핸디소프트 220180 유동성사채 0 0
핸디소프트 220180 기타유동금융부채 0 0
핸디소프트 220180 기타유동부채 5,806,264,744 3,869,983,614
핸디소프트 220180 당기법인세부채 0 34,692,751
핸디소프트 220180 유동리스부채 0 0
핸디소프트 220180 비유동부채 18,974,268,253 4,689,121,228
핸디소프트 220180 사채 0 0
핸디소프트 220180 장기차입금 10,991,106,525 0
핸디소프트 220180 기타비유동금융부채 0 0
핸디소프트 220180 이연법인세부채 0 0
핸디소프트 220180 비유동리스부채 0 0
핸디소프트 220180 부채총계 31,086,612,475 15,625,030,201
핸디소프트 220180 자본금 3,731,504,500 3,729,504,500
핸디소프트 220180 자본잉여금 0 0
핸디소프트 220180 자본조정 0 0
핸디소프트 220180 기타포괄손익누계액 0 0
핸디소프트 220180 이익잉여금(결손금) 0 0
핸디소프트 220180 자본총계 33,678,069,370 34,632,023,068
핸디소프트 220180 자본과부채총계 0 0
date : 2017-09-30
핸디소프트 220180 유동자산 40,351,818,247 35,918,720,711
핸디소프트 220180 현금및현금성자산 6,017,836,066 21,072,639,667
핸디소프트 220180 매출채권 7,728,656,463 9,362,424,669
핸디소프트 220180 재고자산 9,660,549,761 4,295,618,375
핸디소프트 220180 기타유동금융자산 0 0
핸디소프트 220180 기타유동자산 965,629,799 165,456,403
핸디소프트 220180 매각예정비유동자산 0 0
핸디소프트 220180 비유동자산 26,193,333,245 14,338,332,558
핸디소프트 220180 장기금융상품 1,006,614,720 972,000,000
핸디소프트 220180 기타포괄손익-공정가치 0 0
핸디소프트 220180 당기손익인식공정가치측정금융자산 0 0
핸디소프트 220180 종속회사투자 0 0
핸디소프트 220180 관계회사투자 0 0
핸디소프트 220180 렌탈자산 0 0
핸디소프트 220180 유형자산 362,405,811 288,829,892
핸디소프트 220180 무형자산 1,646,707,000 1,103,416,756
핸디소프트 220180 기타비유동금융자산 0 0
핸디소프트 220180 기타비유동자산 160,000,000 160,000,000
핸디소프트 220180 사용권자산 0 0
핸디소프트 220180 이연법인세자산 3,163,992,131 3,222,019,929
핸디소프트 220180 자산총계 66,545,151,492 50,257,053,269
핸디소프트 220180 유동부채 13,461,678,955 10,935,908,973
핸디소프트 220180 단기매입채무 0 0
핸디소프트 220180 단기차입금 2,000,000,000 1,122,058,500
핸디소프트 220180 유동성장기차입금 0 0
핸디소프트 220180 유동성사채 0 0
핸디소프트 220180 기타유동금융부채 0 0
핸디소프트 220180 기타유동부채 6,463,885,633 3,869,983,614
핸디소프트 220180 당기법인세부채 0 34,692,751
핸디소프트 220180 유동리스부채 0 0
핸디소프트 220180 비유동부채 19,282,460,109 4,689,121,228
핸디소프트 220180 사채 0 0
핸디소프트 220180 장기차입금 11,130,511,616 0
핸디소프트 220180 기타비유동금융부채 0 0
핸디소프트 220180 이연법인세부채 0 0
핸디소프트 220180 비유동리스부채 0 0
핸디소프트 220180 부채총계 32,744,139,064 15,625,030,201
핸디소프트 220180 자본금 3,731,504,500 3,729,504,500
핸디소프트 220180 자본잉여금 0 0
핸디소프트 220180 자본조정 0 0
핸디소프트 220180 기타포괄손익누계액 0 0
핸디소프트 220180 이익잉여금(결손금) -1,571,458,082 -591,444,584
핸디소프트 220180 자본총계 33,801,012,428 34,632,023,068
핸디소프트 220180 자본과부채총계 66,545,151,492 50,257,053,269
date : 2017-12-31
핸디소프트 220180 유동자산 43,502,379,594 35,918,720,711
핸디소프트 220180 현금및현금성자산 17,626,279,106 21,072,639,667
핸디소프트 220180 매출채권 9,448,425,218 9,362,424,669
핸디소프트 220180 재고자산 6,225,831,696 4,295,618,375
핸디소프트 220180 기타유동금융자산 0 0
핸디소프트 220180 기타유동자산 503,721,886 165,456,403
핸디소프트 220180 매각예정비유동자산 0 0
핸디소프트 220180 비유동자산 24,281,084,337 14,338,332,558
핸디소프트 220180 장기금융상품 1,006,614,720 972,000,000
핸디소프트 220180 기타포괄손익-공정가치 0 0
핸디소프트 220180 당기손익인식공정가치측정금융자산 0 0
핸디소프트 220180 종속회사투자 0 0
핸디소프트 220180 관계회사투자 0 0
핸디소프트 220180 렌탈자산 0 0
핸디소프트 220180 유형자산 1,461,966,053 288,829,892
핸디소프트 220180 무형자산 2,148,331,394 1,103,416,756
핸디소프트 220180 기타비유동금융자산 0 0
핸디소프트 220180 기타비유동자산 160,000,000 1,103,416,756
핸디소프트 220180 사용권자산 0 0
핸디소프트 220180 이연법인세자산 2,698,570,380 3,222,019,929
핸디소프트 220180 자산총계 67,783,463,931 50,257,053,269
핸디소프트 220180 유동부채 23,423,565,180 10,935,908,973
핸디소프트 220180 단기매입채무 0 0
핸디소프트 220180 단기차입금 3,252,622,513 1,122,058,500
핸디소프트 220180 유동성장기차입금 0 0
핸디소프트 220180 유동성사채 0 0
핸디소프트 220180 기타유동금융부채 0 0
핸디소프트 220180 기타유동부채 3,563,522,710 3,869,983,614
핸디소프트 220180 당기법인세부채 34,692,751 1,122,058,500
핸디소프트 220180 유동리스부채 0 0
핸디소프트 220180 비유동부채 11,670,082,115 4,689,121,228
핸디소프트 220180 사채 0 0
핸디소프트 220180 장기차입금 11,269,916,707 4,689,121,228
핸디소프트 220180 기타비유동금융부채 0 0
핸디소프트 220180 이연법인세부채 0 0
핸디소프트 220180 비유동리스부채 0 0
핸디소프트 220180 부채총계 35,093,647,295 15,625,030,201
핸디소프트 220180 자본금 3,731,504,500 3,729,504,500
핸디소프트 220180 자본잉여금 0 0
핸디소프트 220180 자본조정 0 0
핸디소프트 220180 기타포괄손익누계액 0 0
핸디소프트 220180 이익잉여금(결손금) -2,724,288,279 -591,444,584
핸디소프트 220180 자본총계 32,689,816,636 34,632,023,068
핸디소프트 220180 자본과부채총계 67,783,463,931 50,257,053,269
date : 2018-03-31
핸디소프트 220180 유동자산 38,881,647,940 43,502,379,594
핸디소프트 220180 현금및현금성자산 5,487,900,467 17,626,279,106
핸디소프트 220180 매출채권 6,871,251,484 9,448,425,218
핸디소프트 220180 재고자산 8,418,798,781 6,225,831,696
핸디소프트 220180 기타유동금융자산 0 0
핸디소프트 220180 기타유동자산 1,956,007,575 503,721,886
핸디소프트 220180 매각예정비유동자산 0 0
핸디소프트 220180 비유동자산 26,099,276,887 24,281,084,337
핸디소프트 220180 장기금융상품 1,006,614,720 1,006,614,720
핸디소프트 220180 기타포괄손익-공정가치 0 0
핸디소프트 220180 당기손익인식공정가치측정금융자산 0 0
핸디소프트 220180 종속회사투자 0 0
핸디소프트 220180 관계회사투자 0 0
핸디소프트 220180 렌탈자산 0 0
핸디소프트 220180 유형자산 1,456,402,675 1,461,966,053
핸디소프트 220180 무형자산 2,437,342,470 2,148,331,394
핸디소프트 220180 기타비유동금융자산 0 0
핸디소프트 220180 기타비유동자산 0 0
핸디소프트 220180 사용권자산 0 0
핸디소프트 220180 이연법인세자산 2,698,570,380 2,698,570,380
핸디소프트 220180 자산총계 64,980,924,827 67,783,463,931
핸디소프트 220180 유동부채 21,177,882,458 23,423,565,180
핸디소프트 220180 단기매입채무 0 0
핸디소프트 220180 단기차입금 3,349,455,064 3,252,622,513
핸디소프트 220180 유동성장기차입금 0 0
핸디소프트 220180 유동성사채 0 0
핸디소프트 220180 기타유동금융부채 0 0
핸디소프트 220180 기타유동부채 6,474,533,699 3,563,522,710
핸디소프트 220180 당기법인세부채 0 0
핸디소프트 220180 유동리스부채 0 0
핸디소프트 220180 비유동부채 11,797,705,139 11,670,082,115
핸디소프트 220180 사채 0 0
핸디소프트 220180 장기차입금 11,406,432,557 11,269,916,707
핸디소프트 220180 기타비유동금융부채 0 0
핸디소프트 220180 이연법인세부채 0 0
핸디소프트 220180 비유동리스부채 0 0
핸디소프트 220180 부채총계 32,975,587,597 35,093,647,295
핸디소프트 220180 자본금 3,731,504,500 3,731,504,500
핸디소프트 220180 자본잉여금 0 0
핸디소프트 220180 자본조정 0 0
핸디소프트 220180 기타포괄손익누계액 0 0
핸디소프트 220180 이익잉여금(결손금) -3,408,767,685 -2,724,288,279
핸디소프트 220180 자본총계 32,005,337,230 32,689,816,636
핸디소프트 220180 자본과부채총계 0 0
date : 2018-06-30
핸디소프트 220180 유동자산 38,748,100,828 43,502,379,594
핸디소프트 220180 현금및현금성자산 7,934,593,950 17,626,279,106
핸디소프트 220180 매출채권 8,348,612,705 9,448,425,218
핸디소프트 220180 재고자산 5,568,862,656 6,225,831,696
핸디소프트 220180 기타유동금융자산 0 0
핸디소프트 220180 기타유동자산 837,559,795 503,721,886
핸디소프트 220180 매각예정비유동자산 0 0
핸디소프트 220180 비유동자산 26,131,055,791 24,281,084,337
핸디소프트 220180 장기금융상품 1,006,614,720 1,006,614,720
핸디소프트 220180 기타포괄손익-공정가치 0 0
핸디소프트 220180 당기손익인식공정가치측정금융자산 0 0
핸디소프트 220180 종속회사투자 0 0
핸디소프트 220180 관계회사투자 0 0
핸디소프트 220180 렌탈자산 0 0
핸디소프트 220180 유형자산 1,475,282,811 1,461,966,053
핸디소프트 220180 무형자산 2,373,001,732 2,148,331,394
핸디소프트 220180 기타비유동금융자산 0 0
핸디소프트 220180 기타비유동자산 0 0
핸디소프트 220180 사용권자산 0 0
핸디소프트 220180 이연법인세자산 3,005,699,472 2,698,570,380
핸디소프트 220180 자산총계 64,879,156,619 67,783,463,931
핸디소프트 220180 유동부채 32,001,739,511 23,423,565,180
핸디소프트 220180 단기매입채무 0 0
핸디소프트 220180 단기차입금 3,405,730,106 3,252,622,513
핸디소프트 220180 유동성장기차입금 0 0
핸디소프트 220180 유동성사채 0 0
핸디소프트 220180 기타유동금융부채 0 0
핸디소프트 220180 기타유동부채 3,015,204,603 3,563,522,710
핸디소프트 220180 당기법인세부채 0 0
핸디소프트 220180 유동리스부채 0 0
핸디소프트 220180 비유동부채 1,380,839,916 11,670,082,115
핸디소프트 220180 사채 0 0
핸디소프트 220180 장기차입금 1,000,000,000 11,269,916,707
핸디소프트 220180 기타비유동금융부채 0 0
핸디소프트 220180 이연법인세부채 0 0
핸디소프트 220180 비유동리스부채 0 0
핸디소프트 220180 부채총계 33,382,579,427 35,093,647,295
핸디소프트 220180 자본금 3,731,504,500 3,731,504,500
핸디소프트 220180 자본잉여금 0 0
핸디소프트 220180 자본조정 0 0
핸디소프트 220180 기타포괄손익누계액 0 0
핸디소프트 220180 이익잉여금(결손금) -3,923,090,463 -2,724,288,279
핸디소프트 220180 자본총계 31,496,577,192 32,689,816,636
핸디소프트 220180 자본과부채총계 0 0
date : 2018-09-30
핸디소프트 220180 유동자산 37,833,493,897 43,502,379,594
핸디소프트 220180 현금및현금성자산 5,077,986,716 17,626,279,106
핸디소프트 220180 매출채권 9,738,232,702 9,448,425,218
핸디소프트 220180 재고자산 6,199,236,864 6,225,831,696
핸디소프트 220180 기타유동금융자산 0 0
핸디소프트 220180 기타유동자산 743,085,900 503,721,886
핸디소프트 220180 매각예정비유동자산 0 0
핸디소프트 220180 비유동자산 26,675,584,540 24,281,084,337
핸디소프트 220180 장기금융상품 1,006,614,720 1,006,614,720
핸디소프트 220180 기타포괄손익-공정가치 0 0
핸디소프트 220180 당기손익인식공정가치측정금융자산 0 0
핸디소프트 220180 종속회사투자 0 0
핸디소프트 220180 관계회사투자 0 0
핸디소프트 220180 렌탈자산 0 0
핸디소프트 220180 유형자산 1,437,583,211 1,461,966,053
핸디소프트 220180 무형자산 2,268,525,909 2,148,331,394
핸디소프트 220180 기타비유동금융자산 0 0
핸디소프트 220180 기타비유동자산 0 0
핸디소프트 220180 사용권자산 0 0
핸디소프트 220180 이연법인세자산 3,005,699,472 2,698,570,380
핸디소프트 220180 자산총계 64,509,078,437 67,783,463,931
핸디소프트 220180 유동부채 32,587,797,936 23,423,565,180
핸디소프트 220180 단기매입채무 0 0
핸디소프트 220180 단기차입금 5,838,364,014 3,252,622,513
핸디소프트 220180 유동성장기차입금 0 0
핸디소프트 220180 유동성사채 0 0
핸디소프트 220180 기타유동금융부채 0 0
핸디소프트 220180 기타유동부채 3,090,241,277 3,563,522,710
핸디소프트 220180 당기법인세부채 0 0
핸디소프트 220180 유동리스부채 0 0
핸디소프트 220180 비유동부채 1,377,787,253 11,670,082,115
핸디소프트 220180 사채 0 0
핸디소프트 220180 장기차입금 1,000,000,000 11,269,916,707
핸디소프트 220180 기타비유동금융부채 0 0
핸디소프트 220180 이연법인세부채 0 0
핸디소프트 220180 비유동리스부채 0 0
핸디소프트 220180 부채총계 33,965,585,189 35,093,647,295
핸디소프트 220180 자본금 3,731,504,500 3,731,504,500
핸디소프트 220180 자본잉여금 0 0
핸디소프트 220180 자본조정 0 0
핸디소프트 220180 기타포괄손익누계액 0 0
핸디소프트 220180 이익잉여금(결손금) -4,881,618,790 -2,724,288,279
핸디소프트 220180 자본총계 30,543,493,248 32,689,816,636
핸디소프트 220180 자본과부채총계 0 0
date : 2018-12-31
핸디소프트 220180 유동자산 44,440,496,425 43,502,379,594
핸디소프트 220180 현금및현금성자산 6,122,577,716 17,626,279,106
핸디소프트 220180 매출채권 11,104,839,620 9,448,425,218
핸디소프트 220180 재고자산 8,518,602,808 6,225,831,696
핸디소프트 220180 기타유동금융자산 0 0
핸디소프트 220180 기타유동자산 783,851,122 503,721,886
핸디소프트 220180 매각예정비유동자산 0 0
핸디소프트 220180 비유동자산 10,200,054,223 24,281,084,337
핸디소프트 220180 장기금융상품 2,000,000 1,006,614,720
핸디소프트 220180 기타포괄손익-공정가치 0 0
핸디소프트 220180 당기손익인식공정가치측정금융자산 0 0
핸디소프트 220180 종속회사투자 0 0
핸디소프트 220180 관계회사투자 0 0
핸디소프트 220180 렌탈자산 0 0
핸디소프트 220180 유형자산 1,402,852,918 1,461,966,053
핸디소프트 220180 무형자산 176,524,253 2,148,331,394
핸디소프트 220180 기타비유동금융자산 0 0
핸디소프트 220180 기타비유동자산 0 0
핸디소프트 220180 사용권자산 0 0
핸디소프트 220180 이연법인세자산 2,301,874,072 2,698,570,380
핸디소프트 220180 자산총계 54,640,550,648 67,783,463,931
핸디소프트 220180 유동부채 23,352,853,855 23,423,565,180
핸디소프트 220180 단기매입채무 0 0
핸디소프트 220180 단기차입금 5,944,842,324 3,252,622,513
핸디소프트 220180 유동성장기차입금 0 0
핸디소프트 220180 유동성사채 0 0
핸디소프트 220180 기타유동금융부채 0 0
핸디소프트 220180 기타유동부채 4,849,968,866 3,563,522,710
핸디소프트 220180 당기법인세부채 0 0
핸디소프트 220180 유동리스부채 0 0
핸디소프트 220180 비유동부채 1,348,966,489 11,670,082,115
핸디소프트 220180 사채 0 0
핸디소프트 220180 장기차입금 1,000,000,000 11,269,916,707
핸디소프트 220180 기타비유동금융부채 0 0
핸디소프트 220180 이연법인세부채 0 0
핸디소프트 220180 비유동리스부채 0 0
핸디소프트 220180 부채총계 24,701,820,344 35,093,647,295
핸디소프트 220180 자본금 4,453,990,500 3,731,504,500
핸디소프트 220180 자본잉여금 0 0
핸디소프트 220180 자본조정 0 0
핸디소프트 220180 기타포괄손익누계액 0 0
핸디소프트 220180 이익잉여금(결손금) -12,976,204,882 -2,724,288,279
핸디소프트 220180 자본총계 29,938,730,304 32,689,816,636
핸디소프트 220180 자본과부채총계 0 0
date : 2019-03-31
핸디소프트 220180 유동자산 57,053,353,536 44,440,496,425
핸디소프트 220180 현금및현금성자산 22,205,160,391 6,122,577,716
핸디소프트 220180 매출채권 8,321,032,372 11,104,839,620
핸디소프트 220180 재고자산 8,460,832,273 8,518,602,808
핸디소프트 220180 기타유동금융자산 0 0
핸디소프트 220180 기타유동자산 689,607,434 783,851,122
핸디소프트 220180 매각예정비유동자산 0 0
핸디소프트 220180 비유동자산 12,157,484,636 10,200,054,223
핸디소프트 220180 장기금융상품 2,000,000 2,000,000
핸디소프트 220180 기타포괄손익-공정가치 0 0
핸디소프트 220180 당기손익인식공정가치측정금융자산 0 0
핸디소프트 220180 종속회사투자 0 0
핸디소프트 220180 관계회사투자 0 0
핸디소프트 220180 렌탈자산 0 0
핸디소프트 220180 유형자산 2,391,895,406 1,402,852,918
핸디소프트 220180 무형자산 161,393,995 176,524,253
핸디소프트 220180 기타비유동금융자산 0 0
핸디소프트 220180 기타비유동자산 0 0
핸디소프트 220180 사용권자산 0 0
핸디소프트 220180 이연법인세자산 2,301,874,072 2,301,874,072
핸디소프트 220180 자산총계 69,210,838,172 54,640,550,648
핸디소프트 220180 유동부채 12,805,369,503 23,352,853,855
핸디소프트 220180 단기매입채무 0 0
핸디소프트 220180 단기차입금 2,147,427,808 5,944,842,324
핸디소프트 220180 유동성장기차입금 0 0
핸디소프트 220180 유동성사채 0 0
핸디소프트 220180 기타유동금융부채 0 0
핸디소프트 220180 기타유동부채 3,804,026,747 4,849,968,866
핸디소프트 220180 당기법인세부채 0 0
핸디소프트 220180 유동리스부채 0 0
핸디소프트 220180 비유동부채 1,797,777,809 1,348,966,489
핸디소프트 220180 사채 0 0
핸디소프트 220180 장기차입금 1,000,000,000 1,000,000,000
핸디소프트 220180 기타비유동금융부채 0 0
핸디소프트 220180 이연법인세부채 0 0
핸디소프트 220180 비유동리스부채 0 0
핸디소프트 220180 부채총계 14,603,147,312 24,701,820,344
핸디소프트 220180 자본금 7,708,398,000 4,453,990,500
핸디소프트 220180 자본잉여금 0 0
핸디소프트 220180 자본조정 0 0
핸디소프트 220180 기타포괄손익누계액 0 0
핸디소프트 220180 이익잉여금(결손금) -15,282,031,701 -12,976,204,882
핸디소프트 220180 자본총계 54,607,690,860 29,938,730,304
핸디소프트 220180 자본과부채총계 0 0
