date : 2019-03-31
한류AI센터 222810 유동자산 16,066,811,079 19,553,817,552
한류AI센터 222810 현금및현금성자산 688,943,490 12,141,092,342
한류AI센터 222810 매출채권 및 기타유동채권
한류AI센터 222810 매출채권 913,115,990 2,071,081,211
한류AI센터 222810 재고자산 171,309,350 377,227,396
한류AI센터 222810 비유동자산 29,917,443,060 29,831,928,897
한류AI센터 222810 장기금융상품 0 0
한류AI센터 222810 기타비유동금융자산 11,751,049,132 10,471,704,562
한류AI센터 222810 유형자산 8,533,886,335 8,574,414,822
한류AI센터 222810 무형자산 781,960,417 775,412,812
한류AI센터 222810 자산총계 45,984,254,139 49,385,746,449
한류AI센터 222810 유동부채 28,741,936,753 28,704,569,310
한류AI센터 222810 단기매입채무 831,194,466 1,933,861,413
한류AI센터 222810 단기차입금 4,000,000,000 4,000,000,000
한류AI센터 222810 유동성장기차입금 32,917,362 32,432,377
한류AI센터 222810 기타유동금융부채 3,297,110,700 3,297,110,700
한류AI센터 222810 비유동부채 237,913,186 246,334,418
한류AI센터 222810 장기차입금 14,913,186 23,334,418
한류AI센터 222810 부채총계 28,979,849,939 28,950,903,728
한류AI센터 222810 자본금 1,958,419,900 1,958,419,900
한류AI센터 222810 자본잉여금 32,189,869,585 32,189,869,585
한류AI센터 222810 기타포괄손익누계액 0 -3,804,666
한류AI센터 222810 이익잉여금(결손금) -15,582,734,587 -12,148,491,400
한류AI센터 222810 자본총계 17,004,404,200 20,434,842,721
한류AI센터 222810 자본과부채총계 45,984,254,139 49,385,746,449
