date : 2019-03-31
코디엠 224060 유동자산 20,304,999,932 34,680,386,327
코디엠 224060 현금및현금성자산 3,110,815,475 14,628,069,312
코디엠 224060 매출채권 및 기타유동채권
코디엠 224060 재고자산 1,151,288,144 1,890,877,245
코디엠 224060 기타유동자산 149,683,535 227,821,419
코디엠 224060 매각예정비유동자산 11,499,854,905 11,499,854,905
코디엠 224060 비유동자산 74,574,444,493 58,568,838,022
코디엠 224060 유형자산 7,358,465,770 7,634,739,859
코디엠 224060 무형자산 617,570,395 584,342,779
코디엠 224060 자산총계 94,879,444,425 93,249,224,349
코디엠 224060 유동부채 35,277,976,344 36,746,263,939
코디엠 224060 단기차입금 0 0
코디엠 224060 기타유동부채 4,706,080,045 4,685,264,852
코디엠 224060 당기법인세부채 0 0
코디엠 224060 비유동부채 29,250,103 29,250,103
코디엠 224060 이연법인세부채 0 0
코디엠 224060 부채총계 35,307,226,447 36,775,514,042
코디엠 224060 자본금 14,479,451,400 14,156,349,700
코디엠 224060 자본잉여금 57,129,340,881 55,452,443,058
코디엠 224060 기타포괄손익누계액 0 0
코디엠 224060 이익잉여금(결손금) -12,005,528,590 -13,104,036,738
코디엠 224060 자본총계 59,572,217,978 56,473,710,307
코디엠 224060 자본과부채총계 94,879,444,425 93,249,224,349
