date : 2017-12-31
오스테오닉 226400 유동자산 16,563,303,346 11,254,985,550
오스테오닉 226400 현금및현금성자산 3,703,336,879 1,745,261,724
오스테오닉 226400 매출채권 및 기타유동채권
오스테오닉 226400 재고자산 3,324,270,121 2,737,900,105
오스테오닉 226400 기타유동금융자산 851,756,720 1,170,000,000
오스테오닉 226400 기타유동자산 126,396,835 217,049,984
오스테오닉 226400 매각예정비유동자산 0 0
오스테오닉 226400 비유동자산 13,093,609,019 10,315,874,703
오스테오닉 226400 장기금융상품 0 0
오스테오닉 226400 기타포괄손익-공정가치 0 0
오스테오닉 226400 당기손익인식공정가치측정금융자산 0 0
오스테오닉 226400 종속회사투자 0 0
오스테오닉 226400 관계회사투자 0 0
오스테오닉 226400 렌탈자산 0 0
오스테오닉 226400 유형자산 3,929,259,578 3,501,586,328
오스테오닉 226400 무형자산 5,283,113,094 4,304,771,585
오스테오닉 226400 기타비유동금융자산 954,378,082 1,548,142,207
오스테오닉 226400 기타비유동자산 0 0
오스테오닉 226400 사용권자산 0 0
오스테오닉 226400 이연법인세자산 2,926,858,265 961,374,583
오스테오닉 226400 자산총계 29,656,912,365 21,570,860,253
오스테오닉 226400 유동부채 12,120,565,270 6,055,958,298
오스테오닉 226400 단기매입채무 0 0
오스테오닉 226400 단기차입금 1,940,000,000 1,450,000,000
오스테오닉 226400 유동성장기차입금 192,730,000 273,618,670
오스테오닉 226400 유동성사채 0 0
오스테오닉 226400 기타유동금융부채 0 0
오스테오닉 226400 기타유동부채 55,987,454 22,499,600
오스테오닉 226400 당기법인세부채 49,951,351 40,976,052
오스테오닉 226400 유동리스부채 0 0
오스테오닉 226400 비유동부채 10,109,807,348 3,837,102,817
오스테오닉 226400 사채 0 0
오스테오닉 226400 장기차입금 490,720,000 760,379,598
오스테오닉 226400 기타비유동금융부채 0 0
오스테오닉 226400 이연법인세부채 0 0
오스테오닉 226400 비유동리스부채 0 0
오스테오닉 226400 부채총계 22,230,372,618 9,893,061,115
오스테오닉 226400 자본금 2,609,497,500 2,609,497,500
오스테오닉 226400 자본잉여금 7,089,520,050 7,089,520,050
오스테오닉 226400 자본조정 0 0
오스테오닉 226400 기타포괄손익누계액 0 0
오스테오닉 226400 이익잉여금(결손금) -2,350,984,928 1,966,879,400
오스테오닉 226400 자본총계 7,426,539,747 11,677,799,138
오스테오닉 226400 자본과부채총계 29,656,912,365 21,570,860,253
date : 2018-03-31
오스테오닉 226400 유동자산 24,337,364,098 16,563,303,346
오스테오닉 226400 현금및현금성자산 3,677,738,538 3,703,336,879
오스테오닉 226400 매출채권 및 기타유동채권
오스테오닉 226400 재고자산 3,418,852,399 3,324,270,121
오스테오닉 226400 기타유동금융자산 8,632,578,638 851,756,720
오스테오닉 226400 기타유동자산 333,184,723 126,396,835
오스테오닉 226400 매각예정비유동자산 0 0
오스테오닉 226400 비유동자산 12,448,224,324 13,093,609,019
오스테오닉 226400 장기금융상품 0 0
오스테오닉 226400 기타포괄손익-공정가치 0 0
오스테오닉 226400 당기손익인식공정가치측정금융자산 0 0
오스테오닉 226400 종속회사투자 0 0
오스테오닉 226400 관계회사투자 0 0
오스테오닉 226400 렌탈자산 0 0
오스테오닉 226400 유형자산 3,853,239,478 3,929,259,578
오스테오닉 226400 무형자산 5,623,992,656 5,283,113,094
오스테오닉 226400 기타비유동금융자산 970,578,082 954,378,082
오스테오닉 226400 기타비유동자산 0 0
오스테오닉 226400 사용권자산 0 0
오스테오닉 226400 이연법인세자산 2,000,414,108 2,926,858,265
오스테오닉 226400 자산총계 36,785,588,422 29,656,912,365
오스테오닉 226400 유동부채 7,464,675,794 12,120,565,270
오스테오닉 226400 단기매입채무 0 0
오스테오닉 226400 단기차입금 1,640,000,000 1,940,000,000
오스테오닉 226400 유동성장기차입금 192,740,000 192,730,000
오스테오닉 226400 유동성사채 0 0
오스테오닉 226400 기타유동금융부채 0 0
오스테오닉 226400 기타유동부채 99,968,467 55,987,454
오스테오닉 226400 당기법인세부채 54,088,491 49,951,351
오스테오닉 226400 유동리스부채 0 0
오스테오닉 226400 비유동부채 3,081,914,825 10,109,807,348
오스테오닉 226400 사채 0 0
오스테오닉 226400 장기차입금 420,120,000 490,720,000
오스테오닉 226400 기타비유동금융부채 0 0
오스테오닉 226400 이연법인세부채 0 0
오스테오닉 226400 비유동리스부채 0 0
오스테오닉 226400 부채총계 10,546,590,619 22,230,372,618
오스테오닉 226400 자본금 3,951,455,500 2,609,497,500
오스테오닉 226400 자본잉여금 28,681,804,701 7,089,520,050
오스테오닉 226400 자본조정 0 0
오스테오닉 226400 기타포괄손익누계액 0 0
오스테오닉 226400 이익잉여금(결손금) -6,490,509,172 -2,350,984,928
오스테오닉 226400 자본총계 26,238,997,803 7,426,539,747
오스테오닉 226400 자본과부채총계 36,785,588,422 29,656,912,365
date : 2018-06-30
오스테오닉 226400 유동자산 30,875,800,495 16,563,303,346
오스테오닉 226400 현금및현금성자산 8,747,077,415 3,703,336,879
오스테오닉 226400 매출채권 및 기타유동채권
오스테오닉 226400 재고자산 3,587,073,564 3,324,270,121
오스테오닉 226400 기타유동금융자산 8,496,922,898 851,756,720
오스테오닉 226400 기타유동자산 597,259,662 126,396,835
오스테오닉 226400 매각예정비유동자산 0 0
오스테오닉 226400 비유동자산 14,072,631,537 13,093,609,019
오스테오닉 226400 장기금융상품 0 0
오스테오닉 226400 기타포괄손익-공정가치 0 0
오스테오닉 226400 당기손익인식공정가치측정금융자산 0 0
오스테오닉 226400 종속회사투자 0 0
오스테오닉 226400 관계회사투자 0 0
오스테오닉 226400 렌탈자산 0 0
오스테오닉 226400 유형자산 6,310,324,170 3,929,259,578
오스테오닉 226400 무형자산 5,959,095,624 5,283,113,094
오스테오닉 226400 기타비유동금융자산 861,235,192 954,378,082
오스테오닉 226400 기타비유동자산 0 0
오스테오닉 226400 사용권자산 0 0
오스테오닉 226400 이연법인세자산 941,976,551 2,926,858,265
오스테오닉 226400 자산총계 44,948,432,032 29,656,912,365
오스테오닉 226400 유동부채 3,759,417,304 12,120,565,270
오스테오닉 226400 단기매입채무 0 0
오스테오닉 226400 단기차입금 1,490,000,000 1,940,000,000
오스테오닉 226400 유동성장기차입금 203,840,000 192,730,000
오스테오닉 226400 유동성사채 0 0
오스테오닉 226400 기타유동금융부채 0 0
오스테오닉 226400 기타유동부채 296,997,557 211,518,271
오스테오닉 226400 당기법인세부채 49,951,351 192,730,000
오스테오닉 226400 유동리스부채 0 0
오스테오닉 226400 비유동부채 11,033,624,752 10,109,807,348
오스테오닉 226400 사채 0 0
오스테오닉 226400 장기차입금 1,945,000,000 490,720,000
오스테오닉 226400 기타비유동금융부채 0 0
오스테오닉 226400 이연법인세부채 0 0
오스테오닉 226400 비유동리스부채 0 0
오스테오닉 226400 부채총계 14,793,042,056 22,230,372,618
오스테오닉 226400 자본금 4,229,233,000 2,609,497,500
오스테오닉 226400 자본잉여금 32,490,842,815 7,089,520,050
오스테오닉 226400 자본조정 0 0
오스테오닉 226400 기타포괄손익누계액 0 0
오스테오닉 226400 이익잉여금(결손금) -6,681,213,534 -2,350,984,928
오스테오닉 226400 자본총계 30,155,389,976 7,426,539,747
오스테오닉 226400 자본과부채총계 44,948,432,032 29,656,912,365
date : 2018-09-30
오스테오닉 226400 유동자산 29,330,074,784 16,563,303,346
오스테오닉 226400 현금및현금성자산 7,842,176,883 3,703,336,879
오스테오닉 226400 매출채권 및 기타유동채권
오스테오닉 226400 재고자산 3,803,754,497 3,324,270,121
오스테오닉 226400 기타유동금융자산 7,454,071,548 851,756,720
오스테오닉 226400 기타유동자산 688,825,539 126,396,835
오스테오닉 226400 매각예정비유동자산 0 0
오스테오닉 226400 비유동자산 15,414,389,295 13,093,609,019
오스테오닉 226400 장기금융상품 0 0
오스테오닉 226400 기타포괄손익-공정가치 0 0
오스테오닉 226400 당기손익인식공정가치측정금융자산 0 0
오스테오닉 226400 종속회사투자 0 0
오스테오닉 226400 관계회사투자 0 0
오스테오닉 226400 렌탈자산 0 0
오스테오닉 226400 유형자산 6,524,236,415 3,929,259,578
오스테오닉 226400 무형자산 808,124,192 5,283,113,094
오스테오닉 226400 기타비유동금융자산 7,082,163,196 954,378,082
오스테오닉 226400 기타비유동자산 0 0
오스테오닉 226400 사용권자산 0 0
오스테오닉 226400 이연법인세자산 999,865,492 2,926,858,265
오스테오닉 226400 자산총계 44,744,464,079 29,656,912,365
오스테오닉 226400 유동부채 4,128,411,445 12,120,565,270
오스테오닉 226400 단기매입채무 0 0
오스테오닉 226400 단기차입금 1,490,000,000 1,940,000,000
오스테오닉 226400 유동성장기차입금 207,760,000 192,730,000
오스테오닉 226400 유동성사채 0 0
오스테오닉 226400 기타유동금융부채 0 0
오스테오닉 226400 기타유동부채 344,910,584 211,518,271
오스테오닉 226400 당기법인세부채 0 49,951,351
오스테오닉 226400 유동리스부채 0 0
오스테오닉 226400 비유동부채 11,030,884,006 10,109,807,348
오스테오닉 226400 사채 0 0
오스테오닉 226400 장기차입금 1,870,240,000 490,720,000
오스테오닉 226400 기타비유동금융부채 0 0
오스테오닉 226400 이연법인세부채 0 0
오스테오닉 226400 비유동리스부채 0 0
오스테오닉 226400 부채총계 15,159,295,451 22,230,372,618
오스테오닉 226400 자본금 4,229,233,000 2,609,497,500
오스테오닉 226400 자본잉여금 32,110,154,815 7,089,520,050
오스테오닉 226400 자본조정 0 0
오스테오닉 226400 기타포괄손익누계액 0 0
오스테오닉 226400 이익잉여금(결손금) -6,885,695,137 -2,350,984,928
오스테오닉 226400 자본총계 29,585,168,628 7,426,539,747
오스테오닉 226400 자본과부채총계 44,744,464,079 29,656,912,365
date : 2018-12-31
오스테오닉 226400 유동자산 29,661,919,796 16,563,303,346
오스테오닉 226400 현금및현금성자산 9,997,257,425 3,703,336,879
오스테오닉 226400 매출채권 및 기타유동채권
오스테오닉 226400 재고자산 4,303,505,528 3,324,270,121
오스테오닉 226400 기타유동금융자산 0 0
오스테오닉 226400 기타유동자산 485,085,346 126,396,835
오스테오닉 226400 매각예정비유동자산 0 0
오스테오닉 226400 비유동자산 14,336,824,864 13,093,609,019
오스테오닉 226400 장기금융상품 0 0
오스테오닉 226400 기타포괄손익-공정가치 0 0
오스테오닉 226400 당기손익인식공정가치측정금융자산 0 0
오스테오닉 226400 종속회사투자 0 0
오스테오닉 226400 관계회사투자 0 0
오스테오닉 226400 렌탈자산 0 0
오스테오닉 226400 유형자산 8,369,603,954 3,929,259,578
오스테오닉 226400 무형자산 3,491,299,865 5,283,113,094
오스테오닉 226400 기타비유동금융자산 767,292,692 954,378,082
오스테오닉 226400 기타비유동자산 0 0
오스테오닉 226400 사용권자산 0 0
오스테오닉 226400 이연법인세자산 1,708,628,353 2,926,858,265
오스테오닉 226400 자산총계 43,998,744,660 29,656,912,365
오스테오닉 226400 유동부채 5,644,445,343 12,120,565,270
오스테오닉 226400 단기매입채무 0 0
오스테오닉 226400 단기차입금 1,760,000,000 1,940,000,000
오스테오닉 226400 유동성장기차입금 0 0
오스테오닉 226400 유동성사채 0 0
오스테오닉 226400 기타유동금융부채 0 0
오스테오닉 226400 기타유동부채 589,413,285 211,518,271
오스테오닉 226400 당기법인세부채 33,430,153 49,951,351
오스테오닉 226400 유동리스부채 0 0
오스테오닉 226400 비유동부채 9,857,243,832 10,109,807,348
오스테오닉 226400 사채 0 0
오스테오닉 226400 장기차입금 2,335,280,000 490,720,000
오스테오닉 226400 기타비유동금융부채 0 0
오스테오닉 226400 이연법인세부채 0 0
오스테오닉 226400 비유동리스부채 0 0
오스테오닉 226400 부채총계 15,501,689,175 22,230,372,618
오스테오닉 226400 자본금 4,229,233,000 2,609,497,500
오스테오닉 226400 자본잉여금 33,434,041,411 7,089,520,050
오스테오닉 226400 자본조정 0 0
오스테오닉 226400 기타포괄손익누계액 0 0
오스테오닉 226400 이익잉여금(결손금) -9,314,277,139 -2,350,984,928
오스테오닉 226400 자본총계 28,497,055,485 7,426,539,747
오스테오닉 226400 자본과부채총계 43,998,744,660 29,656,912,365
date : 2019-03-31
오스테오닉 226400 유동자산 32,357,917,581 29,661,919,796
오스테오닉 226400 현금및현금성자산 9,502,627,318 9,997,257,425
오스테오닉 226400 매출채권 및 기타유동채권
오스테오닉 226400 재고자산 5,025,917,500 4,303,505,528
오스테오닉 226400 기타유동금융자산 0 0
오스테오닉 226400 기타유동자산 638,330,464 485,085,346
오스테오닉 226400 매각예정비유동자산 0 0
오스테오닉 226400 비유동자산 14,672,032,104 14,336,824,864
오스테오닉 226400 장기금융상품 0 0
오스테오닉 226400 기타포괄손익-공정가치 0 0
오스테오닉 226400 당기손익인식공정가치측정금융자산 0 0
오스테오닉 226400 종속회사투자 0 0
오스테오닉 226400 관계회사투자 0 0
오스테오닉 226400 렌탈자산 0 0
오스테오닉 226400 유형자산 8,468,688,482 8,369,603,954
오스테오닉 226400 무형자산 3,702,530,879 3,491,299,865
오스테오닉 226400 기타비유동금융자산 767,412,692 767,292,692
오스테오닉 226400 기타비유동자산 0 0
오스테오닉 226400 사용권자산 0 0
오스테오닉 226400 이연법인세자산 1,733,400,051 1,708,628,353
오스테오닉 226400 자산총계 47,029,949,685 43,998,744,660
오스테오닉 226400 유동부채 4,309,766,924 5,644,445,343
오스테오닉 226400 단기매입채무 0 0
오스테오닉 226400 단기차입금 1,760,000,000 1,760,000,000
오스테오닉 226400 유동성장기차입금 0 0
오스테오닉 226400 유동성사채 0 0
오스테오닉 226400 기타유동금융부채 0 0
오스테오닉 226400 기타유동부채 322,551,820 589,413,285
오스테오닉 226400 당기법인세부채 33,430,153 33,430,153
오스테오닉 226400 유동리스부채 0 0
오스테오닉 226400 비유동부채 15,077,896,541 9,857,243,832
오스테오닉 226400 사채 0 0
오스테오닉 226400 장기차입금 2,260,520,000 2,335,280,000
오스테오닉 226400 기타비유동금융부채 0 0
오스테오닉 226400 이연법인세부채 0 0
오스테오닉 226400 비유동리스부채 0 0
오스테오닉 226400 부채총계 19,387,663,465 15,501,689,175
오스테오닉 226400 자본금 4,229,233,000 4,229,233,000
오스테오닉 226400 자본잉여금 33,434,041,411 33,434,041,411
오스테오닉 226400 자본조정 0 0
오스테오닉 226400 기타포괄손익누계액 0 0
오스테오닉 226400 이익잉여금(결손금) -10,188,385,821 -9,314,277,139
오스테오닉 226400 자본총계 27,642,286,220 28,497,055,485
오스테오닉 226400 자본과부채총계 47,029,949,685 43,998,744,660
