date : 2019-03-31
한송네오텍 226440 유동자산 36,681,010,201 20,718,738,781
한송네오텍 226440 현금및현금성자산 16,654,658,256 4,230,737,161
한송네오텍 226440 매출채권 5,234,522,710 5,714,527,480
한송네오텍 226440 매출채권 및 기타유동채권
한송네오텍 226440 재고자산 7,515,057,490 4,061,338,925
한송네오텍 226440 기타유동금융자산 2,254,435,156 2,169,388,825
한송네오텍 226440 기타유동자산 569,449,588 260,900,142
한송네오텍 226440 비유동자산 5,009,651,629 4,783,696,295
한송네오텍 226440 유형자산 4,661,337,411 4,445,643,042
한송네오텍 226440 기타비유동금융자산 38,630,877 38,796,957
한송네오텍 226440 이연법인세자산 159,689,356 159,689,356
한송네오텍 226440 자산총계 41,690,661,830 25,502,435,076
한송네오텍 226440 유동부채 7,077,620,727 8,129,438,747
한송네오텍 226440 단기매입채무 2,532,857,080 1,046,432,156
한송네오텍 226440 단기차입금 1,238,000,000 2,238,000,000
한송네오텍 226440 유동성장기차입금 40,890,000 146,520,000
한송네오텍 226440 기타유동금융부채 722,918,707 837,977,723
한송네오텍 226440 기타유동부채 61,392,767 108,908,771
한송네오텍 226440 당기법인세부채 75,120,519 72,661,809
한송네오텍 226440 비유동부채 16,195,372,543 698,735,583
한송네오텍 226440 장기차입금 1,054,520,000 192,520,000
한송네오텍 226440 부채총계 23,272,993,270 8,828,174,330
한송네오텍 226440 자본금 3,960,100,800 3,820,100,800
한송네오텍 226440 자본잉여금 13,152,429,609 11,894,314,540
한송네오텍 226440 기타포괄손익누계액 829,264,712 829,264,712
한송네오텍 226440 이익잉여금(결손금) 6,336,558,948 6,092,604,111
한송네오텍 226440 자본총계 18,417,668,560 16,674,260,746
한송네오텍 226440 자본과부채총계 41,690,661,830 25,502,435,076
