date : 2017-09-30
아우딘퓨쳐스 227610 유동자산 39,427,973,161 19,585,273,179
아우딘퓨쳐스 227610 현금및현금성자산 5,604,118,473 7,437,932,267
아우딘퓨쳐스 227610 매출채권 9,796,304,504 6,685,760,753
아우딘퓨쳐스 227610 재고자산 7,432,536,332 4,443,778,705
아우딘퓨쳐스 227610 기타유동금융자산 0 0
아우딘퓨쳐스 227610 기타유동자산 529,789,988 818,071,779
아우딘퓨쳐스 227610 매각예정비유동자산 0 0
아우딘퓨쳐스 227610 비유동자산 14,386,783,197 12,622,364,038
아우딘퓨쳐스 227610 장기금융상품 0 0
아우딘퓨쳐스 227610 기타포괄손익-공정가치 0 0
아우딘퓨쳐스 227610 당기손익인식공정가치측정금융자산 0 0
아우딘퓨쳐스 227610 종속회사투자 0 0
아우딘퓨쳐스 227610 관계회사투자 0 0
아우딘퓨쳐스 227610 렌탈자산 0 0
아우딘퓨쳐스 227610 유형자산 11,066,889,616 10,442,668,401
아우딘퓨쳐스 227610 무형자산 789,665,383 83,338,303
아우딘퓨쳐스 227610 기타비유동금융자산 1,215,114,462 1,112,131,645
아우딘퓨쳐스 227610 기타비유동자산 0 0
아우딘퓨쳐스 227610 사용권자산 0 0
아우딘퓨쳐스 227610 이연법인세자산 866,032,953 535,144,906
아우딘퓨쳐스 227610 자산총계 53,814,756,358 32,207,637,217
아우딘퓨쳐스 227610 유동부채 3,851,080,223 8,626,945,881
아우딘퓨쳐스 227610 단기매입채무 0 0
아우딘퓨쳐스 227610 단기차입금 25,168,162 2,982,397,659
아우딘퓨쳐스 227610 유동성장기차입금 0 1,600,000,000
아우딘퓨쳐스 227610 유동성사채 0 0
아우딘퓨쳐스 227610 기타유동금융부채 0 0
아우딘퓨쳐스 227610 기타유동부채 316,319,788 537,081,216
아우딘퓨쳐스 227610 당기법인세부채 13,942,231 199,805,233
아우딘퓨쳐스 227610 유동리스부채 0 0
아우딘퓨쳐스 227610 비유동부채 432,871,201 374,608,882
아우딘퓨쳐스 227610 사채 0 0
아우딘퓨쳐스 227610 장기차입금 0 0
아우딘퓨쳐스 227610 기타비유동금융부채 0 0
아우딘퓨쳐스 227610 이연법인세부채 0 0
아우딘퓨쳐스 227610 비유동리스부채 0 0
아우딘퓨쳐스 227610 부채총계 4,283,951,424 9,001,554,763
아우딘퓨쳐스 227610 자본금 2,962,595,000 2,450,000,000
아우딘퓨쳐스 227610 자본잉여금 0 0
아우딘퓨쳐스 227610 자본조정 0 0
아우딘퓨쳐스 227610 기타포괄손익누계액 0 0
아우딘퓨쳐스 227610 이익잉여금(결손금) 0 0
아우딘퓨쳐스 227610 자본총계 49,530,804,934 23,206,082,454
아우딘퓨쳐스 227610 자본과부채총계 53,814,756,358 32,207,637,217
date : 2017-12-31
아우딘퓨쳐스 227610 유동자산 38,259,724,344 19,585,273,179
아우딘퓨쳐스 227610 현금및현금성자산 1,712,870,409 7,437,932,267
아우딘퓨쳐스 227610 매출채권 15,068,339,263 6,685,760,753
아우딘퓨쳐스 227610 재고자산 6,219,065,652 4,443,778,705
아우딘퓨쳐스 227610 기타유동금융자산 0 0
아우딘퓨쳐스 227610 기타유동자산 1,131,605,853 818,071,779
아우딘퓨쳐스 227610 매각예정비유동자산 0 0
아우딘퓨쳐스 227610 비유동자산 14,412,995,510 12,622,364,038
아우딘퓨쳐스 227610 장기금융상품 0 0
아우딘퓨쳐스 227610 기타포괄손익-공정가치 0 0
아우딘퓨쳐스 227610 당기손익인식공정가치측정금융자산 0 0
아우딘퓨쳐스 227610 종속회사투자 0 0
아우딘퓨쳐스 227610 관계회사투자 0 0
아우딘퓨쳐스 227610 렌탈자산 0 0
아우딘퓨쳐스 227610 유형자산 11,247,245,273 10,442,668,401
아우딘퓨쳐스 227610 무형자산 544,971,344 83,338,303
아우딘퓨쳐스 227610 기타비유동금융자산 0 0
아우딘퓨쳐스 227610 기타비유동자산 0 0
아우딘퓨쳐스 227610 사용권자산 0 0
아우딘퓨쳐스 227610 이연법인세자산 920,026,996 535,144,906
아우딘퓨쳐스 227610 자산총계 52,672,719,854 32,207,637,217
아우딘퓨쳐스 227610 유동부채 6,011,859,642 8,626,945,881
아우딘퓨쳐스 227610 단기매입채무 0 0
아우딘퓨쳐스 227610 단기차입금 2,982,397,659 5,079,319,342
아우딘퓨쳐스 227610 유동성장기차입금 1,600,000,000 5,079,319,342
아우딘퓨쳐스 227610 유동성사채 0 0
아우딘퓨쳐스 227610 기타유동금융부채 0 0
아우딘퓨쳐스 227610 기타유동부채 247,562,441 499,081,216
아우딘퓨쳐스 227610 당기법인세부채 199,805,233 5,079,319,342
아우딘퓨쳐스 227610 유동리스부채 0 0
아우딘퓨쳐스 227610 비유동부채 716,456,225 374,608,882
아우딘퓨쳐스 227610 사채 0 0
아우딘퓨쳐스 227610 장기차입금 926,500,000 374,608,882
아우딘퓨쳐스 227610 기타비유동금융부채 0 0
아우딘퓨쳐스 227610 이연법인세부채 0 0
아우딘퓨쳐스 227610 비유동리스부채 0 0
아우딘퓨쳐스 227610 부채총계 6,728,315,867 9,001,554,763
아우딘퓨쳐스 227610 자본금 5,000,000,000 2,450,000,000
아우딘퓨쳐스 227610 자본잉여금 0 0
아우딘퓨쳐스 227610 자본조정 0 0
아우딘퓨쳐스 227610 기타포괄손익누계액 0 0
아우딘퓨쳐스 227610 이익잉여금(결손금) 0 0
아우딘퓨쳐스 227610 자본총계 45,944,403,987 23,206,082,454
아우딘퓨쳐스 227610 자본과부채총계 52,672,719,854 32,207,637,217
date : 2018-03-31
아우딘퓨쳐스 227610 유동자산 40,250,955,158 38,259,724,344
아우딘퓨쳐스 227610 현금및현금성자산 3,760,569,897 1,712,870,409
아우딘퓨쳐스 227610 매출채권 27,029,345,328 15,068,339,263
아우딘퓨쳐스 227610 재고자산 8,716,581,005 6,219,065,652
아우딘퓨쳐스 227610 기타유동금융자산 0 0
아우딘퓨쳐스 227610 기타유동자산 655,384,284 1,131,605,853
아우딘퓨쳐스 227610 매각예정비유동자산 0 0
아우딘퓨쳐스 227610 비유동자산 15,554,927,357 14,412,995,510
아우딘퓨쳐스 227610 장기금융상품 0 0
아우딘퓨쳐스 227610 기타포괄손익-공정가치 0 0
아우딘퓨쳐스 227610 당기손익인식공정가치측정금융자산 0 0
아우딘퓨쳐스 227610 종속회사투자 0 0
아우딘퓨쳐스 227610 관계회사투자 0 0
아우딘퓨쳐스 227610 렌탈자산 0 0
아우딘퓨쳐스 227610 유형자산 11,843,609,670 11,247,245,273
아우딘퓨쳐스 227610 무형자산 680,268,805 544,971,344
아우딘퓨쳐스 227610 기타비유동금융자산 1,643,944,425 1,298,001,114
아우딘퓨쳐스 227610 기타비유동자산 0 0
아우딘퓨쳐스 227610 사용권자산 0 0
아우딘퓨쳐스 227610 이연법인세자산 984,353,674 920,026,996
아우딘퓨쳐스 227610 자산총계 55,805,882,515 52,672,719,854
아우딘퓨쳐스 227610 유동부채 6,224,992,203 6,011,859,642
아우딘퓨쳐스 227610 단기매입채무 0 0
아우딘퓨쳐스 227610 단기차입금 0 0
아우딘퓨쳐스 227610 유동성장기차입금 0 0
아우딘퓨쳐스 227610 유동성사채 0 0
아우딘퓨쳐스 227610 기타유동금융부채 0 0
아우딘퓨쳐스 227610 기타유동부채 466,754,834 247,562,441
아우딘퓨쳐스 227610 당기법인세부채 6,089,064 6,011,859,642
아우딘퓨쳐스 227610 유동리스부채 0 0
아우딘퓨쳐스 227610 비유동부채 742,791,053 716,456,225
아우딘퓨쳐스 227610 사채 0 0
아우딘퓨쳐스 227610 장기차입금 0 0
아우딘퓨쳐스 227610 기타비유동금융부채 0 0
아우딘퓨쳐스 227610 이연법인세부채 0 0
아우딘퓨쳐스 227610 비유동리스부채 0 0
아우딘퓨쳐스 227610 부채총계 6,967,783,256 6,728,315,867
아우딘퓨쳐스 227610 자본금 5,000,000,000 5,000,000,000
아우딘퓨쳐스 227610 자본잉여금 0 0
아우딘퓨쳐스 227610 자본조정 0 0
아우딘퓨쳐스 227610 기타포괄손익누계액 0 0
아우딘퓨쳐스 227610 이익잉여금(결손금) 0 0
아우딘퓨쳐스 227610 자본총계 48,838,099,259 45,944,403,987
아우딘퓨쳐스 227610 자본과부채총계 55,805,882,515 52,672,719,854
date : 2018-06-30
아우딘퓨쳐스 227610 유동자산 45,250,138,239 38,259,724,344
아우딘퓨쳐스 227610 현금및현금성자산 460,761,517 1,712,870,409
아우딘퓨쳐스 227610 매출채권 34,472,967,008 15,068,339,263
아우딘퓨쳐스 227610 재고자산 9,010,740,996 6,219,065,652
아우딘퓨쳐스 227610 기타유동금융자산 0 0
아우딘퓨쳐스 227610 기타유동자산 1,180,942,534 1,131,605,853
아우딘퓨쳐스 227610 매각예정비유동자산 0 0
아우딘퓨쳐스 227610 비유동자산 16,022,721,835 14,412,995,510
아우딘퓨쳐스 227610 장기금융상품 0 0
아우딘퓨쳐스 227610 기타포괄손익-공정가치 0 0
아우딘퓨쳐스 227610 당기손익인식공정가치측정금융자산 0 0
아우딘퓨쳐스 227610 종속회사투자 0 0
아우딘퓨쳐스 227610 관계회사투자 0 0
아우딘퓨쳐스 227610 렌탈자산 0 0
아우딘퓨쳐스 227610 유형자산 12,313,667,740 11,247,245,273
아우딘퓨쳐스 227610 무형자산 813,179,090 544,971,344
아우딘퓨쳐스 227610 기타비유동금융자산 1,649,694,567 1,298,001,114
아우딘퓨쳐스 227610 기타비유동자산 0 0
아우딘퓨쳐스 227610 사용권자산 0 0
아우딘퓨쳐스 227610 이연법인세자산 1,246,180,438 920,026,996
아우딘퓨쳐스 227610 자산총계 61,272,860,074 52,672,719,854
아우딘퓨쳐스 227610 유동부채 8,257,031,949 6,011,859,642
아우딘퓨쳐스 227610 단기매입채무 0 0
아우딘퓨쳐스 227610 단기차입금 714,962,098 0
아우딘퓨쳐스 227610 유동성장기차입금 0 0
아우딘퓨쳐스 227610 유동성사채 0 0
아우딘퓨쳐스 227610 기타유동금융부채 0 0
아우딘퓨쳐스 227610 기타유동부채 330,991,781 247,562,441
아우딘퓨쳐스 227610 당기법인세부채 64,005,144 0
아우딘퓨쳐스 227610 유동리스부채 0 0
아우딘퓨쳐스 227610 비유동부채 814,626,815 716,456,225
아우딘퓨쳐스 227610 사채 0 0
아우딘퓨쳐스 227610 장기차입금 0 0
아우딘퓨쳐스 227610 기타비유동금융부채 0 0
아우딘퓨쳐스 227610 이연법인세부채 0 0
아우딘퓨쳐스 227610 비유동리스부채 0 0
아우딘퓨쳐스 227610 부채총계 9,071,658,764 6,728,315,867
아우딘퓨쳐스 227610 자본금 5,000,000,000 5,000,000,000
아우딘퓨쳐스 227610 자본잉여금 0 0
아우딘퓨쳐스 227610 자본조정 0 0
아우딘퓨쳐스 227610 기타포괄손익누계액 0 0
아우딘퓨쳐스 227610 이익잉여금(결손금) 20,576,349,933 14,319,552,610
아우딘퓨쳐스 227610 자본총계 52,201,201,310 45,944,403,987
아우딘퓨쳐스 227610 자본과부채총계 61,272,860,074 52,672,719,854
date : 2018-09-30
아우딘퓨쳐스 227610 유동자산 47,527,397,382 38,259,724,344
아우딘퓨쳐스 227610 현금및현금성자산 3,729,888,892 1,712,870,409
아우딘퓨쳐스 227610 매출채권 32,786,848,527 15,068,339,263
아우딘퓨쳐스 227610 재고자산 9,491,932,231 6,219,065,652
아우딘퓨쳐스 227610 기타유동금융자산 0 0
아우딘퓨쳐스 227610 기타유동자산 1,390,458,138 1,131,605,853
아우딘퓨쳐스 227610 매각예정비유동자산 0 0
아우딘퓨쳐스 227610 비유동자산 16,633,144,214 14,412,995,510
아우딘퓨쳐스 227610 장기금융상품 0 0
아우딘퓨쳐스 227610 기타포괄손익-공정가치 0 0
아우딘퓨쳐스 227610 당기손익인식공정가치측정금융자산 0 0
아우딘퓨쳐스 227610 종속회사투자 0 0
아우딘퓨쳐스 227610 관계회사투자 0 0
아우딘퓨쳐스 227610 렌탈자산 0 0
아우딘퓨쳐스 227610 유형자산 12,652,857,688 11,247,245,273
아우딘퓨쳐스 227610 무형자산 891,384,552 544,971,344
아우딘퓨쳐스 227610 기타비유동금융자산 1,729,230,717 1,298,001,114
아우딘퓨쳐스 227610 기타비유동자산 0 0
아우딘퓨쳐스 227610 사용권자산 0 0
아우딘퓨쳐스 227610 이연법인세자산 1,359,671,257 920,026,996
아우딘퓨쳐스 227610 자산총계 64,160,541,596 52,672,719,854
아우딘퓨쳐스 227610 유동부채 7,586,108,359 6,011,859,642
아우딘퓨쳐스 227610 단기매입채무 0 0
아우딘퓨쳐스 227610 단기차입금 0 0
아우딘퓨쳐스 227610 유동성장기차입금 0 0
아우딘퓨쳐스 227610 유동성사채 0 0
아우딘퓨쳐스 227610 기타유동금융부채 0 0
아우딘퓨쳐스 227610 기타유동부채 533,959,175 247,562,441
아우딘퓨쳐스 227610 당기법인세부채 139,958,100 6,011,859,642
아우딘퓨쳐스 227610 유동리스부채 0 0
아우딘퓨쳐스 227610 비유동부채 747,017,630 716,456,225
아우딘퓨쳐스 227610 사채 0 0
아우딘퓨쳐스 227610 장기차입금 0 0
아우딘퓨쳐스 227610 기타비유동금융부채 0 0
아우딘퓨쳐스 227610 이연법인세부채 0 0
아우딘퓨쳐스 227610 비유동리스부채 0 0
아우딘퓨쳐스 227610 부채총계 8,333,125,989 6,728,315,867
아우딘퓨쳐스 227610 자본금 5,000,000,000 5,000,000,000
아우딘퓨쳐스 227610 자본잉여금 0 0
아우딘퓨쳐스 227610 자본조정 0 0
아우딘퓨쳐스 227610 기타포괄손익누계액 0 0
아우딘퓨쳐스 227610 이익잉여금(결손금) 24,202,564,230 14,319,552,610
아우딘퓨쳐스 227610 자본총계 55,827,415,607 45,944,403,987
아우딘퓨쳐스 227610 자본과부채총계 64,160,541,596 52,672,719,854
date : 2018-12-31
아우딘퓨쳐스 227610 유동자산 41,336,271,254 38,259,724,344
아우딘퓨쳐스 227610 현금및현금성자산 7,650,163,969 1,712,870,409
아우딘퓨쳐스 227610 매출채권 22,915,244,157 15,068,339,263
아우딘퓨쳐스 227610 재고자산 9,190,459,344 6,219,065,652
아우딘퓨쳐스 227610 기타유동금융자산 0 0
아우딘퓨쳐스 227610 기타유동자산 1,451,765,212 1,131,605,853
아우딘퓨쳐스 227610 매각예정비유동자산 0 0
아우딘퓨쳐스 227610 비유동자산 18,324,114,401 14,412,995,510
아우딘퓨쳐스 227610 장기금융상품 0 0
아우딘퓨쳐스 227610 기타포괄손익-공정가치 0 0
아우딘퓨쳐스 227610 당기손익인식공정가치측정금융자산 0 0
아우딘퓨쳐스 227610 종속회사투자 0 0
아우딘퓨쳐스 227610 관계회사투자 0 0
아우딘퓨쳐스 227610 렌탈자산 0 0
아우딘퓨쳐스 227610 유형자산 13,829,512,415 11,247,245,273
아우딘퓨쳐스 227610 무형자산 917,512,869 544,971,344
아우딘퓨쳐스 227610 기타비유동금융자산 0 0
아우딘퓨쳐스 227610 기타비유동자산 0 0
아우딘퓨쳐스 227610 사용권자산 0 0
아우딘퓨쳐스 227610 이연법인세자산 1,745,211,499 920,026,996
아우딘퓨쳐스 227610 자산총계 59,660,385,655 52,672,719,854
아우딘퓨쳐스 227610 유동부채 4,414,414,110 6,011,859,642
아우딘퓨쳐스 227610 단기매입채무 0 0
아우딘퓨쳐스 227610 단기차입금 2,982,397,659 6,011,859,642
아우딘퓨쳐스 227610 유동성장기차입금 1,600,000,000 6,011,859,642
아우딘퓨쳐스 227610 유동성사채 0 0
아우딘퓨쳐스 227610 기타유동금융부채 0 0
아우딘퓨쳐스 227610 기타유동부채 603,054,661 247,562,441
아우딘퓨쳐스 227610 당기법인세부채 162,704,970 199,805,233
아우딘퓨쳐스 227610 유동리스부채 0 0
아우딘퓨쳐스 227610 비유동부채 1,645,514,868 716,456,225
아우딘퓨쳐스 227610 사채 0 0
아우딘퓨쳐스 227610 장기차입금 516,000,000 716,456,225
아우딘퓨쳐스 227610 기타비유동금융부채 0 0
아우딘퓨쳐스 227610 이연법인세부채 0 0
아우딘퓨쳐스 227610 비유동리스부채 0 0
아우딘퓨쳐스 227610 부채총계 6,059,928,978 6,728,315,867
아우딘퓨쳐스 227610 자본금 5,000,000,000 5,000,000,000
아우딘퓨쳐스 227610 자본잉여금 0 0
아우딘퓨쳐스 227610 자본조정 0 0
아우딘퓨쳐스 227610 기타포괄손익누계액 0 0
아우딘퓨쳐스 227610 이익잉여금(결손금) 21,975,605,300 14,319,552,610
아우딘퓨쳐스 227610 자본총계 53,600,456,677 45,944,403,987
아우딘퓨쳐스 227610 자본과부채총계 59,660,385,655 52,672,719,854
date : 2019-03-31
아우딘퓨쳐스 227610 유동자산 45,158,208,969 41,336,271,254
아우딘퓨쳐스 227610 현금및현금성자산 8,684,515,716 7,650,163,969
아우딘퓨쳐스 227610 매출채권 23,776,702,472 22,915,244,157
아우딘퓨쳐스 227610 재고자산 10,797,799,895 9,190,459,344
아우딘퓨쳐스 227610 기타유동금융자산 0 0
아우딘퓨쳐스 227610 기타유동자산 1,777,087,511 1,451,765,212
아우딘퓨쳐스 227610 매각예정비유동자산 0 0
아우딘퓨쳐스 227610 비유동자산 19,491,658,859 18,324,114,401
아우딘퓨쳐스 227610 장기금융상품 0 0
아우딘퓨쳐스 227610 기타포괄손익-공정가치 0 0
아우딘퓨쳐스 227610 당기손익인식공정가치측정금융자산 0 0
아우딘퓨쳐스 227610 종속회사투자 0 0
아우딘퓨쳐스 227610 관계회사투자 0 0
아우딘퓨쳐스 227610 렌탈자산 0 0
아우딘퓨쳐스 227610 유형자산 14,689,826,891 13,829,512,415
아우딘퓨쳐스 227610 무형자산 942,985,451 917,512,869
아우딘퓨쳐스 227610 기타비유동금융자산 0 0
아우딘퓨쳐스 227610 기타비유동자산 0 0
아우딘퓨쳐스 227610 사용권자산 0 0
아우딘퓨쳐스 227610 이연법인세자산 1,942,018,569 1,745,211,499
아우딘퓨쳐스 227610 자산총계 64,649,867,828 59,660,385,655
아우딘퓨쳐스 227610 유동부채 8,144,376,083 4,414,414,110
아우딘퓨쳐스 227610 단기매입채무 0 0
아우딘퓨쳐스 227610 단기차입금 0 0
아우딘퓨쳐스 227610 유동성장기차입금 0 0
아우딘퓨쳐스 227610 유동성사채 0 0
아우딘퓨쳐스 227610 기타유동금융부채 0 0
아우딘퓨쳐스 227610 기타유동부채 1,952,829,255 603,054,661
아우딘퓨쳐스 227610 당기법인세부채 164,000,662 162,704,970
아우딘퓨쳐스 227610 유동리스부채 0 0
아우딘퓨쳐스 227610 비유동부채 2,762,933,267 1,645,514,868
아우딘퓨쳐스 227610 사채 0 0
아우딘퓨쳐스 227610 장기차입금 516,000,000 516,000,000
아우딘퓨쳐스 227610 기타비유동금융부채 0 0
아우딘퓨쳐스 227610 이연법인세부채 0 0
아우딘퓨쳐스 227610 비유동리스부채 0 0
아우딘퓨쳐스 227610 부채총계 10,907,309,350 6,059,928,978
아우딘퓨쳐스 227610 자본금 5,000,000,000 5,000,000,000
아우딘퓨쳐스 227610 자본잉여금 0 0
아우딘퓨쳐스 227610 자본조정 0 0
아우딘퓨쳐스 227610 기타포괄손익누계액 0 0
아우딘퓨쳐스 227610 이익잉여금(결손금) 22,117,707,101 21,975,605,300
아우딘퓨쳐스 227610 자본총계 53,742,558,478 53,600,456,677
아우딘퓨쳐스 227610 자본과부채총계 64,649,867,828 59,660,385,655
