date : 2018-12-31
마이크로텍 227950 유동자산 13,816,868,314 11,586,415,156
마이크로텍 227950 현금및현금성자산 3,582,240,434 965,136,677
마이크로텍 227950 매출채권 및 기타유동채권
마이크로텍 227950 재고자산 6,800,297,612 6,410,242,200
마이크로텍 227950 기타유동금융자산 0 0
마이크로텍 227950 기타유동자산 177,791,756 154,740,936
마이크로텍 227950 매각예정비유동자산 0 0
마이크로텍 227950 비유동자산 14,828,627,166 11,814,275,741
마이크로텍 227950 장기금융상품 0 0
마이크로텍 227950 기타포괄손익-공정가치 0 0
마이크로텍 227950 당기손익인식공정가치측정금융자산 0 0
마이크로텍 227950 종속회사투자 0 0
마이크로텍 227950 관계회사투자 0 0
마이크로텍 227950 렌탈자산 0 0
마이크로텍 227950 유형자산 11,879,147,883 10,302,483,772
마이크로텍 227950 무형자산 1,106,890,691 21,315,120
마이크로텍 227950 기타비유동금융자산 1,831,033,129 1,478,921,386
마이크로텍 227950 기타비유동자산 0 0
마이크로텍 227950 사용권자산 0 0
마이크로텍 227950 이연법인세자산 0 0
마이크로텍 227950 자산총계 28,645,495,480 23,400,690,897
마이크로텍 227950 유동부채 11,430,444,270 12,588,961,338
마이크로텍 227950 단기매입채무 0 0
마이크로텍 227950 단기차입금 7,282,787,422 4,989,992,000
마이크로텍 227950 유동성장기차입금 0 0
마이크로텍 227950 유동성사채 0 0
마이크로텍 227950 기타유동금융부채 0 0
마이크로텍 227950 기타유동부채 89,638,230 263,855,958
마이크로텍 227950 당기법인세부채 140,455,318 9,530,384
마이크로텍 227950 유동리스부채 0 0
마이크로텍 227950 비유동부채 3,518,591,222 3,318,370,990
마이크로텍 227950 사채 0 0
마이크로텍 227950 장기차입금 0 0
마이크로텍 227950 기타비유동금융부채 0 0
마이크로텍 227950 이연법인세부채 75,046,001 546,251,537
마이크로텍 227950 비유동리스부채 0 0
마이크로텍 227950 부채총계 14,949,035,492 15,907,332,328
마이크로텍 227950 자본금 1,900,092,800 1,145,092,800
마이크로텍 227950 자본잉여금 16,196,706,531 1,515,086,531
마이크로텍 227950 자본조정 0 0
마이크로텍 227950 기타포괄손익누계액 -159,929,446 90,955,668
마이크로텍 227950 이익잉여금(결손금) -1,394,266 4,742,223,570
마이크로텍 227950 자본총계 13,696,459,988 7,493,358,569
마이크로텍 227950 자본과부채총계 28,645,495,480 23,400,690,897
date : 2019-03-31
마이크로텍 227950 유동자산 18,557,710,337 13,816,868,314
마이크로텍 227950 현금및현금성자산 795,087,564 3,582,240,434
마이크로텍 227950 매출채권 및 기타유동채권
마이크로텍 227950 재고자산 7,125,413,982 6,800,297,612
마이크로텍 227950 기타유동금융자산 0 0
마이크로텍 227950 기타유동자산 301,438,593 177,791,756
마이크로텍 227950 매각예정비유동자산 0 0
마이크로텍 227950 비유동자산 22,132,297,806 14,828,627,166
마이크로텍 227950 장기금융상품 0 0
마이크로텍 227950 기타포괄손익-공정가치 0 0
마이크로텍 227950 당기손익인식공정가치측정금융자산 0 0
마이크로텍 227950 종속회사투자 0 0
마이크로텍 227950 관계회사투자 0 0
마이크로텍 227950 렌탈자산 0 0
마이크로텍 227950 유형자산 11,744,109,264 11,879,147,883
마이크로텍 227950 무형자산 1,053,659,636 1,106,890,691
마이크로텍 227950 기타비유동금융자산 9,322,973,443 1,831,033,129
마이크로텍 227950 기타비유동자산 0 0
마이크로텍 227950 사용권자산 0 0
마이크로텍 227950 이연법인세자산 0 0
마이크로텍 227950 자산총계 40,690,008,143 28,645,495,480
마이크로텍 227950 유동부채 19,569,270,331 11,430,444,270
마이크로텍 227950 단기매입채무 0 0
마이크로텍 227950 단기차입금 15,765,595,692 7,282,787,422
마이크로텍 227950 유동성장기차입금 0 0
마이크로텍 227950 유동성사채 0 0
마이크로텍 227950 기타유동금융부채 0 0
마이크로텍 227950 기타유동부채 67,855,090 89,638,230
마이크로텍 227950 당기법인세부채 0 7,282,787,422
마이크로텍 227950 유동리스부채 0 0
마이크로텍 227950 비유동부채 3,339,210,591 3,518,591,222
마이크로텍 227950 사채 0 0
마이크로텍 227950 장기차입금 0 0
마이크로텍 227950 기타비유동금융부채 0 0
마이크로텍 227950 이연법인세부채 75,046,001 3,518,591,222
마이크로텍 227950 비유동리스부채 0 0
마이크로텍 227950 부채총계 22,908,480,922 14,949,035,492
마이크로텍 227950 자본금 1,900,092,800 1,900,092,800
마이크로텍 227950 자본잉여금 16,196,706,531 16,196,706,531
마이크로텍 227950 자본조정 0 0
마이크로텍 227950 기타포괄손익누계액 -159,929,446 -159,929,446
마이크로텍 227950 이익잉여금(결손금) -478,261,283 -1,394,266
마이크로텍 227950 자본총계 17,781,527,221 13,696,459,988
마이크로텍 227950 자본과부채총계 40,690,008,143 28,645,495,480
