date : 2019-03-31
자이글 234920 유동자산 27,807,818,159 33,688,976,068
자이글 234920 현금및현금성자산 2,306,172,938 2,635,615,351
자이글 234920 매출채권 483,929,958 1,021,499,557
자이글 234920 재고자산 6,772,751,220 4,620,592,260
자이글 234920 기타유동금융자산 437,201,382 420,699,735
자이글 234920 기타유동자산 2,307,762,661 4,490,569,165
자이글 234920 비유동자산 59,767,426,448 60,555,723,086
자이글 234920 장기금융상품 930,067,576 890,656,748
자이글 234920 유형자산 42,627,550,008 42,812,075,850
자이글 234920 무형자산 13,271,403,214 13,913,109,338
자이글 234920 기타비유동금융자산 59,237,150 60,712,650
자이글 234920 이연법인세자산 2,767,788,500 2,767,788,500
자이글 234920 자산총계 87,575,244,607 94,244,699,154
자이글 234920 유동부채 12,106,148,057 11,935,404,631
자이글 234920 기타유동금융부채 1,313,832,440 1,129,517,377
자이글 234920 기타유동부채 923,884,440 794,820,623
자이글 234920 비유동부채 80,000,000 80,000,000
자이글 234920 기타비유동금융부채 80,000,000 80,000,000
자이글 234920 부채총계 12,186,148,057 12,015,404,631
자이글 234920 자본금 6,765,455,000 6,765,455,000
자이글 234920 자본조정 -999,055,900 -999,055,900
자이글 234920 기타포괄손익누계액 -1,658,904,000 -1,658,904,000
자이글 234920 이익잉여금(결손금) 26,523,670,517 33,363,868,490
자이글 234920 자본총계 75,389,096,550 82,229,294,523
자이글 234920 자본과부채총계 87,575,244,607 94,244,699,154
