date : 2019-03-31
피앤씨테크 237750 유동자산 39,077,188,620 37,708,239,250
피앤씨테크 237750 현금및현금성자산 2,444,099,038 3,520,029,863
피앤씨테크 237750 기타유동금융자산 2,465,393,603 2,523,011,200
피앤씨테크 237750 매출채권 및 기타유동채권
피앤씨테크 237750 재고자산 8,035,498,693 6,025,086,117
피앤씨테크 237750 비유동자산 27,653,901,357 27,454,137,326
피앤씨테크 237750 기타비유동금융자산 3,293,199,002 3,226,560,735
피앤씨테크 237750 유형자산 21,395,758,338 21,494,343,217
피앤씨테크 237750 무형자산 589,890,828 580,891,001
피앤씨테크 237750 사용권자산 88,776,113 0
피앤씨테크 237750 이연법인세자산 510,756,826 512,741,373
피앤씨테크 237750 자산총계 66,731,089,977 65,162,376,576
피앤씨테크 237750 유동부채 7,178,989,034 6,258,970,872
피앤씨테크 237750 단기차입금 2,400,000,000 2,400,000,000
피앤씨테크 237750 당기법인세부채 229,450,068 118,438,807
피앤씨테크 237750 비유동부채 1,453,992,657 1,285,189,324
피앤씨테크 237750 부채총계 8,632,981,691 7,544,160,196
피앤씨테크 237750 자본금 3,248,300,000 3,248,300,000
피앤씨테크 237750 자본잉여금 51,312,300 51,312,300
피앤씨테크 237750 기타포괄손익누계액 67,066,925 67,066,925
피앤씨테크 237750 이익잉여금(결손금) 29,434,811,946 28,954,920,040
피앤씨테크 237750 자본총계 58,098,108,286 57,618,216,380
피앤씨테크 237750 자본과부채총계 66,731,089,977 65,162,376,576
