date : 2019-03-31
로고스바이오 238120 유동자산 17,518,713,304 17,304,521,846
로고스바이오 238120 현금및현금성자산 2,512,095,667 2,748,030,242
로고스바이오 238120 매출채권 및 기타채권
로고스바이오 238120 재고자산 2,052,855,631 1,960,078,078
로고스바이오 238120 기타유동금융자산 4,081,255,635 4,058,570,703
로고스바이오 238120 기타유동자산 125,693,787 169,356,382
로고스바이오 238120 비유동자산 5,730,648,446 5,749,945,016
로고스바이오 238120 유형자산 699,792,196 666,819,870
로고스바이오 238120 무형자산 510,914,787 562,943,683
로고스바이오 238120 기타비유동금융자산 605,043,000 605,283,000
로고스바이오 238120 자산총계 23,249,361,750 23,054,466,862
로고스바이오 238120 유동부채 638,228,105 474,739,830
로고스바이오 238120 기타유동부채 134,791,158 75,365,144
로고스바이오 238120 비유동부채 1,483,326,148 1,411,700,307
로고스바이오 238120 부채총계 2,121,554,253 1,886,440,137
로고스바이오 238120 자본금 1,797,362,000 1,797,362,000
로고스바이오 238120 자본잉여금 28,056,313,570 28,056,313,570
로고스바이오 238120 이익잉여금(결손금) -8,725,868,073 -8,685,648,845
로고스바이오 238120 자본총계 21,127,807,497 21,168,026,725
