date : 2019-03-31
에이치엘사이언스 239610 유동자산 61,437,696,579 54,046,860,797
에이치엘사이언스 239610 현금및현금성자산 5,840,082,498 8,639,258,128
에이치엘사이언스 239610 기타유동금융자산 44,389,907,106 38,304,343,154
에이치엘사이언스 239610 매출채권 및 기타유동채권
에이치엘사이언스 239610 재고자산 5,021,790,715 2,945,001,608
에이치엘사이언스 239610 기타유동자산 833,781,238 698,866,429
에이치엘사이언스 239610 비유동자산 17,510,245,239 17,364,791,462
에이치엘사이언스 239610 유형자산 10,145,000,304 10,125,648,073
에이치엘사이언스 239610 무형자산 626,972,466 641,799,994
에이치엘사이언스 239610 사용권자산 117,433,907 0
에이치엘사이언스 239610 기타비유동자산 256,946,237 226,276,220
에이치엘사이언스 239610 이연법인세자산 114,188,079 87,686,077
에이치엘사이언스 239610 자산총계 78,947,941,818 71,411,652,259
에이치엘사이언스 239610 유동부채 11,960,687,577 7,564,187,882
에이치엘사이언스 239610 기타유동부채 1,058,885,868 662,489,272
에이치엘사이언스 239610 비유동부채 937,422,852 859,000,000
에이치엘사이언스 239610 부채총계 12,898,110,429 8,423,187,882
에이치엘사이언스 239610 자본금 2,571,074,000 2,571,074,000
에이치엘사이언스 239610 이익잉여금(결손금) 36,990,906,829 33,929,539,817
에이치엘사이언스 239610 자본총계 66,049,831,389 62,988,464,377
에이치엘사이언스 239610 자본과부채총계 78,947,941,818 71,411,652,259
