date : 2019-03-31
코스메카코리아 241710 유동자산 64,404,163,926 50,196,099,600
코스메카코리아 241710 현금및현금성자산 8,066,986,145 9,063,207,683
코스메카코리아 241710 매출채권 및 기타유동채권
코스메카코리아 241710 재고자산 16,297,821,617 12,133,765,797
코스메카코리아 241710 기타유동자산 1,196,298,807 1,473,314,000
코스메카코리아 241710 비유동자산 162,065,860,835 158,838,355,474
코스메카코리아 241710 유형자산 69,098,549,748 67,250,537,425
코스메카코리아 241710 무형자산 540,641,187 552,214,597
코스메카코리아 241710 사용권자산 645,208,029 0
코스메카코리아 241710 기타비유동자산 810,000 810,000
코스메카코리아 241710 이연법인세자산 482,174,650 595,763,919
코스메카코리아 241710 자산총계 226,470,024,761 209,034,455,074
코스메카코리아 241710 유동부채 58,039,704,286 42,012,660,880
코스메카코리아 241710 단기차입금 17,200,000,000 14,200,000,000
코스메카코리아 241710 당기법인세부채 1,339,335,863 495,211,952
코스메카코리아 241710 기타유동부채 1,649,420,895 1,433,615,105
코스메카코리아 241710 비유동부채 41,803,565,158 41,302,473,994
코스메카코리아 241710 장기차입금 21,500,000,000 21,500,000,000
코스메카코리아 241710 기타비유동금융부채 3,134,433,050 3,154,708,520
코스메카코리아 241710 비유동리스부채 645,337,415 0
코스메카코리아 241710 부채총계 99,843,269,444 83,315,134,874
코스메카코리아 241710 자본금 5,340,000,000 5,340,000,000
코스메카코리아 241710 자본잉여금 71,656,045,051 71,656,045,051
코스메카코리아 241710 이익잉여금(결손금) 49,630,710,266 48,723,275,149
코스메카코리아 241710 자본총계 126,626,755,317 125,719,320,200
코스메카코리아 241710 자본과부채총계 226,470,024,761 209,034,455,074
