date : 2017-09-30
신흥에스이씨 243840 유동자산 58,407,201,780 28,895,444,962
신흥에스이씨 243840 현금및현금성자산 18,226,910,760 6,265,381,953
신흥에스이씨 243840 매출채권 및 기타유동채권
신흥에스이씨 243840 재고자산 4,740,650,968 4,688,682,368
신흥에스이씨 243840 기타유동금융자산 91,036 0
신흥에스이씨 243840 기타유동자산 681,711,435 482,920,602
신흥에스이씨 243840 매각예정비유동자산 0 0
신흥에스이씨 243840 비유동자산 66,917,986,562 66,202,785,259
신흥에스이씨 243840 장기금융상품 0 279,994,540
신흥에스이씨 243840 기타포괄손익-공정가치 0 0
신흥에스이씨 243840 당기손익인식공정가치측정금융자산 0 0
신흥에스이씨 243840 종속회사투자 0 0
신흥에스이씨 243840 관계회사투자 0 0
신흥에스이씨 243840 렌탈자산 0 0
신흥에스이씨 243840 유형자산 46,592,867,317 50,926,860,120
신흥에스이씨 243840 무형자산 156,154,488 118,268,623
신흥에스이씨 243840 기타비유동금융자산 119,022,000 118,422,000
신흥에스이씨 243840 기타비유동자산 0 0
신흥에스이씨 243840 사용권자산 0 0
신흥에스이씨 243840 이연법인세자산 1,453,313,432 915,207,385
신흥에스이씨 243840 자산총계 125,325,188,342 95,098,230,221
신흥에스이씨 243840 유동부채 28,337,775,608 27,579,902,100
신흥에스이씨 243840 단기매입채무 5,983,335,968 8,039,890,669
신흥에스이씨 243840 단기차입금 13,592,224,000 11,721,176,000
신흥에스이씨 243840 유동성장기차입금 0 0
신흥에스이씨 243840 유동성사채 0 0
신흥에스이씨 243840 기타유동금융부채 123,538,321 81,883,895
신흥에스이씨 243840 기타유동부채 347,983,653 371,453,912
신흥에스이씨 243840 당기법인세부채 0 0
신흥에스이씨 243840 유동리스부채 0 0
신흥에스이씨 243840 비유동부채 19,656,960,320 16,420,757,731
신흥에스이씨 243840 사채 0 0
신흥에스이씨 243840 장기차입금 14,666,406,000 12,641,220,000
신흥에스이씨 243840 기타비유동금융부채 324,853,769 47,352,532
신흥에스이씨 243840 이연법인세부채 0 0
신흥에스이씨 243840 비유동리스부채 0 0
신흥에스이씨 243840 부채총계 47,994,735,928 44,000,659,831
신흥에스이씨 243840 자본금 16,379,207,500 13,021,160,000
신흥에스이씨 243840 자본잉여금 18,225,622,925 3,339,928,720
신흥에스이씨 243840 자본조정 0 0
신흥에스이씨 243840 기타포괄손익누계액 0 0
신흥에스이씨 243840 이익잉여금(결손금) 42,725,621,989 34,736,481,670
신흥에스이씨 243840 자본총계 77,330,452,414 51,097,570,390
신흥에스이씨 243840 자본과부채총계 125,325,188,342 95,098,230,221
date : 2017-12-31
신흥에스이씨 243840 유동자산 57,435,237,868 28,895,444,962
신흥에스이씨 243840 현금및현금성자산 21,441,737,047 6,265,381,953
신흥에스이씨 243840 매출채권 14,639,097,956 11,009,511,048
신흥에스이씨 243840 재고자산 5,105,234,461 4,688,682,368
신흥에스이씨 243840 기타유동금융자산 14,126,525,991 5,008,923,141
신흥에스이씨 243840 기타유동자산 2,122,642,413 1,922,946,452
신흥에스이씨 243840 매각예정비유동자산 0 0
신흥에스이씨 243840 비유동자산 70,977,974,429 66,202,785,259
신흥에스이씨 243840 장기금융상품 0 0
신흥에스이씨 243840 기타포괄손익-공정가치 0 0
신흥에스이씨 243840 당기손익인식공정가치측정금융자산 0 0
신흥에스이씨 243840 종속회사투자 0 0
신흥에스이씨 243840 관계회사투자 0 0
신흥에스이씨 243840 렌탈자산 0 0
신흥에스이씨 243840 유형자산 50,383,364,072 50,926,860,120
신흥에스이씨 243840 무형자산 179,302,316 118,268,623
신흥에스이씨 243840 기타비유동금융자산 2,051,161,616 3,406,424,116
신흥에스이씨 243840 기타비유동자산 0 0
신흥에스이씨 243840 사용권자산 0 0
신흥에스이씨 243840 이연법인세자산 2,245,336,791 915,207,385
신흥에스이씨 243840 자산총계 128,413,212,297 95,098,230,221
신흥에스이씨 243840 유동부채 31,689,359,222 27,579,902,100
신흥에스이씨 243840 단기매입채무 8,689,732,246 8,039,890,669
신흥에스이씨 243840 단기차입금 10,757,000,000 10,442,500,000
신흥에스이씨 243840 유동성장기차입금 2,943,722,000 1,278,676,000
신흥에스이씨 243840 유동성사채 0 0
신흥에스이씨 243840 기타유동금융부채 7,236,738,023 5,591,477,860
신흥에스이씨 243840 기타유동부채 542,611,318 371,453,912
신흥에스이씨 243840 당기법인세부채 0 0
신흥에스이씨 243840 유동리스부채 0 0
신흥에스이씨 243840 비유동부채 20,748,430,478 16,420,757,731
신흥에스이씨 243840 사채 0 0
신흥에스이씨 243840 장기차입금 15,755,998,000 12,641,220,000
신흥에스이씨 243840 기타비유동금융부채 170,099,173 130,511,340
신흥에스이씨 243840 이연법인세부채 0 0
신흥에스이씨 243840 비유동리스부채 0 0
신흥에스이씨 243840 부채총계 52,437,789,700 44,000,659,831
신흥에스이씨 243840 자본금 16,379,207,500 13,021,160,000
신흥에스이씨 243840 자본잉여금 18,225,622,925 3,339,928,720
신흥에스이씨 243840 자본조정 0 0
신흥에스이씨 243840 기타포괄손익누계액 0 0
신흥에스이씨 243840 이익잉여금(결손금) 41,370,592,172 34,736,481,670
신흥에스이씨 243840 자본총계 75,975,422,597 51,097,570,390
신흥에스이씨 243840 자본과부채총계 128,413,212,297 95,098,230,221
date : 2018-03-31
신흥에스이씨 243840 유동자산 59,590,847,201 57,435,237,868
신흥에스이씨 243840 현금및현금성자산 17,407,232,809 21,441,737,047
신흥에스이씨 243840 매출채권 19,790,475,613 14,639,097,956
신흥에스이씨 243840 재고자산 5,155,421,068 5,105,234,461
신흥에스이씨 243840 기타유동금융자산 13,487,963,665 14,126,525,991
신흥에스이씨 243840 기타유동자산 3,749,754,046 2,122,642,413
신흥에스이씨 243840 매각예정비유동자산 0 0
신흥에스이씨 243840 비유동자산 76,759,822,743 70,977,974,429
신흥에스이씨 243840 장기금융상품 0 0
신흥에스이씨 243840 기타포괄손익-공정가치 0 0
신흥에스이씨 243840 당기손익인식공정가치측정금융자산 0 0
신흥에스이씨 243840 종속회사투자 0 0
신흥에스이씨 243840 관계회사투자 0 0
신흥에스이씨 243840 렌탈자산 0 0
신흥에스이씨 243840 유형자산 55,415,050,396 50,383,364,072
신흥에스이씨 243840 무형자산 224,751,138 179,302,316
신흥에스이씨 243840 기타비유동금융자산 2,803,869,353 2,119,337,616
신흥에스이씨 243840 기타비유동자산 0 0
신흥에스이씨 243840 사용권자산 0 0
신흥에스이씨 243840 이연법인세자산 2,245,336,791 2,245,336,791
신흥에스이씨 243840 자산총계 136,350,669,944 128,413,212,297
신흥에스이씨 243840 유동부채 38,789,432,950 31,689,359,222
신흥에스이씨 243840 단기매입채무 12,264,456,389 8,689,732,246
신흥에스이씨 243840 단기차입금 14,137,870,000 13,700,722,000
신흥에스이씨 243840 유동성장기차입금 0 0
신흥에스이씨 243840 유동성사채 0 0
신흥에스이씨 243840 기타유동금융부채 9,692,105,696 7,348,981,395
신흥에스이씨 243840 기타유동부채 815,722,764 542,611,318
신흥에스이씨 243840 당기법인세부채 0 0
신흥에스이씨 243840 유동리스부채 0 0
신흥에스이씨 243840 비유동부채 20,389,602,553 20,748,430,478
신흥에스이씨 243840 사채 0 0
신흥에스이씨 243840 장기차입금 14,917,580,000 15,755,998,000
신흥에스이씨 243840 기타비유동금융부채 475,018,133 471,705,741
신흥에스이씨 243840 이연법인세부채 0 0
신흥에스이씨 243840 비유동리스부채 0 0
신흥에스이씨 243840 부채총계 59,179,035,503 52,437,789,700
신흥에스이씨 243840 자본금 16,379,207,500 16,379,207,500
신흥에스이씨 243840 자본잉여금 18,225,622,925 18,225,622,925
신흥에스이씨 243840 자본조정 0 0
신흥에스이씨 243840 기타포괄손익누계액 0 0
신흥에스이씨 243840 이익잉여금(결손금) 42,566,804,016 41,370,592,172
신흥에스이씨 243840 자본총계 77,171,634,441 75,975,422,597
신흥에스이씨 243840 자본과부채총계 136,350,669,944 128,413,212,297
date : 2018-06-30
신흥에스이씨 243840 유동자산 59,697,906,422 57,435,237,868
신흥에스이씨 243840 현금및현금성자산 18,949,645,429 21,441,737,047
신흥에스이씨 243840 매출채권 21,671,677,122 14,639,097,956
신흥에스이씨 243840 재고자산 6,529,799,905 5,105,234,461
신흥에스이씨 243840 기타유동금융자산 7,591,946,175 14,126,525,991
신흥에스이씨 243840 기타유동자산 4,954,837,791 2,122,642,413
신흥에스이씨 243840 매각예정비유동자산 0 0
신흥에스이씨 243840 비유동자산 93,329,965,333 70,977,974,429
신흥에스이씨 243840 장기금융상품 0 0
신흥에스이씨 243840 기타포괄손익-공정가치 측정 금융자산
신흥에스이씨 243840 당기손익인식공정가치측정금융자산 0 0
신흥에스이씨 243840 종속회사투자 0 0
신흥에스이씨 243840 관계회사투자 0 0
신흥에스이씨 243840 렌탈자산 0 0
신흥에스이씨 243840 유형자산 71,951,497,946 50,383,364,072
신흥에스이씨 243840 무형자산 226,106,729 179,302,316
신흥에스이씨 243840 기타비유동금융자산 2,532,733,987 2,051,161,616
신흥에스이씨 243840 기타비유동자산 0 0
신흥에스이씨 243840 사용권자산 0 0
신흥에스이씨 243840 이연법인세자산 2,245,336,791 2,245,336,791
신흥에스이씨 243840 자산총계 153,027,871,755 128,413,212,297
신흥에스이씨 243840 유동부채 47,371,589,997 31,689,359,222
신흥에스이씨 243840 단기매입채무 15,398,707,499 8,689,732,246
신흥에스이씨 243840 단기차입금 11,208,500,000 10,757,000,000
신흥에스이씨 243840 유동성장기차입금 3,294,574,000 2,943,722,000
신흥에스이씨 243840 유동성사채 0 0
신흥에스이씨 243840 기타유동금융부채 15,330,065,572 7,236,738,023
신흥에스이씨 243840 기타유동부채 729,195,626 542,611,318
신흥에스이씨 243840 당기법인세부채 0 0
신흥에스이씨 243840 유동리스부채 0 0
신흥에스이씨 243840 비유동부채 24,857,229,733 20,748,430,478
신흥에스이씨 243840 사채 0 0
신흥에스이씨 243840 장기차입금 18,810,300,000 15,755,998,000
신흥에스이씨 243840 기타비유동금융부채 192,227,800 170,099,173
신흥에스이씨 243840 이연법인세부채 0 0
신흥에스이씨 243840 비유동리스부채 0 0
신흥에스이씨 243840 부채총계 72,228,819,730 52,437,789,700
신흥에스이씨 243840 자본금 16,379,207,500 16,379,207,500
신흥에스이씨 243840 자본잉여금 18,225,622,925 18,225,622,925
신흥에스이씨 243840 자본조정 0 0
신흥에스이씨 243840 기타포괄손익누계액 0 0
신흥에스이씨 243840 이익잉여금(결손금) 46,194,221,600 41,370,592,172
신흥에스이씨 243840 자본총계 80,799,052,025 75,975,422,597
신흥에스이씨 243840 자본과부채총계 153,027,871,755 128,413,212,297
date : 2018-09-30
신흥에스이씨 243840 유동자산 60,137,271,971 57,435,237,868
신흥에스이씨 243840 현금및현금성자산 13,252,483,256 21,441,737,047
신흥에스이씨 243840 매출채권 23,144,711,714 14,639,097,956
신흥에스이씨 243840 재고자산 7,717,801,714 5,105,234,461
신흥에스이씨 243840 기타유동금융자산 13,883,405,998 14,126,525,991
신흥에스이씨 243840 기타유동자산 2,138,869,289 2,122,642,413
신흥에스이씨 243840 매각예정비유동자산 0 0
신흥에스이씨 243840 비유동자산 111,693,663,607 70,977,974,429
신흥에스이씨 243840 장기금융상품 0 0
신흥에스이씨 243840 기타포괄손익-공정가치 측정 금융자산
신흥에스이씨 243840 당기손익인식공정가치측정금융자산 0 0
신흥에스이씨 243840 종속회사투자 0 0
신흥에스이씨 243840 관계회사투자 0 0
신흥에스이씨 243840 렌탈자산 0 0
신흥에스이씨 243840 유형자산 85,805,882,662 50,383,364,072
신흥에스이씨 243840 무형자산 255,012,123 179,302,316
신흥에스이씨 243840 기타비유동금융자산 2,066,713,980 2,051,161,616
신흥에스이씨 243840 기타비유동자산 0 0
신흥에스이씨 243840 사용권자산 0 0
신흥에스이씨 243840 이연법인세자산 2,245,336,791 2,245,336,791
신흥에스이씨 243840 자산총계 171,830,935,578 128,413,212,297
신흥에스이씨 243840 유동부채 62,719,712,591 31,689,359,222
신흥에스이씨 243840 단기매입채무 15,262,967,087 8,689,732,246
신흥에스이씨 243840 단기차입금 17,163,500,000 10,757,000,000
신흥에스이씨 243840 유동성장기차입금 3,979,256,000 2,943,722,000
신흥에스이씨 243840 유동성사채 0 0
신흥에스이씨 243840 기타유동금융부채 24,080,763,788 7,236,738,023
신흥에스이씨 243840 기타유동부채 976,942,147 542,611,318
신흥에스이씨 243840 당기법인세부채 0 0
신흥에스이씨 243840 유동리스부채 0 0
신흥에스이씨 243840 비유동부채 26,262,424,523 20,748,430,478
신흥에스이씨 243840 사채 0 0
신흥에스이씨 243840 장기차입금 20,205,840,000 15,755,998,000
신흥에스이씨 243840 기타비유동금융부채 217,521,353 170,099,173
신흥에스이씨 243840 이연법인세부채 0 0
신흥에스이씨 243840 비유동리스부채 0 0
신흥에스이씨 243840 부채총계 88,982,137,114 52,437,789,700
신흥에스이씨 243840 자본금 16,379,207,500 16,379,207,500
신흥에스이씨 243840 자본잉여금 18,225,622,925 18,225,622,925
신흥에스이씨 243840 자본조정 0 0
신흥에스이씨 243840 기타포괄손익누계액 0 0
신흥에스이씨 243840 이익잉여금(결손금) 48,243,968,039 41,370,592,172
신흥에스이씨 243840 자본총계 82,848,798,464 75,975,422,597
신흥에스이씨 243840 자본과부채총계 171,830,935,578 128,413,212,297
date : 2018-12-31
신흥에스이씨 243840 유동자산 96,538,965,483 57,435,237,868
신흥에스이씨 243840 현금및현금성자산 38,171,300,030 21,441,737,047
신흥에스이씨 243840 매출채권 21,002,025,030 14,639,097,956
신흥에스이씨 243840 재고자산 9,806,872,148 5,105,234,461
신흥에스이씨 243840 기타유동금융자산 25,437,431,645 14,126,525,991
신흥에스이씨 243840 기타유동자산 2,121,336,630 2,122,642,413
신흥에스이씨 243840 매각예정비유동자산 0 0
신흥에스이씨 243840 비유동자산 123,574,758,879 70,977,974,429
신흥에스이씨 243840 장기금융상품 0 0
신흥에스이씨 243840 기타포괄손익-공정가치 측정 금융자산
신흥에스이씨 243840 당기손익인식공정가치측정금융자산 0 0
신흥에스이씨 243840 종속회사투자 0 0
신흥에스이씨 243840 관계회사투자 0 0
신흥에스이씨 243840 렌탈자산 0 0
신흥에스이씨 243840 유형자산 86,592,887,512 50,383,364,072
신흥에스이씨 243840 무형자산 282,530,095 179,302,316
신흥에스이씨 243840 기타비유동금융자산 12,182,344,739 2,051,161,616
신흥에스이씨 243840 기타비유동자산 0 0
신흥에스이씨 243840 사용권자산 0 0
신흥에스이씨 243840 이연법인세자산 1,090,717,976 2,245,336,791
신흥에스이씨 243840 자산총계 220,113,724,362 128,413,212,297
신흥에스이씨 243840 유동부채 55,468,422,377 31,689,359,222
신흥에스이씨 243840 단기매입채무 7,634,313,830 8,689,732,246
신흥에스이씨 243840 단기차입금 27,690,500,000 10,757,000,000
신흥에스이씨 243840 유동성장기차입금 4,557,240,000 2,943,722,000
신흥에스이씨 243840 유동성사채 0 0
신흥에스이씨 243840 기타유동금융부채 13,151,124,019 7,236,738,023
신흥에스이씨 243840 기타유동부채 1,386,644,072 542,611,318
신흥에스이씨 243840 당기법인세부채 0 0
신흥에스이씨 243840 유동리스부채 0 0
신흥에스이씨 243840 비유동부채 73,275,446,670 20,748,430,478
신흥에스이씨 243840 사채 0 0
신흥에스이씨 243840 장기차입금 23,298,038,000 15,755,998,000
신흥에스이씨 243840 기타비유동금융부채 233,957,636 170,099,173
신흥에스이씨 243840 이연법인세부채 0 0
신흥에스이씨 243840 비유동리스부채 0 0
신흥에스이씨 243840 부채총계 128,743,869,047 52,437,789,700
신흥에스이씨 243840 자본금 16,379,207,500 16,379,207,500
신흥에스이씨 243840 자본잉여금 24,401,925,010 18,225,622,925
신흥에스이씨 243840 자본조정 0 0
신흥에스이씨 243840 기타포괄손익누계액 0 0
신흥에스이씨 243840 이익잉여금(결손금) 50,588,722,805 41,370,592,172
신흥에스이씨 243840 자본총계 91,369,855,315 75,975,422,597
신흥에스이씨 243840 자본과부채총계 220,113,724,362 128,413,212,297
date : 2019-03-31
신흥에스이씨 243840 유동자산 100,161,989,695 96,538,965,483
신흥에스이씨 243840 현금및현금성자산 37,174,196,760 38,171,300,030
신흥에스이씨 243840 매출채권 및 기타유동채권
신흥에스이씨 243840 재고자산 12,207,461,551 9,806,872,148
신흥에스이씨 243840 기타유동금융자산 28,144,498,917 25,437,431,645
신흥에스이씨 243840 기타유동자산 2,560,999,354 2,121,336,630
신흥에스이씨 243840 매각예정비유동자산 0 0
신흥에스이씨 243840 비유동자산 119,937,655,534 123,574,758,879
신흥에스이씨 243840 장기금융상품 0 0
신흥에스이씨 243840 기타포괄손익-공정가치 측정 금융자산
신흥에스이씨 243840 당기손익인식공정가치측정금융자산 0 0
신흥에스이씨 243840 종속회사투자 0 0
신흥에스이씨 243840 관계회사투자 0 0
신흥에스이씨 243840 렌탈자산 0 0
신흥에스이씨 243840 유형자산 82,055,972,083 86,592,887,512
신흥에스이씨 243840 무형자산 284,847,478 282,530,095
신흥에스이씨 243840 기타비유동금융자산 9,939,872,618 12,182,344,739
신흥에스이씨 243840 기타비유동자산 0 0
신흥에스이씨 243840 사용권자산 0 0
신흥에스이씨 243840 이연법인세자산 1,090,717,976 1,090,717,976
신흥에스이씨 243840 자산총계 220,099,645,229 220,113,724,362
신흥에스이씨 243840 유동부채 51,933,516,739 55,468,422,377
신흥에스이씨 243840 단기매입채무 11,574,500,575 7,634,313,830
신흥에스이씨 243840 단기차입금 22,100,000,000 27,690,500,000
신흥에스이씨 243840 유동성장기차입금 5,356,976,000 4,557,240,000
신흥에스이씨 243840 유동성사채 0 0
신흥에스이씨 243840 기타유동금융부채 10,039,846,935 13,151,124,019
신흥에스이씨 243840 기타유동부채 821,680,799 1,386,644,072
신흥에스이씨 243840 당기법인세부채 0 0
신흥에스이씨 243840 유동리스부채 0 0
신흥에스이씨 243840 비유동부채 73,704,619,650 73,275,446,670
신흥에스이씨 243840 사채 0 0
신흥에스이씨 243840 장기차입금 21,785,904,000 23,298,038,000
신흥에스이씨 243840 기타비유동금융부채 256,345,850 233,957,636
신흥에스이씨 243840 이연법인세부채 0 0
신흥에스이씨 243840 비유동리스부채 742,962,157 0
신흥에스이씨 243840 부채총계 125,638,136,389 128,743,869,047
신흥에스이씨 243840 자본금 16,379,207,500 16,379,207,500
신흥에스이씨 243840 자본잉여금 24,401,925,010 24,401,925,010
신흥에스이씨 243840 자본조정 0 0
신흥에스이씨 243840 기타포괄손익누계액 0 0
신흥에스이씨 243840 이익잉여금(결손금) 53,680,376,330 50,588,722,805
신흥에스이씨 243840 자본총계 94,461,508,840 91,369,855,315
신흥에스이씨 243840 자본과부채총계 220,099,645,229 220,113,724,362
