date : 2018-12-31
티앤알바이오팹 246710 유동자산 30,141,010,378 8,232,055,817
티앤알바이오팹 246710 현금및현금성자산 9,656,603,121 7,304,539,292
티앤알바이오팹 246710 매출채권 및 기타유동채권
티앤알바이오팹 246710 재고자산 391,354,765 244,597,211
티앤알바이오팹 246710 기타유동금융자산 0 0
티앤알바이오팹 246710 기타유동자산 475,911,221 70,950,955
티앤알바이오팹 246710 매각예정비유동자산 0 0
티앤알바이오팹 246710 비유동자산 962,277,068 1,234,443,873
티앤알바이오팹 246710 장기금융상품 500,000,000 500,000,000
티앤알바이오팹 246710 기타포괄손익-공정가치 0 0
티앤알바이오팹 246710 당기손익인식공정가치측정금융자산 0 0
티앤알바이오팹 246710 종속회사투자 0 0
티앤알바이오팹 246710 관계회사투자 0 0
티앤알바이오팹 246710 렌탈자산 0 0
티앤알바이오팹 246710 유형자산 533,387,086 376,370,005
티앤알바이오팹 246710 무형자산 282,737,882 260,435,268
티앤알바이오팹 246710 기타비유동금융자산 146,152,100 97,638,600
티앤알바이오팹 246710 기타비유동자산 0 0
티앤알바이오팹 246710 사용권자산 0 0
티앤알바이오팹 246710 이연법인세자산 0 0
티앤알바이오팹 246710 자산총계 31,103,287,446 9,466,499,690
티앤알바이오팹 246710 유동부채 302,444,324 134,944,515
티앤알바이오팹 246710 단기매입채무 0 0
티앤알바이오팹 246710 단기차입금 0 0
티앤알바이오팹 246710 유동성장기차입금 0 0
티앤알바이오팹 246710 유동성사채 0 0
티앤알바이오팹 246710 기타유동금융부채 0 0
티앤알바이오팹 246710 기타유동부채 0 0
티앤알바이오팹 246710 당기법인세부채 0 0
티앤알바이오팹 246710 유동리스부채 0 0
티앤알바이오팹 246710 비유동부채 534,646,714 260,515,717
티앤알바이오팹 246710 사채 0 0
티앤알바이오팹 246710 장기차입금 0 0
티앤알바이오팹 246710 기타비유동금융부채 0 0
티앤알바이오팹 246710 이연법인세부채 0 0
티앤알바이오팹 246710 비유동리스부채 0 0
티앤알바이오팹 246710 부채총계 837,091,038 395,460,232
티앤알바이오팹 246710 자본금 4,070,892,000 3,237,777,000
티앤알바이오팹 246710 자본잉여금 38,985,547,638 14,208,764,496
티앤알바이오팹 246710 자본조정 0 0
티앤알바이오팹 246710 기타포괄손익누계액 0 0
티앤알바이오팹 246710 이익잉여금(결손금) -13,672,894,127 -8,920,170,435
티앤알바이오팹 246710 자본총계 30,266,196,408 9,071,039,458
티앤알바이오팹 246710 자본과부채총계 31,103,287,446 9,466,499,690
date : 2019-03-31
티앤알바이오팹 246710 유동자산 28,073,802,820 30,141,010,378
티앤알바이오팹 246710 현금및현금성자산 26,799,264,533 9,656,603,121
티앤알바이오팹 246710 매출채권 및 기타유동채권
티앤알바이오팹 246710 재고자산 308,133,924 391,354,765
티앤알바이오팹 246710 기타유동금융자산 0 0
티앤알바이오팹 246710 기타유동자산 117,092,878 475,911,221
티앤알바이오팹 246710 매각예정비유동자산 0 0
티앤알바이오팹 246710 비유동자산 3,228,208,044 962,277,068
티앤알바이오팹 246710 장기금융상품 0 0
티앤알바이오팹 246710 기타포괄손익-공정가치 0 0
티앤알바이오팹 246710 당기손익인식공정가치측정금융자산 0 0
티앤알바이오팹 246710 종속회사투자 0 0
티앤알바이오팹 246710 관계회사투자 0 0
티앤알바이오팹 246710 렌탈자산 0 0
티앤알바이오팹 246710 유형자산 1,642,132,234 533,387,086
티앤알바이오팹 246710 무형자산 270,567,710 282,737,882
티앤알바이오팹 246710 기타비유동금융자산 1,315,508,100 146,152,100
티앤알바이오팹 246710 기타비유동자산 0 0
티앤알바이오팹 246710 사용권자산 0 0
티앤알바이오팹 246710 이연법인세자산 0 0
티앤알바이오팹 246710 자산총계 31,302,010,864 31,103,287,446
티앤알바이오팹 246710 유동부채 1,083,520,464 302,444,324
티앤알바이오팹 246710 단기매입채무 0 0
티앤알바이오팹 246710 단기차입금 0 0
티앤알바이오팹 246710 유동성장기차입금 0 0
티앤알바이오팹 246710 유동성사채 0 0
티앤알바이오팹 246710 기타유동금융부채 0 0
티앤알바이오팹 246710 기타유동부채 0 0
티앤알바이오팹 246710 당기법인세부채 0 0
티앤알바이오팹 246710 유동리스부채 0 0
티앤알바이오팹 246710 비유동부채 1,391,899,570 534,646,714
티앤알바이오팹 246710 사채 0 0
티앤알바이오팹 246710 장기차입금 0 0
티앤알바이오팹 246710 기타비유동금융부채 0 0
티앤알바이오팹 246710 이연법인세부채 0 0
티앤알바이오팹 246710 비유동리스부채 0 0
티앤알바이오팹 246710 부채총계 2,475,420,034 837,091,038
티앤알바이오팹 246710 자본금 4,123,092,000 4,070,892,000
티앤알바이오팹 246710 자본잉여금 39,262,605,063 38,985,547,638
티앤알바이오팹 246710 자본조정 0 0
티앤알바이오팹 246710 기타포괄손익누계액 0 0
티앤알바이오팹 246710 이익잉여금(결손금) -15,411,664,809 -13,672,894,127
티앤알바이오팹 246710 자본총계 28,826,590,830 30,266,196,408
티앤알바이오팹 246710 자본과부채총계 31,302,010,864 31,103,287,446
