date : 2019-03-31
디앤씨미디어 263720 유동자산 41,791,943,047 39,224,850,652
디앤씨미디어 263720 현금및현금성자산 8,965,921,564 8,822,871,022
디앤씨미디어 263720 매출채권 4,493,073,948 3,263,248,430
디앤씨미디어 263720 재고자산 817,172,219 726,234,537
디앤씨미디어 263720 비유동자산 4,519,921,779 4,543,822,207
디앤씨미디어 263720 유형자산 2,256,663,669 2,257,544,737
디앤씨미디어 263720 이연법인세자산 160,266,391 159,570,502
디앤씨미디어 263720 자산총계 46,311,864,826 43,768,672,859
디앤씨미디어 263720 유동부채 7,165,522,668 6,190,427,632
디앤씨미디어 263720 비유동부채 417,574,866 406,542,950
디앤씨미디어 263720 부채총계 7,583,097,534 6,596,970,582
디앤씨미디어 263720 자본금 6,020,671,500 6,020,671,500
디앤씨미디어 263720 자본잉여금 15,567,237,620 15,567,237,620
디앤씨미디어 263720 자본조정 -406,017,308 -422,265,777
디앤씨미디어 263720 이익잉여금(결손금) 17,546,875,480 16,006,058,934
디앤씨미디어 263720 자본총계 38,728,767,292 37,171,702,277
디앤씨미디어 263720 자본과부채총계 46,311,864,826 43,768,672,859
