date : 2019-03-31
펄어비스 263750 유동자산 352,305,874,396 284,210,882,396
펄어비스 263750 현금및현금성자산 78,543,164,791 164,326,885,828
펄어비스 263750 기타유동자산 9,079,560,259 13,913,992,721
펄어비스 263750 비유동자산 305,289,308,794 302,269,023,403
펄어비스 263750 유형자산 33,779,191,023 30,777,461,150
펄어비스 263750 무형자산 6,006,580,254 6,020,985,722
펄어비스 263750 이연법인세자산 1,734,030,038 931,755,265
펄어비스 263750 기타비유동자산 767,807,529 1,140,022,066
펄어비스 263750 자산총계 657,595,183,190 586,479,905,799
펄어비스 263750 유동부채 127,166,589,399 93,061,075,594
펄어비스 263750 기타유동부채 18,110,627,753 10,403,702,844
펄어비스 263750 비유동부채 95,626,060,754 82,391,200,547
펄어비스 263750 부채총계 222,792,650,153 175,452,276,141
펄어비스 263750 자본금 6,507,860,000 6,471,500,000
펄어비스 263750 자본잉여금 198,951,408,844 192,111,223,168
펄어비스 263750 기타포괄손익누계액 -8,222,699 -21,917,537
펄어비스 263750 자본총계 434,802,533,037 411,027,629,658
펄어비스 263750 자본과부채총계 657,595,183,190 586,479,905,799
