date : 2019-03-31
유비쿼스 264450 유동자산 90,290,170,728 82,474,535,474
유비쿼스 264450 현금및현금성자산 16,440,965,440 24,162,541,814
유비쿼스 264450 매출채권 및 기타유동채권
유비쿼스 264450 기타유동금융자산 41,188,499,456 29,792,849,494
유비쿼스 264450 기타유동자산 4,358,603,234 1,570,668,710
유비쿼스 264450 재고자산 18,730,172,045 16,766,145,460
유비쿼스 264450 비유동자산 26,215,496,757 29,438,489,348
유비쿼스 264450 유형자산 9,304,868,444 9,571,932,671
유비쿼스 264450 무형자산 1,401,394,838 1,604,557,491
유비쿼스 264450 이연법인세자산 2,712,812,366 2,846,545,753
유비쿼스 264450 기타비유동금융자산 12,342,920,571 14,973,388,867
유비쿼스 264450 자산총계 116,505,667,485 111,913,024,822
유비쿼스 264450 유동부채 31,894,790,046 26,980,443,845
유비쿼스 264450 단기차입금 5,000,000,000 5,000,000,000
유비쿼스 264450 기타유동부채 7,053,095,653 6,115,795,378
유비쿼스 264450 당기법인세부채 2,441,450,238 2,000,545,017
유비쿼스 264450 비유동부채 4,888,624,423 4,843,635,923
유비쿼스 264450 부채총계 36,783,414,469 31,824,079,768
유비쿼스 264450 자본금 2,561,977,500 2,561,977,500
유비쿼스 264450 자본잉여금 53,178,530,099 53,178,530,099
유비쿼스 264450 자본총계 79,722,253,016 80,088,945,054
유비쿼스 264450 자본과부채총계 116,505,667,485 111,913,024,822
