date : 2017-12-31
씨앤지하이테크 264660 유동자산 28,842,851,704 20,734,132,737
씨앤지하이테크 264660 현금및현금성자산 11,507,153,383 13,961,809,929
씨앤지하이테크 264660 매출채권 4,046,983,054 4,383,317,044
씨앤지하이테크 264660 재고자산 12,731,656,830 1,990,726,472
씨앤지하이테크 264660 기타유동금융자산 0 0
씨앤지하이테크 264660 기타유동자산 70,495,225 32,792,647
씨앤지하이테크 264660 매각예정비유동자산 0 0
씨앤지하이테크 264660 비유동자산 5,080,125,759 4,885,434,739
씨앤지하이테크 264660 장기금융상품 0 0
씨앤지하이테크 264660 기타포괄손익-공정가치 0 0
씨앤지하이테크 264660 당기손익인식공정가치측정금융자산 0 0
씨앤지하이테크 264660 종속회사투자 0 0
씨앤지하이테크 264660 관계회사투자 0 0
씨앤지하이테크 264660 렌탈자산 0 0
씨앤지하이테크 264660 유형자산 4,049,480,647 4,015,747,553
씨앤지하이테크 264660 무형자산 1,000 85,471
씨앤지하이테크 264660 기타비유동금융자산 0 0
씨앤지하이테크 264660 기타비유동자산 0 0
씨앤지하이테크 264660 사용권자산 0 0
씨앤지하이테크 264660 이연법인세자산 11,753,947 85,471
씨앤지하이테크 264660 자산총계 33,922,977,463 25,619,567,476
씨앤지하이테크 264660 유동부채 7,440,960,144 9,738,721,031
씨앤지하이테크 264660 단기매입채무 0 0
씨앤지하이테크 264660 단기차입금 및 유동성장기차입금
씨앤지하이테크 264660 유동성장기차입금 0 0
씨앤지하이테크 264660 유동성사채 0 0
씨앤지하이테크 264660 기타유동금융부채 0 0
씨앤지하이테크 264660 기타유동부채 794,695,144 890,232,166
씨앤지하이테크 264660 당기법인세부채 1,635,364,176 1,103,452,594
씨앤지하이테크 264660 유동리스부채 0 0
씨앤지하이테크 264660 비유동부채 499,292,560 700,867,983
씨앤지하이테크 264660 사채 0 0
씨앤지하이테크 264660 장기차입금 18,580,000 37,160,000
씨앤지하이테크 264660 기타비유동금융부채 0 0
씨앤지하이테크 264660 이연법인세부채 138,434,127 31,423,430
씨앤지하이테크 264660 비유동리스부채 0 0
씨앤지하이테크 264660 부채총계 7,940,252,704 10,439,589,014
씨앤지하이테크 264660 자본금 1,438,050,000 1,369,570,000
씨앤지하이테크 264660 자본잉여금 0 0
씨앤지하이테크 264660 자본조정 0 0
씨앤지하이테크 264660 기타포괄손익누계액 1,463,513,032 1,463,663,221
씨앤지하이테크 264660 이익잉여금(결손금) 0 0
씨앤지하이테크 264660 자본총계 25,982,724,759 15,179,978,462
씨앤지하이테크 264660 자본과부채총계 33,922,977,463 25,619,567,476
date : 2018-03-31
씨앤지하이테크 264660 유동자산 56,745,776,558 28,842,851,704
씨앤지하이테크 264660 현금및현금성자산 31,434,944,194 11,507,153,383
씨앤지하이테크 264660 매출채권 4,801,365,376 4,046,983,054
씨앤지하이테크 264660 재고자산 5,761,551,004 12,731,656,830
씨앤지하이테크 264660 기타유동금융자산 0 0
씨앤지하이테크 264660 기타유동자산 854,398,197 70,495,225
씨앤지하이테크 264660 매각예정비유동자산 0 0
씨앤지하이테크 264660 비유동자산 5,221,702,324 5,080,125,759
씨앤지하이테크 264660 장기금융상품 0 0
씨앤지하이테크 264660 기타포괄손익-공정가치 0 0
씨앤지하이테크 264660 당기손익인식공정가치측정금융자산 0 0
씨앤지하이테크 264660 종속회사투자 0 0
씨앤지하이테크 264660 관계회사투자 0 0
씨앤지하이테크 264660 렌탈자산 0 0
씨앤지하이테크 264660 유형자산 4,170,058,212 4,049,480,647
씨앤지하이테크 264660 무형자산 1,000 4,049,480,647
씨앤지하이테크 264660 기타비유동금융자산 0 0
씨앤지하이테크 264660 기타비유동자산 0 0
씨앤지하이테크 264660 사용권자산 0 0
씨앤지하이테크 264660 이연법인세자산 11,753,947 11,753,947
씨앤지하이테크 264660 자산총계 61,967,478,882 33,922,977,463
씨앤지하이테크 264660 유동부채 11,674,444,840 7,440,960,144
씨앤지하이테크 264660 단기매입채무 0 0
씨앤지하이테크 264660 단기차입금 및 유동성장기차입금
씨앤지하이테크 264660 유동성장기차입금 0 0
씨앤지하이테크 264660 유동성사채 0 0
씨앤지하이테크 264660 기타유동금융부채 0 0
씨앤지하이테크 264660 기타유동부채 1,158,163,279 794,695,144
씨앤지하이테크 264660 당기법인세부채 1,909,300,409 1,635,364,176
씨앤지하이테크 264660 유동리스부채 0 0
씨앤지하이테크 264660 비유동부채 405,179,717 499,292,560
씨앤지하이테크 264660 사채 0 0
씨앤지하이테크 264660 장기차입금 18,580,000 18,580,000
씨앤지하이테크 264660 기타비유동금융부채 0 0
씨앤지하이테크 264660 이연법인세부채 0 0
씨앤지하이테크 264660 비유동리스부채 0 0
씨앤지하이테크 264660 부채총계 12,079,624,557 7,940,252,704
씨앤지하이테크 264660 자본금 2,101,370,000 1,438,050,000
씨앤지하이테크 264660 자본잉여금 0 0
씨앤지하이테크 264660 자본조정 0 0
씨앤지하이테크 264660 기타포괄손익누계액 1,463,513,032 1,463,513,032
씨앤지하이테크 264660 이익잉여금(결손금) 0 0
씨앤지하이테크 264660 자본총계 49,887,854,325 25,982,724,759
씨앤지하이테크 264660 자본과부채총계 61,967,478,882 33,922,977,463
date : 2018-06-30
씨앤지하이테크 264660 유동자산 52,780,869,941 28,842,851,704
씨앤지하이테크 264660 현금및현금성자산 18,491,152,990 11,507,153,383
씨앤지하이테크 264660 매출채권 2,352,091,776 4,046,983,054
씨앤지하이테크 264660 재고자산 9,195,890,827 12,731,656,830
씨앤지하이테크 264660 기타유동금융자산 0 0
씨앤지하이테크 264660 기타유동자산 442,760,652 70,495,225
씨앤지하이테크 264660 매각예정비유동자산 0 0
씨앤지하이테크 264660 비유동자산 5,930,506,618 5,080,125,759
씨앤지하이테크 264660 장기금융상품 0 0
씨앤지하이테크 264660 기타포괄손익-공정가치 0 0
씨앤지하이테크 264660 당기손익인식공정가치측정금융자산 0 0
씨앤지하이테크 264660 종속회사투자 0 0
씨앤지하이테크 264660 관계회사투자 0 0
씨앤지하이테크 264660 렌탈자산 0 0
씨앤지하이테크 264660 유형자산 4,453,033,061 4,049,480,647
씨앤지하이테크 264660 무형자산 149,664,200 1,000
씨앤지하이테크 264660 기타비유동금융자산 0 0
씨앤지하이테크 264660 기타비유동자산 0 0
씨앤지하이테크 264660 사용권자산 0 0
씨앤지하이테크 264660 이연법인세자산 44,283,625 11,753,947
씨앤지하이테크 264660 자산총계 58,711,376,559 33,922,977,463
씨앤지하이테크 264660 유동부채 6,637,971,408 7,440,960,144
씨앤지하이테크 264660 단기매입채무 0 0
씨앤지하이테크 264660 단기차입금 및 유동성장기차입금
씨앤지하이테크 264660 유동성장기차입금 0 0
씨앤지하이테크 264660 유동성사채 0 0
씨앤지하이테크 264660 기타유동금융부채 0 0
씨앤지하이테크 264660 기타유동부채 694,797,087 794,695,144
씨앤지하이테크 264660 당기법인세부채 1,363,854,723 1,635,364,176
씨앤지하이테크 264660 유동리스부채 0 0
씨앤지하이테크 264660 비유동부채 417,861,305 499,292,560
씨앤지하이테크 264660 사채 0 0
씨앤지하이테크 264660 장기차입금 18,580,000 18,580,000
씨앤지하이테크 264660 기타비유동금융부채 0 0
씨앤지하이테크 264660 이연법인세부채 0 0
씨앤지하이테크 264660 비유동리스부채 0 0
씨앤지하이테크 264660 부채총계 7,055,832,713 7,940,252,704
씨앤지하이테크 264660 자본금 2,101,370,000 1,438,050,000
씨앤지하이테크 264660 자본잉여금 0 0
씨앤지하이테크 264660 자본조정 0 0
씨앤지하이테크 264660 기타포괄손익누계액 1,463,513,032 1,463,513,032
씨앤지하이테크 264660 이익잉여금(결손금) 0 0
씨앤지하이테크 264660 자본총계 51,655,543,846 25,982,724,759
씨앤지하이테크 264660 자본과부채총계 58,711,376,559 33,922,977,463
date : 2018-09-30
씨앤지하이테크 264660 유동자산 53,832,990,506 28,842,851,704
씨앤지하이테크 264660 현금및현금성자산 10,166,870,897 11,507,153,383
씨앤지하이테크 264660 매출채권 2,625,944,597 4,046,983,054
씨앤지하이테크 264660 재고자산 13,727,597,587 12,731,656,830
씨앤지하이테크 264660 기타유동금융자산 0 0
씨앤지하이테크 264660 기타유동자산 1,082,571,291 70,495,225
씨앤지하이테크 264660 매각예정비유동자산 0 0
씨앤지하이테크 264660 비유동자산 7,244,651,787 5,080,125,759
씨앤지하이테크 264660 장기금융상품 0 0
씨앤지하이테크 264660 기타포괄손익-공정가치 0 0
씨앤지하이테크 264660 당기손익인식공정가치측정금융자산 0 0
씨앤지하이테크 264660 종속회사투자 0 0
씨앤지하이테크 264660 관계회사투자 0 0
씨앤지하이테크 264660 렌탈자산 0 0
씨앤지하이테크 264660 유형자산 5,419,138,332 4,049,480,647
씨앤지하이테크 264660 무형자산 404,544,201 1,000
씨앤지하이테크 264660 기타비유동금융자산 0 0
씨앤지하이테크 264660 기타비유동자산 0 0
씨앤지하이테크 264660 사용권자산 0 0
씨앤지하이테크 264660 이연법인세자산 90,943,522 11,753,947
씨앤지하이테크 264660 자산총계 61,077,642,293 33,922,977,463
씨앤지하이테크 264660 유동부채 7,361,458,989 7,440,960,144
씨앤지하이테크 264660 단기매입채무 0 0
씨앤지하이테크 264660 단기차입금 및 유동성장기차입금
씨앤지하이테크 264660 유동성장기차입금 0 0
씨앤지하이테크 264660 유동성사채 0 0
씨앤지하이테크 264660 기타유동금융부채 0 0
씨앤지하이테크 264660 기타유동부채 716,583,950 794,695,144
씨앤지하이테크 264660 당기법인세부채 1,277,185,355 1,635,364,176
씨앤지하이테크 264660 유동리스부채 0 0
씨앤지하이테크 264660 비유동부채 534,642,693 499,292,560
씨앤지하이테크 264660 사채 0 0
씨앤지하이테크 264660 장기차입금 9,290,000 18,580,000
씨앤지하이테크 264660 기타비유동금융부채 0 0
씨앤지하이테크 264660 이연법인세부채 0 0
씨앤지하이테크 264660 비유동리스부채 0 0
씨앤지하이테크 264660 부채총계 7,896,101,682 7,940,252,704
씨앤지하이테크 264660 자본금 2,101,370,000 1,438,050,000
씨앤지하이테크 264660 자본잉여금 0 0
씨앤지하이테크 264660 자본조정 0 0
씨앤지하이테크 264660 기타포괄손익누계액 1,463,513,032 1,463,513,032
씨앤지하이테크 264660 이익잉여금(결손금) 0 0
씨앤지하이테크 264660 자본총계 53,181,540,611 25,982,724,759
씨앤지하이테크 264660 자본과부채총계 61,077,642,293 33,922,977,463
date : 2018-12-31
씨앤지하이테크 264660 유동자산 57,089,018,638 28,842,851,704
씨앤지하이테크 264660 현금및현금성자산 8,588,297,255 11,507,153,383
씨앤지하이테크 264660 매출채권 17,864,913,611 4,046,983,054
씨앤지하이테크 264660 재고자산 5,082,684,398 12,731,656,830
씨앤지하이테크 264660 기타유동금융자산 0 0
씨앤지하이테크 264660 기타유동자산 50,303,291 70,495,225
씨앤지하이테크 264660 매각예정비유동자산 0 0
씨앤지하이테크 264660 비유동자산 7,457,470,841 5,080,125,759
씨앤지하이테크 264660 장기금융상품 0 0
씨앤지하이테크 264660 기타포괄손익-공정가치 0 0
씨앤지하이테크 264660 당기손익인식공정가치측정금융자산 0 0
씨앤지하이테크 264660 종속회사투자 0 0
씨앤지하이테크 264660 관계회사투자 0 0
씨앤지하이테크 264660 렌탈자산 0 0
씨앤지하이테크 264660 유형자산 5,371,329,677 4,049,480,647
씨앤지하이테크 264660 무형자산 430,354,200 1,000
씨앤지하이테크 264660 기타비유동금융자산 0 0
씨앤지하이테크 264660 기타비유동자산 0 0
씨앤지하이테크 264660 사용권자산 0 0
씨앤지하이테크 264660 이연법인세자산 11,753,947 1,000
씨앤지하이테크 264660 자산총계 64,546,489,479 33,922,977,463
씨앤지하이테크 264660 유동부채 7,384,451,780 7,440,960,144
씨앤지하이테크 264660 단기매입채무 0 0
씨앤지하이테크 264660 단기차입금 및 유동성장기차입금
씨앤지하이테크 264660 유동성장기차입금 0 0
씨앤지하이테크 264660 유동성사채 0 0
씨앤지하이테크 264660 기타유동금융부채 0 0
씨앤지하이테크 264660 기타유동부채 1,521,490,230 794,695,144
씨앤지하이테크 264660 당기법인세부채 1,591,272,209 1,635,364,176
씨앤지하이테크 264660 유동리스부채 0 0
씨앤지하이테크 264660 비유동부채 655,304,752 499,292,560
씨앤지하이테크 264660 사채 0 0
씨앤지하이테크 264660 장기차입금 18,580,000 37,160,000
씨앤지하이테크 264660 기타비유동금융부채 0 0
씨앤지하이테크 264660 이연법인세부채 173,309,743 138,434,127
씨앤지하이테크 264660 비유동리스부채 0 0
씨앤지하이테크 264660 부채총계 8,039,756,532 7,940,252,704
씨앤지하이테크 264660 자본금 2,101,370,000 1,438,050,000
씨앤지하이테크 264660 자본잉여금 0 0
씨앤지하이테크 264660 자본조정 0 0
씨앤지하이테크 264660 기타포괄손익누계액 1,458,433,286 1,463,513,032
씨앤지하이테크 264660 이익잉여금(결손금) 0 0
씨앤지하이테크 264660 자본총계 56,506,732,947 25,982,724,759
씨앤지하이테크 264660 자본과부채총계 64,546,489,479 33,922,977,463
date : 2019-03-31
씨앤지하이테크 264660 유동자산 63,984,715,607 57,089,018,638
씨앤지하이테크 264660 현금및현금성자산 18,835,689,840 8,588,297,255
씨앤지하이테크 264660 매출채권 1,101,620,533 17,864,913,611
씨앤지하이테크 264660 재고자산 12,726,819,511 5,082,684,398
씨앤지하이테크 264660 기타유동금융자산 0 0
씨앤지하이테크 264660 기타유동자산 229,386,247 50,303,291
씨앤지하이테크 264660 매각예정비유동자산 0 0
씨앤지하이테크 264660 비유동자산 7,738,713,168 7,457,470,841
씨앤지하이테크 264660 장기금융상품 0 0
씨앤지하이테크 264660 기타포괄손익-공정가치 0 0
씨앤지하이테크 264660 당기손익인식공정가치측정금융자산 0 0
씨앤지하이테크 264660 종속회사투자 0 0
씨앤지하이테크 264660 관계회사투자 0 0
씨앤지하이테크 264660 렌탈자산 0 0
씨앤지하이테크 264660 유형자산 5,256,331,015 5,371,329,677
씨앤지하이테크 264660 무형자산 423,233,375 430,354,200
씨앤지하이테크 264660 기타비유동금융자산 0 0
씨앤지하이테크 264660 기타비유동자산 0 0
씨앤지하이테크 264660 사용권자산 123,401,142 7,457,470,841
씨앤지하이테크 264660 이연법인세자산 249,029,881 430,354,200
씨앤지하이테크 264660 자산총계 71,723,428,775 64,546,489,479
씨앤지하이테크 264660 유동부채 15,890,985,737 7,384,451,780
씨앤지하이테크 264660 단기매입채무 0 0
씨앤지하이테크 264660 단기차입금 및 유동성장기차입금
씨앤지하이테크 264660 유동성장기차입금 0 0
씨앤지하이테크 264660 유동성사채 0 0
씨앤지하이테크 264660 기타유동금융부채 0 0
씨앤지하이테크 264660 기타유동부채 3,937,869,660 1,521,490,230
씨앤지하이테크 264660 당기법인세부채 920,113,589 1,591,272,209
씨앤지하이테크 264660 유동리스부채 85,962,561 유동성장기차입금
씨앤지하이테크 264660 비유동부채 839,509,231 655,304,752
씨앤지하이테크 264660 사채 0 0
씨앤지하이테크 264660 장기차입금 0 0
씨앤지하이테크 264660 기타비유동금융부채 0 0
씨앤지하이테크 264660 이연법인세부채 173,309,743 173,309,743
씨앤지하이테크 264660 비유동리스부채 38,028,637 655,304,752
씨앤지하이테크 264660 부채총계 16,730,494,968 8,039,756,532
씨앤지하이테크 264660 자본금 4,202,740,000 2,101,370,000
씨앤지하이테크 264660 자본잉여금 0 0
씨앤지하이테크 264660 자본조정 0 0
씨앤지하이테크 264660 기타포괄손익누계액 1,466,464,518 1,458,433,286
씨앤지하이테크 264660 이익잉여금(결손금) 0 0
씨앤지하이테크 264660 자본총계 54,992,933,807 56,506,732,947
씨앤지하이테크 264660 자본과부채총계 71,723,428,775 64,546,489,479
