date : 2019-03-31
영화테크 265560 유동자산 36,103,146,000 34,879,033,750
영화테크 265560 현금및현금성자산 4,512,448,749 2,516,234,879
영화테크 265560 매출채권 및 기타유동채권
영화테크 265560 재고자산 4,499,644,710 4,026,351,524
영화테크 265560 비유동자산 22,468,754,393 22,639,259,843
영화테크 265560 기타포괄손익-공정가치 측정 금융자산
영화테크 265560 유형자산 13,859,008,038 13,971,159,112
영화테크 265560 무형자산 1,116,829,946 748,764,098
영화테크 265560 기타비유동자산 4,968,360,200 5,553,360,200
영화테크 265560 이연법인세자산 493,518,233 493,518,233
영화테크 265560 자산총계 58,571,900,393 57,518,293,593
영화테크 265560 유동부채 8,739,572,374 6,907,754,880
영화테크 265560 단기차입금 1,377,460,239 1,376,474,819
영화테크 265560 당기법인세부채 19,059,018 0
영화테크 265560 비유동부채 2,367,613,137 2,449,640,147
영화테크 265560 장기차입금 2,234,705,880 2,316,732,890
영화테크 265560 부채총계 11,107,185,511 9,357,395,027
영화테크 265560 자본금 2,672,545,000 2,672,545,000
영화테크 265560 기타포괄손익누계액 0 0
영화테크 265560 자본총계 47,464,714,882 48,160,898,566
영화테크 265560 자본과부채총계 58,571,900,393 57,518,293,593
