date : 2019-03-31
미원에스씨 268280 유동자산 175,447,500,540 173,304,216,737
미원에스씨 268280 현금및현금성자산 5,307,469,419 8,562,200,888
미원에스씨 268280 매출채권 및 기타수취채권
미원에스씨 268280 매출채권 85,649,805,208 76,622,173,681
미원에스씨 268280 기타유동자산 398,246,767 510,470,399
미원에스씨 268280 재고자산 66,227,961,340 70,962,867,795
미원에스씨 268280 비유동자산 105,887,641,685 103,369,489,352
미원에스씨 268280 장기금융상품 2,000,000 2,000,000
미원에스씨 268280 유형자산 90,790,460,266 88,783,328,930
미원에스씨 268280 무형자산 2,385,065,839 2,442,264,746
미원에스씨 268280 이연법인세자산 293,981,365 1,213,288,982
미원에스씨 268280 자산총계 281,335,142,225 276,673,706,089
미원에스씨 268280 유동부채 36,562,774,367 35,109,749,682
미원에스씨 268280 단기차입금 49,375,296 0
미원에스씨 268280 당기법인세부채 9,317,890,961 7,561,796,136
미원에스씨 268280 기타유동부채 411,122,321 2,096,978,128
미원에스씨 268280 비유동부채 21,443,753,479 21,221,811,818
미원에스씨 268280 장기차입금 12,000,000,000 12,000,000,000
미원에스씨 268280 이연법인세부채 0 0
미원에스씨 268280 부채총계 58,006,527,846 56,331,561,500
미원에스씨 268280 자본금 2,610,638,000 2,610,638,000
미원에스씨 268280 자본잉여금 167,619,848,199 167,619,848,199
미원에스씨 268280 자본조정 -6,014,980 -6,014,980
미원에스씨 268280 자본총계 223,328,614,379 220,342,144,589
미원에스씨 268280 자본과부채총계 281,335,142,225 276,673,706,089
