date : 2018-12-31
셀리버리 268600 유동자산 29,617,461,805 6,786,166,617
셀리버리 268600 현금및현금성자산 983,026,732 3,470,411,389
셀리버리 268600 매출채권 539,000,000 100,607,100
셀리버리 268600 재고자산 58,652,713 152,946,633
셀리버리 268600 기타유동금융자산 27,823,211,518 152,946,633
셀리버리 268600 기타유동자산 0 0
셀리버리 268600 매각예정비유동자산 0 0
셀리버리 268600 비유동자산 10,354,603,830 1,646,485,769
셀리버리 268600 장기금융상품 0 0
셀리버리 268600 기타포괄손익-공정가치 0 0
셀리버리 268600 당기손익인식공정가치측정금융자산 0 0
셀리버리 268600 종속회사투자 0 0
셀리버리 268600 관계회사투자 0 0
셀리버리 268600 렌탈자산 0 0
셀리버리 268600 유형자산 1,436,402,307 1,290,067,403
셀리버리 268600 무형자산 134,685,064 26,920,752
셀리버리 268600 기타비유동금융자산 0 0
셀리버리 268600 기타비유동자산 0 0
셀리버리 268600 사용권자산 0 0
셀리버리 268600 이연법인세자산 0 0
셀리버리 268600 자산총계 39,972,065,635 8,432,652,386
셀리버리 268600 유동부채 3,392,679,111 29,192,300,529
셀리버리 268600 단기매입채무 0 0
셀리버리 268600 단기차입금 57,000,000 29,192,300,529
셀리버리 268600 유동성장기차입금 0 0
셀리버리 268600 유동성사채 0 0
셀리버리 268600 기타유동금융부채 297,696,180 21,415,662,107
셀리버리 268600 기타유동부채 0 0
셀리버리 268600 당기법인세부채 0 0
셀리버리 268600 유동리스부채 0 0
셀리버리 268600 비유동부채 776,824,378 7,245,305,941
셀리버리 268600 사채 0 0
셀리버리 268600 장기차입금 0 0
셀리버리 268600 기타비유동금융부채 0 0
셀리버리 268600 이연법인세부채 0 0
셀리버리 268600 비유동리스부채 0 0
셀리버리 268600 부채총계 4,169,503,489 36,437,606,470
셀리버리 268600 자본금 3,806,303,500 1,849,367,000
셀리버리 268600 자본잉여금 80,982,775,900 12,766,234,000
셀리버리 268600 자본조정 0 0
셀리버리 268600 기타포괄손익누계액 0 0
셀리버리 268600 이익잉여금(결손금) -50,376,921,605 -43,058,509,680
셀리버리 268600 자본총계 35,802,562,146 -28,004,954,084
셀리버리 268600 자본과부채총계 39,972,065,635 8,432,652,386
date : 2019-03-31
셀리버리 268600 유동자산 38,700,634,209 37,640,702,445
셀리버리 268600 현금및현금성자산 1,974,494,270 983,026,732
셀리버리 268600 매출채권 99,000,000 539,000,000
셀리버리 268600 재고자산 58,652,713 58,652,713
셀리버리 268600 기타유동금융자산 36,132,963,560 35,846,452,158
셀리버리 268600 기타유동자산 0 0
셀리버리 268600 매각예정비유동자산 0 0
셀리버리 268600 비유동자산 3,224,850,688 2,354,603,830
셀리버리 268600 장기금융상품 0 0
셀리버리 268600 기타포괄손익-공정가치 0 0
셀리버리 268600 당기손익인식공정가치측정금융자산 0 0
셀리버리 268600 종속회사투자 0 0
셀리버리 268600 관계회사투자 0 0
셀리버리 268600 렌탈자산 0 0
셀리버리 268600 유형자산 1,669,892,743 1,436,402,307
셀리버리 268600 무형자산 126,675,827 35,939,805
셀리버리 268600 기타비유동금융자산 0 0
셀리버리 268600 기타비유동자산 0 0
셀리버리 268600 사용권자산 624,152,802 35,939,805
셀리버리 268600 이연법인세자산 0 0
셀리버리 268600 자산총계 41,925,484,897 39,995,306,275
셀리버리 268600 유동부채 4,244,515,722 3,392,679,111
셀리버리 268600 단기매입채무 0 0
셀리버리 268600 단기차입금 0 0
셀리버리 268600 유동성장기차입금 0 0
셀리버리 268600 유동성사채 0 0
셀리버리 268600 기타유동금융부채 297,696,180 3,392,679,111
셀리버리 268600 기타유동부채 0 0
셀리버리 268600 당기법인세부채 0 0
셀리버리 268600 유동리스부채 521,736,256 3,392,679,111
셀리버리 268600 비유동부채 975,278,517 776,824,378
셀리버리 268600 사채 0 0
셀리버리 268600 장기차입금 0 0
셀리버리 268600 기타비유동금융부채 0 0
셀리버리 268600 이연법인세부채 0 0
셀리버리 268600 비유동리스부채 88,049,402 776,824,378
셀리버리 268600 부채총계 5,219,794,239 4,169,503,489
셀리버리 268600 자본금 3,863,303,500 3,806,303,500
셀리버리 268600 자본잉여금 89,760,914,980 80,982,775,900
셀리버리 268600 자본조정 0 0
셀리버리 268600 기타포괄손익누계액 0 0
셀리버리 268600 이익잉여금(결손금) -58,594,152,618 -50,353,680,965
셀리버리 268600 자본총계 36,705,690,658 35,825,802,786
셀리버리 268600 자본과부채총계 41,925,484,897 39,995,306,275
