date : 2019-03-31
하나금융10호스팩 270520 유동자산 9,542,023,450 9,515,984,652
하나금융10호스팩 270520 현금및현금성자산 1,347,432,347 1,355,938,519
하나금융10호스팩 270520 매출채권 및 기타유동채권
하나금융10호스팩 270520 비유동자산 0 0
하나금융10호스팩 270520 자산총계 9,542,023,450 9,515,984,652
하나금융10호스팩 270520 유동부채 970,477,152 956,961,339
하나금융10호스팩 270520 비유동부채 24,689,726 21,934,668
하나금융10호스팩 270520 이연법인세부채 24,689,726 21,934,668
하나금융10호스팩 270520 부채총계 995,166,878 978,896,007
하나금융10호스팩 270520 자본금 460,200,000 460,200,000
하나금융10호스팩 270520 자본잉여금 7,964,767,202 7,964,767,202
하나금융10호스팩 270520 이익잉여금(결손금) 61,058,566 51,290,639
하나금융10호스팩 270520 자본총계 8,546,856,572 8,537,088,645
하나금융10호스팩 270520 자본과부채총계 9,542,023,450 9,515,984,652
