date : 2017-06-30
제일약품 271980 유동자산 289,933,713,721 38,200,491,509
제일약품 271980 현금및현금성자산 10,204,819,674 38,200,491,509
제일약품 271980 매출채권 186,077,980,656 38,200,491,509
제일약품 271980 재고자산 82,324,604,859 38,200,491,509
제일약품 271980 기타유동금융자산 0 0
제일약품 271980 기타유동자산 2,340,967,228 38,200,491,509
제일약품 271980 매각예정비유동자산 0 0
제일약품 271980 비유동자산 111,265,530,466 38,200,491,509
제일약품 271980 장기금융상품 12,440,000 38,200,491,509
제일약품 271980 기타포괄손익-공정가치 0 0
제일약품 271980 당기손익인식공정가치측정금융자산 0 0
제일약품 271980 종속회사투자 0 0
제일약품 271980 관계회사투자 0 0
제일약품 271980 렌탈자산 0 0
제일약품 271980 유형자산 102,174,471,045 38,200,491,509
제일약품 271980 무형자산 4,229,637,487 38,200,491,509
제일약품 271980 기타비유동금융자산 0 0
제일약품 271980 기타비유동자산 0 0
제일약품 271980 사용권자산 0 0
제일약품 271980 이연법인세자산 2,162,298,854 38,200,491,509
제일약품 271980 자산총계 401,199,244,187 38,200,491,509
제일약품 271980 유동부채 189,936,249,131 38,200,491,509
제일약품 271980 단기매입채무 0 0
제일약품 271980 단기차입금 0 0
제일약품 271980 유동성장기차입금 0 0
제일약품 271980 유동성사채 0 0
제일약품 271980 기타유동금융부채 0 0
제일약품 271980 기타유동부채 5,267,713,194 38,200,491,509
제일약품 271980 당기법인세부채 1,605,021,202 38,200,491,509
제일약품 271980 유동리스부채 0 0
제일약품 271980 비유동부채 36,570,256,285 38,200,491,509
제일약품 271980 사채 0 0
제일약품 271980 장기차입금 0 0
제일약품 271980 기타비유동금융부채 0 0
제일약품 271980 이연법인세부채 0 38,200,491,509
제일약품 271980 비유동리스부채 0 0
제일약품 271980 부채총계 226,506,505,416 38,200,491,509
제일약품 271980 자본금 5,252,246,500 38,200,491,509
제일약품 271980 자본잉여금 0 0
제일약품 271980 자본조정 0 0
제일약품 271980 기타포괄손익누계액 0 0
제일약품 271980 이익잉여금(결손금) 215,573,969 38,200,491,509
제일약품 271980 자본총계 174,692,738,771 38,200,491,509
제일약품 271980 자본과부채총계 401,199,244,187 38,200,491,509
date : 2017-09-30
제일약품 271980 유동자산 305,833,940,864 38,200,491,509
제일약품 271980 현금및현금성자산 16,164,597,053 38,200,491,509
제일약품 271980 매출채권 190,084,723,177 38,200,491,509
제일약품 271980 재고자산 87,772,339,361 38,200,491,509
제일약품 271980 기타유동금융자산 0 0
제일약품 271980 기타유동자산 1,787,503,463 38,200,491,509
제일약품 271980 매각예정비유동자산 0 0
제일약품 271980 비유동자산 112,216,344,357 38,200,491,509
제일약품 271980 장기금융상품 7,440,000 38,200,491,509
제일약품 271980 기타포괄손익-공정가치 0 0
제일약품 271980 당기손익인식공정가치측정금융자산 0 0
제일약품 271980 종속회사투자 0 0
제일약품 271980 관계회사투자 0 0
제일약품 271980 렌탈자산 0 0
제일약품 271980 유형자산 102,527,812,432 38,200,491,509
제일약품 271980 무형자산 4,162,238,672 38,200,491,509
제일약품 271980 기타비유동금융자산 0 0
제일약품 271980 기타비유동자산 0 0
제일약품 271980 사용권자산 0 0
제일약품 271980 이연법인세자산 2,166,670,173 38,200,491,509
제일약품 271980 자산총계 418,050,285,221 38,200,491,509
제일약품 271980 유동부채 206,230,429,087 38,200,491,509
제일약품 271980 단기매입채무 0 0
제일약품 271980 단기차입금 37,939,375,594 38,200,491,509
제일약품 271980 유동성장기차입금 0 0
제일약품 271980 유동성사채 0 0
제일약품 271980 기타유동금융부채 0 0
제일약품 271980 기타유동부채 6,798,637,222 38,200,491,509
제일약품 271980 당기법인세부채 2,725,701,277 38,200,491,509
제일약품 271980 유동리스부채 0 0
제일약품 271980 비유동부채 36,868,844,482 38,200,491,509
제일약품 271980 사채 0 0
제일약품 271980 장기차입금 26,000,000,000 38,200,491,509
제일약품 271980 기타비유동금융부채 0 0
제일약품 271980 이연법인세부채 0 38,200,491,509
제일약품 271980 비유동리스부채 0 0
제일약품 271980 부채총계 243,099,273,569 38,200,491,509
제일약품 271980 자본금 5,252,246,500 38,200,491,509
제일약품 271980 자본잉여금 0 0
제일약품 271980 자본조정 0 0
제일약품 271980 기타포괄손익누계액 0 0
제일약품 271980 이익잉여금(결손금) 707,137,493 38,200,491,509
제일약품 271980 자본총계 174,951,011,652 38,200,491,509
제일약품 271980 자본과부채총계 418,050,285,221 38,200,491,509
date : 2017-12-31
제일약품 271980 유동자산 298,602,582,224 38,200,491,509
제일약품 271980 현금및현금성자산 16,208,241,710 38,200,491,509
제일약품 271980 매출채권 183,009,591,675 38,200,491,509
제일약품 271980 재고자산 83,692,886,032 38,200,491,509
제일약품 271980 기타유동금융자산 0 0
제일약품 271980 기타유동자산 2,625,456,595 38,200,491,509
제일약품 271980 매각예정비유동자산 0 0
제일약품 271980 비유동자산 115,123,519,986 38,200,491,509
제일약품 271980 장기금융상품 7,440,000 38,200,491,509
제일약품 271980 기타포괄손익-공정가치 0 0
제일약품 271980 당기손익인식공정가치측정금융자산 0 0
제일약품 271980 종속회사투자 0 0
제일약품 271980 관계회사투자 0 0
제일약품 271980 렌탈자산 0 0
제일약품 271980 유형자산 102,658,484,305 38,200,491,509
제일약품 271980 무형자산 4,090,268,957 38,200,491,509
제일약품 271980 기타비유동금융자산 0 0
제일약품 271980 기타비유동자산 0 0
제일약품 271980 사용권자산 0 0
제일약품 271980 이연법인세자산 2,005,393,644 38,200,491,509
제일약품 271980 자산총계 413,726,102,210 38,200,491,509
제일약품 271980 유동부채 206,456,956,411 38,200,491,509
제일약품 271980 단기매입채무 0 0
제일약품 271980 단기차입금 36,314,628,172 38,200,491,509
제일약품 271980 유동성장기차입금 0 0
제일약품 271980 유동성사채 0 0
제일약품 271980 기타유동금융부채 0 0
제일약품 271980 기타유동부채 6,002,690,102 38,200,491,509
제일약품 271980 당기법인세부채 2,080,071,152 38,200,491,509
제일약품 271980 유동리스부채 0 0
제일약품 271980 비유동부채 29,282,908,684 38,200,491,509
제일약품 271980 사채 0 0
제일약품 271980 장기차입금 25,500,000,000 38,200,491,509
제일약품 271980 기타비유동금융부채 0 0
제일약품 271980 이연법인세부채 0 0
제일약품 271980 비유동리스부채 0 0
제일약품 271980 부채총계 235,739,865,095 38,200,491,509
제일약품 271980 자본금 5,252,246,500 38,200,491,509
제일약품 271980 자본잉여금 171,215,361,261 38,200,491,509
제일약품 271980 자본조정 0 0
제일약품 271980 기타포괄손익누계액 0 0
제일약품 271980 이익잉여금(결손금) 1,751,919,997 38,200,491,509
제일약품 271980 자본총계 177,986,237,115 38,200,491,509
제일약품 271980 자본과부채총계 413,726,102,210 38,200,491,509
date : 2018-03-31
제일약품 271980 유동자산 289,515,317,795 298,602,582,224
제일약품 271980 현금및현금성자산 17,381,600,837 16,208,241,710
제일약품 271980 매출채권 168,405,282,149 183,009,591,675
제일약품 271980 재고자산 79,978,020,257 83,692,886,032
제일약품 271980 기타유동금융자산 0 0
제일약품 271980 기타유동자산 8,696,897,282 2,625,456,595
제일약품 271980 매각예정비유동자산 0 0
제일약품 271980 비유동자산 117,512,309,751 115,123,519,986
제일약품 271980 장기금융상품 7,440,000 7,440,000
제일약품 271980 기타포괄손익-공정가치 0 0
제일약품 271980 당기손익인식공정가치측정금융자산 0 0
제일약품 271980 종속회사투자 0 0
제일약품 271980 관계회사투자 0 0
제일약품 271980 렌탈자산 0 0
제일약품 271980 유형자산 104,499,993,503 102,658,484,305
제일약품 271980 무형자산 3,950,550,652 4,090,268,957
제일약품 271980 기타비유동금융자산 0 0
제일약품 271980 기타비유동자산 0 0
제일약품 271980 사용권자산 0 0
제일약품 271980 이연법인세자산 2,712,392,516 2,005,393,644
제일약품 271980 자산총계 407,027,627,546 413,726,102,210
제일약품 271980 유동부채 201,851,249,045 206,456,956,411
제일약품 271980 단기매입채무 0 0
제일약품 271980 단기차입금 30,757,520,726 36,314,628,172
제일약품 271980 유동성장기차입금 0 0
제일약품 271980 유동성사채 0 0
제일약품 271980 기타유동금융부채 0 0
제일약품 271980 기타유동부채 18,024,421,066 6,002,690,102
제일약품 271980 당기법인세부채 514,395,011 2,080,071,152
제일약품 271980 유동리스부채 0 0
제일약품 271980 비유동부채 30,284,176,569 29,282,908,684
제일약품 271980 사채 0 0
제일약품 271980 장기차입금 25,000,000,000 25,500,000,000
제일약품 271980 기타비유동금융부채 0 0
제일약품 271980 이연법인세부채 0 0
제일약품 271980 비유동리스부채 0 0
제일약품 271980 부채총계 232,135,425,614 235,739,865,095
제일약품 271980 자본금 5,252,246,500 5,252,246,500
제일약품 271980 자본잉여금 151,215,361,261 171,215,361,261
제일약품 271980 자본조정 0 0
제일약품 271980 기타포괄손익누계액 0 0
제일약품 271980 이익잉여금(결손금) 18,657,884,814 1,751,919,997
제일약품 271980 자본총계 174,892,201,932 177,986,237,115
제일약품 271980 자본과부채총계 407,027,627,546 413,726,102,210
date : 2018-06-30
제일약품 271980 유동자산 287,548,616,031 298,602,582,224
제일약품 271980 현금및현금성자산 15,659,941,755 16,208,241,710
제일약품 271980 매출채권 164,806,159,902 183,009,591,675
제일약품 271980 재고자산 79,264,717,734 83,692,886,032
제일약품 271980 기타유동금융자산 0 0
제일약품 271980 기타유동자산 7,732,090,542 2,625,456,595
제일약품 271980 매각예정비유동자산 0 0
제일약품 271980 비유동자산 131,042,026,389 115,123,519,986
제일약품 271980 장기금융상품 7,440,000 7,440,000
제일약품 271980 기타포괄손익-공정가치 0 0
제일약품 271980 당기손익인식공정가치측정금융자산 0 0
제일약품 271980 종속회사투자 0 0
제일약품 271980 관계회사투자 0 0
제일약품 271980 렌탈자산 0 0
제일약품 271980 유형자산 120,488,418,856 102,658,484,305
제일약품 271980 무형자산 4,454,781,996 4,090,268,957
제일약품 271980 기타비유동금융자산 0 0
제일약품 271980 기타비유동자산 0 0
제일약품 271980 사용권자산 0 0
제일약품 271980 이연법인세자산 380,026,929 2,005,393,644
제일약품 271980 자산총계 418,590,642,420 413,726,102,210
제일약품 271980 유동부채 202,829,501,029 206,456,956,411
제일약품 271980 단기매입채무 0 0
제일약품 271980 단기차입금 0 0
제일약품 271980 유동성장기차입금 0 0
제일약품 271980 유동성사채 0 0
제일약품 271980 기타유동금융부채 0 0
제일약품 271980 기타유동부채 18,147,154,913 6,002,690,102
제일약품 271980 당기법인세부채 1,283,666,112 2,080,071,152
제일약품 271980 유동리스부채 0 0
제일약품 271980 비유동부채 30,965,156,205 29,282,908,684
제일약품 271980 사채 0 0
제일약품 271980 장기차입금 24,500,000,000 25,500,000,000
제일약품 271980 기타비유동금융부채 0 0
제일약품 271980 이연법인세부채 0 0
제일약품 271980 비유동리스부채 0 0
제일약품 271980 부채총계 233,794,657,234 235,739,865,095
제일약품 271980 자본금 7,352,436,000 5,252,246,500
제일약품 271980 자본잉여금 149,115,171,761 171,215,361,261
제일약품 271980 자본조정 0 0
제일약품 271980 기타포괄손익누계액 9,854,716,548 0
제일약품 271980 이익잉여금(결손금) 18,785,504,280 1,751,919,997
제일약품 271980 자본총계 184,795,985,186 177,986,237,115
제일약품 271980 자본과부채총계 418,590,642,420 413,726,102,210
date : 2018-09-30
제일약품 271980 유동자산 286,086,586,814 298,602,582,224
제일약품 271980 현금및현금성자산 6,544,212,500 16,208,241,710
제일약품 271980 매출채권 165,377,260,565 183,009,591,675
제일약품 271980 재고자산 85,348,432,365 83,692,886,032
제일약품 271980 기타유동금융자산 0 0
제일약품 271980 기타유동자산 7,915,302,333 2,625,456,595
제일약품 271980 매각예정비유동자산 0 0
제일약품 271980 비유동자산 130,339,052,363 115,123,519,986
제일약품 271980 장기금융상품 7,440,000 7,440,000
제일약품 271980 기타포괄손익-공정가치 0 0
제일약품 271980 당기손익인식공정가치측정금융자산 0 0
제일약품 271980 종속회사투자 0 0
제일약품 271980 관계회사투자 0 0
제일약품 271980 렌탈자산 0 0
제일약품 271980 유형자산 119,629,636,986 102,658,484,305
제일약품 271980 무형자산 4,420,970,020 4,090,268,957
제일약품 271980 기타비유동금융자산 0 0
제일약품 271980 기타비유동자산 0 0
제일약품 271980 사용권자산 0 0
제일약품 271980 이연법인세자산 569,646,749 2,005,393,644
제일약품 271980 자산총계 416,425,639,177 413,726,102,210
제일약품 271980 유동부채 202,156,605,722 206,456,956,411
제일약품 271980 단기매입채무 0 0
제일약품 271980 단기차입금 0 0
제일약품 271980 유동성장기차입금 0 0
제일약품 271980 유동성사채 0 0
제일약품 271980 기타유동금융부채 0 0
제일약품 271980 기타유동부채 16,367,850,746 6,002,690,102
제일약품 271980 당기법인세부채 1,322,456,858 2,080,071,152
제일약품 271980 유동리스부채 0 0
제일약품 271980 비유동부채 29,071,756,837 29,282,908,684
제일약품 271980 사채 0 0
제일약품 271980 장기차입금 21,437,500,000 25,500,000,000
제일약품 271980 기타비유동금융부채 0 0
제일약품 271980 이연법인세부채 0 0
제일약품 271980 비유동리스부채 0 0
제일약품 271980 부채총계 231,228,362,559 235,739,865,095
제일약품 271980 자본금 7,352,436,000 5,252,246,500
제일약품 271980 자본잉여금 149,115,171,761 171,215,361,261
제일약품 271980 자본조정 0 0
제일약품 271980 기타포괄손익누계액 9,854,716,548 0
제일약품 271980 이익잉여금(결손금) 19,186,795,712 1,751,919,997
제일약품 271980 자본총계 185,197,276,618 177,986,237,115
제일약품 271980 자본과부채총계 416,425,639,177 413,726,102,210
date : 2018-12-31
제일약품 271980 유동자산 273,355,962,276 298,602,582,224
제일약품 271980 현금및현금성자산 2,495,340,391 16,208,241,710
제일약품 271980 매출채권 155,361,902,446 183,009,591,675
제일약품 271980 재고자산 88,446,066,327 83,692,886,032
제일약품 271980 기타유동금융자산 0 0
제일약품 271980 기타유동자산 6,300,092,163 2,625,456,595
제일약품 271980 매각예정비유동자산 0 0
제일약품 271980 비유동자산 129,547,160,531 115,123,519,986
제일약품 271980 장기금융상품 7,440,000 7,440,000
제일약품 271980 기타포괄손익-공정가치 0 0
제일약품 271980 당기손익인식공정가치측정금융자산 0 0
제일약품 271980 종속회사투자 0 0
제일약품 271980 관계회사투자 0 0
제일약품 271980 렌탈자산 0 0
제일약품 271980 유형자산 120,481,183,834 102,658,484,305
제일약품 271980 무형자산 4,359,053,352 4,090,268,957
제일약품 271980 기타비유동금융자산 0 0
제일약품 271980 기타비유동자산 0 0
제일약품 271980 사용권자산 0 0
제일약품 271980 이연법인세자산 944,391,835 2,005,393,644
제일약품 271980 자산총계 402,903,122,807 413,726,102,210
제일약품 271980 유동부채 194,556,097,050 206,456,956,411
제일약품 271980 단기매입채무 0 0
제일약품 271980 단기차입금 12,379,582,664 34,314,628,172
제일약품 271980 유동성장기차입금 5,593,750,000 2,000,000,000
제일약품 271980 유동성사채 0 0
제일약품 271980 기타유동금융부채 0 0
제일약품 271980 기타유동부채 19,349,464,907 6,002,690,102
제일약품 271980 당기법인세부채 1,359,656,097 2,080,071,152
제일약품 271980 유동리스부채 0 0
제일약품 271980 비유동부채 23,412,481,016 29,282,908,684
제일약품 271980 사채 0 0
제일약품 271980 장기차입금 19,906,250,000 25,500,000,000
제일약품 271980 기타비유동금융부채 0 0
제일약품 271980 이연법인세부채 0 0
제일약품 271980 비유동리스부채 0 0
제일약품 271980 부채총계 217,968,578,066 235,739,865,095
제일약품 271980 자본금 7,352,436,000 5,252,246,500
제일약품 271980 자본잉여금 149,115,171,761 171,215,361,261
제일약품 271980 자본조정 0 0
제일약품 271980 기타포괄손익누계액 9,854,716,548 0
제일약품 271980 이익잉여금(결손금) 18,924,063,835 1,751,919,997
제일약품 271980 자본총계 184,934,544,741 177,986,237,115
제일약품 271980 자본과부채총계 402,903,122,807 413,726,102,210
date : 2019-03-31
제일약품 271980 유동자산 285,942,733,021 273,355,962,276
제일약품 271980 현금및현금성자산 15,391,503,652 2,495,340,391
제일약품 271980 매출채권 150,652,206,729 155,361,902,446
제일약품 271980 재고자산 91,716,232,278 88,446,066,327
제일약품 271980 기타유동금융자산 0 0
제일약품 271980 기타유동자산 6,862,845,099 6,300,092,163
제일약품 271980 매각예정비유동자산 0 0
제일약품 271980 비유동자산 128,701,838,640 129,547,160,531
제일약품 271980 장기금융상품 35,676,131 7,440,000
제일약품 271980 기타포괄손익-공정가치 0 0
제일약품 271980 당기손익인식공정가치측정금융자산 0 0
제일약품 271980 종속회사투자 0 0
제일약품 271980 관계회사투자 0 0
제일약품 271980 렌탈자산 0 0
제일약품 271980 유형자산 119,418,502,178 120,481,183,834
제일약품 271980 무형자산 4,395,308,754 4,359,053,352
제일약품 271980 기타비유동금융자산 0 0
제일약품 271980 기타비유동자산 0 0
제일약품 271980 사용권자산 0 0
제일약품 271980 이연법인세자산 980,269,417 944,391,835
제일약품 271980 자산총계 414,644,571,661 402,903,122,807
제일약품 271980 유동부채 206,851,266,616 194,556,097,050
제일약품 271980 단기매입채무 0 0
제일약품 271980 단기차입금 11,000,000,000 12,379,582,664
제일약품 271980 유동성장기차입금 6,625,000,000 5,593,750,000
제일약품 271980 유동성사채 0 0
제일약품 271980 기타유동금융부채 0 0
제일약품 271980 기타유동부채 20,075,020,162 19,349,464,907
제일약품 271980 당기법인세부채 2,910,426,869 1,359,656,097
제일약품 271980 유동리스부채 273,014,756 0
제일약품 271980 비유동부채 23,404,904,827 23,412,481,016
제일약품 271980 사채 0 0
제일약품 271980 장기차입금 18,375,000,000 19,906,250,000
제일약품 271980 기타비유동금융부채 0 0
제일약품 271980 이연법인세부채 0 0
제일약품 271980 비유동리스부채 91,813,070 0
제일약품 271980 부채총계 230,256,171,443 217,968,578,066
제일약품 271980 자본금 7,352,436,000 7,352,436,000
제일약품 271980 자본잉여금 149,115,171,761 149,115,171,761
제일약품 271980 자본조정 0 0
제일약품 271980 기타포괄손익누계액 9,854,716,548 9,854,716,548
제일약품 271980 이익잉여금(결손금) 18,377,919,312 18,924,063,835
제일약품 271980 자본총계 184,388,400,218 184,934,544,741
제일약품 271980 자본과부채총계 414,644,571,661 402,903,122,807
