date : 2019-03-31
롯데제과 280360 유동자산 495,438,874,562 480,099,787,448
롯데제과 280360 현금및현금성자산 86,371,787,709 119,809,326,840
롯데제과 280360 매출채권 및 기타채권
롯데제과 280360 기타유동금융자산 21,399,625,093 419,250,938
롯데제과 280360 재고자산 150,401,523,709 151,631,870,205
롯데제과 280360 기타유동자산 9,571,925,471 11,354,832,052
롯데제과 280360 비유동자산 1,805,182,949,415 1,759,684,434,386
롯데제과 280360 기타비유동금융자산 25,712,782,710 33,477,816,956
롯데제과 280360 유형자산 978,876,569,930 990,725,402,411
롯데제과 280360 사용권자산 19,825,954,296 0
롯데제과 280360 무형자산 29,833,027,800 29,927,160,700
롯데제과 280360 기타비유동자산 656,009,822 604,159,615
롯데제과 280360 자산총계 2,300,621,823,977 2,239,784,221,834
롯데제과 280360 유동부채 415,360,340,412 337,172,902,920
롯데제과 280360 사채 109,922,391,781 0
롯데제과 280360 기타유동금융부채 27,042,430,454 34,362,591,336
롯데제과 280360 기타유동부채 14,399,775,099 14,271,115,321
롯데제과 280360 비유동부채 695,638,678,530 707,106,218,787
롯데제과 280360 사채 440,317,820,332 547,236,275,697
롯데제과 280360 기타비유동금융부채 12,879,497,189 12,794,619,924
롯데제과 280360 이연법인세부채 104,340,305,832 105,370,850,591
롯데제과 280360 부채총계 1,110,999,018,942 1,044,279,121,707
롯데제과 280360 자본금 3,208,358,500 3,208,358,500
롯데제과 280360 자본잉여금 1,178,514,022,258 1,178,514,022,258
롯데제과 280360 기타포괄손익누계액 -2,680,788,001 -3,235,195,687
롯데제과 280360 자본총계 1,189,622,805,035 1,195,505,100,127
