date : 2019-03-31
SK케미칼 285130 유동자산 534,050,846,978 456,676,262,466
SK케미칼 285130 현금및현금성자산 36,364,518,848 27,512,757,201
SK케미칼 285130 재고자산 217,889,916,296 213,626,085,797
SK케미칼 285130 기타유동자산 7,293,059,821 8,000,052,184
SK케미칼 285130 비유동자산 1,178,644,144,900 1,121,567,354,871
SK케미칼 285130 유형자산 689,830,250,441 689,811,446,068
SK케미칼 285130 사용권자산 37,571,073,984 0
SK케미칼 285130 무형자산 18,455,832,903 16,130,237,856
SK케미칼 285130 기타비유동자산 2,696,340,227 2,859,003,646
SK케미칼 285130 이연법인세자산 140,429,361 2,868,253,087
SK케미칼 285130 자산총계 1,712,694,991,878 1,578,243,617,337
SK케미칼 285130 유동부채 424,349,866,902 422,168,657,643
SK케미칼 285130 단기차입금 120,557,029,635 147,491,855,574
SK케미칼 285130 당기법인세부채 4,566,850,375 3,807,186,151
SK케미칼 285130 기타유동부채 12,816,381,197 7,711,342,650
SK케미칼 285130 비유동부채 516,950,025,507 389,532,453,554
SK케미칼 285130 사채 419,581,597,125 316,129,876,440
SK케미칼 285130 장기차입금 53,366,750,000 61,124,597,110
SK케미칼 285130 부채총계 941,299,892,409 811,701,111,197
SK케미칼 285130 자본금 65,192,610,000 65,192,610,000
SK케미칼 285130 자본잉여금 290,804,742,785 690,804,742,785
SK케미칼 285130 자본총계 771,395,099,469 766,542,506,140
