date : 2019-03-31
푸드나무 290720 유동자산 46,448,273,548 43,834,122,151
푸드나무 290720 현금및현금성자산 9,291,163,694 14,013,032,869
푸드나무 290720 매출채권 3,286,669,318 2,525,485,154
푸드나무 290720 재고자산 3,125,606,536 1,559,062,136
푸드나무 290720 기타유동금융자산 30,501,020,999 25,482,708,579
푸드나무 290720 기타유동자산 243,813,001 253,833,413
푸드나무 290720 비유동자산 8,250,835,976 7,827,870,885
푸드나무 290720 기타비유동금융자산 1,563,162,519 1,563,162,519
푸드나무 290720 유형자산 5,964,157,220 5,682,243,168
푸드나무 290720 무형자산 516,494,685 375,443,646
푸드나무 290720 이연법인세자산 137,021,552 137,021,552
푸드나무 290720 자산총계 54,699,109,524 51,661,993,036
푸드나무 290720 유동부채 5,588,739,784 3,162,099,610
푸드나무 290720 기타유동금융부채 2,026,050,605 1,062,185,487
푸드나무 290720 기타유동부채 143,073,557 218,618,345
푸드나무 290720 당기법인세부채 691,611,666 429,338,515
푸드나무 290720 비유동부채 592,749,095 547,397,396
푸드나무 290720 기타비유동금융부채 0 0
푸드나무 290720 부채총계 6,181,488,879 3,709,497,006
푸드나무 290720 자본금 3,403,017,000 3,403,017,000
푸드나무 290720 자본잉여금 31,999,156,599 31,999,156,599
푸드나무 290720 기타포괄손익누계액 0 0
푸드나무 290720 이익잉여금(결손금) 13,115,447,046 12,550,322,431
푸드나무 290720 자본총계 48,517,620,645 47,952,496,030
푸드나무 290720 자본과부채총계 54,699,109,524 51,661,993,036
