date : 2018-09-30
액트로 290740 유동자산 69,758,803,984 32,449,759,640
액트로 290740 현금및현금성자산 41,427,633,075 7,569,577,093
액트로 290740 매출채권 및 기타유동채권
액트로 290740 재고자산 2,193,188,761 1,962,261,823
액트로 290740 기타유동금융자산 0 0
액트로 290740 기타유동자산 264,235,967 510,713,694
액트로 290740 매각예정비유동자산 0 0
액트로 290740 비유동자산 13,791,058,919 13,669,240,222
액트로 290740 장기금융상품 0 0
액트로 290740 기타포괄손익-공정가치 0 0
액트로 290740 당기손익인식공정가치측정금융자산 0 0
액트로 290740 종속회사투자 0 0
액트로 290740 관계회사투자 0 0
액트로 290740 렌탈자산 0 0
액트로 290740 유형자산 2,754,175,882 2,753,489,982
액트로 290740 무형자산 515,271,748 525,200,761
액트로 290740 기타비유동금융자산 0 0
액트로 290740 기타비유동자산 686,405,211 555,343,401
액트로 290740 사용권자산 0 0
액트로 290740 이연법인세자산 417,657,078 417,657,078
액트로 290740 자산총계 83,549,862,903 46,118,999,862
액트로 290740 유동부채 13,611,788,272 15,268,706,928
액트로 290740 단기매입채무 0 0
액트로 290740 단기차입금 0 0
액트로 290740 유동성장기차입금 0 0
액트로 290740 유동성사채 0 0
액트로 290740 기타유동금융부채 0 0
액트로 290740 기타유동부채 439,426,145 1,434,411,564
액트로 290740 당기법인세부채 3,034,821,957 1,163,255,748
액트로 290740 유동리스부채 0 0
액트로 290740 비유동부채 828,519,066 2,844,350,465
액트로 290740 사채 0 0
액트로 290740 장기차입금 0 0
액트로 290740 기타비유동금융부채 0 0
액트로 290740 이연법인세부채 0 0
액트로 290740 비유동리스부채 0 0
액트로 290740 부채총계 14,440,307,338 18,113,057,393
액트로 290740 자본금 2,500,027,000 1,882,027,000
액트로 290740 자본잉여금 37,705,873,286 14,363,780,686
액트로 290740 자본조정 0 0
액트로 290740 기타포괄손익누계액 0 0
액트로 290740 이익잉여금(결손금) 27,751,716,930 10,610,507,758
액트로 290740 자본총계 69,109,555,565 28,005,942,469
액트로 290740 자본과부채총계 83,549,862,903 46,118,999,862
date : 2018-12-31
액트로 290740 유동자산 70,702,242,725 32,449,759,640
액트로 290740 현금및현금성자산 27,826,926,572 7,569,577,093
액트로 290740 매출채권 및 기타유동채권
액트로 290740 재고자산 2,017,447,515 1,962,261,823
액트로 290740 기타유동금융자산 0 0
액트로 290740 기타유동자산 521,115,010 510,713,694
액트로 290740 매각예정비유동자산 0 0
액트로 290740 비유동자산 15,104,573,381 13,669,240,222
액트로 290740 장기금융상품 0 0
액트로 290740 기타포괄손익-공정가치 0 0
액트로 290740 당기손익인식공정가치측정금융자산 0 0
액트로 290740 종속회사투자 0 0
액트로 290740 관계회사투자 0 0
액트로 290740 렌탈자산 0 0
액트로 290740 유형자산 2,772,393,574 2,753,489,982
액트로 290740 무형자산 512,935,924 525,200,761
액트로 290740 기타비유동금융자산 0 0
액트로 290740 기타비유동자산 895,553,956 280,132,314
액트로 290740 사용권자산 0 0
액트로 290740 이연법인세자산 485,209,142 417,657,078
액트로 290740 자산총계 85,806,816,106 46,118,999,862
액트로 290740 유동부채 14,748,961,774 15,268,706,928
액트로 290740 단기매입채무 0 0
액트로 290740 단기차입금 2,200,000,000 3,000,000,000
액트로 290740 유동성장기차입금 0 0
액트로 290740 유동성사채 0 0
액트로 290740 기타유동금융부채 0 0
액트로 290740 기타유동부채 306,234,176 350,772,480
액트로 290740 당기법인세부채 3,544,631,197 1,163,255,748
액트로 290740 유동리스부채 0 0
액트로 290740 비유동부채 1,005,951,361 2,844,350,465
액트로 290740 사채 0 0
액트로 290740 장기차입금 2,000,000,000 2,000,000,000
액트로 290740 기타비유동금융부채 0 0
액트로 290740 이연법인세부채 0 0
액트로 290740 비유동리스부채 0 0
액트로 290740 부채총계 15,754,913,135 18,113,057,393
액트로 290740 자본금 2,515,027,000 1,882,027,000
액트로 290740 자본잉여금 37,851,748,286 14,363,780,686
액트로 290740 자본조정 0 0
액트로 290740 기타포괄손익누계액 0 0
액트로 290740 이익잉여금(결손금) 30,633,998,541 10,610,507,758
액트로 290740 자본총계 70,051,902,971 28,005,942,469
액트로 290740 자본과부채총계 85,806,816,106 46,118,999,862
date : 2019-03-31
액트로 290740 유동자산 71,591,494,718 70,702,242,725
액트로 290740 현금및현금성자산 27,049,055,934 27,826,926,572
액트로 290740 매출채권 및 기타유동채권
액트로 290740 재고자산 1,516,382,280 2,017,447,515
액트로 290740 기타유동금융자산 0 0
액트로 290740 기타유동자산 224,722,241 521,115,010
액트로 290740 매각예정비유동자산 0 0
액트로 290740 비유동자산 15,305,098,946 15,104,573,381
액트로 290740 장기금융상품 0 0
액트로 290740 기타포괄손익-공정가치 0 0
액트로 290740 당기손익인식공정가치측정금융자산 0 0
액트로 290740 종속회사투자 0 0
액트로 290740 관계회사투자 0 0
액트로 290740 렌탈자산 0 0
액트로 290740 유형자산 2,734,138,420 2,772,393,574
액트로 290740 무형자산 500,823,854 512,935,924
액트로 290740 기타비유동금융자산 0 0
액트로 290740 기타비유동자산 895,553,956 895,553,956
액트로 290740 사용권자산 0 0
액트로 290740 이연법인세자산 485,209,142 485,209,142
액트로 290740 자산총계 86,896,593,664 85,806,816,106
액트로 290740 유동부채 14,424,248,695 14,748,961,774
액트로 290740 단기매입채무 0 0
액트로 290740 단기차입금 2,200,000,000 2,200,000,000
액트로 290740 유동성장기차입금 0 0
액트로 290740 유동성사채 0 0
액트로 290740 기타유동금융부채 0 0
액트로 290740 기타유동부채 2,107,840,775 306,234,176
액트로 290740 당기법인세부채 2,812,433,795 3,544,631,197
액트로 290740 유동리스부채 0 0
액트로 290740 비유동부채 1,148,805,496 1,005,951,361
액트로 290740 사채 0 0
액트로 290740 장기차입금 0 0
액트로 290740 기타비유동금융부채 0 0
액트로 290740 이연법인세부채 0 0
액트로 290740 비유동리스부채 99,998,675 1,005,951,361
액트로 290740 부채총계 15,573,054,191 15,754,913,135
액트로 290740 자본금 2,515,027,000 2,515,027,000
액트로 290740 자본잉여금 37,851,748,286 37,851,748,286
액트로 290740 자본조정 0 0
액트로 290740 기타포괄손익누계액 0 0
액트로 290740 이익잉여금(결손금) 31,900,733,944 30,633,998,541
액트로 290740 자본총계 71,323,539,473 70,051,902,971
액트로 290740 자본과부채총계 86,896,593,664 85,806,816,106
