date : 2019-03-31
HDC현대산업개발 294870 유동자산 3,766,347,531,792 3,832,027,287,049
HDC현대산업개발 294870 현금및현금성자산 1,419,140,804,302 1,342,519,748,795
HDC현대산업개발 294870 매출채권 및 기타유동채권
HDC현대산업개발 294870 매출채권 321,369,537,143 467,323,924,708
HDC현대산업개발 294870 재고자산 737,141,459,106 774,928,220,866
HDC현대산업개발 294870 비유동자산 1,054,567,068,396 1,020,027,973,336
HDC현대산업개발 294870 유형자산 393,825,866,154 395,685,267,517
HDC현대산업개발 294870 무형자산 6,172,652,781 6,018,671,355
HDC현대산업개발 294870 이연법인세자산 169,240,717,409 171,904,410,621
HDC현대산업개발 294870 기타비유동자산 20,000,000 20,000,000
HDC현대산업개발 294870 자산총계 4,820,914,600,188 4,852,055,260,385
HDC현대산업개발 294870 유동부채 2,349,374,487,369 2,439,921,929,167
HDC현대산업개발 294870 단기차입금 207,366,200,448 207,285,000,000
HDC현대산업개발 294870 당기법인세부채 63,903,042,857 61,252,352,604
HDC현대산업개발 294870 기타유동부채 13,844,578,556 8,728,336,182
HDC현대산업개발 294870 비유동부채 570,286,851,043 573,486,674,939
HDC현대산업개발 294870 사채 319,106,499,144 319,013,017,344
HDC현대산업개발 294870 장기차입금 34,966,921,266 34,884,342,199
HDC현대산업개발 294870 부채총계 2,919,661,338,412 3,013,408,604,106
HDC현대산업개발 294870 자본금 219,691,100,000 219,691,100,000
HDC현대산업개발 294870 자본잉여금 1,392,565,383,888 1,392,565,383,888
HDC현대산업개발 294870 이익잉여금(결손금) 290,178,212,848 227,146,201,770
HDC현대산업개발 294870 기타포괄손익누계액 -465,538,079 -40,132,498
HDC현대산업개발 294870 자본총계 1,901,253,261,776 1,838,646,656,279
HDC현대산업개발 294870 자본과부채총계 4,820,914,600,188 4,852,055,260,385
