date : 2019-03-31
효성화학 298000 유동자산 341,773,824,986 311,199,792,240
효성화학 298000 현금및현금성자산 1,480,356,605 2,189,800,250
효성화학 298000 매출채권 및 기타채권
효성화학 298000 기타유동자산 10,850,027,663 5,555,245,112
효성화학 298000 재고자산 129,161,160,583 125,294,525,119
효성화학 298000 비유동자산 1,343,375,479,748 1,288,550,144,448
효성화학 298000 유형자산 1,033,111,836,994 1,056,459,645,109
효성화학 298000 무형자산 14,551,819,926 14,230,039,913
효성화학 298000 기타비유동금융자산 5,679,861,800 2,648,654,952
효성화학 298000 기타비유동자산 16,931,820 877,899,278
효성화학 298000 이연법인세자산 5,712,402,978 8,298,075,249
효성화학 298000 자산총계 1,685,149,304,734 1,599,749,936,688
효성화학 298000 유동부채 736,176,908,902 639,308,543,899
효성화학 298000 당기법인세부채 2,246,234,822 6,267,451,248
효성화학 298000 기타유동부채 5,536,298,508 4,169,927,819
효성화학 298000 비유동부채 576,507,419,447 598,369,342,328
효성화학 298000 장기차입금 555,420,158,701 582,939,999,868
효성화학 298000 기타비유동금융부채 3,913,233,286 0
효성화학 298000 부채총계 1,312,684,328,349 1,237,677,886,227
효성화학 298000 자본금 15,950,630,000 15,950,630,000
효성화학 298000 자본총계 372,464,976,385 362,072,050,461
효성화학 298000 자본과부채총계 1,685,149,304,734 1,599,749,936,688
