date : 2019-03-31
에이비엘바이오 298380 유동자산 155,165,823,485 161,091,085,024
에이비엘바이오 298380 현금및현금성자산 111,189,599,620 122,034,747,523
에이비엘바이오 298380 매출채권 및 기타금융자산
에이비엘바이오 298380 비유동자산 10,845,160,962 7,778,029,909
에이비엘바이오 298380 장기금융상품 4,394,525,765 4,371,350,453
에이비엘바이오 298380 유형자산 4,416,473,855 2,699,414,551
에이비엘바이오 298380 무형자산 1,828,973,850 506,940,627
에이비엘바이오 298380 자산총계 166,010,984,447 168,869,114,933
에이비엘바이오 298380 유동부채 11,023,623,121 11,586,228,737
에이비엘바이오 298380 비유동부채 1,483,765,500 320,650,962
에이비엘바이오 298380 부채총계 12,507,388,621 11,906,879,699
에이비엘바이오 298380 자본금 22,651,675,000 22,293,500,000
에이비엘바이오 298380 자본총계 153,503,595,826 156,962,235,234
