date : 2018-12-31
이노메트리 302430 유동자산 52,159,638,372 9,852,282,538
이노메트리 302430 현금및현금성자산 36,398,834,455 5,926,915,825
이노메트리 302430 매출채권 3,592,738,703 1,790,244,126
이노메트리 302430 재고자산 235,987,600 171,497,600
이노메트리 302430 기타유동금융자산 0 0
이노메트리 302430 기타유동자산 454,921,861 1,830,801,815
이노메트리 302430 매각예정비유동자산 0 0
이노메트리 302430 비유동자산 7,876,322,838 1,704,109,424
이노메트리 302430 장기금융상품 0 0
이노메트리 302430 기타포괄손익-공정가치 금융자산 3,522,766
이노메트리 302430 당기손익인식공정가치측정금융자산 0 0
이노메트리 302430 종속회사투자 0 0
이노메트리 302430 관계회사투자 0 0
이노메트리 302430 렌탈자산 0 0
이노메트리 302430 유형자산 5,452,861,858 110,714,117
이노메트리 302430 무형자산 98,610,001 13,476,000
이노메트리 302430 기타비유동금융자산 0 0
이노메트리 302430 기타비유동자산 0 0
이노메트리 302430 사용권자산 0 0
이노메트리 302430 이연법인세자산 269,990,213 199,625,680
이노메트리 302430 자산총계 60,035,961,210 11,556,391,962
이노메트리 302430 유동부채 11,297,997,036 5,091,071,240
이노메트리 302430 단기매입채무 0 0
이노메트리 302430 단기차입금 3,900,000,000 1,900,000,000
이노메트리 302430 유동성장기차입금 0 0
이노메트리 302430 유동성사채 0 0
이노메트리 302430 기타유동금융부채 0 0
이노메트리 302430 기타유동부채 941,102,947 932,614,393
이노메트리 302430 당기법인세부채 1,148,267,741 844,818,728
이노메트리 302430 유동리스부채 0 0
이노메트리 302430 비유동부채 0 0
이노메트리 302430 사채 0 0
이노메트리 302430 장기차입금 0 0
이노메트리 302430 기타비유동금융부채 0 0
이노메트리 302430 이연법인세부채 0 0
이노메트리 302430 비유동리스부채 0 0
이노메트리 302430 부채총계 11,297,997,036 5,091,071,240
이노메트리 302430 자본금 2,412,554,000 212,500,000
이노메트리 302430 자본잉여금 0 0
이노메트리 302430 자본조정 0 0
이노메트리 302430 기타포괄손익누계액 95,766 -1,354,144
이노메트리 302430 이익잉여금(결손금) 10,226,798,665 4,794,190,069
이노메트리 302430 자본총계 48,737,964,174 6,465,320,722
이노메트리 302430 자본과부채총계 60,035,961,210 11,556,391,962
date : 2019-03-31
이노메트리 302430 유동자산 50,116,507,276 52,159,638,372
이노메트리 302430 현금및현금성자산 14,373,093,027 36,398,834,455
이노메트리 302430 매출채권 6,502,497,791 3,592,738,703
이노메트리 302430 재고자산 583,322,500 235,987,600
이노메트리 302430 기타유동금융자산 0 0
이노메트리 302430 기타유동자산 682,962,098 454,921,861
이노메트리 302430 매각예정비유동자산 0 0
이노메트리 302430 비유동자산 8,334,118,262 7,876,322,838
이노메트리 302430 장기금융상품 0 0
이노메트리 302430 기타포괄손익-공정가치 금융자산 21,607,766
이노메트리 302430 당기손익인식공정가치측정금융자산 0 0
이노메트리 302430 종속회사투자 0 0
이노메트리 302430 관계회사투자 0 0
이노메트리 302430 렌탈자산 0 0
이노메트리 302430 유형자산 6,069,185,987 5,452,861,858
이노메트리 302430 무형자산 92,955,998 98,610,001
이노메트리 302430 기타비유동금융자산 0 0
이노메트리 302430 기타비유동자산 0 0
이노메트리 302430 사용권자산 120,920,162 5,452,861,858
이노메트리 302430 이연법인세자산 269,990,213 269,990,213
이노메트리 302430 자산총계 58,450,625,538 60,035,961,210
이노메트리 302430 유동부채 9,549,442,836 11,297,997,036
이노메트리 302430 단기매입채무 0 0
이노메트리 302430 단기차입금 3,000,000,000 3,900,000,000
이노메트리 302430 유동성장기차입금 0 0
이노메트리 302430 유동성사채 0 0
이노메트리 302430 기타유동금융부채 0 0
이노메트리 302430 기타유동부채 623,575,203 941,102,947
이노메트리 302430 당기법인세부채 869,329,813 1,148,267,741
이노메트리 302430 유동리스부채 0 0
이노메트리 302430 비유동부채 42,893,121 1,148,267,741
이노메트리 302430 사채 0 0
이노메트리 302430 장기차입금 0 0
이노메트리 302430 기타비유동금융부채 0 0
이노메트리 302430 이연법인세부채 0 0
이노메트리 302430 비유동리스부채 0 0
이노메트리 302430 부채총계 9,592,335,957 11,297,997,036
이노메트리 302430 자본금 2,412,554,000 2,412,554,000
이노메트리 302430 자본잉여금 0 0
이노메트리 302430 자본조정 0 0
이노메트리 302430 기타포괄손익누계액 95,766 95,766
이노메트리 302430 이익잉여금(결손금) 10,309,993,417 10,226,798,665
이노메트리 302430 자본총계 48,858,289,581 48,737,964,174
이노메트리 302430 자본과부채총계 58,450,625,538 60,035,961,210
