20180504090000 1525392000 2005 1
20180504090500 1525392300 2005 5
20180504091000 1525392600 2005 15
20180504091500 1525392900 2005 15
20180504092000 1525393200 2005 15
20180504092500 1525393500 2005 10
20180504093000 1525393800 2005 15
20180504093500 1525394100 2005 15
20180504094000 1525394400 2005 15
20180504094500 1525394700 2005 10
20180504095000 1525395000 2005 15
20180504095500 1525395300 2005 15
20180504100000 1525395600 1995 54
20180504100500 1525395900 1995 75
20180504101000 1525396200 2005 87
20180504101500 1525396500 1995 84
20180504102000 1525396800 2005 105
20180504102500 1525397100 1995 97
20180504103000 1525397400 1995 85
20180504103500 1525397700 2000 55
20180504104000 1525398000 1995 99
20180504104500 1525398300 1995 74
20180504105000 1525398600 1995 78
20180504105500 1525398900 1995 82
20180504110000 1525399200 1995 38
20180504110500 1525399500 2005 11
20180504111000 1525399800 2005 15
20180504111500 1525400100 2005 15
20180504112000 1525400400 2005 10
20180504112500 1525400700 2005 15
20180504113000 1525401000 2005 15
20180504113500 1525401300 2005 15
20180504114000 1525401600 2005 10
20180504114500 1525401900 2005 15
20180504115000 1525402200 2005 15
20180504115500 1525402500 2005 15
20180504120000 1525402800 2005 10
20180504120500 1525403100 2005 14
20180504121000 1525403400 2005 12
20180504121500 1525403700 2005 12
20180504122000 1525404000 2005 8
20180504122500 1525404300 2005 12
20180504123000 1525404600 2005 12
20180504123500 1525404900 2005 12
20180504124000 1525405200 2005 8
20180504124500 1525405500 2005 12
20180504125000 1525405800 2005 12
20180504125500 1525406100 2005 12
20180504130000 1525406400 2005 8
20180504130500 1525406700 2005 12
20180504131000 1525407000 2005 12
20180504131500 1525407300 2005 12
20180504132000 1525407600 2005 8
20180504132500 1525407900 2005 12
20180504133000 1525408200 2005 12
20180504133500 1525408500 2005 12
20180504134000 1525408800 2005 8
20180504134500 1525409100 2005 12
20180504135000 1525409400 2005 12
20180504135500 1525409700 2005 12
20180504140000 1525410000 2005 8
20180504140500 1525410300 2005 12
20180504141000 1525410600 2005 12
20180504141500 1525410900 2005 12
20180504142000 1525411200 2005 8
20180504142500 1525411500 2005 12
20180504143000 1525411800 2005 12
20180504143500 1525412100 2005 12
20180504144000 1525412400 2005 8
20180504144500 1525412700 2005 12
20180504145000 1525413000 2005 12
20180504145500 1525413300 2005 13
20180504150000 1525413600 2005 13
20180509090000 1525824000 2005 1
20180509092000 1525825200 2005 18
20180509093000 1525825800 2005 18
20180509093500 1525826100 2005 18
20180509094000 1525826400 2005 18
20180509095000 1525827000 2005 18
20180509095500 1525827300 2005 18
20180509100500 1525827900 2005 28
20180509101000 1525828200 2000 18
20180509101500 1525828500 2000 47
20180509102500 1525829100 2000 18
20180509103000 1525829400 2000 18
20180509103500 1525829700 2000 18
20180509104500 1525830300 1995 18
20180509105000 1525830600 1995 18
20180509105500 1525830900 2000 42
20180509110500 1525831500 2000 18
20180509111000 1525831800 2000 18
20180509112000 1525832400 2000 18
20180509112500 1525832700 2000 18
20180509113000 1525833000 2000 18
20180509114000 1525833600 2000 18
20180509114500 1525833900 2000 18
20180509115000 1525834200 2000 18
20180509120000 1525834800 2000 18
20180509120500 1525835100 2000 18
20180509121500 1525835700 2000 18
20180509122000 1525836000 2000 18
20180509122500 1525836300 2000 18
20180509123500 1525836900 2000 18
20180509124000 1525837200 2000 18
20180509124500 1525837500 2000 18
20180509125500 1525838100 2000 18
20180509130000 1525838400 2000 18
20180509131000 1525839000 2000 18
20180509131500 1525839300 2000 18
20180509132000 1525839600 2000 18
20180509133000 1525840200 2000 18
20180509133500 1525840500 2000 18
20180509134000 1525840800 2000 18
20180509135000 1525841400 2000 18
20180509135500 1525841700 2000 18
20180509140500 1525842300 2000 18
20180509141000 1525842600 2000 18
20180509141500 1525842900 2000 18
20180509142500 1525843500 2000 18
20180509143000 1525843800 2000 18
20180509143500 1525844100 2000 18
20180509144500 1525844700 2000 18
20180509145000 1525845000 2000 18
20180509150000 1525845600 2000 18
20180510090000 1525910400 2005 1
20180510091000 1525911000 2005 2
20180510094000 1525912800 2000 16
20180510094500 1525913100 1995 47
20180510095000 1525913400 1995 31
20180510095500 1525913700 1995 46
20180510100000 1525914000 2000 33
20180510100500 1525914300 1995 47
20180510101000 1525914600 1995 32
20180510101500 1525914900 1995 31
20180510102000 1525915200 1995 49
20180510102500 1525915500 1995 30
20180510103000 1525915800 1995 46
20180510103500 1525916100 1995 33
20180510104000 1525916400 1995 33
20180510104500 1525916700 2000 1
20180510113500 1525919700 2000 28
20180510140500 1525928700 2000 90
20180510145000 1525931400 2030 1113
20180510151000 1525932600 2000 50
20180510151500 1525932900 2020 4
20180510153000 1525933800 1995 1061
20180511090500 1525997100 2000 1
20180511091000 1525997400 2000 18
20180511091500 1525997700 2000 18
20180511092500 1525998300 2000 18
20180511093000 1525998600 2000 18
20180511093500 1525998900 2000 18
20180511094500 1525999500 2000 18
20180511095000 1525999800 2000 18
20180511100000 1526000400 2000 18
20180511100500 1526000700 1995 25
20180511101000 1526001000 1995 42
20180511101500 1526001300 1995 71
20180511102000 1526001600 1995 66
20180511102500 1526001900 1995 70
20180511103000 1526002200 1995 45
20180511103500 1526002500 1995 89
20180511104000 1526002800 1995 67
20180511104500 1526003100 1995 42
20180511105000 1526003400 1995 56
20180511105500 1526003700 2000 61
20180511110000 1526004000 1995 21
20180511110500 1526004300 1995 42
20180511111000 1526004600 1995 36
20180511111500 1526004900 2000 36
20180511112000 1526005200 1995 25
20180511112500 1526005500 1995 36
20180511113000 1526005800 2000 18
20180511114000 1526006400 2000 18
20180511114500 1526006700 2000 18
20180511115000 1526007000 2000 18
20180511120000 1526007600 2000 18
20180511120500 1526007900 2000 18
20180511121000 1526008200 2000 2
20180511121500 1526008500 2000 18
20180511122000 1526008800 2000 18
20180511123000 1526009400 2000 18
20180511123500 1526009700 2000 18
20180511124000 1526010000 2000 18
20180511125000 1526010600 2000 18
20180511125500 1526010900 2000 18
20180511130500 1526011500 2000 18
20180511131000 1526011800 2000 18
20180511132000 1526012400 2000 18
20180511132500 1526012700 2000 18
20180511133000 1526013000 2000 18
20180511134000 1526013600 2000 18
20180511134500 1526013900 2000 18
20180511135500 1526014500 2000 18
20180511140000 1526014800 2000 18
20180511141000 1526015400 2000 18
20180511141500 1526015700 2000 18
20180511142000 1526016000 2000 359
20180511143000 1526016600 2000 18
20180511143500 1526016900 2000 18
20180511144500 1526017500 2000 118
20180511145000 1526017800 2000 18
20180511150000 1526018400 2000 18
20180516090000 1526428800 2030 1
20180516091000 1526429400 2030 7
20180516091500 1526429700 2030 7
20180516092000 1526430000 2025 9
20180516092500 1526430300 2030 12
20180516093000 1526430600 2025 9
20180516093500 1526430900 2025 8
20180516094000 1526431200 2030 11
20180516094500 1526431500 2025 9
20180516095000 1526431800 2030 40
20180516095500 1526432100 2025 13
20180516100000 1526432400 2025 1
20180516100500 1526432700 2030 21
20180516101000 1526433000 2025 2
20180516101500 1526433300 2025 7
20180516102000 1526433600 2025 14
20180516102500 1526433900 2030 12
20180516103000 1526434200 2030 14
20180516103500 1526434500 2025 5
20180516104000 1526434800 2025 11
20180516104500 1526435100 2025 7
20180516105000 1526435400 2025 7
20180516105500 1526435700 2025 14
20180516110000 1526436000 2025 7
20180516110500 1526436300 2030 19
20180516111000 1526436600 2030 7
20180516111500 1526436900 2030 14
20180516112000 1526437200 2030 7
20180516112500 1526437500 2025 2
20180516113000 1526437800 2030 19
20180516113500 1526438100 2030 7
20180516114000 1526438400 2030 14
20180516114500 1526438700 2030 7
20180516115000 1526439000 2030 14
20180516115500 1526439300 2030 7
20180516120000 1526439600 2030 7
20180516120500 1526439900 2030 14
20180516121000 1526440200 2030 7
20180516121500 1526440500 2030 14
20180516122000 1526440800 2030 7
20180516122500 1526441100 2025 14
20180516123000 1526441400 2025 7
20180516123500 1526441700 2025 7
20180516124000 1526442000 2020 9
20180516124500 1526442300 2025 12
20180516125000 1526442600 2025 14
20180516125500 1526442900 2020 2
20180516130000 1526443200 2025 19
20180516130500 1526443500 2025 7
20180516131000 1526443800 2025 7
20180516131500 1526444100 2025 14
20180516132000 1526444400 2020 2
20180516132500 1526444700 2020 15
20180516133000 1526445000 2025 11
20180516133500 1526445300 2025 14
20180516134000 1526445600 2025 7
20180516134500 1526445900 2020 2
20180516135000 1526446200 2025 19
20180516135500 1526446500 2020 2
20180516140000 1526446800 2025 19
20180516140500 1526447100 2025 7
20180516141000 1526447400 2025 14
20180516141500 1526447700 2025 7
20180516142000 1526448000 2025 14
20180516142500 1526448300 2020 2
20180516143000 1526448600 2025 12
20180516143500 1526448900 2020 10
20180516144000 1526449200 2025 11
20180516144500 1526449500 2025 14
20180516145000 1526449800 2025 7
20180516145500 1526450100 2025 14
20180517090000 1526515200 2000 37
20180517090500 1526515500 1995 50
20180517091000 1526515800 2000 46
20180517091500 1526516100 1995 56
20180517092000 1526516400 1995 54
20180517092500 1526516700 1995 55
20180517093000 1526517000 1995 52
20180517093500 1526517300 1995 55
20180517094000 1526517600 1995 46
20180517094500 1526517900 1995 56
20180517095000 1526518200 1995 46
20180517095500 1526518500 1995 50
20180517100000 1526518800 1995 34
20180517102500 1526520300 2000 1
20180517103500 1526520900 2000 28
20180517110000 1526522400 2000 4
20180517110500 1526522700 2000 11
20180517111500 1526523300 2000 10
20180517114000 1526524800 2000 190
20180517114500 1526525100 2000 5
20180517130000 1526529600 2020 3
20180517142500 1526534700 2010 2
20180518090000 1526601600 2015 1
20180518095500 1526604900 2015 28
20180518104500 1526607900 2015 12
20180518105000 1526608200 2015 12
20180518105500 1526608500 2020 9
20180518114500 1526611500 2015 124
20180518115000 1526611800 2015 12
20180518115500 1526612100 2015 12
20180518120000 1526612400 2015 12
20180518120500 1526612700 2015 12
20180518121000 1526613000 2015 12
20180518121500 1526613300 2015 12
20180518122000 1526613600 2015 12
20180518122500 1526613900 2015 12
20180518123500 1526614500 2015 12
20180518124000 1526614800 2015 12
20180518124500 1526615100 2015 12
20180518125000 1526615400 2015 12
20180518125500 1526615700 2015 12
20180518130000 1526616000 2000 63
20180518130500 1526616300 2000 39
20180518131000 1526616600 2000 37
20180518131500 1526616900 2000 66
20180518132000 1526617200 2000 38
20180518132500 1526617500 2000 38
20180518133000 1526617800 2000 110
20180518133500 1526618100 2000 71
20180518134000 1526618400 2015 92
20180518134500 1526618700 2000 119
20180518135000 1526619000 1995 108
20180518135500 1526619300 2000 38
20180518140000 1526619600 1995 65
20180518140500 1526619900 1995 137
20180518141000 1526620200 2000 40
20180518141500 1526620500 1995 64
20180518142000 1526620800 2000 38
20180518142500 1526621100 2000 38
20180518143000 1526621400 1995 66
20180518143500 1526621700 2000 37
20180518144000 1526622000 2000 39
20180518144500 1526622300 1995 66
20180518145000 1526622600 2000 12
20180518150000 1526623200 2000 12
20180524090000 1527120000 2020 11
20180524090500 1527120300 2020 4
20180524091500 1527120900 2015 20
20180524092000 1527121200 2020 7
20180524092500 1527121500 2015 2
20180524093500 1527122100 2020 2
20180524094000 1527122400 2015 37
20180524095000 1527123000 2020 3
20180524095500 1527123300 2015 1
20180524100000 1527123600 2020 1
20180524100500 1527123900 2020 2
20180524101000 1527124200 2015 1
20180524101500 1527124500 2020 64
20180524102000 1527124800 2020 20
20180524102500 1527125100 2015 6
20180524103000 1527125400 2020 1
20180524103500 1527125700 2015 60
20180524104000 1527126000 2000 8
20180524104500 1527126300 2015 11
20180524105000 1527126600 2020 17
20180524105500 1527126900 2020 6
20180524110000 1527127200 2015 4
20180524110500 1527127500 2015 3
20180524111000 1527127800 2015 1
20180524111500 1527128100 2005 29
20180524112000 1527128400 2015 10
20180524112500 1527128700 2005 5
20180524113000 1527129000 2015 1
20180524114000 1527129600 2015 1
20180524122000 1527132000 2020 500
20180524122500 1527132300 2015 61
20180524123000 1527132600 2015 61
20180524124000 1527133200 2015 61
20180524124500 1527133500 2015 22
20180524125000 1527133800 2020 1
20180524125500 1527134100 2020 357
20180524130000 1527134400 2015 67
20180524130500 1527134700 2015 60
20180524131000 1527135000 2020 1
20180524131500 1527135300 2020 19
20180524132000 1527135600 2015 6
20180524133000 1527136200 2020 3
20180524133500 1527136500 2015 1
20180524134500 1527137100 2020 1
20180524153000 1527143400 2015 15
20180525090500 1527206700 2015 9
20180525091000 1527207000 2020 3
20180525091500 1527207300 2005 9
20180525092000 1527207600 2005 209
20180525092500 1527207900 2005 81
20180525093000 1527208200 2010 6
20180525093500 1527208500 2015 6
20180525094000 1527208800 2010 7
20180525094500 1527209100 2015 460
20180525095000 1527209400 2005 7
20180525095500 1527209700 2005 474
20180525100000 1527210000 2010 147
20180525100500 1527210300 2010 66
20180525101000 1527210600 2015 15
20180525101500 1527210900 2015 7
20180525102000 1527211200 2010 6
20180525102500 1527211500 2015 5
20180525103000 1527211800 2010 8
20180525103500 1527212100 2010 4
20180525104000 1527212400 2015 6
20180525104500 1527212700 2010 7
20180525105000 1527213000 2015 5
20180525105500 1527213300 2015 5
20180525110000 1527213600 2015 9
20180525110500 1527213900 2010 3
20180525111000 1527214200 2010 8
20180525111500 1527214500 2015 7
20180525112000 1527214800 2015 6
20180525112500 1527215100 2015 6
20180525113000 1527215400 2010 3
20180525113500 1527215700 2015 7
20180525114000 1527216000 2010 5
20180525114500 1527216300 2015 7
20180525115000 1527216600 2015 6
20180525115500 1527216900 2010 4
20180525120000 1527217200 2015 5
20180525120500 1527217500 2010 7
20180525121000 1527217800 2010 5
20180525121500 1527218100 2015 7
20180525122000 1527218400 2010 5
20180525122500 1527218700 2015 5
20180525123000 1527219000 2010 6
20180525123500 1527219300 2010 6
20180525124000 1527219600 2015 5
20180525124500 1527219900 2010 6
20180525125000 1527220200 2015 5
20180525125500 1527220500 2015 6
20180525130000 1527220800 2015 7
20180525130500 1527221100 2015 6
20180525131000 1527221400 2010 4
20180525131500 1527221700 2010 5
20180525132000 1527222000 2015 7
20180525132500 1527222300 2010 5
20180525133000 1527222600 2015 6
20180525133500 1527222900 2015 5
20180525134000 1527223200 2010 7
20180525134500 1527223500 2015 5
20180525135000 1527223800 2010 6
20180525135500 1527224100 2010 6
20180525140000 1527224400 2015 5
20180525140500 1527224700 2010 7
20180525141000 1527225000 2015 5
20180525141500 1527225300 2015 5
20180525142000 1527225600 2010 6
20180525142500 1527225900 2010 4
20180525143000 1527226200 2010 8
20180525143500 1527226500 2015 5
20180525144000 1527226800 2015 6
20180525144500 1527227100 2010 4
20180525145000 1527227400 2010 5
20180525145500 1527227700 2010 9
20180525151000 1527228600 2015 1
20180528090000 1527465600 2025 1
20180528091500 1527466500 2025 6
20180528092000 1527466800 2025 9
20180528092500 1527467100 2010 26
20180528093000 1527467400 2010 6
20180528093500 1527467700 2010 47
20180528094000 1527468000 2005 38
20180528094500 1527468300 2025 56
20180528095000 1527468600 2005 30
20180528095500 1527468900 2005 46
20180528100000 1527469200 2005 21
20180528100500 1527469500 2005 38
20180528101000 1527469800 2005 37
20180528101500 1527470100 2025 762
20180528102000 1527470400 2005 20
20180528102500 1527470700 2005 49
20180528103000 1527471000 2025 1044
20180528103500 1527471300 2005 40
20180528104000 1527471600 2010 49
20180528104500 1527471900 2010 21
20180528105000 1527472200 2015 31
20180528105500 1527472500 2010 46
20180528110000 1527472800 2025 1
20180528110500 1527473100 2015 10
20180528111000 1527473400 2015 24
20180528111500 1527473700 2015 5
20180528112000 1527474000 2015 5
20180528112500 1527474300 2015 23
20180528113000 1527474600 2015 5
20180528113500 1527474900 2015 5
20180528114000 1527475200 2010 23
20180528114500 1527475500 2015 5
20180528115000 1527475800 2010 15
20180528115500 1527476100 2015 6
20180528120000 1527476400 2010 22
20180528120500 1527476700 2010 6
20180528121000 1527477000 2010 22
20180528121500 1527477300 2005 2017
20180528122500 1527477900 2015 11
20180528123000 1527478200 2010 10
20180528123500 1527478500 2010 5
20180528124000 1527478800 2010 25
20180528124500 1527479100 2010 9
20180528125000 1527479400 2010 5
20180528125500 1527479700 2025 29
20180528130000 1527480000 2025 23
20180528130500 1527480300 2005 22
20180528131000 1527480600 2025 6
20180528131500 1527480900 2005 22
20180528132000 1527481200 2005 22
20180528132500 1527481500 2025 6
20180528133000 1527481800 2005 22
20180528133500 1527482100 2005 22
20180528134000 1527482400 2025 11
20180528134500 1527482700 2025 23
20180528135000 1527483000 2025 23
20180528135500 1527483300 2005 962
20180528140000 1527483600 2025 23
20180528140500 1527483900 2005 23
20180528141000 1527484200 2025 6
20180528141500 1527484500 2025 22
20180528142000 1527484800 2005 23
20180528142500 1527485100 2025 6
20180528143000 1527485400 2025 22
20180528143500 1527485700 2020 24
20180528144000 1527486000 2005 8902
20180528144500 1527486300 2005 6
20180528145000 1527486600 2000 23
20180528145500 1527486900 2005 5
20180528150000 1527487200 2015 23
20180529090000 1527552000 2020 1
20180529092000 1527553200 2000 3
20180529092500 1527553500 2005 12
20180529093000 1527553800 2005 3
20180529093500 1527554100 2005 15
20180529094000 1527554400 2005 7
20180529094500 1527554700 2020 13
20180529095000 1527555000 2005 6
20180529095500 1527555300 2005 15
20180529100000 1527555600 2005 9
20180529100500 1527555900 2020 36
20180529101000 1527556200 2015 9
20180529101500 1527556500 2010 12
20180529102000 1527556800 2010 9
20180529102500 1527557100 2005 4977
20180529103000 1527557400 2000 142
20180529103500 1527557700 2005 75
20180529104000 1527558000 2005 70
20180529104500 1527558300 2005 139
20180529105000 1527558600 2005 75
20180529105500 1527558900 2000 71
20180529110000 1527559200 2000 132
20180529110500 1527559500 2020 93
20180529111000 1527559800 2010 72
20180529111500 1527560100 2005 539
20180529112000 1527560400 2000 14
20180529112500 1527560700 2005 126
20180529113000 1527561000 2005 13
20180529113500 1527561300 2005 71
20180529114000 1527561600 2000 136
20180529114500 1527561900 2005 73
20180529115000 1527562200 2000 130
20180529115500 1527562500 2000 77
20180529120000 1527562800 2000 74
20180529120500 1527563100 2010 121
20180529121000 1527563400 2005 15
20180529121500 1527563700 2000 77
20180529122000 1527564000 2005 132
20180529122500 1527564300 2005 128
20180529123000 1527564600 2000 129
20180529123500 1527564900 2010 29
20180529124000 1527565200 2010 116
20180529124500 1527565500 2005 78
20180529125000 1527565800 2000 86
20180529125500 1527566100 2005 14
20180529130000 1527566400 2000 34
20180529130500 1527566700 2015 11
20180529131000 1527567000 2010 9
20180529131500 1527567300 2010 11
20180529132000 1527567600 2015 7
20180529132500 1527567900 2010 20
20180529133000 1527568200 2010 11
20180529133500 1527568500 2015 6
20180529134000 1527568800 2015 11
20180529134500 1527569100 2015 9
20180529135000 1527569400 2015 16
20180529135500 1527569700 2015 1076
20180529140000 1527570000 2020 251
20180529140500 1527570300 2010 150
20180529141000 1527570600 2010 97
20180529141500 1527570900 2015 8
20180529142000 1527571200 2015 8
20180529142500 1527571500 2010 14
20180529143000 1527571800 2010 13
20180529143500 1527572100 2015 13
20180529144000 1527572400 2010 12
20180529144500 1527572700 2010 13
20180529145000 1527573000 2020 12
20180529145500 1527573300 2010 9
20180529150000 1527573600 2020 4
20180530090000 1527638400 2030 1
20180530092000 1527639600 2020 28
20180530092500 1527639900 2020 27
20180530093000 1527640200 2020 2
20180530094000 1527640800 2010 52
20180530094500 1527641100 2010 54
20180530095000 1527641400 2020 83
20180530100000 1527642000 2010 26
20180530100500 1527642300 2010 109
20180530101000 1527642600 2030 55
20180530102500 1527643500 2010 81
20180530103000 1527643800 2010 54
20180530103500 1527644100 2030 82
20180530104500 1527644700 2010 4
20180530105000 1527645000 2030 110
20180530105500 1527645300 2030 28
20180530110000 1527645600 2030 28
20180530110500 1527645900 2010 27
20180530111000 1527646200 2010 108
20180530111500 1527646500 2030 55
20180530112500 1527647100 2020 27
20180530113000 1527647400 2020 27
20180530113500 1527647700 2020 136
20180530114000 1527648000 2020 27
20180530114500 1527648300 2020 54
20180530115000 1527648600 2030 6525
20180530115500 1527648900 2030 54
20180530120000 1527649200 2030 54
20180530120500 1527649500 2030 27
20180530121000 1527649800 2030 54
20180530121500 1527650100 2030 31
20180530122000 1527650400 2030 56
20180530122500 1527650700 2030 37
20180530123000 1527651000 2030 54
20180530123500 1527651300 2030 27
20180530124000 1527651600 2030 54
20180530124500 1527651900 2020 3854
20180530125000 1527652200 2020 27
20180530125500 1527652500 2020 54
20180530130000 1527652800 2020 27
20180530130500 1527653100 2020 55
20180530131000 1527653400 2020 27
20180530131500 1527653700 2020 54
20180530132000 1527654000 2020 54
20180530132500 1527654300 2035 1
20180530133500 1527654900 2020 27
20180530134000 1527655200 2020 108
20180530134500 1527655500 2020 54
20180530135000 1527655800 2020 55
20180530135500 1527656100 2020 27
20180530140000 1527656400 2020 54
20180530140500 1527656700 2020 54
20180530141000 1527657000 2020 1027
20180530141500 1527657300 2030 28
20180530142500 1527657900 2020 27
20180530143000 1527658200 2020 54
20180530143500 1527658500 2020 82
20180530144000 1527658800 2020 54
20180530144500 1527659100 2020 55
20180530145000 1527659400 2030 55
20180530150500 1527660300 2025 1
20180530151000 1527660600 2020 55
20180530151500 1527660900 2030 134
20180530153000 1527661800 2020 1000
20180531090000 1527724800 2030 1
20180531092000 1527726000 2030 15
20180531092500 1527726300 2030 5
20180531093000 1527726600 2030 21
20180531093500 1527726900 2010 608
20180531094000 1527727200 2010 47
20180531094500 1527727500 2010 91
20180531095000 1527727800 2030 56
20180531095500 1527728100 2010 35
20180531100000 1527728400 2010 4
20180531100500 1527728700 2010 21
20180531101000 1527729000 2010 19
20180531101500 1527729300 2010 20
20180531102000 1527729600 2010 1
20180531102500 1527729900 2010 22
20180531103000 1527730200 2030 14
20180531103500 1527730500 2030 20
20180531104000 1527730800 2015 5
20180531104500 1527731100 2015 20
20180531105000 1527731400 2030 15
20180531105500 1527731700 2015 6
20180531110000 1527732000 2015 19
20180531110500 1527732300 2015 20
20180531111000 1527732600 2030 16
20180531111500 1527732900 2015 6
20180531112000 1527733200 2015 19
20180531112500 1527733500 2015 20
20180531113000 1527733800 2030 15
20180531113500 1527734100 2015 1075
20180531114000 1527734400 2010 1555
20180531114500 1527734700 2010 470
20180531115000 1527735000 2015 69
20180531115500 1527735300 2015 154
20180531120000 1527735600 2015 84
20180531120500 1527735900 2015 154
20180531121000 1527736200 2015 69
20180531121500 1527736500 2015 154
20180531122000 1527736800 2015 84
20180531122500 1527737100 2015 154
20180531123000 1527737400 2015 69
20180531123500 1527737700 2015 72
20180531124000 1527738000 2015 22
20180531124500 1527738300 2030 17
20180531125000 1527738600 2015 4
20180531125500 1527738900 2015 20
20180531130000 1527739200 2030 16
20180531130500 1527739500 2015 20
20180531131000 1527739800 2015 20
20180531131500 1527740100 2015 20
20180531132000 1527740400 2020 15
20180531132500 1527740700 2015 8
20180531133000 1527741000 2015 19
20180531133500 1527741300 2015 20
20180531134000 1527741600 2020 15
20180531134500 1527741900 2015 6
20180531135000 1527742200 2015 19
20180531135500 1527742500 2015 20
20180531140000 1527742800 2015 2
20180531140500 1527743100 2015 22
20180531141000 1527743400 2015 18
20180531141500 1527743700 2015 20
20180531142000 1527744000 2015 3
20180531142500 1527744300 2015 20
20180531143000 1527744600 2015 19
20180531143500 1527744900 2015 20
20180531144000 1527745200 2015 1
20180531144500 1527745500 2015 20
20180531145000 1527745800 2015 19
20180531145500 1527746100 2030 4
20180531150000 1527746400 2030 14
20180601090000 1527811200 2035 1
20180601090500 1527811500 2035 16
20180601091500 1527812100 2035 16
20180601092000 1527812400 2035 16
20180601092500 1527812700 2035 16
20180601093500 1527813300 2030 16
20180601094000 1527813600 2030 516
20180601095000 1527814200 2030 16
20180601095500 1527814500 2030 16
20180601100500 1527815100 2030 16
20180601101000 1527815400 2030 44
20180601102000 1527816000 2030 16
20180601102500 1527816300 2030 16
20180601103000 1527816600 2030 516
20180601104000 1527817200 2030 16
20180601104500 1527817500 2030 16
20180601105500 1527818100 2030 16
20180601110000 1527818400 2030 16
20180601111000 1527819000 2030 16
20180601111500 1527819300 2030 1516
20180601112000 1527819600 2030 16
20180601113000 1527820200 2030 16
20180601113500 1527820500 2030 16
20180601114500 1527821100 2030 16
20180601115000 1527821400 2030 16
20180601120000 1527822000 2030 16
20180601120500 1527822300 2030 16
20180601121000 1527822600 2030 16
20180601121500 1527822900 2030 2000
20180601122000 1527823200 2030 645
20180601122500 1527823500 2030 16
20180601123500 1527824100 2030 16
20180601124000 1527824400 2030 16
20180601125000 1527825000 2030 16
20180601125500 1527825300 2030 16
20180601130500 1527825900 2030 16
20180601131000 1527826200 2030 16
20180601131500 1527826500 2030 16
20180601132500 1527827100 2030 16
20180601133000 1527827400 2030 16
20180601133500 1527827700 2025 185
20180601134000 1527828000 2030 72
20180601134500 1527828300 2030 726
20180601135000 1527828600 2030 1000
20180601135500 1527828900 2030 605
20180601140000 1527829200 2030 16
20180601140500 1527829500 2030 16
20180601141500 1527830100 2030 16
20180601142000 1527830400 2030 195
20180601143000 1527831000 2030 16
20180601143500 1527831300 2030 16
20180601144000 1527831600 2030 145
20180601144500 1527831900 2030 16
20180601145000 1527832200 2025 111
20180601145500 1527832500 2025 4
20180601150000 1527832800 2030 23
20180605090000 1528156800 2040 1
20180605095500 1528160100 2040 3000
20180605101500 1528161300 2015 1
20180605102000 1528161600 2035 1
20180605130000 1528171200 2020 100
20180605133000 1528173000 2035 1
20180605134000 1528173600 2030 1023
20180605134500 1528173900 2020 22
20180605135000 1528174200 2030 1
20180605140000 1528174800 2030 2
20180605141000 1528175400 2020 143
20180605141500 1528175700 2030 51
20180605143500 1528176900 2025 2
20180605144000 1528177200 2020 65
20180605144500 1528177500 2035 14
20180605145000 1528177800 2025 8
20180605150500 1528178700 2035 1
20180607090000 1528329600 2050 5002
20180607091500 1528330500 2035 150
20180607092000 1528330800 2050 46
20180607092500 1528331100 2050 45
20180607093500 1528331700 2035 146
20180607094000 1528332000 2035 44
20180607094500 1528332300 2035 150
20180607095000 1528332600 2050 45
20180607095500 1528332900 2020 43
20180607100000 1528333200 2020 44
20180607100500 1528333500 2020 50
20180607101000 1528333800 2050 45
20180607101500 1528334100 2020 44
20180607102000 1528334400 2020 45
20180607103000 1528335000 2020 44
20180607103500 1528335300 2050 45
20180607104500 1528335900 2020 44
20180607105000 1528336200 2050 48
20180607105500 1528336500 2020 43
20180607110500 1528337100 2050 45
20180607111000 1528337400 2050 45
20180607111500 1528337700 2020 44
20180607112500 1528338300 2020 94
20180607113000 1528338600 2020 44
20180607114000 1528339200 2020 44
20180607114500 1528339500 2020 44
20180607115000 1528339800 2020 44
20180607120000 1528340400 2020 44
20180607120500 1528340700 2020 43
20180607121000 1528341000 2020 44
20180607122000 1528341600 2025 44
20180607122500 1528341900 2025 44
20180607123500 1528342500 2025 44
20180607124000 1528342800 2025 44
20180607124500 1528343100 2025 44
20180607125500 1528343700 2025 44
20180607130000 1528344000 2025 44
20180607130500 1528344300 2025 44
20180607131500 1528344900 2025 43
20180607132000 1528345200 2025 44
20180607133000 1528345800 2025 44
20180607133500 1528346100 2025 44
20180607134000 1528346400 2030 44
20180607134500 1528346700 2050 1
20180607135000 1528347000 2050 45
20180607135500 1528347300 2050 45
20180607140000 1528347600 2030 44
20180607140500 1528347900 2050 1
20180607141000 1528348200 2025 44
20180607141500 1528348500 2030 43
20180607143000 1528349400 2030 89
20180607143500 1528349700 2030 45
20180607144000 1528350000 2050 1
20180607144500 1528350300 2030 44
20180607145000 1528350600 2030 43
20180607145500 1528350900 2050 1
20180607150000 1528351200 2050 45
20180612090000 1528761600 2010 25
20180612090500 1528761900 2010 9
20180612091000 1528762200 2020 19
20180612091500 1528762500 2045 18
20180612092000 1528762800 2020 42
20180612092500 1528763100 2045 51
20180612093000 1528763400 2025 9
20180612093500 1528763700 2025 10
20180612094000 1528764000 2020 29
20180612094500 1528764300 2020 274
20180612095000 1528764600 2020 9
20180612095500 1528764900 2020 50
20180612100000 1528765200 2025 43
20180612100500 1528765500 2020 9
20180612101000 1528765800 2020 54
20180612101500 1528766100 2020 53
20180612102000 1528766400 2020 41
20180612102500 1528766700 2025 13
20180612103000 1528767000 2020 77
20180612103500 1528767300 2020 41
20180612104000 1528767600 2025 19
20180612104500 1528767900 2020 18
20180612105000 1528768200 2025 42
20180612105500 1528768500 2020 19
20180612110000 1528768800 2020 72
20180612110500 1528769100 2040 55
20180612111000 1528769400 2020 51
20180612111500 1528769700 2020 40
20180612112000 1528770000 2020 18
20180612112500 1528770300 2020 50
20180612113000 1528770600 2020 41
20180612113500 1528770900 2020 18
20180612114000 1528771200 2020 50
20180612114500 1528771500 2020 40
20180612115000 1528771800 2020 50
20180612115500 1528772100 2020 19
20180612120000 1528772400 2020 40
20180612120500 1528772700 2020 50
20180612121000 1528773000 2020 50
20180612121500 1528773300 2020 9
20180612122000 1528773600 2025 50
20180612122500 1528773900 2025 50
20180612123000 1528774200 2030 1
20180612123500 1528774500 2025 19
20180612124000 1528774800 2025 82
20180612124500 1528775100 2025 40
20180612125000 1528775400 2025 18
20180612125500 1528775700 2025 61
20180612130000 1528776000 2025 32
20180612130500 1528776300 2040 1
20180612131000 1528776600 2025 32
20180612131500 1528776900 2025 32
20180612132000 1528777200 2040 1
20180612132500 1528777500 2025 32
20180612133000 1528777800 2040 33
20180612133500 1528778100 2040 50
20180612134500 1528778700 2025 64
20180612135000 1528779000 2040 1
20180612140000 1528779600 2040 65
20180612141000 1528780200 2025 64
20180612141500 1528780500 2025 32
20180612142000 1528780800 2040 1
20180612143000 1528781400 2025 64
20180612143500 1528781700 2040 1
20180612144000 1528782000 2025 32
20180612144500 1528782300 2040 1
20180612145500 1528782900 2020 96
20180612150000 1528783200 2040 2
20180614090000 1528934400 2045 1
20180614140500 1528952700 2025 123
20180614141500 1528953300 2030 1
20180615092500 1529022300 2030 105
20180615093000 1529022600 2030 15
20180615093500 1529022900 2030 30
20180615094000 1529023200 2030 15
20180615094500 1529023500 2030 30
20180615095000 1529023800 2030 15
20180615095500 1529024100 2030 15
20180615100000 1529024400 2030 30
20180615100500 1529024700 2030 15
20180615101000 1529025000 2030 30
20180615101500 1529025300 2030 15
20180615102000 1529025600 2030 15
20180615102500 1529025900 2030 30
20180615103000 1529026200 2030 15
20180615103500 1529026500 2030 30
20180615104000 1529026800 2030 15
20180615104500 1529027100 2030 15
20180615105000 1529027400 2030 30
20180615105500 1529027700 2030 15
20180615110000 1529028000 2030 30
20180615110500 1529028300 2030 15
20180615111000 1529028600 2030 15
20180615111500 1529028900 2030 30
20180615112000 1529029200 2030 15
20180615112500 1529029500 2030 30
20180615113000 1529029800 2030 15
20180615113500 1529030100 2030 759
20180615114000 1529030400 2030 30
20180615114500 1529030700 2030 15
20180615115000 1529031000 2030 30
20180615115500 1529031300 2030 15
20180615120000 1529031600 2030 15
20180615120500 1529031900 2030 30
20180615121000 1529032200 2030 15
20180615121500 1529032500 2030 30
20180615122000 1529032800 2030 15
20180615122500 1529033100 2030 15
20180615123000 1529033400 2030 30
20180615123500 1529033700 2030 16
20180615124000 1529034000 2030 31
20180615124500 1529034300 2030 15
20180615125000 1529034600 2030 15
20180615125500 1529034900 2030 30
20180615130000 1529035200 2030 15
20180615130500 1529035500 2030 30
20180615131000 1529035800 2030 15
20180615131500 1529036100 2030 15
20180615132000 1529036400 2030 30
20180615132500 1529036700 2030 15
20180615133000 1529037000 2050 32
20180615133500 1529037300 2030 15
20180615134000 1529037600 2030 15
20180615134500 1529037900 2050 31
20180615135000 1529038200 2050 16
20180615135500 1529038500 2030 30
20180615140000 1529038800 2050 17
20180615140500 1529039100 2030 15
20180615141000 1529039400 2030 31
20180615141500 1529039700 2030 15
20180615142000 1529040000 2030 32
20180615142500 1529040300 2050 16
20180615143000 1529040600 2050 16
20180615143500 1529040900 2030 31
20180615144000 1529041200 2030 15
20180615144500 1529041500 2030 31
20180615145000 1529041800 2030 15
20180615145500 1529042100 2030 16
20180615150000 1529042400 2045 16
20180620090000 1529452800 2050 1
20180620091500 1529453700 2045 1
20180620092000 1529454000 2045 3
20180620145000 1529473800 2015 3
20180620145500 1529474100 2040 2
20180621090000 1529539200 2050 1
20180621093000 1529541000 2040 10
20180621094000 1529541600 2050 1
20180621103000 1529544600 2040 350
20180621104000 1529545200 2050 1
20180621115500 1529549700 2040 247
20180621120500 1529550300 2040 50
20180621123000 1529551800 2040 214
20180621123500 1529552100 2040 3
20180621124500 1529552700 2045 1
20180621140500 1529557500 2040 387
20180621141000 1529557800 2045 1
20180622095500 1529628900 2045 15
20180622100000 1529629200 2045 30
20180622100500 1529629500 2045 15
20180622101000 1529629800 2045 30
20180622101500 1529630100 2045 15
20180622102000 1529630400 2045 30
20180622102500 1529630700 2045 30
20180622103000 1529631000 2045 15
20180622103500 1529631300 2045 30
20180622104000 1529631600 2045 30
20180622104500 1529631900 2045 15
20180622105000 1529632200 2045 30
20180622105500 1529632500 2045 30
20180622110000 1529632800 2045 15
20180622110500 1529633100 2045 30
20180622111000 1529633400 2045 30
20180622111500 1529633700 2045 15
20180622112000 1529634000 2045 30
20180622112500 1529634300 2045 15
20180622113000 1529634600 2045 30
20180622113500 1529634900 2045 30
20180622114000 1529635200 2045 15
20180622114500 1529635500 2045 30
20180622115000 1529635800 2045 30
20180622115500 1529636100 2045 15
20180622120000 1529636400 2045 30
20180622120500 1529636700 2045 30
20180622121000 1529637000 2045 15
20180622121500 1529637300 2045 30
20180622122000 1529637600 2045 30
20180622122500 1529637900 2045 15
20180622123000 1529638200 2045 30
20180622123500 1529638500 2045 15
20180622124000 1529638800 2045 30
20180622124500 1529639100 2045 30
20180622125000 1529639400 2045 15
20180622125500 1529639700 2045 30
20180622130000 1529640000 2045 30
20180622130500 1529640300 2045 15
20180622131000 1529640600 2045 30
20180622131500 1529640900 2045 30
20180622132000 1529641200 2045 15
20180622132500 1529641500 2045 30
20180622135000 1529643000 2045 30
20180622135500 1529643300 2045 30
20180622140000 1529643600 2045 15
20180622140500 1529643900 2045 30
20180622141000 1529644200 2045 42
20180622141500 1529644500 2045 21
20180622142000 1529644800 2045 42
20180622142500 1529645100 2045 40
20180622143000 1529645400 2045 20
20180622143500 1529645700 2040 40
20180622144000 1529646000 2040 40
20180622144500 1529646300 2040 20
20180622145000 1529646600 2040 40
20180622145500 1529646900 2040 20
20180622150000 1529647200 2040 20
20180625090000 1529884800 2050 5
20180625094000 1529887200 2050 28
20180625095500 1529888100 2035 346
20180625100000 1529888400 2050 1
20180625134000 1529901600 2045 770
20180625134500 1529901900 2050 1
20180625151000 1529907000 2045 250
20180625151500 1529907300 2050 1
20180626090000 1529971200 2060 1
20180626092000 1529972400 2050 76
20180627090000 1530057600 2055 1
20180627094000 1530060000 2040 900
20180627094500 1530060300 2055 1
20180627111000 1530065400 2015 1
20180627111500 1530065700 2055 2
20180627122500 1530069900 2010 1912
20180627130500 1530072300 2045 1
20180627134500 1530074700 2015 461
20180627135000 1530075000 2015 60
20180627135500 1530075300 2015 60
20180627140000 1530075600 2015 61
20180627140500 1530075900 2015 60
20180627141000 1530076200 2015 61
20180627141500 1530076500 2015 60
20180627142000 1530076800 2015 60
20180627142500 1530077100 2015 60
20180627143000 1530077400 2015 60
20180627143500 1530077700 2015 60
20180627144000 1530078000 2015 30
20180627144500 1530078300 2015 60
20180627145000 1530078600 2045 61
20180627145500 1530078900 2015 60
20180627150000 1530079200 2045 31
20180709090000 1531094400 2030 7
20180709090500 1531094700 2030 46
20180709091000 1531095000 2030 52
20180709091500 1531095300 2030 66
20180709092000 1531095600 2030 59
20180709092500 1531095900 2030 72
20180709093000 1531096200 2035 47
20180709093500 1531096500 2035 73
20180709094000 1531096800 2030 46
20180709094500 1531097100 2030 55
20180709095000 1531097400 2035 57
20180709095500 1531097700 2035 65
20180709100000 1531098000 2035 55
20180709101000 1531098600 2035 30
20180709101500 1531098900 2050 28
20180709134000 1531111200 2035 10000
20180709134500 1531111500 2050 1
20180709140000 1531112400 2035 495
20180709141000 1531113000 2050 1
20180710091000 1531181400 2030 38
20180710091500 1531181700 2045 19
20180710092000 1531182000 2035 4
20180710092500 1531182300 2030 36
20180710093000 1531182600 2030 37
20180710093500 1531182900 2035 35
20180710094000 1531183200 2035 30
20180710094500 1531183500 2035 36
20180710095000 1531183800 2035 33
20180710095500 1531184100 2030 28
20180710100000 1531184400 2030 23
20180710100500 1531184700 2030 36
20180710101000 1531185000 2030 28
20180710101500 1531185300 2030 36
20180710102000 1531185600 2030 36
20180710102500 1531185900 2035 32
20180710103000 1531186200 2030 18
20180710103500 1531186500 2030 51
20180710104000 1531186800 2035 22
20180710104500 1531187100 2030 35
20180710105000 1531187400 2050 25
20180710105500 1531187700 2035 22
20180710110000 1531188000 2030 14
20180710110500 1531188300 2035 6
20180710111000 1531188600 2030 28
20180710111500 1531188900 2050 10
20180710112500 1531189500 2055 3
20180710115500 1531191300 2050 1
20180710120500 1531191900 2045 53
20180710121500 1531192500 2045 8
20180710122000 1531192800 2045 8
20180710123000 1531193400 2045 8
20180710123500 1531193700 2045 8
20180710124000 1531194000 2045 8
20180710125000 1531194600 2045 8
20180710125500 1531194900 2045 8
20180710130500 1531195500 2045 8
20180710131000 1531195800 2045 8
20180710132000 1531196400 2045 8
20180710132500 1531196700 2045 8
20180710133000 1531197000 2045 8
20180710134000 1531197600 2045 8
20180710134500 1531197900 2045 8
20180710135500 1531198500 2045 8
20180710140000 1531198800 2045 72
20180711091000 1531267800 2055 1
20180711095000 1531270200 2055 27
20180711135500 1531284900 2050 997
20180711140000 1531285200 2050 1000
20180711140500 1531285500 2050 2000
20180711141000 1531285800 2055 1002
20180711141500 1531286100 2050 1000
20180711142500 1531286700 2050 336
20180711143000 1531287000 2050 500
20180711145000 1531288200 2050 301
20180711145500 1531288500 2045 241
20180711150500 1531289100 2050 1
20180712090000 1531353600 2055 1
20180712091000 1531354200 2045 300
20180712091500 1531354500 2050 1
20180712095500 1531356900 2050 16
20180712102000 1531358400 2045 16
20180712102500 1531358700 2050 29
20180712103000 1531359000 2045 1045
20180712104000 1531359600 2050 1
20180712110500 1531361100 2040 5439
20180712111000 1531361400 2040 500
20180712140000 1531371600 2035 5000
20180712144000 1531374000 2040 15
20180712150500 1531375500 2040 2
20180712151500 1531376100 2050 45
20180713090000 1531440000 2055 1
20180713093000 1531441800 2035 28
20180713094000 1531442400 2050 1
20180713105500 1531446900 2035 5000
20180713111500 1531448100 2040 300
20180713112000 1531448400 2040 600
20180713112500 1531448700 2040 499
20180713113000 1531449000 2040 200
20180713113500 1531449300 2040 1586
20180713120000 1531450800 2040 1414
20180713120500 1531451100 2040 250
20180713121000 1531451400 2040 2000
20180713124500 1531453500 2040 650
20180713132500 1531455900 2040 2000
20180713133500 1531456500 2055 1
20180713134000 1531456800 2040 300
20180713134500 1531457100 2040 257
20180713142000 1531459200 2045 1
20180713145500 1531461300 2045 4433
20180713153000 1531463400 2045 566
20180716090500 1531699500 2045 67
20180716091000 1531699800 2045 111
20180716091500 1531700100 2045 123
20180716092000 1531700400 2045 88
20180716092500 1531700700 2045 111
20180716093000 1531701000 2045 88
20180716093500 1531701300 2045 116
20180716094000 1531701600 2045 92
20180716094500 1531701900 2045 111
20180716095000 1531702200 2045 92
20180716095500 1531702500 2045 112
20180716100000 1531702800 2045 84
20180716100500 1531703100 2045 44
20180716101000 1531703400 2045 5
20180716102000 1531704000 2045 500
20180716105500 1531706100 2045 250
20180716110000 1531706400 2045 1391
20180716110500 1531706700 2045 109
20180716124500 1531712700 2050 14
20180716125500 1531713300 2045 945
20180716130500 1531713900 2045 1546
20180716140000 1531717200 2035 9300
20180716153000 1531722600 2045 687
20180717090000 1531785600 2035 50
20180717090500 1531785900 2035 106
20180717091000 1531786200 2035 142
20180717091500 1531786500 2035 118
20180717092000 1531786800 2035 129
20180717092500 1531787100 2035 113
20180717093000 1531787400 2035 141
20180717093500 1531787700 2035 130
20180717094000 1531788000 2035 147
20180717094500 1531788300 2035 89
20180717095000 1531788600 2035 158
20180717095500 1531788900 2035 115
20180717100000 1531789200 2035 30
20180717120000 1531796400 2040 5000
20180717131500 1531800900 2040 1453
20180717142000 1531804800 2040 2347
20180717143000 1531805400 2040 653
20180717150500 1531807500 2040 3000
20180717153000 1531809000 2040 1418
20180718090000 1531872000 2040 26
20180718090500 1531872300 2040 42
20180718091000 1531872600 2040 47
20180718091500 1531872900 2040 42
20180718092000 1531873200 2040 47
20180718092500 1531873500 2040 74
20180718093000 1531873800 2040 62
20180718093500 1531874100 2040 87
20180718094000 1531874400 2040 82
20180718094500 1531874700 2040 67
20180718095000 1531875000 2040 81
20180718095500 1531875300 2040 67
20180718100000 1531875600 2040 82
20180718100500 1531875900 2040 67
20180718101000 1531876200 2040 82
20180718101500 1531876500 2040 67
20180718102000 1531876800 2040 82
20180718102500 1531877100 2040 67
20180718103000 1531877400 2040 87
20180718103500 1531877700 2040 61
20180718104000 1531878000 2040 87
20180718104500 1531878300 2040 82
20180718105000 1531878600 2040 67
20180718105500 1531878900 2040 57
20180718110000 1531879200 2040 33
20180718125500 1531886100 2040 1
20180719100000 1531962000 2040 1
20180719100500 1531962300 2040 57
20180719101000 1531962600 2040 59
20180719101500 1531962900 2040 117
20180719102000 1531963200 2040 154
20180719102500 1531963500 2040 118
20180719103000 1531963800 2040 140
20180719103500 1531964100 2040 153
20180719104000 1531964400 2040 117
20180719104500 1531964700 2040 123
20180719105000 1531965000 2040 121
20180719105500 1531965300 2040 152
20180719110000 1531965600 2040 225
20180719110500 1531965900 2040 37
20180719111000 1531966200 2040 19
20180720092000 1532046000 2035 30
20180720092500 1532046300 2035 120
20180720093000 1532046600 2035 60
20180720093500 1532046900 2035 180
20180720094000 1532047200 2035 180
20180720094500 1532047500 2035 60
20180720095000 1532047800 2035 120
20180720095500 1532048100 2035 180
20180720100000 1532048400 2035 60
20180720100500 1532048700 2035 120
20180720101000 1532049000 2035 150
20180720101500 1532049300 2035 90
20180720102000 1532049600 2035 120
20180720102500 1532049900 2035 30
20180723092000 1532305200 2055 1
20180723101000 1532308200 2040 1
20180723101500 1532308500 2055 1
20180723104000 1532310000 2055 11
20180723104500 1532310300 2055 22
20180723105000 1532310600 2055 22
20180723105500 1532310900 2055 11
20180723110000 1532311200 2055 22
20180723110500 1532311500 2055 22
20180723111000 1532311800 2055 22
20180723111500 1532312100 2055 22
20180723112000 1532312400 2055 11
20180723112500 1532312700 2055 22
20180723113000 1532313000 2055 22
20180723113500 1532313300 2055 22
20180723114000 1532313600 2055 22
20180723114500 1532313900 2055 11
20180723115000 1532314200 2055 27
20180723115500 1532314500 2055 22
20180723120000 1532314800 2055 22
20180723120500 1532315100 2055 22
20180723121000 1532315400 2055 22
20180723121500 1532315700 2055 11
20180723122000 1532316000 2055 22
20180723122500 1532316300 2055 22
20180723123000 1532316600 2055 22
20180723123500 1532316900 2055 22
20180723124000 1532317200 2055 11
20180723124500 1532317500 2055 22
20180723125000 1532317800 2055 22
20180723125500 1532318100 2055 22
20180723130000 1532318400 2055 22
20180723130500 1532318700 2055 11
20180723131000 1532319000 2055 22
20180723131500 1532319300 2055 22
20180723132000 1532319600 2055 22
20180723132500 1532319900 2055 22
20180723133000 1532320200 2055 11
20180723133500 1532320500 2055 22
20180723134000 1532320800 2055 22
20180723134500 1532321100 2055 22
20180723135000 1532321400 2055 22
20180723135500 1532321700 2055 11
20180723140000 1532322000 2055 22
20180723140500 1532322300 2055 22
20180723141000 1532322600 2055 22
20180723141500 1532322900 2055 22
20180723142000 1532323200 2055 22
20180723142500 1532323500 2040 212
20180723143000 1532323800 2040 225
20180723143500 1532324100 2040 222
20180723144000 1532324400 2055 182
20180723144500 1532324700 2055 63
20180723145000 1532325000 2055 11
20180723145500 1532325300 2055 22
20180723150000 1532325600 2055 22
20180724090000 1532390400 2040 26
20180724090500 1532390700 2040 18
20180724091000 1532391000 2040 19
20180724091500 1532391300 2065 120
20180724092000 1532391600 2040 19
20180724092500 1532391900 2040 19
20180724093000 1532392200 2040 9
20180724093500 1532392500 2040 19
20180724094000 1532392800 2040 18
20180724094500 1532393100 2040 18
20180724095000 1532393400 2040 18
20180724095500 1532393700 2040 21
20180724100000 1532394000 2040 18
20180724100500 1532394300 2040 9
20180724101000 1532394600 2040 18
20180724101500 1532394900 2040 19
20180724102000 1532395200 2040 18
20180724102500 1532395500 2040 18
20180724103000 1532395800 2040 20
20180724103500 1532396100 2040 21
20180724104000 1532396400 2040 9
20180724104500 1532396700 2040 19
20180724105000 1532397000 2040 18
20180724105500 1532397300 2040 20
20180724110000 1532397600 2040 19
20180724110500 1532397900 2040 18
20180724111000 1532398200 2040 18
20180724111500 1532398500 2040 9
20180724112000 1532398800 2040 19
20180724112500 1532399100 2045 18
20180724113000 1532399400 2045 18
20180724113500 1532399700 2045 19
20180724114000 1532400000 2045 18
20180724114500 1532400300 2045 18
20180724115000 1532400600 2045 9
20180724115500 1532400900 2045 18
20180724120000 1532401200 2045 19
20180724120500 1532401500 2045 18
20180724121000 1532401800 2045 18
20180724121500 1532402100 2045 19
20180724122000 1532402400 2045 18
20180724122500 1532402700 2045 9
20180724123000 1532403000 2045 18
20180724123500 1532403300 2045 19
20180724124000 1532403600 2055 20
20180724124500 1532403900 2045 18
20180724125000 1532404200 2045 18
20180724125500 1532404500 2045 19
20180724151500 1532412900 2045 93
20180725090000 1532476800 2060 1
20180725094500 1532479500 2045 1
20180725095000 1532479800 2060 1
20180725124000 1532490000 2050 1469
20180725135000 1532494200 2060 1
20180725143000 1532496600 2055 1255
20180725144000 1532497200 2050 5131
20180725145000 1532497800 2060 1
20180725151500 1532499300 2060 2301
20180727093500 1532651700 2070 1
20180727094500 1532652300 2050 27
20180727111000 1532657400 2050 3573
20180727142000 1532668800 2045 6600
20180727144500 1532670300 2055 10715
20180730090500 1532909100 2045 5000
20180730092000 1532910000 2055 1
20180730102500 1532913900 2055 100
20180730131000 1532923800 2045 97
20180730132000 1532924400 2055 1
20180731094000 1532997600 2045 27
20180731094500 1532997900 2055 1
20180731105500 1533002100 2055 1266
20180731115000 1533005400 2055 1000
20180731130500 1533009900 2065 1
20180731140000 1533013200 2055 1949
20180731140500 1533013500 2065 5
20180801092500 1533083100 2045 1
20180801093000 1533083400 2065 1
20180801095500 1533084900 2065 98
20180801153000 1533105000 2065 1
20180802105500 1533174900 2055 2019
20180802110000 1533175200 2050 892
20180802110500 1533175500 2060 1
20180802114000 1533177600 2050 300
20180802125500 1533182100 2060 1
20180802132500 1533183900 2060 2000
20180802151500 1533190500 2060 808
20180803091000 1533255000 2060 200
20180803095500 1533257700 2050 1
20180803100000 1533258000 2050 28
20180803110000 1533261600 2060 1
20180803141500 1533273300 2050 1
20180803144000 1533274800 2060 1
20180803150000 1533276000 2045 15050
20180808090000 1533686400 2060 1
20180808091500 1533687300 2050 1
20180808094000 1533688800 2060 1
20180808124000 1533699600 2060 50
20180808125500 1533700500 2060 1
20180808130000 1533700800 2060 1
20180809092500 1533774300 2060 27
20180809093000 1533774600 2060 24
20180809093500 1533774900 2060 24
20180809094000 1533775200 2060 24
20180809095000 1533775800 2060 24
20180809095500 1533776100 2060 24
20180809100000 1533776400 2060 1024
20180809101000 1533777000 2060 24
20180809101500 1533777300 2060 24
20180809102000 1533777600 2060 24
20180809102500 1533777900 2060 203
20180809104500 1533779100 2075 1
20180809133500 1533789300 2060 1047
20180809135000 1533790200 2070 1
20180810111500 1533867300 2050 1
20180810122500 1533871500 2070 1
20180810151000 1533881400 2070 9
20180813093000 1534120200 2070 18
20180813094000 1534120800 2070 18
20180813094500 1534121100 2070 18
20180813095000 1534121400 2070 18
20180813100000 1534122000 2070 18
20180813100500 1534122300 2070 19
20180813101000 1534122600 2070 18
20180813102000 1534123200 2070 18
20180813102500 1534123500 2070 18
20180813103000 1534123800 2070 18
20180813104000 1534124400 2070 18
20180813104500 1534124700 2070 18
20180813105000 1534125000 2070 18
20180813110000 1534125600 2070 18
20180813110500 1534125900 2070 18
20180813111000 1534126200 2070 18
20180813112000 1534126800 2070 18
20180813112500 1534127100 2070 18
20180813113000 1534127400 2070 18
20180813114000 1534128000 2070 18
20180813114500 1534128300 2070 18
20180813115000 1534128600 2070 18
20180813120000 1534129200 2070 18
20180813120500 1534129500 2070 18
20180813121000 1534129800 2070 18
20180813122000 1534130400 2070 18
20180813122500 1534130700 2070 18
20180813123000 1534131000 2070 18
20180813124000 1534131600 2070 18
20180813124500 1534131900 2070 18
20180813125000 1534132200 2070 18
20180813130000 1534132800 2070 18
20180813130500 1534133100 2070 18
20180813131000 1534133400 2070 130
20180813132000 1534134000 2070 18
20180813132500 1534134300 2070 18
20180813133000 1534134600 2070 18
20180813134000 1534135200 2070 18
20180813134500 1534135500 2070 18
20180813135000 1534135800 2070 18
20180813140000 1534136400 2070 18
20180813140500 1534136700 2070 18
20180813141000 1534137000 2070 18
20180813142000 1534137600 2070 18
20180813142500 1534137900 2070 18
20180813143000 1534138200 2070 18
20180813144000 1534138800 2070 18
20180813144500 1534139100 2070 18
20180813145000 1534139400 2070 36
20180814090500 1534205100 2075 1
20180814092000 1534206000 2045 1
20180814093000 1534206600 2075 1
20180816094500 1534380300 2050 1
20180816095000 1534380600 2070 1
20180817094500 1534466700 2050 1
20180817095500 1534467300 2070 1
20180817131000 1534479000 2060 1000
20180817134500 1534481100 2070 1
20180817150000 1534485600 2070 2001
20180820090000 1534723200 2070 1000
20180820145000 1534744200 2070 1000
20180821090000 1534809600 2075 1
20180821104500 1534815900 2075 8
20180821110500 1534817100 2075 53
20180821111000 1534817400 2075 9
20180821111500 1534817700 2075 17
20180821112000 1534818000 2075 9
20180821112500 1534818300 2070 3017
20180821113000 1534818600 2070 9
20180821113500 1534818900 2070 18
20180821114000 1534819200 2070 8
20180821114500 1534819500 2070 9
20180821115000 1534819800 2070 18
20180821115500 1534820100 2070 8
20180821120000 1534820400 2070 19
20180821120500 1534820700 2070 9
20180821121000 1534821000 2070 17
20180821121500 1534821300 2070 9
20180821122000 1534821600 2070 17
20180821122500 1534821900 2070 9
20180821123000 1534822200 2070 18
20180821123500 1534822500 2070 8
20180821124000 1534822800 2070 18
20180821124500 1534823100 2070 9
20180821125000 1534823400 2070 17
20180821125500 1534823700 2070 9
20180821130000 1534824000 2070 17
20180821130500 1534824300 2070 9
20180821131000 1534824600 2070 18
20180821131500 1534824900 2070 8
20180821132000 1534825200 2070 18
20180821132500 1534825500 2070 9
20180821133000 1534825800 2070 8
20180821133500 1534826100 2070 18
20180821134000 1534826400 2070 9
20180821134500 1534826700 2070 17
20180821135000 1534827000 2070 9
20180821135500 1534827300 2070 17
20180821140000 1534827600 2070 9
20180821140500 1534827900 2070 18
20180821141000 1534828200 2070 8
20180821141500 1534828500 2070 18
20180821142000 1534828800 2070 9
20180821142500 1534829100 2070 17
20180821143000 1534829400 2070 9
20180821143500 1534829700 2070 17
20180821144000 1534830000 2060 924
20180821144500 1534830300 2075 347
20180821145000 1534830600 2075 8
20180821145500 1534830900 2075 18
20180821150000 1534831200 2075 9
20180828090000 1535414400 2085 301
20180828092000 1535415600 2075 1022
20180828093500 1535416500 2085 2
20180828104000 1535420400 2075 1268
20180828104500 1535420700 2085 1
20180828123000 1535427000 2080 1
20180829090500 1535501100 2085 1
20180829103500 1535506500 2080 134
20180829104500 1535507100 2080 16
20180829105500 1535507700 2080 17
20180829111000 1535508600 2080 17
20180829112000 1535509200 2080 16
20180829113500 1535510100 2080 17
20180829114500 1535510700 2080 17
20180829115500 1535511300 2080 16
20180829121000 1535512200 2080 17
20180829122000 1535512800 2080 17
20180829123500 1535513700 2080 16
20180829124500 1535514300 2080 17
20180829125500 1535514900 2080 17
20180829131000 1535515800 2080 16
20180829132000 1535516400 2080 17
20180829133500 1535517300 2080 17
20180829134500 1535517900 2080 16
20180829135500 1535518500 2080 17
20180829141000 1535519400 2080 1011
20180829142000 1535520000 2080 16
20180829143500 1535520900 2080 17
20180829144500 1535521500 2080 16
20180829150000 1535522400 2080 17
20180831090000 1535673600 2085 100
20180831090500 1535673900 2090 1
20180831111500 1535681700 2090 1
20180831130000 1535688000 2075 17
20180831133000 1535689800 2090 1
20180831142000 1535692800 2085 500
20180831150500 1535695500 2085 500
20180903095500 1535936100 2090 1
20180903100500 1535936700 2075 17
20180903102000 1535937600 2075 8
20180903102500 1535937900 2075 6
20180903103000 1535938200 2075 6
20180903103500 1535938500 2075 3
20180903104000 1535938800 2090 7
20180903104500 1535939100 2075 6
20180903105000 1535939400 2090 4
20180903110000 1535940000 2075 12
20180903110500 1535940300 2075 6
20180903111000 1535940600 2075 3
20180903111500 1535940900 2075 6
20180903112000 1535941200 2075 6
20180903112500 1535941500 2075 3
20180903113000 1535941800 2075 6
20180903113500 1535942100 2075 6
20180903114000 1535942400 2075 3
20180903114500 1535942700 2075 6
20180903115000 1535943000 2075 6
20180903115500 1535943300 2075 6
20180903120000 1535943600 2075 3
20180903120500 1535943900 2075 6
20180903121000 1535944200 2075 6
20180903121500 1535944500 2075 3
20180903122000 1535944800 2075 6
20180903122500 1535945100 2075 6
20180903123000 1535945400 2075 6
20180903123500 1535945700 2075 3
20180903124000 1535946000 2075 6
20180903124500 1535946300 2075 6
20180903125000 1535946600 2075 3
20180903125500 1535946900 2075 6
20180903130000 1535947200 2075 6
20180903130500 1535947500 2075 6
20180903131000 1535947800 2090 4
20180903131500 1535948100 2075 6
20180903132000 1535948400 2090 4
20180903132500 1535948700 2075 6
20180903133000 1535949000 2075 6
20180903133500 1535949300 2075 6
20180903134000 1535949600 2090 4
20180903134500 1535949900 2075 6
20180903135000 1535950200 2090 4
20180903135500 1535950500 2075 10
20180903140000 1535950800 2075 3
20180903140500 1535951100 2090 7
20180903141000 1535951400 2075 6
20180903141500 1535951700 2075 3
20180903142000 1535952000 2090 7
20180903143000 1535952600 2075 12
20180903143500 1535952900 2075 3
20180903144000 1535953200 2075 6
20180903144500 1535953500 2075 6
20180903145000 1535953800 2075 3
20180903145500 1535954100 2075 6
20180903150000 1535954400 2075 6
20180905090000 1536105600 2095 212
20180905091000 1536106200 2100 1
20180905091500 1536106500 2100 2699
20180905092000 1536106800 2105 1
20180905092500 1536107100 2105 327
20180905093000 1536107400 2100 6
20180905093500 1536107700 2100 3
20180905094000 1536108000 2100 6
20180905094500 1536108300 2100 3
20180905095000 1536108600 2100 6
20180905095500 1536108900 2100 4
20180905100000 1536109200 2100 30
20180905100500 1536109500 2105 136
20180905101000 1536109800 2100 3
20180905101500 1536110100 2100 6
20180905102000 1536110400 2100 3
20180905102500 1536110700 2100 6
20180905103000 1536111000 2100 3
20180905103500 1536111300 2100 6
20180905104000 1536111600 2100 3
20180905104500 1536111900 2100 3
20180905105000 1536112200 2100 2211
20180905105500 1536112500 2095 3
20180905110000 1536112800 2095 6
20180905110500 1536113100 2100 4747
20180905111000 1536113400 2100 6
20180905111500 1536113700 2110 703
20180905112000 1536114000 2100 6
20180905112500 1536114300 2100 3
20180905113000 1536114600 2100 3
20180905113500 1536114900 2100 6
20180905114000 1536115200 2100 3
20180905114500 1536115500 2100 6
20180905115000 1536115800 2100 103
20180905115500 1536116100 2100 6
20180905120000 1536116400 2100 3
20180905120500 1536116700 2100 6
20180905121000 1536117000 2100 3
20180905121500 1536117300 2100 3
20180905122000 1536117600 2100 6
20180905122500 1536117900 2100 3
20180905123000 1536118200 2100 6
20180905123500 1536118500 2100 3
20180905124000 1536118800 2100 6
20180905124500 1536119100 2100 3
20180905125000 1536119400 2100 6
20180905125500 1536119700 2100 3
20180905130000 1536120000 2100 3
20180905130500 1536120300 2110 7
20180905131000 1536120600 2100 26
20180905131500 1536120900 2100 7
20180905132000 1536121200 2100 3
20180905132500 1536121500 2100 6
20180905133000 1536121800 2100 3
20180905133500 1536122100 2100 6
20180905134000 1536122400 2100 3
20180905134500 1536122700 2100 3
20180905135000 1536123000 2100 6
20180905135500 1536123300 2100 3
20180905140000 1536123600 2100 286
20180905140500 1536123900 2100 4
20180905141000 1536124200 2100 6
20180905141500 1536124500 2100 3
20180905142000 1536124800 2100 6
20180905142500 1536125100 2100 3
20180905143000 1536125400 2100 3
20180905143500 1536125700 2100 6
20180905144000 1536126000 2100 3
20180905144500 1536126300 2100 7
20180905145000 1536126600 2100 3
20180905145500 1536126900 2095 6
20180905150000 1536127200 2095 3
20180907090000 1536278400 2120 1
20180907090500 1536278700 2080 4
20180907091000 1536279000 2120 1
20180907092000 1536279600 2085 16
20180907092500 1536279900 2085 4
20180907093000 1536280200 2085 4
20180907093500 1536280500 2085 8
20180907094000 1536280800 2120 1
20180907094500 1536281100 2085 12
20180907095000 1536281400 2085 31
20180907095500 1536281700 2120 55
20180907100000 1536282000 2085 8
20180907100500 1536282300 2085 4
20180907101000 1536282600 2085 4
20180907101500 1536282900 2085 8
20180907102000 1536283200 2085 4
20180907102500 1536283500 2120 5
20180907103000 1536283800 2085 8
20180907103500 1536284100 2085 4
20180907104000 1536284400 2085 8
20180907104500 1536284700 2085 10
20180907105000 1536285000 2085 4
20180907105500 1536285300 2085 8
20180907110000 1536285600 2085 4
20180907110500 1536285900 2120 10
20180907111500 1536286500 2085 8
20180907112000 1536286800 2085 8
20180907112500 1536287100 2085 4
20180907113000 1536287400 2085 4
20180907113500 1536287700 2085 8
20180907114000 1536288000 2085 4
20180907114500 1536288300 2085 8
20180907115000 1536288600 2085 4
20180907115500 1536288900 2085 4
20180907120000 1536289200 2085 8
20180907120500 1536289500 2085 4
20180907121000 1536289800 2085 4
20180907121500 1536290100 2085 8
20180907122000 1536290400 2080 10736
20180907122500 1536290700 2085 8
20180907123000 1536291000 2085 4
20180907123500 1536291300 2085 4
20180907124000 1536291600 2085 8
20180907124500 1536291900 2085 4
20180907125000 1536292200 2115 5
20180907125500 1536292500 2085 8
20180907130000 1536292800 2085 4
20180907130500 1536293100 2080 8
20180907131000 1536293400 2080 4
20180907131500 1536293700 2080 4
20180907132000 1536294000 2080 8
20180907132500 1536294300 2080 4
20180907133000 1536294600 2080 4
20180907133500 1536294900 2080 8
20180907134000 1536295200 2080 4
20180907134500 1536295500 2080 8
20180907135000 1536295800 2080 4
20180907135500 1536296100 2080 4
20180907140000 1536296400 2080 8
20180907140500 1536296700 2100 5
20180907141000 1536297000 2080 3
20180907142000 1536297600 2070 13
20180907142500 1536297900 2100 5
20180907143000 1536298200 2070 8
20180907143500 1536298500 2070 4
20180907144000 1536298800 2070 8
20180907144500 1536299100 2070 4
20180907145000 1536299400 2070 4
20180907145500 1536299700 2070 8
20180907150000 1536300000 2070 5
20180921090000 1537488000 2130 1
20180921103500 1537493700 2070 1000
20180921104000 1537494000 2110 1
20180921124500 1537501500 2075 27
20180921131500 1537503300 2085 1
20180921153000 1537511400 2075 27
20180927090500 1538006700 2080 1
20180927093000 1538008200 2075 83
20180927093500 1538008500 2075 27
20180927100000 1538010000 2080 1
20180927134000 1538023200 2080 197
20180927134500 1538023500 2100 1
20180927142500 1538025900 2100 10
20180928120500 1538103900 2075 27
20180928130500 1538107500 2100 1
20180928142000 1538112000 2075 492
20180928142500 1538112300 2095 1
20180928150500 1538114700 2100 23
20181001102500 1538357100 2100 7
20181001103000 1538357400 2100 15
20181001103500 1538357700 2100 15
20181001104000 1538358000 2100 15
20181001104500 1538358300 2100 15
20181001105000 1538358600 2100 15
20181001105500 1538358900 2100 15
20181001110000 1538359200 2100 15
20181001110500 1538359500 2100 15
20181001111000 1538359800 2100 15
20181001111500 1538360100 2100 15
20181001112000 1538360400 2100 23
20181001112500 1538360700 2100 15
20181001113000 1538361000 2100 30
20181001113500 1538361300 2100 15
20181001114000 1538361600 2100 15
20181001114500 1538361900 2100 15
20181001115000 1538362200 2100 15
20181001115500 1538362500 2100 15
20181001120000 1538362800 2100 15
20181001120500 1538363100 2100 15
20181001121000 1538363400 2100 15
20181001121500 1538363700 2100 22
20181001122000 1538364000 2100 15
20181001122500 1538364300 2100 15
20181001123000 1538364600 2100 15
20181001123500 1538364900 2100 15
20181001124000 1538365200 2100 15
20181001124500 1538365500 2100 15
20181001125000 1538365800 2100 15
20181001125500 1538366100 2100 15
20181001130000 1538366400 2100 15
20181001130500 1538366700 2100 15
20181001131000 1538367000 2100 15
20181001131500 1538367300 2100 23
20181001132000 1538367600 2100 15
20181001132500 1538367900 2100 15
20181001133000 1538368200 2100 15
20181001133500 1538368500 2100 15
20181001134000 1538368800 2100 15
20181001134500 1538369100 2100 15
20181001135000 1538369400 2100 13
20181001135500 1538369700 2095 17
20181001140000 1538370000 2095 15
20181001140500 1538370300 2095 15
20181001141000 1538370600 2090 22
20181001141500 1538370900 2090 173
20181002090000 1538438400 2120 1
20181002093500 1538440500 2075 20
20181002094000 1538440800 2090 1
20181004090000 1538611200 2100 1
20181004092500 1538612700 2100 15
20181004093000 1538613000 2100 10
20181004093500 1538613300 2100 15
20181004094000 1538613600 2100 12
20181004094500 1538613900 2100 27
20181004095000 1538614200 2100 15
20181004095500 1538614500 2100 12
20181004100000 1538614800 2100 27
20181004100500 1538615100 2100 15
20181004101000 1538615400 2100 12
20181004101500 1538615700 2100 27
20181004102000 1538616000 2100 9
20181004102500 1538616300 2100 18
20181004103000 1538616600 2100 8
20181004103500 1538616900 2100 12
20181004104000 1538617200 2100 12
20181004104500 1538617500 2100 12
20181004105000 1538617800 2100 12
20181004105500 1538618100 2095 4
20181004110500 1538618700 2095 16
20181004111000 1538619000 2095 12
20181004111500 1538619300 2095 16
20181004112000 1538619600 2095 12
20181004112500 1538619900 2095 12
20181004113000 1538620200 2095 16
20181004113500 1538620500 2095 12
20181004114000 1538620800 2095 12
20181004114500 1538621100 2095 16
20181004115000 1538621400 2095 12
20181004115500 1538621700 2095 12
20181004120000 1538622000 2095 16
20181004120500 1538622300 2095 12
20181004121000 1538622600 2095 12
20181004121500 1538622900 2095 16
20181004122000 1538623200 2095 12
20181004122500 1538623500 2095 12
20181004123000 1538623800 2095 16
20181004123500 1538624100 2095 12
20181004124000 1538624400 2095 12
20181004124500 1538624700 2095 16
20181004125000 1538625000 2095 12
20181004125500 1538625300 2095 12
20181004130000 1538625600 2095 16
20181004130500 1538625900 2095 12
20181004131000 1538626200 2095 12
20181004131500 1538626500 2095 16
20181004132000 1538626800 2095 12
20181004132500 1538627100 2095 12
20181004133000 1538627400 2095 16
20181004133500 1538627700 2095 12
20181004134000 1538628000 2095 12
20181004134500 1538628300 2095 16
20181004135000 1538628600 2100 11
20181004135500 1538628900 2100 12
20181004140000 1538629200 2100 16
20181004140500 1538629500 2100 12
20181004141000 1538629800 2100 10
20181004141500 1538630100 2100 12
20181004142000 1538630400 2100 9
20181004142500 1538630700 2100 9
20181004143000 1538631000 2100 12
20181004143500 1538631300 2100 9
20181004144000 1538631600 2100 9
20181004144500 1538631900 2100 12
20181004145000 1538632200 2100 9
20181004145500 1538632500 2100 9
20181004150000 1538632800 2100 12
20181011090000 1539216000 2070 377
20181011091000 1539216600 2080 1
20181011092000 1539217200 2080 16
20181011092500 1539217500 2080 16
20181011093500 1539218100 2080 16
20181011094000 1539218400 2080 16
20181011094500 1539218700 2080 16
20181011095500 1539219300 2075 16
20181011100000 1539219600 2075 16
20181011100500 1539219900 2075 16
20181011101500 1539220500 2075 16
20181011102000 1539220800 2075 16
20181011103000 1539221400 2075 16
20181011103500 1539221700 2075 16
20181011104000 1539222000 2075 16
20181011105000 1539222600 2075 16
20181011105500 1539222900 2075 16
20181011110000 1539223200 2075 16
20181011111000 1539223800 2075 16
20181011111500 1539224100 2075 16
20181011112500 1539224700 2075 16
20181011113000 1539225000 2075 16
20181011113500 1539225300 2075 16
20181011114500 1539225900 2075 16
20181011115000 1539226200 2075 16
20181011115500 1539226500 2070 1000
20181011120000 1539226800 2075 16
20181011120500 1539227100 2075 16
20181011121000 1539227400 2075 16
20181011122000 1539228000 2080 128
20181011122500 1539228300 2080 16
20181011123000 1539228600 2080 2016
20181011124000 1539229200 2080 16
20181011124500 1539229500 2080 16
20181011125500 1539230100 2080 16
20181011130000 1539230400 2080 16
20181011130500 1539230700 2080 16
20181011131500 1539231300 2080 16
20181011132000 1539231600 2080 36
20181011133000 1539232200 2080 16
20181011133500 1539232500 2080 249
20181011134000 1539232800 2080 16
20181011135000 1539233400 2080 28
20181011135500 1539233700 2080 19
20181011140000 1539234000 2080 11
20181011140500 1539234300 2085 1
20181011142000 1539235200 2085 38
20181011142500 1539235500 2085 19
20181011143000 1539235800 2080 17
20181011144000 1539236400 2085 17
20181011144500 1539236700 2080 15
20181011145500 1539237300 2085 18
20181011150000 1539237600 2080 18
20181015090000 1539561600 2110 1
20181015091000 1539562200 2080 352
20181015091500 1539562500 2100 1
20181015153000 1539585000 2080 1700
20181016090000 1539648000 2120 1
20181016153000 1539671400 2100 1
20181017133000 1539750600 2095 1
20181017151500 1539756900 2090 28
20181018093500 1539822900 2120 1
20181019093000 1539909000 2080 1
20181019093500 1539909300 2120 1
20181022103500 1540172100 2100 1
20181022150000 1540188000 2080 1
20181023090000 1540252800 2120 1
20181025090000 1540425600 2100 51
20181025114500 1540435500 2090 2
20181025132000 1540441200 2060 2
20181025133000 1540441800 2085 1
20181025151000 1540447800 2080 111
20181025151500 1540448100 2090 690
20181025153000 1540449000 2090 1500
20181026094000 1540514400 2085 4
20181026094500 1540514700 2085 4
20181026095000 1540515000 2085 4
20181026095500 1540515300 2085 4
20181026100500 1540515900 2085 4
20181026101000 1540516200 2085 4
20181026101500 1540516500 2085 4
20181026102500 1540517100 2085 4
20181026103000 1540517400 2085 4
20181026103500 1540517700 2085 4
20181026104500 1540518300 2085 4
20181026105000 1540518600 2085 4
20181026105500 1540518900 2085 4
20181026110000 1540519200 2085 4
20181026111000 1540519800 2085 4
20181026111500 1540520100 2080 4
20181026112000 1540520400 2080 4
20181026113000 1540521000 2080 4
20181026113500 1540521300 2080 4
20181026114000 1540521600 2080 4
20181026114500 1540521900 2080 180
20181026115000 1540522200 2085 4
20181026115500 1540522500 2085 4
20181026120000 1540522800 2080 64
20181026121000 1540523400 2085 4
20181026121500 1540523700 2085 4
20181026122000 1540524000 2085 4
20181026122500 1540524300 2085 4
20181026123500 1540524900 2085 4
20181026124000 1540525200 2080 1324
20181026124500 1540525500 2070 2004
20181026125000 1540525800 2075 1
20181026130000 1540526400 2075 8
20181026130500 1540526700 2075 4
20181026131500 1540527300 2075 4
20181026132000 1540527600 2070 17
20181026132500 1540527900 2075 726
20181026133500 1540528500 2075 4
20181026134000 1540528800 2075 4
20181026134500 1540529100 2075 4
20181026135000 1540529400 2075 4
20181026140000 1540530000 2075 4
20181026140500 1540530300 2075 4
20181026141000 1540530600 2075 4
20181026141500 1540530900 2065 2000
20181026142000 1540531200 2075 4
20181026142500 1540531500 2075 4
20181026143000 1540531800 2075 4
20181026144000 1540532400 2075 4
20181026144500 1540532700 2075 4
20181026145000 1540533000 2075 4
20181026150000 1540533600 2075 4
20181029090000 1540771200 2070 1
20181029094500 1540773900 2070 5001
20181029145000 1540792200 2065 407
20181029145500 1540792500 2075 13
20181029151500 1540793700 2080 1089
20181030090500 1540857900 2075 6
20181030092500 1540859100 2075 6
20181030093500 1540859700 2075 6
20181030094000 1540860000 2075 6
20181030095000 1540860600 2075 6
20181030095500 1540860900 2075 6
20181030100500 1540861500 2075 6
20181030101000 1540861800 2075 6
20181030101500 1540862100 2075 18
20181030102500 1540862700 2070 213
20181030103000 1540863000 2070 1000
20181030104000 1540863600 2070 6
20181030104500 1540863900 2070 6
20181030105500 1540864500 2070 6
20181030110000 1540864800 2070 6
20181030110500 1540865100 2070 12
20181030111000 1540865400 2070 6
20181030111500 1540865700 2070 6
20181030112000 1540866000 2070 6
20181030113000 1540866600 2070 6
20181030113500 1540866900 2070 6
20181030114500 1540867500 2070 6
20181030115000 1540867800 2070 6
20181030120000 1540868400 2070 6
20181030120500 1540868700 2070 6
20181030121000 1540869000 2070 6
20181030122000 1540869600 2070 6
20181030122500 1540869900 2070 6
20181030123500 1540870500 2070 6
20181030124000 1540870800 2070 6
20181030125000 1540871400 2070 6
20181030125500 1540871700 2070 6
20181030130500 1540872300 2070 6
20181030131000 1540872600 2070 6
20181030131500 1540872900 2070 6
20181030132500 1540873500 2070 6
20181030133000 1540873800 2070 6
20181030134000 1540874400 2070 6
20181030134500 1540874700 2070 6
20181030135500 1540875300 2070 6
20181030140000 1540875600 2070 6
20181030140500 1540875900 2070 6
20181030141500 1540876500 2070 6
20181030142000 1540876800 2070 6
20181030143000 1540877400 2070 6
20181030143500 1540877700 2070 6
20181030144500 1540878300 2070 6
20181030145000 1540878600 2070 6
20181030145500 1540878900 2070 6
20181030151500 1540880100 2120 1160
20181031131000 1540959000 2060 9050
20181031132500 1540959900 2060 100
20181031134000 1540960800 2060 500
20181031135000 1540961400 2060 350
20181031135500 1540961700 2095 1
20181101091500 1541031300 2090 8
20181101092500 1541031900 2090 8
20181101093000 1541032200 2090 8
20181101093500 1541032500 2090 8
20181101094500 1541033100 2090 8
20181101095000 1541033400 2090 8
20181101100000 1541034000 2090 8
20181101100500 1541034300 2090 8
20181101101000 1541034600 2090 8
20181101102000 1541035200 2090 8
20181101102500 1541035500 2090 8
20181101103500 1541036100 2090 8
20181101104000 1541036400 2090 8
20181101104500 1541036700 2090 2108
20181101105500 1541037300 2090 8
20181101110000 1541037600 2090 8
20181101111000 1541038200 2090 8
20181101111500 1541038500 2090 8
20181101112000 1541038800 2090 8
20181101113000 1541039400 2090 8
20181101113500 1541039700 2090 8
20181101114000 1541040000 2090 8
20181101115000 1541040600 2090 8
20181101115500 1541040900 2090 8
20181101120500 1541041500 2090 8
20181101121000 1541041800 2090 8
20181101121500 1541042100 2090 8
20181101122500 1541042700 2090 8
20181101123000 1541043000 2090 8
20181101124000 1541043600 2090 8
20181101124500 1541043900 2090 8
20181101125000 1541044200 2090 8
20181101130000 1541044800 2090 8
20181101130500 1541045100 2090 8
20181101131500 1541045700 2090 8
20181101132000 1541046000 2090 8
20181101132500 1541046300 2090 8
20181101133500 1541046900 2090 8
20181101134000 1541047200 2090 8
20181101135000 1541047800 2090 8
20181101135500 1541048100 2090 8
20181101140000 1541048400 2090 8
20181101141000 1541049000 2090 8
20181101141500 1541049300 2090 8
20181101142500 1541049900 2090 8
20181101143000 1541050200 2090 8
20181101143500 1541050500 2090 8
20181101144500 1541051100 2090 8
20181101145000 1541051400 2090 8
20181101150000 1541052000 2090 8
20181105090000 1541376000 2105 1
20181106091500 1541463300 2050 6000
20181106094000 1541464800 2090 2
20181106113500 1541471700 2080 22
20181106135000 1541479800 2080 23
20181107092000 1541550000 2080 5
20181107092500 1541550300 2080 10
20181107093000 1541550600 2080 5
20181107093500 1541550900 2080 10
20181107094000 1541551200 2080 5
20181107094500 1541551500 2080 5
20181107095000 1541551800 2080 10
20181107095500 1541552100 2080 5
20181107100000 1541552400 2080 10
20181107100500 1541552700 2080 5
20181107101000 1541553000 2080 10
20181107101500 1541553300 2080 5
20181107102000 1541553600 2080 10
20181107102500 1541553900 2080 5
20181107103000 1541554200 2080 10
20181107103500 1541554500 2080 5
20181107104000 1541554800 2080 10
20181107104500 1541555100 2080 5
20181107105000 1541555400 2080 10
20181107105500 1541555700 2080 5
20181107110000 1541556000 2080 10
20181107110500 1541556300 2080 5
20181107111000 1541556600 2080 5
20181107111500 1541556900 2080 10
20181107112000 1541557200 2080 5
20181107112500 1541557500 2080 10
20181107113000 1541557800 2080 5
20181107113500 1541558100 2080 10
20181107114000 1541558400 2080 5
20181107114500 1541558700 2080 10
20181107115000 1541559000 2080 5
20181107115500 1541559300 2080 10
20181107120000 1541559600 2080 5
20181107120500 1541559900 2080 10
20181107121000 1541560200 2080 5
20181107121500 1541560500 2080 10
20181107122000 1541560800 2080 5
20181107122500 1541561100 2080 5
20181107123000 1541561400 2080 10
20181107123500 1541561700 2080 5
20181107124000 1541562000 2080 10
20181107124500 1541562300 2080 5
20181107125000 1541562600 2080 10
20181107125500 1541562900 2080 5
20181107130000 1541563200 2080 10
20181107130500 1541563500 2080 5
20181107131000 1541563800 2080 10
20181107131500 1541564100 2080 5
20181107132000 1541564400 2080 10
20181107132500 1541564700 2080 5
20181107133000 1541565000 2080 10
20181107133500 1541565300 2080 5
20181107134000 1541565600 2080 5
20181107134500 1541565900 2080 10
20181107135000 1541566200 2080 5
20181107135500 1541566500 2080 10
20181107140000 1541566800 2080 5
20181107140500 1541567100 2080 10
20181107141000 1541567400 2080 5
20181107141500 1541567700 2080 10
20181107142000 1541568000 2080 5
20181107142500 1541568300 2080 10
20181107143000 1541568600 2080 5
20181107143500 1541568900 2080 10
20181107144000 1541569200 2080 5
20181107144500 1541569500 2080 10
20181107145000 1541569800 2080 5
20181107145500 1541570100 2080 5
20181107150000 1541570400 2080 5
20181112090000 1541980800 2055 5
20181112091000 1541981400 2090 1
20181112094000 1541983200 2080 4
20181112094500 1541983500 2080 2
20181112095000 1541983800 2080 4
20181112095500 1541984100 2080 2
20181112100000 1541984400 2080 4
20181112100500 1541984700 2080 2
20181112101000 1541985000 2080 12
20181112101500 1541985300 2080 2
20181112102000 1541985600 2080 4
20181112102500 1541985900 2080 2
20181112103000 1541986200 2080 4
20181112103500 1541986500 2085 37
20181112104000 1541986800 2085 4
20181112104500 1541987100 2080 717
20181112110000 1541988000 2080 2
20181112110500 1541988300 2080 2
20181112111000 1541988600 2080 4
20181112111500 1541988900 2080 2
20181112112000 1541989200 2080 4
20181112112500 1541989500 2080 10
20181112113000 1541989800 2080 4
20181112113500 1541990100 2080 2
20181112114000 1541990400 2080 2
20181112114500 1541990700 2080 4
20181112115000 1541991000 2080 2
20181112115500 1541991300 2080 4
20181112120000 1541991600 2080 2
20181112120500 1541991900 2080 4
20181112121000 1541992200 2080 2
20181112121500 1541992500 2080 4
20181112122000 1541992800 2080 2
20181112122500 1541993100 2080 4
20181112123000 1541993400 2080 2
20181112123500 1541993700 2080 4
20181112124000 1541994000 2080 2
20181112124500 1541994300 2080 4
20181112125000 1541994600 2080 2
20181112125500 1541994900 2080 4
20181112130000 1541995200 2080 2
20181112130500 1541995500 2080 4
20181112131000 1541995800 2080 2
20181112131500 1541996100 2080 4
20181112132000 1541996400 2080 2
20181112132500 1541996700 2080 4
20181112133000 1541997000 2080 2
20181112133500 1541997300 2080 4
20181112134000 1541997600 2080 2
20181112134500 1541997900 2080 4
20181112135000 1541998200 2080 2
20181112135500 1541998500 2080 4
20181112140000 1541998800 2080 2
20181112140500 1541999100 2080 4
20181112141000 1541999400 2080 2
20181112141500 1541999700 2080 4
20181112142000 1542000000 2080 2
20181112142500 1542000300 2080 4
20181112143000 1542000600 2080 2
20181112143500 1542000900 2080 4
20181112144000 1542001200 2080 2
20181112144500 1542001500 2080 4
20181112145000 1542001800 2080 2
20181112145500 1542002100 2080 4
20181112153000 1542004200 2075 1
20181113090500 1542067500 2090 1
20181113092500 1542068700 2090 8
20181113093000 1542069000 2090 12
20181113094000 1542069600 2090 12
20181113094500 1542069900 2090 8
20181113095000 1542070200 2090 4
20181113095500 1542070500 2080 13
20181113100000 1542070800 2080 3
20181113100500 1542071100 2080 112
20181113101000 1542071400 2080 6
20181113101500 1542071700 2080 8
20181113102000 1542072000 2080 8
20181113102500 1542072300 2080 6
20181113103000 1542072600 2080 8
20181113103500 1542072900 2080 8
20181113104000 1542073200 2080 6
20181113104500 1542073500 2080 18
20181113105000 1542073800 2080 8
20181113105500 1542074100 2080 6
20181113110000 1542074400 2080 8
20181113110500 1542074700 2080 8
20181113111000 1542075000 2080 6
20181113111500 1542075300 2080 8
20181113112000 1542075600 2080 8
20181113112500 1542075900 2080 8
20181113113000 1542076200 2080 6
20181113113500 1542076500 2080 8
20181113114000 1542076800 2080 8
20181113114500 1542077100 2080 6
20181113115000 1542077400 2080 8
20181113115500 1542077700 2080 8
20181113120000 1542078000 2080 6
20181113120500 1542078300 2080 8
20181113121000 1542078600 2080 8
20181113121500 1542078900 2080 6
20181113122000 1542079200 2080 8
20181113122500 1542079500 2080 8
20181113123000 1542079800 2080 6
20181113123500 1542080100 2080 8
20181113124000 1542080400 2080 7
20181113124500 1542080700 2080 3
20181113125000 1542081000 2080 4
20181113125500 1542081300 2080 4
20181113130000 1542081600 2080 4
20181113130500 1542081900 2080 3
20181113131000 1542082200 2080 4
20181113131500 1542082500 2080 4
20181113132000 1542082800 2080 3
20181113132500 1542083100 2080 4
20181113133000 1542083400 2080 4
20181113133500 1542083700 2080 3
20181113134000 1542084000 2080 4
20181113134500 1542084300 2080 4
20181113135000 1542084600 2080 3
20181113135500 1542084900 2080 4
20181113140000 1542085200 2080 4
20181113140500 1542085500 2080 3
20181113141000 1542085800 2080 4
20181113141500 1542086100 2080 4
20181113142000 1542086400 2080 3
20181113142500 1542086700 2080 4
20181113143000 1542087000 2080 4
20181113143500 1542087300 2080 3
20181113144000 1542087600 2080 4
20181113144500 1542087900 2080 4
20181113145000 1542088200 2080 4
20181113145500 1542088500 2080 3
20181114114000 1542163200 2080 27
20181114114500 1542163500 2080 18
20181114115000 1542163800 2080 1
20181114120500 1542164700 2080 2
20181114121000 1542165000 2080 1
20181114121500 1542165300 2080 1
20181114122000 1542165600 2080 2
20181114122500 1542165900 2080 1
20181114123000 1542166200 2080 2
20181114123500 1542166500 2080 1
20181114124000 1542166800 2080 1
20181114124500 1542167100 2080 2
20181114125000 1542167400 2080 1
20181114125500 1542167700 2080 2
20181114130000 1542168000 2080 1
20181114130500 1542168300 2080 2
20181114131000 1542168600 2080 1
20181114131500 1542168900 2080 1
20181114132000 1542169200 2080 2
20181114132500 1542169500 2080 1
20181114133000 1542169800 2080 2
20181114133500 1542170100 2080 4
20181114134000 1542170400 2080 1
20181115100500 1542243900 2090 1
20181115131500 1542255300 2080 1
20181115132500 1542255900 2085 1
20181115150000 1542261600 2080 335
20181126090000 1543190400 2090 5
20181126153000 1543213800 2065 1
20181127090000 1543276800 2055 500
20181127090500 1543277100 2065 479
20181127092500 1543278300 2065 999
20181127102500 1543281900 2040 1912
20181127103500 1543282500 2065 1
20181127134500 1543293900 2060 248
20181127135500 1543294500 2065 1
20181128111500 1543371300 2040 490
20181128112000 1543371600 2065 1
20181129130000 1543464000 2065 2
20181129130500 1543464300 2065 10
20181129131000 1543464600 2065 4
20181129131500 1543464900 2065 14
20181129132000 1543465200 2065 6
20181129132500 1543465500 2065 8
20181129133000 1543465800 2065 10
20181129133500 1543466100 2065 4
20181129134000 1543466400 2065 14
20181129134500 1543466700 2065 6
20181129135000 1543467000 2065 8
20181129135500 1543467300 2065 10
20181129140000 1543467600 2065 6
20181129140500 1543467900 2065 12
20181129141000 1543468200 2065 6
20181129141500 1543468500 2065 8
20181129142000 1543468800 2065 14
20181129142500 1543469100 2065 2
20181129143000 1543469400 2065 12
20181129143500 1543469700 2065 6
20181129144000 1543470000 2065 8
20181129144500 1543470300 2065 14
20181129145000 1543470600 2065 2
20181129145500 1543470900 2065 14
20181130090000 1543536000 2085 1
20181130092500 1543537500 2085 2
20181130093000 1543537800 2055 824
20181130093500 1543538100 2085 2
20181130094000 1543538400 2085 2
20181130094500 1543538700 2085 2
20181130095500 1543539300 2085 2
20181130100000 1543539600 2085 2
20181130100500 1543539900 2080 2
20181130101500 1543540500 2080 2
20181130102000 1543540800 2080 2
20181130102500 1543541100 2080 2
20181130103500 1543541700 2080 2
20181130104000 1543542000 2080 2
20181130105000 1543542600 2080 2
20181130105500 1543542900 2080 2
20181130110000 1543543200 2080 2
20181130111000 1543543800 2080 2
20181130111500 1543544100 2080 2
20181130112000 1543544400 2080 2
20181130113000 1543545000 2080 2
20181130113500 1543545300 2080 2
20181130114000 1543545600 2080 2
20181130115000 1543546200 2080 2
20181130115500 1543546500 2080 2
20181130120000 1543546800 2080 2
20181130121000 1543547400 2080 2
20181130121500 1543547700 2080 2
20181130122000 1543548000 2080 2
20181130123000 1543548600 2080 2
20181130123500 1543548900 2080 2
20181130124000 1543549200 2080 2
20181130125000 1543549800 2080 2
20181130125500 1543550100 2080 2
20181130130500 1543550700 2080 2
20181130131000 1543551000 2080 2
20181130131500 1543551300 2080 2
20181130132500 1543551900 2080 2
20181130133000 1543552200 2080 2
20181130133500 1543552500 2080 2
20181130134500 1543553100 2080 2
20181130135000 1543553400 2080 2
20181130135500 1543553700 2080 2
20181130140500 1543554300 2080 2
20181130141000 1543554600 2080 2
20181130141500 1543554900 2080 2
20181130142500 1543555500 2080 2
20181130143000 1543555800 2080 2
20181130143500 1543556100 2080 2
20181130144500 1543556700 2080 2
20181130145000 1543557000 2080 2
20181130150000 1543557600 2080 2
20181203090000 1543795200 2085 1
20181203093000 1543797000 2085 2
20181203094000 1543797600 2085 2
20181203094500 1543797900 2085 2
20181203095000 1543798200 2085 2
20181203100000 1543798800 2085 2
20181203100500 1543799100 2085 2
20181203101000 1543799400 2085 2
20181203102000 1543800000 2085 2
20181203102500 1543800300 2085 2
20181203103000 1543800600 2085 2
20181203104000 1543801200 2085 2
20181203104500 1543801500 2085 2
20181203105000 1543801800 2085 2
20181203110000 1543802400 2085 2
20181203110500 1543802700 2085 2
20181203111000 1543803000 2085 2
20181203112000 1543803600 2085 2
20181203112500 1543803900 2085 2
20181203113000 1543804200 2085 2
20181203114000 1543804800 2085 2
20181203114500 1543805100 2055 1002
20181203115000 1543805400 2085 1002
20181203120000 1543806000 2085 2
20181203120500 1543806300 2085 2
20181203121000 1543806600 2085 2
20181203122000 1543807200 2085 2
20181203122500 1543807500 2085 2
20181203123000 1543807800 2085 2
20181203124000 1543808400 2085 2
20181203124500 1543808700 2085 2
20181203125000 1543809000 2085 2
20181203130000 1543809600 2085 2
20181203130500 1543809900 2085 2
20181203131000 1543810200 2085 2
20181203132000 1543810800 2085 2
20181203132500 1543811100 2085 2
20181203133000 1543811400 2085 2
20181203134000 1543812000 2085 2
20181203134500 1543812300 2085 2
20181203135000 1543812600 2085 2
20181203140000 1543813200 2085 2
20181203140500 1543813500 2085 2
20181203141000 1543813800 2085 2
20181203142000 1543814400 2085 2
20181203142500 1543814700 2085 2
20181203143000 1543815000 2085 2
20181203144000 1543815600 2085 2
20181203144500 1543815900 2085 2
20181203145000 1543816200 2085 2
20181203150000 1543816800 2085 2
20181204090000 1543881600 2090 1
20181204093000 1543883400 2090 2
20181204095500 1543884900 2090 1
20181204100000 1543885200 2090 1
20181204100500 1543885500 2090 1
20181204101000 1543885800 2090 2
20181204101500 1543886100 2090 1
20181204102000 1543886400 2090 3
20181204102500 1543886700 2090 1
20181204103000 1543887000 2090 2
20181204103500 1543887300 2090 1
20181204104000 1543887600 2090 3
20181204104500 1543887900 2090 2
20181204105000 1543888200 2090 1
20181204105500 1543888500 2090 2
20181204110000 1543888800 2090 1
20181204110500 1543889100 2090 2
20181204111000 1543889400 2090 1
20181204111500 1543889700 2090 2
20181204112000 1543890000 2090 1
20181204112500 1543890300 2090 2
20181204113000 1543890600 2090 1
20181204113500 1543890900 2090 2
20181204114000 1543891200 2090 1
20181204114500 1543891500 2090 2
20181204115000 1543891800 2090 1
20181204115500 1543892100 2090 2
20181204120000 1543892400 2090 1
20181204120500 1543892700 2090 2
20181204121000 1543893000 2090 1
20181204121500 1543893300 2090 2
20181204122000 1543893600 2090 1
20181204122500 1543893900 2090 2
20181204123000 1543894200 2090 1
20181204123500 1543894500 2090 2
20181204124000 1543894800 2090 1
20181204124500 1543895100 2090 2
20181204125000 1543895400 2090 2
20181204125500 1543895700 2090 1
20181204130000 1543896000 2090 2
20181204130500 1543896300 2085 2
20181204131000 1543896600 2085 2
20181204131500 1543896900 2080 2
20181204132000 1543897200 2085 2
20181204132500 1543897500 2085 1
20181204133000 1543897800 2085 2
20181204133500 1543898100 2085 1
20181204134000 1543898400 2085 2
20181204134500 1543898700 2085 1
20181204135000 1543899000 2085 2
20181204135500 1543899300 2085 1
20181204140000 1543899600 2085 2
20181204140500 1543899900 2085 1
20181204141000 1543900200 2085 2
20181204141500 1543900500 2085 1
20181204142000 1543900800 2085 2
20181204142500 1543901100 2085 1
20181204143000 1543901400 2085 2
20181204143500 1543901700 2085 1
20181204144000 1543902000 2085 2
20181204144500 1543902300 2085 1
20181204145000 1543902600 2085 2
20181204145500 1543902900 2085 5
20181206091000 1544055000 2090 1
20181206142000 1544073600 2050 2600
20181206144000 1544074800 2080 1
20181207091500 1544141700 2080 1
20181207092000 1544142000 2080 2
20181207092500 1544142300 2080 1
20181207093000 1544142600 2080 1
20181207093500 1544142900 2080 2
20181207094000 1544143200 2080 1
20181207094500 1544143500 2080 1
20181207095000 1544143800 2080 2
20181207095500 1544144100 2080 1
20181207100000 1544144400 2080 2
20181207100500 1544144700 2080 1
20181207101000 1544145000 2080 1
20181207101500 1544145300 2080 2
20181207102000 1544145600 2080 1
20181207102500 1544145900 2080 1
20181207103000 1544146200 2080 2
20181207103500 1544146500 2080 1
20181207104000 1544146800 2080 2
20181207104500 1544147100 2080 1
20181207105000 1544147400 2080 1
20181207105500 1544147700 2080 2
20181207110000 1544148000 2080 1
20181207110500 1544148300 2080 1
20181207111000 1544148600 2080 2
20181207111500 1544148900 2080 1
20181207112000 1544149200 2080 2
20181207112500 1544149500 2080 1
20181207113000 1544149800 2080 1
20181207113500 1544150100 2080 2
20181207114000 1544150400 2080 1
20181207114500 1544150700 2080 1
20181207115000 1544151000 2080 2
20181207115500 1544151300 2080 1
20181207120000 1544151600 2080 2
20181207120500 1544151900 2080 1
20181207121000 1544152200 2080 1
20181207121500 1544152500 2080 2
20181207122000 1544152800 2080 1
20181207122500 1544153100 2080 1
20181207123000 1544153400 2080 2
20181207123500 1544153700 2080 1
20181207124000 1544154000 2080 2
20181207124500 1544154300 2080 1
20181207125000 1544154600 2080 1
20181207125500 1544154900 2080 2
20181207130000 1544155200 2080 1
20181207130500 1544155500 2080 1
20181207131000 1544155800 2080 2
20181207131500 1544156100 2080 1
20181207132000 1544156400 2080 2
20181207132500 1544156700 2080 1
20181207133000 1544157000 2080 1
20181207133500 1544157300 2080 2
20181207134000 1544157600 2080 1
20181207134500 1544157900 2080 1
20181207135000 1544158200 2080 2
20181207135500 1544158500 2080 1
20181207140000 1544158800 2080 2
20181207140500 1544159100 2080 1
20181207141000 1544159400 2080 1
20181207141500 1544159700 2080 2
20181207142000 1544160000 2080 1
20181207142500 1544160300 2080 1
20181207143000 1544160600 2080 2
20181207143500 1544160900 2080 1
20181207144000 1544161200 2080 2
20181207144500 1544161500 2080 1
20181207145000 1544161800 2080 1
20181207145500 1544162100 2080 2
20181207150000 1544162400 2080 1
20181210090000 1544400000 2095 1
20181211102000 1544491200 2070 219
20181211102500 1544491500 2070 272
20181211103000 1544491800 2050 1217
20181211103500 1544492100 2050 218
20181211104000 1544492400 2050 271
20181211104500 1544492700 2050 218
20181211105000 1544493000 2050 271
20181211105500 1544493300 2050 272
20181211110000 1544493600 2050 272
20181211110500 1544493900 2050 218
20181211111000 1544494200 2090 219
20181211111500 1544494500 2050 271
20181211112000 1544494800 2080 1
20181211112500 1544495100 2050 543
20181211113000 1544495400 2050 163
20181211113500 1544495700 2050 217
20181211114000 1544496000 2050 218
20181211114500 1544496300 2050 164
20181211115000 1544496600 2050 488
20181211115500 1544496900 2050 272
20181211120000 1544497200 2050 217
20181211121000 1544497800 2050 164
20181211121500 1544498100 2050 271
20181211122000 1544498400 2050 598
20181211123000 1544499000 2050 380
20181211123500 1544499300 2050 55
20181211124000 1544499600 2050 271
20181211124500 1544499900 2050 218
20181211125000 1544500200 2050 543
20181211125500 1544500500 2050 163
20181211130000 1544500800 2050 381
20181211130500 1544501100 2085 55
20181211131000 1544501400 2050 435
20181211131500 1544501700 2085 273
20181211132500 1544502300 2050 434
20181211133000 1544502600 2050 631
20181211133500 1544502900 2050 381
20181211134000 1544503200 2050 218
20181211134500 1544503500 2050 109
20181211135000 1544503800 2050 434
20181211135500 1544504100 2085 218
20181211140000 1544504400 2085 165
20181212093000 1544574600 2085 4
20181212103000 1544578200 2085 4
20181212103500 1544578500 2085 4
20181212104000 1544578800 2085 4
20181212105000 1544579400 2085 4
20181212105500 1544579700 2085 4
20181212110000 1544580000 2085 4
20181212110500 1544580300 2080 32
20181212115500 1544583300 2080 4
20181212120500 1544583900 2080 4
20181212121000 1544584200 2080 4
20181212121500 1544584500 2080 4
20181212122500 1544585100 2080 4
20181212123000 1544585400 2080 4
20181212123500 1544585700 2080 4
20181212124500 1544586300 2080 4
20181212125000 1544586600 2080 4
20181212125500 1544586900 2080 4
20181212130500 1544587500 2080 4
20181212131000 1544587800 2080 4
20181212131500 1544588100 2080 4
20181212132500 1544588700 2080 4
20181212133000 1544589000 2080 4
20181212133500 1544589300 2080 4
20181212134500 1544589900 2080 4
20181212135000 1544590200 2080 4
20181212135500 1544590500 2080 4
20181212140500 1544591100 2080 4
20181212141000 1544591400 2080 4
20181212141500 1544591700 2075 28
20181212145500 1544594100 2075 4
20181212150000 1544594400 2075 24
20181219090000 1545177600 2065 1
20181219091500 1545178500 2065 1
20181219092000 1545178800 2065 501
20181220125000 1545277800 2030 1000
20181220130500 1545278700 2030 2
20181220140000 1545282000 2060 1
20181221094500 1545353100 2030 883
20181221102500 1545355500 2060 1
20181224090000 1545609600 2065 1
20181227094000 1545871200 2050 30
20181227095500 1545872100 2055 10
20181228105000 1545961800 2030 1114
20181228133000 1545971400 2030 3151
20181228145000 1545976200 2030 1873
20181228153000 1545978600 2065 50
20190102112000 1546395600 2030 10
20190102124000 1546400400 2060 1
20190103091000 1546474200 2065 12
20190107090000 1546819200 2065 1
20190107151500 1546841700 2065 201
20190111125500 1547178900 2065 1
20190111132500 1547180700 2065 3
20190114104500 1547430300 2030 1
20190114105000 1547430600 2065 1
20190115093500 1547512500 2060 1001
20190116092000 1547598000 2050 619
20190116121500 1547608500 2050 490
20190116122000 1547608800 2050 9
20190116131500 1547612100 2060 1
20190118090000 1547769600 2065 1
20190122123500 1548128100 2050 1000
20190122130000 1548129600 2050 1000
20190122132500 1548131100 2060 1
20190124142000 1548307200 2025 275
20190124145000 1548309000 2060 1
20190124151500 1548310500 2065 90
20190125101500 1548378900 2060 5
20190125151500 1548396900 2065 250
20190128110500 1548641100 2065 399
20190129111000 1548727800 2065 474
20190130094500 1548809100 2050 369
20190130095500 1548809700 2065 633
20190130153000 1548829800 2065 361
20190131090000 1548892800 2050 300
20190131090500 1548893100 2065 1
20190131111500 1548900900 2085 2398
20190131114500 1548902700 2050 1438
20190131121500 1548904500 2060 1
20190131125000 1548906600 2065 1
20190131142000 1548912000 2060 959
20190131142500 1548912300 2065 1
20190131153000 1548916200 2065 336
20190201094500 1548981900 2045 1200
20190201095500 1548982500 2065 1
20190207095500 1549500900 2065 1000
20190208102000 1549588800 2065 1
20190208134000 1549600800 2065 2000
20190208134500 1549601100 2065 2000
20190211110500 1549850700 2065 2000
20190212093500 1549931700 2065 800
20190212120500 1549940700 2045 5
20190212122500 1549941900 2065 1
20190212123000 1549942200 2140 400
20190212123500 1549942500 2120 4
20190213091000 1550016600 2080 500
20190213101000 1550020200 2050 315
20190213103000 1550021400 2080 1
20190214143000 1550122200 2080 3
20190218125500 1550462100 2075 10
20190218153000 1550471400 2075 2001
20190219151500 1550556900 2080 1
20190221153000 1550730600 2065 5
20190222090000 1550793600 2075 1
20190226150000 1551160800 2040 200
